,,All people aged 16 and over,Born in the UK,Born outside the UK: Total,Born outside the UK: Resident less than 2 years,Born outside the UK: Resident 2 years or more and less than 5 years,Born outside the UK: Resident 5 years or more and less then 10 years,Born outside the UK: Resident 10 years or more
S92000003,All people aged 16 and over,4379072,4044246,334826,70977,67408,60984,135457
S92000003,No qualifications,1173116,1121446,51670,5756,7820,6726,31368
S92000003,Level 1,1010875,952880,57995,12506,13036,10193,22260
S92000003,Level 2,627423,598457,28966,5652,4979,4522,13813
S92000003,Level 3,424996,392629,32367,6204,7510,6662,11991
S92000003,Level 4 and above,1142662,978834,163828,40859,34063,32881,56025
S01006506,All people aged 16 and over,749,675,74,18,20,12,24
S01006506,No qualifications,115,112,3,1,0,0,2
S01006506,Level 1,143,137,6,1,2,1,2
S01006506,Level 2,94,92,2,0,0,1,1
S01006506,Level 3,77,68,9,3,4,0,2
S01006506,Level 4 and above,320,266,54,13,14,10,17
S01006507,All people aged 16 and over,696,637,59,9,6,12,32
S01006507,No qualifications,207,197,10,0,2,1,7
S01006507,Level 1,166,161,5,0,0,2,3
S01006507,Level 2,83,78,5,0,0,1,4
S01006507,Level 3,60,52,8,1,1,0,6
S01006507,Level 4 and above,180,149,31,8,3,8,12
S01006508,All people aged 16 and over,552,501,51,9,9,16,17
S01006508,No qualifications,53,50,3,1,1,0,1
S01006508,Level 1,126,116,10,1,2,2,5
S01006508,Level 2,69,65,4,1,0,2,1
S01006508,Level 3,87,78,9,3,1,2,3
S01006508,Level 4 and above,217,192,25,3,5,10,7
S01006509,All people aged 16 and over,479,448,31,8,6,7,10
S01006509,No qualifications,127,126,1,0,0,0,1
S01006509,Level 1,113,108,5,1,1,1,2
S01006509,Level 2,58,56,2,0,0,0,2
S01006509,Level 3,52,52,0,0,0,0,0
S01006509,Level 4 and above,129,106,23,7,5,6,5
S01006510,All people aged 16 and over,549,520,29,5,4,3,17
S01006510,No qualifications,174,172,2,1,0,1,0
S01006510,Level 1,118,115,3,1,0,0,2
S01006510,Level 2,81,78,3,0,0,0,3
S01006510,Level 3,38,36,2,0,1,0,1
S01006510,Level 4 and above,138,119,19,3,3,2,11
S01006511,All people aged 16 and over,633,587,46,8,5,3,30
S01006511,No qualifications,112,107,5,0,0,0,5
S01006511,Level 1,138,133,5,1,0,0,4
S01006511,Level 2,90,84,6,0,0,0,6
S01006511,Level 3,60,56,4,0,3,0,1
S01006511,Level 4 and above,233,207,26,7,2,3,14
S01006512,All people aged 16 and over,360,313,47,7,6,9,25
S01006512,No qualifications,46,43,3,2,0,1,0
S01006512,Level 1,64,55,9,1,1,3,4
S01006512,Level 2,48,45,3,0,0,0,3
S01006512,Level 3,20,18,2,1,0,0,1
S01006512,Level 4 and above,182,152,30,3,5,5,17
S01006513,All people aged 16 and over,529,477,52,4,8,10,30
S01006513,No qualifications,102,99,3,1,0,0,2
S01006513,Level 1,74,68,6,1,1,4,0
S01006513,Level 2,53,52,1,0,0,0,1
S01006513,Level 3,62,59,3,1,0,0,2
S01006513,Level 4 and above,238,199,39,1,7,6,25
S01006514,All people aged 16 and over,809,644,165,47,35,15,68
S01006514,No qualifications,102,93,9,1,1,3,4
S01006514,Level 1,97,81,16,7,1,2,6
S01006514,Level 2,102,91,11,5,2,0,4
S01006514,Level 3,65,54,11,3,2,0,6
S01006514,Level 4 and above,443,325,118,31,29,10,48
S01006515,All people aged 16 and over,569,484,85,17,19,14,35
S01006515,No qualifications,38,32,6,1,1,2,2
S01006515,Level 1,84,78,6,1,1,1,3
S01006515,Level 2,84,76,8,1,0,1,6
S01006515,Level 3,61,53,8,0,3,3,2
S01006515,Level 4 and above,302,245,57,14,14,7,22
S01006516,All people aged 16 and over,452,346,106,26,19,16,45
S01006516,No qualifications,44,42,2,0,0,2,0
S01006516,Level 1,59,42,17,11,3,0,3
S01006516,Level 2,68,62,6,1,2,0,3
S01006516,Level 3,36,28,8,0,4,1,3
S01006516,Level 4 and above,245,172,73,14,10,13,36
S01006517,All people aged 16 and over,808,716,92,9,22,8,53
S01006517,No qualifications,81,75,6,0,1,0,5
S01006517,Level 1,117,112,5,0,0,0,5
S01006517,Level 2,124,121,3,0,0,1,2
S01006517,Level 3,67,57,10,0,5,2,3
S01006517,Level 4 and above,419,351,68,9,16,5,38
S01006518,All people aged 16 and over,514,447,67,10,7,10,40
S01006518,No qualifications,24,21,3,1,0,1,1
S01006518,Level 1,77,69,8,0,0,2,6
S01006518,Level 2,55,53,2,0,0,0,2
S01006518,Level 3,30,29,1,0,1,0,0
S01006518,Level 4 and above,328,275,53,9,6,7,31
S01006519,All people aged 16 and over,675,556,119,23,20,18,58
S01006519,No qualifications,74,65,9,1,0,2,6
S01006519,Level 1,100,80,20,8,2,6,4
S01006519,Level 2,76,67,9,0,1,0,8
S01006519,Level 3,70,54,16,5,5,1,5
S01006519,Level 4 and above,355,290,65,9,12,9,35
S01006520,All people aged 16 and over,505,379,126,38,32,22,34
S01006520,No qualifications,12,11,1,0,1,0,0
S01006520,Level 1,65,50,15,1,4,4,6
S01006520,Level 2,54,48,6,0,0,2,4
S01006520,Level 3,42,32,10,1,5,1,3
S01006520,Level 4 and above,332,238,94,36,22,15,21
S01006521,All people aged 16 and over,513,423,90,30,21,9,30
S01006521,No qualifications,29,26,3,1,1,0,1
S01006521,Level 1,51,42,9,4,1,2,2
S01006521,Level 2,70,66,4,1,2,0,1
S01006521,Level 3,41,39,2,0,0,0,2
S01006521,Level 4 and above,322,250,72,24,17,7,24
S01006522,All people aged 16 and over,438,385,53,6,14,12,21
S01006522,No qualifications,26,24,2,0,0,2,0
S01006522,Level 1,44,41,3,0,0,1,2
S01006522,Level 2,39,37,2,0,0,0,2
S01006522,Level 3,32,31,1,0,0,0,1
S01006522,Level 4 and above,297,252,45,6,14,9,16
S01006523,All people aged 16 and over,766,663,103,18,14,9,62
S01006523,No qualifications,69,62,7,0,1,0,6
S01006523,Level 1,110,102,8,2,1,0,5
S01006523,Level 2,75,65,10,1,0,1,8
S01006523,Level 3,58,50,8,2,1,0,5
S01006523,Level 4 and above,454,384,70,13,11,8,38
S01006524,All people aged 16 and over,772,621,151,35,23,20,73
S01006524,No qualifications,166,160,6,0,0,1,5
S01006524,Level 1,105,85,20,5,3,5,7
S01006524,Level 2,69,61,8,1,1,3,3
S01006524,Level 3,59,44,15,3,4,0,8
S01006524,Level 4 and above,373,271,102,26,15,11,50
S01006525,All people aged 16 and over,650,539,111,21,18,20,52
S01006525,No qualifications,71,70,1,0,0,0,1
S01006525,Level 1,97,83,14,3,4,1,6
S01006525,Level 2,84,72,12,2,1,1,8
S01006525,Level 3,60,55,5,1,1,1,2
S01006525,Level 4 and above,338,259,79,15,12,17,35
S01006526,All people aged 16 and over,784,680,104,30,38,12,24
S01006526,No qualifications,209,203,6,0,4,1,1
S01006526,Level 1,190,182,8,2,2,0,4
S01006526,Level 2,118,106,12,2,6,1,3
S01006526,Level 3,82,73,9,4,2,1,2
S01006526,Level 4 and above,185,116,69,22,24,9,14
S01006527,All people aged 16 and over,559,496,63,21,17,14,11
S01006527,No qualifications,176,169,7,2,1,3,1
S01006527,Level 1,156,150,6,3,1,1,1
S01006527,Level 2,63,58,5,0,0,4,1
S01006527,Level 3,37,34,3,2,0,1,0
S01006527,Level 4 and above,127,85,42,14,15,5,8
S01006528,All people aged 16 and over,876,675,201,92,61,26,22
S01006528,No qualifications,205,201,4,0,2,0,2
S01006528,Level 1,191,172,19,8,8,2,1
S01006528,Level 2,122,106,16,1,11,2,2
S01006528,Level 3,84,75,9,5,1,3,0
S01006528,Level 4 and above,274,121,153,78,39,19,17
S01006529,All people aged 16 and over,790,630,160,69,44,24,23
S01006529,No qualifications,172,153,19,0,4,4,11
S01006529,Level 1,149,139,10,3,2,1,4
S01006529,Level 2,121,111,10,4,3,1,2
S01006529,Level 3,79,68,11,5,4,1,1
S01006529,Level 4 and above,269,159,110,57,31,17,5
S01006530,All people aged 16 and over,671,596,75,29,14,5,27
S01006530,No qualifications,200,195,5,0,1,0,4
S01006530,Level 1,149,140,9,3,1,0,5
S01006530,Level 2,94,90,4,0,0,0,4
S01006530,Level 3,57,55,2,0,0,0,2
S01006530,Level 4 and above,171,116,55,26,12,5,12
S01006531,All people aged 16 and over,811,688,123,35,43,23,22
S01006531,No qualifications,253,236,17,1,8,5,3
S01006531,Level 1,208,184,24,15,4,1,4
S01006531,Level 2,100,97,3,1,1,1,0
S01006531,Level 3,91,65,26,4,12,6,4
S01006531,Level 4 and above,159,106,53,14,18,10,11
S01006532,All people aged 16 and over,644,579,65,18,14,7,26
S01006532,No qualifications,113,113,0,0,0,0,0
S01006532,Level 1,117,108,9,3,4,0,2
S01006532,Level 2,95,94,1,0,0,1,0
S01006532,Level 3,65,59,6,2,1,2,1
S01006532,Level 4 and above,254,205,49,13,9,4,23
S01006533,All people aged 16 and over,594,524,70,20,14,6,30
S01006533,No qualifications,51,49,2,0,0,2,0
S01006533,Level 1,83,75,8,1,4,0,3
S01006533,Level 2,85,82,3,0,1,0,2
S01006533,Level 3,43,35,8,4,1,0,3
S01006533,Level 4 and above,332,283,49,15,8,4,22
S01006534,All people aged 16 and over,729,639,90,35,8,17,30
S01006534,No qualifications,59,57,2,0,0,2,0
S01006534,Level 1,97,87,10,1,0,3,6
S01006534,Level 2,86,81,5,3,0,0,2
S01006534,Level 3,70,61,9,4,1,1,3
S01006534,Level 4 and above,417,353,64,27,7,11,19
S01006535,All people aged 16 and over,912,754,158,46,36,28,48
S01006535,No qualifications,59,55,4,0,1,1,2
S01006535,Level 1,126,110,16,5,4,3,4
S01006535,Level 2,124,107,17,3,1,5,8
S01006535,Level 3,111,101,10,2,2,2,4
S01006535,Level 4 and above,492,381,111,36,28,17,30
S01006536,All people aged 16 and over,920,735,185,53,57,30,45
S01006536,No qualifications,57,44,13,4,2,0,7
S01006536,Level 1,126,109,17,6,6,1,4
S01006536,Level 2,145,132,13,3,3,2,5
S01006536,Level 3,114,103,11,4,3,1,3
S01006536,Level 4 and above,478,347,131,36,43,26,26
S01006537,All people aged 16 and over,638,593,45,6,8,9,22
S01006537,No qualifications,86,81,5,0,1,2,2
S01006537,Level 1,109,101,8,1,1,2,4
S01006537,Level 2,84,83,1,0,0,0,1
S01006537,Level 3,66,63,3,0,0,0,3
S01006537,Level 4 and above,293,265,28,5,6,5,12
S01006538,All people aged 16 and over,480,448,32,1,7,6,18
S01006538,No qualifications,52,51,1,1,0,0,0
S01006538,Level 1,73,70,3,0,1,2,0
S01006538,Level 2,68,65,3,0,0,0,3
S01006538,Level 3,57,55,2,0,0,0,2
S01006538,Level 4 and above,230,207,23,0,6,4,13
S01006539,All people aged 16 and over,626,574,52,5,10,4,33
S01006539,No qualifications,94,91,3,0,0,1,2
S01006539,Level 1,91,83,8,1,1,0,6
S01006539,Level 2,90,85,5,0,1,1,3
S01006539,Level 3,56,54,2,0,1,0,1
S01006539,Level 4 and above,295,261,34,4,7,2,21
S01006540,All people aged 16 and over,825,717,108,35,29,14,30
S01006540,No qualifications,92,85,7,0,0,1,6
S01006540,Level 1,123,108,15,8,3,1,3
S01006540,Level 2,121,119,2,2,0,0,0
S01006540,Level 3,92,81,11,2,6,0,3
S01006540,Level 4 and above,397,324,73,23,20,12,18
S01006541,All people aged 16 and over,680,630,50,2,13,16,19
S01006541,No qualifications,121,115,6,0,2,1,3
S01006541,Level 1,108,102,6,0,2,2,2
S01006541,Level 2,89,84,5,1,0,2,2
S01006541,Level 3,65,62,3,0,0,1,2
S01006541,Level 4 and above,297,267,30,1,9,10,10
S01006542,All people aged 16 and over,874,751,123,35,17,14,57
S01006542,No qualifications,136,125,11,4,0,0,7
S01006542,Level 1,145,133,12,1,2,0,9
S01006542,Level 2,106,98,8,1,1,0,6
S01006542,Level 3,72,62,10,1,3,0,6
S01006542,Level 4 and above,415,333,82,28,11,14,29
S01006543,All people aged 16 and over,678,635,43,3,7,10,23
S01006543,No qualifications,99,98,1,0,0,1,0
S01006543,Level 1,128,127,1,0,0,0,1
S01006543,Level 2,95,91,4,0,0,1,3
S01006543,Level 3,66,60,6,0,0,1,5
S01006543,Level 4 and above,290,259,31,3,7,7,14
S01006544,All people aged 16 and over,930,741,189,79,31,29,50
S01006544,No qualifications,108,92,16,4,3,2,7
S01006544,Level 1,114,96,18,3,4,4,7
S01006544,Level 2,115,106,9,2,1,1,5
S01006544,Level 3,72,67,5,1,0,0,4
S01006544,Level 4 and above,521,380,141,69,23,22,27
S01006545,All people aged 16 and over,935,797,138,25,40,27,46
S01006545,No qualifications,144,136,8,1,2,0,5
S01006545,Level 1,134,127,7,1,2,2,2
S01006545,Level 2,113,104,9,1,3,1,4
S01006545,Level 3,91,84,7,1,1,3,2
S01006545,Level 4 and above,453,346,107,21,32,21,33
S01006546,All people aged 16 and over,526,501,25,6,5,4,10
S01006546,No qualifications,44,42,2,1,0,0,1
S01006546,Level 1,89,88,1,0,0,0,1
S01006546,Level 2,82,79,3,0,1,0,2
S01006546,Level 3,50,48,2,0,1,0,1
S01006546,Level 4 and above,261,244,17,5,3,4,5
S01006547,All people aged 16 and over,769,683,86,14,27,17,28
S01006547,No qualifications,185,183,2,1,0,0,1
S01006547,Level 1,157,149,8,0,5,0,3
S01006547,Level 2,92,85,7,0,1,2,4
S01006547,Level 3,64,56,8,4,1,0,3
S01006547,Level 4 and above,271,210,61,9,20,15,17
S01006548,All people aged 16 and over,618,582,36,5,8,3,20
S01006548,No qualifications,60,59,1,0,0,0,1
S01006548,Level 1,102,100,2,0,0,0,2
S01006548,Level 2,81,80,1,0,0,0,1
S01006548,Level 3,77,75,2,1,0,0,1
S01006548,Level 4 and above,298,268,30,4,8,3,15
S01006549,All people aged 16 and over,699,624,75,25,17,7,26
S01006549,No qualifications,62,60,2,0,0,0,2
S01006549,Level 1,122,112,10,4,3,1,2
S01006549,Level 2,90,84,6,0,0,1,5
S01006549,Level 3,63,57,6,1,2,0,3
S01006549,Level 4 and above,362,311,51,20,12,5,14
S01006550,All people aged 16 and over,821,757,64,18,10,7,29
S01006550,No qualifications,99,95,4,0,2,0,2
S01006550,Level 1,113,109,4,1,0,0,3
S01006550,Level 2,122,113,9,1,2,4,2
S01006550,Level 3,73,70,3,2,0,0,1
S01006550,Level 4 and above,414,370,44,14,6,3,21
S01006551,All people aged 16 and over,591,511,80,6,32,14,28
S01006551,No qualifications,198,183,15,2,7,3,3
S01006551,Level 1,125,113,12,0,7,3,2
S01006551,Level 2,61,56,5,0,2,1,2
S01006551,Level 3,47,41,6,0,1,3,2
S01006551,Level 4 and above,160,118,42,4,15,4,19
S01006552,All people aged 16 and over,753,668,85,9,23,15,38
S01006552,No qualifications,80,77,3,0,0,0,3
S01006552,Level 1,137,128,9,1,0,2,6
S01006552,Level 2,109,103,6,0,0,2,4
S01006552,Level 3,74,69,5,0,0,0,5
S01006552,Level 4 and above,353,291,62,8,23,11,20
S01006553,All people aged 16 and over,726,673,53,7,12,12,22
S01006553,No qualifications,216,208,8,0,1,1,6
S01006553,Level 1,139,135,4,0,2,1,1
S01006553,Level 2,84,81,3,1,0,2,0
S01006553,Level 3,73,71,2,0,1,0,1
S01006553,Level 4 and above,214,178,36,6,8,8,14
S01006554,All people aged 16 and over,615,550,65,7,17,21,20
S01006554,No qualifications,151,149,2,0,0,0,2
S01006554,Level 1,147,140,7,0,5,1,1
S01006554,Level 2,67,66,1,0,0,0,1
S01006554,Level 3,53,51,2,0,0,0,2
S01006554,Level 4 and above,197,144,53,7,12,20,14
S01006555,All people aged 16 and over,656,513,143,27,53,38,25
S01006555,No qualifications,158,151,7,1,2,3,1
S01006555,Level 1,190,172,18,2,7,5,4
S01006555,Level 2,76,67,9,1,4,1,3
S01006555,Level 3,42,34,8,2,1,2,3
S01006555,Level 4 and above,190,89,101,21,39,27,14
S01006556,All people aged 16 and over,707,643,64,5,22,17,20
S01006556,No qualifications,225,214,11,2,0,1,8
S01006556,Level 1,229,216,13,0,8,1,4
S01006556,Level 2,79,75,4,0,1,0,3
S01006556,Level 3,60,55,5,0,2,1,2
S01006556,Level 4 and above,114,83,31,3,11,14,3
S01006557,All people aged 16 and over,581,522,59,8,15,15,21
S01006557,No qualifications,174,165,9,0,2,0,7
S01006557,Level 1,192,177,15,4,6,2,3
S01006557,Level 2,64,62,2,0,1,0,1
S01006557,Level 3,47,44,3,0,1,0,2
S01006557,Level 4 and above,104,74,30,4,5,13,8
S01006558,All people aged 16 and over,563,474,89,21,19,12,37
S01006558,No qualifications,52,51,1,0,0,0,1
S01006558,Level 1,68,63,5,0,4,0,1
S01006558,Level 2,73,65,8,2,0,2,4
S01006558,Level 3,46,42,4,0,0,0,4
S01006558,Level 4 and above,324,253,71,19,15,10,27
S01006559,All people aged 16 and over,513,401,112,40,20,17,35
S01006559,No qualifications,27,24,3,0,2,0,1
S01006559,Level 1,64,48,16,9,1,1,5
S01006559,Level 2,80,65,15,6,4,0,5
S01006559,Level 3,29,24,5,3,0,0,2
S01006559,Level 4 and above,313,240,73,22,13,16,22
S01006560,All people aged 16 and over,847,736,111,28,13,30,40
S01006560,No qualifications,122,120,2,1,0,0,1
S01006560,Level 1,113,102,11,0,3,0,8
S01006560,Level 2,78,73,5,1,1,0,3
S01006560,Level 3,76,67,9,3,0,2,4
S01006560,Level 4 and above,458,374,84,23,9,28,24
S01006561,All people aged 16 and over,615,551,64,23,5,12,24
S01006561,No qualifications,49,42,7,4,0,0,3
S01006561,Level 1,76,73,3,0,0,1,2
S01006561,Level 2,77,73,4,3,0,1,0
S01006561,Level 3,70,66,4,0,1,1,2
S01006561,Level 4 and above,343,297,46,16,4,9,17
S01006562,All people aged 16 and over,608,549,59,9,13,11,26
S01006562,No qualifications,109,104,5,0,2,0,3
S01006562,Level 1,120,111,9,2,2,2,3
S01006562,Level 2,59,59,0,0,0,0,0
S01006562,Level 3,55,51,4,1,1,1,1
S01006562,Level 4 and above,265,224,41,6,8,8,19
S01006563,All people aged 16 and over,671,550,121,43,26,27,25
S01006563,No qualifications,89,82,7,2,0,2,3
S01006563,Level 1,112,100,12,1,4,5,2
S01006563,Level 2,73,70,3,2,0,0,1
S01006563,Level 3,46,43,3,3,0,0,0
S01006563,Level 4 and above,351,255,96,35,22,20,19
S01006564,All people aged 16 and over,891,689,202,51,46,55,50
S01006564,No qualifications,150,122,28,1,3,6,18
S01006564,Level 1,163,129,34,7,8,12,7
S01006564,Level 2,119,101,18,11,0,3,4
S01006564,Level 3,84,68,16,4,8,3,1
S01006564,Level 4 and above,375,269,106,28,27,31,20
S01006565,All people aged 16 and over,953,652,301,135,100,25,41
S01006565,No qualifications,109,97,12,6,3,0,3
S01006565,Level 1,149,96,53,22,22,0,9
S01006565,Level 2,184,163,21,8,6,0,7
S01006565,Level 3,105,75,30,12,11,3,4
S01006565,Level 4 and above,406,221,185,87,58,22,18
S01006566,All people aged 16 and over,684,529,155,43,42,35,35
S01006566,No qualifications,57,53,4,0,0,0,4
S01006566,Level 1,71,62,9,4,1,3,1
S01006566,Level 2,95,77,18,4,2,7,5
S01006566,Level 3,73,65,8,2,4,2,0
S01006566,Level 4 and above,388,272,116,33,35,23,25
S01006567,All people aged 16 and over,789,612,177,54,51,37,35
S01006567,No qualifications,116,105,11,2,2,1,6
S01006567,Level 1,106,90,16,5,3,6,2
S01006567,Level 2,133,113,20,2,7,6,5
S01006567,Level 3,68,54,14,4,5,1,4
S01006567,Level 4 and above,366,250,116,41,34,23,18
S01006568,All people aged 16 and over,876,634,242,79,60,59,44
S01006568,No qualifications,36,29,7,3,1,0,3
S01006568,Level 1,89,69,20,6,10,2,2
S01006568,Level 2,140,121,19,7,5,0,7
S01006568,Level 3,91,76,15,3,3,4,5
S01006568,Level 4 and above,520,339,181,60,41,53,27
S01006569,All people aged 16 and over,495,348,147,46,46,24,31
S01006569,No qualifications,37,32,5,3,0,1,1
S01006569,Level 1,69,52,17,5,4,4,4
S01006569,Level 2,58,50,8,0,4,1,3
S01006569,Level 3,40,34,6,0,4,1,1
S01006569,Level 4 and above,291,180,111,38,34,17,22
S01006570,All people aged 16 and over,657,518,139,53,37,21,28
S01006570,No qualifications,65,55,10,5,1,0,4
S01006570,Level 1,61,56,5,0,1,2,2
S01006570,Level 2,89,82,7,1,2,0,4
S01006570,Level 3,60,49,11,6,4,0,1
S01006570,Level 4 and above,382,276,106,41,29,19,17
S01006571,All people aged 16 and over,748,632,116,30,18,16,52
S01006571,No qualifications,42,39,3,1,1,0,1
S01006571,Level 1,62,56,6,2,0,0,4
S01006571,Level 2,100,93,7,2,0,1,4
S01006571,Level 3,76,66,10,1,0,5,4
S01006571,Level 4 and above,468,378,90,24,17,10,39
S01006572,All people aged 16 and over,718,600,118,34,25,8,51
S01006572,No qualifications,57,53,4,0,2,0,2
S01006572,Level 1,93,82,11,3,2,1,5
S01006572,Level 2,76,69,7,1,0,1,5
S01006572,Level 3,55,52,3,0,2,0,1
S01006572,Level 4 and above,437,344,93,30,19,6,38
S01006573,All people aged 16 and over,566,474,92,29,18,10,35
S01006573,No qualifications,29,24,5,1,2,1,1
S01006573,Level 1,52,48,4,0,3,0,1
S01006573,Level 2,63,56,7,3,0,0,4
S01006573,Level 3,32,29,3,0,1,1,1
S01006573,Level 4 and above,390,317,73,25,12,8,28
S01006574,All people aged 16 and over,809,658,151,56,26,13,56
S01006574,No qualifications,49,43,6,4,1,0,1
S01006574,Level 1,90,77,13,4,4,0,5
S01006574,Level 2,110,97,13,4,0,2,7
S01006574,Level 3,68,59,9,2,1,0,6
S01006574,Level 4 and above,492,382,110,42,20,11,37
S01006575,All people aged 16 and over,768,647,121,26,29,15,51
S01006575,No qualifications,60,53,7,2,0,0,5
S01006575,Level 1,102,85,17,2,2,2,11
S01006575,Level 2,113,104,9,0,5,0,4
S01006575,Level 3,61,55,6,2,1,2,1
S01006575,Level 4 and above,432,350,82,20,21,11,30
S01006576,All people aged 16 and over,577,455,122,29,33,18,42
S01006576,No qualifications,24,18,6,2,1,1,2
S01006576,Level 1,72,60,12,4,3,0,5
S01006576,Level 2,66,64,2,0,0,0,2
S01006576,Level 3,54,48,6,0,0,0,6
S01006576,Level 4 and above,361,265,96,23,29,17,27
S01006577,All people aged 16 and over,682,527,155,36,50,27,42
S01006577,No qualifications,34,31,3,1,0,1,1
S01006577,Level 1,85,65,20,4,6,2,8
S01006577,Level 2,74,66,8,0,0,3,5
S01006577,Level 3,54,46,8,4,1,2,1
S01006577,Level 4 and above,435,319,116,27,43,19,27
S01006578,All people aged 16 and over,1025,784,241,70,78,49,44
S01006578,No qualifications,116,94,22,8,6,4,4
S01006578,Level 1,146,120,26,6,12,6,2
S01006578,Level 2,152,138,14,1,2,5,6
S01006578,Level 3,94,78,16,3,9,2,2
S01006578,Level 4 and above,517,354,163,52,49,32,30
S01006579,All people aged 16 and over,914,637,277,96,103,40,38
S01006579,No qualifications,52,40,12,4,1,0,7
S01006579,Level 1,92,75,17,6,9,1,1
S01006579,Level 2,125,112,13,5,0,2,6
S01006579,Level 3,105,83,22,8,7,3,4
S01006579,Level 4 and above,540,327,213,73,86,34,20
S01006580,All people aged 16 and over,643,506,137,40,34,26,37
S01006580,No qualifications,45,39,6,2,0,0,4
S01006580,Level 1,80,73,7,1,0,1,5
S01006580,Level 2,79,72,7,1,2,1,3
S01006580,Level 3,64,57,7,4,1,1,1
S01006580,Level 4 and above,375,265,110,32,31,23,24
S01006581,All people aged 16 and over,745,663,82,17,16,15,34
S01006581,No qualifications,61,58,3,1,0,0,2
S01006581,Level 1,101,92,9,3,2,0,4
S01006581,Level 2,96,90,6,0,2,0,4
S01006581,Level 3,73,68,5,0,3,0,2
S01006581,Level 4 and above,414,355,59,13,9,15,22
S01006582,All people aged 16 and over,817,545,272,105,92,30,45
S01006582,No qualifications,70,57,13,1,4,0,8
S01006582,Level 1,122,96,26,13,4,3,6
S01006582,Level 2,97,87,10,4,1,1,4
S01006582,Level 3,86,73,13,4,4,1,4
S01006582,Level 4 and above,442,232,210,83,79,25,23
S01006583,All people aged 16 and over,678,498,180,74,50,27,29
S01006583,No qualifications,37,31,6,2,0,0,4
S01006583,Level 1,69,55,14,5,5,2,2
S01006583,Level 2,151,142,9,2,0,4,3
S01006583,Level 3,83,69,14,5,2,5,2
S01006583,Level 4 and above,338,201,137,60,43,16,18
S01006584,All people aged 16 and over,573,424,149,43,43,25,38
S01006584,No qualifications,41,29,12,3,1,2,6
S01006584,Level 1,59,39,20,5,11,0,4
S01006584,Level 2,114,101,13,1,6,4,2
S01006584,Level 3,48,43,5,1,0,2,2
S01006584,Level 4 and above,311,212,99,33,25,17,24
S01006585,All people aged 16 and over,734,564,170,46,53,32,39
S01006585,No qualifications,161,144,17,0,4,3,10
S01006585,Level 1,138,117,21,8,3,4,6
S01006585,Level 2,109,95,14,4,3,3,4
S01006585,Level 3,79,63,16,3,7,6,0
S01006585,Level 4 and above,247,145,102,31,36,16,19
S01006586,All people aged 16 and over,991,742,249,84,88,36,41
S01006586,No qualifications,170,150,20,5,4,1,10
S01006586,Level 1,134,102,32,7,15,4,6
S01006586,Level 2,171,152,19,5,6,3,5
S01006586,Level 3,109,91,18,5,6,3,4
S01006586,Level 4 and above,407,247,160,62,57,25,16
S01006587,All people aged 16 and over,504,322,182,67,64,28,23
S01006587,No qualifications,53,42,11,1,2,4,4
S01006587,Level 1,66,51,15,4,9,1,1
S01006587,Level 2,89,74,15,5,3,6,1
S01006587,Level 3,60,42,18,7,7,2,2
S01006587,Level 4 and above,236,113,123,50,43,15,15
S01006588,All people aged 16 and over,551,342,209,87,74,30,18
S01006588,No qualifications,23,18,5,0,3,0,2
S01006588,Level 1,70,47,23,12,5,2,4
S01006588,Level 2,106,85,21,9,6,3,3
S01006588,Level 3,88,67,21,8,10,2,1
S01006588,Level 4 and above,264,125,139,58,50,23,8
S01006589,All people aged 16 and over,630,415,215,92,75,25,23
S01006589,No qualifications,72,60,12,3,6,1,2
S01006589,Level 1,109,72,37,24,9,1,3
S01006589,Level 2,103,89,14,5,4,1,4
S01006589,Level 3,85,73,12,6,1,4,1
S01006589,Level 4 and above,261,121,140,54,55,18,13
S01006590,All people aged 16 and over,656,458,198,73,63,26,36
S01006590,No qualifications,59,54,5,1,1,1,2
S01006590,Level 1,105,84,21,5,5,1,10
S01006590,Level 2,90,77,13,5,4,3,1
S01006590,Level 3,75,58,17,5,4,3,5
S01006590,Level 4 and above,327,185,142,57,49,18,18
S01006591,All people aged 16 and over,654,474,180,53,62,37,28
S01006591,No qualifications,49,44,5,4,1,0,0
S01006591,Level 1,109,84,25,9,10,4,2
S01006591,Level 2,85,74,11,3,3,1,4
S01006591,Level 3,71,60,11,6,4,0,1
S01006591,Level 4 and above,340,212,128,31,44,32,21
S01006592,All people aged 16 and over,607,476,131,34,38,27,32
S01006592,No qualifications,20,20,0,0,0,0,0
S01006592,Level 1,87,64,23,2,13,4,4
S01006592,Level 2,75,69,6,1,1,0,4
S01006592,Level 3,92,77,15,6,2,1,6
S01006592,Level 4 and above,333,246,87,25,22,22,18
S01006593,All people aged 16 and over,707,542,165,47,48,27,43
S01006593,No qualifications,49,46,3,0,0,1,2
S01006593,Level 1,83,71,12,4,4,1,3
S01006593,Level 2,99,84,15,3,6,3,3
S01006593,Level 3,87,70,17,5,4,1,7
S01006593,Level 4 and above,389,271,118,35,34,21,28
S01006594,All people aged 16 and over,508,430,78,15,27,22,14
S01006594,No qualifications,73,70,3,0,0,1,2
S01006594,Level 1,82,79,3,0,2,0,1
S01006594,Level 2,70,65,5,3,1,0,1
S01006594,Level 3,78,64,14,5,4,2,3
S01006594,Level 4 and above,205,152,53,7,20,19,7
S01006595,All people aged 16 and over,852,676,176,36,63,39,38
S01006595,No qualifications,66,60,6,1,4,0,1
S01006595,Level 1,117,106,11,2,2,3,4
S01006595,Level 2,114,105,9,1,1,1,6
S01006595,Level 3,87,76,11,2,3,3,3
S01006595,Level 4 and above,468,329,139,30,53,32,24
S01006596,All people aged 16 and over,639,484,155,52,34,26,43
S01006596,No qualifications,61,53,8,2,1,1,4
S01006596,Level 1,69,49,20,9,5,5,1
S01006596,Level 2,72,61,11,2,1,0,8
S01006596,Level 3,68,59,9,3,3,0,3
S01006596,Level 4 and above,369,262,107,36,24,20,27
S01006597,All people aged 16 and over,498,395,103,27,32,22,22
S01006597,No qualifications,31,28,3,1,2,0,0
S01006597,Level 1,71,59,12,4,3,3,2
S01006597,Level 2,82,69,13,2,1,2,8
S01006597,Level 3,68,56,12,1,5,1,5
S01006597,Level 4 and above,246,183,63,19,21,16,7
S01006598,All people aged 16 and over,805,669,136,61,30,14,31
S01006598,No qualifications,65,58,7,1,4,0,2
S01006598,Level 1,97,90,7,4,1,0,2
S01006598,Level 2,97,91,6,2,0,0,4
S01006598,Level 3,80,74,6,3,0,1,2
S01006598,Level 4 and above,466,356,110,51,25,13,21
S01006599,All people aged 16 and over,751,628,123,28,38,24,33
S01006599,No qualifications,182,173,9,0,4,1,4
S01006599,Level 1,130,122,8,3,2,1,2
S01006599,Level 2,116,99,17,2,8,3,4
S01006599,Level 3,81,70,11,4,3,2,2
S01006599,Level 4 and above,242,164,78,19,21,17,21
S01006600,All people aged 16 and over,978,842,136,39,40,38,19
S01006600,No qualifications,186,183,3,1,2,0,0
S01006600,Level 1,169,155,14,3,6,1,4
S01006600,Level 2,112,111,1,0,0,0,1
S01006600,Level 3,105,86,19,4,5,7,3
S01006600,Level 4 and above,406,307,99,31,27,30,11
S01006601,All people aged 16 and over,899,757,142,43,35,35,29
S01006601,No qualifications,97,94,3,0,0,1,2
S01006601,Level 1,156,143,13,2,1,5,5
S01006601,Level 2,119,101,18,7,3,3,5
S01006601,Level 3,110,102,8,1,2,5,0
S01006601,Level 4 and above,417,317,100,33,29,21,17
S01006602,All people aged 16 and over,737,609,128,36,17,30,45
S01006602,No qualifications,108,102,6,2,0,0,4
S01006602,Level 1,97,89,8,2,0,1,5
S01006602,Level 2,70,68,2,0,0,0,2
S01006602,Level 3,78,68,10,2,2,1,5
S01006602,Level 4 and above,384,282,102,30,15,28,29
S01006603,All people aged 16 and over,704,644,60,10,25,11,14
S01006603,No qualifications,263,254,9,3,2,2,2
S01006603,Level 1,200,189,11,0,5,2,4
S01006603,Level 2,90,84,6,0,3,0,3
S01006603,Level 3,49,43,6,2,3,0,1
S01006603,Level 4 and above,102,74,28,5,12,7,4
S01006604,All people aged 16 and over,587,546,41,5,14,14,8
S01006604,No qualifications,178,170,8,1,1,3,3
S01006604,Level 1,202,192,10,0,6,3,1
S01006604,Level 2,74,72,2,0,0,0,2
S01006604,Level 3,53,48,5,1,3,1,0
S01006604,Level 4 and above,80,64,16,3,4,7,2
S01006605,All people aged 16 and over,658,604,54,9,17,12,16
S01006605,No qualifications,241,238,3,0,1,0,2
S01006605,Level 1,219,209,10,1,4,0,5
S01006605,Level 2,54,48,6,0,3,1,2
S01006605,Level 3,53,52,1,0,0,1,0
S01006605,Level 4 and above,91,57,34,8,9,10,7
S01006606,All people aged 16 and over,732,673,59,10,14,16,19
S01006606,No qualifications,199,193,6,0,2,0,4
S01006606,Level 1,183,173,10,2,2,3,3
S01006606,Level 2,88,83,5,1,0,2,2
S01006606,Level 3,62,57,5,1,0,2,2
S01006606,Level 4 and above,200,167,33,6,10,9,8
S01006607,All people aged 16 and over,769,728,41,2,16,9,14
S01006607,No qualifications,239,236,3,0,1,0,2
S01006607,Level 1,266,258,8,1,3,1,3
S01006607,Level 2,92,87,5,1,1,0,3
S01006607,Level 3,64,61,3,0,1,1,1
S01006607,Level 4 and above,108,86,22,0,10,7,5
S01006608,All people aged 16 and over,598,529,69,12,13,16,28
S01006608,No qualifications,111,107,4,0,0,0,4
S01006608,Level 1,171,156,15,2,3,6,4
S01006608,Level 2,75,71,4,1,1,1,1
S01006608,Level 3,62,60,2,1,0,1,0
S01006608,Level 4 and above,179,135,44,8,9,8,19
S01006609,All people aged 16 and over,886,838,48,5,13,14,16
S01006609,No qualifications,306,299,7,1,1,1,4
S01006609,Level 1,285,275,10,2,2,1,5
S01006609,Level 2,93,93,0,0,0,0,0
S01006609,Level 3,79,66,13,0,4,4,5
S01006609,Level 4 and above,123,105,18,2,6,8,2
S01006610,All people aged 16 and over,386,365,21,0,6,11,4
S01006610,No qualifications,133,133,0,0,0,0,0
S01006610,Level 1,127,122,5,0,1,2,2
S01006610,Level 2,48,47,1,0,0,0,1
S01006610,Level 3,32,31,1,0,0,1,0
S01006610,Level 4 and above,46,32,14,0,5,8,1
S01006611,All people aged 16 and over,772,712,60,1,28,14,17
S01006611,No qualifications,258,251,7,0,2,0,5
S01006611,Level 1,263,246,17,0,10,2,5
S01006611,Level 2,72,70,2,0,1,0,1
S01006611,Level 3,50,48,2,0,0,1,1
S01006611,Level 4 and above,129,97,32,1,15,11,5
S01006612,All people aged 16 and over,741,700,41,6,10,13,12
S01006612,No qualifications,207,205,2,0,1,1,0
S01006612,Level 1,178,175,3,1,0,1,1
S01006612,Level 2,113,110,3,0,0,0,3
S01006612,Level 3,74,69,5,0,2,2,1
S01006612,Level 4 and above,169,141,28,5,7,9,7
S01006613,All people aged 16 and over,493,469,24,5,6,2,11
S01006613,No qualifications,54,52,2,0,0,0,2
S01006613,Level 1,170,168,2,0,0,0,2
S01006613,Level 2,82,81,1,0,0,0,1
S01006613,Level 3,58,57,1,0,0,0,1
S01006613,Level 4 and above,129,111,18,5,6,2,5
S01006614,All people aged 16 and over,491,441,50,6,19,12,13
S01006614,No qualifications,50,48,2,0,1,0,1
S01006614,Level 1,132,127,5,0,1,2,2
S01006614,Level 2,81,76,5,0,1,1,3
S01006614,Level 3,66,64,2,0,0,0,2
S01006614,Level 4 and above,162,126,36,6,16,9,5
S01006615,All people aged 16 and over,563,498,65,11,11,21,22
S01006615,No qualifications,51,50,1,0,0,1,0
S01006615,Level 1,150,144,6,2,1,0,3
S01006615,Level 2,79,75,4,0,1,0,3
S01006615,Level 3,87,80,7,1,1,1,4
S01006615,Level 4 and above,196,149,47,8,8,19,12
S01006616,All people aged 16 and over,665,624,41,8,10,11,12
S01006616,No qualifications,80,78,2,0,0,0,2
S01006616,Level 1,199,194,5,1,1,3,0
S01006616,Level 2,131,128,3,0,1,1,1
S01006616,Level 3,98,88,10,2,4,0,4
S01006616,Level 4 and above,157,136,21,5,4,7,5
S01006617,All people aged 16 and over,574,549,25,2,2,10,11
S01006617,No qualifications,142,140,2,0,1,0,1
S01006617,Level 1,173,168,5,0,0,1,4
S01006617,Level 2,88,86,2,0,0,0,2
S01006617,Level 3,50,49,1,0,0,1,0
S01006617,Level 4 and above,121,106,15,2,1,8,4
S01006618,All people aged 16 and over,469,444,25,5,0,6,14
S01006618,No qualifications,90,86,4,2,0,0,2
S01006618,Level 1,165,163,2,0,0,0,2
S01006618,Level 2,60,57,3,0,0,0,3
S01006618,Level 3,58,56,2,1,0,0,1
S01006618,Level 4 and above,96,82,14,2,0,6,6
S01006619,All people aged 16 and over,744,705,39,2,7,7,23
S01006619,No qualifications,165,161,4,0,1,0,3
S01006619,Level 1,214,210,4,1,0,0,3
S01006619,Level 2,108,108,0,0,0,0,0
S01006619,Level 3,78,78,0,0,0,0,0
S01006619,Level 4 and above,179,148,31,1,6,7,17
S01006620,All people aged 16 and over,738,702,36,5,10,8,13
S01006620,No qualifications,193,190,3,0,1,0,2
S01006620,Level 1,230,224,6,0,0,3,3
S01006620,Level 2,100,96,4,0,1,0,3
S01006620,Level 3,62,56,6,2,1,1,2
S01006620,Level 4 and above,153,136,17,3,7,4,3
S01006621,All people aged 16 and over,428,407,21,2,6,7,6
S01006621,No qualifications,100,99,1,0,0,1,0
S01006621,Level 1,132,128,4,0,1,0,3
S01006621,Level 2,50,50,0,0,0,0,0
S01006621,Level 3,46,45,1,1,0,0,0
S01006621,Level 4 and above,100,85,15,1,5,6,3
S01006622,All people aged 16 and over,549,509,40,3,8,17,12
S01006622,No qualifications,65,60,5,0,1,1,3
S01006622,Level 1,183,178,5,0,1,2,2
S01006622,Level 2,95,89,6,1,1,1,3
S01006622,Level 3,57,56,1,0,0,0,1
S01006622,Level 4 and above,149,126,23,2,5,13,3
S01006623,All people aged 16 and over,670,594,76,13,27,18,18
S01006623,No qualifications,214,197,17,7,8,0,2
S01006623,Level 1,190,176,14,2,3,3,6
S01006623,Level 2,87,79,8,1,1,4,2
S01006623,Level 3,60,54,6,0,1,3,2
S01006623,Level 4 and above,119,88,31,3,14,8,6
S01006624,All people aged 16 and over,891,685,206,59,84,37,26
S01006624,No qualifications,223,182,41,8,19,4,10
S01006624,Level 1,245,207,38,14,14,4,6
S01006624,Level 2,102,91,11,1,4,2,4
S01006624,Level 3,109,77,32,9,13,9,1
S01006624,Level 4 and above,212,128,84,27,34,18,5
S01006625,All people aged 16 and over,547,454,93,27,36,17,13
S01006625,No qualifications,152,136,16,2,9,4,1
S01006625,Level 1,143,128,15,5,6,1,3
S01006625,Level 2,73,70,3,0,2,1,0
S01006625,Level 3,55,46,9,4,2,2,1
S01006625,Level 4 and above,124,74,50,16,17,9,8
S01006626,All people aged 16 and over,614,526,88,21,42,15,10
S01006626,No qualifications,224,203,21,6,11,1,3
S01006626,Level 1,193,176,17,5,6,2,4
S01006626,Level 2,56,53,3,0,1,1,1
S01006626,Level 3,42,30,12,3,6,1,2
S01006626,Level 4 and above,99,64,35,7,18,10,0
S01006627,All people aged 16 and over,773,527,246,106,78,39,23
S01006627,No qualifications,161,121,40,22,12,3,3
S01006627,Level 1,205,163,42,16,15,6,5
S01006627,Level 2,76,68,8,1,2,2,3
S01006627,Level 3,98,58,40,21,13,5,1
S01006627,Level 4 and above,233,117,116,46,36,23,11
S01006628,All people aged 16 and over,978,585,393,144,154,61,34
S01006628,No qualifications,178,115,63,18,23,10,12
S01006628,Level 1,227,157,70,23,31,11,5
S01006628,Level 2,110,93,17,7,6,2,2
S01006628,Level 3,133,90,43,18,14,8,3
S01006628,Level 4 and above,330,130,200,78,80,30,12
S01006629,All people aged 16 and over,650,521,129,16,41,55,17
S01006629,No qualifications,227,209,18,0,3,11,4
S01006629,Level 1,206,175,31,4,12,11,4
S01006629,Level 2,70,65,5,0,3,0,2
S01006629,Level 3,46,23,23,3,5,10,5
S01006629,Level 4 and above,101,49,52,9,18,23,2
S01006630,All people aged 16 and over,489,462,27,8,12,3,4
S01006630,No qualifications,225,212,13,4,6,1,2
S01006630,Level 1,146,145,1,0,0,0,1
S01006630,Level 2,45,45,0,0,0,0,0
S01006630,Level 3,35,32,3,1,1,0,1
S01006630,Level 4 and above,38,28,10,3,5,2,0
S01006631,All people aged 16 and over,805,705,100,15,36,28,21
S01006631,No qualifications,296,283,13,1,3,5,4
S01006631,Level 1,223,205,18,2,7,5,4
S01006631,Level 2,68,60,8,1,2,1,4
S01006631,Level 3,70,55,15,2,7,5,1
S01006631,Level 4 and above,148,102,46,9,17,12,8
S01006632,All people aged 16 and over,658,509,149,23,61,52,13
S01006632,No qualifications,234,210,24,5,9,7,3
S01006632,Level 1,177,137,40,7,18,11,4
S01006632,Level 2,64,56,8,1,1,4,2
S01006632,Level 3,62,38,24,1,12,10,1
S01006632,Level 4 and above,121,68,53,9,21,20,3
S01006633,All people aged 16 and over,529,455,74,10,35,17,12
S01006633,No qualifications,200,184,16,2,4,3,7
S01006633,Level 1,178,162,16,2,9,2,3
S01006633,Level 2,42,39,3,1,1,1,0
S01006633,Level 3,40,33,7,0,5,2,0
S01006633,Level 4 and above,69,37,32,5,16,9,2
S01006634,All people aged 16 and over,465,363,102,9,51,30,12
S01006634,No qualifications,166,148,18,4,8,4,2
S01006634,Level 1,151,119,32,2,18,9,3
S01006634,Level 2,44,42,2,0,1,0,1
S01006634,Level 3,36,20,16,1,10,4,1
S01006634,Level 4 and above,68,34,34,2,14,13,5
S01006635,All people aged 16 and over,522,432,90,18,42,17,13
S01006635,No qualifications,172,147,25,5,8,5,7
S01006635,Level 1,174,152,22,3,11,5,3
S01006635,Level 2,43,41,2,0,1,0,1
S01006635,Level 3,43,36,7,1,5,1,0
S01006635,Level 4 and above,90,56,34,9,17,6,2
S01006636,All people aged 16 and over,641,524,117,11,41,51,14
S01006636,No qualifications,247,224,23,1,7,14,1
S01006636,Level 1,211,178,33,3,12,13,5
S01006636,Level 2,50,48,2,0,1,1,0
S01006636,Level 3,52,32,20,4,5,7,4
S01006636,Level 4 and above,81,42,39,3,16,16,4
S01006637,All people aged 16 and over,699,536,163,54,55,24,30
S01006637,No qualifications,157,147,10,1,5,1,3
S01006637,Level 1,127,105,22,2,12,4,4
S01006637,Level 2,83,70,13,3,2,1,7
S01006637,Level 3,58,48,10,0,2,4,4
S01006637,Level 4 and above,274,166,108,48,34,14,12
S01006638,All people aged 16 and over,795,608,187,70,62,31,24
S01006638,No qualifications,125,111,14,3,2,4,5
S01006638,Level 1,130,96,34,13,12,6,3
S01006638,Level 2,148,141,7,1,2,3,1
S01006638,Level 3,80,73,7,1,2,2,2
S01006638,Level 4 and above,312,187,125,52,44,16,13
S01006639,All people aged 16 and over,900,693,207,59,78,32,38
S01006639,No qualifications,199,187,12,0,4,0,8
S01006639,Level 1,148,112,36,17,9,6,4
S01006639,Level 2,159,133,26,4,6,6,10
S01006639,Level 3,66,54,12,8,2,2,0
S01006639,Level 4 and above,328,207,121,30,57,18,16
S01006640,All people aged 16 and over,684,485,199,73,61,42,23
S01006640,No qualifications,34,27,7,5,0,0,2
S01006640,Level 1,74,45,29,11,10,5,3
S01006640,Level 2,171,161,10,0,4,3,3
S01006640,Level 3,79,69,10,3,5,2,0
S01006640,Level 4 and above,326,183,143,54,42,32,15
S01006641,All people aged 16 and over,980,735,245,85,86,51,23
S01006641,No qualifications,121,107,14,2,3,4,5
S01006641,Level 1,165,116,49,19,17,10,3
S01006641,Level 2,199,174,25,11,4,6,4
S01006641,Level 3,97,83,14,1,7,4,2
S01006641,Level 4 and above,398,255,143,52,55,27,9
S01006642,All people aged 16 and over,1332,935,397,220,100,42,35
S01006642,No qualifications,67,66,1,0,0,0,1
S01006642,Level 1,169,108,61,41,18,1,1
S01006642,Level 2,525,451,74,24,18,17,15
S01006642,Level 3,144,107,37,23,6,3,5
S01006642,Level 4 and above,427,203,224,132,58,21,13
S01006643,All people aged 16 and over,709,544,165,63,52,24,26
S01006643,No qualifications,34,31,3,1,2,0,0
S01006643,Level 1,77,54,23,9,10,0,4
S01006643,Level 2,201,177,24,9,7,2,6
S01006643,Level 3,81,64,17,5,3,5,4
S01006643,Level 4 and above,316,218,98,39,30,17,12
S01006644,All people aged 16 and over,915,705,210,78,69,39,24
S01006644,No qualifications,99,93,6,1,1,0,4
S01006644,Level 1,117,86,31,20,6,4,1
S01006644,Level 2,234,202,32,11,5,5,11
S01006644,Level 3,114,98,16,7,5,3,1
S01006644,Level 4 and above,351,226,125,39,52,27,7
S01006645,All people aged 16 and over,577,439,138,28,52,31,27
S01006645,No qualifications,148,139,9,0,1,3,5
S01006645,Level 1,144,115,29,9,8,7,5
S01006645,Level 2,75,65,10,3,2,1,4
S01006645,Level 3,53,42,11,1,6,3,1
S01006645,Level 4 and above,157,78,79,15,35,17,12
S01006646,All people aged 16 and over,979,646,333,196,72,39,26
S01006646,No qualifications,70,57,13,5,4,1,3
S01006646,Level 1,135,89,46,35,6,1,4
S01006646,Level 2,374,299,75,37,11,18,9
S01006646,Level 3,83,53,30,20,7,0,3
S01006646,Level 4 and above,317,148,169,99,44,19,7
S01006647,All people aged 16 and over,550,445,105,27,36,27,15
S01006647,No qualifications,126,115,11,3,2,3,3
S01006647,Level 1,124,104,20,8,5,5,2
S01006647,Level 2,90,83,7,1,1,2,3
S01006647,Level 3,63,54,9,2,3,3,1
S01006647,Level 4 and above,147,89,58,13,25,14,6
S01006648,All people aged 16 and over,1730,1152,578,325,136,66,51
S01006648,No qualifications,103,79,24,11,5,4,4
S01006648,Level 1,197,110,87,61,16,5,5
S01006648,Level 2,603,556,47,19,5,6,17
S01006648,Level 3,232,158,74,33,25,8,8
S01006648,Level 4 and above,595,249,346,201,85,43,17
S01006649,All people aged 16 and over,892,673,219,64,74,38,43
S01006649,No qualifications,109,90,19,7,5,2,5
S01006649,Level 1,158,138,20,6,6,1,7
S01006649,Level 2,158,136,22,8,6,1,7
S01006649,Level 3,96,76,20,10,6,1,3
S01006649,Level 4 and above,371,233,138,33,51,33,21
S01006650,All people aged 16 and over,813,553,260,96,91,30,43
S01006650,No qualifications,78,61,17,4,7,2,4
S01006650,Level 1,117,83,34,12,13,2,7
S01006650,Level 2,193,159,34,10,9,4,11
S01006650,Level 3,74,58,16,6,4,4,2
S01006650,Level 4 and above,351,192,159,64,58,18,19
S01006651,All people aged 16 and over,612,435,177,84,44,24,25
S01006651,No qualifications,109,105,4,4,0,0,0
S01006651,Level 1,82,60,22,6,6,4,6
S01006651,Level 2,117,102,15,3,4,3,5
S01006651,Level 3,70,54,16,6,7,0,3
S01006651,Level 4 and above,234,114,120,65,27,17,11
S01006652,All people aged 16 and over,516,385,131,29,58,16,28
S01006652,No qualifications,55,41,14,3,4,4,3
S01006652,Level 1,64,42,22,2,14,0,6
S01006652,Level 2,121,115,6,1,2,0,3
S01006652,Level 3,61,47,14,3,1,3,7
S01006652,Level 4 and above,215,140,75,20,37,9,9
S01006653,All people aged 16 and over,513,373,140,33,42,37,28
S01006653,No qualifications,26,24,2,1,0,0,1
S01006653,Level 1,81,70,11,3,4,3,1
S01006653,Level 2,104,88,16,4,3,4,5
S01006653,Level 3,53,40,13,8,3,2,0
S01006653,Level 4 and above,249,151,98,17,32,28,21
S01006654,All people aged 16 and over,798,664,134,36,36,28,34
S01006654,No qualifications,213,203,10,2,2,0,6
S01006654,Level 1,189,176,13,2,5,2,4
S01006654,Level 2,123,111,12,3,1,5,3
S01006654,Level 3,61,48,13,1,4,4,4
S01006654,Level 4 and above,212,126,86,28,24,17,17
S01006655,All people aged 16 and over,650,512,138,34,36,29,39
S01006655,No qualifications,129,116,13,0,1,2,10
S01006655,Level 1,80,62,18,5,4,2,7
S01006655,Level 2,95,82,13,3,8,1,1
S01006655,Level 3,49,46,3,0,1,0,2
S01006655,Level 4 and above,297,206,91,26,22,24,19
S01006656,All people aged 16 and over,858,639,219,61,73,44,41
S01006656,No qualifications,87,74,13,1,2,3,7
S01006656,Level 1,124,97,27,7,7,4,9
S01006656,Level 2,155,142,13,3,3,3,4
S01006656,Level 3,97,70,27,7,13,2,5
S01006656,Level 4 and above,395,256,139,43,48,32,16
S01006657,All people aged 16 and over,482,355,127,45,44,11,27
S01006657,No qualifications,50,44,6,0,2,0,4
S01006657,Level 1,97,76,21,10,6,2,3
S01006657,Level 2,89,77,12,5,2,0,5
S01006657,Level 3,62,47,15,3,6,1,5
S01006657,Level 4 and above,184,111,73,27,28,8,10
S01006658,All people aged 16 and over,878,561,317,99,106,67,45
S01006658,No qualifications,126,101,25,11,4,3,7
S01006658,Level 1,152,99,53,21,12,9,11
S01006658,Level 2,187,156,31,10,14,2,5
S01006658,Level 3,101,66,35,6,20,6,3
S01006658,Level 4 and above,312,139,173,51,56,47,19
S01006659,All people aged 16 and over,594,472,122,29,55,13,25
S01006659,No qualifications,56,53,3,0,1,2,0
S01006659,Level 1,68,46,22,6,9,1,6
S01006659,Level 2,194,167,27,4,12,3,8
S01006659,Level 3,37,33,4,0,2,0,2
S01006659,Level 4 and above,239,173,66,19,31,7,9
S01006660,All people aged 16 and over,425,252,173,55,51,43,24
S01006660,No qualifications,50,35,15,4,2,6,3
S01006660,Level 1,79,37,42,17,14,6,5
S01006660,Level 2,98,75,23,6,8,5,4
S01006660,Level 3,40,31,9,4,1,2,2
S01006660,Level 4 and above,158,74,84,24,26,24,10
S01006661,All people aged 16 and over,590,431,159,37,68,22,32
S01006661,No qualifications,56,53,3,0,0,0,3
S01006661,Level 1,73,57,16,5,5,2,4
S01006661,Level 2,159,143,16,3,4,2,7
S01006661,Level 3,53,41,12,2,6,1,3
S01006661,Level 4 and above,249,137,112,27,53,17,15
S01006662,All people aged 16 and over,738,472,266,136,68,30,32
S01006662,No qualifications,98,74,24,1,12,5,6
S01006662,Level 1,106,71,35,16,13,2,4
S01006662,Level 2,228,204,24,8,7,3,6
S01006662,Level 3,47,31,16,4,5,4,3
S01006662,Level 4 and above,259,92,167,107,31,16,13
S01006663,All people aged 16 and over,522,373,149,45,51,18,35
S01006663,No qualifications,32,27,5,1,2,1,1
S01006663,Level 1,56,36,20,6,10,1,3
S01006663,Level 2,183,163,20,2,6,0,12
S01006663,Level 3,44,32,12,4,1,2,5
S01006663,Level 4 and above,207,115,92,32,32,14,14
S01006664,All people aged 16 and over,471,333,138,42,47,23,26
S01006664,No qualifications,50,45,5,1,3,0,1
S01006664,Level 1,52,34,18,3,7,3,5
S01006664,Level 2,124,108,16,6,3,0,7
S01006664,Level 3,53,39,14,4,7,3,0
S01006664,Level 4 and above,192,107,85,28,27,17,13
S01006665,All people aged 16 and over,681,480,201,96,51,25,29
S01006665,No qualifications,68,61,7,4,0,0,3
S01006665,Level 1,82,51,31,21,4,1,5
S01006665,Level 2,242,211,31,11,11,4,5
S01006665,Level 3,51,31,20,8,4,4,4
S01006665,Level 4 and above,238,126,112,52,32,16,12
S01006666,All people aged 16 and over,742,543,199,23,91,54,31
S01006666,No qualifications,307,284,23,0,12,4,7
S01006666,Level 1,173,124,49,9,33,5,2
S01006666,Level 2,75,66,9,1,2,1,5
S01006666,Level 3,47,23,24,1,8,11,4
S01006666,Level 4 and above,140,46,94,12,36,33,13
S01006667,All people aged 16 and over,653,474,179,27,77,41,34
S01006667,No qualifications,207,179,28,7,7,6,8
S01006667,Level 1,146,122,24,2,12,9,1
S01006667,Level 2,89,70,19,3,8,1,7
S01006667,Level 3,69,44,25,1,12,7,5
S01006667,Level 4 and above,142,59,83,14,38,18,13
S01006668,All people aged 16 and over,858,634,224,84,64,29,47
S01006668,No qualifications,68,54,14,1,0,0,13
S01006668,Level 1,109,67,42,22,18,0,2
S01006668,Level 2,290,258,32,8,5,7,12
S01006668,Level 3,91,71,20,9,8,1,2
S01006668,Level 4 and above,300,184,116,44,33,21,18
S01006669,All people aged 16 and over,1161,734,427,263,76,27,61
S01006669,No qualifications,200,183,17,4,5,1,7
S01006669,Level 1,179,99,80,63,8,6,3
S01006669,Level 2,340,289,51,22,10,3,16
S01006669,Level 3,59,36,23,18,2,0,3
S01006669,Level 4 and above,383,127,256,156,51,17,32
S01006670,All people aged 16 and over,901,711,190,91,53,18,28
S01006670,No qualifications,121,118,3,1,0,0,2
S01006670,Level 1,117,85,32,19,7,2,4
S01006670,Level 2,324,301,23,4,5,3,11
S01006670,Level 3,76,55,21,6,10,2,3
S01006670,Level 4 and above,263,152,111,61,31,11,8
S01006671,All people aged 16 and over,2355,1344,1011,837,66,44,64
S01006671,No qualifications,82,54,28,24,3,1,0
S01006671,Level 1,316,85,231,203,21,5,2
S01006671,Level 2,1088,940,148,82,11,17,38
S01006671,Level 3,196,86,110,90,12,5,3
S01006671,Level 4 and above,673,179,494,438,19,16,21
S01006672,All people aged 16 and over,685,514,171,40,73,33,25
S01006672,No qualifications,162,156,6,0,2,2,2
S01006672,Level 1,134,99,35,11,15,5,4
S01006672,Level 2,127,103,24,1,12,5,6
S01006672,Level 3,70,48,22,2,12,7,1
S01006672,Level 4 and above,192,108,84,26,32,14,12
S01006673,All people aged 16 and over,760,502,258,125,53,46,34
S01006673,No qualifications,131,110,21,1,6,6,8
S01006673,Level 1,137,100,37,18,8,7,4
S01006673,Level 2,146,131,15,4,6,4,1
S01006673,Level 3,78,50,28,12,7,5,4
S01006673,Level 4 and above,268,111,157,90,26,24,17
S01006674,All people aged 16 and over,779,588,191,26,86,46,33
S01006674,No qualifications,285,252,33,1,12,8,12
S01006674,Level 1,196,168,28,3,15,7,3
S01006674,Level 2,63,59,4,0,1,1,2
S01006674,Level 3,81,54,27,5,14,5,3
S01006674,Level 4 and above,154,55,99,17,44,25,13
S01006675,All people aged 16 and over,530,274,256,25,113,94,24
S01006675,No qualifications,118,84,34,6,13,9,6
S01006675,Level 1,153,103,50,4,26,14,6
S01006675,Level 2,54,32,22,2,13,5,2
S01006675,Level 3,65,25,40,2,17,18,3
S01006675,Level 4 and above,140,30,110,11,44,48,7
S01006676,All people aged 16 and over,606,430,176,38,74,48,16
S01006676,No qualifications,186,166,20,2,6,8,4
S01006676,Level 1,148,105,43,7,21,11,4
S01006676,Level 2,87,74,13,4,3,4,2
S01006676,Level 3,64,39,25,8,11,5,1
S01006676,Level 4 and above,121,46,75,17,33,20,5
S01006677,All people aged 16 and over,621,466,155,44,55,38,18
S01006677,No qualifications,172,151,21,6,10,4,1
S01006677,Level 1,165,135,30,8,6,13,3
S01006677,Level 2,83,65,18,10,2,2,4
S01006677,Level 3,56,40,16,2,6,5,3
S01006677,Level 4 and above,145,75,70,18,31,14,7
S01006678,All people aged 16 and over,935,660,275,47,127,71,30
S01006678,No qualifications,299,254,45,6,23,10,6
S01006678,Level 1,311,238,73,17,34,15,7
S01006678,Level 2,87,72,15,1,6,5,3
S01006678,Level 3,84,48,36,6,19,9,2
S01006678,Level 4 and above,154,48,106,17,45,32,12
S01006679,All people aged 16 and over,581,518,63,10,21,22,10
S01006679,No qualifications,161,151,10,5,4,1,0
S01006679,Level 1,126,115,11,0,5,5,1
S01006679,Level 2,86,86,0,0,0,0,0
S01006679,Level 3,54,47,7,0,6,1,0
S01006679,Level 4 and above,154,119,35,5,6,15,9
S01006680,All people aged 16 and over,668,395,273,33,151,57,32
S01006680,No qualifications,209,161,48,5,27,11,5
S01006680,Level 1,199,124,75,10,42,12,11
S01006680,Level 2,47,29,18,1,10,3,4
S01006680,Level 3,87,40,47,5,30,9,3
S01006680,Level 4 and above,126,41,85,12,42,22,9
S01006681,All people aged 16 and over,765,696,69,6,25,22,16
S01006681,No qualifications,306,297,9,0,5,0,4
S01006681,Level 1,170,162,8,1,2,1,4
S01006681,Level 2,86,77,9,0,3,3,3
S01006681,Level 3,63,53,10,0,6,3,1
S01006681,Level 4 and above,140,107,33,5,9,15,4
S01006682,All people aged 16 and over,662,414,248,55,102,59,32
S01006682,No qualifications,186,151,35,7,16,7,5
S01006682,Level 1,187,121,66,10,25,19,12
S01006682,Level 2,72,57,15,1,8,3,3
S01006682,Level 3,71,24,47,11,26,8,2
S01006682,Level 4 and above,146,61,85,26,27,22,10
S01006683,All people aged 16 and over,697,466,231,49,94,56,32
S01006683,No qualifications,134,104,30,9,8,4,9
S01006683,Level 1,170,117,53,10,26,6,11
S01006683,Level 2,119,93,26,5,6,9,6
S01006683,Level 3,74,52,22,5,14,3,0
S01006683,Level 4 and above,200,100,100,20,40,34,6
S01006684,All people aged 16 and over,605,432,173,32,63,55,23
S01006684,No qualifications,143,122,21,1,12,5,3
S01006684,Level 1,171,132,39,12,10,14,3
S01006684,Level 2,91,81,10,2,3,1,4
S01006684,Level 3,46,29,17,2,9,4,2
S01006684,Level 4 and above,154,68,86,15,29,31,11
S01006685,All people aged 16 and over,638,536,102,22,32,35,13
S01006685,No qualifications,178,170,8,2,3,1,2
S01006685,Level 1,172,143,29,8,10,9,2
S01006685,Level 2,76,72,4,2,0,1,1
S01006685,Level 3,74,63,11,1,4,5,1
S01006685,Level 4 and above,138,88,50,9,15,19,7
S01006686,All people aged 16 and over,521,447,74,9,27,22,16
S01006686,No qualifications,166,165,1,0,0,0,1
S01006686,Level 1,165,147,18,2,3,7,6
S01006686,Level 2,55,45,10,1,2,5,2
S01006686,Level 3,41,34,7,2,4,1,0
S01006686,Level 4 and above,94,56,38,4,18,9,7
S01006687,All people aged 16 and over,719,625,94,23,22,25,24
S01006687,No qualifications,217,208,9,1,1,1,6
S01006687,Level 1,173,161,12,2,2,1,7
S01006687,Level 2,103,97,6,1,1,0,4
S01006687,Level 3,58,52,6,2,1,3,0
S01006687,Level 4 and above,168,107,61,17,17,20,7
S01006688,All people aged 16 and over,851,802,49,5,17,14,13
S01006688,No qualifications,273,270,3,0,2,0,1
S01006688,Level 1,210,202,8,0,4,2,2
S01006688,Level 2,113,109,4,0,3,1,0
S01006688,Level 3,64,60,4,0,0,2,2
S01006688,Level 4 and above,191,161,30,5,8,9,8
S01006689,All people aged 16 and over,546,438,108,22,30,28,28
S01006689,No qualifications,44,42,2,0,0,0,2
S01006689,Level 1,77,69,8,1,2,2,3
S01006689,Level 2,98,83,15,5,4,2,4
S01006689,Level 3,63,52,11,4,2,2,3
S01006689,Level 4 and above,264,192,72,12,22,22,16
S01006690,All people aged 16 and over,533,436,97,28,24,24,21
S01006690,No qualifications,102,100,2,0,0,0,2
S01006690,Level 1,100,84,16,8,4,1,3
S01006690,Level 2,102,86,16,4,2,4,6
S01006690,Level 3,48,41,7,3,2,1,1
S01006690,Level 4 and above,181,125,56,13,16,18,9
S01006691,All people aged 16 and over,497,389,108,25,36,24,23
S01006691,No qualifications,70,64,6,0,4,0,2
S01006691,Level 1,101,83,18,8,9,1,0
S01006691,Level 2,78,67,11,1,4,1,5
S01006691,Level 3,46,39,7,0,3,2,2
S01006691,Level 4 and above,202,136,66,16,16,20,14
S01006692,All people aged 16 and over,669,590,79,20,16,21,22
S01006692,No qualifications,127,119,8,2,3,0,3
S01006692,Level 1,115,106,9,0,4,3,2
S01006692,Level 2,126,121,5,3,1,0,1
S01006692,Level 3,51,44,7,3,0,3,1
S01006692,Level 4 and above,250,200,50,12,8,15,15
S01006693,All people aged 16 and over,834,646,188,56,53,38,41
S01006693,No qualifications,137,124,13,4,1,3,5
S01006693,Level 1,199,166,33,13,10,5,5
S01006693,Level 2,130,122,8,3,2,0,3
S01006693,Level 3,78,54,24,6,10,3,5
S01006693,Level 4 and above,290,180,110,30,30,27,23
S01006694,All people aged 16 and over,735,688,47,9,16,12,10
S01006694,No qualifications,340,337,3,0,0,0,3
S01006694,Level 1,212,205,7,0,3,1,3
S01006694,Level 2,49,49,0,0,0,0,0
S01006694,Level 3,43,37,6,0,4,1,1
S01006694,Level 4 and above,91,60,31,9,9,10,3
S01006695,All people aged 16 and over,608,540,68,11,28,12,17
S01006695,No qualifications,187,181,6,0,3,0,3
S01006695,Level 1,175,168,7,2,3,2,0
S01006695,Level 2,67,66,1,0,1,0,0
S01006695,Level 3,70,63,7,2,3,0,2
S01006695,Level 4 and above,109,62,47,7,18,10,12
S01006696,All people aged 16 and over,695,576,119,43,34,26,16
S01006696,No qualifications,210,206,4,1,2,0,1
S01006696,Level 1,201,183,18,11,1,4,2
S01006696,Level 2,84,70,14,3,3,2,6
S01006696,Level 3,68,52,16,7,5,2,2
S01006696,Level 4 and above,132,65,67,21,23,18,5
S01006697,All people aged 16 and over,772,646,126,31,54,26,15
S01006697,No qualifications,228,213,15,2,7,0,6
S01006697,Level 1,243,215,28,11,14,0,3
S01006697,Level 2,94,84,10,3,5,0,2
S01006697,Level 3,54,43,11,1,5,4,1
S01006697,Level 4 and above,153,91,62,14,23,22,3
S01006698,All people aged 16 and over,608,511,97,30,36,16,15
S01006698,No qualifications,218,210,8,0,3,1,4
S01006698,Level 1,145,128,17,6,4,2,5
S01006698,Level 2,76,60,16,9,4,2,1
S01006698,Level 3,51,43,8,3,5,0,0
S01006698,Level 4 and above,118,70,48,12,20,11,5
S01006699,All people aged 16 and over,410,341,69,27,22,14,6
S01006699,No qualifications,88,85,3,1,2,0,0
S01006699,Level 1,117,102,15,9,3,0,3
S01006699,Level 2,34,30,4,2,0,1,1
S01006699,Level 3,30,26,4,2,1,0,1
S01006699,Level 4 and above,141,98,43,13,16,13,1
S01006700,All people aged 16 and over,754,630,124,41,29,31,23
S01006700,No qualifications,184,175,9,3,1,1,4
S01006700,Level 1,183,163,20,9,3,4,4
S01006700,Level 2,93,79,14,9,2,0,3
S01006700,Level 3,68,55,13,3,5,3,2
S01006700,Level 4 and above,226,158,68,17,18,23,10
S01006701,All people aged 16 and over,554,520,34,5,18,6,5
S01006701,No qualifications,186,180,6,1,2,0,3
S01006701,Level 1,209,203,6,1,4,0,1
S01006701,Level 2,57,57,0,0,0,0,0
S01006701,Level 3,42,41,1,0,1,0,0
S01006701,Level 4 and above,60,39,21,3,11,6,1
S01006702,All people aged 16 and over,635,604,31,1,15,7,8
S01006702,No qualifications,245,238,7,0,3,2,2
S01006702,Level 1,207,205,2,1,0,1,0
S01006702,Level 2,65,65,0,0,0,0,0
S01006702,Level 3,57,53,4,0,2,1,1
S01006702,Level 4 and above,61,43,18,0,10,3,5
S01006703,All people aged 16 and over,522,461,61,12,21,21,7
S01006703,No qualifications,179,172,7,0,5,0,2
S01006703,Level 1,175,161,14,6,4,1,3
S01006703,Level 2,52,48,4,2,1,0,1
S01006703,Level 3,37,30,7,1,2,4,0
S01006703,Level 4 and above,79,50,29,3,9,16,1
S01006704,All people aged 16 and over,481,448,33,6,15,7,5
S01006704,No qualifications,175,170,5,1,1,0,3
S01006704,Level 1,169,159,10,4,3,3,0
S01006704,Level 2,42,40,2,0,1,0,1
S01006704,Level 3,43,41,2,0,1,0,1
S01006704,Level 4 and above,52,38,14,1,9,4,0
S01006705,All people aged 16 and over,627,589,38,11,14,4,9
S01006705,No qualifications,248,240,8,1,3,1,3
S01006705,Level 1,226,220,6,2,2,0,2
S01006705,Level 2,52,51,1,0,1,0,0
S01006705,Level 3,41,36,5,2,2,1,0
S01006705,Level 4 and above,60,42,18,6,6,2,4
S01006706,All people aged 16 and over,495,452,43,6,13,17,7
S01006706,No qualifications,153,151,2,0,1,1,0
S01006706,Level 1,159,156,3,0,2,0,1
S01006706,Level 2,63,60,3,1,2,0,0
S01006706,Level 3,40,38,2,0,0,1,1
S01006706,Level 4 and above,80,47,33,5,8,15,5
S01006707,All people aged 16 and over,543,485,58,8,16,22,12
S01006707,No qualifications,190,183,7,1,1,2,3
S01006707,Level 1,171,161,10,1,4,2,3
S01006707,Level 2,54,51,3,1,0,1,1
S01006707,Level 3,40,39,1,0,0,1,0
S01006707,Level 4 and above,88,51,37,5,11,16,5
S01006708,All people aged 16 and over,668,594,74,14,17,28,15
S01006708,No qualifications,222,219,3,0,0,0,3
S01006708,Level 1,218,205,13,3,1,5,4
S01006708,Level 2,57,51,6,0,0,4,2
S01006708,Level 3,56,47,9,1,2,6,0
S01006708,Level 4 and above,115,72,43,10,14,13,6
S01006709,All people aged 16 and over,678,628,50,4,20,17,9
S01006709,No qualifications,218,211,7,1,3,1,2
S01006709,Level 1,245,236,9,1,4,3,1
S01006709,Level 2,73,70,3,0,0,2,1
S01006709,Level 3,60,53,7,1,5,0,1
S01006709,Level 4 and above,82,58,24,1,8,11,4
S01006710,All people aged 16 and over,753,722,31,0,9,6,16
S01006710,No qualifications,301,292,9,0,1,0,8
S01006710,Level 1,212,207,5,0,0,0,5
S01006710,Level 2,93,90,3,0,1,1,1
S01006710,Level 3,54,53,1,0,0,1,0
S01006710,Level 4 and above,93,80,13,0,7,4,2
S01006711,All people aged 16 and over,807,778,29,3,4,5,17
S01006711,No qualifications,295,288,7,0,0,1,6
S01006711,Level 1,245,240,5,0,1,0,4
S01006711,Level 2,99,97,2,0,0,0,2
S01006711,Level 3,55,54,1,0,0,0,1
S01006711,Level 4 and above,113,99,14,3,3,4,4
S01006712,All people aged 16 and over,454,434,20,1,4,6,9
S01006712,No qualifications,178,177,1,0,0,0,1
S01006712,Level 1,147,138,9,1,1,2,5
S01006712,Level 2,45,45,0,0,0,0,0
S01006712,Level 3,32,32,0,0,0,0,0
S01006712,Level 4 and above,52,42,10,0,3,4,3
S01006713,All people aged 16 and over,788,736,52,8,9,17,18
S01006713,No qualifications,310,300,10,4,1,0,5
S01006713,Level 1,263,252,11,0,3,3,5
S01006713,Level 2,84,76,8,3,0,1,4
S01006713,Level 3,49,43,6,0,1,4,1
S01006713,Level 4 and above,82,65,17,1,4,9,3
S01006714,All people aged 16 and over,589,559,30,4,6,9,11
S01006714,No qualifications,227,221,6,0,2,0,4
S01006714,Level 1,168,164,4,0,0,1,3
S01006714,Level 2,61,60,1,0,0,0,1
S01006714,Level 3,50,47,3,1,0,0,2
S01006714,Level 4 and above,83,67,16,3,4,8,1
S01006715,All people aged 16 and over,439,397,42,8,17,7,10
S01006715,No qualifications,154,146,8,0,1,3,4
S01006715,Level 1,160,155,5,0,3,1,1
S01006715,Level 2,39,35,4,0,2,0,2
S01006715,Level 3,28,24,4,1,3,0,0
S01006715,Level 4 and above,58,37,21,7,8,3,3
S01006716,All people aged 16 and over,496,457,39,7,20,4,8
S01006716,No qualifications,160,156,4,0,2,0,2
S01006716,Level 1,188,182,6,3,0,1,2
S01006716,Level 2,56,55,1,1,0,0,0
S01006716,Level 3,37,36,1,0,1,0,0
S01006716,Level 4 and above,55,28,27,3,17,3,4
S01006717,All people aged 16 and over,819,770,49,2,15,19,13
S01006717,No qualifications,324,319,5,0,1,1,3
S01006717,Level 1,248,242,6,0,2,3,1
S01006717,Level 2,83,79,4,0,0,1,3
S01006717,Level 3,60,55,5,0,2,0,3
S01006717,Level 4 and above,104,75,29,2,10,14,3
S01006718,All people aged 16 and over,519,460,59,13,18,16,12
S01006718,No qualifications,190,183,7,2,2,0,3
S01006718,Level 1,192,180,12,3,5,3,1
S01006718,Level 2,50,42,8,2,4,2,0
S01006718,Level 3,31,26,5,1,2,1,1
S01006718,Level 4 and above,56,29,27,5,5,10,7
S01006719,All people aged 16 and over,724,685,39,7,9,18,5
S01006719,No qualifications,243,240,3,1,0,2,0
S01006719,Level 1,239,231,8,0,0,4,4
S01006719,Level 2,89,88,1,0,0,1,0
S01006719,Level 3,58,54,4,0,2,2,0
S01006719,Level 4 and above,95,72,23,6,7,9,1
S01006720,All people aged 16 and over,477,431,46,4,15,11,16
S01006720,No qualifications,168,162,6,0,1,0,5
S01006720,Level 1,159,151,8,0,3,0,5
S01006720,Level 2,44,42,2,0,1,1,0
S01006720,Level 3,40,34,6,2,2,1,1
S01006720,Level 4 and above,66,42,24,2,8,9,5
S01006721,All people aged 16 and over,735,685,50,5,16,15,14
S01006721,No qualifications,265,262,3,0,0,0,3
S01006721,Level 1,271,263,8,1,3,1,3
S01006721,Level 2,62,60,2,0,0,0,2
S01006721,Level 3,49,41,8,1,2,3,2
S01006721,Level 4 and above,88,59,29,3,11,11,4
S01006722,All people aged 16 and over,619,555,64,6,31,17,10
S01006722,No qualifications,205,198,7,0,5,2,0
S01006722,Level 1,223,215,8,0,2,3,3
S01006722,Level 2,53,48,5,1,0,1,3
S01006722,Level 3,46,41,5,0,2,3,0
S01006722,Level 4 and above,92,53,39,5,22,8,4
S01006723,All people aged 16 and over,553,517,36,4,16,5,11
S01006723,No qualifications,191,188,3,0,1,0,2
S01006723,Level 1,179,171,8,1,3,0,4
S01006723,Level 2,72,70,2,0,0,0,2
S01006723,Level 3,31,29,2,0,0,1,1
S01006723,Level 4 and above,80,59,21,3,12,4,2
S01006724,All people aged 16 and over,687,601,86,7,30,32,17
S01006724,No qualifications,225,220,5,0,2,0,3
S01006724,Level 1,281,250,31,3,6,15,7
S01006724,Level 2,60,55,5,0,0,1,4
S01006724,Level 3,36,26,10,2,4,2,2
S01006724,Level 4 and above,85,50,35,2,18,14,1
S01006725,All people aged 16 and over,532,491,41,1,19,10,11
S01006725,No qualifications,196,192,4,1,0,0,3
S01006725,Level 1,179,165,14,0,6,3,5
S01006725,Level 2,61,59,2,0,0,1,1
S01006725,Level 3,46,39,7,0,5,1,1
S01006725,Level 4 and above,50,36,14,0,8,5,1
S01006726,All people aged 16 and over,985,680,305,65,136,80,24
S01006726,No qualifications,297,235,62,15,33,11,3
S01006726,Level 1,327,257,70,17,29,17,7
S01006726,Level 2,97,76,21,1,9,5,6
S01006726,Level 3,97,53,44,14,20,7,3
S01006726,Level 4 and above,167,59,108,18,45,40,5
S01006727,All people aged 16 and over,784,603,181,14,95,55,17
S01006727,No qualifications,294,263,31,0,18,8,5
S01006727,Level 1,262,210,52,9,22,18,3
S01006727,Level 2,76,61,15,3,7,2,3
S01006727,Level 3,60,41,19,0,10,6,3
S01006727,Level 4 and above,92,28,64,2,38,21,3
S01006728,All people aged 16 and over,588,509,79,11,31,23,14
S01006728,No qualifications,193,188,5,0,1,0,4
S01006728,Level 1,190,176,14,1,7,2,4
S01006728,Level 2,52,46,6,2,0,1,3
S01006728,Level 3,55,44,11,2,2,7,0
S01006728,Level 4 and above,98,55,43,6,21,13,3
S01006729,All people aged 16 and over,639,538,101,18,34,32,17
S01006729,No qualifications,249,242,7,0,2,1,4
S01006729,Level 1,200,179,21,5,8,4,4
S01006729,Level 2,55,41,14,5,3,5,1
S01006729,Level 3,43,31,12,1,6,3,2
S01006729,Level 4 and above,92,45,47,7,15,19,6
S01006730,All people aged 16 and over,579,517,62,8,23,15,16
S01006730,No qualifications,181,170,11,0,5,2,4
S01006730,Level 1,189,176,13,2,3,3,5
S01006730,Level 2,70,66,4,1,3,0,0
S01006730,Level 3,42,37,5,1,0,1,3
S01006730,Level 4 and above,97,68,29,4,12,9,4
S01006731,All people aged 16 and over,482,457,25,1,4,11,9
S01006731,No qualifications,190,186,4,0,1,0,3
S01006731,Level 1,168,157,11,0,2,5,4
S01006731,Level 2,51,49,2,0,0,1,1
S01006731,Level 3,26,23,3,0,0,2,1
S01006731,Level 4 and above,47,42,5,1,1,3,0
S01006732,All people aged 16 and over,858,756,102,16,26,15,45
S01006732,No qualifications,130,121,9,0,2,1,6
S01006732,Level 1,167,154,13,4,3,0,6
S01006732,Level 2,129,120,9,0,1,1,7
S01006732,Level 3,118,108,10,2,5,0,3
S01006732,Level 4 and above,314,253,61,10,15,13,23
S01006733,All people aged 16 and over,646,558,88,11,15,18,44
S01006733,No qualifications,43,39,4,0,1,0,3
S01006733,Level 1,136,125,11,0,3,1,7
S01006733,Level 2,93,87,6,0,0,1,5
S01006733,Level 3,78,71,7,0,1,0,6
S01006733,Level 4 and above,296,236,60,11,10,16,23
S01006734,All people aged 16 and over,756,643,113,22,19,35,37
S01006734,No qualifications,118,113,5,1,0,0,4
S01006734,Level 1,148,138,10,2,1,0,7
S01006734,Level 2,92,87,5,2,0,1,2
S01006734,Level 3,78,70,8,2,1,0,5
S01006734,Level 4 and above,320,235,85,15,17,34,19
S01006735,All people aged 16 and over,501,440,61,17,9,9,26
S01006735,No qualifications,72,60,12,3,0,1,8
S01006735,Level 1,80,74,6,0,0,2,4
S01006735,Level 2,73,70,3,0,1,0,2
S01006735,Level 3,42,39,3,0,1,0,2
S01006735,Level 4 and above,234,197,37,14,7,6,10
S01006736,All people aged 16 and over,772,667,105,13,24,34,34
S01006736,No qualifications,40,37,3,0,1,0,2
S01006736,Level 1,147,141,6,0,0,1,5
S01006736,Level 2,118,113,5,1,0,0,4
S01006736,Level 3,113,104,9,2,1,1,5
S01006736,Level 4 and above,354,272,82,10,22,32,18
S01006737,All people aged 16 and over,544,472,72,14,19,20,19
S01006737,No qualifications,80,78,2,1,0,0,1
S01006737,Level 1,116,103,13,0,3,3,7
S01006737,Level 2,75,71,4,2,0,0,2
S01006737,Level 3,63,58,5,1,2,2,0
S01006737,Level 4 and above,210,162,48,10,14,15,9
S01006738,All people aged 16 and over,714,639,75,12,28,19,16
S01006738,No qualifications,119,116,3,2,0,0,1
S01006738,Level 1,203,192,11,1,4,4,2
S01006738,Level 2,102,100,2,0,0,2,0
S01006738,Level 3,92,84,8,3,2,0,3
S01006738,Level 4 and above,198,147,51,6,22,13,10
S01006739,All people aged 16 and over,529,464,65,11,29,16,9
S01006739,No qualifications,103,97,6,2,4,0,0
S01006739,Level 1,142,129,13,3,7,2,1
S01006739,Level 2,84,83,1,0,0,0,1
S01006739,Level 3,64,60,4,0,2,0,2
S01006739,Level 4 and above,136,95,41,6,16,14,5
S01006740,All people aged 16 and over,637,605,32,1,11,5,15
S01006740,No qualifications,208,202,6,0,0,0,6
S01006740,Level 1,190,190,0,0,0,0,0
S01006740,Level 2,72,66,6,1,2,0,3
S01006740,Level 3,64,60,4,0,1,2,1
S01006740,Level 4 and above,103,87,16,0,8,3,5
S01006741,All people aged 16 and over,596,570,26,4,13,4,5
S01006741,No qualifications,253,250,3,0,1,0,2
S01006741,Level 1,164,161,3,1,1,0,1
S01006741,Level 2,45,44,1,0,1,0,0
S01006741,Level 3,43,40,3,0,2,1,0
S01006741,Level 4 and above,91,75,16,3,8,3,2
S01006742,All people aged 16 and over,388,366,22,2,9,4,7
S01006742,No qualifications,149,148,1,0,0,0,1
S01006742,Level 1,115,109,6,0,2,1,3
S01006742,Level 2,38,37,1,0,0,1,0
S01006742,Level 3,22,21,1,0,0,0,1
S01006742,Level 4 and above,64,51,13,2,7,2,2
S01006743,All people aged 16 and over,481,459,22,1,3,8,10
S01006743,No qualifications,127,123,4,0,0,0,4
S01006743,Level 1,133,127,6,0,0,4,2
S01006743,Level 2,73,73,0,0,0,0,0
S01006743,Level 3,47,45,2,0,0,2,0
S01006743,Level 4 and above,101,91,10,1,3,2,4
S01006744,All people aged 16 and over,524,489,35,4,13,11,7
S01006744,No qualifications,123,118,5,0,1,3,1
S01006744,Level 1,139,130,9,4,3,1,1
S01006744,Level 2,72,70,2,0,0,1,1
S01006744,Level 3,64,61,3,0,2,1,0
S01006744,Level 4 and above,126,110,16,0,7,5,4
S01006745,All people aged 16 and over,707,660,47,15,15,4,13
S01006745,No qualifications,249,233,16,4,6,0,6
S01006745,Level 1,216,210,6,3,0,3,0
S01006745,Level 2,73,70,3,1,0,0,2
S01006745,Level 3,67,63,4,0,2,0,2
S01006745,Level 4 and above,102,84,18,7,7,1,3
S01006746,All people aged 16 and over,712,684,28,4,9,5,10
S01006746,No qualifications,230,228,2,0,0,0,2
S01006746,Level 1,246,241,5,1,2,0,2
S01006746,Level 2,80,77,3,0,1,0,2
S01006746,Level 3,65,63,2,0,0,2,0
S01006746,Level 4 and above,91,75,16,3,6,3,4
S01006747,All people aged 16 and over,728,691,37,6,8,5,18
S01006747,No qualifications,160,158,2,0,0,0,2
S01006747,Level 1,177,176,1,0,0,0,1
S01006747,Level 2,103,100,3,0,0,0,3
S01006747,Level 3,85,84,1,0,0,0,1
S01006747,Level 4 and above,203,173,30,6,8,5,11
S01006748,All people aged 16 and over,772,707,65,20,16,12,17
S01006748,No qualifications,156,151,5,1,0,0,4
S01006748,Level 1,212,206,6,0,3,0,3
S01006748,Level 2,108,106,2,0,0,1,1
S01006748,Level 3,80,75,5,3,0,0,2
S01006748,Level 4 and above,216,169,47,16,13,11,7
S01006749,All people aged 16 and over,773,704,69,12,16,12,29
S01006749,No qualifications,236,225,11,1,0,3,7
S01006749,Level 1,254,236,18,2,4,1,11
S01006749,Level 2,86,83,3,0,0,2,1
S01006749,Level 3,65,61,4,0,3,1,0
S01006749,Level 4 and above,132,99,33,9,9,5,10
S01006750,All people aged 16 and over,627,596,31,9,8,2,12
S01006750,No qualifications,234,232,2,1,0,0,1
S01006750,Level 1,178,173,5,2,0,0,3
S01006750,Level 2,74,68,6,0,1,0,5
S01006750,Level 3,45,45,0,0,0,0,0
S01006750,Level 4 and above,96,78,18,6,7,2,3
S01006751,All people aged 16 and over,436,413,23,4,5,1,13
S01006751,No qualifications,156,153,3,0,0,0,3
S01006751,Level 1,109,106,3,0,1,0,2
S01006751,Level 2,57,56,1,0,0,0,1
S01006751,Level 3,35,34,1,0,1,0,0
S01006751,Level 4 and above,79,64,15,4,3,1,7
S01006752,All people aged 16 and over,596,555,41,6,12,2,21
S01006752,No qualifications,213,207,6,0,1,0,5
S01006752,Level 1,162,151,11,1,2,1,7
S01006752,Level 2,66,64,2,0,0,0,2
S01006752,Level 3,64,59,5,1,2,0,2
S01006752,Level 4 and above,91,74,17,4,7,1,5
S01006753,All people aged 16 and over,779,742,37,5,10,3,19
S01006753,No qualifications,177,174,3,0,0,0,3
S01006753,Level 1,198,193,5,2,2,0,1
S01006753,Level 2,105,104,1,0,0,0,1
S01006753,Level 3,95,89,6,0,3,1,2
S01006753,Level 4 and above,204,182,22,3,5,2,12
S01006754,All people aged 16 and over,808,773,35,4,10,5,16
S01006754,No qualifications,163,160,3,0,2,0,1
S01006754,Level 1,234,228,6,1,2,0,3
S01006754,Level 2,112,110,2,0,0,1,1
S01006754,Level 3,89,85,4,0,3,0,1
S01006754,Level 4 and above,210,190,20,3,3,4,10
S01006755,All people aged 16 and over,574,519,55,7,17,15,16
S01006755,No qualifications,73,71,2,1,1,0,0
S01006755,Level 1,160,152,8,4,0,0,4
S01006755,Level 2,80,77,3,0,1,1,1
S01006755,Level 3,74,68,6,0,4,1,1
S01006755,Level 4 and above,187,151,36,2,11,13,10
S01006756,All people aged 16 and over,616,526,90,19,12,24,35
S01006756,No qualifications,106,103,3,1,1,1,0
S01006756,Level 1,92,87,5,0,0,1,4
S01006756,Level 2,86,80,6,0,2,1,3
S01006756,Level 3,78,70,8,2,1,2,3
S01006756,Level 4 and above,254,186,68,16,8,19,25
S01006757,All people aged 16 and over,749,708,41,2,13,10,16
S01006757,No qualifications,182,180,2,0,0,0,2
S01006757,Level 1,180,171,9,1,2,2,4
S01006757,Level 2,116,111,5,0,2,0,3
S01006757,Level 3,77,74,3,0,0,2,1
S01006757,Level 4 and above,194,172,22,1,9,6,6
S01006758,All people aged 16 and over,599,576,23,1,6,6,10
S01006758,No qualifications,78,77,1,0,0,0,1
S01006758,Level 1,173,171,2,0,1,0,1
S01006758,Level 2,93,91,2,0,0,0,2
S01006758,Level 3,70,69,1,0,0,0,1
S01006758,Level 4 and above,185,168,17,1,5,6,5
S01006759,All people aged 16 and over,492,464,28,3,1,5,19
S01006759,No qualifications,87,81,6,2,0,0,4
S01006759,Level 1,139,135,4,0,0,0,4
S01006759,Level 2,84,82,2,0,0,1,1
S01006759,Level 3,58,57,1,0,0,0,1
S01006759,Level 4 and above,124,109,15,1,1,4,9
S01006760,All people aged 16 and over,421,394,27,5,8,9,5
S01006760,No qualifications,62,62,0,0,0,0,0
S01006760,Level 1,121,118,3,0,2,0,1
S01006760,Level 2,68,66,2,0,0,0,2
S01006760,Level 3,57,56,1,0,0,1,0
S01006760,Level 4 and above,113,92,21,5,6,8,2
S01006761,All people aged 16 and over,629,606,23,0,7,3,13
S01006761,No qualifications,140,136,4,0,1,1,2
S01006761,Level 1,177,174,3,0,0,0,3
S01006761,Level 2,87,84,3,0,1,1,1
S01006761,Level 3,65,64,1,0,0,0,1
S01006761,Level 4 and above,160,148,12,0,5,1,6
S01006762,All people aged 16 and over,718,672,46,4,6,12,24
S01006762,No qualifications,232,222,10,0,0,3,7
S01006762,Level 1,154,150,4,0,2,1,1
S01006762,Level 2,99,98,1,0,0,0,1
S01006762,Level 3,57,50,7,2,1,2,2
S01006762,Level 4 and above,176,152,24,2,3,6,13
S01006763,All people aged 16 and over,667,588,79,7,27,15,30
S01006763,No qualifications,49,44,5,1,1,0,3
S01006763,Level 1,210,199,11,0,3,1,7
S01006763,Level 2,111,104,7,0,1,0,6
S01006763,Level 3,88,81,7,0,5,0,2
S01006763,Level 4 and above,209,160,49,6,17,14,12
S01006764,All people aged 16 and over,665,605,60,7,23,8,22
S01006764,No qualifications,71,68,3,2,1,0,0
S01006764,Level 1,208,194,14,3,5,1,5
S01006764,Level 2,114,111,3,0,0,0,3
S01006764,Level 3,76,74,2,0,0,1,1
S01006764,Level 4 and above,196,158,38,2,17,6,13
S01006765,All people aged 16 and over,500,472,28,5,6,8,9
S01006765,No qualifications,58,56,2,0,0,0,2
S01006765,Level 1,166,164,2,0,2,0,0
S01006765,Level 2,84,80,4,0,0,1,3
S01006765,Level 3,56,55,1,1,0,0,0
S01006765,Level 4 and above,136,117,19,4,4,7,4
S01006766,All people aged 16 and over,505,475,30,1,1,8,20
S01006766,No qualifications,44,42,2,0,0,0,2
S01006766,Level 1,129,123,6,1,0,0,5
S01006766,Level 2,102,96,6,0,0,3,3
S01006766,Level 3,59,56,3,0,0,0,3
S01006766,Level 4 and above,171,158,13,0,1,5,7
S01006767,All people aged 16 and over,591,556,35,2,11,6,16
S01006767,No qualifications,156,149,7,0,0,0,7
S01006767,Level 1,169,165,4,0,2,1,1
S01006767,Level 2,104,102,2,0,0,0,2
S01006767,Level 3,48,44,4,1,1,0,2
S01006767,Level 4 and above,114,96,18,1,8,5,4
S01006768,All people aged 16 and over,507,475,32,1,0,0,31
S01006768,No qualifications,58,48,10,0,0,0,10
S01006768,Level 1,117,112,5,0,0,0,5
S01006768,Level 2,94,93,1,0,0,0,1
S01006768,Level 3,63,62,1,0,0,0,1
S01006768,Level 4 and above,175,160,15,1,0,0,14
S01006769,All people aged 16 and over,793,753,40,10,10,6,14
S01006769,No qualifications,199,196,3,1,0,0,2
S01006769,Level 1,221,214,7,2,3,0,2
S01006769,Level 2,97,96,1,0,1,0,0
S01006769,Level 3,77,73,4,0,1,2,1
S01006769,Level 4 and above,199,174,25,7,5,4,9
S01006770,All people aged 16 and over,567,545,22,5,3,6,8
S01006770,No qualifications,122,121,1,0,0,0,1
S01006770,Level 1,146,143,3,1,0,1,1
S01006770,Level 2,87,86,1,0,0,0,1
S01006770,Level 3,56,54,2,1,0,0,1
S01006770,Level 4 and above,156,141,15,3,3,5,4
S01006771,All people aged 16 and over,378,331,47,7,7,10,23
S01006771,No qualifications,41,30,11,3,0,0,8
S01006771,Level 1,112,105,7,2,1,0,4
S01006771,Level 2,70,67,3,0,0,1,2
S01006771,Level 3,45,39,6,1,2,0,3
S01006771,Level 4 and above,110,90,20,1,4,9,6
S01006772,All people aged 16 and over,728,675,53,1,10,13,29
S01006772,No qualifications,143,129,14,0,2,2,10
S01006772,Level 1,210,200,10,0,2,1,7
S01006772,Level 2,112,108,4,0,0,2,2
S01006772,Level 3,81,79,2,0,1,0,1
S01006772,Level 4 and above,182,159,23,1,5,8,9
S01006773,All people aged 16 and over,604,555,49,1,7,13,28
S01006773,No qualifications,149,137,12,0,0,1,11
S01006773,Level 1,141,138,3,0,0,1,2
S01006773,Level 2,101,97,4,0,0,2,2
S01006773,Level 3,56,51,5,0,1,0,4
S01006773,Level 4 and above,157,132,25,1,6,9,9
S01006774,All people aged 16 and over,540,491,49,1,5,7,36
S01006774,No qualifications,82,66,16,0,0,1,15
S01006774,Level 1,144,138,6,0,1,1,4
S01006774,Level 2,108,102,6,0,1,1,4
S01006774,Level 3,59,57,2,0,0,0,2
S01006774,Level 4 and above,147,128,19,1,3,4,11
S01006775,All people aged 16 and over,549,506,43,7,16,3,17
S01006775,No qualifications,138,133,5,1,0,0,4
S01006775,Level 1,168,162,6,1,3,0,2
S01006775,Level 2,81,78,3,0,1,0,2
S01006775,Level 3,52,44,8,2,4,0,2
S01006775,Level 4 and above,110,89,21,3,8,3,7
S01006776,All people aged 16 and over,447,410,37,1,15,4,17
S01006776,No qualifications,192,181,11,0,0,0,11
S01006776,Level 1,113,110,3,0,3,0,0
S01006776,Level 2,43,41,2,0,0,0,2
S01006776,Level 3,36,26,10,0,7,2,1
S01006776,Level 4 and above,63,52,11,1,5,2,3
S01006777,All people aged 16 and over,553,533,20,4,3,2,11
S01006777,No qualifications,98,98,0,0,0,0,0
S01006777,Level 1,159,156,3,0,0,1,2
S01006777,Level 2,95,93,2,1,1,0,0
S01006777,Level 3,71,67,4,1,0,1,2
S01006777,Level 4 and above,130,119,11,2,2,0,7
S01006778,All people aged 16 and over,566,548,18,2,4,5,7
S01006778,No qualifications,146,145,1,0,0,0,1
S01006778,Level 1,163,160,3,0,1,0,2
S01006778,Level 2,86,86,0,0,0,0,0
S01006778,Level 3,59,57,2,1,0,0,1
S01006778,Level 4 and above,112,100,12,1,3,5,3
S01006779,All people aged 16 and over,527,490,37,8,4,12,13
S01006779,No qualifications,220,216,4,0,0,0,4
S01006779,Level 1,118,109,9,4,1,1,3
S01006779,Level 2,53,52,1,0,1,0,0
S01006779,Level 3,43,42,1,0,0,0,1
S01006779,Level 4 and above,93,71,22,4,2,11,5
S01006780,All people aged 16 and over,498,470,28,5,9,4,10
S01006780,No qualifications,129,129,0,0,0,0,0
S01006780,Level 1,124,120,4,0,2,0,2
S01006780,Level 2,74,70,4,0,0,1,3
S01006780,Level 3,55,54,1,0,0,0,1
S01006780,Level 4 and above,116,97,19,5,7,3,4
S01006781,All people aged 16 and over,607,567,40,3,8,5,24
S01006781,No qualifications,146,135,11,1,0,0,10
S01006781,Level 1,168,163,5,1,1,1,2
S01006781,Level 2,109,107,2,0,1,0,1
S01006781,Level 3,48,44,4,0,1,1,2
S01006781,Level 4 and above,136,118,18,1,5,3,9
S01006782,All people aged 16 and over,624,557,67,19,6,14,28
S01006782,No qualifications,120,116,4,0,0,0,4
S01006782,Level 1,177,158,19,5,2,6,6
S01006782,Level 2,85,79,6,0,1,3,2
S01006782,Level 3,67,64,3,0,0,0,3
S01006782,Level 4 and above,175,140,35,14,3,5,13
S01006783,All people aged 16 and over,585,544,41,2,10,11,18
S01006783,No qualifications,166,162,4,0,0,0,4
S01006783,Level 1,157,154,3,0,0,0,3
S01006783,Level 2,72,68,4,0,2,1,1
S01006783,Level 3,54,50,4,1,1,1,1
S01006783,Level 4 and above,136,110,26,1,7,9,9
S01006784,All people aged 16 and over,548,484,64,23,12,10,19
S01006784,No qualifications,87,86,1,0,0,0,1
S01006784,Level 1,115,107,8,4,2,0,2
S01006784,Level 2,80,78,2,0,0,1,1
S01006784,Level 3,66,58,8,1,4,1,2
S01006784,Level 4 and above,200,155,45,18,6,8,13
S01006785,All people aged 16 and over,495,455,40,3,8,12,17
S01006785,No qualifications,67,60,7,0,2,0,5
S01006785,Level 1,143,138,5,1,1,0,3
S01006785,Level 2,83,81,2,0,0,1,1
S01006785,Level 3,60,58,2,0,1,0,1
S01006785,Level 4 and above,142,118,24,2,4,11,7
S01006786,All people aged 16 and over,672,603,69,8,17,4,40
S01006786,No qualifications,107,92,15,1,3,0,11
S01006786,Level 1,148,138,10,1,0,1,8
S01006786,Level 2,113,105,8,0,4,0,4
S01006786,Level 3,84,79,5,1,1,1,2
S01006786,Level 4 and above,220,189,31,5,9,2,15
S01006787,All people aged 16 and over,569,530,39,8,11,5,15
S01006787,No qualifications,142,137,5,2,2,0,1
S01006787,Level 1,138,135,3,1,0,1,1
S01006787,Level 2,73,69,4,0,1,0,3
S01006787,Level 3,71,66,5,0,2,0,3
S01006787,Level 4 and above,145,123,22,5,6,4,7
S01006788,All people aged 16 and over,662,598,64,9,13,16,26
S01006788,No qualifications,143,131,12,2,1,2,7
S01006788,Level 1,163,153,10,0,4,2,4
S01006788,Level 2,110,102,8,1,2,1,4
S01006788,Level 3,69,63,6,1,1,1,3
S01006788,Level 4 and above,177,149,28,5,5,10,8
S01006789,All people aged 16 and over,552,500,52,5,11,10,26
S01006789,No qualifications,124,116,8,1,4,1,2
S01006789,Level 1,138,130,8,0,1,3,4
S01006789,Level 2,51,49,2,0,1,0,1
S01006789,Level 3,49,43,6,0,1,1,4
S01006789,Level 4 and above,190,162,28,4,4,5,15
S01006790,All people aged 16 and over,766,726,40,2,6,7,25
S01006790,No qualifications,183,179,4,0,0,1,3
S01006790,Level 1,202,195,7,0,1,0,6
S01006790,Level 2,112,108,4,0,0,1,3
S01006790,Level 3,43,36,7,1,0,2,4
S01006790,Level 4 and above,226,208,18,1,5,3,9
S01006791,All people aged 16 and over,446,427,19,1,3,3,12
S01006791,No qualifications,108,105,3,0,0,0,3
S01006791,Level 1,92,92,0,0,0,0,0
S01006791,Level 2,61,56,5,0,0,0,5
S01006791,Level 3,44,42,2,0,1,0,1
S01006791,Level 4 and above,141,132,9,1,2,3,3
S01006792,All people aged 16 and over,416,387,29,3,1,4,21
S01006792,No qualifications,73,69,4,0,0,1,3
S01006792,Level 1,96,86,10,2,0,0,8
S01006792,Level 2,62,62,0,0,0,0,0
S01006792,Level 3,47,46,1,0,0,0,1
S01006792,Level 4 and above,138,124,14,1,1,3,9
S01006793,All people aged 16 and over,478,417,61,21,13,5,22
S01006793,No qualifications,117,109,8,2,3,0,3
S01006793,Level 1,116,99,17,7,5,1,4
S01006793,Level 2,53,50,3,0,0,0,3
S01006793,Level 3,44,39,5,3,0,1,1
S01006793,Level 4 and above,148,120,28,9,5,3,11
S01006794,All people aged 16 and over,499,467,32,0,2,2,28
S01006794,No qualifications,130,124,6,0,0,0,6
S01006794,Level 1,122,115,7,0,1,0,6
S01006794,Level 2,55,54,1,0,0,0,1
S01006794,Level 3,33,31,2,0,0,0,2
S01006794,Level 4 and above,159,143,16,0,1,2,13
S01006795,All people aged 16 and over,587,529,58,3,8,8,39
S01006795,No qualifications,81,73,8,2,1,1,4
S01006795,Level 1,106,97,9,1,3,1,4
S01006795,Level 2,66,63,3,0,0,0,3
S01006795,Level 3,50,45,5,0,0,1,4
S01006795,Level 4 and above,284,251,33,0,4,5,24
S01006796,All people aged 16 and over,436,394,42,1,11,10,20
S01006796,No qualifications,50,45,5,0,2,1,2
S01006796,Level 1,85,82,3,0,1,1,1
S01006796,Level 2,67,60,7,0,2,2,3
S01006796,Level 3,49,46,3,0,1,2,0
S01006796,Level 4 and above,185,161,24,1,5,4,14
S01006797,All people aged 16 and over,500,460,40,4,7,3,26
S01006797,No qualifications,64,63,1,0,0,0,1
S01006797,Level 1,101,97,4,0,0,0,4
S01006797,Level 2,67,66,1,1,0,0,0
S01006797,Level 3,50,44,6,0,1,0,5
S01006797,Level 4 and above,218,190,28,3,6,3,16
S01006798,All people aged 16 and over,493,459,34,1,0,7,26
S01006798,No qualifications,81,80,1,0,0,0,1
S01006798,Level 1,122,114,8,0,0,3,5
S01006798,Level 2,62,58,4,0,0,1,3
S01006798,Level 3,55,54,1,0,0,0,1
S01006798,Level 4 and above,173,153,20,1,0,3,16
S01006799,All people aged 16 and over,745,710,35,0,4,2,29
S01006799,No qualifications,186,179,7,0,0,0,7
S01006799,Level 1,194,191,3,0,0,1,2
S01006799,Level 2,94,89,5,0,0,0,5
S01006799,Level 3,71,69,2,0,1,0,1
S01006799,Level 4 and above,200,182,18,0,3,1,14
S01006800,All people aged 16 and over,687,633,54,3,10,5,36
S01006800,No qualifications,99,98,1,0,1,0,0
S01006800,Level 1,112,104,8,1,2,0,5
S01006800,Level 2,112,104,8,0,2,1,5
S01006800,Level 3,68,64,4,0,0,1,3
S01006800,Level 4 and above,296,263,33,2,5,3,23
S01006801,All people aged 16 and over,796,756,40,3,0,6,31
S01006801,No qualifications,213,212,1,0,0,0,1
S01006801,Level 1,166,161,5,1,0,1,3
S01006801,Level 2,112,106,6,0,0,2,4
S01006801,Level 3,70,66,4,0,0,0,4
S01006801,Level 4 and above,235,211,24,2,0,3,19
S01006802,All people aged 16 and over,556,515,41,11,4,3,23
S01006802,No qualifications,141,135,6,1,0,0,5
S01006802,Level 1,134,131,3,2,0,0,1
S01006802,Level 2,74,71,3,0,0,0,3
S01006802,Level 3,51,47,4,2,2,0,0
S01006802,Level 4 and above,156,131,25,6,2,3,14
S01006803,All people aged 16 and over,571,550,21,0,4,5,12
S01006803,No qualifications,195,190,5,0,1,0,4
S01006803,Level 1,156,152,4,0,0,2,2
S01006803,Level 2,67,65,2,0,0,1,1
S01006803,Level 3,54,53,1,0,0,0,1
S01006803,Level 4 and above,99,90,9,0,3,2,4
S01006804,All people aged 16 and over,578,550,28,2,6,8,12
S01006804,No qualifications,116,111,5,1,3,0,1
S01006804,Level 1,145,142,3,0,0,0,3
S01006804,Level 2,80,78,2,0,1,0,1
S01006804,Level 3,63,61,2,0,1,0,1
S01006804,Level 4 and above,174,158,16,1,1,8,6
S01006805,All people aged 16 and over,894,798,96,42,18,8,28
S01006805,No qualifications,185,176,9,1,1,0,7
S01006805,Level 1,250,213,37,29,3,2,3
S01006805,Level 2,131,121,10,5,2,1,2
S01006805,Level 3,93,81,12,3,3,1,5
S01006805,Level 4 and above,235,207,28,4,9,4,11
S01006806,All people aged 16 and over,849,811,38,1,7,5,25
S01006806,No qualifications,172,165,7,0,1,0,6
S01006806,Level 1,191,188,3,0,1,0,2
S01006806,Level 2,134,126,8,0,0,1,7
S01006806,Level 3,107,101,6,0,2,0,4
S01006806,Level 4 and above,245,231,14,1,3,4,6
S01006807,All people aged 16 and over,484,441,43,4,1,9,29
S01006807,No qualifications,78,75,3,1,0,1,1
S01006807,Level 1,120,112,8,0,0,0,8
S01006807,Level 2,86,80,6,0,0,2,4
S01006807,Level 3,47,44,3,0,0,1,2
S01006807,Level 4 and above,153,130,23,3,1,5,14
S01006808,All people aged 16 and over,507,476,31,3,3,7,18
S01006808,No qualifications,78,75,3,2,0,0,1
S01006808,Level 1,127,124,3,1,0,1,1
S01006808,Level 2,72,66,6,0,0,1,5
S01006808,Level 3,55,54,1,0,0,0,1
S01006808,Level 4 and above,175,157,18,0,3,5,10
S01006809,All people aged 16 and over,656,623,33,0,0,8,25
S01006809,No qualifications,175,174,1,0,0,0,1
S01006809,Level 1,180,172,8,0,0,3,5
S01006809,Level 2,81,73,8,0,0,0,8
S01006809,Level 3,74,71,3,0,0,0,3
S01006809,Level 4 and above,146,133,13,0,0,5,8
S01006810,All people aged 16 and over,704,667,37,5,4,2,26
S01006810,No qualifications,159,158,1,0,0,0,1
S01006810,Level 1,164,158,6,0,0,1,5
S01006810,Level 2,79,78,1,1,0,0,0
S01006810,Level 3,67,61,6,2,1,1,2
S01006810,Level 4 and above,235,212,23,2,3,0,18
S01006811,All people aged 16 and over,841,790,51,6,5,7,33
S01006811,No qualifications,143,138,5,1,0,0,4
S01006811,Level 1,169,162,7,1,1,1,4
S01006811,Level 2,111,107,4,0,1,0,3
S01006811,Level 3,108,98,10,3,1,1,5
S01006811,Level 4 and above,310,285,25,1,2,5,17
S01006812,All people aged 16 and over,601,562,39,4,5,9,21
S01006812,No qualifications,122,120,2,0,0,0,2
S01006812,Level 1,149,142,7,3,2,2,0
S01006812,Level 2,80,78,2,0,0,0,2
S01006812,Level 3,51,48,3,0,0,0,3
S01006812,Level 4 and above,199,174,25,1,3,7,14
S01006813,All people aged 16 and over,626,595,31,1,5,9,16
S01006813,No qualifications,175,170,5,0,1,0,4
S01006813,Level 1,186,179,7,0,1,4,2
S01006813,Level 2,82,81,1,0,0,0,1
S01006813,Level 3,55,52,3,0,0,1,2
S01006813,Level 4 and above,128,113,15,1,3,4,7
S01006814,All people aged 16 and over,624,594,30,1,6,2,21
S01006814,No qualifications,84,80,4,0,3,0,1
S01006814,Level 1,161,159,2,0,0,0,2
S01006814,Level 2,121,116,5,0,0,0,5
S01006814,Level 3,57,52,5,1,1,0,3
S01006814,Level 4 and above,201,187,14,0,2,2,10
S01006815,All people aged 16 and over,485,464,21,0,5,3,13
S01006815,No qualifications,189,185,4,0,0,0,4
S01006815,Level 1,125,121,4,0,0,2,2
S01006815,Level 2,55,55,0,0,0,0,0
S01006815,Level 3,44,41,3,0,2,0,1
S01006815,Level 4 and above,72,62,10,0,3,1,6
S01006816,All people aged 16 and over,586,566,20,3,1,1,15
S01006816,No qualifications,136,134,2,1,0,0,1
S01006816,Level 1,141,134,7,1,0,0,6
S01006816,Level 2,88,85,3,1,0,0,2
S01006816,Level 3,63,61,2,0,0,1,1
S01006816,Level 4 and above,158,152,6,0,1,0,5
S01006817,All people aged 16 and over,517,473,44,7,15,5,17
S01006817,No qualifications,114,102,12,1,7,1,3
S01006817,Level 1,127,122,5,2,2,0,1
S01006817,Level 2,54,54,0,0,0,0,0
S01006817,Level 3,66,57,9,3,3,0,3
S01006817,Level 4 and above,156,138,18,1,3,4,10
S01006818,All people aged 16 and over,580,560,20,3,1,3,13
S01006818,No qualifications,103,103,0,0,0,0,0
S01006818,Level 1,132,128,4,1,0,1,2
S01006818,Level 2,81,81,0,0,0,0,0
S01006818,Level 3,63,62,1,0,0,1,0
S01006818,Level 4 and above,201,186,15,2,1,1,11
S01006819,All people aged 16 and over,655,614,41,2,8,6,25
S01006819,No qualifications,94,89,5,1,2,1,1
S01006819,Level 1,124,117,7,0,1,0,6
S01006819,Level 2,104,97,7,0,1,2,4
S01006819,Level 3,75,71,4,0,1,1,2
S01006819,Level 4 and above,258,240,18,1,3,2,12
S01006820,All people aged 16 and over,383,356,27,5,3,6,13
S01006820,No qualifications,48,46,2,0,1,0,1
S01006820,Level 1,90,87,3,1,0,1,1
S01006820,Level 2,48,46,2,0,0,1,1
S01006820,Level 3,33,31,2,1,0,0,1
S01006820,Level 4 and above,164,146,18,3,2,4,9
S01006821,All people aged 16 and over,484,438,46,10,5,3,28
S01006821,No qualifications,57,53,4,1,0,0,3
S01006821,Level 1,97,91,6,0,2,1,3
S01006821,Level 2,77,74,3,0,0,0,3
S01006821,Level 3,63,61,2,0,0,0,2
S01006821,Level 4 and above,190,159,31,9,3,2,17
S01006822,All people aged 16 and over,609,574,35,4,2,6,23
S01006822,No qualifications,92,90,2,1,0,0,1
S01006822,Level 1,144,140,4,0,0,0,4
S01006822,Level 2,99,97,2,0,0,0,2
S01006822,Level 3,72,68,4,0,2,2,0
S01006822,Level 4 and above,202,179,23,3,0,4,16
S01006823,All people aged 16 and over,613,576,37,6,3,4,24
S01006823,No qualifications,101,98,3,1,0,0,2
S01006823,Level 1,110,101,9,0,2,1,6
S01006823,Level 2,92,92,0,0,0,0,0
S01006823,Level 3,68,66,2,0,0,0,2
S01006823,Level 4 and above,242,219,23,5,1,3,14
S01006824,All people aged 16 and over,652,622,30,2,8,2,18
S01006824,No qualifications,206,198,8,2,3,0,3
S01006824,Level 1,222,213,9,0,2,0,7
S01006824,Level 2,71,69,2,0,0,0,2
S01006824,Level 3,56,54,2,0,1,0,1
S01006824,Level 4 and above,97,88,9,0,2,2,5
S01006825,All people aged 16 and over,678,644,34,3,7,6,18
S01006825,No qualifications,166,162,4,0,1,1,2
S01006825,Level 1,186,179,7,0,2,0,5
S01006825,Level 2,99,96,3,0,0,0,3
S01006825,Level 3,57,52,5,1,2,2,0
S01006825,Level 4 and above,170,155,15,2,2,3,8
S01006826,All people aged 16 and over,785,759,26,2,8,3,13
S01006826,No qualifications,190,188,2,0,2,0,0
S01006826,Level 1,151,147,4,1,1,0,2
S01006826,Level 2,123,118,5,0,2,0,3
S01006826,Level 3,90,84,6,1,2,0,3
S01006826,Level 4 and above,231,222,9,0,1,3,5
S01006827,All people aged 16 and over,735,699,36,6,5,5,20
S01006827,No qualifications,199,194,5,0,0,1,4
S01006827,Level 1,161,155,6,1,2,0,3
S01006827,Level 2,95,93,2,0,0,1,1
S01006827,Level 3,81,78,3,0,0,1,2
S01006827,Level 4 and above,199,179,20,5,3,2,10
S01006828,All people aged 16 and over,799,744,55,12,8,15,20
S01006828,No qualifications,152,148,4,0,0,0,4
S01006828,Level 1,199,188,11,3,3,0,5
S01006828,Level 2,120,118,2,2,0,0,0
S01006828,Level 3,83,78,5,0,1,1,3
S01006828,Level 4 and above,245,212,33,7,4,14,8
S01006829,All people aged 16 and over,291,268,23,1,2,1,19
S01006829,No qualifications,19,16,3,0,0,0,3
S01006829,Level 1,46,42,4,0,1,0,3
S01006829,Level 2,43,43,0,0,0,0,0
S01006829,Level 3,35,33,2,0,0,0,2
S01006829,Level 4 and above,148,134,14,1,1,1,11
S01006830,All people aged 16 and over,627,608,19,2,0,2,15
S01006830,No qualifications,148,146,2,0,0,0,2
S01006830,Level 1,172,164,8,0,0,2,6
S01006830,Level 2,87,82,5,2,0,0,3
S01006830,Level 3,83,79,4,0,0,0,4
S01006830,Level 4 and above,137,137,0,0,0,0,0
S01006831,All people aged 16 and over,452,433,19,2,1,4,12
S01006831,No qualifications,77,76,1,0,0,0,1
S01006831,Level 1,87,81,6,1,0,0,5
S01006831,Level 2,65,64,1,0,0,0,1
S01006831,Level 3,56,54,2,0,0,0,2
S01006831,Level 4 and above,167,158,9,1,1,4,3
S01006832,All people aged 16 and over,862,824,38,4,7,6,21
S01006832,No qualifications,137,137,0,0,0,0,0
S01006832,Level 1,172,160,12,1,3,3,5
S01006832,Level 2,144,142,2,1,0,0,1
S01006832,Level 3,101,93,8,1,3,1,3
S01006832,Level 4 and above,308,292,16,1,1,2,12
S01006833,All people aged 16 and over,373,335,38,4,5,4,25
S01006833,No qualifications,55,52,3,0,0,0,3
S01006833,Level 1,66,58,8,4,1,2,1
S01006833,Level 2,39,36,3,0,1,0,2
S01006833,Level 3,35,30,5,0,3,2,0
S01006833,Level 4 and above,178,159,19,0,0,0,19
S01006834,All people aged 16 and over,375,341,34,0,7,3,24
S01006834,No qualifications,29,26,3,0,0,0,3
S01006834,Level 1,94,82,12,0,3,0,9
S01006834,Level 2,69,67,2,0,0,0,2
S01006834,Level 3,49,45,4,0,1,1,2
S01006834,Level 4 and above,134,121,13,0,3,2,8
S01006835,All people aged 16 and over,745,687,58,13,20,9,16
S01006835,No qualifications,214,208,6,1,3,0,2
S01006835,Level 1,134,126,8,2,2,1,3
S01006835,Level 2,102,98,4,0,1,1,2
S01006835,Level 3,68,58,10,4,6,0,0
S01006835,Level 4 and above,227,197,30,6,8,7,9
S01006836,All people aged 16 and over,372,355,17,0,2,5,10
S01006836,No qualifications,40,34,6,0,1,0,5
S01006836,Level 1,67,65,2,0,0,0,2
S01006836,Level 2,59,58,1,0,0,0,1
S01006836,Level 3,62,61,1,0,0,1,0
S01006836,Level 4 and above,144,137,7,0,1,4,2
S01006837,All people aged 16 and over,466,433,33,3,11,5,14
S01006837,No qualifications,73,71,2,0,1,0,1
S01006837,Level 1,116,105,11,0,6,4,1
S01006837,Level 2,77,74,3,0,1,0,2
S01006837,Level 3,48,46,2,0,0,0,2
S01006837,Level 4 and above,152,137,15,3,3,1,8
S01006838,All people aged 16 and over,510,486,24,0,1,9,14
S01006838,No qualifications,77,74,3,0,1,0,2
S01006838,Level 1,120,115,5,0,0,2,3
S01006838,Level 2,86,83,3,0,0,0,3
S01006838,Level 3,58,56,2,0,0,0,2
S01006838,Level 4 and above,169,158,11,0,0,7,4
S01006839,All people aged 16 and over,864,826,38,1,9,10,18
S01006839,No qualifications,173,170,3,0,2,0,1
S01006839,Level 1,205,200,5,0,1,2,2
S01006839,Level 2,122,117,5,0,0,1,4
S01006839,Level 3,92,89,3,1,0,0,2
S01006839,Level 4 and above,272,250,22,0,6,7,9
S01006840,All people aged 16 and over,793,768,25,1,4,0,20
S01006840,No qualifications,90,88,2,0,0,0,2
S01006840,Level 1,195,193,2,0,0,0,2
S01006840,Level 2,124,122,2,0,0,0,2
S01006840,Level 3,116,115,1,0,0,0,1
S01006840,Level 4 and above,268,250,18,1,4,0,13
S01006841,All people aged 16 and over,729,682,47,3,6,7,31
S01006841,No qualifications,101,99,2,0,0,1,1
S01006841,Level 1,162,153,9,0,0,1,8
S01006841,Level 2,124,114,10,0,1,1,8
S01006841,Level 3,87,86,1,0,0,0,1
S01006841,Level 4 and above,255,230,25,3,5,4,13
S01006842,All people aged 16 and over,680,650,30,4,1,2,23
S01006842,No qualifications,91,85,6,2,0,0,4
S01006842,Level 1,221,213,8,0,0,0,8
S01006842,Level 2,116,113,3,0,0,0,3
S01006842,Level 3,79,79,0,0,0,0,0
S01006842,Level 4 and above,173,160,13,2,1,2,8
S01006843,All people aged 16 and over,669,640,29,5,5,1,18
S01006843,No qualifications,120,117,3,0,0,0,3
S01006843,Level 1,209,207,2,0,0,0,2
S01006843,Level 2,114,110,4,0,0,0,4
S01006843,Level 3,91,87,4,0,2,0,2
S01006843,Level 4 and above,135,119,16,5,3,1,7
S01006844,All people aged 16 and over,587,556,31,1,3,11,16
S01006844,No qualifications,103,102,1,0,0,0,1
S01006844,Level 1,164,160,4,1,0,2,1
S01006844,Level 2,93,89,4,0,0,1,3
S01006844,Level 3,92,87,5,0,0,0,5
S01006844,Level 4 and above,135,118,17,0,3,8,6
S01006845,All people aged 16 and over,778,745,33,2,3,7,21
S01006845,No qualifications,99,97,2,1,0,0,1
S01006845,Level 1,229,227,2,0,0,0,2
S01006845,Level 2,140,136,4,0,0,0,4
S01006845,Level 3,111,105,6,0,0,0,6
S01006845,Level 4 and above,199,180,19,1,3,7,8
S01006846,All people aged 16 and over,474,448,26,3,3,7,13
S01006846,No qualifications,100,98,2,0,0,1,1
S01006846,Level 1,147,142,5,0,1,1,3
S01006846,Level 2,84,82,2,1,0,0,1
S01006846,Level 3,45,45,0,0,0,0,0
S01006846,Level 4 and above,98,81,17,2,2,5,8
S01006847,All people aged 16 and over,583,557,26,1,1,6,18
S01006847,No qualifications,110,108,2,0,0,1,1
S01006847,Level 1,188,180,8,1,0,1,6
S01006847,Level 2,94,93,1,0,0,0,1
S01006847,Level 3,62,59,3,0,0,0,3
S01006847,Level 4 and above,129,117,12,0,1,4,7
S01006848,All people aged 16 and over,787,678,109,36,17,20,36
S01006848,No qualifications,181,165,16,10,1,0,5
S01006848,Level 1,175,149,26,12,3,6,5
S01006848,Level 2,97,91,6,0,0,4,2
S01006848,Level 3,68,64,4,0,2,2,0
S01006848,Level 4 and above,266,209,57,14,11,8,24
S01006849,All people aged 16 and over,700,651,49,3,16,19,11
S01006849,No qualifications,61,60,1,0,0,0,1
S01006849,Level 1,204,198,6,0,1,2,3
S01006849,Level 2,95,94,1,0,0,1,0
S01006849,Level 3,105,98,7,0,4,2,1
S01006849,Level 4 and above,235,201,34,3,11,14,6
S01006850,All people aged 16 and over,767,716,51,2,12,8,29
S01006850,No qualifications,142,134,8,0,0,2,6
S01006850,Level 1,262,251,11,0,2,2,7
S01006850,Level 2,112,103,9,0,2,0,7
S01006850,Level 3,96,93,3,0,0,0,3
S01006850,Level 4 and above,155,135,20,2,8,4,6
S01006851,All people aged 16 and over,651,621,30,1,5,1,23
S01006851,No qualifications,168,166,2,0,0,0,2
S01006851,Level 1,210,205,5,0,0,0,5
S01006851,Level 2,97,95,2,0,0,0,2
S01006851,Level 3,73,66,7,0,1,0,6
S01006851,Level 4 and above,103,89,14,1,4,1,8
S01006852,All people aged 16 and over,492,468,24,2,4,3,15
S01006852,No qualifications,83,79,4,1,0,0,3
S01006852,Level 1,125,122,3,0,1,1,1
S01006852,Level 2,76,76,0,0,0,0,0
S01006852,Level 3,49,46,3,0,0,1,2
S01006852,Level 4 and above,159,145,14,1,3,1,9
S01006853,All people aged 16 and over,666,575,91,21,19,15,36
S01006853,No qualifications,62,58,4,2,0,1,1
S01006853,Level 1,121,112,9,2,3,1,3
S01006853,Level 2,93,89,4,0,0,1,3
S01006853,Level 3,62,53,9,2,4,2,1
S01006853,Level 4 and above,328,263,65,15,12,10,28
S01006854,All people aged 16 and over,707,665,42,0,7,12,23
S01006854,No qualifications,140,135,5,0,0,3,2
S01006854,Level 1,169,161,8,0,2,2,4
S01006854,Level 2,82,79,3,0,0,0,3
S01006854,Level 3,75,74,1,0,0,1,0
S01006854,Level 4 and above,241,216,25,0,5,6,14
S01006855,All people aged 16 and over,622,576,46,9,4,3,30
S01006855,No qualifications,103,100,3,0,1,0,2
S01006855,Level 1,99,95,4,0,0,0,4
S01006855,Level 2,86,81,5,1,0,0,4
S01006855,Level 3,56,54,2,0,0,0,2
S01006855,Level 4 and above,278,246,32,8,3,3,18
S01006856,All people aged 16 and over,518,486,32,1,10,3,18
S01006856,No qualifications,84,81,3,0,2,0,1
S01006856,Level 1,110,102,8,1,3,0,4
S01006856,Level 2,77,76,1,0,0,0,1
S01006856,Level 3,45,42,3,0,1,0,2
S01006856,Level 4 and above,202,185,17,0,4,3,10
S01006857,All people aged 16 and over,809,743,66,2,8,7,49
S01006857,No qualifications,156,156,0,0,0,0,0
S01006857,Level 1,176,170,6,0,0,1,5
S01006857,Level 2,118,113,5,1,1,0,3
S01006857,Level 3,79,70,9,0,0,0,9
S01006857,Level 4 and above,280,234,46,1,7,6,32
S01006858,All people aged 16 and over,518,466,52,6,8,5,33
S01006858,No qualifications,82,77,5,0,0,0,5
S01006858,Level 1,102,95,7,0,1,0,6
S01006858,Level 2,67,61,6,0,1,0,5
S01006858,Level 3,42,36,6,0,3,1,2
S01006858,Level 4 and above,225,197,28,6,3,4,15
S01006859,All people aged 16 and over,861,788,73,5,16,8,44
S01006859,No qualifications,87,80,7,0,5,0,2
S01006859,Level 1,167,157,10,1,1,0,8
S01006859,Level 2,112,105,7,0,0,3,4
S01006859,Level 3,84,79,5,1,1,1,2
S01006859,Level 4 and above,411,367,44,3,9,4,28
S01006860,All people aged 16 and over,465,435,30,6,8,4,12
S01006860,No qualifications,146,143,3,0,0,0,3
S01006860,Level 1,119,103,16,5,4,1,6
S01006860,Level 2,55,53,2,0,1,0,1
S01006860,Level 3,47,45,2,0,0,1,1
S01006860,Level 4 and above,98,91,7,1,3,2,1
S01006861,All people aged 16 and over,413,365,48,3,9,13,23
S01006861,No qualifications,26,23,3,0,1,1,1
S01006861,Level 1,80,71,9,0,2,4,3
S01006861,Level 2,68,64,4,0,0,1,3
S01006861,Level 3,40,34,6,0,1,3,2
S01006861,Level 4 and above,199,173,26,3,5,4,14
S01006862,All people aged 16 and over,575,529,46,1,5,12,28
S01006862,No qualifications,135,129,6,0,0,1,5
S01006862,Level 1,133,125,8,0,1,2,5
S01006862,Level 2,81,74,7,0,0,3,4
S01006862,Level 3,57,51,6,0,1,1,4
S01006862,Level 4 and above,169,150,19,1,3,5,10
S01006863,All people aged 16 and over,560,529,31,7,8,9,7
S01006863,No qualifications,134,129,5,1,2,0,2
S01006863,Level 1,170,163,7,2,2,2,1
S01006863,Level 2,73,71,2,0,1,0,1
S01006863,Level 3,48,46,2,1,0,1,0
S01006863,Level 4 and above,135,120,15,3,3,6,3
S01006864,All people aged 16 and over,311,287,24,3,12,2,7
S01006864,No qualifications,39,36,3,1,1,0,1
S01006864,Level 1,89,79,10,1,7,0,2
S01006864,Level 2,48,48,0,0,0,0,0
S01006864,Level 3,45,45,0,0,0,0,0
S01006864,Level 4 and above,90,79,11,1,4,2,4
S01006865,All people aged 16 and over,802,700,102,16,31,23,32
S01006865,No qualifications,109,96,13,2,8,0,3
S01006865,Level 1,168,140,28,6,6,11,5
S01006865,Level 2,110,103,7,0,4,1,2
S01006865,Level 3,86,79,7,0,0,4,3
S01006865,Level 4 and above,329,282,47,8,13,7,19
S01006866,All people aged 16 and over,455,422,33,8,3,7,15
S01006866,No qualifications,49,44,5,3,0,2,0
S01006866,Level 1,97,92,5,1,2,0,2
S01006866,Level 2,64,59,5,1,0,0,4
S01006866,Level 3,40,37,3,1,1,1,0
S01006866,Level 4 and above,205,190,15,2,0,4,9
S01006867,All people aged 16 and over,614,564,50,5,4,8,33
S01006867,No qualifications,79,74,5,0,0,1,4
S01006867,Level 1,90,86,4,1,0,2,1
S01006867,Level 2,87,82,5,0,0,0,5
S01006867,Level 3,49,43,6,1,0,1,4
S01006867,Level 4 and above,309,279,30,3,4,4,19
S01006868,All people aged 16 and over,709,680,29,2,1,8,18
S01006868,No qualifications,189,186,3,0,0,0,3
S01006868,Level 1,166,162,4,0,1,1,2
S01006868,Level 2,90,87,3,0,0,0,3
S01006868,Level 3,57,53,4,0,0,1,3
S01006868,Level 4 and above,207,192,15,2,0,6,7
S01006869,All people aged 16 and over,405,372,33,3,7,4,19
S01006869,No qualifications,68,67,1,0,0,0,1
S01006869,Level 1,99,89,10,2,3,0,5
S01006869,Level 2,50,48,2,0,0,0,2
S01006869,Level 3,58,55,3,0,1,1,1
S01006869,Level 4 and above,130,113,17,1,3,3,10
S01006870,All people aged 16 and over,397,370,27,2,6,1,18
S01006870,No qualifications,69,68,1,0,0,0,1
S01006870,Level 1,64,61,3,0,0,0,3
S01006870,Level 2,59,56,3,0,0,0,3
S01006870,Level 3,37,36,1,0,0,0,1
S01006870,Level 4 and above,168,149,19,2,6,1,10
S01006871,All people aged 16 and over,571,542,29,5,2,0,22
S01006871,No qualifications,128,126,2,2,0,0,0
S01006871,Level 1,118,108,10,3,1,0,6
S01006871,Level 2,53,49,4,0,0,0,4
S01006871,Level 3,45,44,1,0,0,0,1
S01006871,Level 4 and above,227,215,12,0,1,0,11
S01006872,All people aged 16 and over,537,508,29,7,5,1,16
S01006872,No qualifications,77,76,1,0,0,0,1
S01006872,Level 1,103,98,5,0,2,0,3
S01006872,Level 2,61,58,3,0,1,0,2
S01006872,Level 3,43,41,2,0,0,0,2
S01006872,Level 4 and above,253,235,18,7,2,1,8
S01006873,All people aged 16 and over,833,771,62,9,8,6,39
S01006873,No qualifications,152,145,7,0,0,0,7
S01006873,Level 1,137,125,12,3,2,0,7
S01006873,Level 2,94,89,5,0,1,1,3
S01006873,Level 3,64,61,3,1,0,1,1
S01006873,Level 4 and above,386,351,35,5,5,4,21
S01006874,All people aged 16 and over,490,450,40,4,7,6,23
S01006874,No qualifications,90,90,0,0,0,0,0
S01006874,Level 1,85,84,1,0,0,0,1
S01006874,Level 2,73,66,7,0,1,1,5
S01006874,Level 3,56,45,11,2,3,2,4
S01006874,Level 4 and above,186,165,21,2,3,3,13
S01006875,All people aged 16 and over,569,531,38,6,7,11,14
S01006875,No qualifications,170,167,3,0,1,1,1
S01006875,Level 1,145,138,7,1,3,3,0
S01006875,Level 2,55,52,3,1,0,1,1
S01006875,Level 3,41,38,3,0,1,0,2
S01006875,Level 4 and above,158,136,22,4,2,6,10
S01006876,All people aged 16 and over,795,765,30,0,5,7,18
S01006876,No qualifications,172,168,4,0,0,0,4
S01006876,Level 1,199,194,5,0,2,1,2
S01006876,Level 2,113,110,3,0,1,0,2
S01006876,Level 3,72,65,7,0,0,2,5
S01006876,Level 4 and above,239,228,11,0,2,4,5
S01006877,All people aged 16 and over,780,733,47,2,7,4,34
S01006877,No qualifications,130,125,5,0,1,0,4
S01006877,Level 1,173,166,7,0,2,1,4
S01006877,Level 2,119,113,6,0,0,1,5
S01006877,Level 3,80,76,4,0,0,0,4
S01006877,Level 4 and above,278,253,25,2,4,2,17
S01006878,All people aged 16 and over,587,557,30,2,1,2,25
S01006878,No qualifications,163,160,3,0,0,0,3
S01006878,Level 1,152,150,2,0,0,0,2
S01006878,Level 2,74,72,2,0,0,0,2
S01006878,Level 3,39,34,5,1,1,0,3
S01006878,Level 4 and above,159,141,18,1,0,2,15
S01006879,All people aged 16 and over,659,622,37,5,4,3,25
S01006879,No qualifications,133,131,2,0,0,0,2
S01006879,Level 1,154,151,3,2,1,0,0
S01006879,Level 2,73,69,4,0,0,0,4
S01006879,Level 3,65,63,2,0,0,0,2
S01006879,Level 4 and above,234,208,26,3,3,3,17
S01006880,All people aged 16 and over,470,443,27,1,2,8,16
S01006880,No qualifications,45,44,1,0,0,0,1
S01006880,Level 1,109,107,2,1,0,0,1
S01006880,Level 2,69,66,3,0,0,0,3
S01006880,Level 3,62,59,3,0,0,2,1
S01006880,Level 4 and above,185,167,18,0,2,6,10
S01006881,All people aged 16 and over,461,437,24,0,6,1,17
S01006881,No qualifications,85,81,4,0,1,0,3
S01006881,Level 1,124,122,2,0,1,0,1
S01006881,Level 2,51,49,2,0,0,1,1
S01006881,Level 3,39,37,2,0,1,0,1
S01006881,Level 4 and above,162,148,14,0,3,0,11
S01006882,All people aged 16 and over,336,331,5,0,0,0,5
S01006882,No qualifications,127,124,3,0,0,0,3
S01006882,Level 1,99,98,1,0,0,0,1
S01006882,Level 2,39,39,0,0,0,0,0
S01006882,Level 3,17,17,0,0,0,0,0
S01006882,Level 4 and above,54,53,1,0,0,0,1
S01006883,All people aged 16 and over,381,370,11,0,0,0,11
S01006883,No qualifications,88,87,1,0,0,0,1
S01006883,Level 1,92,89,3,0,0,0,3
S01006883,Level 2,63,62,1,0,0,0,1
S01006883,Level 3,31,29,2,0,0,0,2
S01006883,Level 4 and above,107,103,4,0,0,0,4
S01006884,All people aged 16 and over,727,702,25,4,0,5,16
S01006884,No qualifications,169,168,1,0,0,0,1
S01006884,Level 1,175,169,6,0,0,1,5
S01006884,Level 2,114,112,2,0,0,0,2
S01006884,Level 3,75,73,2,1,0,0,1
S01006884,Level 4 and above,194,180,14,3,0,4,7
S01006885,All people aged 16 and over,448,434,14,0,2,2,10
S01006885,No qualifications,86,83,3,0,0,1,2
S01006885,Level 1,103,102,1,0,0,0,1
S01006885,Level 2,60,59,1,0,0,0,1
S01006885,Level 3,31,31,0,0,0,0,0
S01006885,Level 4 and above,168,159,9,0,2,1,6
S01006886,All people aged 16 and over,617,581,36,2,3,7,24
S01006886,No qualifications,112,108,4,0,0,1,3
S01006886,Level 1,115,108,7,1,0,2,4
S01006886,Level 2,80,76,4,0,0,1,3
S01006886,Level 3,47,43,4,0,0,2,2
S01006886,Level 4 and above,263,246,17,1,3,1,12
S01006887,All people aged 16 and over,434,411,23,0,3,1,19
S01006887,No qualifications,60,56,4,0,1,0,3
S01006887,Level 1,102,99,3,0,0,1,2
S01006887,Level 2,63,61,2,0,0,0,2
S01006887,Level 3,44,41,3,0,0,0,3
S01006887,Level 4 and above,165,154,11,0,2,0,9
S01006888,All people aged 16 and over,624,603,21,0,6,1,14
S01006888,No qualifications,91,91,0,0,0,0,0
S01006888,Level 1,152,145,7,0,2,0,5
S01006888,Level 2,90,87,3,0,1,1,1
S01006888,Level 3,58,58,0,0,0,0,0
S01006888,Level 4 and above,233,222,11,0,3,0,8
S01006889,All people aged 16 and over,659,620,39,6,6,6,21
S01006889,No qualifications,210,207,3,0,1,0,2
S01006889,Level 1,212,206,6,0,0,1,5
S01006889,Level 2,79,73,6,0,0,0,6
S01006889,Level 3,49,47,2,0,1,0,1
S01006889,Level 4 and above,109,87,22,6,4,5,7
S01006890,All people aged 16 and over,521,491,30,2,4,2,22
S01006890,No qualifications,65,63,2,0,0,0,2
S01006890,Level 1,143,136,7,0,1,0,6
S01006890,Level 2,83,78,5,0,1,0,4
S01006890,Level 3,63,58,5,1,1,0,3
S01006890,Level 4 and above,167,156,11,1,1,2,7
S01006891,All people aged 16 and over,797,755,42,5,5,6,26
S01006891,No qualifications,162,159,3,0,1,0,2
S01006891,Level 1,216,204,12,1,0,4,7
S01006891,Level 2,100,99,1,0,0,0,1
S01006891,Level 3,86,86,0,0,0,0,0
S01006891,Level 4 and above,233,207,26,4,4,2,16
S01006892,All people aged 16 and over,493,476,17,2,3,5,7
S01006892,No qualifications,117,115,2,0,0,0,2
S01006892,Level 1,168,162,6,0,2,2,2
S01006892,Level 2,75,73,2,0,1,0,1
S01006892,Level 3,41,38,3,1,0,1,1
S01006892,Level 4 and above,92,88,4,1,0,2,1
S01006893,All people aged 16 and over,417,412,5,1,1,0,3
S01006893,No qualifications,103,102,1,0,0,0,1
S01006893,Level 1,132,131,1,1,0,0,0
S01006893,Level 2,70,70,0,0,0,0,0
S01006893,Level 3,28,27,1,0,0,0,1
S01006893,Level 4 and above,84,82,2,0,1,0,1
S01006894,All people aged 16 and over,820,789,31,2,1,8,20
S01006894,No qualifications,247,244,3,0,0,0,3
S01006894,Level 1,205,196,9,1,0,4,4
S01006894,Level 2,125,119,6,0,0,0,6
S01006894,Level 3,61,59,2,0,1,1,0
S01006894,Level 4 and above,182,171,11,1,0,3,7
S01006895,All people aged 16 and over,450,422,28,5,6,11,6
S01006895,No qualifications,115,114,1,0,0,1,0
S01006895,Level 1,138,126,12,1,3,5,3
S01006895,Level 2,44,42,2,0,1,1,0
S01006895,Level 3,66,58,8,2,1,2,3
S01006895,Level 4 and above,87,82,5,2,1,2,0
S01006896,All people aged 16 and over,681,625,56,11,11,16,18
S01006896,No qualifications,161,151,10,2,2,2,4
S01006896,Level 1,179,164,15,0,4,6,5
S01006896,Level 2,106,100,6,0,1,3,2
S01006896,Level 3,75,69,6,2,1,2,1
S01006896,Level 4 and above,160,141,19,7,3,3,6
S01006897,All people aged 16 and over,604,578,26,2,6,4,14
S01006897,No qualifications,95,92,3,0,3,0,0
S01006897,Level 1,162,158,4,0,1,0,3
S01006897,Level 2,106,104,2,0,0,2,0
S01006897,Level 3,79,70,9,2,2,1,4
S01006897,Level 4 and above,162,154,8,0,0,1,7
S01006898,All people aged 16 and over,613,583,30,3,2,3,22
S01006898,No qualifications,152,147,5,0,0,0,5
S01006898,Level 1,173,169,4,1,0,0,3
S01006898,Level 2,84,82,2,0,0,0,2
S01006898,Level 3,48,42,6,0,1,0,5
S01006898,Level 4 and above,156,143,13,2,1,3,7
S01006899,All people aged 16 and over,490,468,22,2,7,5,8
S01006899,No qualifications,77,76,1,0,0,0,1
S01006899,Level 1,118,114,4,0,2,1,1
S01006899,Level 2,93,91,2,0,0,1,1
S01006899,Level 3,51,49,2,1,0,0,1
S01006899,Level 4 and above,151,138,13,1,5,3,4
S01006900,All people aged 16 and over,504,478,26,3,7,7,9
S01006900,No qualifications,107,104,3,0,2,0,1
S01006900,Level 1,152,144,8,0,1,4,3
S01006900,Level 2,77,75,2,0,0,0,2
S01006900,Level 3,59,53,6,1,1,2,2
S01006900,Level 4 and above,109,102,7,2,3,1,1
S01006901,All people aged 16 and over,517,494,23,1,10,5,7
S01006901,No qualifications,166,162,4,0,3,0,1
S01006901,Level 1,152,146,6,0,1,4,1
S01006901,Level 2,59,57,2,0,0,1,1
S01006901,Level 3,46,44,2,0,1,0,1
S01006901,Level 4 and above,94,85,9,1,5,0,3
S01006902,All people aged 16 and over,540,508,32,9,7,7,9
S01006902,No qualifications,143,125,18,8,4,4,2
S01006902,Level 1,150,148,2,0,0,1,1
S01006902,Level 2,79,78,1,0,0,1,0
S01006902,Level 3,41,39,2,1,0,1,0
S01006902,Level 4 and above,127,118,9,0,3,0,6
S01006903,All people aged 16 and over,672,643,29,2,7,7,13
S01006903,No qualifications,212,210,2,0,0,0,2
S01006903,Level 1,184,176,8,0,2,1,5
S01006903,Level 2,90,88,2,0,0,2,0
S01006903,Level 3,54,51,3,0,0,0,3
S01006903,Level 4 and above,132,118,14,2,5,4,3
S01006904,All people aged 16 and over,604,554,50,7,16,11,16
S01006904,No qualifications,153,147,6,1,0,2,3
S01006904,Level 1,174,166,8,0,3,2,3
S01006904,Level 2,78,76,2,0,0,0,2
S01006904,Level 3,48,39,9,1,6,2,0
S01006904,Level 4 and above,151,126,25,5,7,5,8
S01006905,All people aged 16 and over,763,731,32,8,5,4,15
S01006905,No qualifications,187,187,0,0,0,0,0
S01006905,Level 1,186,178,8,5,0,2,1
S01006905,Level 2,108,106,2,0,0,0,2
S01006905,Level 3,56,50,6,1,2,0,3
S01006905,Level 4 and above,226,210,16,2,3,2,9
S01006906,All people aged 16 and over,732,714,18,6,3,2,7
S01006906,No qualifications,296,289,7,2,2,0,3
S01006906,Level 1,205,203,2,1,0,1,0
S01006906,Level 2,91,89,2,1,0,0,1
S01006906,Level 3,51,49,2,0,0,0,2
S01006906,Level 4 and above,89,84,5,2,1,1,1
S01006907,All people aged 16 and over,534,453,81,31,29,11,10
S01006907,No qualifications,140,118,22,7,10,4,1
S01006907,Level 1,122,107,15,6,5,1,3
S01006907,Level 2,81,78,3,1,1,0,1
S01006907,Level 3,62,46,16,8,5,2,1
S01006907,Level 4 and above,129,104,25,9,8,4,4
S01006908,All people aged 16 and over,713,649,64,23,20,11,10
S01006908,No qualifications,189,182,7,4,1,2,0
S01006908,Level 1,185,174,11,2,8,0,1
S01006908,Level 2,83,81,2,0,0,0,2
S01006908,Level 3,97,71,26,11,8,6,1
S01006908,Level 4 and above,159,141,18,6,3,3,6
S01006909,All people aged 16 and over,578,528,50,3,7,7,33
S01006909,No qualifications,53,51,2,0,0,1,1
S01006909,Level 1,141,138,3,0,1,0,2
S01006909,Level 2,90,86,4,0,0,0,4
S01006909,Level 3,69,63,6,0,1,0,5
S01006909,Level 4 and above,225,190,35,3,5,6,21
S01006910,All people aged 16 and over,701,644,57,6,8,8,35
S01006910,No qualifications,84,84,0,0,0,0,0
S01006910,Level 1,151,141,10,0,0,2,8
S01006910,Level 2,96,86,10,0,1,0,9
S01006910,Level 3,74,70,4,1,0,0,3
S01006910,Level 4 and above,296,263,33,5,7,6,15
S01006911,All people aged 16 and over,451,417,34,3,8,5,18
S01006911,No qualifications,30,26,4,2,0,0,2
S01006911,Level 1,93,92,1,0,1,0,0
S01006911,Level 2,70,67,3,0,2,0,1
S01006911,Level 3,56,53,3,0,0,0,3
S01006911,Level 4 and above,202,179,23,1,5,5,12
S01006912,All people aged 16 and over,378,352,26,5,5,2,14
S01006912,No qualifications,53,53,0,0,0,0,0
S01006912,Level 1,101,97,4,1,1,1,1
S01006912,Level 2,42,42,0,0,0,0,0
S01006912,Level 3,39,33,6,2,2,1,1
S01006912,Level 4 and above,143,127,16,2,2,0,12
S01006913,All people aged 16 and over,385,353,32,4,6,3,19
S01006913,No qualifications,34,32,2,1,0,0,1
S01006913,Level 1,82,80,2,0,0,0,2
S01006913,Level 2,63,62,1,0,0,0,1
S01006913,Level 3,57,48,9,2,3,1,3
S01006913,Level 4 and above,149,131,18,1,3,2,12
S01006914,All people aged 16 and over,590,527,63,16,9,12,26
S01006914,No qualifications,68,68,0,0,0,0,0
S01006914,Level 1,145,120,25,8,2,8,7
S01006914,Level 2,97,94,3,1,1,0,1
S01006914,Level 3,61,55,6,3,0,1,2
S01006914,Level 4 and above,219,190,29,4,6,3,16
S01006915,All people aged 16 and over,640,615,25,0,2,6,17
S01006915,No qualifications,105,104,1,0,0,0,1
S01006915,Level 1,149,148,1,0,0,0,1
S01006915,Level 2,115,112,3,0,0,1,2
S01006915,Level 3,66,63,3,0,0,1,2
S01006915,Level 4 and above,205,188,17,0,2,4,11
S01006916,All people aged 16 and over,397,365,32,8,7,8,9
S01006916,No qualifications,47,43,4,4,0,0,0
S01006916,Level 1,105,95,10,3,1,3,3
S01006916,Level 2,58,58,0,0,0,0,0
S01006916,Level 3,56,53,3,0,1,0,2
S01006916,Level 4 and above,131,116,15,1,5,5,4
S01006917,All people aged 16 and over,643,610,33,12,2,7,12
S01006917,No qualifications,37,33,4,2,2,0,0
S01006917,Level 1,155,151,4,0,0,0,4
S01006917,Level 2,105,105,0,0,0,0,0
S01006917,Level 3,85,81,4,2,0,0,2
S01006917,Level 4 and above,261,240,21,8,0,7,6
S01006918,All people aged 16 and over,376,351,25,3,9,4,9
S01006918,No qualifications,61,61,0,0,0,0,0
S01006918,Level 1,103,93,10,1,4,1,4
S01006918,Level 2,49,48,1,0,0,1,0
S01006918,Level 3,30,29,1,0,1,0,0
S01006918,Level 4 and above,133,120,13,2,4,2,5
S01006919,All people aged 16 and over,418,391,27,0,0,7,20
S01006919,No qualifications,79,72,7,0,0,2,5
S01006919,Level 1,100,94,6,0,0,3,3
S01006919,Level 2,62,59,3,0,0,0,3
S01006919,Level 3,34,34,0,0,0,0,0
S01006919,Level 4 and above,143,132,11,0,0,2,9
S01006920,All people aged 16 and over,409,387,22,1,6,5,10
S01006920,No qualifications,95,94,1,0,0,0,1
S01006920,Level 1,99,93,6,0,3,0,3
S01006920,Level 2,63,63,0,0,0,0,0
S01006920,Level 3,33,32,1,0,0,0,1
S01006920,Level 4 and above,119,105,14,1,3,5,5
S01006921,All people aged 16 and over,560,519,41,6,4,16,15
S01006921,No qualifications,56,53,3,1,0,1,1
S01006921,Level 1,137,130,7,1,0,2,4
S01006921,Level 2,86,83,3,0,0,0,3
S01006921,Level 3,60,57,3,0,0,0,3
S01006921,Level 4 and above,221,196,25,4,4,13,4
S01006922,All people aged 16 and over,407,390,17,1,4,4,8
S01006922,No qualifications,91,87,4,0,0,0,4
S01006922,Level 1,104,101,3,1,0,1,1
S01006922,Level 2,54,53,1,0,0,0,1
S01006922,Level 3,35,32,3,0,0,2,1
S01006922,Level 4 and above,123,117,6,0,4,1,1
S01006923,All people aged 16 and over,667,634,33,1,5,4,23
S01006923,No qualifications,170,166,4,0,3,1,0
S01006923,Level 1,141,133,8,0,0,0,8
S01006923,Level 2,90,89,1,0,0,0,1
S01006923,Level 3,64,61,3,0,0,2,1
S01006923,Level 4 and above,202,185,17,1,2,1,13
S01006924,All people aged 16 and over,439,410,29,3,4,5,17
S01006924,No qualifications,49,48,1,0,1,0,0
S01006924,Level 1,102,96,6,1,1,3,1
S01006924,Level 2,51,51,0,0,0,0,0
S01006924,Level 3,35,31,4,1,0,1,2
S01006924,Level 4 and above,202,184,18,1,2,1,14
S01006925,All people aged 16 and over,410,389,21,2,4,4,11
S01006925,No qualifications,75,74,1,0,1,0,0
S01006925,Level 1,118,115,3,1,0,1,1
S01006925,Level 2,58,56,2,0,1,0,1
S01006925,Level 3,38,37,1,1,0,0,0
S01006925,Level 4 and above,121,107,14,0,2,3,9
S01006926,All people aged 16 and over,538,490,48,4,10,10,24
S01006926,No qualifications,50,50,0,0,0,0,0
S01006926,Level 1,143,138,5,0,0,0,5
S01006926,Level 2,80,74,6,0,2,1,3
S01006926,Level 3,65,59,6,0,0,0,6
S01006926,Level 4 and above,200,169,31,4,8,9,10
S01006927,All people aged 16 and over,707,621,86,7,22,26,31
S01006927,No qualifications,32,26,6,0,1,0,5
S01006927,Level 1,153,140,13,2,4,2,5
S01006927,Level 2,89,88,1,0,0,0,1
S01006927,Level 3,121,109,12,0,2,4,6
S01006927,Level 4 and above,312,258,54,5,15,20,14
S01006928,All people aged 16 and over,825,752,73,7,31,13,22
S01006928,No qualifications,145,139,6,0,0,2,4
S01006928,Level 1,227,214,13,1,8,2,2
S01006928,Level 2,127,123,4,0,0,1,3
S01006928,Level 3,103,86,17,2,12,3,0
S01006928,Level 4 and above,223,190,33,4,11,5,13
S01006929,All people aged 16 and over,647,583,64,17,8,5,34
S01006929,No qualifications,29,25,4,1,0,0,3
S01006929,Level 1,111,101,10,1,0,0,9
S01006929,Level 2,104,98,6,2,0,0,4
S01006929,Level 3,70,67,3,1,0,0,2
S01006929,Level 4 and above,333,292,41,12,8,5,16
S01006930,All people aged 16 and over,762,727,35,8,0,5,22
S01006930,No qualifications,75,74,1,0,0,0,1
S01006930,Level 1,146,141,5,3,0,0,2
S01006930,Level 2,145,143,2,0,0,0,2
S01006930,Level 3,95,95,0,0,0,0,0
S01006930,Level 4 and above,301,274,27,5,0,5,17
S01006931,All people aged 16 and over,318,297,21,1,1,3,16
S01006931,No qualifications,55,50,5,0,0,0,5
S01006931,Level 1,63,59,4,0,0,1,3
S01006931,Level 2,50,48,2,0,0,0,2
S01006931,Level 3,20,19,1,0,0,0,1
S01006931,Level 4 and above,130,121,9,1,1,2,5
S01006932,All people aged 16 and over,433,403,30,1,3,6,20
S01006932,No qualifications,26,25,1,0,0,0,1
S01006932,Level 1,119,116,3,0,0,1,2
S01006932,Level 2,67,62,5,0,1,1,3
S01006932,Level 3,55,53,2,0,0,0,2
S01006932,Level 4 and above,166,147,19,1,2,4,12
S01006933,All people aged 16 and over,481,455,26,1,7,3,15
S01006933,No qualifications,32,31,1,0,1,0,0
S01006933,Level 1,110,104,6,0,0,0,6
S01006933,Level 2,95,93,2,0,0,0,2
S01006933,Level 3,59,56,3,0,0,0,3
S01006933,Level 4 and above,185,171,14,1,6,3,4
S01006934,All people aged 16 and over,527,491,36,3,7,5,21
S01006934,No qualifications,149,144,5,0,0,1,4
S01006934,Level 1,115,104,11,0,3,1,7
S01006934,Level 2,65,61,4,0,0,1,3
S01006934,Level 3,47,45,2,0,1,0,1
S01006934,Level 4 and above,151,137,14,3,3,2,6
S01006935,All people aged 16 and over,598,568,30,1,4,4,21
S01006935,No qualifications,78,77,1,0,0,0,1
S01006935,Level 1,122,119,3,0,1,0,2
S01006935,Level 2,98,95,3,0,0,0,3
S01006935,Level 3,67,64,3,0,2,0,1
S01006935,Level 4 and above,233,213,20,1,1,4,14
S01006936,All people aged 16 and over,521,499,22,0,2,5,15
S01006936,No qualifications,81,81,0,0,0,0,0
S01006936,Level 1,121,118,3,0,0,0,3
S01006936,Level 2,86,81,5,0,0,1,4
S01006936,Level 3,71,69,2,0,0,1,1
S01006936,Level 4 and above,162,150,12,0,2,3,7
S01006937,All people aged 16 and over,613,552,61,9,16,4,32
S01006937,No qualifications,64,60,4,0,0,0,4
S01006937,Level 1,139,129,10,0,7,0,3
S01006937,Level 2,110,105,5,0,0,0,5
S01006937,Level 3,76,67,9,1,2,0,6
S01006937,Level 4 and above,224,191,33,8,7,4,14
S01006938,All people aged 16 and over,456,410,46,9,4,5,28
S01006938,No qualifications,96,90,6,0,0,0,6
S01006938,Level 1,98,91,7,1,0,1,5
S01006938,Level 2,81,76,5,1,0,0,4
S01006938,Level 3,38,35,3,0,0,0,3
S01006938,Level 4 and above,143,118,25,7,4,4,10
S01006939,All people aged 16 and over,512,482,30,1,4,5,20
S01006939,No qualifications,56,55,1,0,0,0,1
S01006939,Level 1,110,105,5,0,0,0,5
S01006939,Level 2,91,87,4,0,1,0,3
S01006939,Level 3,60,58,2,0,0,1,1
S01006939,Level 4 and above,195,177,18,1,3,4,10
S01006940,All people aged 16 and over,787,716,71,12,12,11,36
S01006940,No qualifications,88,81,7,0,2,0,5
S01006940,Level 1,182,168,14,4,2,2,6
S01006940,Level 2,125,123,2,0,1,0,1
S01006940,Level 3,79,74,5,0,1,0,4
S01006940,Level 4 and above,313,270,43,8,6,9,20
S01006941,All people aged 16 and over,490,448,42,2,8,4,28
S01006941,No qualifications,78,74,4,0,1,1,2
S01006941,Level 1,121,117,4,0,1,0,3
S01006941,Level 2,84,78,6,0,0,1,5
S01006941,Level 3,53,47,6,0,2,0,4
S01006941,Level 4 and above,154,132,22,2,4,2,14
S01006942,All people aged 16 and over,842,779,63,6,6,24,27
S01006942,No qualifications,107,105,2,0,1,0,1
S01006942,Level 1,190,186,4,1,0,1,2
S01006942,Level 2,141,134,7,1,0,1,5
S01006942,Level 3,110,107,3,0,1,1,1
S01006942,Level 4 and above,294,247,47,4,4,21,18
S01006943,All people aged 16 and over,442,398,44,10,9,13,12
S01006943,No qualifications,13,11,2,0,0,0,2
S01006943,Level 1,65,62,3,0,0,0,3
S01006943,Level 2,80,78,2,0,0,1,1
S01006943,Level 3,45,44,1,0,0,0,1
S01006943,Level 4 and above,239,203,36,10,9,12,5
S01006944,All people aged 16 and over,621,539,82,21,16,26,19
S01006944,No qualifications,30,28,2,0,0,0,2
S01006944,Level 1,149,138,11,1,1,4,5
S01006944,Level 2,113,108,5,0,2,2,1
S01006944,Level 3,88,78,10,1,2,4,3
S01006944,Level 4 and above,241,187,54,19,11,16,8
S01006945,All people aged 16 and over,427,402,25,2,11,2,10
S01006945,No qualifications,57,56,1,1,0,0,0
S01006945,Level 1,91,90,1,0,0,0,1
S01006945,Level 2,64,64,0,0,0,0,0
S01006945,Level 3,53,48,5,0,2,1,2
S01006945,Level 4 and above,162,144,18,1,9,1,7
S01006946,All people aged 16 and over,650,610,40,3,8,12,17
S01006946,No qualifications,90,87,3,0,0,1,2
S01006946,Level 1,157,153,4,0,2,1,1
S01006946,Level 2,101,99,2,0,1,0,1
S01006946,Level 3,89,85,4,0,0,2,2
S01006946,Level 4 and above,213,186,27,3,5,8,11
S01006947,All people aged 16 and over,621,580,41,1,10,9,21
S01006947,No qualifications,71,70,1,0,0,1,0
S01006947,Level 1,162,155,7,0,1,2,4
S01006947,Level 2,93,92,1,0,0,0,1
S01006947,Level 3,91,84,7,0,3,1,3
S01006947,Level 4 and above,204,179,25,1,6,5,13
S01006948,All people aged 16 and over,732,698,34,2,1,13,18
S01006948,No qualifications,154,151,3,0,0,1,2
S01006948,Level 1,156,154,2,0,0,0,2
S01006948,Level 2,101,101,0,0,0,0,0
S01006948,Level 3,80,77,3,0,0,1,2
S01006948,Level 4 and above,241,215,26,2,1,11,12
S01006949,All people aged 16 and over,505,480,25,3,2,2,18
S01006949,No qualifications,67,65,2,1,1,0,0
S01006949,Level 1,100,96,4,1,0,0,3
S01006949,Level 2,70,68,2,1,0,0,1
S01006949,Level 3,60,58,2,0,0,0,2
S01006949,Level 4 and above,208,193,15,0,1,2,12
S01006950,All people aged 16 and over,382,357,25,0,7,8,10
S01006950,No qualifications,20,19,1,0,0,1,0
S01006950,Level 1,104,98,6,0,2,1,3
S01006950,Level 2,55,55,0,0,0,0,0
S01006950,Level 3,60,57,3,0,0,1,2
S01006950,Level 4 and above,143,128,15,0,5,5,5
S01006951,All people aged 16 and over,384,362,22,0,9,2,11
S01006951,No qualifications,70,68,2,0,0,0,2
S01006951,Level 1,99,94,5,0,4,0,1
S01006951,Level 2,72,69,3,0,0,0,3
S01006951,Level 3,37,35,2,0,1,0,1
S01006951,Level 4 and above,106,96,10,0,4,2,4
S01006952,All people aged 16 and over,712,680,32,4,4,2,22
S01006952,No qualifications,153,152,1,1,0,0,0
S01006952,Level 1,188,182,6,0,0,1,5
S01006952,Level 2,100,98,2,0,1,0,1
S01006952,Level 3,75,71,4,1,0,1,2
S01006952,Level 4 and above,196,177,19,2,3,0,14
S01006953,All people aged 16 and over,629,591,38,2,11,9,16
S01006953,No qualifications,92,89,3,0,0,0,3
S01006953,Level 1,143,138,5,1,1,1,2
S01006953,Level 2,106,105,1,0,0,0,1
S01006953,Level 3,77,73,4,0,1,2,1
S01006953,Level 4 and above,211,186,25,1,9,6,9
S01006954,All people aged 16 and over,665,632,33,5,1,4,23
S01006954,No qualifications,119,114,5,0,0,0,5
S01006954,Level 1,170,164,6,0,0,0,6
S01006954,Level 2,101,99,2,1,0,0,1
S01006954,Level 3,66,64,2,0,0,0,2
S01006954,Level 4 and above,209,191,18,4,1,4,9
S01006955,All people aged 16 and over,484,463,21,0,6,7,8
S01006955,No qualifications,88,87,1,0,1,0,0
S01006955,Level 1,138,134,4,0,1,1,2
S01006955,Level 2,85,81,4,0,1,1,2
S01006955,Level 3,59,57,2,0,0,1,1
S01006955,Level 4 and above,114,104,10,0,3,4,3
S01006956,All people aged 16 and over,815,726,89,7,12,21,49
S01006956,No qualifications,75,71,4,1,0,1,2
S01006956,Level 1,189,185,4,0,0,0,4
S01006956,Level 2,123,113,10,1,1,2,6
S01006956,Level 3,124,109,15,1,2,1,11
S01006956,Level 4 and above,304,248,56,4,9,17,26
S01006957,All people aged 16 and over,847,791,56,3,3,9,41
S01006957,No qualifications,132,125,7,0,0,1,6
S01006957,Level 1,197,191,6,0,1,0,5
S01006957,Level 2,143,133,10,1,0,1,8
S01006957,Level 3,70,68,2,0,0,0,2
S01006957,Level 4 and above,305,274,31,2,2,7,20
S01006958,All people aged 16 and over,790,759,31,5,1,6,19
S01006958,No qualifications,184,178,6,0,0,2,4
S01006958,Level 1,177,173,4,2,0,0,2
S01006958,Level 2,106,101,5,1,0,0,4
S01006958,Level 3,92,88,4,2,1,1,0
S01006958,Level 4 and above,231,219,12,0,0,3,9
S01006959,All people aged 16 and over,625,602,23,0,5,4,14
S01006959,No qualifications,215,211,4,0,0,0,4
S01006959,Level 1,137,136,1,0,0,0,1
S01006959,Level 2,88,87,1,0,0,0,1
S01006959,Level 3,54,52,2,0,0,0,2
S01006959,Level 4 and above,131,116,15,0,5,4,6
S01006960,All people aged 16 and over,677,644,33,2,6,3,22
S01006960,No qualifications,47,43,4,1,0,0,3
S01006960,Level 1,172,165,7,0,1,0,6
S01006960,Level 2,112,109,3,0,1,0,2
S01006960,Level 3,94,88,6,0,2,1,3
S01006960,Level 4 and above,252,239,13,1,2,2,8
S01006961,All people aged 16 and over,673,631,42,4,11,7,20
S01006961,No qualifications,41,40,1,1,0,0,0
S01006961,Level 1,155,147,8,1,1,1,5
S01006961,Level 2,115,114,1,0,0,0,1
S01006961,Level 3,102,96,6,1,3,0,2
S01006961,Level 4 and above,260,234,26,1,7,6,12
S01006962,All people aged 16 and over,778,742,36,3,11,6,16
S01006962,No qualifications,206,204,2,0,0,0,2
S01006962,Level 1,195,189,6,0,3,0,3
S01006962,Level 2,117,116,1,0,0,0,1
S01006962,Level 3,73,65,8,2,1,2,3
S01006962,Level 4 and above,187,168,19,1,7,4,7
S01006963,All people aged 16 and over,572,560,12,0,0,3,9
S01006963,No qualifications,95,95,0,0,0,0,0
S01006963,Level 1,160,158,2,0,0,0,2
S01006963,Level 2,110,109,1,0,0,0,1
S01006963,Level 3,55,53,2,0,0,1,1
S01006963,Level 4 and above,152,145,7,0,0,2,5
S01006964,All people aged 16 and over,638,598,40,4,9,7,20
S01006964,No qualifications,110,104,6,2,0,0,4
S01006964,Level 1,184,175,9,0,3,2,4
S01006964,Level 2,122,117,5,0,0,1,4
S01006964,Level 3,62,58,4,0,1,1,2
S01006964,Level 4 and above,160,144,16,2,5,3,6
S01006965,All people aged 16 and over,434,414,20,2,1,6,11
S01006965,No qualifications,93,90,3,0,0,1,2
S01006965,Level 1,107,105,2,0,0,1,1
S01006965,Level 2,56,55,1,0,0,1,0
S01006965,Level 3,39,38,1,0,0,0,1
S01006965,Level 4 and above,139,126,13,2,1,3,7
S01006966,All people aged 16 and over,489,473,16,1,1,2,12
S01006966,No qualifications,126,124,2,1,1,0,0
S01006966,Level 1,149,144,5,0,0,1,4
S01006966,Level 2,78,78,0,0,0,0,0
S01006966,Level 3,46,44,2,0,0,0,2
S01006966,Level 4 and above,90,83,7,0,0,1,6
S01006967,All people aged 16 and over,507,493,14,0,0,4,10
S01006967,No qualifications,77,77,0,0,0,0,0
S01006967,Level 1,143,142,1,0,0,0,1
S01006967,Level 2,103,103,0,0,0,0,0
S01006967,Level 3,47,46,1,0,0,0,1
S01006967,Level 4 and above,137,125,12,0,0,4,8
S01006968,All people aged 16 and over,434,424,10,0,5,0,5
S01006968,No qualifications,122,122,0,0,0,0,0
S01006968,Level 1,122,118,4,0,2,0,2
S01006968,Level 2,62,62,0,0,0,0,0
S01006968,Level 3,40,40,0,0,0,0,0
S01006968,Level 4 and above,88,82,6,0,3,0,3
S01006969,All people aged 16 and over,826,784,42,3,13,5,21
S01006969,No qualifications,232,228,4,1,0,0,3
S01006969,Level 1,217,209,8,0,1,0,7
S01006969,Level 2,122,119,3,0,1,0,2
S01006969,Level 3,81,71,10,2,5,2,1
S01006969,Level 4 and above,174,157,17,0,6,3,8
S01006970,All people aged 16 and over,568,536,32,1,3,6,22
S01006970,No qualifications,62,55,7,0,1,0,6
S01006970,Level 1,139,137,2,0,0,0,2
S01006970,Level 2,109,105,4,1,1,0,2
S01006970,Level 3,77,72,5,0,0,1,4
S01006970,Level 4 and above,181,167,14,0,1,5,8
S01006971,All people aged 16 and over,453,442,11,0,2,1,8
S01006971,No qualifications,149,147,2,0,0,0,2
S01006971,Level 1,127,125,2,0,0,0,2
S01006971,Level 2,60,59,1,0,0,1,0
S01006971,Level 3,31,28,3,0,1,0,2
S01006971,Level 4 and above,86,83,3,0,1,0,2
S01006972,All people aged 16 and over,422,414,8,0,1,1,6
S01006972,No qualifications,72,70,2,0,0,0,2
S01006972,Level 1,107,105,2,0,0,0,2
S01006972,Level 2,58,57,1,0,0,0,1
S01006972,Level 3,38,38,0,0,0,0,0
S01006972,Level 4 and above,147,144,3,0,1,1,1
S01006973,All people aged 16 and over,461,445,16,0,0,4,12
S01006973,No qualifications,92,91,1,0,0,0,1
S01006973,Level 1,88,86,2,0,0,0,2
S01006973,Level 2,67,66,1,0,0,1,0
S01006973,Level 3,43,43,0,0,0,0,0
S01006973,Level 4 and above,171,159,12,0,0,3,9
S01006974,All people aged 16 and over,814,750,64,2,3,9,50
S01006974,No qualifications,91,85,6,0,0,0,6
S01006974,Level 1,165,156,9,0,3,2,4
S01006974,Level 2,121,111,10,0,0,0,10
S01006974,Level 3,83,78,5,0,0,0,5
S01006974,Level 4 and above,354,320,34,2,0,7,25
S01006975,All people aged 16 and over,777,738,39,3,10,6,20
S01006975,No qualifications,123,122,1,0,0,0,1
S01006975,Level 1,203,195,8,0,4,0,4
S01006975,Level 2,111,108,3,0,1,0,2
S01006975,Level 3,90,90,0,0,0,0,0
S01006975,Level 4 and above,250,223,27,3,5,6,13
S01006976,All people aged 16 and over,375,356,19,0,1,3,15
S01006976,No qualifications,69,68,1,0,0,0,1
S01006976,Level 1,84,79,5,0,0,0,5
S01006976,Level 2,54,53,1,0,0,0,1
S01006976,Level 3,45,43,2,0,0,0,2
S01006976,Level 4 and above,123,113,10,0,1,3,6
S01006977,All people aged 16 and over,652,629,23,0,8,3,12
S01006977,No qualifications,109,104,5,0,4,0,1
S01006977,Level 1,178,172,6,0,1,2,3
S01006977,Level 2,106,104,2,0,0,0,2
S01006977,Level 3,67,67,0,0,0,0,0
S01006977,Level 4 and above,192,182,10,0,3,1,6
S01006978,All people aged 16 and over,718,691,27,2,7,1,17
S01006978,No qualifications,154,149,5,0,1,1,3
S01006978,Level 1,159,156,3,1,2,0,0
S01006978,Level 2,114,112,2,0,0,0,2
S01006978,Level 3,61,59,2,1,0,0,1
S01006978,Level 4 and above,230,215,15,0,4,0,11
S01006979,All people aged 16 and over,699,677,22,1,1,4,16
S01006979,No qualifications,165,163,2,0,0,0,2
S01006979,Level 1,173,167,6,1,0,1,4
S01006979,Level 2,107,102,5,0,0,0,5
S01006979,Level 3,53,52,1,0,0,0,1
S01006979,Level 4 and above,201,193,8,0,1,3,4
S01006980,All people aged 16 and over,687,643,44,5,6,3,30
S01006980,No qualifications,115,111,4,0,1,0,3
S01006980,Level 1,162,152,10,1,2,0,7
S01006980,Level 2,114,108,6,0,1,0,5
S01006980,Level 3,74,71,3,2,0,0,1
S01006980,Level 4 and above,222,201,21,2,2,3,14
S01006981,All people aged 16 and over,649,619,30,5,5,8,12
S01006981,No qualifications,123,121,2,1,1,0,0
S01006981,Level 1,144,135,9,1,1,3,4
S01006981,Level 2,89,84,5,2,0,0,3
S01006981,Level 3,65,64,1,0,1,0,0
S01006981,Level 4 and above,228,215,13,1,2,5,5
S01006982,All people aged 16 and over,683,646,37,9,2,6,20
S01006982,No qualifications,131,126,5,1,0,0,4
S01006982,Level 1,165,159,6,1,1,0,4
S01006982,Level 2,115,109,6,3,0,1,2
S01006982,Level 3,84,81,3,2,0,0,1
S01006982,Level 4 and above,188,171,17,2,1,5,9
S01006983,All people aged 16 and over,581,556,25,1,3,1,20
S01006983,No qualifications,90,89,1,0,0,0,1
S01006983,Level 1,161,157,4,0,1,0,3
S01006983,Level 2,89,86,3,0,0,0,3
S01006983,Level 3,74,68,6,0,1,0,5
S01006983,Level 4 and above,167,156,11,1,1,1,8
S01006984,All people aged 16 and over,566,520,46,4,13,6,23
S01006984,No qualifications,74,63,11,0,9,0,2
S01006984,Level 1,117,115,2,1,0,0,1
S01006984,Level 2,77,77,0,0,0,0,0
S01006984,Level 3,68,57,11,3,4,0,4
S01006984,Level 4 and above,230,208,22,0,0,6,16
S01006985,All people aged 16 and over,839,811,28,2,2,4,20
S01006985,No qualifications,206,201,5,0,0,1,4
S01006985,Level 1,222,219,3,0,0,0,3
S01006985,Level 2,127,118,9,1,0,0,8
S01006985,Level 3,77,74,3,1,0,1,1
S01006985,Level 4 and above,207,199,8,0,2,2,4
S01006986,All people aged 16 and over,514,482,32,0,4,5,23
S01006986,No qualifications,91,89,2,0,0,0,2
S01006986,Level 1,131,124,7,0,2,1,4
S01006986,Level 2,78,74,4,0,0,0,4
S01006986,Level 3,56,51,5,0,1,1,3
S01006986,Level 4 and above,158,144,14,0,1,3,10
S01006987,All people aged 16 and over,546,513,33,2,10,5,16
S01006987,No qualifications,130,124,6,0,2,0,4
S01006987,Level 1,129,122,7,0,3,1,3
S01006987,Level 2,61,59,2,0,0,1,1
S01006987,Level 3,54,51,3,0,0,2,1
S01006987,Level 4 and above,172,157,15,2,5,1,7
S01006988,All people aged 16 and over,455,428,27,2,3,7,15
S01006988,No qualifications,73,72,1,0,0,0,1
S01006988,Level 1,101,97,4,1,0,0,3
S01006988,Level 2,74,72,2,0,0,0,2
S01006988,Level 3,51,50,1,0,0,0,1
S01006988,Level 4 and above,156,137,19,1,3,7,8
S01006989,All people aged 16 and over,794,755,39,2,3,3,31
S01006989,No qualifications,103,101,2,0,1,0,1
S01006989,Level 1,185,178,7,0,0,0,7
S01006989,Level 2,120,119,1,0,0,0,1
S01006989,Level 3,73,73,0,0,0,0,0
S01006989,Level 4 and above,313,284,29,2,2,3,22
S01006990,All people aged 16 and over,657,594,63,10,16,19,18
S01006990,No qualifications,49,44,5,3,1,1,0
S01006990,Level 1,158,147,11,2,4,2,3
S01006990,Level 2,107,105,2,0,1,1,0
S01006990,Level 3,71,67,4,0,0,1,3
S01006990,Level 4 and above,272,231,41,5,10,14,12
S01006991,All people aged 16 and over,371,355,16,4,2,1,9
S01006991,No qualifications,125,120,5,1,2,0,2
S01006991,Level 1,106,104,2,1,0,0,1
S01006991,Level 2,35,35,0,0,0,0,0
S01006991,Level 3,26,26,0,0,0,0,0
S01006991,Level 4 and above,79,70,9,2,0,1,6
S01006992,All people aged 16 and over,501,473,28,0,4,5,19
S01006992,No qualifications,91,90,1,0,0,0,1
S01006992,Level 1,111,106,5,0,1,2,2
S01006992,Level 2,60,57,3,0,0,2,1
S01006992,Level 3,60,53,7,0,1,0,6
S01006992,Level 4 and above,179,167,12,0,2,1,9
S01006993,All people aged 16 and over,433,411,22,1,1,2,18
S01006993,No qualifications,102,98,4,0,0,2,2
S01006993,Level 1,106,105,1,0,0,0,1
S01006993,Level 2,77,72,5,0,0,0,5
S01006993,Level 3,39,35,4,0,1,0,3
S01006993,Level 4 and above,109,101,8,1,0,0,7
S01006994,All people aged 16 and over,495,475,20,4,1,1,14
S01006994,No qualifications,93,92,1,1,0,0,0
S01006994,Level 1,126,123,3,0,0,0,3
S01006994,Level 2,71,70,1,0,0,0,1
S01006994,Level 3,48,46,2,1,0,0,1
S01006994,Level 4 and above,157,144,13,2,1,1,9
S01006995,All people aged 16 and over,673,642,31,0,4,2,25
S01006995,No qualifications,136,135,1,0,1,0,0
S01006995,Level 1,170,162,8,0,1,1,6
S01006995,Level 2,82,81,1,0,0,0,1
S01006995,Level 3,72,67,5,0,1,0,4
S01006995,Level 4 and above,213,197,16,0,1,1,14
S01006996,All people aged 16 and over,604,582,22,3,4,1,14
S01006996,No qualifications,152,149,3,0,0,0,3
S01006996,Level 1,185,179,6,1,2,0,3
S01006996,Level 2,78,78,0,0,0,0,0
S01006996,Level 3,56,53,3,0,0,0,3
S01006996,Level 4 and above,133,123,10,2,2,1,5
S01006997,All people aged 16 and over,603,557,46,4,4,7,31
S01006997,No qualifications,91,88,3,0,0,0,3
S01006997,Level 1,125,120,5,0,1,2,2
S01006997,Level 2,104,97,7,0,0,1,6
S01006997,Level 3,60,56,4,2,0,0,2
S01006997,Level 4 and above,223,196,27,2,3,4,18
S01006998,All people aged 16 and over,899,847,52,4,3,6,39
S01006998,No qualifications,172,164,8,0,1,2,5
S01006998,Level 1,212,206,6,0,1,0,5
S01006998,Level 2,128,123,5,0,0,2,3
S01006998,Level 3,89,84,5,1,0,1,3
S01006998,Level 4 and above,298,270,28,3,1,1,23
S01006999,All people aged 16 and over,724,694,30,2,4,3,21
S01006999,No qualifications,182,178,4,0,0,1,3
S01006999,Level 1,198,188,10,1,1,0,8
S01006999,Level 2,101,99,2,0,0,1,1
S01006999,Level 3,67,63,4,1,3,0,0
S01006999,Level 4 and above,176,166,10,0,0,1,9
S01007000,All people aged 16 and over,766,735,31,3,7,4,17
S01007000,No qualifications,189,185,4,1,0,0,3
S01007000,Level 1,201,194,7,1,2,0,4
S01007000,Level 2,96,93,3,0,1,0,2
S01007000,Level 3,73,67,6,0,1,2,3
S01007000,Level 4 and above,207,196,11,1,3,2,5
S01007001,All people aged 16 and over,775,746,29,2,4,3,20
S01007001,No qualifications,170,166,4,0,0,0,4
S01007001,Level 1,213,204,9,1,0,2,6
S01007001,Level 2,98,96,2,0,0,0,2
S01007001,Level 3,69,67,2,0,0,0,2
S01007001,Level 4 and above,225,213,12,1,4,1,6
S01007002,All people aged 16 and over,450,428,22,1,8,2,11
S01007002,No qualifications,110,100,10,0,6,0,4
S01007002,Level 1,123,119,4,1,1,1,1
S01007002,Level 2,48,47,1,0,0,0,1
S01007002,Level 3,42,41,1,0,0,0,1
S01007002,Level 4 and above,127,121,6,0,1,1,4
S01007003,All people aged 16 and over,425,413,12,0,0,4,8
S01007003,No qualifications,100,99,1,0,0,0,1
S01007003,Level 1,119,119,0,0,0,0,0
S01007003,Level 2,56,56,0,0,0,0,0
S01007003,Level 3,26,26,0,0,0,0,0
S01007003,Level 4 and above,124,113,11,0,0,4,7
S01007004,All people aged 16 and over,588,555,33,1,2,3,27
S01007004,No qualifications,119,112,7,0,2,1,4
S01007004,Level 1,165,159,6,1,0,1,4
S01007004,Level 2,70,66,4,0,0,0,4
S01007004,Level 3,57,56,1,0,0,0,1
S01007004,Level 4 and above,177,162,15,0,0,1,14
S01007005,All people aged 16 and over,729,704,25,0,3,4,18
S01007005,No qualifications,119,117,2,0,0,1,1
S01007005,Level 1,188,184,4,0,1,0,3
S01007005,Level 2,105,101,4,0,0,1,3
S01007005,Level 3,57,55,2,0,1,0,1
S01007005,Level 4 and above,260,247,13,0,1,2,10
S01007006,All people aged 16 and over,735,689,46,5,2,9,30
S01007006,No qualifications,197,188,9,0,0,6,3
S01007006,Level 1,203,193,10,0,0,0,10
S01007006,Level 2,90,84,6,0,0,1,5
S01007006,Level 3,60,58,2,0,0,0,2
S01007006,Level 4 and above,185,166,19,5,2,2,10
S01007007,All people aged 16 and over,672,633,39,1,7,8,23
S01007007,No qualifications,154,153,1,0,0,0,1
S01007007,Level 1,191,172,19,0,5,4,10
S01007007,Level 2,86,84,2,0,0,1,1
S01007007,Level 3,53,50,3,0,0,1,2
S01007007,Level 4 and above,188,174,14,1,2,2,9
S01007008,All people aged 16 and over,870,836,34,7,8,6,13
S01007008,No qualifications,290,287,3,0,0,0,3
S01007008,Level 1,240,233,7,1,1,2,3
S01007008,Level 2,118,113,5,1,0,1,3
S01007008,Level 3,69,69,0,0,0,0,0
S01007008,Level 4 and above,153,134,19,5,7,3,4
S01007009,All people aged 16 and over,874,833,41,2,15,2,22
S01007009,No qualifications,277,270,7,0,1,1,5
S01007009,Level 1,241,230,11,0,7,0,4
S01007009,Level 2,97,91,6,0,2,0,4
S01007009,Level 3,62,58,4,0,1,0,3
S01007009,Level 4 and above,197,184,13,2,4,1,6
S01007010,All people aged 16 and over,720,690,30,0,4,7,19
S01007010,No qualifications,222,212,10,0,2,1,7
S01007010,Level 1,151,145,6,0,0,3,3
S01007010,Level 2,94,91,3,0,1,0,2
S01007010,Level 3,50,48,2,0,0,2,0
S01007010,Level 4 and above,203,194,9,0,1,1,7
S01007011,All people aged 16 and over,730,693,37,8,6,5,18
S01007011,No qualifications,271,261,10,1,0,0,9
S01007011,Level 1,193,183,10,2,3,2,3
S01007011,Level 2,97,95,2,1,0,0,1
S01007011,Level 3,68,63,5,2,0,2,1
S01007011,Level 4 and above,101,91,10,2,3,1,4
S01007012,All people aged 16 and over,571,553,18,1,0,1,16
S01007012,No qualifications,250,245,5,0,0,1,4
S01007012,Level 1,178,175,3,0,0,0,3
S01007012,Level 2,54,49,5,0,0,0,5
S01007012,Level 3,49,47,2,0,0,0,2
S01007012,Level 4 and above,40,37,3,1,0,0,2
S01007013,All people aged 16 and over,458,434,24,3,1,8,12
S01007013,No qualifications,123,119,4,0,0,1,3
S01007013,Level 1,125,120,5,1,0,3,1
S01007013,Level 2,65,64,1,0,0,0,1
S01007013,Level 3,41,37,4,0,1,2,1
S01007013,Level 4 and above,104,94,10,2,0,2,6
S01007014,All people aged 16 and over,806,757,49,1,9,7,32
S01007014,No qualifications,158,148,10,0,0,2,8
S01007014,Level 1,239,235,4,1,0,0,3
S01007014,Level 2,112,109,3,0,0,1,2
S01007014,Level 3,92,85,7,0,0,2,5
S01007014,Level 4 and above,205,180,25,0,9,2,14
S01007015,All people aged 16 and over,505,475,30,5,9,4,12
S01007015,No qualifications,108,107,1,0,0,0,1
S01007015,Level 1,147,136,11,2,4,2,3
S01007015,Level 2,73,72,1,0,0,0,1
S01007015,Level 3,57,49,8,1,4,1,2
S01007015,Level 4 and above,120,111,9,2,1,1,5
S01007016,All people aged 16 and over,478,446,32,11,3,4,14
S01007016,No qualifications,84,81,3,0,0,1,2
S01007016,Level 1,159,145,14,11,0,2,1
S01007016,Level 2,71,68,3,0,1,0,2
S01007016,Level 3,44,42,2,0,0,1,1
S01007016,Level 4 and above,120,110,10,0,2,0,8
S01007017,All people aged 16 and over,829,783,46,3,16,13,14
S01007017,No qualifications,314,306,8,1,4,1,2
S01007017,Level 1,257,244,13,1,5,3,4
S01007017,Level 2,90,88,2,0,0,0,2
S01007017,Level 3,53,49,4,0,0,1,3
S01007017,Level 4 and above,115,96,19,1,7,8,3
S01007018,All people aged 16 and over,793,752,41,3,13,8,17
S01007018,No qualifications,237,232,5,0,1,2,2
S01007018,Level 1,248,238,10,0,3,4,3
S01007018,Level 2,98,95,3,0,1,1,1
S01007018,Level 3,74,65,9,1,5,0,3
S01007018,Level 4 and above,136,122,14,2,3,1,8
S01007019,All people aged 16 and over,574,509,65,19,25,10,11
S01007019,No qualifications,214,199,15,5,1,6,3
S01007019,Level 1,164,144,20,5,9,3,3
S01007019,Level 2,59,58,1,0,0,0,1
S01007019,Level 3,44,31,13,3,9,0,1
S01007019,Level 4 and above,93,77,16,6,6,1,3
S01007020,All people aged 16 and over,675,606,69,20,24,15,10
S01007020,No qualifications,209,196,13,7,1,4,1
S01007020,Level 1,175,165,10,1,5,2,2
S01007020,Level 2,76,71,5,1,2,0,2
S01007020,Level 3,78,59,19,4,10,3,2
S01007020,Level 4 and above,137,115,22,7,6,6,3
S01007021,All people aged 16 and over,774,718,56,12,15,18,11
S01007021,No qualifications,286,274,12,3,3,0,6
S01007021,Level 1,209,198,11,4,0,5,2
S01007021,Level 2,96,91,5,0,2,2,1
S01007021,Level 3,69,54,15,4,3,8,0
S01007021,Level 4 and above,114,101,13,1,7,3,2
S01007022,All people aged 16 and over,391,373,18,3,3,2,10
S01007022,No qualifications,115,113,2,0,2,0,0
S01007022,Level 1,115,109,6,2,1,1,2
S01007022,Level 2,34,32,2,0,0,0,2
S01007022,Level 3,46,44,2,0,0,0,2
S01007022,Level 4 and above,81,75,6,1,0,1,4
S01007023,All people aged 16 and over,394,380,14,1,0,7,6
S01007023,No qualifications,117,116,1,0,0,1,0
S01007023,Level 1,116,111,5,1,0,2,2
S01007023,Level 2,53,50,3,0,0,1,2
S01007023,Level 3,38,38,0,0,0,0,0
S01007023,Level 4 and above,70,65,5,0,0,3,2
S01007024,All people aged 16 and over,877,853,24,8,0,1,15
S01007024,No qualifications,270,268,2,1,0,0,1
S01007024,Level 1,215,211,4,0,0,0,4
S01007024,Level 2,109,106,3,0,0,0,3
S01007024,Level 3,78,73,5,4,0,0,1
S01007024,Level 4 and above,205,195,10,3,0,1,6
S01007025,All people aged 16 and over,708,682,26,1,9,4,12
S01007025,No qualifications,270,262,8,1,2,1,4
S01007025,Level 1,197,193,4,0,2,1,1
S01007025,Level 2,87,84,3,0,1,0,2
S01007025,Level 3,47,47,0,0,0,0,0
S01007025,Level 4 and above,107,96,11,0,4,2,5
S01007026,All people aged 16 and over,774,746,28,4,5,5,14
S01007026,No qualifications,292,287,5,0,0,1,4
S01007026,Level 1,168,165,3,0,0,1,2
S01007026,Level 2,97,96,1,0,0,1,0
S01007026,Level 3,64,55,9,2,2,2,3
S01007026,Level 4 and above,153,143,10,2,3,0,5
S01007027,All people aged 16 and over,880,846,34,4,6,11,13
S01007027,No qualifications,298,289,9,0,1,4,4
S01007027,Level 1,188,181,7,0,1,3,3
S01007027,Level 2,94,91,3,0,0,0,3
S01007027,Level 3,93,89,4,0,1,1,2
S01007027,Level 4 and above,207,196,11,4,3,3,1
S01007028,All people aged 16 and over,614,577,37,6,6,4,21
S01007028,No qualifications,155,148,7,3,2,0,2
S01007028,Level 1,161,151,10,1,3,2,4
S01007028,Level 2,89,87,2,0,0,0,2
S01007028,Level 3,53,48,5,1,1,0,3
S01007028,Level 4 and above,156,143,13,1,0,2,10
S01007029,All people aged 16 and over,458,443,15,1,0,2,12
S01007029,No qualifications,109,105,4,1,0,0,3
S01007029,Level 1,166,163,3,0,0,0,3
S01007029,Level 2,49,46,3,0,0,2,1
S01007029,Level 3,35,34,1,0,0,0,1
S01007029,Level 4 and above,99,95,4,0,0,0,4
S01007030,All people aged 16 and over,663,631,32,6,10,8,8
S01007030,No qualifications,226,221,5,1,4,0,0
S01007030,Level 1,218,210,8,3,3,1,1
S01007030,Level 2,68,67,1,0,0,0,1
S01007030,Level 3,46,44,2,0,0,1,1
S01007030,Level 4 and above,105,89,16,2,3,6,5
S01007031,All people aged 16 and over,517,484,33,2,3,8,20
S01007031,No qualifications,164,157,7,0,0,2,5
S01007031,Level 1,148,142,6,0,0,0,6
S01007031,Level 2,65,61,4,0,1,2,1
S01007031,Level 3,33,30,3,0,2,0,1
S01007031,Level 4 and above,107,94,13,2,0,4,7
S01007032,All people aged 16 and over,833,751,82,21,28,13,20
S01007032,No qualifications,271,256,15,6,2,2,5
S01007032,Level 1,214,187,27,4,15,2,6
S01007032,Level 2,106,103,3,1,1,0,1
S01007032,Level 3,55,48,7,2,2,3,0
S01007032,Level 4 and above,187,157,30,8,8,6,8
S01007033,All people aged 16 and over,603,581,22,2,4,7,9
S01007033,No qualifications,193,189,4,2,1,0,1
S01007033,Level 1,189,180,9,0,2,5,2
S01007033,Level 2,86,85,1,0,0,1,0
S01007033,Level 3,45,45,0,0,0,0,0
S01007033,Level 4 and above,90,82,8,0,1,1,6
S01007034,All people aged 16 and over,494,451,43,10,9,12,12
S01007034,No qualifications,122,114,8,2,0,2,4
S01007034,Level 1,145,136,9,1,2,3,3
S01007034,Level 2,63,61,2,0,1,0,1
S01007034,Level 3,53,45,8,2,2,3,1
S01007034,Level 4 and above,111,95,16,5,4,4,3
S01007035,All people aged 16 and over,643,586,57,3,19,18,17
S01007035,No qualifications,265,249,16,3,5,2,6
S01007035,Level 1,191,174,17,0,7,8,2
S01007035,Level 2,58,58,0,0,0,0,0
S01007035,Level 3,43,33,10,0,3,5,2
S01007035,Level 4 and above,86,72,14,0,4,3,7
S01007036,All people aged 16 and over,800,750,50,10,12,15,13
S01007036,No qualifications,260,239,21,8,6,2,5
S01007036,Level 1,187,184,3,0,0,2,1
S01007036,Level 2,88,86,2,0,1,0,1
S01007036,Level 3,58,50,8,0,1,7,0
S01007036,Level 4 and above,207,191,16,2,4,4,6
S01007037,All people aged 16 and over,830,797,33,3,14,7,9
S01007037,No qualifications,309,301,8,1,4,2,1
S01007037,Level 1,248,240,8,1,6,0,1
S01007037,Level 2,103,100,3,0,1,1,1
S01007037,Level 3,54,52,2,1,0,0,1
S01007037,Level 4 and above,116,104,12,0,3,4,5
S01007038,All people aged 16 and over,613,532,81,15,36,16,14
S01007038,No qualifications,172,165,7,2,1,2,2
S01007038,Level 1,184,162,22,4,10,6,2
S01007038,Level 2,77,71,6,3,0,2,1
S01007038,Level 3,55,37,18,5,6,5,2
S01007038,Level 4 and above,125,97,28,1,19,1,7
S01007039,All people aged 16 and over,685,663,22,2,3,7,10
S01007039,No qualifications,223,221,2,0,1,0,1
S01007039,Level 1,217,208,9,0,1,2,6
S01007039,Level 2,79,78,1,0,0,0,1
S01007039,Level 3,68,63,5,2,1,2,0
S01007039,Level 4 and above,98,93,5,0,0,3,2
S01007040,All people aged 16 and over,537,518,19,1,3,10,5
S01007040,No qualifications,192,189,3,1,0,2,0
S01007040,Level 1,166,160,6,0,2,2,2
S01007040,Level 2,67,66,1,0,0,1,0
S01007040,Level 3,30,29,1,0,0,0,1
S01007040,Level 4 and above,82,74,8,0,1,5,2
S01007041,All people aged 16 and over,628,606,22,1,3,6,12
S01007041,No qualifications,196,192,4,0,0,0,4
S01007041,Level 1,184,177,7,1,1,2,3
S01007041,Level 2,95,94,1,0,0,0,1
S01007041,Level 3,51,50,1,0,0,0,1
S01007041,Level 4 and above,102,93,9,0,2,4,3
S01007042,All people aged 16 and over,598,580,18,7,2,0,9
S01007042,No qualifications,189,185,4,2,0,0,2
S01007042,Level 1,183,180,3,1,0,0,2
S01007042,Level 2,68,68,0,0,0,0,0
S01007042,Level 3,46,45,1,0,0,0,1
S01007042,Level 4 and above,112,102,10,4,2,0,4
S01007043,All people aged 16 and over,835,792,43,2,14,8,19
S01007043,No qualifications,234,224,10,0,2,4,4
S01007043,Level 1,192,188,4,0,2,1,1
S01007043,Level 2,111,104,7,1,4,0,2
S01007043,Level 3,80,71,9,1,2,1,5
S01007043,Level 4 and above,218,205,13,0,4,2,7
S01007044,All people aged 16 and over,581,557,24,2,5,8,9
S01007044,No qualifications,179,178,1,0,0,0,1
S01007044,Level 1,159,157,2,0,1,0,1
S01007044,Level 2,70,69,1,0,1,0,0
S01007044,Level 3,45,41,4,1,1,2,0
S01007044,Level 4 and above,128,112,16,1,2,6,7
S01007045,All people aged 16 and over,683,653,30,4,7,1,18
S01007045,No qualifications,209,206,3,0,1,0,2
S01007045,Level 1,176,167,9,1,1,1,6
S01007045,Level 2,94,93,1,0,0,0,1
S01007045,Level 3,59,53,6,3,3,0,0
S01007045,Level 4 and above,145,134,11,0,2,0,9
S01007046,All people aged 16 and over,509,491,18,2,7,1,8
S01007046,No qualifications,170,164,6,1,3,0,2
S01007046,Level 1,141,139,2,1,0,0,1
S01007046,Level 2,60,58,2,0,0,1,1
S01007046,Level 3,47,45,2,0,2,0,0
S01007046,Level 4 and above,91,85,6,0,2,0,4
S01007047,All people aged 16 and over,550,535,15,0,0,2,13
S01007047,No qualifications,167,164,3,0,0,0,3
S01007047,Level 1,153,149,4,0,0,0,4
S01007047,Level 2,49,48,1,0,0,0,1
S01007047,Level 3,51,50,1,0,0,0,1
S01007047,Level 4 and above,130,124,6,0,0,2,4
S01007048,All people aged 16 and over,775,748,27,1,4,1,21
S01007048,No qualifications,232,230,2,0,0,0,2
S01007048,Level 1,212,202,10,1,1,0,8
S01007048,Level 2,102,101,1,0,0,0,1
S01007048,Level 3,66,63,3,0,0,0,3
S01007048,Level 4 and above,163,152,11,0,3,1,7
S01007049,All people aged 16 and over,767,734,33,3,9,4,17
S01007049,No qualifications,295,287,8,3,0,3,2
S01007049,Level 1,219,212,7,0,3,0,4
S01007049,Level 2,87,82,5,0,1,0,4
S01007049,Level 3,70,68,2,0,0,0,2
S01007049,Level 4 and above,96,85,11,0,5,1,5
S01007050,All people aged 16 and over,547,516,31,2,14,4,11
S01007050,No qualifications,171,168,3,0,1,1,1
S01007050,Level 1,160,157,3,1,1,0,1
S01007050,Level 2,71,70,1,0,0,0,1
S01007050,Level 3,39,32,7,0,4,1,2
S01007050,Level 4 and above,106,89,17,1,8,2,6
S01007051,All people aged 16 and over,614,596,18,1,2,2,13
S01007051,No qualifications,167,164,3,0,0,0,3
S01007051,Level 1,169,166,3,0,0,1,2
S01007051,Level 2,95,92,3,0,1,0,2
S01007051,Level 3,61,57,4,1,0,0,3
S01007051,Level 4 and above,122,117,5,0,1,1,3
S01007052,All people aged 16 and over,473,464,9,1,1,2,5
S01007052,No qualifications,142,140,2,0,1,0,1
S01007052,Level 1,120,118,2,0,0,2,0
S01007052,Level 2,74,73,1,0,0,0,1
S01007052,Level 3,54,52,2,0,0,0,2
S01007052,Level 4 and above,83,81,2,1,0,0,1
S01007053,All people aged 16 and over,402,396,6,1,1,1,3
S01007053,No qualifications,79,79,0,0,0,0,0
S01007053,Level 1,95,95,0,0,0,0,0
S01007053,Level 2,68,67,1,1,0,0,0
S01007053,Level 3,52,52,0,0,0,0,0
S01007053,Level 4 and above,108,103,5,0,1,1,3
S01007054,All people aged 16 and over,803,777,26,1,7,2,16
S01007054,No qualifications,280,274,6,0,4,0,2
S01007054,Level 1,212,207,5,0,2,0,3
S01007054,Level 2,116,111,5,1,0,0,4
S01007054,Level 3,73,72,1,0,0,1,0
S01007054,Level 4 and above,122,113,9,0,1,1,7
S01007055,All people aged 16 and over,422,405,17,3,1,2,11
S01007055,No qualifications,84,81,3,2,0,1,0
S01007055,Level 1,128,126,2,0,0,0,2
S01007055,Level 2,62,61,1,0,0,0,1
S01007055,Level 3,51,50,1,0,0,0,1
S01007055,Level 4 and above,97,87,10,1,1,1,7
S01007056,All people aged 16 and over,528,501,27,2,1,4,20
S01007056,No qualifications,137,132,5,2,0,0,3
S01007056,Level 1,129,125,4,0,0,1,3
S01007056,Level 2,90,83,7,0,0,1,6
S01007056,Level 3,45,44,1,0,0,0,1
S01007056,Level 4 and above,127,117,10,0,1,2,7
S01007057,All people aged 16 and over,459,442,17,3,0,1,13
S01007057,No qualifications,182,180,2,0,0,0,2
S01007057,Level 1,92,88,4,1,0,0,3
S01007057,Level 2,65,63,2,1,0,0,1
S01007057,Level 3,43,41,2,0,0,0,2
S01007057,Level 4 and above,77,70,7,1,0,1,5
S01007058,All people aged 16 and over,502,495,7,0,1,1,5
S01007058,No qualifications,218,214,4,0,0,0,4
S01007058,Level 1,116,116,0,0,0,0,0
S01007058,Level 2,72,72,0,0,0,0,0
S01007058,Level 3,41,40,1,0,1,0,0
S01007058,Level 4 and above,55,53,2,0,0,1,1
S01007059,All people aged 16 and over,813,783,30,2,4,4,20
S01007059,No qualifications,243,234,9,0,0,0,9
S01007059,Level 1,230,223,7,1,2,0,4
S01007059,Level 2,109,105,4,0,0,1,3
S01007059,Level 3,88,86,2,0,0,0,2
S01007059,Level 4 and above,143,135,8,1,2,3,2
S01007060,All people aged 16 and over,485,470,15,0,8,1,6
S01007060,No qualifications,172,170,2,0,0,0,2
S01007060,Level 1,164,161,3,0,1,0,2
S01007060,Level 2,59,57,2,0,0,0,2
S01007060,Level 3,39,36,3,0,3,0,0
S01007060,Level 4 and above,51,46,5,0,4,1,0
S01007061,All people aged 16 and over,739,706,33,2,3,5,23
S01007061,No qualifications,121,120,1,0,0,0,1
S01007061,Level 1,152,149,3,0,0,1,2
S01007061,Level 2,120,116,4,0,0,0,4
S01007061,Level 3,88,85,3,0,0,0,3
S01007061,Level 4 and above,258,236,22,2,3,4,13
S01007062,All people aged 16 and over,565,530,35,0,13,1,21
S01007062,No qualifications,103,95,8,0,1,0,7
S01007062,Level 1,136,129,7,0,2,0,5
S01007062,Level 2,77,72,5,0,2,0,3
S01007062,Level 3,54,54,0,0,0,0,0
S01007062,Level 4 and above,195,180,15,0,8,1,6
S01007063,All people aged 16 and over,549,530,19,1,1,2,15
S01007063,No qualifications,162,161,1,0,0,0,1
S01007063,Level 1,138,132,6,0,0,1,5
S01007063,Level 2,81,81,0,0,0,0,0
S01007063,Level 3,65,60,5,1,1,0,3
S01007063,Level 4 and above,103,96,7,0,0,1,6
S01007064,All people aged 16 and over,528,491,37,6,5,5,21
S01007064,No qualifications,121,115,6,5,0,0,1
S01007064,Level 1,135,128,7,0,4,0,3
S01007064,Level 2,74,69,5,0,0,1,4
S01007064,Level 3,48,41,7,0,1,1,5
S01007064,Level 4 and above,150,138,12,1,0,3,8
S01007065,All people aged 16 and over,474,447,27,1,1,8,17
S01007065,No qualifications,95,91,4,1,0,1,2
S01007065,Level 1,103,100,3,0,0,1,2
S01007065,Level 2,62,58,4,0,0,1,3
S01007065,Level 3,58,55,3,0,0,0,3
S01007065,Level 4 and above,156,143,13,0,1,5,7
S01007066,All people aged 16 and over,537,514,23,5,5,3,10
S01007066,No qualifications,112,112,0,0,0,0,0
S01007066,Level 1,141,136,5,1,0,1,3
S01007066,Level 2,88,87,1,0,1,0,0
S01007066,Level 3,52,47,5,2,0,1,2
S01007066,Level 4 and above,144,132,12,2,4,1,5
S01007067,All people aged 16 and over,489,475,14,0,2,3,9
S01007067,No qualifications,92,92,0,0,0,0,0
S01007067,Level 1,130,126,4,0,1,0,3
S01007067,Level 2,95,93,2,0,0,1,1
S01007067,Level 3,64,62,2,0,0,2,0
S01007067,Level 4 and above,108,102,6,0,1,0,5
S01007068,All people aged 16 and over,625,604,21,3,2,2,14
S01007068,No qualifications,192,189,3,0,0,0,3
S01007068,Level 1,150,143,7,1,2,0,4
S01007068,Level 2,77,75,2,0,0,0,2
S01007068,Level 3,65,64,1,0,0,0,1
S01007068,Level 4 and above,141,133,8,2,0,2,4
S01007069,All people aged 16 and over,644,598,46,8,11,3,24
S01007069,No qualifications,172,166,6,0,1,1,4
S01007069,Level 1,218,197,21,6,10,2,3
S01007069,Level 2,81,76,5,0,0,0,5
S01007069,Level 3,74,70,4,0,0,0,4
S01007069,Level 4 and above,99,89,10,2,0,0,8
S01007070,All people aged 16 and over,429,416,13,0,1,5,7
S01007070,No qualifications,144,142,2,0,0,0,2
S01007070,Level 1,125,121,4,0,0,3,1
S01007070,Level 2,52,51,1,0,0,0,1
S01007070,Level 3,47,45,2,0,0,1,1
S01007070,Level 4 and above,61,57,4,0,1,1,2
S01007071,All people aged 16 and over,688,662,26,2,5,3,16
S01007071,No qualifications,162,160,2,0,1,0,1
S01007071,Level 1,218,211,7,1,1,1,4
S01007071,Level 2,95,93,2,0,0,0,2
S01007071,Level 3,63,61,2,1,1,0,0
S01007071,Level 4 and above,150,137,13,0,2,2,9
S01007072,All people aged 16 and over,513,504,9,0,1,2,6
S01007072,No qualifications,128,126,2,0,0,0,2
S01007072,Level 1,137,136,1,0,0,0,1
S01007072,Level 2,104,102,2,0,0,0,2
S01007072,Level 3,64,61,3,0,1,2,0
S01007072,Level 4 and above,80,79,1,0,0,0,1
S01007073,All people aged 16 and over,903,882,21,2,7,2,10
S01007073,No qualifications,276,274,2,0,1,0,1
S01007073,Level 1,284,277,7,0,2,1,4
S01007073,Level 2,115,114,1,0,0,0,1
S01007073,Level 3,90,88,2,0,2,0,0
S01007073,Level 4 and above,138,129,9,2,2,1,4
S01007074,All people aged 16 and over,549,519,30,3,3,5,19
S01007074,No qualifications,184,176,8,1,0,0,7
S01007074,Level 1,179,171,8,0,2,0,6
S01007074,Level 2,54,54,0,0,0,0,0
S01007074,Level 3,56,51,5,0,0,3,2
S01007074,Level 4 and above,76,67,9,2,1,2,4
S01007075,All people aged 16 and over,585,547,38,20,7,4,7
S01007075,No qualifications,206,203,3,0,2,0,1
S01007075,Level 1,196,182,14,8,3,0,3
S01007075,Level 2,78,76,2,0,0,1,1
S01007075,Level 3,44,43,1,0,0,1,0
S01007075,Level 4 and above,61,43,18,12,2,2,2
S01007076,All people aged 16 and over,599,560,39,6,5,10,18
S01007076,No qualifications,187,180,7,0,2,0,5
S01007076,Level 1,200,185,15,0,2,5,8
S01007076,Level 2,70,70,0,0,0,0,0
S01007076,Level 3,67,61,6,4,1,0,1
S01007076,Level 4 and above,75,64,11,2,0,5,4
S01007077,All people aged 16 and over,594,575,19,0,5,2,12
S01007077,No qualifications,242,235,7,0,3,2,2
S01007077,Level 1,161,157,4,0,0,0,4
S01007077,Level 2,70,68,2,0,0,0,2
S01007077,Level 3,40,39,1,0,0,0,1
S01007077,Level 4 and above,81,76,5,0,2,0,3
S01007078,All people aged 16 and over,717,677,40,2,12,11,15
S01007078,No qualifications,277,267,10,0,3,0,7
S01007078,Level 1,188,178,10,0,2,6,2
S01007078,Level 2,85,82,3,0,0,1,2
S01007078,Level 3,67,64,3,0,1,0,2
S01007078,Level 4 and above,100,86,14,2,6,4,2
S01007079,All people aged 16 and over,858,793,65,20,20,10,15
S01007079,No qualifications,330,313,17,3,9,1,4
S01007079,Level 1,233,218,15,6,3,2,4
S01007079,Level 2,99,92,7,2,2,1,2
S01007079,Level 3,66,58,8,2,2,2,2
S01007079,Level 4 and above,130,112,18,7,4,4,3
S01007080,All people aged 16 and over,669,629,40,13,12,9,6
S01007080,No qualifications,270,260,10,3,5,1,1
S01007080,Level 1,181,171,10,5,3,1,1
S01007080,Level 2,74,73,1,1,0,0,0
S01007080,Level 3,67,62,5,1,0,3,1
S01007080,Level 4 and above,77,63,14,3,4,4,3
S01007081,All people aged 16 and over,734,627,107,23,49,16,19
S01007081,No qualifications,290,241,49,10,30,4,5
S01007081,Level 1,224,201,23,7,10,3,3
S01007081,Level 2,64,61,3,1,0,0,2
S01007081,Level 3,50,43,7,1,3,3,0
S01007081,Level 4 and above,106,81,25,4,6,6,9
S01007082,All people aged 16 and over,439,368,71,21,19,26,5
S01007082,No qualifications,171,148,23,6,8,7,2
S01007082,Level 1,124,102,22,9,5,8,0
S01007082,Level 2,42,41,1,0,0,0,1
S01007082,Level 3,47,41,6,0,0,6,0
S01007082,Level 4 and above,55,36,19,6,6,5,2
S01007083,All people aged 16 and over,794,685,109,39,41,18,11
S01007083,No qualifications,375,340,35,18,7,4,6
S01007083,Level 1,206,186,20,2,14,3,1
S01007083,Level 2,59,57,2,0,2,0,0
S01007083,Level 3,74,50,24,11,7,4,2
S01007083,Level 4 and above,80,52,28,8,11,7,2
S01007084,All people aged 16 and over,557,511,46,12,13,10,11
S01007084,No qualifications,213,201,12,3,4,2,3
S01007084,Level 1,127,113,14,5,5,3,1
S01007084,Level 2,71,68,3,2,0,1,0
S01007084,Level 3,56,53,3,0,1,1,1
S01007084,Level 4 and above,90,76,14,2,3,3,6
S01007085,All people aged 16 and over,684,565,119,39,31,31,18
S01007085,No qualifications,176,144,32,13,7,10,2
S01007085,Level 1,191,167,24,6,7,6,5
S01007085,Level 2,70,66,4,1,1,1,1
S01007085,Level 3,78,59,19,5,7,7,0
S01007085,Level 4 and above,169,129,40,14,9,7,10
S01007086,All people aged 16 and over,917,679,238,72,95,53,18
S01007086,No qualifications,281,231,50,5,18,20,7
S01007086,Level 1,306,221,85,29,36,16,4
S01007086,Level 2,95,84,11,2,7,2,0
S01007086,Level 3,87,63,24,4,14,3,3
S01007086,Level 4 and above,148,80,68,32,20,12,4
S01007087,All people aged 16 and over,753,579,174,62,63,37,12
S01007087,No qualifications,294,257,37,10,9,13,5
S01007087,Level 1,200,150,50,12,30,6,2
S01007087,Level 2,79,66,13,5,4,4,0
S01007087,Level 3,57,44,13,5,5,3,0
S01007087,Level 4 and above,123,62,61,30,15,11,5
S01007088,All people aged 16 and over,437,365,72,16,26,24,6
S01007088,No qualifications,197,179,18,4,2,9,3
S01007088,Level 1,130,108,22,4,8,8,2
S01007088,Level 2,32,28,4,3,1,0,0
S01007088,Level 3,28,23,5,2,1,2,0
S01007088,Level 4 and above,50,27,23,3,14,5,1
S01007089,All people aged 16 and over,423,402,21,2,4,2,13
S01007089,No qualifications,98,92,6,2,2,0,2
S01007089,Level 1,118,114,4,0,1,0,3
S01007089,Level 2,70,68,2,0,0,1,1
S01007089,Level 3,47,45,2,0,0,1,1
S01007089,Level 4 and above,90,83,7,0,1,0,6
S01007090,All people aged 16 and over,451,421,30,4,13,3,10
S01007090,No qualifications,112,102,10,1,4,1,4
S01007090,Level 1,144,137,7,2,4,0,1
S01007090,Level 2,68,67,1,0,1,0,0
S01007090,Level 3,48,44,4,0,2,0,2
S01007090,Level 4 and above,79,71,8,1,2,2,3
S01007091,All people aged 16 and over,587,538,49,4,19,9,17
S01007091,No qualifications,127,114,13,1,8,1,3
S01007091,Level 1,201,188,13,0,3,2,8
S01007091,Level 2,103,102,1,0,1,0,0
S01007091,Level 3,67,63,4,0,3,0,1
S01007091,Level 4 and above,89,71,18,3,4,6,5
S01007092,All people aged 16 and over,537,524,13,2,8,1,2
S01007092,No qualifications,228,227,1,0,0,0,1
S01007092,Level 1,164,155,9,2,6,1,0
S01007092,Level 2,43,42,1,0,1,0,0
S01007092,Level 3,41,41,0,0,0,0,0
S01007092,Level 4 and above,61,59,2,0,1,0,1
S01007093,All people aged 16 and over,853,808,45,6,14,8,17
S01007093,No qualifications,245,235,10,1,2,2,5
S01007093,Level 1,227,215,12,1,5,3,3
S01007093,Level 2,125,119,6,1,0,1,4
S01007093,Level 3,100,97,3,0,1,0,2
S01007093,Level 4 and above,156,142,14,3,6,2,3
S01007094,All people aged 16 and over,759,724,35,9,2,10,14
S01007094,No qualifications,227,222,5,1,0,1,3
S01007094,Level 1,237,222,15,7,1,3,4
S01007094,Level 2,92,90,2,0,0,1,1
S01007094,Level 3,72,67,5,0,1,1,3
S01007094,Level 4 and above,131,123,8,1,0,4,3
S01007095,All people aged 16 and over,447,433,14,2,3,3,6
S01007095,No qualifications,109,104,5,1,3,0,1
S01007095,Level 1,119,116,3,0,0,2,1
S01007095,Level 2,69,69,0,0,0,0,0
S01007095,Level 3,46,45,1,1,0,0,0
S01007095,Level 4 and above,104,99,5,0,0,1,4
S01007096,All people aged 16 and over,645,621,24,2,0,3,19
S01007096,No qualifications,124,124,0,0,0,0,0
S01007096,Level 1,178,172,6,0,0,1,5
S01007096,Level 2,98,94,4,1,0,1,2
S01007096,Level 3,86,84,2,0,0,0,2
S01007096,Level 4 and above,159,147,12,1,0,1,10
S01007097,All people aged 16 and over,396,382,14,0,4,6,4
S01007097,No qualifications,85,85,0,0,0,0,0
S01007097,Level 1,116,109,7,0,2,2,3
S01007097,Level 2,57,57,0,0,0,0,0
S01007097,Level 3,48,47,1,0,0,1,0
S01007097,Level 4 and above,90,84,6,0,2,3,1
S01007098,All people aged 16 and over,640,618,22,4,0,5,13
S01007098,No qualifications,133,127,6,1,0,1,4
S01007098,Level 1,150,146,4,0,0,1,3
S01007098,Level 2,118,114,4,1,0,2,1
S01007098,Level 3,76,75,1,1,0,0,0
S01007098,Level 4 and above,163,156,7,1,0,1,5
S01007099,All people aged 16 and over,694,675,19,1,1,2,15
S01007099,No qualifications,159,158,1,0,0,0,1
S01007099,Level 1,199,194,5,1,1,0,3
S01007099,Level 2,114,109,5,0,0,1,4
S01007099,Level 3,85,81,4,0,0,0,4
S01007099,Level 4 and above,137,133,4,0,0,1,3
S01007100,All people aged 16 and over,601,583,18,1,4,1,12
S01007100,No qualifications,166,166,0,0,0,0,0
S01007100,Level 1,159,159,0,0,0,0,0
S01007100,Level 2,82,80,2,0,0,0,2
S01007100,Level 3,57,53,4,0,1,0,3
S01007100,Level 4 and above,137,125,12,1,3,1,7
S01007101,All people aged 16 and over,706,684,22,0,3,2,17
S01007101,No qualifications,285,276,9,0,0,0,9
S01007101,Level 1,205,201,4,0,1,0,3
S01007101,Level 2,69,68,1,0,0,0,1
S01007101,Level 3,55,55,0,0,0,0,0
S01007101,Level 4 and above,92,84,8,0,2,2,4
S01007102,All people aged 16 and over,590,575,15,1,1,2,11
S01007102,No qualifications,181,178,3,1,0,0,2
S01007102,Level 1,149,147,2,0,0,1,1
S01007102,Level 2,77,75,2,0,0,1,1
S01007102,Level 3,52,50,2,0,0,0,2
S01007102,Level 4 and above,131,125,6,0,1,0,5
S01007103,All people aged 16 and over,678,672,6,2,0,1,3
S01007103,No qualifications,207,206,1,0,0,0,1
S01007103,Level 1,180,178,2,2,0,0,0
S01007103,Level 2,90,90,0,0,0,0,0
S01007103,Level 3,78,78,0,0,0,0,0
S01007103,Level 4 and above,123,120,3,0,0,1,2
S01007104,All people aged 16 and over,398,381,17,3,4,5,5
S01007104,No qualifications,119,114,5,1,0,1,3
S01007104,Level 1,116,112,4,1,3,0,0
S01007104,Level 2,49,49,0,0,0,0,0
S01007104,Level 3,40,37,3,0,0,2,1
S01007104,Level 4 and above,74,69,5,1,1,2,1
S01007105,All people aged 16 and over,447,433,14,3,1,0,10
S01007105,No qualifications,143,139,4,0,0,0,4
S01007105,Level 1,129,125,4,1,1,0,2
S01007105,Level 2,59,58,1,0,0,0,1
S01007105,Level 3,56,54,2,0,0,0,2
S01007105,Level 4 and above,60,57,3,2,0,0,1
S01007106,All people aged 16 and over,615,596,19,7,1,3,8
S01007106,No qualifications,207,200,7,3,0,1,3
S01007106,Level 1,159,156,3,1,0,0,2
S01007106,Level 2,66,66,0,0,0,0,0
S01007106,Level 3,77,75,2,0,0,1,1
S01007106,Level 4 and above,106,99,7,3,1,1,2
S01007107,All people aged 16 and over,543,519,24,1,3,8,12
S01007107,No qualifications,139,136,3,0,0,3,0
S01007107,Level 1,141,135,6,0,0,1,5
S01007107,Level 2,78,75,3,0,0,1,2
S01007107,Level 3,72,69,3,1,1,0,1
S01007107,Level 4 and above,113,104,9,0,2,3,4
S01007108,All people aged 16 and over,468,457,11,1,1,2,7
S01007108,No qualifications,138,133,5,0,0,0,5
S01007108,Level 1,115,114,1,0,0,0,1
S01007108,Level 2,58,58,0,0,0,0,0
S01007108,Level 3,66,64,2,0,0,2,0
S01007108,Level 4 and above,91,88,3,1,1,0,1
S01007109,All people aged 16 and over,668,614,54,7,9,22,16
S01007109,No qualifications,270,255,15,2,3,6,4
S01007109,Level 1,181,166,15,0,2,8,5
S01007109,Level 2,64,60,4,0,0,2,2
S01007109,Level 3,67,61,6,0,1,3,2
S01007109,Level 4 and above,86,72,14,5,3,3,3
S01007110,All people aged 16 and over,608,568,40,2,13,16,9
S01007110,No qualifications,174,168,6,0,0,2,4
S01007110,Level 1,198,188,10,0,3,4,3
S01007110,Level 2,68,67,1,0,0,1,0
S01007110,Level 3,77,71,6,0,0,5,1
S01007110,Level 4 and above,91,74,17,2,10,4,1
S01007111,All people aged 16 and over,435,418,17,2,1,5,9
S01007111,No qualifications,147,144,3,1,1,1,0
S01007111,Level 1,122,116,6,0,0,2,4
S01007111,Level 2,48,47,1,0,0,0,1
S01007111,Level 3,64,64,0,0,0,0,0
S01007111,Level 4 and above,54,47,7,1,0,2,4
S01007112,All people aged 16 and over,475,456,19,4,11,2,2
S01007112,No qualifications,160,156,4,1,0,1,2
S01007112,Level 1,108,107,1,0,1,0,0
S01007112,Level 2,60,60,0,0,0,0,0
S01007112,Level 3,57,50,7,3,4,0,0
S01007112,Level 4 and above,90,83,7,0,6,1,0
S01007113,All people aged 16 and over,488,442,46,8,15,10,13
S01007113,No qualifications,130,118,12,0,4,1,7
S01007113,Level 1,118,103,15,5,5,3,2
S01007113,Level 2,39,39,0,0,0,0,0
S01007113,Level 3,54,48,6,1,2,2,1
S01007113,Level 4 and above,147,134,13,2,4,4,3
S01007114,All people aged 16 and over,745,716,29,13,3,3,10
S01007114,No qualifications,251,239,12,7,1,2,2
S01007114,Level 1,201,198,3,0,1,0,2
S01007114,Level 2,98,97,1,0,0,0,1
S01007114,Level 3,101,98,3,1,1,0,1
S01007114,Level 4 and above,94,84,10,5,0,1,4
S01007115,All people aged 16 and over,584,566,18,3,3,5,7
S01007115,No qualifications,199,194,5,1,0,3,1
S01007115,Level 1,149,145,4,0,1,1,2
S01007115,Level 2,63,62,1,0,1,0,0
S01007115,Level 3,81,79,2,0,0,0,2
S01007115,Level 4 and above,92,86,6,2,1,1,2
S01007116,All people aged 16 and over,732,713,19,1,6,6,6
S01007116,No qualifications,135,129,6,1,4,0,1
S01007116,Level 1,209,207,2,0,0,0,2
S01007116,Level 2,112,110,2,0,0,1,1
S01007116,Level 3,112,110,2,0,0,1,1
S01007116,Level 4 and above,164,157,7,0,2,4,1
S01007117,All people aged 16 and over,398,389,9,0,6,2,1
S01007117,No qualifications,89,86,3,0,1,2,0
S01007117,Level 1,110,105,5,0,5,0,0
S01007117,Level 2,57,56,1,0,0,0,1
S01007117,Level 3,48,48,0,0,0,0,0
S01007117,Level 4 and above,94,94,0,0,0,0,0
S01007118,All people aged 16 and over,531,468,63,8,19,19,17
S01007118,No qualifications,171,157,14,5,2,1,6
S01007118,Level 1,179,162,17,1,6,8,2
S01007118,Level 2,53,45,8,1,5,1,1
S01007118,Level 3,75,60,15,0,4,6,5
S01007118,Level 4 and above,53,44,9,1,2,3,3
S01007119,All people aged 16 and over,658,630,28,8,15,2,3
S01007119,No qualifications,261,257,4,0,2,0,2
S01007119,Level 1,205,197,8,4,3,0,1
S01007119,Level 2,65,65,0,0,0,0,0
S01007119,Level 3,72,68,4,0,4,0,0
S01007119,Level 4 and above,55,43,12,4,6,2,0
S01007120,All people aged 16 and over,907,780,127,44,46,23,14
S01007120,No qualifications,371,326,45,19,18,3,5
S01007120,Level 1,221,200,21,7,7,5,2
S01007120,Level 2,100,91,9,2,1,5,1
S01007120,Level 3,100,87,13,4,6,1,2
S01007120,Level 4 and above,115,76,39,12,14,9,4
S01007121,All people aged 16 and over,466,378,88,26,42,12,8
S01007121,No qualifications,215,188,27,6,13,4,4
S01007121,Level 1,109,89,20,7,8,4,1
S01007121,Level 2,50,47,3,3,0,0,0
S01007121,Level 3,37,27,10,3,5,0,2
S01007121,Level 4 and above,55,27,28,7,16,4,1
S01007122,All people aged 16 and over,506,461,45,8,13,11,13
S01007122,No qualifications,142,136,6,1,3,1,1
S01007122,Level 1,133,122,11,0,3,4,4
S01007122,Level 2,56,53,3,1,0,1,1
S01007122,Level 3,60,54,6,2,1,2,1
S01007122,Level 4 and above,115,96,19,4,6,3,6
S01007123,All people aged 16 and over,566,523,43,4,21,8,10
S01007123,No qualifications,245,234,11,2,3,4,2
S01007123,Level 1,147,129,18,2,10,2,4
S01007123,Level 2,58,56,2,0,1,0,1
S01007123,Level 3,48,47,1,0,0,1,0
S01007123,Level 4 and above,68,57,11,0,7,1,3
S01007124,All people aged 16 and over,749,694,55,11,21,12,11
S01007124,No qualifications,244,232,12,3,5,1,3
S01007124,Level 1,223,211,12,2,4,4,2
S01007124,Level 2,96,93,3,1,2,0,0
S01007124,Level 3,84,73,11,2,4,4,1
S01007124,Level 4 and above,102,85,17,3,6,3,5
S01007125,All people aged 16 and over,676,552,124,24,49,37,14
S01007125,No qualifications,249,218,31,12,7,10,2
S01007125,Level 1,208,164,44,5,21,14,4
S01007125,Level 2,67,62,5,1,1,1,2
S01007125,Level 3,60,46,14,2,5,4,3
S01007125,Level 4 and above,92,62,30,4,15,8,3
S01007126,All people aged 16 and over,723,511,212,40,89,75,8
S01007126,No qualifications,307,238,69,12,29,27,1
S01007126,Level 1,198,151,47,6,23,16,2
S01007126,Level 2,54,46,8,4,1,2,1
S01007126,Level 3,86,47,39,7,16,12,4
S01007126,Level 4 and above,78,29,49,11,20,18,0
S01007127,All people aged 16 and over,833,522,311,93,103,91,24
S01007127,No qualifications,336,220,116,41,34,30,11
S01007127,Level 1,204,145,59,15,18,21,5
S01007127,Level 2,67,57,10,4,3,1,2
S01007127,Level 3,79,50,29,9,12,7,1
S01007127,Level 4 and above,147,50,97,24,36,32,5
S01007128,All people aged 16 and over,696,637,59,6,19,17,17
S01007128,No qualifications,332,311,21,5,6,5,5
S01007128,Level 1,167,158,9,0,3,3,3
S01007128,Level 2,68,68,0,0,0,0,0
S01007128,Level 3,52,42,10,1,3,3,3
S01007128,Level 4 and above,77,58,19,0,7,6,6
S01007129,All people aged 16 and over,739,685,54,1,1,11,41
S01007129,No qualifications,86,82,4,1,0,0,3
S01007129,Level 1,92,89,3,0,0,1,2
S01007129,Level 2,103,100,3,0,0,0,3
S01007129,Level 3,87,85,2,0,0,0,2
S01007129,Level 4 and above,371,329,42,0,1,10,31
S01007130,All people aged 16 and over,530,509,21,0,1,1,19
S01007130,No qualifications,121,117,4,0,0,0,4
S01007130,Level 1,113,111,2,0,0,0,2
S01007130,Level 2,72,70,2,0,0,0,2
S01007130,Level 3,61,59,2,0,0,1,1
S01007130,Level 4 and above,163,152,11,0,1,0,10
S01007131,All people aged 16 and over,655,633,22,1,3,6,12
S01007131,No qualifications,148,143,5,1,0,1,3
S01007131,Level 1,133,130,3,0,0,1,2
S01007131,Level 2,96,93,3,0,1,0,2
S01007131,Level 3,57,57,0,0,0,0,0
S01007131,Level 4 and above,221,210,11,0,2,4,5
S01007132,All people aged 16 and over,590,566,24,2,1,2,19
S01007132,No qualifications,114,105,9,2,0,1,6
S01007132,Level 1,125,123,2,0,1,0,1
S01007132,Level 2,95,94,1,0,0,0,1
S01007132,Level 3,70,68,2,0,0,0,2
S01007132,Level 4 and above,186,176,10,0,0,1,9
S01007133,All people aged 16 and over,554,535,19,2,2,3,12
S01007133,No qualifications,121,116,5,2,0,0,3
S01007133,Level 1,117,117,0,0,0,0,0
S01007133,Level 2,80,78,2,0,0,0,2
S01007133,Level 3,55,52,3,0,1,1,1
S01007133,Level 4 and above,181,172,9,0,1,2,6
S01007134,All people aged 16 and over,611,589,22,2,2,3,15
S01007134,No qualifications,163,161,2,0,0,1,1
S01007134,Level 1,144,136,8,0,0,1,7
S01007134,Level 2,70,67,3,1,0,0,2
S01007134,Level 3,69,67,2,0,1,0,1
S01007134,Level 4 and above,165,158,7,1,1,1,4
S01007135,All people aged 16 and over,437,409,28,2,2,0,24
S01007135,No qualifications,47,43,4,2,0,0,2
S01007135,Level 1,87,85,2,0,0,0,2
S01007135,Level 2,58,56,2,0,0,0,2
S01007135,Level 3,36,32,4,0,1,0,3
S01007135,Level 4 and above,209,193,16,0,1,0,15
S01007136,All people aged 16 and over,403,370,33,0,2,7,24
S01007136,No qualifications,40,37,3,0,1,0,2
S01007136,Level 1,77,73,4,0,0,1,3
S01007136,Level 2,58,54,4,0,0,0,4
S01007136,Level 3,45,41,4,0,0,1,3
S01007136,Level 4 and above,183,165,18,0,1,5,12
S01007137,All people aged 16 and over,519,486,33,4,2,7,20
S01007137,No qualifications,38,35,3,1,0,2,0
S01007137,Level 1,125,122,3,0,0,0,3
S01007137,Level 2,79,76,3,1,1,0,1
S01007137,Level 3,67,65,2,0,0,0,2
S01007137,Level 4 and above,210,188,22,2,1,5,14
S01007138,All people aged 16 and over,477,460,17,2,3,0,12
S01007138,No qualifications,75,74,1,0,0,0,1
S01007138,Level 1,109,108,1,0,0,0,1
S01007138,Level 2,68,66,2,0,0,0,2
S01007138,Level 3,50,49,1,0,0,0,1
S01007138,Level 4 and above,175,163,12,2,3,0,7
S01007139,All people aged 16 and over,627,609,18,2,3,5,8
S01007139,No qualifications,166,164,2,0,0,0,2
S01007139,Level 1,151,149,2,0,0,0,2
S01007139,Level 2,87,86,1,0,0,1,0
S01007139,Level 3,69,67,2,0,1,0,1
S01007139,Level 4 and above,154,143,11,2,2,4,3
S01007140,All people aged 16 and over,826,792,34,3,5,7,19
S01007140,No qualifications,156,145,11,3,2,3,3
S01007140,Level 1,206,201,5,0,1,0,4
S01007140,Level 2,101,101,0,0,0,0,0
S01007140,Level 3,94,90,4,0,0,2,2
S01007140,Level 4 and above,269,255,14,0,2,2,10
S01007141,All people aged 16 and over,541,513,28,2,5,4,17
S01007141,No qualifications,94,91,3,0,1,0,2
S01007141,Level 1,131,124,7,0,3,0,4
S01007141,Level 2,83,81,2,1,0,1,0
S01007141,Level 3,62,59,3,1,0,0,2
S01007141,Level 4 and above,171,158,13,0,1,3,9
S01007142,All people aged 16 and over,453,428,25,0,3,4,18
S01007142,No qualifications,89,86,3,0,1,0,2
S01007142,Level 1,81,76,5,0,1,1,3
S01007142,Level 2,76,74,2,0,0,0,2
S01007142,Level 3,50,47,3,0,0,1,2
S01007142,Level 4 and above,157,145,12,0,1,2,9
S01007143,All people aged 16 and over,435,410,25,1,6,1,17
S01007143,No qualifications,23,23,0,0,0,0,0
S01007143,Level 1,100,97,3,0,0,0,3
S01007143,Level 2,82,81,1,0,1,0,0
S01007143,Level 3,61,56,5,0,2,1,2
S01007143,Level 4 and above,169,153,16,1,3,0,12
S01007144,All people aged 16 and over,614,556,58,16,16,8,18
S01007144,No qualifications,171,163,8,2,1,2,3
S01007144,Level 1,139,130,9,5,2,0,2
S01007144,Level 2,89,79,10,0,6,0,4
S01007144,Level 3,55,51,4,0,2,1,1
S01007144,Level 4 and above,160,133,27,9,5,5,8
S01007145,All people aged 16 and over,773,737,36,0,0,1,35
S01007145,No qualifications,182,171,11,0,0,0,11
S01007145,Level 1,172,165,7,0,0,1,6
S01007145,Level 2,111,108,3,0,0,0,3
S01007145,Level 3,77,74,3,0,0,0,3
S01007145,Level 4 and above,231,219,12,0,0,0,12
S01007146,All people aged 16 and over,606,590,16,0,4,3,9
S01007146,No qualifications,126,125,1,0,0,0,1
S01007146,Level 1,154,149,5,0,0,1,4
S01007146,Level 2,78,77,1,0,0,0,1
S01007146,Level 3,51,51,0,0,0,0,0
S01007146,Level 4 and above,197,188,9,0,4,2,3
S01007147,All people aged 16 and over,607,579,28,2,1,0,25
S01007147,No qualifications,105,100,5,0,0,0,5
S01007147,Level 1,141,137,4,0,0,0,4
S01007147,Level 2,93,93,0,0,0,0,0
S01007147,Level 3,79,75,4,0,1,0,3
S01007147,Level 4 and above,189,174,15,2,0,0,13
S01007148,All people aged 16 and over,444,415,29,6,0,2,21
S01007148,No qualifications,55,45,10,1,0,0,9
S01007148,Level 1,101,98,3,0,0,0,3
S01007148,Level 2,67,64,3,1,0,0,2
S01007148,Level 3,56,54,2,1,0,0,1
S01007148,Level 4 and above,165,154,11,3,0,2,6
S01007149,All people aged 16 and over,472,450,22,1,0,3,18
S01007149,No qualifications,99,96,3,1,0,0,2
S01007149,Level 1,118,114,4,0,0,0,4
S01007149,Level 2,65,62,3,0,0,2,1
S01007149,Level 3,62,57,5,0,0,0,5
S01007149,Level 4 and above,128,121,7,0,0,1,6
S01007150,All people aged 16 and over,697,661,36,0,0,7,29
S01007150,No qualifications,159,147,12,0,0,1,11
S01007150,Level 1,125,120,5,0,0,0,5
S01007150,Level 2,92,89,3,0,0,1,2
S01007150,Level 3,83,80,3,0,0,0,3
S01007150,Level 4 and above,238,225,13,0,0,5,8
S01007151,All people aged 16 and over,714,689,25,6,1,4,14
S01007151,No qualifications,124,118,6,3,0,0,3
S01007151,Level 1,150,147,3,0,0,1,2
S01007151,Level 2,119,116,3,2,0,0,1
S01007151,Level 3,84,82,2,0,0,0,2
S01007151,Level 4 and above,237,226,11,1,1,3,6
S01007152,All people aged 16 and over,476,462,14,2,3,0,9
S01007152,No qualifications,93,90,3,0,0,0,3
S01007152,Level 1,104,102,2,0,1,0,1
S01007152,Level 2,65,64,1,1,0,0,0
S01007152,Level 3,49,47,2,0,1,0,1
S01007152,Level 4 and above,165,159,6,1,1,0,4
S01007153,All people aged 16 and over,526,506,20,1,1,2,16
S01007153,No qualifications,110,105,5,0,0,1,4
S01007153,Level 1,101,98,3,0,0,1,2
S01007153,Level 2,82,81,1,0,0,0,1
S01007153,Level 3,61,58,3,0,0,0,3
S01007153,Level 4 and above,172,164,8,1,1,0,6
S01007154,All people aged 16 and over,712,680,32,2,3,3,24
S01007154,No qualifications,202,198,4,0,0,0,4
S01007154,Level 1,160,158,2,0,1,1,0
S01007154,Level 2,84,79,5,0,0,1,4
S01007154,Level 3,85,80,5,1,1,0,3
S01007154,Level 4 and above,181,165,16,1,1,1,13
S01007155,All people aged 16 and over,541,513,28,3,2,5,18
S01007155,No qualifications,120,117,3,0,0,0,3
S01007155,Level 1,113,105,8,2,0,2,4
S01007155,Level 2,86,83,3,0,0,1,2
S01007155,Level 3,58,53,5,0,0,0,5
S01007155,Level 4 and above,164,155,9,1,2,2,4
S01007156,All people aged 16 and over,608,591,17,0,0,1,16
S01007156,No qualifications,160,159,1,0,0,0,1
S01007156,Level 1,161,153,8,0,0,1,7
S01007156,Level 2,92,90,2,0,0,0,2
S01007156,Level 3,67,65,2,0,0,0,2
S01007156,Level 4 and above,128,124,4,0,0,0,4
S01007157,All people aged 16 and over,503,482,21,3,3,4,11
S01007157,No qualifications,111,108,3,0,1,0,2
S01007157,Level 1,143,138,5,0,1,3,1
S01007157,Level 2,85,83,2,0,0,0,2
S01007157,Level 3,73,72,1,1,0,0,0
S01007157,Level 4 and above,91,81,10,2,1,1,6
S01007158,All people aged 16 and over,740,710,30,2,5,6,17
S01007158,No qualifications,135,129,6,0,0,1,5
S01007158,Level 1,186,180,6,0,0,1,5
S01007158,Level 2,122,119,3,0,0,0,3
S01007158,Level 3,107,106,1,0,0,0,1
S01007158,Level 4 and above,190,176,14,2,5,4,3
S01007159,All people aged 16 and over,687,656,31,2,12,3,14
S01007159,No qualifications,211,206,5,0,0,1,4
S01007159,Level 1,178,167,11,0,6,0,5
S01007159,Level 2,103,102,1,0,0,1,0
S01007159,Level 3,87,83,4,1,0,1,2
S01007159,Level 4 and above,108,98,10,1,6,0,3
S01007160,All people aged 16 and over,676,657,19,0,0,3,16
S01007160,No qualifications,190,185,5,0,0,0,5
S01007160,Level 1,184,179,5,0,0,1,4
S01007160,Level 2,95,94,1,0,0,0,1
S01007160,Level 3,86,86,0,0,0,0,0
S01007160,Level 4 and above,121,113,8,0,0,2,6
S01007161,All people aged 16 and over,576,552,24,1,1,2,20
S01007161,No qualifications,134,126,8,0,0,0,8
S01007161,Level 1,153,150,3,1,0,0,2
S01007161,Level 2,93,90,3,0,0,0,3
S01007161,Level 3,60,58,2,0,0,0,2
S01007161,Level 4 and above,136,128,8,0,1,2,5
S01007162,All people aged 16 and over,422,402,20,2,5,3,10
S01007162,No qualifications,88,83,5,0,1,0,4
S01007162,Level 1,95,94,1,0,0,1,0
S01007162,Level 2,58,55,3,0,0,0,3
S01007162,Level 3,60,58,2,0,1,0,1
S01007162,Level 4 and above,121,112,9,2,3,2,2
S01007163,All people aged 16 and over,745,723,22,2,1,5,14
S01007163,No qualifications,185,185,0,0,0,0,0
S01007163,Level 1,194,191,3,0,0,1,2
S01007163,Level 2,83,81,2,0,0,0,2
S01007163,Level 3,90,87,3,0,0,2,1
S01007163,Level 4 and above,193,179,14,2,1,2,9
S01007164,All people aged 16 and over,503,486,17,0,0,2,15
S01007164,No qualifications,121,117,4,0,0,0,4
S01007164,Level 1,111,107,4,0,0,1,3
S01007164,Level 2,71,70,1,0,0,0,1
S01007164,Level 3,43,43,0,0,0,0,0
S01007164,Level 4 and above,157,149,8,0,0,1,7
S01007165,All people aged 16 and over,707,676,31,3,1,2,25
S01007165,No qualifications,112,107,5,1,0,0,4
S01007165,Level 1,136,132,4,0,0,1,3
S01007165,Level 2,101,96,5,0,0,0,5
S01007165,Level 3,78,74,4,1,0,0,3
S01007165,Level 4 and above,280,267,13,1,1,1,10
S01007166,All people aged 16 and over,562,529,33,1,1,5,26
S01007166,No qualifications,113,107,6,0,0,1,5
S01007166,Level 1,121,116,5,0,0,2,3
S01007166,Level 2,68,63,5,0,0,0,5
S01007166,Level 3,66,63,3,1,0,0,2
S01007166,Level 4 and above,194,180,14,0,1,2,11
S01007167,All people aged 16 and over,679,659,20,3,1,4,12
S01007167,No qualifications,110,109,1,0,0,0,1
S01007167,Level 1,156,153,3,0,0,0,3
S01007167,Level 2,99,95,4,1,0,1,2
S01007167,Level 3,88,88,0,0,0,0,0
S01007167,Level 4 and above,226,214,12,2,1,3,6
S01007168,All people aged 16 and over,842,815,27,0,3,3,21
S01007168,No qualifications,157,154,3,0,0,0,3
S01007168,Level 1,188,180,8,0,1,0,7
S01007168,Level 2,134,132,2,0,0,0,2
S01007168,Level 3,101,99,2,0,0,0,2
S01007168,Level 4 and above,262,250,12,0,2,3,7
S01007169,All people aged 16 and over,636,611,25,1,1,1,22
S01007169,No qualifications,112,110,2,0,0,0,2
S01007169,Level 1,137,133,4,1,0,0,3
S01007169,Level 2,115,113,2,0,1,0,1
S01007169,Level 3,76,73,3,0,0,0,3
S01007169,Level 4 and above,196,182,14,0,0,1,13
S01007170,All people aged 16 and over,542,519,23,0,5,1,17
S01007170,No qualifications,128,127,1,0,0,0,1
S01007170,Level 1,109,104,5,0,2,0,3
S01007170,Level 2,88,83,5,0,0,0,5
S01007170,Level 3,58,55,3,0,0,0,3
S01007170,Level 4 and above,159,150,9,0,3,1,5
S01007171,All people aged 16 and over,742,621,121,57,21,19,24
S01007171,No qualifications,184,148,36,16,5,10,5
S01007171,Level 1,198,167,31,14,6,5,6
S01007171,Level 2,97,88,9,4,0,1,4
S01007171,Level 3,92,82,10,6,2,1,1
S01007171,Level 4 and above,171,136,35,17,8,2,8
S01007172,All people aged 16 and over,701,670,31,1,5,4,21
S01007172,No qualifications,161,156,5,0,1,0,4
S01007172,Level 1,150,144,6,0,0,1,5
S01007172,Level 2,99,97,2,0,1,1,0
S01007172,Level 3,66,66,0,0,0,0,0
S01007172,Level 4 and above,225,207,18,1,3,2,12
S01007173,All people aged 16 and over,670,649,21,0,2,4,15
S01007173,No qualifications,135,131,4,0,0,2,2
S01007173,Level 1,183,181,2,0,0,0,2
S01007173,Level 2,126,125,1,0,0,0,1
S01007173,Level 3,106,105,1,0,0,0,1
S01007173,Level 4 and above,120,107,13,0,2,2,9
S01007174,All people aged 16 and over,681,658,23,2,3,6,12
S01007174,No qualifications,187,183,4,0,1,1,2
S01007174,Level 1,170,165,5,0,0,1,4
S01007174,Level 2,112,105,7,1,1,2,3
S01007174,Level 3,96,93,3,0,0,1,2
S01007174,Level 4 and above,116,112,4,1,1,1,1
S01007175,All people aged 16 and over,548,537,11,0,0,2,9
S01007175,No qualifications,195,194,1,0,0,1,0
S01007175,Level 1,133,130,3,0,0,0,3
S01007175,Level 2,80,80,0,0,0,0,0
S01007175,Level 3,50,47,3,0,0,1,2
S01007175,Level 4 and above,90,86,4,0,0,0,4
S01007176,All people aged 16 and over,557,537,20,4,2,4,10
S01007176,No qualifications,156,154,2,0,0,0,2
S01007176,Level 1,146,142,4,0,0,1,3
S01007176,Level 2,88,87,1,0,0,0,1
S01007176,Level 3,80,76,4,1,1,0,2
S01007176,Level 4 and above,87,78,9,3,1,3,2
S01007177,All people aged 16 and over,508,477,31,2,5,5,19
S01007177,No qualifications,168,165,3,1,0,1,1
S01007177,Level 1,125,117,8,0,2,1,5
S01007177,Level 2,67,60,7,0,1,1,5
S01007177,Level 3,71,65,6,1,1,0,4
S01007177,Level 4 and above,77,70,7,0,1,2,4
S01007178,All people aged 16 and over,837,803,34,5,7,6,16
S01007178,No qualifications,275,265,10,2,1,2,5
S01007178,Level 1,255,243,12,0,3,4,5
S01007178,Level 2,111,111,0,0,0,0,0
S01007178,Level 3,92,92,0,0,0,0,0
S01007178,Level 4 and above,104,92,12,3,3,0,6
S01007179,All people aged 16 and over,870,836,34,3,4,1,26
S01007179,No qualifications,243,238,5,0,2,0,3
S01007179,Level 1,200,192,8,0,0,0,8
S01007179,Level 2,120,119,1,0,0,0,1
S01007179,Level 3,101,94,7,0,0,0,7
S01007179,Level 4 and above,206,193,13,3,2,1,7
S01007180,All people aged 16 and over,634,613,21,1,5,4,11
S01007180,No qualifications,153,153,0,0,0,0,0
S01007180,Level 1,143,139,4,0,1,0,3
S01007180,Level 2,77,75,2,0,0,0,2
S01007180,Level 3,85,81,4,0,3,0,1
S01007180,Level 4 and above,176,165,11,1,1,4,5
S01007181,All people aged 16 and over,704,684,20,2,2,0,16
S01007181,No qualifications,190,185,5,0,0,0,5
S01007181,Level 1,154,151,3,1,1,0,1
S01007181,Level 2,101,98,3,1,1,0,1
S01007181,Level 3,76,75,1,0,0,0,1
S01007181,Level 4 and above,183,175,8,0,0,0,8
S01007182,All people aged 16 and over,907,863,44,6,6,9,23
S01007182,No qualifications,249,244,5,0,0,0,5
S01007182,Level 1,190,175,15,4,1,4,6
S01007182,Level 2,119,115,4,0,2,0,2
S01007182,Level 3,110,103,7,0,0,2,5
S01007182,Level 4 and above,239,226,13,2,3,3,5
S01007183,All people aged 16 and over,939,899,40,5,10,6,19
S01007183,No qualifications,307,294,13,3,1,1,8
S01007183,Level 1,205,196,9,1,4,0,4
S01007183,Level 2,122,121,1,0,0,1,0
S01007183,Level 3,117,115,2,0,1,0,1
S01007183,Level 4 and above,188,173,15,1,4,4,6
S01007184,All people aged 16 and over,916,858,58,15,19,11,13
S01007184,No qualifications,284,266,18,5,6,4,3
S01007184,Level 1,245,239,6,1,1,1,3
S01007184,Level 2,114,111,3,1,0,0,2
S01007184,Level 3,115,108,7,3,4,0,0
S01007184,Level 4 and above,158,134,24,5,8,6,5
S01007185,All people aged 16 and over,692,657,35,7,11,8,9
S01007185,No qualifications,279,273,6,1,1,1,3
S01007185,Level 1,168,157,11,2,5,3,1
S01007185,Level 2,74,72,2,0,0,0,2
S01007185,Level 3,65,62,3,0,2,0,1
S01007185,Level 4 and above,106,93,13,4,3,4,2
S01007186,All people aged 16 and over,494,450,44,21,7,6,10
S01007186,No qualifications,179,171,8,5,0,0,3
S01007186,Level 1,125,115,10,4,2,2,2
S01007186,Level 2,56,51,5,4,0,0,1
S01007186,Level 3,66,59,7,1,2,2,2
S01007186,Level 4 and above,68,54,14,7,3,2,2
S01007187,All people aged 16 and over,707,632,75,14,18,19,24
S01007187,No qualifications,266,254,12,2,3,1,6
S01007187,Level 1,148,129,19,2,7,2,8
S01007187,Level 2,86,81,5,0,0,3,2
S01007187,Level 3,93,83,10,2,3,1,4
S01007187,Level 4 and above,114,85,29,8,5,12,4
S01007188,All people aged 16 and over,515,464,51,9,23,5,14
S01007188,No qualifications,131,123,8,2,2,1,3
S01007188,Level 1,128,121,7,3,1,0,3
S01007188,Level 2,69,67,2,0,0,1,1
S01007188,Level 3,83,72,11,0,8,0,3
S01007188,Level 4 and above,104,81,23,4,12,3,4
S01007189,All people aged 16 and over,710,674,36,7,7,6,16
S01007189,No qualifications,281,272,9,0,1,2,6
S01007189,Level 1,181,171,10,2,3,2,3
S01007189,Level 2,90,90,0,0,0,0,0
S01007189,Level 3,53,47,6,1,2,1,2
S01007189,Level 4 and above,105,94,11,4,1,1,5
S01007190,All people aged 16 and over,711,693,18,3,1,3,11
S01007190,No qualifications,266,261,5,2,0,1,2
S01007190,Level 1,188,184,4,0,0,1,3
S01007190,Level 2,80,79,1,0,0,0,1
S01007190,Level 3,75,74,1,0,0,1,0
S01007190,Level 4 and above,102,95,7,1,1,0,5
S01007191,All people aged 16 and over,511,465,46,14,9,14,9
S01007191,No qualifications,172,164,8,4,1,0,3
S01007191,Level 1,152,135,17,6,4,7,0
S01007191,Level 2,58,55,3,0,0,0,3
S01007191,Level 3,63,61,2,0,0,1,1
S01007191,Level 4 and above,66,50,16,4,4,6,2
S01007192,All people aged 16 and over,501,485,16,0,2,0,14
S01007192,No qualifications,181,174,7,0,0,0,7
S01007192,Level 1,168,166,2,0,0,0,2
S01007192,Level 2,46,45,1,0,0,0,1
S01007192,Level 3,46,44,2,0,0,0,2
S01007192,Level 4 and above,60,56,4,0,2,0,2
S01007193,All people aged 16 and over,608,579,29,2,3,8,16
S01007193,No qualifications,214,205,9,0,0,0,9
S01007193,Level 1,200,192,8,1,0,4,3
S01007193,Level 2,72,69,3,0,0,0,3
S01007193,Level 3,65,64,1,0,0,1,0
S01007193,Level 4 and above,57,49,8,1,3,3,1
S01007194,All people aged 16 and over,463,429,34,8,8,7,11
S01007194,No qualifications,164,157,7,2,1,0,4
S01007194,Level 1,184,168,16,5,3,4,4
S01007194,Level 2,37,36,1,0,1,0,0
S01007194,Level 3,40,38,2,0,1,1,0
S01007194,Level 4 and above,38,30,8,1,2,2,3
S01007195,All people aged 16 and over,436,412,24,0,3,2,19
S01007195,No qualifications,162,157,5,0,0,0,5
S01007195,Level 1,121,116,5,0,0,1,4
S01007195,Level 2,53,53,0,0,0,0,0
S01007195,Level 3,44,36,8,0,1,1,6
S01007195,Level 4 and above,56,50,6,0,2,0,4
S01007196,All people aged 16 and over,540,521,19,2,5,2,10
S01007196,No qualifications,135,133,2,0,1,0,1
S01007196,Level 1,183,179,4,0,1,0,3
S01007196,Level 2,81,80,1,1,0,0,0
S01007196,Level 3,57,52,5,0,2,0,3
S01007196,Level 4 and above,84,77,7,1,1,2,3
S01007197,All people aged 16 and over,457,424,33,7,8,6,12
S01007197,No qualifications,152,149,3,0,1,0,2
S01007197,Level 1,142,134,8,1,2,1,4
S01007197,Level 2,55,54,1,0,0,0,1
S01007197,Level 3,43,41,2,0,0,1,1
S01007197,Level 4 and above,65,46,19,6,5,4,4
S01007198,All people aged 16 and over,402,383,19,3,1,8,7
S01007198,No qualifications,157,152,5,2,0,1,2
S01007198,Level 1,104,102,2,0,0,1,1
S01007198,Level 2,44,42,2,0,0,0,2
S01007198,Level 3,40,37,3,0,0,3,0
S01007198,Level 4 and above,57,50,7,1,1,3,2
S01007199,All people aged 16 and over,601,573,28,3,9,4,12
S01007199,No qualifications,210,206,4,0,1,0,3
S01007199,Level 1,196,189,7,1,5,0,1
S01007199,Level 2,61,60,1,1,0,0,0
S01007199,Level 3,67,63,4,1,1,2,0
S01007199,Level 4 and above,67,55,12,0,2,2,8
S01007200,All people aged 16 and over,715,700,15,4,1,1,9
S01007200,No qualifications,217,215,2,1,0,0,1
S01007200,Level 1,210,205,5,1,0,0,4
S01007200,Level 2,107,104,3,0,0,0,3
S01007200,Level 3,75,74,1,1,0,0,0
S01007200,Level 4 and above,106,102,4,1,1,1,1
S01007201,All people aged 16 and over,625,605,20,3,2,2,13
S01007201,No qualifications,220,215,5,0,0,1,4
S01007201,Level 1,178,173,5,2,0,1,2
S01007201,Level 2,76,74,2,0,0,0,2
S01007201,Level 3,51,49,2,0,0,0,2
S01007201,Level 4 and above,100,94,6,1,2,0,3
S01007202,All people aged 16 and over,619,603,16,1,2,3,10
S01007202,No qualifications,229,226,3,1,0,1,1
S01007202,Level 1,172,170,2,0,0,0,2
S01007202,Level 2,70,69,1,0,1,0,0
S01007202,Level 3,68,66,2,0,0,0,2
S01007202,Level 4 and above,80,72,8,0,1,2,5
S01007203,All people aged 16 and over,518,507,11,0,0,0,11
S01007203,No qualifications,170,169,1,0,0,0,1
S01007203,Level 1,144,141,3,0,0,0,3
S01007203,Level 2,64,63,1,0,0,0,1
S01007203,Level 3,63,60,3,0,0,0,3
S01007203,Level 4 and above,77,74,3,0,0,0,3
S01007204,All people aged 16 and over,825,781,44,6,4,5,29
S01007204,No qualifications,186,181,5,2,1,1,1
S01007204,Level 1,184,176,8,1,0,2,5
S01007204,Level 2,107,102,5,0,0,0,5
S01007204,Level 3,97,93,4,0,2,1,1
S01007204,Level 4 and above,251,229,22,3,1,1,17
S01007205,All people aged 16 and over,583,549,34,6,3,6,19
S01007205,No qualifications,111,106,5,0,0,1,4
S01007205,Level 1,156,154,2,1,0,0,1
S01007205,Level 2,81,79,2,0,1,0,1
S01007205,Level 3,65,56,9,4,0,2,3
S01007205,Level 4 and above,170,154,16,1,2,3,10
S01007206,All people aged 16 and over,331,320,11,0,3,3,5
S01007206,No qualifications,113,107,6,0,3,2,1
S01007206,Level 1,64,64,0,0,0,0,0
S01007206,Level 2,38,38,0,0,0,0,0
S01007206,Level 3,36,35,1,0,0,0,1
S01007206,Level 4 and above,80,76,4,0,0,1,3
S01007207,All people aged 16 and over,754,729,25,2,3,4,16
S01007207,No qualifications,223,221,2,1,0,0,1
S01007207,Level 1,190,179,11,1,2,0,8
S01007207,Level 2,103,100,3,0,0,0,3
S01007207,Level 3,92,89,3,0,1,1,1
S01007207,Level 4 and above,146,140,6,0,0,3,3
S01007208,All people aged 16 and over,808,743,65,8,18,10,29
S01007208,No qualifications,217,206,11,0,2,1,8
S01007208,Level 1,235,219,16,1,5,2,8
S01007208,Level 2,105,97,8,1,1,0,6
S01007208,Level 3,109,101,8,1,4,1,2
S01007208,Level 4 and above,142,120,22,5,6,6,5
S01007209,All people aged 16 and over,671,626,45,6,8,13,18
S01007209,No qualifications,205,198,7,0,2,0,5
S01007209,Level 1,163,154,9,1,0,2,6
S01007209,Level 2,76,74,2,0,0,1,1
S01007209,Level 3,80,75,5,2,0,2,1
S01007209,Level 4 and above,147,125,22,3,6,8,5
S01007210,All people aged 16 and over,628,601,27,5,6,4,12
S01007210,No qualifications,209,198,11,2,3,2,4
S01007210,Level 1,171,165,6,1,2,0,3
S01007210,Level 2,75,73,2,0,0,0,2
S01007210,Level 3,69,68,1,0,0,1,0
S01007210,Level 4 and above,104,97,7,2,1,1,3
S01007211,All people aged 16 and over,805,757,48,4,5,13,26
S01007211,No qualifications,280,273,7,0,1,3,3
S01007211,Level 1,205,197,8,1,0,2,5
S01007211,Level 2,96,96,0,0,0,0,0
S01007211,Level 3,89,84,5,2,2,0,1
S01007211,Level 4 and above,135,107,28,1,2,8,17
S01007212,All people aged 16 and over,456,426,30,5,4,7,14
S01007212,No qualifications,115,111,4,0,0,1,3
S01007212,Level 1,107,100,7,3,0,1,3
S01007212,Level 2,66,65,1,0,0,0,1
S01007212,Level 3,58,55,3,1,1,0,1
S01007212,Level 4 and above,110,95,15,1,3,5,6
S01007213,All people aged 16 and over,789,736,53,10,2,13,28
S01007213,No qualifications,225,212,13,0,1,5,7
S01007213,Level 1,187,174,13,3,1,5,4
S01007213,Level 2,92,91,1,0,0,0,1
S01007213,Level 3,77,71,6,3,0,1,2
S01007213,Level 4 and above,208,188,20,4,0,2,14
S01007214,All people aged 16 and over,656,608,48,9,11,6,22
S01007214,No qualifications,256,241,15,4,5,1,5
S01007214,Level 1,145,135,10,1,3,1,5
S01007214,Level 2,71,68,3,0,0,0,3
S01007214,Level 3,73,68,5,1,2,1,1
S01007214,Level 4 and above,111,96,15,3,1,3,8
S01007215,All people aged 16 and over,650,575,75,15,16,13,31
S01007215,No qualifications,205,185,20,2,4,4,10
S01007215,Level 1,163,152,11,7,3,0,1
S01007215,Level 2,80,71,9,1,2,0,6
S01007215,Level 3,76,65,11,2,2,4,3
S01007215,Level 4 and above,126,102,24,3,5,5,11
S01007216,All people aged 16 and over,616,595,21,1,0,5,15
S01007216,No qualifications,164,161,3,0,0,1,2
S01007216,Level 1,159,155,4,0,0,2,2
S01007216,Level 2,88,86,2,0,0,1,1
S01007216,Level 3,59,56,3,0,0,0,3
S01007216,Level 4 and above,146,137,9,1,0,1,7
S01007217,All people aged 16 and over,787,751,36,1,10,8,17
S01007217,No qualifications,308,305,3,0,0,0,3
S01007217,Level 1,204,198,6,0,2,2,2
S01007217,Level 2,88,86,2,0,0,0,2
S01007217,Level 3,66,57,9,0,2,2,5
S01007217,Level 4 and above,121,105,16,1,6,4,5
S01007218,All people aged 16 and over,722,692,30,3,2,5,20
S01007218,No qualifications,174,169,5,3,0,0,2
S01007218,Level 1,165,158,7,0,1,2,4
S01007218,Level 2,94,92,2,0,0,1,1
S01007218,Level 3,96,95,1,0,0,0,1
S01007218,Level 4 and above,193,178,15,0,1,2,12
S01007219,All people aged 16 and over,675,653,22,2,5,2,13
S01007219,No qualifications,239,234,5,0,1,0,4
S01007219,Level 1,185,182,3,0,0,0,3
S01007219,Level 2,91,90,1,0,0,0,1
S01007219,Level 3,66,65,1,0,0,0,1
S01007219,Level 4 and above,94,82,12,2,4,2,4
S01007220,All people aged 16 and over,556,540,16,0,3,3,10
S01007220,No qualifications,210,208,2,0,0,0,2
S01007220,Level 1,166,160,6,0,0,1,5
S01007220,Level 2,61,61,0,0,0,0,0
S01007220,Level 3,40,40,0,0,0,0,0
S01007220,Level 4 and above,79,71,8,0,3,2,3
S01007221,All people aged 16 and over,525,497,28,4,3,5,16
S01007221,No qualifications,132,131,1,0,1,0,0
S01007221,Level 1,106,101,5,0,0,1,4
S01007221,Level 2,84,83,1,0,0,1,0
S01007221,Level 3,66,59,7,0,1,0,6
S01007221,Level 4 and above,137,123,14,4,1,3,6
S01007222,All people aged 16 and over,640,618,22,0,6,3,13
S01007222,No qualifications,171,166,5,0,0,1,4
S01007222,Level 1,190,187,3,0,0,0,3
S01007222,Level 2,80,79,1,0,0,0,1
S01007222,Level 3,74,70,4,0,3,0,1
S01007222,Level 4 and above,125,116,9,0,3,2,4
S01007223,All people aged 16 and over,416,402,14,0,1,2,11
S01007223,No qualifications,82,82,0,0,0,0,0
S01007223,Level 1,91,90,1,0,0,0,1
S01007223,Level 2,60,57,3,0,0,0,3
S01007223,Level 3,62,58,4,0,0,0,4
S01007223,Level 4 and above,121,115,6,0,1,2,3
S01007224,All people aged 16 and over,491,468,23,1,2,3,17
S01007224,No qualifications,128,124,4,1,0,1,2
S01007224,Level 1,114,103,11,0,2,2,7
S01007224,Level 2,62,61,1,0,0,0,1
S01007224,Level 3,48,45,3,0,0,0,3
S01007224,Level 4 and above,139,135,4,0,0,0,4
S01007225,All people aged 16 and over,721,689,32,2,2,1,27
S01007225,No qualifications,152,148,4,0,0,0,4
S01007225,Level 1,188,182,6,0,0,0,6
S01007225,Level 2,89,86,3,0,0,0,3
S01007225,Level 3,82,81,1,0,0,0,1
S01007225,Level 4 and above,210,192,18,2,2,1,13
S01007226,All people aged 16 and over,669,636,33,7,5,7,14
S01007226,No qualifications,155,150,5,0,0,2,3
S01007226,Level 1,152,145,7,2,0,1,4
S01007226,Level 2,95,94,1,0,1,0,0
S01007226,Level 3,58,57,1,0,0,1,0
S01007226,Level 4 and above,209,190,19,5,4,3,7
S01007227,All people aged 16 and over,780,754,26,1,6,0,19
S01007227,No qualifications,225,220,5,0,0,0,5
S01007227,Level 1,172,166,6,0,1,0,5
S01007227,Level 2,110,109,1,0,0,0,1
S01007227,Level 3,86,82,4,0,2,0,2
S01007227,Level 4 and above,187,177,10,1,3,0,6
S01007228,All people aged 16 and over,517,492,25,0,5,2,18
S01007228,No qualifications,111,109,2,0,1,0,1
S01007228,Level 1,113,109,4,0,0,0,4
S01007228,Level 2,82,82,0,0,0,0,0
S01007228,Level 3,58,57,1,0,0,0,1
S01007228,Level 4 and above,153,135,18,0,4,2,12
S01007229,All people aged 16 and over,915,880,35,1,3,1,30
S01007229,No qualifications,209,209,0,0,0,0,0
S01007229,Level 1,236,230,6,0,3,0,3
S01007229,Level 2,128,121,7,1,0,1,5
S01007229,Level 3,95,89,6,0,0,0,6
S01007229,Level 4 and above,247,231,16,0,0,0,16
S01007230,All people aged 16 and over,588,499,89,13,47,16,13
S01007230,No qualifications,197,178,19,3,12,2,2
S01007230,Level 1,191,161,30,1,16,10,3
S01007230,Level 2,74,65,9,4,2,0,3
S01007230,Level 3,53,42,11,1,6,3,1
S01007230,Level 4 and above,73,53,20,4,11,1,4
S01007231,All people aged 16 and over,576,528,48,9,16,11,12
S01007231,No qualifications,234,222,12,0,7,3,2
S01007231,Level 1,169,152,17,5,5,4,3
S01007231,Level 2,72,65,7,0,3,0,4
S01007231,Level 3,39,37,2,1,0,0,1
S01007231,Level 4 and above,62,52,10,3,1,4,2
S01007232,All people aged 16 and over,601,554,47,2,11,18,16
S01007232,No qualifications,226,217,9,1,2,2,4
S01007232,Level 1,189,184,5,0,3,1,1
S01007232,Level 2,67,59,8,1,2,2,3
S01007232,Level 3,48,38,10,0,3,4,3
S01007232,Level 4 and above,71,56,15,0,1,9,5
S01007233,All people aged 16 and over,647,608,39,6,11,9,13
S01007233,No qualifications,204,199,5,0,2,2,1
S01007233,Level 1,190,175,15,1,6,4,4
S01007233,Level 2,86,81,5,1,0,1,3
S01007233,Level 3,54,50,4,2,2,0,0
S01007233,Level 4 and above,113,103,10,2,1,2,5
S01007234,All people aged 16 and over,505,479,26,1,4,9,12
S01007234,No qualifications,182,176,6,0,0,1,5
S01007234,Level 1,140,129,11,0,3,5,3
S01007234,Level 2,57,57,0,0,0,0,0
S01007234,Level 3,43,42,1,0,0,0,1
S01007234,Level 4 and above,83,75,8,1,1,3,3
S01007235,All people aged 16 and over,659,612,47,9,14,7,17
S01007235,No qualifications,209,202,7,1,2,1,3
S01007235,Level 1,157,144,13,4,6,1,2
S01007235,Level 2,83,78,5,2,0,0,3
S01007235,Level 3,85,71,14,2,6,3,3
S01007235,Level 4 and above,125,117,8,0,0,2,6
S01007236,All people aged 16 and over,521,502,19,2,5,3,9
S01007236,No qualifications,165,162,3,0,0,0,3
S01007236,Level 1,138,130,8,1,3,1,3
S01007236,Level 2,72,72,0,0,0,0,0
S01007236,Level 3,55,53,2,0,0,1,1
S01007236,Level 4 and above,91,85,6,1,2,1,2
S01007237,All people aged 16 and over,608,587,21,0,9,0,12
S01007237,No qualifications,163,159,4,0,0,0,4
S01007237,Level 1,172,169,3,0,2,0,1
S01007237,Level 2,86,82,4,0,1,0,3
S01007237,Level 3,52,50,2,0,1,0,1
S01007237,Level 4 and above,135,127,8,0,5,0,3
S01007238,All people aged 16 and over,778,751,27,2,13,0,12
S01007238,No qualifications,239,237,2,0,2,0,0
S01007238,Level 1,228,217,11,2,4,0,5
S01007238,Level 2,110,106,4,0,2,0,2
S01007238,Level 3,79,76,3,0,3,0,0
S01007238,Level 4 and above,122,115,7,0,2,0,5
S01007239,All people aged 16 and over,745,718,27,3,1,2,21
S01007239,No qualifications,192,188,4,0,1,1,2
S01007239,Level 1,164,158,6,0,0,1,5
S01007239,Level 2,87,85,2,0,0,0,2
S01007239,Level 3,71,68,3,1,0,0,2
S01007239,Level 4 and above,231,219,12,2,0,0,10
S01007240,All people aged 16 and over,463,437,26,3,4,6,13
S01007240,No qualifications,96,95,1,0,0,0,1
S01007240,Level 1,121,120,1,0,0,0,1
S01007240,Level 2,56,56,0,0,0,0,0
S01007240,Level 3,80,74,6,0,1,0,5
S01007240,Level 4 and above,110,92,18,3,3,6,6
S01007241,All people aged 16 and over,507,482,25,0,0,3,22
S01007241,No qualifications,112,109,3,0,0,0,3
S01007241,Level 1,106,103,3,0,0,0,3
S01007241,Level 2,70,66,4,0,0,0,4
S01007241,Level 3,54,53,1,0,0,0,1
S01007241,Level 4 and above,165,151,14,0,0,3,11
S01007242,All people aged 16 and over,833,804,29,7,3,0,19
S01007242,No qualifications,183,178,5,0,0,0,5
S01007242,Level 1,217,211,6,2,2,0,2
S01007242,Level 2,115,112,3,0,1,0,2
S01007242,Level 3,83,79,4,0,0,0,4
S01007242,Level 4 and above,235,224,11,5,0,0,6
S01007243,All people aged 16 and over,504,487,17,0,5,0,12
S01007243,No qualifications,122,119,3,0,1,0,2
S01007243,Level 1,104,101,3,0,2,0,1
S01007243,Level 2,77,75,2,0,0,0,2
S01007243,Level 3,64,62,2,0,0,0,2
S01007243,Level 4 and above,137,130,7,0,2,0,5
S01007244,All people aged 16 and over,620,592,28,3,1,3,21
S01007244,No qualifications,161,156,5,1,0,1,3
S01007244,Level 1,142,137,5,0,1,0,4
S01007244,Level 2,72,71,1,0,0,0,1
S01007244,Level 3,70,68,2,0,0,0,2
S01007244,Level 4 and above,175,160,15,2,0,2,11
S01007245,All people aged 16 and over,583,557,26,1,3,6,16
S01007245,No qualifications,194,191,3,0,0,0,3
S01007245,Level 1,153,136,17,1,3,4,9
S01007245,Level 2,58,58,0,0,0,0,0
S01007245,Level 3,63,61,2,0,0,1,1
S01007245,Level 4 and above,115,111,4,0,0,1,3
S01007246,All people aged 16 and over,473,462,11,0,1,2,8
S01007246,No qualifications,132,130,2,0,0,0,2
S01007246,Level 1,128,124,4,0,1,0,3
S01007246,Level 2,72,72,0,0,0,0,0
S01007246,Level 3,45,42,3,0,0,1,2
S01007246,Level 4 and above,96,94,2,0,0,1,1
S01007247,All people aged 16 and over,530,512,18,1,0,7,10
S01007247,No qualifications,143,141,2,0,0,1,1
S01007247,Level 1,107,104,3,1,0,1,1
S01007247,Level 2,80,80,0,0,0,0,0
S01007247,Level 3,37,37,0,0,0,0,0
S01007247,Level 4 and above,163,150,13,0,0,5,8
S01007248,All people aged 16 and over,643,621,22,0,1,1,20
S01007248,No qualifications,124,121,3,0,0,0,3
S01007248,Level 1,137,131,6,0,1,0,5
S01007248,Level 2,99,96,3,0,0,0,3
S01007248,Level 3,66,66,0,0,0,0,0
S01007248,Level 4 and above,217,207,10,0,0,1,9
S01007249,All people aged 16 and over,371,356,15,0,5,1,9
S01007249,No qualifications,117,111,6,0,1,1,4
S01007249,Level 1,73,69,4,0,1,0,3
S01007249,Level 2,47,47,0,0,0,0,0
S01007249,Level 3,39,38,1,0,1,0,0
S01007249,Level 4 and above,95,91,4,0,2,0,2
S01007250,All people aged 16 and over,716,681,35,10,5,3,17
S01007250,No qualifications,196,190,6,1,1,1,3
S01007250,Level 1,185,178,7,4,0,0,3
S01007250,Level 2,93,89,4,0,0,0,4
S01007250,Level 3,85,82,3,1,1,0,1
S01007250,Level 4 and above,157,142,15,4,3,2,6
S01007251,All people aged 16 and over,422,404,18,0,10,2,6
S01007251,No qualifications,146,145,1,0,0,0,1
S01007251,Level 1,95,92,3,0,2,0,1
S01007251,Level 2,54,52,2,0,1,0,1
S01007251,Level 3,37,34,3,0,3,0,0
S01007251,Level 4 and above,90,81,9,0,4,2,3
S01007252,All people aged 16 and over,642,622,20,0,8,1,11
S01007252,No qualifications,163,158,5,0,1,1,3
S01007252,Level 1,182,175,7,0,1,0,6
S01007252,Level 2,93,93,0,0,0,0,0
S01007252,Level 3,65,65,0,0,0,0,0
S01007252,Level 4 and above,139,131,8,0,6,0,2
S01007253,All people aged 16 and over,687,671,16,4,0,2,10
S01007253,No qualifications,200,194,6,3,0,0,3
S01007253,Level 1,180,178,2,0,0,1,1
S01007253,Level 2,87,87,0,0,0,0,0
S01007253,Level 3,67,62,5,0,0,1,4
S01007253,Level 4 and above,153,150,3,1,0,0,2
S01007254,All people aged 16 and over,679,634,45,8,17,4,16
S01007254,No qualifications,271,255,16,2,8,0,6
S01007254,Level 1,172,162,10,1,6,2,1
S01007254,Level 2,72,70,2,0,0,0,2
S01007254,Level 3,68,65,3,0,0,0,3
S01007254,Level 4 and above,96,82,14,5,3,2,4
S01007255,All people aged 16 and over,613,572,41,7,16,4,14
S01007255,No qualifications,246,238,8,0,3,0,5
S01007255,Level 1,182,172,10,4,1,3,2
S01007255,Level 2,59,58,1,0,1,0,0
S01007255,Level 3,48,42,6,1,3,0,2
S01007255,Level 4 and above,78,62,16,2,8,1,5
S01007256,All people aged 16 and over,647,591,56,14,18,5,19
S01007256,No qualifications,233,222,11,0,4,1,6
S01007256,Level 1,152,134,18,3,9,3,3
S01007256,Level 2,64,62,2,0,0,0,2
S01007256,Level 3,79,71,8,2,3,1,2
S01007256,Level 4 and above,119,102,17,9,2,0,6
S01007257,All people aged 16 and over,486,438,48,13,15,7,13
S01007257,No qualifications,144,133,11,2,1,5,3
S01007257,Level 1,148,135,13,5,7,1,0
S01007257,Level 2,65,64,1,1,0,0,0
S01007257,Level 3,46,40,6,1,4,1,0
S01007257,Level 4 and above,83,66,17,4,3,0,10
S01007258,All people aged 16 and over,733,683,50,15,12,5,18
S01007258,No qualifications,198,183,15,6,6,2,1
S01007258,Level 1,192,182,10,3,1,1,5
S01007258,Level 2,79,72,7,1,0,1,5
S01007258,Level 3,80,76,4,2,1,0,1
S01007258,Level 4 and above,184,170,14,3,4,1,6
S01007259,All people aged 16 and over,722,683,39,3,10,5,21
S01007259,No qualifications,266,259,7,0,1,0,6
S01007259,Level 1,212,200,12,2,5,0,5
S01007259,Level 2,83,78,5,0,0,2,3
S01007259,Level 3,69,64,5,0,1,0,4
S01007259,Level 4 and above,92,82,10,1,3,3,3
S01007260,All people aged 16 and over,719,687,32,1,8,10,13
S01007260,No qualifications,276,272,4,0,0,1,3
S01007260,Level 1,219,211,8,0,2,2,4
S01007260,Level 2,61,61,0,0,0,0,0
S01007260,Level 3,73,68,5,0,2,2,1
S01007260,Level 4 and above,90,75,15,1,4,5,5
S01007261,All people aged 16 and over,683,659,24,5,3,3,13
S01007261,No qualifications,221,210,11,4,1,1,5
S01007261,Level 1,168,163,5,0,1,0,4
S01007261,Level 2,86,86,0,0,0,0,0
S01007261,Level 3,61,58,3,1,1,1,0
S01007261,Level 4 and above,147,142,5,0,0,1,4
S01007262,All people aged 16 and over,585,560,25,3,4,3,15
S01007262,No qualifications,221,212,9,1,2,0,6
S01007262,Level 1,172,165,7,2,1,1,3
S01007262,Level 2,64,62,2,0,0,0,2
S01007262,Level 3,54,51,3,0,0,0,3
S01007262,Level 4 and above,74,70,4,0,1,2,1
S01007263,All people aged 16 and over,653,639,14,2,1,0,11
S01007263,No qualifications,245,239,6,1,0,0,5
S01007263,Level 1,186,182,4,0,1,0,3
S01007263,Level 2,66,63,3,1,0,0,2
S01007263,Level 3,63,63,0,0,0,0,0
S01007263,Level 4 and above,93,92,1,0,0,0,1
S01007264,All people aged 16 and over,663,649,14,0,4,0,10
S01007264,No qualifications,235,230,5,0,1,0,4
S01007264,Level 1,162,159,3,0,1,0,2
S01007264,Level 2,80,79,1,0,0,0,1
S01007264,Level 3,63,61,2,0,1,0,1
S01007264,Level 4 and above,123,120,3,0,1,0,2
S01007265,All people aged 16 and over,902,864,38,9,8,6,15
S01007265,No qualifications,334,329,5,0,0,1,4
S01007265,Level 1,253,238,15,2,3,3,7
S01007265,Level 2,94,89,5,2,1,1,1
S01007265,Level 3,94,89,5,1,3,0,1
S01007265,Level 4 and above,127,119,8,4,1,1,2
S01007266,All people aged 16 and over,569,547,22,5,2,4,11
S01007266,No qualifications,170,167,3,0,0,0,3
S01007266,Level 1,160,154,6,2,2,0,2
S01007266,Level 2,65,62,3,1,0,0,2
S01007266,Level 3,47,47,0,0,0,0,0
S01007266,Level 4 and above,127,117,10,2,0,4,4
S01007267,All people aged 16 and over,439,419,20,1,1,4,14
S01007267,No qualifications,110,108,2,0,1,0,1
S01007267,Level 1,108,104,4,0,0,0,4
S01007267,Level 2,58,57,1,1,0,0,0
S01007267,Level 3,45,41,4,0,0,0,4
S01007267,Level 4 and above,118,109,9,0,0,4,5
S01007268,All people aged 16 and over,496,481,15,1,1,1,12
S01007268,No qualifications,96,96,0,0,0,0,0
S01007268,Level 1,111,108,3,1,1,0,1
S01007268,Level 2,79,75,4,0,0,1,3
S01007268,Level 3,44,43,1,0,0,0,1
S01007268,Level 4 and above,166,159,7,0,0,0,7
S01007269,All people aged 16 and over,440,423,17,1,3,0,13
S01007269,No qualifications,111,106,5,0,0,0,5
S01007269,Level 1,104,99,5,0,3,0,2
S01007269,Level 2,55,55,0,0,0,0,0
S01007269,Level 3,51,48,3,0,0,0,3
S01007269,Level 4 and above,119,115,4,1,0,0,3
S01007270,All people aged 16 and over,384,365,19,3,3,5,8
S01007270,No qualifications,88,88,0,0,0,0,0
S01007270,Level 1,75,73,2,0,0,2,0
S01007270,Level 2,55,53,2,0,0,1,1
S01007270,Level 3,46,44,2,1,0,1,0
S01007270,Level 4 and above,120,107,13,2,3,1,7
S01007271,All people aged 16 and over,836,804,32,2,7,5,18
S01007271,No qualifications,242,234,8,1,0,1,6
S01007271,Level 1,195,190,5,0,1,0,4
S01007271,Level 2,115,111,4,0,2,2,0
S01007271,Level 3,77,72,5,0,3,0,2
S01007271,Level 4 and above,207,197,10,1,1,2,6
S01007272,All people aged 16 and over,672,652,20,1,2,4,13
S01007272,No qualifications,235,235,0,0,0,0,0
S01007272,Level 1,199,195,4,1,0,0,3
S01007272,Level 2,89,87,2,0,1,0,1
S01007272,Level 3,63,59,4,0,0,0,4
S01007272,Level 4 and above,86,76,10,0,1,4,5
S01007273,All people aged 16 and over,547,535,12,1,0,1,10
S01007273,No qualifications,145,143,2,1,0,1,0
S01007273,Level 1,133,131,2,0,0,0,2
S01007273,Level 2,86,82,4,0,0,0,4
S01007273,Level 3,52,52,0,0,0,0,0
S01007273,Level 4 and above,131,127,4,0,0,0,4
S01007274,All people aged 16 and over,717,671,46,1,7,11,27
S01007274,No qualifications,215,201,14,0,0,1,13
S01007274,Level 1,152,144,8,1,3,1,3
S01007274,Level 2,96,93,3,0,0,0,3
S01007274,Level 3,78,73,5,0,2,2,1
S01007274,Level 4 and above,176,160,16,0,2,7,7
S01007275,All people aged 16 and over,499,460,39,3,2,8,26
S01007275,No qualifications,127,125,2,0,0,0,2
S01007275,Level 1,88,82,6,1,1,1,3
S01007275,Level 2,69,61,8,0,0,3,5
S01007275,Level 3,49,48,1,0,0,0,1
S01007275,Level 4 and above,166,144,22,2,1,4,15
S01007276,All people aged 16 and over,678,651,27,3,4,6,14
S01007276,No qualifications,149,145,4,1,0,1,2
S01007276,Level 1,187,181,6,0,2,0,4
S01007276,Level 2,102,100,2,0,0,0,2
S01007276,Level 3,76,72,4,0,1,1,2
S01007276,Level 4 and above,164,153,11,2,1,4,4
S01007277,All people aged 16 and over,637,618,19,0,0,2,17
S01007277,No qualifications,117,115,2,0,0,0,2
S01007277,Level 1,138,136,2,0,0,0,2
S01007277,Level 2,99,93,6,0,0,1,5
S01007277,Level 3,53,52,1,0,0,1,0
S01007277,Level 4 and above,230,222,8,0,0,0,8
S01007278,All people aged 16 and over,449,441,8,0,0,0,8
S01007278,No qualifications,79,79,0,0,0,0,0
S01007278,Level 1,113,112,1,0,0,0,1
S01007278,Level 2,88,87,1,0,0,0,1
S01007278,Level 3,35,33,2,0,0,0,2
S01007278,Level 4 and above,134,130,4,0,0,0,4
S01007279,All people aged 16 and over,466,440,26,0,1,4,21
S01007279,No qualifications,89,87,2,0,0,0,2
S01007279,Level 1,95,95,0,0,0,0,0
S01007279,Level 2,61,60,1,0,0,0,1
S01007279,Level 3,48,45,3,0,0,0,3
S01007279,Level 4 and above,173,153,20,0,1,4,15
S01007280,All people aged 16 and over,445,423,22,3,0,3,16
S01007280,No qualifications,103,102,1,0,0,0,1
S01007280,Level 1,93,87,6,0,0,2,4
S01007280,Level 2,61,57,4,2,0,0,2
S01007280,Level 3,45,44,1,0,0,0,1
S01007280,Level 4 and above,143,133,10,1,0,1,8
S01007281,All people aged 16 and over,805,768,37,11,3,2,21
S01007281,No qualifications,170,168,2,1,0,0,1
S01007281,Level 1,194,183,11,7,2,1,1
S01007281,Level 2,126,122,4,0,0,0,4
S01007281,Level 3,97,95,2,0,0,0,2
S01007281,Level 4 and above,218,200,18,3,1,1,13
S01007282,All people aged 16 and over,436,418,18,1,5,4,8
S01007282,No qualifications,108,103,5,0,3,0,2
S01007282,Level 1,117,115,2,0,0,1,1
S01007282,Level 2,58,57,1,0,0,0,1
S01007282,Level 3,37,34,3,0,2,0,1
S01007282,Level 4 and above,116,109,7,1,0,3,3
S01007283,All people aged 16 and over,866,822,44,1,3,6,34
S01007283,No qualifications,248,242,6,0,0,0,6
S01007283,Level 1,175,169,6,0,0,4,2
S01007283,Level 2,98,93,5,0,0,0,5
S01007283,Level 3,92,85,7,0,0,1,6
S01007283,Level 4 and above,253,233,20,1,3,1,15
S01007284,All people aged 16 and over,702,684,18,1,1,1,15
S01007284,No qualifications,166,163,3,0,0,1,2
S01007284,Level 1,153,152,1,0,0,0,1
S01007284,Level 2,109,108,1,1,0,0,0
S01007284,Level 3,57,56,1,0,1,0,0
S01007284,Level 4 and above,217,205,12,0,0,0,12
S01007285,All people aged 16 and over,724,674,50,6,8,3,33
S01007285,No qualifications,157,147,10,1,4,1,4
S01007285,Level 1,154,145,9,0,0,0,9
S01007285,Level 2,112,108,4,0,0,0,4
S01007285,Level 3,67,64,3,0,1,0,2
S01007285,Level 4 and above,234,210,24,5,3,2,14
S01007286,All people aged 16 and over,787,742,45,3,3,14,25
S01007286,No qualifications,176,175,1,0,0,0,1
S01007286,Level 1,171,161,10,0,0,4,6
S01007286,Level 2,119,117,2,0,0,0,2
S01007286,Level 3,76,74,2,0,0,2,0
S01007286,Level 4 and above,245,215,30,3,3,8,16
S01007287,All people aged 16 and over,523,471,52,18,6,4,24
S01007287,No qualifications,104,100,4,1,0,0,3
S01007287,Level 1,98,90,8,1,2,1,4
S01007287,Level 2,77,74,3,0,2,0,1
S01007287,Level 3,49,44,5,2,0,0,3
S01007287,Level 4 and above,195,163,32,14,2,3,13
S01007288,All people aged 16 and over,487,453,34,5,3,6,20
S01007288,No qualifications,101,95,6,1,0,3,2
S01007288,Level 1,103,96,7,2,2,0,3
S01007288,Level 2,79,74,5,1,0,1,3
S01007288,Level 3,42,40,2,1,0,0,1
S01007288,Level 4 and above,162,148,14,0,1,2,11
S01007289,All people aged 16 and over,674,649,25,5,5,1,14
S01007289,No qualifications,113,111,2,1,0,0,1
S01007289,Level 1,151,149,2,0,0,0,2
S01007289,Level 2,135,130,5,0,0,0,5
S01007289,Level 3,38,37,1,0,0,0,1
S01007289,Level 4 and above,237,222,15,4,5,1,5
S01007290,All people aged 16 and over,515,476,39,5,12,8,14
S01007290,No qualifications,91,84,7,3,2,0,2
S01007290,Level 1,176,167,9,0,1,4,4
S01007290,Level 2,100,95,5,1,2,1,1
S01007290,Level 3,36,31,5,1,1,2,1
S01007290,Level 4 and above,112,99,13,0,6,1,6
S01007291,All people aged 16 and over,583,561,22,6,6,3,7
S01007291,No qualifications,240,239,1,0,0,1,0
S01007291,Level 1,124,117,7,1,2,2,2
S01007291,Level 2,79,77,2,1,0,0,1
S01007291,Level 3,36,35,1,0,1,0,0
S01007291,Level 4 and above,104,93,11,4,3,0,4
S01007292,All people aged 16 and over,632,609,23,3,5,0,15
S01007292,No qualifications,135,131,4,0,0,0,4
S01007292,Level 1,188,182,6,1,1,0,4
S01007292,Level 2,118,115,3,1,0,0,2
S01007292,Level 3,43,40,3,0,2,0,1
S01007292,Level 4 and above,148,141,7,1,2,0,4
S01007293,All people aged 16 and over,577,536,41,6,11,14,10
S01007293,No qualifications,179,173,6,3,2,0,1
S01007293,Level 1,195,185,10,1,1,1,7
S01007293,Level 2,74,72,2,0,1,0,1
S01007293,Level 3,45,42,3,0,2,1,0
S01007293,Level 4 and above,84,64,20,2,5,12,1
S01007294,All people aged 16 and over,745,716,29,3,3,5,18
S01007294,No qualifications,217,211,6,0,0,1,5
S01007294,Level 1,230,222,8,0,3,0,5
S01007294,Level 2,129,126,3,1,0,1,1
S01007294,Level 3,43,41,2,0,0,1,1
S01007294,Level 4 and above,126,116,10,2,0,2,6
S01007295,All people aged 16 and over,432,395,37,8,8,7,14
S01007295,No qualifications,167,161,6,2,1,2,1
S01007295,Level 1,114,106,8,3,2,1,2
S01007295,Level 2,60,57,3,0,0,0,3
S01007295,Level 3,23,20,3,2,1,0,0
S01007295,Level 4 and above,68,51,17,1,4,4,8
S01007296,All people aged 16 and over,519,484,35,3,11,7,14
S01007296,No qualifications,130,125,5,1,2,0,2
S01007296,Level 1,132,125,7,0,2,1,4
S01007296,Level 2,78,75,3,0,1,0,2
S01007296,Level 3,47,45,2,0,0,1,1
S01007296,Level 4 and above,132,114,18,2,6,5,5
S01007297,All people aged 16 and over,783,692,91,20,24,18,29
S01007297,No qualifications,143,131,12,2,1,2,7
S01007297,Level 1,165,149,16,2,5,3,6
S01007297,Level 2,128,125,3,0,1,1,1
S01007297,Level 3,66,61,5,0,3,1,1
S01007297,Level 4 and above,281,226,55,16,14,11,14
S01007298,All people aged 16 and over,437,413,24,4,3,10,7
S01007298,No qualifications,134,129,5,2,0,1,2
S01007298,Level 1,95,93,2,1,0,1,0
S01007298,Level 2,70,68,2,0,0,0,2
S01007298,Level 3,35,34,1,0,0,1,0
S01007298,Level 4 and above,103,89,14,1,3,7,3
S01007299,All people aged 16 and over,733,635,98,26,26,21,25
S01007299,No qualifications,192,175,17,5,7,1,4
S01007299,Level 1,207,193,14,4,6,1,3
S01007299,Level 2,117,105,12,4,2,2,4
S01007299,Level 3,53,43,10,4,4,2,0
S01007299,Level 4 and above,164,119,45,9,7,15,14
S01007300,All people aged 16 and over,411,377,34,9,7,9,9
S01007300,No qualifications,164,156,8,5,1,1,1
S01007300,Level 1,108,103,5,0,1,1,3
S01007300,Level 2,59,57,2,0,0,1,1
S01007300,Level 3,28,23,5,1,3,0,1
S01007300,Level 4 and above,52,38,14,3,2,6,3
S01007301,All people aged 16 and over,626,580,46,8,5,5,28
S01007301,No qualifications,125,116,9,0,0,0,9
S01007301,Level 1,114,104,10,0,3,2,5
S01007301,Level 2,81,80,1,0,0,0,1
S01007301,Level 3,47,46,1,0,0,1,0
S01007301,Level 4 and above,259,234,25,8,2,2,13
S01007302,All people aged 16 and over,512,496,16,1,3,2,10
S01007302,No qualifications,185,182,3,0,0,0,3
S01007302,Level 1,130,129,1,0,0,0,1
S01007302,Level 2,75,75,0,0,0,0,0
S01007302,Level 3,34,34,0,0,0,0,0
S01007302,Level 4 and above,88,76,12,1,3,2,6
S01007303,All people aged 16 and over,779,724,55,15,5,6,29
S01007303,No qualifications,140,135,5,1,0,0,4
S01007303,Level 1,141,135,6,0,0,0,6
S01007303,Level 2,120,114,6,1,2,0,3
S01007303,Level 3,81,75,6,1,1,2,2
S01007303,Level 4 and above,297,265,32,12,2,4,14
S01007304,All people aged 16 and over,584,535,49,7,5,6,31
S01007304,No qualifications,129,129,0,0,0,0,0
S01007304,Level 1,121,114,7,1,0,2,4
S01007304,Level 2,66,64,2,0,0,1,1
S01007304,Level 3,44,39,5,1,0,1,3
S01007304,Level 4 and above,224,189,35,5,5,2,23
S01007305,All people aged 16 and over,608,572,36,3,0,7,26
S01007305,No qualifications,118,113,5,0,0,0,5
S01007305,Level 1,106,103,3,0,0,0,3
S01007305,Level 2,111,105,6,0,0,1,5
S01007305,Level 3,49,47,2,0,0,1,1
S01007305,Level 4 and above,224,204,20,3,0,5,12
S01007306,All people aged 16 and over,612,591,21,2,5,0,14
S01007306,No qualifications,147,144,3,1,1,0,1
S01007306,Level 1,113,109,4,0,0,0,4
S01007306,Level 2,98,97,1,0,1,0,0
S01007306,Level 3,68,67,1,0,0,0,1
S01007306,Level 4 and above,186,174,12,1,3,0,8
S01007307,All people aged 16 and over,663,630,33,1,4,2,26
S01007307,No qualifications,109,104,5,0,1,0,4
S01007307,Level 1,150,144,6,0,2,0,4
S01007307,Level 2,94,91,3,0,0,0,3
S01007307,Level 3,73,72,1,1,0,0,0
S01007307,Level 4 and above,237,219,18,0,1,2,15
S01007308,All people aged 16 and over,686,609,77,34,10,9,24
S01007308,No qualifications,162,155,7,1,0,2,4
S01007308,Level 1,164,146,18,7,5,2,4
S01007308,Level 2,84,82,2,1,0,0,1
S01007308,Level 3,67,59,8,3,1,1,3
S01007308,Level 4 and above,209,167,42,22,4,4,12
S01007309,All people aged 16 and over,550,500,50,8,9,7,26
S01007309,No qualifications,116,112,4,1,0,1,2
S01007309,Level 1,117,107,10,1,3,2,4
S01007309,Level 2,77,72,5,1,0,1,3
S01007309,Level 3,35,32,3,1,0,1,1
S01007309,Level 4 and above,205,177,28,4,6,2,16
S01007310,All people aged 16 and over,686,650,36,4,4,5,23
S01007310,No qualifications,126,123,3,1,1,1,0
S01007310,Level 1,161,153,8,0,2,2,4
S01007310,Level 2,83,82,1,1,0,0,0
S01007310,Level 3,46,45,1,0,0,0,1
S01007310,Level 4 and above,270,247,23,2,1,2,18
S01007311,All people aged 16 and over,653,599,54,9,11,15,19
S01007311,No qualifications,176,174,2,0,0,0,2
S01007311,Level 1,180,168,12,2,1,7,2
S01007311,Level 2,108,103,5,0,2,1,2
S01007311,Level 3,59,52,7,3,1,2,1
S01007311,Level 4 and above,130,102,28,4,7,5,12
S01007312,All people aged 16 and over,626,597,29,0,4,9,16
S01007312,No qualifications,125,124,1,0,0,0,1
S01007312,Level 1,143,134,9,0,1,5,3
S01007312,Level 2,73,70,3,0,0,0,3
S01007312,Level 3,64,61,3,0,1,0,2
S01007312,Level 4 and above,221,208,13,0,2,4,7
S01007313,All people aged 16 and over,826,779,47,2,2,10,33
S01007313,No qualifications,149,146,3,0,0,1,2
S01007313,Level 1,140,133,7,1,1,0,5
S01007313,Level 2,112,110,2,0,0,0,2
S01007313,Level 3,73,67,6,0,0,0,6
S01007313,Level 4 and above,352,323,29,1,1,9,18
S01007314,All people aged 16 and over,528,502,26,2,3,6,15
S01007314,No qualifications,119,110,9,0,0,3,6
S01007314,Level 1,92,91,1,0,0,1,0
S01007314,Level 2,91,87,4,1,0,0,3
S01007314,Level 3,47,45,2,0,1,0,1
S01007314,Level 4 and above,179,169,10,1,2,2,5
S01007315,All people aged 16 and over,781,755,26,4,2,6,14
S01007315,No qualifications,150,145,5,0,0,1,4
S01007315,Level 1,182,179,3,1,0,1,1
S01007315,Level 2,140,138,2,0,0,0,2
S01007315,Level 3,64,64,0,0,0,0,0
S01007315,Level 4 and above,245,229,16,3,2,4,7
S01007316,All people aged 16 and over,733,715,18,3,2,1,12
S01007316,No qualifications,195,195,0,0,0,0,0
S01007316,Level 1,196,193,3,0,0,1,2
S01007316,Level 2,113,112,1,0,0,0,1
S01007316,Level 3,54,53,1,0,0,0,1
S01007316,Level 4 and above,175,162,13,3,2,0,8
S01007317,All people aged 16 and over,530,508,22,3,3,6,10
S01007317,No qualifications,110,106,4,0,0,1,3
S01007317,Level 1,142,141,1,0,1,0,0
S01007317,Level 2,71,69,2,0,1,0,1
S01007317,Level 3,39,39,0,0,0,0,0
S01007317,Level 4 and above,168,153,15,3,1,5,6
S01007318,All people aged 16 and over,475,456,19,0,2,7,10
S01007318,No qualifications,119,116,3,0,0,1,2
S01007318,Level 1,118,117,1,0,0,0,1
S01007318,Level 2,72,69,3,0,1,1,1
S01007318,Level 3,45,44,1,0,0,0,1
S01007318,Level 4 and above,121,110,11,0,1,5,5
S01007319,All people aged 16 and over,632,602,30,2,6,4,18
S01007319,No qualifications,169,165,4,0,0,0,4
S01007319,Level 1,146,143,3,0,1,0,2
S01007319,Level 2,79,76,3,0,0,1,2
S01007319,Level 3,50,48,2,0,0,0,2
S01007319,Level 4 and above,188,170,18,2,5,3,8
S01007320,All people aged 16 and over,640,591,49,3,5,11,30
S01007320,No qualifications,101,98,3,0,0,0,3
S01007320,Level 1,106,98,8,1,1,2,4
S01007320,Level 2,84,80,4,0,0,0,4
S01007320,Level 3,65,60,5,1,0,3,1
S01007320,Level 4 and above,284,255,29,1,4,6,18
S01007321,All people aged 16 and over,528,500,28,2,4,0,22
S01007321,No qualifications,111,107,4,0,0,0,4
S01007321,Level 1,110,104,6,1,0,0,5
S01007321,Level 2,78,77,1,0,0,0,1
S01007321,Level 3,39,37,2,0,1,0,1
S01007321,Level 4 and above,190,175,15,1,3,0,11
S01007322,All people aged 16 and over,634,609,25,4,2,6,13
S01007322,No qualifications,195,193,2,0,0,0,2
S01007322,Level 1,150,144,6,0,0,1,5
S01007322,Level 2,97,95,2,0,0,1,1
S01007322,Level 3,49,44,5,0,2,2,1
S01007322,Level 4 and above,143,133,10,4,0,2,4
S01007323,All people aged 16 and over,394,377,17,0,3,2,12
S01007323,No qualifications,120,114,6,0,0,0,6
S01007323,Level 1,97,96,1,0,1,0,0
S01007323,Level 2,65,63,2,0,0,1,1
S01007323,Level 3,23,23,0,0,0,0,0
S01007323,Level 4 and above,89,81,8,0,2,1,5
S01007324,All people aged 16 and over,290,267,23,4,2,4,13
S01007324,No qualifications,59,59,0,0,0,0,0
S01007324,Level 1,48,46,2,1,0,0,1
S01007324,Level 2,48,45,3,0,0,0,3
S01007324,Level 3,14,11,3,0,0,0,3
S01007324,Level 4 and above,121,106,15,3,2,4,6
S01007325,All people aged 16 and over,685,643,42,6,8,8,20
S01007325,No qualifications,171,163,8,0,1,2,5
S01007325,Level 1,133,128,5,2,3,0,0
S01007325,Level 2,113,112,1,0,0,0,1
S01007325,Level 3,54,45,9,3,0,1,5
S01007325,Level 4 and above,214,195,19,1,4,5,9
S01007326,All people aged 16 and over,659,649,10,1,1,0,8
S01007326,No qualifications,202,199,3,1,1,0,1
S01007326,Level 1,160,159,1,0,0,0,1
S01007326,Level 2,100,100,0,0,0,0,0
S01007326,Level 3,53,52,1,0,0,0,1
S01007326,Level 4 and above,144,139,5,0,0,0,5
S01007327,All people aged 16 and over,657,633,24,4,3,2,15
S01007327,No qualifications,225,222,3,0,0,0,3
S01007327,Level 1,171,167,4,1,1,0,2
S01007327,Level 2,77,76,1,0,0,0,1
S01007327,Level 3,46,45,1,0,0,0,1
S01007327,Level 4 and above,138,123,15,3,2,2,8
S01007328,All people aged 16 and over,713,684,29,12,5,2,10
S01007328,No qualifications,248,242,6,4,1,0,1
S01007328,Level 1,197,189,8,5,2,0,1
S01007328,Level 2,112,110,2,0,1,0,1
S01007328,Level 3,38,35,3,1,0,1,1
S01007328,Level 4 and above,118,108,10,2,1,1,6
S01007329,All people aged 16 and over,568,541,27,2,2,5,18
S01007329,No qualifications,166,162,4,0,0,0,4
S01007329,Level 1,118,112,6,0,0,3,3
S01007329,Level 2,91,87,4,0,0,0,4
S01007329,Level 3,31,30,1,0,0,0,1
S01007329,Level 4 and above,162,150,12,2,2,2,6
S01007330,All people aged 16 and over,690,665,25,1,2,6,16
S01007330,No qualifications,209,205,4,0,0,0,4
S01007330,Level 1,148,143,5,0,0,2,3
S01007330,Level 2,87,85,2,0,0,1,1
S01007330,Level 3,53,51,2,1,1,0,0
S01007330,Level 4 and above,193,181,12,0,1,3,8
S01007331,All people aged 16 and over,815,780,35,5,8,2,20
S01007331,No qualifications,252,247,5,1,0,0,4
S01007331,Level 1,206,195,11,1,4,0,6
S01007331,Level 2,129,126,3,0,0,1,2
S01007331,Level 3,61,56,5,1,3,0,1
S01007331,Level 4 and above,167,156,11,2,1,1,7
S01007332,All people aged 16 and over,435,422,13,0,0,1,12
S01007332,No qualifications,128,122,6,0,0,1,5
S01007332,Level 1,115,113,2,0,0,0,2
S01007332,Level 2,66,66,0,0,0,0,0
S01007332,Level 3,31,30,1,0,0,0,1
S01007332,Level 4 and above,95,91,4,0,0,0,4
S01007333,All people aged 16 and over,688,666,22,1,1,0,20
S01007333,No qualifications,182,181,1,0,0,0,1
S01007333,Level 1,147,144,3,0,0,0,3
S01007333,Level 2,120,116,4,1,0,0,3
S01007333,Level 3,50,49,1,0,0,0,1
S01007333,Level 4 and above,189,176,13,0,1,0,12
S01007334,All people aged 16 and over,591,568,23,2,3,8,10
S01007334,No qualifications,277,272,5,0,0,0,5
S01007334,Level 1,153,143,10,2,2,4,2
S01007334,Level 2,68,67,1,0,0,1,0
S01007334,Level 3,31,30,1,0,0,1,0
S01007334,Level 4 and above,62,56,6,0,1,2,3
S01007335,All people aged 16 and over,667,654,13,0,3,2,8
S01007335,No qualifications,291,286,5,0,0,0,5
S01007335,Level 1,178,177,1,0,0,0,1
S01007335,Level 2,82,81,1,0,0,0,1
S01007335,Level 3,42,41,1,0,0,1,0
S01007335,Level 4 and above,74,69,5,0,3,1,1
S01007336,All people aged 16 and over,458,430,28,2,5,5,16
S01007336,No qualifications,146,144,2,1,0,0,1
S01007336,Level 1,103,96,7,0,3,1,3
S01007336,Level 2,71,67,4,0,0,0,4
S01007336,Level 3,36,32,4,1,1,0,2
S01007336,Level 4 and above,102,91,11,0,1,4,6
S01007337,All people aged 16 and over,562,547,15,2,2,2,9
S01007337,No qualifications,250,247,3,0,0,0,3
S01007337,Level 1,138,135,3,0,0,2,1
S01007337,Level 2,66,63,3,0,0,0,3
S01007337,Level 3,32,32,0,0,0,0,0
S01007337,Level 4 and above,76,70,6,2,2,0,2
S01007338,All people aged 16 and over,606,594,12,0,0,1,11
S01007338,No qualifications,232,229,3,0,0,0,3
S01007338,Level 1,169,166,3,0,0,0,3
S01007338,Level 2,93,93,0,0,0,0,0
S01007338,Level 3,39,38,1,0,0,0,1
S01007338,Level 4 and above,73,68,5,0,0,1,4
S01007339,All people aged 16 and over,527,514,13,1,0,4,8
S01007339,No qualifications,158,155,3,0,0,0,3
S01007339,Level 1,113,109,4,0,0,2,2
S01007339,Level 2,78,78,0,0,0,0,0
S01007339,Level 3,41,41,0,0,0,0,0
S01007339,Level 4 and above,137,131,6,1,0,2,3
S01007340,All people aged 16 and over,404,391,13,0,1,1,11
S01007340,No qualifications,127,125,2,0,0,0,2
S01007340,Level 1,83,80,3,0,0,0,3
S01007340,Level 2,59,59,0,0,0,0,0
S01007340,Level 3,40,38,2,0,0,1,1
S01007340,Level 4 and above,95,89,6,0,1,0,5
S01007341,All people aged 16 and over,654,634,20,2,0,4,14
S01007341,No qualifications,198,196,2,0,0,0,2
S01007341,Level 1,143,139,4,1,0,1,2
S01007341,Level 2,95,93,2,0,0,1,1
S01007341,Level 3,47,44,3,1,0,0,2
S01007341,Level 4 and above,171,162,9,0,0,2,7
S01007342,All people aged 16 and over,724,680,44,15,1,5,23
S01007342,No qualifications,166,160,6,2,0,0,4
S01007342,Level 1,126,114,12,6,1,2,3
S01007342,Level 2,97,93,4,2,0,1,1
S01007342,Level 3,62,60,2,0,0,0,2
S01007342,Level 4 and above,273,253,20,5,0,2,13
S01007343,All people aged 16 and over,569,547,22,1,1,3,17
S01007343,No qualifications,164,158,6,1,0,1,4
S01007343,Level 1,138,137,1,0,0,0,1
S01007343,Level 2,80,79,1,0,0,0,1
S01007343,Level 3,39,38,1,0,0,0,1
S01007343,Level 4 and above,148,135,13,0,1,2,10
S01007344,All people aged 16 and over,394,374,20,4,1,1,14
S01007344,No qualifications,118,115,3,0,0,0,3
S01007344,Level 1,96,93,3,1,0,0,2
S01007344,Level 2,41,39,2,0,0,0,2
S01007344,Level 3,39,36,3,2,0,0,1
S01007344,Level 4 and above,100,91,9,1,1,1,6
S01007345,All people aged 16 and over,454,444,10,0,0,3,7
S01007345,No qualifications,158,156,2,0,0,0,2
S01007345,Level 1,124,123,1,0,0,0,1
S01007345,Level 2,76,74,2,0,0,1,1
S01007345,Level 3,32,31,1,0,0,1,0
S01007345,Level 4 and above,64,60,4,0,0,1,3
S01007346,All people aged 16 and over,487,461,26,7,10,2,7
S01007346,No qualifications,203,198,5,0,2,0,3
S01007346,Level 1,122,114,8,4,2,2,0
S01007346,Level 2,55,54,1,0,1,0,0
S01007346,Level 3,34,33,1,0,1,0,0
S01007346,Level 4 and above,73,62,11,3,4,0,4
S01007347,All people aged 16 and over,543,530,13,0,1,0,12
S01007347,No qualifications,250,248,2,0,0,0,2
S01007347,Level 1,127,123,4,0,0,0,4
S01007347,Level 2,51,48,3,0,0,0,3
S01007347,Level 3,44,43,1,0,0,0,1
S01007347,Level 4 and above,71,68,3,0,1,0,2
S01007348,All people aged 16 and over,491,481,10,1,1,0,8
S01007348,No qualifications,196,192,4,0,0,0,4
S01007348,Level 1,135,134,1,1,0,0,0
S01007348,Level 2,68,67,1,0,0,0,1
S01007348,Level 3,31,31,0,0,0,0,0
S01007348,Level 4 and above,61,57,4,0,1,0,3
S01007349,All people aged 16 and over,340,331,9,2,0,1,6
S01007349,No qualifications,106,104,2,0,0,0,2
S01007349,Level 1,110,109,1,0,0,0,1
S01007349,Level 2,50,47,3,1,0,0,2
S01007349,Level 3,17,17,0,0,0,0,0
S01007349,Level 4 and above,57,54,3,1,0,1,1
S01007350,All people aged 16 and over,506,481,25,9,5,1,10
S01007350,No qualifications,178,178,0,0,0,0,0
S01007350,Level 1,139,125,14,8,4,0,2
S01007350,Level 2,53,50,3,0,0,1,2
S01007350,Level 3,41,41,0,0,0,0,0
S01007350,Level 4 and above,95,87,8,1,1,0,6
S01007351,All people aged 16 and over,592,557,35,0,2,2,31
S01007351,No qualifications,164,159,5,0,1,1,3
S01007351,Level 1,118,115,3,0,0,0,3
S01007351,Level 2,72,68,4,0,0,1,3
S01007351,Level 3,47,41,6,0,0,0,6
S01007351,Level 4 and above,191,174,17,0,1,0,16
S01007352,All people aged 16 and over,442,399,43,10,8,7,18
S01007352,No qualifications,80,77,3,2,0,0,1
S01007352,Level 1,84,77,7,0,3,0,4
S01007352,Level 2,78,77,1,0,0,0,1
S01007352,Level 3,34,29,5,3,1,0,1
S01007352,Level 4 and above,166,139,27,5,4,7,11
S01007353,All people aged 16 and over,538,509,29,2,5,5,17
S01007353,No qualifications,115,112,3,0,0,0,3
S01007353,Level 1,113,108,5,0,0,2,3
S01007353,Level 2,67,66,1,0,0,0,1
S01007353,Level 3,50,48,2,0,0,0,2
S01007353,Level 4 and above,193,175,18,2,5,3,8
S01007354,All people aged 16 and over,707,678,29,1,2,6,20
S01007354,No qualifications,164,162,2,0,0,0,2
S01007354,Level 1,149,140,9,1,0,0,8
S01007354,Level 2,91,89,2,0,0,0,2
S01007354,Level 3,68,63,5,0,0,2,3
S01007354,Level 4 and above,235,224,11,0,2,4,5
S01007355,All people aged 16 and over,854,805,49,6,6,2,35
S01007355,No qualifications,226,219,7,0,0,0,7
S01007355,Level 1,137,132,5,1,0,0,4
S01007355,Level 2,116,109,7,2,1,0,4
S01007355,Level 3,83,76,7,1,1,0,5
S01007355,Level 4 and above,292,269,23,2,4,2,15
S01007356,All people aged 16 and over,625,590,35,0,0,2,33
S01007356,No qualifications,128,123,5,0,0,0,5
S01007356,Level 1,124,114,10,0,0,1,9
S01007356,Level 2,86,83,3,0,0,0,3
S01007356,Level 3,60,58,2,0,0,0,2
S01007356,Level 4 and above,227,212,15,0,0,1,14
S01007357,All people aged 16 and over,681,629,52,1,6,7,38
S01007357,No qualifications,183,177,6,0,0,2,4
S01007357,Level 1,139,128,11,0,2,0,9
S01007357,Level 2,73,68,5,0,1,1,3
S01007357,Level 3,54,51,3,0,0,1,2
S01007357,Level 4 and above,232,205,27,1,3,3,20
S01007358,All people aged 16 and over,765,699,66,32,8,5,21
S01007358,No qualifications,188,183,5,2,0,0,3
S01007358,Level 1,173,149,24,11,6,1,6
S01007358,Level 2,103,101,2,0,0,1,1
S01007358,Level 3,64,61,3,1,0,0,2
S01007358,Level 4 and above,237,205,32,18,2,3,9
S01007359,All people aged 16 and over,668,636,32,0,1,7,24
S01007359,No qualifications,213,205,8,0,0,1,7
S01007359,Level 1,145,139,6,0,0,1,5
S01007359,Level 2,102,100,2,0,0,0,2
S01007359,Level 3,51,49,2,0,1,0,1
S01007359,Level 4 and above,157,143,14,0,0,5,9
S01007360,All people aged 16 and over,481,445,36,5,4,4,23
S01007360,No qualifications,111,107,4,0,0,0,4
S01007360,Level 1,104,98,6,2,2,0,2
S01007360,Level 2,75,69,6,0,0,3,3
S01007360,Level 3,43,38,5,1,1,0,3
S01007360,Level 4 and above,148,133,15,2,1,1,11
S01007361,All people aged 16 and over,884,841,43,2,6,7,28
S01007361,No qualifications,238,225,13,1,2,3,7
S01007361,Level 1,163,152,11,0,0,2,9
S01007361,Level 2,138,131,7,0,0,2,5
S01007361,Level 3,83,83,0,0,0,0,0
S01007361,Level 4 and above,262,250,12,1,4,0,7
S01007362,All people aged 16 and over,659,628,31,5,8,1,17
S01007362,No qualifications,176,168,8,2,2,0,4
S01007362,Level 1,148,142,6,0,3,0,3
S01007362,Level 2,98,94,4,0,0,0,4
S01007362,Level 3,77,73,4,1,2,0,1
S01007362,Level 4 and above,160,151,9,2,1,1,5
S01007363,All people aged 16 and over,608,577,31,2,0,2,27
S01007363,No qualifications,187,181,6,0,0,0,6
S01007363,Level 1,121,116,5,0,0,0,5
S01007363,Level 2,75,71,4,0,0,1,3
S01007363,Level 3,55,52,3,0,0,0,3
S01007363,Level 4 and above,170,157,13,2,0,1,10
S01007364,All people aged 16 and over,687,661,26,3,6,1,16
S01007364,No qualifications,244,238,6,0,2,0,4
S01007364,Level 1,190,187,3,1,0,0,2
S01007364,Level 2,95,93,2,0,0,0,2
S01007364,Level 3,74,71,3,1,0,0,2
S01007364,Level 4 and above,84,72,12,1,4,1,6
S01007365,All people aged 16 and over,392,385,7,2,2,0,3
S01007365,No qualifications,115,114,1,1,0,0,0
S01007365,Level 1,103,103,0,0,0,0,0
S01007365,Level 2,57,55,2,0,0,0,2
S01007365,Level 3,33,33,0,0,0,0,0
S01007365,Level 4 and above,84,80,4,1,2,0,1
S01007366,All people aged 16 and over,398,383,15,0,0,5,10
S01007366,No qualifications,178,173,5,0,0,2,3
S01007366,Level 1,94,90,4,0,0,2,2
S01007366,Level 2,42,40,2,0,0,1,1
S01007366,Level 3,26,26,0,0,0,0,0
S01007366,Level 4 and above,58,54,4,0,0,0,4
S01007367,All people aged 16 and over,474,440,34,1,5,13,15
S01007367,No qualifications,152,148,4,0,0,0,4
S01007367,Level 1,130,120,10,0,2,3,5
S01007367,Level 2,50,49,1,0,0,1,0
S01007367,Level 3,49,43,6,0,0,4,2
S01007367,Level 4 and above,93,80,13,1,3,5,4
S01007368,All people aged 16 and over,404,381,23,3,4,3,13
S01007368,No qualifications,123,118,5,0,0,0,5
S01007368,Level 1,115,110,5,1,0,1,3
S01007368,Level 2,71,69,2,0,1,1,0
S01007368,Level 3,40,38,2,1,1,0,0
S01007368,Level 4 and above,55,46,9,1,2,1,5
S01007369,All people aged 16 and over,628,595,33,1,7,8,17
S01007369,No qualifications,191,183,8,0,1,2,5
S01007369,Level 1,165,153,12,0,4,5,3
S01007369,Level 2,85,83,2,0,1,0,1
S01007369,Level 3,55,52,3,1,0,0,2
S01007369,Level 4 and above,132,124,8,0,1,1,6
S01007370,All people aged 16 and over,640,603,37,2,9,6,20
S01007370,No qualifications,135,129,6,0,0,1,5
S01007370,Level 1,152,144,8,0,0,1,7
S01007370,Level 2,109,104,5,0,2,1,2
S01007370,Level 3,74,73,1,0,0,0,1
S01007370,Level 4 and above,170,153,17,2,7,3,5
S01007371,All people aged 16 and over,563,532,31,3,6,3,19
S01007371,No qualifications,126,121,5,1,0,0,4
S01007371,Level 1,143,132,11,1,5,0,5
S01007371,Level 2,88,85,3,0,0,1,2
S01007371,Level 3,70,66,4,0,0,1,3
S01007371,Level 4 and above,136,128,8,1,1,1,5
S01007372,All people aged 16 and over,759,702,57,15,7,8,27
S01007372,No qualifications,194,185,9,0,1,2,6
S01007372,Level 1,154,144,10,3,3,0,4
S01007372,Level 2,99,94,5,1,1,0,3
S01007372,Level 3,76,66,10,5,0,1,4
S01007372,Level 4 and above,236,213,23,6,2,5,10
S01007373,All people aged 16 and over,536,517,19,0,1,0,18
S01007373,No qualifications,128,121,7,0,0,0,7
S01007373,Level 1,109,103,6,0,1,0,5
S01007373,Level 2,66,66,0,0,0,0,0
S01007373,Level 3,58,58,0,0,0,0,0
S01007373,Level 4 and above,175,169,6,0,0,0,6
S01007374,All people aged 16 and over,435,420,15,0,0,1,14
S01007374,No qualifications,60,58,2,0,0,0,2
S01007374,Level 1,88,86,2,0,0,1,1
S01007374,Level 2,71,70,1,0,0,0,1
S01007374,Level 3,51,49,2,0,0,0,2
S01007374,Level 4 and above,165,157,8,0,0,0,8
S01007375,All people aged 16 and over,406,381,25,2,0,2,21
S01007375,No qualifications,77,75,2,0,0,0,2
S01007375,Level 1,71,68,3,1,0,0,2
S01007375,Level 2,60,59,1,0,0,0,1
S01007375,Level 3,44,39,5,0,0,1,4
S01007375,Level 4 and above,154,140,14,1,0,1,12
S01007376,All people aged 16 and over,688,664,24,1,2,2,19
S01007376,No qualifications,197,193,4,0,0,0,4
S01007376,Level 1,185,180,5,0,0,1,4
S01007376,Level 2,116,114,2,1,0,0,1
S01007376,Level 3,68,63,5,0,1,0,4
S01007376,Level 4 and above,122,114,8,0,1,1,6
S01007377,All people aged 16 and over,553,518,35,0,2,1,32
S01007377,No qualifications,89,86,3,0,0,0,3
S01007377,Level 1,110,106,4,0,2,0,2
S01007377,Level 2,70,69,1,0,0,0,1
S01007377,Level 3,67,61,6,0,0,0,6
S01007377,Level 4 and above,217,196,21,0,0,1,20
S01007378,All people aged 16 and over,1367,1297,70,3,8,20,39
S01007378,No qualifications,131,119,12,1,1,1,9
S01007378,Level 1,480,462,18,0,1,8,9
S01007378,Level 2,290,280,10,0,1,3,6
S01007378,Level 3,137,130,7,0,1,4,2
S01007378,Level 4 and above,329,306,23,2,4,4,13
S01007379,All people aged 16 and over,405,390,15,1,1,1,12
S01007379,No qualifications,161,154,7,0,0,0,7
S01007379,Level 1,106,102,4,0,0,1,3
S01007379,Level 2,56,56,0,0,0,0,0
S01007379,Level 3,39,36,3,1,0,0,2
S01007379,Level 4 and above,43,42,1,0,1,0,0
S01007380,All people aged 16 and over,448,439,9,2,0,0,7
S01007380,No qualifications,90,90,0,0,0,0,0
S01007380,Level 1,168,165,3,0,0,0,3
S01007380,Level 2,58,55,3,1,0,0,2
S01007380,Level 3,42,42,0,0,0,0,0
S01007380,Level 4 and above,90,87,3,1,0,0,2
S01007381,All people aged 16 and over,423,394,29,2,3,3,21
S01007381,No qualifications,57,55,2,0,0,0,2
S01007381,Level 1,79,76,3,0,2,0,1
S01007381,Level 2,54,50,4,0,1,1,2
S01007381,Level 3,31,30,1,0,0,0,1
S01007381,Level 4 and above,202,183,19,2,0,2,15
S01007382,All people aged 16 and over,534,515,19,0,1,2,16
S01007382,No qualifications,71,71,0,0,0,0,0
S01007382,Level 1,104,101,3,0,0,0,3
S01007382,Level 2,86,82,4,0,0,1,3
S01007382,Level 3,62,59,3,0,0,1,2
S01007382,Level 4 and above,211,202,9,0,1,0,8
S01007383,All people aged 16 and over,637,602,35,4,1,2,28
S01007383,No qualifications,107,105,2,0,0,0,2
S01007383,Level 1,130,125,5,0,0,0,5
S01007383,Level 2,73,70,3,1,0,0,2
S01007383,Level 3,77,73,4,0,0,0,4
S01007383,Level 4 and above,250,229,21,3,1,2,15
S01007384,All people aged 16 and over,611,577,34,0,1,4,29
S01007384,No qualifications,86,82,4,0,0,0,4
S01007384,Level 1,115,105,10,0,1,3,6
S01007384,Level 2,110,107,3,0,0,0,3
S01007384,Level 3,57,55,2,0,0,0,2
S01007384,Level 4 and above,243,228,15,0,0,1,14
S01007385,All people aged 16 and over,729,696,33,0,4,2,27
S01007385,No qualifications,147,144,3,0,1,0,2
S01007385,Level 1,157,153,4,0,0,0,4
S01007385,Level 2,94,90,4,0,0,0,4
S01007385,Level 3,86,81,5,0,0,1,4
S01007385,Level 4 and above,245,228,17,0,3,1,13
S01007386,All people aged 16 and over,684,648,36,0,4,6,26
S01007386,No qualifications,61,55,6,0,0,1,5
S01007386,Level 1,78,72,6,0,1,2,3
S01007386,Level 2,104,102,2,0,1,0,1
S01007386,Level 3,60,58,2,0,0,0,2
S01007386,Level 4 and above,381,361,20,0,2,3,15
S01007387,All people aged 16 and over,664,630,34,0,6,1,27
S01007387,No qualifications,66,63,3,0,0,0,3
S01007387,Level 1,89,83,6,0,3,0,3
S01007387,Level 2,106,103,3,0,0,0,3
S01007387,Level 3,68,66,2,0,0,0,2
S01007387,Level 4 and above,335,315,20,0,3,1,16
S01007388,All people aged 16 and over,572,552,20,0,2,2,16
S01007388,No qualifications,60,57,3,0,0,0,3
S01007388,Level 1,106,100,6,0,0,0,6
S01007388,Level 2,99,99,0,0,0,0,0
S01007388,Level 3,66,62,4,0,1,0,3
S01007388,Level 4 and above,241,234,7,0,1,2,4
S01007389,All people aged 16 and over,388,354,34,6,5,8,15
S01007389,No qualifications,40,35,5,1,2,0,2
S01007389,Level 1,135,126,9,1,0,2,6
S01007389,Level 2,69,66,3,0,1,2,0
S01007389,Level 3,51,48,3,0,0,1,2
S01007389,Level 4 and above,93,79,14,4,2,3,5
S01007390,All people aged 16 and over,363,340,23,1,2,2,18
S01007390,No qualifications,54,51,3,1,0,0,2
S01007390,Level 1,137,128,9,0,0,2,7
S01007390,Level 2,80,76,4,0,0,0,4
S01007390,Level 3,38,38,0,0,0,0,0
S01007390,Level 4 and above,54,47,7,0,2,0,5
S01007391,All people aged 16 and over,487,467,20,2,0,0,18
S01007391,No qualifications,44,42,2,0,0,0,2
S01007391,Level 1,104,99,5,1,0,0,4
S01007391,Level 2,89,88,1,0,0,0,1
S01007391,Level 3,57,54,3,0,0,0,3
S01007391,Level 4 and above,193,184,9,1,0,0,8
S01007392,All people aged 16 and over,413,396,17,0,0,3,14
S01007392,No qualifications,59,58,1,0,0,1,0
S01007392,Level 1,65,61,4,0,0,1,3
S01007392,Level 2,61,60,1,0,0,1,0
S01007392,Level 3,46,46,0,0,0,0,0
S01007392,Level 4 and above,182,171,11,0,0,0,11
S01007393,All people aged 16 and over,665,607,58,14,5,16,23
S01007393,No qualifications,121,115,6,0,0,1,5
S01007393,Level 1,102,89,13,6,2,3,2
S01007393,Level 2,83,76,7,2,1,2,2
S01007393,Level 3,43,40,3,0,1,1,1
S01007393,Level 4 and above,316,287,29,6,1,9,13
S01007394,All people aged 16 and over,559,523,36,3,3,4,26
S01007394,No qualifications,102,97,5,0,0,0,5
S01007394,Level 1,104,91,13,2,3,1,7
S01007394,Level 2,68,64,4,0,0,1,3
S01007394,Level 3,47,45,2,0,0,0,2
S01007394,Level 4 and above,238,226,12,1,0,2,9
S01007395,All people aged 16 and over,714,682,32,3,5,3,21
S01007395,No qualifications,193,187,6,0,1,0,5
S01007395,Level 1,147,142,5,1,0,1,3
S01007395,Level 2,109,105,4,0,0,0,4
S01007395,Level 3,89,85,4,0,1,0,3
S01007395,Level 4 and above,176,163,13,2,3,2,6
S01007396,All people aged 16 and over,691,646,45,0,13,6,26
S01007396,No qualifications,195,183,12,0,0,2,10
S01007396,Level 1,143,138,5,0,0,1,4
S01007396,Level 2,92,88,4,0,0,2,2
S01007396,Level 3,76,73,3,0,1,0,2
S01007396,Level 4 and above,185,164,21,0,12,1,8
S01007397,All people aged 16 and over,794,740,54,4,6,8,36
S01007397,No qualifications,145,137,8,0,0,1,7
S01007397,Level 1,125,118,7,0,1,1,5
S01007397,Level 2,110,104,6,0,0,2,4
S01007397,Level 3,85,81,4,0,2,1,1
S01007397,Level 4 and above,329,300,29,4,3,3,19
S01007398,All people aged 16 and over,515,497,18,2,2,3,11
S01007398,No qualifications,180,175,5,1,1,0,3
S01007398,Level 1,148,143,5,1,0,2,2
S01007398,Level 2,76,74,2,0,0,1,1
S01007398,Level 3,52,51,1,0,0,0,1
S01007398,Level 4 and above,59,54,5,0,1,0,4
S01007399,All people aged 16 and over,503,489,14,0,1,4,9
S01007399,No qualifications,202,201,1,0,0,0,1
S01007399,Level 1,133,130,3,0,0,2,1
S01007399,Level 2,59,57,2,0,0,0,2
S01007399,Level 3,41,39,2,0,0,1,1
S01007399,Level 4 and above,68,62,6,0,1,1,4
S01007400,All people aged 16 and over,605,566,39,5,5,3,26
S01007400,No qualifications,145,139,6,2,1,0,3
S01007400,Level 1,118,111,7,1,2,0,4
S01007400,Level 2,96,94,2,0,0,0,2
S01007400,Level 3,44,42,2,0,1,0,1
S01007400,Level 4 and above,202,180,22,2,1,3,16
S01007401,All people aged 16 and over,570,534,36,1,4,8,23
S01007401,No qualifications,96,88,8,1,0,2,5
S01007401,Level 1,116,110,6,0,1,3,2
S01007401,Level 2,102,99,3,0,0,0,3
S01007401,Level 3,67,62,5,0,1,2,2
S01007401,Level 4 and above,189,175,14,0,2,1,11
S01007402,All people aged 16 and over,521,500,21,1,3,2,15
S01007402,No qualifications,109,103,6,0,2,0,4
S01007402,Level 1,110,107,3,0,0,0,3
S01007402,Level 2,85,84,1,0,0,0,1
S01007402,Level 3,62,61,1,0,0,0,1
S01007402,Level 4 and above,155,145,10,1,1,2,6
S01007403,All people aged 16 and over,551,524,27,2,3,3,19
S01007403,No qualifications,53,52,1,0,0,0,1
S01007403,Level 1,148,143,5,1,0,0,4
S01007403,Level 2,126,117,9,1,1,1,6
S01007403,Level 3,75,74,1,0,0,0,1
S01007403,Level 4 and above,149,138,11,0,2,2,7
S01007404,All people aged 16 and over,371,351,20,1,0,5,14
S01007404,No qualifications,83,79,4,0,0,0,4
S01007404,Level 1,79,77,2,0,0,0,2
S01007404,Level 2,62,61,1,0,0,0,1
S01007404,Level 3,37,36,1,0,0,1,0
S01007404,Level 4 and above,110,98,12,1,0,4,7
S01007405,All people aged 16 and over,550,526,24,1,0,2,21
S01007405,No qualifications,62,61,1,0,0,0,1
S01007405,Level 1,97,95,2,0,0,0,2
S01007405,Level 2,85,80,5,1,0,1,3
S01007405,Level 3,55,53,2,0,0,0,2
S01007405,Level 4 and above,251,237,14,0,0,1,13
S01007406,All people aged 16 and over,521,489,32,0,2,6,24
S01007406,No qualifications,55,54,1,0,0,0,1
S01007406,Level 1,78,74,4,0,0,0,4
S01007406,Level 2,101,96,5,0,0,2,3
S01007406,Level 3,55,53,2,0,0,0,2
S01007406,Level 4 and above,232,212,20,0,2,4,14
S01007407,All people aged 16 and over,598,574,24,0,1,6,17
S01007407,No qualifications,92,88,4,0,1,0,3
S01007407,Level 1,118,116,2,0,0,1,1
S01007407,Level 2,100,98,2,0,0,0,2
S01007407,Level 3,75,72,3,0,0,0,3
S01007407,Level 4 and above,213,200,13,0,0,5,8
S01007408,All people aged 16 and over,484,466,18,2,1,0,15
S01007408,No qualifications,120,115,5,0,1,0,4
S01007408,Level 1,109,106,3,1,0,0,2
S01007408,Level 2,69,65,4,0,0,0,4
S01007408,Level 3,45,43,2,0,0,0,2
S01007408,Level 4 and above,141,137,4,1,0,0,3
S01007409,All people aged 16 and over,614,605,9,0,0,2,7
S01007409,No qualifications,174,171,3,0,0,0,3
S01007409,Level 1,154,151,3,0,0,1,2
S01007409,Level 2,98,98,0,0,0,0,0
S01007409,Level 3,64,64,0,0,0,0,0
S01007409,Level 4 and above,124,121,3,0,0,1,2
S01007410,All people aged 16 and over,541,509,32,3,12,6,11
S01007410,No qualifications,228,222,6,0,1,1,4
S01007410,Level 1,162,153,9,0,3,1,5
S01007410,Level 2,60,59,1,0,1,0,0
S01007410,Level 3,49,46,3,1,2,0,0
S01007410,Level 4 and above,42,29,13,2,5,4,2
S01007411,All people aged 16 and over,699,668,31,1,12,2,16
S01007411,No qualifications,267,259,8,0,3,1,4
S01007411,Level 1,206,199,7,0,2,0,5
S01007411,Level 2,63,62,1,0,0,0,1
S01007411,Level 3,67,64,3,0,1,1,1
S01007411,Level 4 and above,96,84,12,1,6,0,5
S01007412,All people aged 16 and over,396,389,7,0,1,1,5
S01007412,No qualifications,142,141,1,0,0,0,1
S01007412,Level 1,107,106,1,0,0,0,1
S01007412,Level 2,48,48,0,0,0,0,0
S01007412,Level 3,34,34,0,0,0,0,0
S01007412,Level 4 and above,65,60,5,0,1,1,3
S01007413,All people aged 16 and over,721,694,27,6,2,4,15
S01007413,No qualifications,93,91,2,0,0,1,1
S01007413,Level 1,212,207,5,0,1,1,3
S01007413,Level 2,147,143,4,0,0,1,3
S01007413,Level 3,87,84,3,1,0,0,2
S01007413,Level 4 and above,182,169,13,5,1,1,6
S01007414,All people aged 16 and over,525,498,27,2,5,1,19
S01007414,No qualifications,65,61,4,2,0,0,2
S01007414,Level 1,121,117,4,0,2,0,2
S01007414,Level 2,89,88,1,0,1,0,0
S01007414,Level 3,72,68,4,0,0,0,4
S01007414,Level 4 and above,178,164,14,0,2,1,11
S01007415,All people aged 16 and over,677,657,20,0,7,6,7
S01007415,No qualifications,306,301,5,0,3,2,0
S01007415,Level 1,198,194,4,0,0,1,3
S01007415,Level 2,47,45,2,0,0,0,2
S01007415,Level 3,49,49,0,0,0,0,0
S01007415,Level 4 and above,77,68,9,0,4,3,2
S01007416,All people aged 16 and over,423,403,20,3,13,1,3
S01007416,No qualifications,151,151,0,0,0,0,0
S01007416,Level 1,150,143,7,3,3,0,1
S01007416,Level 2,42,42,0,0,0,0,0
S01007416,Level 3,38,34,4,0,3,1,0
S01007416,Level 4 and above,42,33,9,0,7,0,2
S01007417,All people aged 16 and over,793,738,55,0,7,8,40
S01007417,No qualifications,124,114,10,0,3,2,5
S01007417,Level 1,181,164,17,0,1,4,12
S01007417,Level 2,132,126,6,0,0,1,5
S01007417,Level 3,94,90,4,0,0,0,4
S01007417,Level 4 and above,262,244,18,0,3,1,14
S01007418,All people aged 16 and over,534,514,20,2,4,3,11
S01007418,No qualifications,233,229,4,0,0,0,4
S01007418,Level 1,142,139,3,0,1,1,1
S01007418,Level 2,47,47,0,0,0,0,0
S01007418,Level 3,59,54,5,2,0,0,3
S01007418,Level 4 and above,53,45,8,0,3,2,3
S01007419,All people aged 16 and over,650,605,45,0,14,12,19
S01007419,No qualifications,220,203,17,0,5,2,10
S01007419,Level 1,211,199,12,0,8,1,3
S01007419,Level 2,94,90,4,0,1,1,2
S01007419,Level 3,50,47,3,0,0,1,2
S01007419,Level 4 and above,75,66,9,0,0,7,2
S01007420,All people aged 16 and over,1283,1229,54,3,10,9,32
S01007420,No qualifications,340,332,8,0,1,0,7
S01007420,Level 1,379,368,11,0,3,3,5
S01007420,Level 2,182,174,8,0,3,0,5
S01007420,Level 3,124,122,2,0,0,1,1
S01007420,Level 4 and above,258,233,25,3,3,5,14
S01007421,All people aged 16 and over,524,507,17,0,1,0,16
S01007421,No qualifications,117,114,3,0,0,0,3
S01007421,Level 1,113,111,2,0,0,0,2
S01007421,Level 2,62,60,2,0,0,0,2
S01007421,Level 3,76,71,5,0,0,0,5
S01007421,Level 4 and above,156,151,5,0,1,0,4
S01007422,All people aged 16 and over,492,462,30,1,7,8,14
S01007422,No qualifications,143,141,2,0,1,0,1
S01007422,Level 1,104,100,4,0,0,1,3
S01007422,Level 2,60,58,2,0,1,1,0
S01007422,Level 3,48,43,5,1,1,1,2
S01007422,Level 4 and above,137,120,17,0,4,5,8
S01007423,All people aged 16 and over,600,579,21,3,3,4,11
S01007423,No qualifications,122,121,1,0,0,0,1
S01007423,Level 1,138,138,0,0,0,0,0
S01007423,Level 2,80,79,1,0,0,0,1
S01007423,Level 3,61,57,4,0,1,2,1
S01007423,Level 4 and above,199,184,15,3,2,2,8
S01007424,All people aged 16 and over,673,655,18,1,0,0,17
S01007424,No qualifications,139,136,3,0,0,0,3
S01007424,Level 1,129,128,1,0,0,0,1
S01007424,Level 2,135,133,2,1,0,0,1
S01007424,Level 3,64,63,1,0,0,0,1
S01007424,Level 4 and above,206,195,11,0,0,0,11
S01007425,All people aged 16 and over,724,705,19,1,5,1,12
S01007425,No qualifications,139,137,2,0,0,0,2
S01007425,Level 1,176,173,3,1,1,0,1
S01007425,Level 2,124,121,3,0,2,0,1
S01007425,Level 3,74,71,3,0,0,1,2
S01007425,Level 4 and above,211,203,8,0,2,0,6
S01007426,All people aged 16 and over,543,505,38,16,4,5,13
S01007426,No qualifications,162,160,2,0,0,1,1
S01007426,Level 1,135,131,4,1,0,0,3
S01007426,Level 2,64,63,1,0,0,0,1
S01007426,Level 3,44,41,3,1,0,0,2
S01007426,Level 4 and above,138,110,28,14,4,4,6
S01007427,All people aged 16 and over,550,537,13,0,2,3,8
S01007427,No qualifications,198,193,5,0,0,1,4
S01007427,Level 1,147,146,1,0,0,1,0
S01007427,Level 2,83,81,2,0,0,1,1
S01007427,Level 3,47,47,0,0,0,0,0
S01007427,Level 4 and above,75,70,5,0,2,0,3
S01007428,All people aged 16 and over,749,722,27,3,6,5,13
S01007428,No qualifications,227,224,3,0,2,0,1
S01007428,Level 1,193,186,7,1,2,1,3
S01007428,Level 2,104,100,4,0,1,1,2
S01007428,Level 3,70,68,2,0,0,1,1
S01007428,Level 4 and above,155,144,11,2,1,2,6
S01007429,All people aged 16 and over,601,577,24,2,4,6,12
S01007429,No qualifications,144,139,5,0,0,1,4
S01007429,Level 1,142,140,2,1,0,0,1
S01007429,Level 2,105,101,4,0,1,0,3
S01007429,Level 3,64,61,3,0,1,1,1
S01007429,Level 4 and above,146,136,10,1,2,4,3
S01007430,All people aged 16 and over,395,379,16,2,2,4,8
S01007430,No qualifications,105,104,1,0,0,0,1
S01007430,Level 1,84,81,3,1,1,0,1
S01007430,Level 2,50,50,0,0,0,0,0
S01007430,Level 3,33,31,2,0,0,1,1
S01007430,Level 4 and above,123,113,10,1,1,3,5
S01007431,All people aged 16 and over,478,470,8,0,1,1,6
S01007431,No qualifications,84,82,2,0,0,1,1
S01007431,Level 1,122,122,0,0,0,0,0
S01007431,Level 2,80,80,0,0,0,0,0
S01007431,Level 3,60,60,0,0,0,0,0
S01007431,Level 4 and above,132,126,6,0,1,0,5
S01007432,All people aged 16 and over,708,689,19,1,0,4,14
S01007432,No qualifications,265,260,5,0,0,1,4
S01007432,Level 1,167,164,3,1,0,2,0
S01007432,Level 2,99,98,1,0,0,0,1
S01007432,Level 3,64,61,3,0,0,0,3
S01007432,Level 4 and above,113,106,7,0,0,1,6
S01007433,All people aged 16 and over,659,646,13,0,2,1,10
S01007433,No qualifications,210,209,1,0,0,0,1
S01007433,Level 1,148,143,5,0,1,0,4
S01007433,Level 2,78,77,1,0,0,0,1
S01007433,Level 3,67,67,0,0,0,0,0
S01007433,Level 4 and above,156,150,6,0,1,1,4
S01007434,All people aged 16 and over,402,390,12,0,3,2,7
S01007434,No qualifications,151,150,1,0,0,0,1
S01007434,Level 1,113,110,3,0,1,0,2
S01007434,Level 2,55,53,2,0,1,0,1
S01007434,Level 3,31,31,0,0,0,0,0
S01007434,Level 4 and above,52,46,6,0,1,2,3
S01007435,All people aged 16 and over,574,547,27,1,12,2,12
S01007435,No qualifications,158,153,5,0,3,0,2
S01007435,Level 1,140,135,5,0,2,0,3
S01007435,Level 2,100,98,2,0,0,0,2
S01007435,Level 3,53,43,10,0,6,0,4
S01007435,Level 4 and above,123,118,5,1,1,2,1
S01007436,All people aged 16 and over,543,523,20,1,0,8,11
S01007436,No qualifications,180,180,0,0,0,0,0
S01007436,Level 1,161,154,7,0,0,2,5
S01007436,Level 2,51,50,1,1,0,0,0
S01007436,Level 3,48,45,3,0,0,2,1
S01007436,Level 4 and above,103,94,9,0,0,4,5
S01007437,All people aged 16 and over,370,350,20,1,4,2,13
S01007437,No qualifications,91,89,2,0,0,0,2
S01007437,Level 1,98,95,3,0,0,0,3
S01007437,Level 2,53,50,3,0,0,0,3
S01007437,Level 3,39,36,3,0,0,2,1
S01007437,Level 4 and above,89,80,9,1,4,0,4
S01007438,All people aged 16 and over,572,545,27,3,4,5,15
S01007438,No qualifications,191,187,4,1,0,1,2
S01007438,Level 1,142,134,8,2,0,3,3
S01007438,Level 2,71,69,2,0,1,0,1
S01007438,Level 3,65,62,3,0,0,0,3
S01007438,Level 4 and above,103,93,10,0,3,1,6
S01007439,All people aged 16 and over,600,576,24,3,4,4,13
S01007439,No qualifications,198,195,3,1,0,0,2
S01007439,Level 1,123,119,4,0,0,2,2
S01007439,Level 2,98,95,3,0,1,0,2
S01007439,Level 3,53,53,0,0,0,0,0
S01007439,Level 4 and above,128,114,14,2,3,2,7
S01007440,All people aged 16 and over,539,509,30,3,0,9,18
S01007440,No qualifications,200,190,10,3,0,0,7
S01007440,Level 1,130,123,7,0,0,3,4
S01007440,Level 2,78,73,5,0,0,4,1
S01007440,Level 3,50,49,1,0,0,0,1
S01007440,Level 4 and above,81,74,7,0,0,2,5
S01007441,All people aged 16 and over,462,443,19,1,0,1,17
S01007441,No qualifications,68,64,4,0,0,1,3
S01007441,Level 1,99,95,4,0,0,0,4
S01007441,Level 2,94,92,2,0,0,0,2
S01007441,Level 3,56,54,2,0,0,0,2
S01007441,Level 4 and above,145,138,7,1,0,0,6
S01007442,All people aged 16 and over,418,400,18,1,2,3,12
S01007442,No qualifications,57,53,4,1,1,0,2
S01007442,Level 1,89,86,3,0,0,1,2
S01007442,Level 2,64,64,0,0,0,0,0
S01007442,Level 3,54,52,2,0,0,0,2
S01007442,Level 4 and above,154,145,9,0,1,2,6
S01007443,All people aged 16 and over,758,685,73,19,9,4,41
S01007443,No qualifications,127,122,5,1,1,0,3
S01007443,Level 1,148,130,18,7,5,2,4
S01007443,Level 2,114,102,12,6,2,1,3
S01007443,Level 3,62,55,7,2,0,0,5
S01007443,Level 4 and above,307,276,31,3,1,1,26
S01007444,All people aged 16 and over,773,725,48,3,6,0,39
S01007444,No qualifications,107,104,3,0,1,0,2
S01007444,Level 1,128,125,3,0,0,0,3
S01007444,Level 2,104,100,4,0,0,0,4
S01007444,Level 3,45,42,3,0,0,0,3
S01007444,Level 4 and above,389,354,35,3,5,0,27
S01007445,All people aged 16 and over,505,477,28,0,0,2,26
S01007445,No qualifications,42,39,3,0,0,1,2
S01007445,Level 1,56,52,4,0,0,1,3
S01007445,Level 2,75,75,0,0,0,0,0
S01007445,Level 3,59,55,4,0,0,0,4
S01007445,Level 4 and above,273,256,17,0,0,0,17
S01007446,All people aged 16 and over,422,389,33,3,0,1,29
S01007446,No qualifications,40,38,2,0,0,0,2
S01007446,Level 1,66,63,3,0,0,0,3
S01007446,Level 2,60,57,3,0,0,0,3
S01007446,Level 3,24,24,0,0,0,0,0
S01007446,Level 4 and above,232,207,25,3,0,1,21
S01007447,All people aged 16 and over,411,384,27,0,2,3,22
S01007447,No qualifications,58,56,2,0,0,0,2
S01007447,Level 1,57,55,2,0,1,0,1
S01007447,Level 2,55,53,2,0,0,0,2
S01007447,Level 3,47,45,2,0,0,1,1
S01007447,Level 4 and above,194,175,19,0,1,2,16
S01007448,All people aged 16 and over,736,716,20,2,0,1,17
S01007448,No qualifications,189,187,2,0,0,0,2
S01007448,Level 1,170,164,6,0,0,0,6
S01007448,Level 2,105,104,1,1,0,0,0
S01007448,Level 3,83,80,3,1,0,0,2
S01007448,Level 4 and above,189,181,8,0,0,1,7
S01007449,All people aged 16 and over,821,799,22,8,7,2,5
S01007449,No qualifications,249,247,2,0,2,0,0
S01007449,Level 1,248,243,5,3,1,1,0
S01007449,Level 2,99,96,3,0,0,0,3
S01007449,Level 3,86,85,1,1,0,0,0
S01007449,Level 4 and above,139,128,11,4,4,1,2
S01007450,All people aged 16 and over,598,587,11,0,3,1,7
S01007450,No qualifications,227,226,1,0,0,0,1
S01007450,Level 1,181,178,3,0,1,0,2
S01007450,Level 2,69,69,0,0,0,0,0
S01007450,Level 3,59,58,1,0,1,0,0
S01007450,Level 4 and above,62,56,6,0,1,1,4
S01007451,All people aged 16 and over,524,510,14,0,0,1,13
S01007451,No qualifications,191,188,3,0,0,0,3
S01007451,Level 1,132,129,3,0,0,0,3
S01007451,Level 2,70,66,4,0,0,1,3
S01007451,Level 3,46,44,2,0,0,0,2
S01007451,Level 4 and above,85,83,2,0,0,0,2
S01007452,All people aged 16 and over,414,399,15,0,6,1,8
S01007452,No qualifications,145,142,3,0,0,0,3
S01007452,Level 1,111,109,2,0,0,0,2
S01007452,Level 2,52,50,2,0,1,0,1
S01007452,Level 3,22,20,2,0,2,0,0
S01007452,Level 4 and above,84,78,6,0,3,1,2
S01007453,All people aged 16 and over,458,424,34,2,6,6,20
S01007453,No qualifications,50,45,5,0,0,0,5
S01007453,Level 1,113,111,2,0,0,0,2
S01007453,Level 2,69,63,6,0,4,0,2
S01007453,Level 3,47,47,0,0,0,0,0
S01007453,Level 4 and above,179,158,21,2,2,6,11
S01007454,All people aged 16 and over,418,405,13,0,3,4,6
S01007454,No qualifications,168,166,2,0,0,0,2
S01007454,Level 1,118,114,4,0,0,3,1
S01007454,Level 2,48,46,2,0,0,1,1
S01007454,Level 3,35,34,1,0,1,0,0
S01007454,Level 4 and above,49,45,4,0,2,0,2
S01007455,All people aged 16 and over,677,645,32,4,10,6,12
S01007455,No qualifications,242,238,4,0,1,0,3
S01007455,Level 1,216,202,14,3,5,4,2
S01007455,Level 2,77,75,2,0,0,0,2
S01007455,Level 3,71,64,7,0,2,2,3
S01007455,Level 4 and above,71,66,5,1,2,0,2
S01007456,All people aged 16 and over,702,662,40,2,12,14,12
S01007456,No qualifications,256,247,9,0,2,1,6
S01007456,Level 1,246,237,9,2,1,3,3
S01007456,Level 2,63,61,2,0,0,1,1
S01007456,Level 3,62,60,2,0,1,1,0
S01007456,Level 4 and above,75,57,18,0,8,8,2
S01007457,All people aged 16 and over,870,823,47,8,16,5,18
S01007457,No qualifications,259,247,12,2,5,1,4
S01007457,Level 1,256,243,13,2,6,1,4
S01007457,Level 2,120,116,4,0,1,0,3
S01007457,Level 3,93,89,4,1,0,1,2
S01007457,Level 4 and above,142,128,14,3,4,2,5
S01007458,All people aged 16 and over,443,433,10,0,0,5,5
S01007458,No qualifications,90,88,2,0,0,0,2
S01007458,Level 1,117,117,0,0,0,0,0
S01007458,Level 2,75,74,1,0,0,0,1
S01007458,Level 3,69,66,3,0,0,2,1
S01007458,Level 4 and above,92,88,4,0,0,3,1
S01007459,All people aged 16 and over,551,533,18,1,2,9,6
S01007459,No qualifications,192,192,0,0,0,0,0
S01007459,Level 1,132,125,7,1,0,3,3
S01007459,Level 2,81,79,2,0,0,1,1
S01007459,Level 3,53,53,0,0,0,0,0
S01007459,Level 4 and above,93,84,9,0,2,5,2
S01007460,All people aged 16 and over,619,603,16,0,5,0,11
S01007460,No qualifications,218,214,4,0,0,0,4
S01007460,Level 1,180,179,1,0,0,0,1
S01007460,Level 2,99,97,2,0,0,0,2
S01007460,Level 3,53,51,2,0,0,0,2
S01007460,Level 4 and above,69,62,7,0,5,0,2
S01007461,All people aged 16 and over,568,545,23,1,7,6,9
S01007461,No qualifications,229,220,9,0,1,1,7
S01007461,Level 1,157,154,3,0,1,2,0
S01007461,Level 2,72,72,0,0,0,0,0
S01007461,Level 3,55,51,4,0,0,2,2
S01007461,Level 4 and above,55,48,7,1,5,1,0
S01007462,All people aged 16 and over,661,620,41,1,22,9,9
S01007462,No qualifications,170,163,7,0,2,0,5
S01007462,Level 1,178,173,5,0,0,3,2
S01007462,Level 2,99,98,1,0,1,0,0
S01007462,Level 3,76,71,5,0,4,1,0
S01007462,Level 4 and above,138,115,23,1,15,5,2
S01007463,All people aged 16 and over,721,684,37,5,7,9,16
S01007463,No qualifications,309,299,10,1,0,2,7
S01007463,Level 1,244,229,15,2,3,4,6
S01007463,Level 2,55,55,0,0,0,0,0
S01007463,Level 3,38,35,3,0,1,0,2
S01007463,Level 4 and above,75,66,9,2,3,3,1
S01007464,All people aged 16 and over,548,509,39,2,18,7,12
S01007464,No qualifications,246,237,9,0,5,2,2
S01007464,Level 1,157,147,10,1,6,1,2
S01007464,Level 2,58,52,6,1,3,2,0
S01007464,Level 3,35,31,4,0,2,0,2
S01007464,Level 4 and above,52,42,10,0,2,2,6
S01007465,All people aged 16 and over,594,563,31,2,16,5,8
S01007465,No qualifications,256,254,2,0,0,0,2
S01007465,Level 1,171,166,5,2,1,2,0
S01007465,Level 2,61,55,6,0,3,1,2
S01007465,Level 3,58,50,8,0,4,2,2
S01007465,Level 4 and above,48,38,10,0,8,0,2
S01007466,All people aged 16 and over,851,780,71,18,18,13,22
S01007466,No qualifications,318,311,7,1,2,0,4
S01007466,Level 1,233,201,32,11,7,8,6
S01007466,Level 2,111,106,5,1,0,1,3
S01007466,Level 3,71,67,4,2,0,0,2
S01007466,Level 4 and above,118,95,23,3,9,4,7
S01007467,All people aged 16 and over,824,769,55,15,7,7,26
S01007467,No qualifications,254,244,10,0,1,2,7
S01007467,Level 1,198,186,12,2,0,2,8
S01007467,Level 2,108,103,5,1,0,0,4
S01007467,Level 3,85,83,2,0,0,0,2
S01007467,Level 4 and above,179,153,26,12,6,3,5
S01007468,All people aged 16 and over,607,581,26,2,5,2,17
S01007468,No qualifications,115,114,1,0,0,0,1
S01007468,Level 1,179,170,9,0,2,0,7
S01007468,Level 2,105,103,2,0,0,0,2
S01007468,Level 3,72,70,2,0,0,0,2
S01007468,Level 4 and above,136,124,12,2,3,2,5
S01007469,All people aged 16 and over,465,448,17,0,4,3,10
S01007469,No qualifications,143,141,2,0,0,1,1
S01007469,Level 1,144,138,6,0,2,0,4
S01007469,Level 2,62,59,3,0,0,0,3
S01007469,Level 3,45,44,1,0,0,0,1
S01007469,Level 4 and above,71,66,5,0,2,2,1
S01007470,All people aged 16 and over,572,524,48,5,17,8,18
S01007470,No qualifications,188,179,9,0,1,0,8
S01007470,Level 1,162,150,12,2,3,4,3
S01007470,Level 2,60,56,4,0,2,0,2
S01007470,Level 3,76,69,7,0,5,1,1
S01007470,Level 4 and above,86,70,16,3,6,3,4
S01007471,All people aged 16 and over,382,375,7,1,1,0,5
S01007471,No qualifications,107,105,2,0,0,0,2
S01007471,Level 1,107,106,1,1,0,0,0
S01007471,Level 2,51,50,1,0,0,0,1
S01007471,Level 3,61,60,1,0,1,0,0
S01007471,Level 4 and above,56,54,2,0,0,0,2
S01007472,All people aged 16 and over,458,442,16,1,3,2,10
S01007472,No qualifications,194,189,5,1,0,0,4
S01007472,Level 1,111,106,5,0,1,1,3
S01007472,Level 2,60,57,3,0,1,0,2
S01007472,Level 3,44,42,2,0,1,0,1
S01007472,Level 4 and above,49,48,1,0,0,1,0
S01007473,All people aged 16 and over,370,364,6,0,1,0,5
S01007473,No qualifications,148,147,1,0,0,0,1
S01007473,Level 1,94,94,0,0,0,0,0
S01007473,Level 2,47,46,1,0,0,0,1
S01007473,Level 3,39,38,1,0,0,0,1
S01007473,Level 4 and above,42,39,3,0,1,0,2
S01007474,All people aged 16 and over,445,435,10,0,2,1,7
S01007474,No qualifications,88,85,3,0,0,0,3
S01007474,Level 1,95,92,3,0,1,0,2
S01007474,Level 2,89,87,2,0,0,0,2
S01007474,Level 3,65,65,0,0,0,0,0
S01007474,Level 4 and above,108,106,2,0,1,1,0
S01007475,All people aged 16 and over,491,464,27,6,7,4,10
S01007475,No qualifications,73,71,2,0,0,0,2
S01007475,Level 1,101,95,6,4,1,1,0
S01007475,Level 2,81,79,2,1,0,0,1
S01007475,Level 3,72,69,3,0,2,0,1
S01007475,Level 4 and above,164,150,14,1,4,3,6
S01007476,All people aged 16 and over,565,546,19,0,2,2,15
S01007476,No qualifications,155,149,6,0,0,0,6
S01007476,Level 1,119,115,4,0,2,0,2
S01007476,Level 2,83,82,1,0,0,0,1
S01007476,Level 3,69,68,1,0,0,0,1
S01007476,Level 4 and above,139,132,7,0,0,2,5
S01007477,All people aged 16 and over,437,422,15,1,2,1,11
S01007477,No qualifications,77,77,0,0,0,0,0
S01007477,Level 1,99,96,3,1,0,1,1
S01007477,Level 2,58,55,3,0,0,0,3
S01007477,Level 3,61,60,1,0,0,0,1
S01007477,Level 4 and above,142,134,8,0,2,0,6
S01007478,All people aged 16 and over,751,714,37,0,12,6,19
S01007478,No qualifications,193,187,6,0,0,1,5
S01007478,Level 1,116,111,5,0,3,0,2
S01007478,Level 2,109,105,4,0,1,0,3
S01007478,Level 3,84,80,4,0,0,1,3
S01007478,Level 4 and above,249,231,18,0,8,4,6
S01007479,All people aged 16 and over,458,436,22,0,3,4,15
S01007479,No qualifications,99,92,7,0,0,2,5
S01007479,Level 1,116,115,1,0,0,0,1
S01007479,Level 2,80,77,3,0,0,0,3
S01007479,Level 3,69,68,1,0,0,0,1
S01007479,Level 4 and above,94,84,10,0,3,2,5
S01007480,All people aged 16 and over,609,575,34,0,12,10,12
S01007480,No qualifications,124,121,3,0,1,0,2
S01007480,Level 1,179,173,6,0,3,1,2
S01007480,Level 2,99,94,5,0,3,1,1
S01007480,Level 3,79,73,6,0,1,3,2
S01007480,Level 4 and above,128,114,14,0,4,5,5
S01007481,All people aged 16 and over,740,721,19,0,3,2,14
S01007481,No qualifications,202,197,5,0,1,0,4
S01007481,Level 1,173,170,3,0,1,0,2
S01007481,Level 2,94,92,2,0,0,0,2
S01007481,Level 3,64,62,2,0,1,0,1
S01007481,Level 4 and above,207,200,7,0,0,2,5
S01007482,All people aged 16 and over,408,400,8,2,0,0,6
S01007482,No qualifications,198,194,4,0,0,0,4
S01007482,Level 1,89,87,2,0,0,0,2
S01007482,Level 2,37,37,0,0,0,0,0
S01007482,Level 3,28,28,0,0,0,0,0
S01007482,Level 4 and above,56,54,2,2,0,0,0
S01007483,All people aged 16 and over,629,615,14,0,1,0,13
S01007483,No qualifications,266,264,2,0,0,0,2
S01007483,Level 1,144,139,5,0,0,0,5
S01007483,Level 2,89,87,2,0,0,0,2
S01007483,Level 3,52,50,2,0,0,0,2
S01007483,Level 4 and above,78,75,3,0,1,0,2
S01007484,All people aged 16 and over,470,450,20,3,4,1,12
S01007484,No qualifications,188,184,4,1,1,1,1
S01007484,Level 1,125,121,4,1,1,0,2
S01007484,Level 2,62,58,4,1,0,0,3
S01007484,Level 3,38,38,0,0,0,0,0
S01007484,Level 4 and above,57,49,8,0,2,0,6
S01007485,All people aged 16 and over,359,350,9,3,1,2,3
S01007485,No qualifications,153,152,1,0,0,0,1
S01007485,Level 1,126,125,1,0,0,1,0
S01007485,Level 2,38,38,0,0,0,0,0
S01007485,Level 3,18,17,1,0,1,0,0
S01007485,Level 4 and above,24,18,6,3,0,1,2
S01007486,All people aged 16 and over,382,376,6,0,0,0,6
S01007486,No qualifications,180,177,3,0,0,0,3
S01007486,Level 1,127,127,0,0,0,0,0
S01007486,Level 2,34,33,1,0,0,0,1
S01007486,Level 3,18,17,1,0,0,0,1
S01007486,Level 4 and above,23,22,1,0,0,0,1
S01007487,All people aged 16 and over,763,735,28,4,6,3,15
S01007487,No qualifications,321,311,10,3,1,0,6
S01007487,Level 1,207,202,5,0,0,0,5
S01007487,Level 2,108,105,3,0,1,0,2
S01007487,Level 3,47,43,4,0,3,1,0
S01007487,Level 4 and above,80,74,6,1,1,2,2
S01007488,All people aged 16 and over,838,810,28,4,5,4,15
S01007488,No qualifications,258,253,5,0,1,1,3
S01007488,Level 1,226,216,10,4,1,0,5
S01007488,Level 2,137,135,2,0,0,0,2
S01007488,Level 3,71,69,2,0,0,1,1
S01007488,Level 4 and above,146,137,9,0,3,2,4
S01007489,All people aged 16 and over,725,713,12,0,0,0,12
S01007489,No qualifications,285,280,5,0,0,0,5
S01007489,Level 1,175,171,4,0,0,0,4
S01007489,Level 2,98,98,0,0,0,0,0
S01007489,Level 3,55,54,1,0,0,0,1
S01007489,Level 4 and above,112,110,2,0,0,0,2
S01007490,All people aged 16 and over,757,741,16,2,0,4,10
S01007490,No qualifications,375,371,4,0,0,1,3
S01007490,Level 1,179,174,5,0,0,1,4
S01007490,Level 2,98,97,1,0,0,0,1
S01007490,Level 3,38,37,1,0,0,1,0
S01007490,Level 4 and above,67,62,5,2,0,1,2
S01007491,All people aged 16 and over,886,852,34,3,7,4,20
S01007491,No qualifications,285,271,14,1,1,2,10
S01007491,Level 1,275,262,13,2,4,1,6
S01007491,Level 2,138,136,2,0,2,0,0
S01007491,Level 3,76,74,2,0,0,0,2
S01007491,Level 4 and above,112,109,3,0,0,1,2
S01007492,All people aged 16 and over,597,584,13,0,1,0,12
S01007492,No qualifications,274,269,5,0,1,0,4
S01007492,Level 1,138,134,4,0,0,0,4
S01007492,Level 2,65,65,0,0,0,0,0
S01007492,Level 3,50,50,0,0,0,0,0
S01007492,Level 4 and above,70,66,4,0,0,0,4
S01007493,All people aged 16 and over,677,669,8,0,1,2,5
S01007493,No qualifications,260,259,1,0,0,0,1
S01007493,Level 1,223,219,4,0,0,2,2
S01007493,Level 2,97,96,1,0,0,0,1
S01007493,Level 3,46,44,2,0,1,0,1
S01007493,Level 4 and above,51,51,0,0,0,0,0
S01007494,All people aged 16 and over,448,438,10,0,1,2,7
S01007494,No qualifications,155,153,2,0,0,0,2
S01007494,Level 1,108,105,3,0,0,1,2
S01007494,Level 2,57,55,2,0,1,0,1
S01007494,Level 3,43,42,1,0,0,0,1
S01007494,Level 4 and above,85,83,2,0,0,1,1
S01007495,All people aged 16 and over,677,647,30,9,7,2,12
S01007495,No qualifications,227,213,14,5,5,2,2
S01007495,Level 1,165,162,3,2,0,0,1
S01007495,Level 2,91,90,1,0,0,0,1
S01007495,Level 3,52,50,2,0,0,0,2
S01007495,Level 4 and above,142,132,10,2,2,0,6
S01007496,All people aged 16 and over,882,850,32,7,4,3,18
S01007496,No qualifications,266,258,8,3,0,1,4
S01007496,Level 1,183,180,3,0,0,0,3
S01007496,Level 2,121,117,4,1,0,0,3
S01007496,Level 3,69,69,0,0,0,0,0
S01007496,Level 4 and above,243,226,17,3,4,2,8
S01007497,All people aged 16 and over,481,470,11,0,0,1,10
S01007497,No qualifications,198,194,4,0,0,0,4
S01007497,Level 1,127,126,1,0,0,0,1
S01007497,Level 2,60,59,1,0,0,0,1
S01007497,Level 3,34,33,1,0,0,1,0
S01007497,Level 4 and above,62,58,4,0,0,0,4
S01007498,All people aged 16 and over,737,721,16,0,3,0,13
S01007498,No qualifications,323,316,7,0,0,0,7
S01007498,Level 1,168,165,3,0,1,0,2
S01007498,Level 2,89,86,3,0,0,0,3
S01007498,Level 3,44,44,0,0,0,0,0
S01007498,Level 4 and above,113,110,3,0,2,0,1
S01007499,All people aged 16 and over,687,668,19,3,0,0,16
S01007499,No qualifications,255,250,5,1,0,0,4
S01007499,Level 1,183,179,4,1,0,0,3
S01007499,Level 2,82,81,1,0,0,0,1
S01007499,Level 3,54,54,0,0,0,0,0
S01007499,Level 4 and above,113,104,9,1,0,0,8
S01007500,All people aged 16 and over,516,502,14,1,2,4,7
S01007500,No qualifications,197,196,1,0,0,0,1
S01007500,Level 1,108,105,3,0,2,0,1
S01007500,Level 2,68,68,0,0,0,0,0
S01007500,Level 3,41,40,1,0,0,0,1
S01007500,Level 4 and above,102,93,9,1,0,4,4
S01007501,All people aged 16 and over,598,577,21,1,2,0,18
S01007501,No qualifications,205,202,3,0,0,0,3
S01007501,Level 1,123,120,3,0,1,0,2
S01007501,Level 2,81,77,4,0,1,0,3
S01007501,Level 3,41,39,2,0,0,0,2
S01007501,Level 4 and above,148,139,9,1,0,0,8
S01007502,All people aged 16 and over,447,438,9,0,1,1,7
S01007502,No qualifications,157,154,3,0,0,0,3
S01007502,Level 1,119,117,2,0,0,0,2
S01007502,Level 2,66,65,1,0,0,0,1
S01007502,Level 3,26,25,1,0,1,0,0
S01007502,Level 4 and above,79,77,2,0,0,1,1
S01007503,All people aged 16 and over,870,841,29,4,8,2,15
S01007503,No qualifications,328,324,4,1,0,1,2
S01007503,Level 1,209,206,3,1,0,1,1
S01007503,Level 2,104,101,3,0,0,0,3
S01007503,Level 3,67,65,2,0,0,0,2
S01007503,Level 4 and above,162,145,17,2,8,0,7
S01007504,All people aged 16 and over,588,573,15,4,0,1,10
S01007504,No qualifications,192,191,1,0,0,0,1
S01007504,Level 1,132,132,0,0,0,0,0
S01007504,Level 2,89,89,0,0,0,0,0
S01007504,Level 3,40,40,0,0,0,0,0
S01007504,Level 4 and above,135,121,14,4,0,1,9
S01007505,All people aged 16 and over,346,332,14,1,1,3,9
S01007505,No qualifications,92,88,4,1,0,0,3
S01007505,Level 1,90,89,1,0,0,0,1
S01007505,Level 2,49,49,0,0,0,0,0
S01007505,Level 3,23,21,2,0,0,1,1
S01007505,Level 4 and above,92,85,7,0,1,2,4
S01007506,All people aged 16 and over,426,412,14,1,0,1,12
S01007506,No qualifications,124,118,6,1,0,1,4
S01007506,Level 1,82,81,1,0,0,0,1
S01007506,Level 2,58,54,4,0,0,0,4
S01007506,Level 3,37,37,0,0,0,0,0
S01007506,Level 4 and above,125,122,3,0,0,0,3
S01007507,All people aged 16 and over,793,766,27,2,0,2,23
S01007507,No qualifications,324,320,4,0,0,0,4
S01007507,Level 1,179,174,5,1,0,0,4
S01007507,Level 2,89,86,3,0,0,0,3
S01007507,Level 3,35,31,4,0,0,1,3
S01007507,Level 4 and above,166,155,11,1,0,1,9
S01007508,All people aged 16 and over,604,584,20,3,3,4,10
S01007508,No qualifications,239,237,2,1,1,0,0
S01007508,Level 1,121,117,4,0,1,0,3
S01007508,Level 2,71,68,3,0,0,2,1
S01007508,Level 3,36,35,1,0,0,0,1
S01007508,Level 4 and above,137,127,10,2,1,2,5
S01007509,All people aged 16 and over,528,513,15,1,0,1,13
S01007509,No qualifications,174,171,3,0,0,0,3
S01007509,Level 1,120,117,3,0,0,0,3
S01007509,Level 2,53,51,2,0,0,0,2
S01007509,Level 3,46,45,1,0,0,0,1
S01007509,Level 4 and above,135,129,6,1,0,1,4
S01007510,All people aged 16 and over,862,829,33,1,2,0,30
S01007510,No qualifications,303,297,6,0,0,0,6
S01007510,Level 1,198,193,5,0,1,0,4
S01007510,Level 2,93,87,6,0,0,0,6
S01007510,Level 3,68,68,0,0,0,0,0
S01007510,Level 4 and above,200,184,16,1,1,0,14
S01007511,All people aged 16 and over,675,653,22,4,6,2,10
S01007511,No qualifications,308,303,5,2,0,0,3
S01007511,Level 1,163,157,6,0,4,0,2
S01007511,Level 2,68,67,1,0,0,0,1
S01007511,Level 3,37,34,3,0,1,1,1
S01007511,Level 4 and above,99,92,7,2,1,1,3
S01007512,All people aged 16 and over,449,434,15,1,0,2,12
S01007512,No qualifications,132,131,1,0,0,0,1
S01007512,Level 1,105,103,2,0,0,0,2
S01007512,Level 2,50,48,2,0,0,0,2
S01007512,Level 3,31,31,0,0,0,0,0
S01007512,Level 4 and above,131,121,10,1,0,2,7
S01007513,All people aged 16 and over,825,794,31,1,10,4,16
S01007513,No qualifications,297,286,11,1,5,0,5
S01007513,Level 1,225,220,5,0,0,0,5
S01007513,Level 2,122,122,0,0,0,0,0
S01007513,Level 3,53,48,5,0,2,3,0
S01007513,Level 4 and above,128,118,10,0,3,1,6
S01007514,All people aged 16 and over,445,393,52,14,17,9,12
S01007514,No qualifications,176,148,28,10,9,4,5
S01007514,Level 1,104,100,4,0,2,1,1
S01007514,Level 2,64,58,6,0,2,1,3
S01007514,Level 3,21,19,2,1,0,1,0
S01007514,Level 4 and above,80,68,12,3,4,2,3
S01007515,All people aged 16 and over,519,493,26,5,0,3,18
S01007515,No qualifications,136,127,9,3,0,0,6
S01007515,Level 1,112,107,5,0,0,2,3
S01007515,Level 2,79,79,0,0,0,0,0
S01007515,Level 3,25,24,1,0,0,0,1
S01007515,Level 4 and above,167,156,11,2,0,1,8
S01007516,All people aged 16 and over,475,447,28,1,9,1,17
S01007516,No qualifications,191,177,14,1,5,1,7
S01007516,Level 1,137,130,7,0,3,0,4
S01007516,Level 2,70,69,1,0,0,0,1
S01007516,Level 3,23,21,2,0,0,0,2
S01007516,Level 4 and above,54,50,4,0,1,0,3
S01007517,All people aged 16 and over,426,418,8,0,0,0,8
S01007517,No qualifications,165,162,3,0,0,0,3
S01007517,Level 1,77,76,1,0,0,0,1
S01007517,Level 2,40,40,0,0,0,0,0
S01007517,Level 3,30,30,0,0,0,0,0
S01007517,Level 4 and above,114,110,4,0,0,0,4
S01007518,All people aged 16 and over,699,684,15,3,3,2,7
S01007518,No qualifications,297,292,5,0,0,0,5
S01007518,Level 1,176,173,3,0,0,2,1
S01007518,Level 2,94,94,0,0,0,0,0
S01007518,Level 3,43,43,0,0,0,0,0
S01007518,Level 4 and above,89,82,7,3,3,0,1
S01007519,All people aged 16 and over,406,389,17,2,0,4,11
S01007519,No qualifications,113,110,3,0,0,2,1
S01007519,Level 1,86,82,4,0,0,0,4
S01007519,Level 2,48,47,1,0,0,0,1
S01007519,Level 3,33,33,0,0,0,0,0
S01007519,Level 4 and above,126,117,9,2,0,2,5
S01007520,All people aged 16 and over,810,760,50,5,11,8,26
S01007520,No qualifications,269,261,8,2,3,0,3
S01007520,Level 1,198,192,6,0,0,3,3
S01007520,Level 2,107,103,4,0,0,1,3
S01007520,Level 3,67,59,8,3,3,0,2
S01007520,Level 4 and above,169,145,24,0,5,4,15
S01007521,All people aged 16 and over,380,359,21,1,1,4,15
S01007521,No qualifications,70,70,0,0,0,0,0
S01007521,Level 1,84,78,6,0,1,1,4
S01007521,Level 2,59,56,3,0,0,0,3
S01007521,Level 3,36,35,1,0,0,0,1
S01007521,Level 4 and above,131,120,11,1,0,3,7
S01007522,All people aged 16 and over,868,815,53,2,5,6,40
S01007522,No qualifications,279,271,8,0,0,1,7
S01007522,Level 1,166,157,9,2,1,1,5
S01007522,Level 2,115,109,6,0,2,2,2
S01007522,Level 3,68,61,7,0,1,0,6
S01007522,Level 4 and above,240,217,23,0,1,2,20
S01007523,All people aged 16 and over,457,431,26,2,1,5,18
S01007523,No qualifications,116,109,7,2,0,1,4
S01007523,Level 1,101,98,3,0,1,1,1
S01007523,Level 2,71,65,6,0,0,1,5
S01007523,Level 3,32,29,3,0,0,1,2
S01007523,Level 4 and above,137,130,7,0,0,1,6
S01007524,All people aged 16 and over,818,795,23,2,5,1,15
S01007524,No qualifications,238,234,4,0,0,0,4
S01007524,Level 1,209,206,3,0,1,0,2
S01007524,Level 2,94,91,3,0,0,0,3
S01007524,Level 3,58,58,0,0,0,0,0
S01007524,Level 4 and above,219,206,13,2,4,1,6
S01007525,All people aged 16 and over,465,447,18,0,2,1,15
S01007525,No qualifications,200,193,7,0,1,0,6
S01007525,Level 1,90,85,5,0,1,1,3
S01007525,Level 2,63,60,3,0,0,0,3
S01007525,Level 3,26,26,0,0,0,0,0
S01007525,Level 4 and above,86,83,3,0,0,0,3
S01007526,All people aged 16 and over,633,582,51,0,17,9,25
S01007526,No qualifications,195,189,6,0,3,0,3
S01007526,Level 1,137,127,10,0,3,1,6
S01007526,Level 2,84,77,7,0,2,1,4
S01007526,Level 3,48,44,4,0,2,0,2
S01007526,Level 4 and above,169,145,24,0,7,7,10
S01007527,All people aged 16 and over,679,656,23,0,1,1,21
S01007527,No qualifications,213,208,5,0,0,0,5
S01007527,Level 1,156,150,6,0,0,1,5
S01007527,Level 2,97,94,3,0,1,0,2
S01007527,Level 3,48,47,1,0,0,0,1
S01007527,Level 4 and above,165,157,8,0,0,0,8
S01007528,All people aged 16 and over,633,593,40,7,11,6,16
S01007528,No qualifications,231,225,6,1,0,1,4
S01007528,Level 1,154,137,17,4,8,1,4
S01007528,Level 2,84,81,3,0,0,1,2
S01007528,Level 3,51,46,5,0,2,1,2
S01007528,Level 4 and above,113,104,9,2,1,2,4
S01007529,All people aged 16 and over,582,557,25,0,3,5,17
S01007529,No qualifications,149,147,2,0,0,0,2
S01007529,Level 1,114,108,6,0,2,1,3
S01007529,Level 2,100,99,1,0,0,0,1
S01007529,Level 3,37,34,3,0,1,0,2
S01007529,Level 4 and above,182,169,13,0,0,4,9
S01007530,All people aged 16 and over,446,421,25,4,2,7,12
S01007530,No qualifications,91,87,4,0,0,1,3
S01007530,Level 1,100,93,7,0,2,3,2
S01007530,Level 2,66,63,3,0,0,0,3
S01007530,Level 3,35,32,3,1,0,2,0
S01007530,Level 4 and above,154,146,8,3,0,1,4
S01007531,All people aged 16 and over,581,552,29,2,3,7,17
S01007531,No qualifications,164,161,3,0,0,0,3
S01007531,Level 1,117,114,3,0,0,1,2
S01007531,Level 2,77,75,2,0,1,0,1
S01007531,Level 3,45,43,2,1,0,0,1
S01007531,Level 4 and above,178,159,19,1,2,6,10
S01007532,All people aged 16 and over,480,461,19,1,5,0,13
S01007532,No qualifications,111,108,3,0,0,0,3
S01007532,Level 1,130,123,7,1,4,0,2
S01007532,Level 2,70,67,3,0,0,0,3
S01007532,Level 3,39,39,0,0,0,0,0
S01007532,Level 4 and above,130,124,6,0,1,0,5
S01007533,All people aged 16 and over,471,451,20,0,1,3,16
S01007533,No qualifications,138,136,2,0,0,0,2
S01007533,Level 1,115,111,4,0,0,0,4
S01007533,Level 2,74,72,2,0,0,0,2
S01007533,Level 3,37,33,4,0,0,1,3
S01007533,Level 4 and above,107,99,8,0,1,2,5
S01007534,All people aged 16 and over,790,772,18,1,0,4,13
S01007534,No qualifications,293,290,3,0,0,1,2
S01007534,Level 1,200,196,4,0,0,1,3
S01007534,Level 2,100,98,2,0,0,1,1
S01007534,Level 3,55,54,1,0,0,0,1
S01007534,Level 4 and above,142,134,8,1,0,1,6
S01007535,All people aged 16 and over,862,840,22,1,1,6,14
S01007535,No qualifications,259,255,4,1,0,0,3
S01007535,Level 1,204,201,3,0,0,0,3
S01007535,Level 2,130,128,2,0,0,0,2
S01007535,Level 3,63,59,4,0,0,3,1
S01007535,Level 4 and above,206,197,9,0,1,3,5
S01007536,All people aged 16 and over,783,763,20,0,1,4,15
S01007536,No qualifications,275,270,5,0,0,0,5
S01007536,Level 1,198,195,3,0,0,1,2
S01007536,Level 2,121,115,6,0,1,0,5
S01007536,Level 3,73,72,1,0,0,1,0
S01007536,Level 4 and above,116,111,5,0,0,2,3
S01007537,All people aged 16 and over,906,870,36,9,9,2,16
S01007537,No qualifications,319,304,15,4,2,1,8
S01007537,Level 1,171,167,4,2,1,0,1
S01007537,Level 2,131,127,4,0,2,1,1
S01007537,Level 3,66,63,3,0,1,0,2
S01007537,Level 4 and above,219,209,10,3,3,0,4
S01007538,All people aged 16 and over,760,739,21,0,3,3,15
S01007538,No qualifications,210,207,3,0,1,0,2
S01007538,Level 1,178,173,5,0,1,0,4
S01007538,Level 2,104,102,2,0,0,0,2
S01007538,Level 3,66,64,2,0,0,1,1
S01007538,Level 4 and above,202,193,9,0,1,2,6
S01007539,All people aged 16 and over,584,568,16,1,3,0,12
S01007539,No qualifications,170,167,3,0,0,0,3
S01007539,Level 1,114,110,4,0,1,0,3
S01007539,Level 2,74,73,1,0,1,0,0
S01007539,Level 3,52,51,1,0,0,0,1
S01007539,Level 4 and above,174,167,7,1,1,0,5
S01007540,All people aged 16 and over,722,709,13,1,2,2,8
S01007540,No qualifications,265,261,4,0,0,0,4
S01007540,Level 1,192,190,2,0,0,0,2
S01007540,Level 2,92,91,1,0,0,0,1
S01007540,Level 3,54,53,1,0,1,0,0
S01007540,Level 4 and above,119,114,5,1,1,2,1
S01007541,All people aged 16 and over,672,665,7,0,0,1,6
S01007541,No qualifications,228,228,0,0,0,0,0
S01007541,Level 1,148,146,2,0,0,0,2
S01007541,Level 2,95,95,0,0,0,0,0
S01007541,Level 3,42,42,0,0,0,0,0
S01007541,Level 4 and above,159,154,5,0,0,1,4
S01007542,All people aged 16 and over,712,687,25,3,2,3,17
S01007542,No qualifications,231,227,4,0,0,0,4
S01007542,Level 1,210,203,7,2,1,0,4
S01007542,Level 2,100,96,4,0,0,0,4
S01007542,Level 3,55,52,3,0,0,0,3
S01007542,Level 4 and above,116,109,7,1,1,3,2
S01007543,All people aged 16 and over,869,851,18,0,1,4,13
S01007543,No qualifications,308,306,2,0,0,0,2
S01007543,Level 1,260,256,4,0,1,1,2
S01007543,Level 2,115,111,4,0,0,0,4
S01007543,Level 3,62,58,4,0,0,1,3
S01007543,Level 4 and above,124,120,4,0,0,2,2
S01007544,All people aged 16 and over,930,882,48,0,4,5,39
S01007544,No qualifications,207,198,9,0,1,0,8
S01007544,Level 1,159,155,4,0,0,0,4
S01007544,Level 2,116,110,6,0,0,0,6
S01007544,Level 3,72,70,2,0,0,0,2
S01007544,Level 4 and above,376,349,27,0,3,5,19
S01007545,All people aged 16 and over,682,662,20,0,1,0,19
S01007545,No qualifications,164,163,1,0,0,0,1
S01007545,Level 1,142,140,2,0,1,0,1
S01007545,Level 2,99,97,2,0,0,0,2
S01007545,Level 3,76,76,0,0,0,0,0
S01007545,Level 4 and above,201,186,15,0,0,0,15
S01007546,All people aged 16 and over,458,448,10,0,3,0,7
S01007546,No qualifications,129,129,0,0,0,0,0
S01007546,Level 1,91,90,1,0,0,0,1
S01007546,Level 2,66,65,1,0,0,0,1
S01007546,Level 3,36,36,0,0,0,0,0
S01007546,Level 4 and above,136,128,8,0,3,0,5
S01007547,All people aged 16 and over,459,425,34,2,2,4,26
S01007547,No qualifications,116,111,5,0,2,0,3
S01007547,Level 1,93,89,4,0,0,2,2
S01007547,Level 2,64,63,1,0,0,0,1
S01007547,Level 3,43,41,2,1,0,0,1
S01007547,Level 4 and above,143,121,22,1,0,2,19
S01007548,All people aged 16 and over,578,550,28,1,3,1,23
S01007548,No qualifications,152,148,4,0,1,0,3
S01007548,Level 1,133,130,3,0,0,0,3
S01007548,Level 2,89,85,4,0,0,0,4
S01007548,Level 3,55,49,6,0,0,0,6
S01007548,Level 4 and above,149,138,11,1,2,1,7
S01007549,All people aged 16 and over,519,498,21,2,0,3,16
S01007549,No qualifications,145,140,5,0,0,0,5
S01007549,Level 1,113,110,3,1,0,0,2
S01007549,Level 2,67,65,2,0,0,0,2
S01007549,Level 3,52,51,1,0,0,1,0
S01007549,Level 4 and above,142,132,10,1,0,2,7
S01007550,All people aged 16 and over,789,761,28,2,2,5,19
S01007550,No qualifications,232,228,4,0,0,1,3
S01007550,Level 1,161,159,2,0,0,0,2
S01007550,Level 2,91,89,2,0,0,0,2
S01007550,Level 3,70,66,4,0,1,0,3
S01007550,Level 4 and above,235,219,16,2,1,4,9
S01007551,All people aged 16 and over,766,725,41,1,3,4,33
S01007551,No qualifications,180,177,3,0,0,0,3
S01007551,Level 1,156,149,7,0,2,1,4
S01007551,Level 2,94,91,3,0,0,0,3
S01007551,Level 3,59,56,3,0,0,0,3
S01007551,Level 4 and above,277,252,25,1,1,3,20
S01007552,All people aged 16 and over,737,721,16,1,1,1,13
S01007552,No qualifications,310,305,5,1,0,0,4
S01007552,Level 1,222,218,4,0,0,0,4
S01007552,Level 2,80,78,2,0,0,0,2
S01007552,Level 3,55,53,2,0,1,0,1
S01007552,Level 4 and above,70,67,3,0,0,1,2
S01007553,All people aged 16 and over,709,701,8,0,1,0,7
S01007553,No qualifications,375,371,4,0,0,0,4
S01007553,Level 1,176,175,1,0,1,0,0
S01007553,Level 2,73,70,3,0,0,0,3
S01007553,Level 3,36,36,0,0,0,0,0
S01007553,Level 4 and above,49,49,0,0,0,0,0
S01007554,All people aged 16 and over,371,367,4,0,2,0,2
S01007554,No qualifications,210,209,1,0,1,0,0
S01007554,Level 1,93,92,1,0,0,0,1
S01007554,Level 2,28,27,1,0,0,0,1
S01007554,Level 3,23,23,0,0,0,0,0
S01007554,Level 4 and above,17,16,1,0,1,0,0
S01007555,All people aged 16 and over,446,432,14,0,1,2,11
S01007555,No qualifications,141,139,2,0,0,0,2
S01007555,Level 1,110,108,2,0,0,0,2
S01007555,Level 2,54,51,3,0,1,1,1
S01007555,Level 3,34,31,3,0,0,1,2
S01007555,Level 4 and above,107,103,4,0,0,0,4
S01007556,All people aged 16 and over,439,428,11,1,0,1,9
S01007556,No qualifications,225,220,5,0,0,0,5
S01007556,Level 1,109,106,3,0,0,1,2
S01007556,Level 2,36,36,0,0,0,0,0
S01007556,Level 3,22,21,1,0,0,0,1
S01007556,Level 4 and above,47,45,2,1,0,0,1
S01007557,All people aged 16 and over,899,887,12,0,3,1,8
S01007557,No qualifications,400,395,5,0,2,0,3
S01007557,Level 1,252,250,2,0,0,0,2
S01007557,Level 2,115,114,1,0,0,0,1
S01007557,Level 3,47,47,0,0,0,0,0
S01007557,Level 4 and above,85,81,4,0,1,1,2
S01007558,All people aged 16 and over,366,355,11,0,3,0,8
S01007558,No qualifications,114,110,4,0,0,0,4
S01007558,Level 1,84,81,3,0,1,0,2
S01007558,Level 2,47,46,1,0,0,0,1
S01007558,Level 3,41,41,0,0,0,0,0
S01007558,Level 4 and above,80,77,3,0,2,0,1
S01007559,All people aged 16 and over,591,568,23,2,0,3,18
S01007559,No qualifications,116,115,1,0,0,0,1
S01007559,Level 1,158,152,6,0,0,2,4
S01007559,Level 2,84,80,4,0,0,0,4
S01007559,Level 3,46,45,1,0,0,0,1
S01007559,Level 4 and above,187,176,11,2,0,1,8
S01007560,All people aged 16 and over,796,769,27,0,3,5,19
S01007560,No qualifications,296,290,6,0,0,1,5
S01007560,Level 1,169,166,3,0,1,0,2
S01007560,Level 2,90,90,0,0,0,0,0
S01007560,Level 3,51,49,2,0,0,1,1
S01007560,Level 4 and above,190,174,16,0,2,3,11
S01007561,All people aged 16 and over,640,618,22,0,3,1,18
S01007561,No qualifications,250,246,4,0,0,0,4
S01007561,Level 1,143,138,5,0,1,0,4
S01007561,Level 2,82,81,1,0,0,0,1
S01007561,Level 3,36,36,0,0,0,0,0
S01007561,Level 4 and above,129,117,12,0,2,1,9
S01007562,All people aged 16 and over,688,666,22,0,1,4,17
S01007562,No qualifications,160,158,2,0,0,0,2
S01007562,Level 1,180,176,4,0,1,1,2
S01007562,Level 2,110,106,4,0,0,0,4
S01007562,Level 3,48,47,1,0,0,1,0
S01007562,Level 4 and above,190,179,11,0,0,2,9
S01007563,All people aged 16 and over,729,690,39,6,0,3,30
S01007563,No qualifications,193,187,6,1,0,1,4
S01007563,Level 1,158,149,9,0,0,0,9
S01007563,Level 2,89,87,2,1,0,0,1
S01007563,Level 3,47,45,2,0,0,1,1
S01007563,Level 4 and above,242,222,20,4,0,1,15
S01007564,All people aged 16 and over,652,632,20,1,1,3,15
S01007564,No qualifications,177,173,4,0,0,0,4
S01007564,Level 1,136,131,5,1,0,1,3
S01007564,Level 2,81,79,2,0,0,1,1
S01007564,Level 3,62,62,0,0,0,0,0
S01007564,Level 4 and above,196,187,9,0,1,1,7
S01007565,All people aged 16 and over,794,771,23,0,1,2,20
S01007565,No qualifications,210,205,5,0,1,0,4
S01007565,Level 1,215,210,5,0,0,1,4
S01007565,Level 2,110,108,2,0,0,0,2
S01007565,Level 3,59,56,3,0,0,0,3
S01007565,Level 4 and above,200,192,8,0,0,1,7
S01007566,All people aged 16 and over,603,581,22,1,3,4,14
S01007566,No qualifications,162,155,7,0,3,3,1
S01007566,Level 1,158,155,3,0,0,1,2
S01007566,Level 2,88,86,2,0,0,0,2
S01007566,Level 3,56,56,0,0,0,0,0
S01007566,Level 4 and above,139,129,10,1,0,0,9
S01007567,All people aged 16 and over,483,474,9,0,2,4,3
S01007567,No qualifications,112,112,0,0,0,0,0
S01007567,Level 1,106,103,3,0,0,2,1
S01007567,Level 2,81,80,1,0,0,0,1
S01007567,Level 3,38,38,0,0,0,0,0
S01007567,Level 4 and above,146,141,5,0,2,2,1
S01007568,All people aged 16 and over,550,518,32,1,4,4,23
S01007568,No qualifications,126,123,3,0,0,0,3
S01007568,Level 1,122,119,3,0,1,1,1
S01007568,Level 2,74,68,6,0,0,2,4
S01007568,Level 3,52,48,4,0,1,1,2
S01007568,Level 4 and above,176,160,16,1,2,0,13
S01007569,All people aged 16 and over,698,666,32,1,5,11,15
S01007569,No qualifications,256,252,4,0,0,3,1
S01007569,Level 1,176,167,9,0,1,1,7
S01007569,Level 2,76,73,3,0,1,0,2
S01007569,Level 3,44,40,4,0,0,1,3
S01007569,Level 4 and above,146,134,12,1,3,6,2
S01007570,All people aged 16 and over,567,548,19,1,1,1,16
S01007570,No qualifications,133,126,7,1,1,1,4
S01007570,Level 1,142,139,3,0,0,0,3
S01007570,Level 2,76,75,1,0,0,0,1
S01007570,Level 3,41,39,2,0,0,0,2
S01007570,Level 4 and above,175,169,6,0,0,0,6
S01007571,All people aged 16 and over,465,448,17,1,0,1,15
S01007571,No qualifications,97,96,1,0,0,0,1
S01007571,Level 1,101,98,3,0,0,0,3
S01007571,Level 2,65,63,2,0,0,0,2
S01007571,Level 3,42,42,0,0,0,0,0
S01007571,Level 4 and above,160,149,11,1,0,1,9
S01007572,All people aged 16 and over,788,768,20,4,2,3,11
S01007572,No qualifications,285,279,6,0,0,0,6
S01007572,Level 1,199,195,4,1,0,2,1
S01007572,Level 2,117,115,2,0,2,0,0
S01007572,Level 3,46,46,0,0,0,0,0
S01007572,Level 4 and above,141,133,8,3,0,1,4
S01007573,All people aged 16 and over,646,611,35,0,8,10,17
S01007573,No qualifications,76,70,6,0,0,0,6
S01007573,Level 1,176,167,9,0,2,3,4
S01007573,Level 2,114,113,1,0,0,0,1
S01007573,Level 3,78,75,3,0,0,0,3
S01007573,Level 4 and above,202,186,16,0,6,7,3
S01007574,All people aged 16 and over,820,805,15,1,0,1,13
S01007574,No qualifications,346,340,6,1,0,0,5
S01007574,Level 1,243,238,5,0,0,1,4
S01007574,Level 2,96,94,2,0,0,0,2
S01007574,Level 3,66,65,1,0,0,0,1
S01007574,Level 4 and above,69,68,1,0,0,0,1
S01007575,All people aged 16 and over,704,681,23,2,3,5,13
S01007575,No qualifications,346,343,3,0,0,0,3
S01007575,Level 1,185,180,5,1,1,1,2
S01007575,Level 2,70,66,4,1,0,0,3
S01007575,Level 3,51,48,3,0,0,1,2
S01007575,Level 4 and above,52,44,8,0,2,3,3
S01007576,All people aged 16 and over,542,521,21,0,0,5,16
S01007576,No qualifications,246,240,6,0,0,1,5
S01007576,Level 1,173,170,3,0,0,1,2
S01007576,Level 2,45,44,1,0,0,1,0
S01007576,Level 3,43,35,8,0,0,1,7
S01007576,Level 4 and above,35,32,3,0,0,1,2
S01007577,All people aged 16 and over,527,512,15,1,2,1,11
S01007577,No qualifications,220,215,5,0,0,0,5
S01007577,Level 1,177,172,5,1,1,0,3
S01007577,Level 2,64,62,2,0,0,1,1
S01007577,Level 3,33,32,1,0,0,0,1
S01007577,Level 4 and above,33,31,2,0,1,0,1
S01007578,All people aged 16 and over,540,515,25,2,6,4,13
S01007578,No qualifications,244,233,11,2,1,4,4
S01007578,Level 1,169,165,4,0,1,0,3
S01007578,Level 2,59,57,2,0,0,0,2
S01007578,Level 3,37,37,0,0,0,0,0
S01007578,Level 4 and above,31,23,8,0,4,0,4
S01007579,All people aged 16 and over,495,476,19,0,0,3,16
S01007579,No qualifications,170,165,5,0,0,0,5
S01007579,Level 1,159,152,7,0,0,1,6
S01007579,Level 2,58,57,1,0,0,0,1
S01007579,Level 3,44,44,0,0,0,0,0
S01007579,Level 4 and above,64,58,6,0,0,2,4
S01007580,All people aged 16 and over,638,600,38,1,2,18,17
S01007580,No qualifications,261,243,18,0,0,8,10
S01007580,Level 1,232,223,9,0,2,3,4
S01007580,Level 2,56,54,2,0,0,2,0
S01007580,Level 3,45,41,4,0,0,2,2
S01007580,Level 4 and above,44,39,5,1,0,3,1
S01007581,All people aged 16 and over,392,384,8,0,2,0,6
S01007581,No qualifications,164,162,2,0,2,0,0
S01007581,Level 1,136,131,5,0,0,0,5
S01007581,Level 2,48,47,1,0,0,0,1
S01007581,Level 3,16,16,0,0,0,0,0
S01007581,Level 4 and above,28,28,0,0,0,0,0
S01007582,All people aged 16 and over,533,516,17,1,2,1,13
S01007582,No qualifications,214,210,4,0,0,0,4
S01007582,Level 1,172,162,10,0,2,1,7
S01007582,Level 2,63,62,1,1,0,0,0
S01007582,Level 3,37,37,0,0,0,0,0
S01007582,Level 4 and above,47,45,2,0,0,0,2
S01007583,All people aged 16 and over,833,801,32,2,9,6,15
S01007583,No qualifications,334,330,4,0,1,0,3
S01007583,Level 1,271,263,8,1,2,1,4
S01007583,Level 2,80,80,0,0,0,0,0
S01007583,Level 3,62,59,3,0,1,0,2
S01007583,Level 4 and above,86,69,17,1,5,5,6
S01007584,All people aged 16 and over,493,455,38,6,14,9,9
S01007584,No qualifications,189,183,6,2,1,0,3
S01007584,Level 1,155,152,3,0,2,1,0
S01007584,Level 2,56,49,7,0,5,0,2
S01007584,Level 3,36,29,7,0,1,3,3
S01007584,Level 4 and above,57,42,15,4,5,5,1
S01007585,All people aged 16 and over,811,775,36,5,2,5,24
S01007585,No qualifications,291,282,9,0,1,0,8
S01007585,Level 1,172,167,5,0,0,1,4
S01007585,Level 2,112,107,5,1,0,1,3
S01007585,Level 3,63,59,4,0,0,1,3
S01007585,Level 4 and above,173,160,13,4,1,2,6
S01007586,All people aged 16 and over,670,643,27,1,6,4,16
S01007586,No qualifications,217,211,6,0,1,0,5
S01007586,Level 1,219,209,10,0,2,0,8
S01007586,Level 2,97,94,3,0,0,0,3
S01007586,Level 3,51,48,3,1,1,1,0
S01007586,Level 4 and above,86,81,5,0,2,3,0
S01007587,All people aged 16 and over,732,694,38,9,3,4,22
S01007587,No qualifications,238,228,10,1,0,2,7
S01007587,Level 1,140,135,5,1,0,0,4
S01007587,Level 2,96,95,1,0,0,0,1
S01007587,Level 3,55,51,4,1,1,1,1
S01007587,Level 4 and above,203,185,18,6,2,1,9
S01007588,All people aged 16 and over,711,677,34,2,4,5,23
S01007588,No qualifications,140,134,6,0,0,1,5
S01007588,Level 1,140,136,4,0,1,0,3
S01007588,Level 2,101,100,1,0,1,0,0
S01007588,Level 3,53,52,1,0,0,1,0
S01007588,Level 4 and above,277,255,22,2,2,3,15
S01007589,All people aged 16 and over,679,621,58,7,20,7,24
S01007589,No qualifications,155,144,11,3,4,3,1
S01007589,Level 1,122,118,4,0,0,1,3
S01007589,Level 2,96,90,6,0,2,0,4
S01007589,Level 3,71,61,10,1,7,1,1
S01007589,Level 4 and above,235,208,27,3,7,2,15
S01007590,All people aged 16 and over,539,513,26,2,6,2,16
S01007590,No qualifications,106,105,1,0,0,0,1
S01007590,Level 1,92,88,4,0,1,0,3
S01007590,Level 2,85,84,1,0,0,0,1
S01007590,Level 3,48,48,0,0,0,0,0
S01007590,Level 4 and above,208,188,20,2,5,2,11
S01007591,All people aged 16 and over,490,451,39,6,15,10,8
S01007591,No qualifications,135,128,7,0,3,2,2
S01007591,Level 1,114,105,9,3,4,2,0
S01007591,Level 2,76,73,3,0,1,0,2
S01007591,Level 3,37,36,1,0,0,1,0
S01007591,Level 4 and above,128,109,19,3,7,5,4
S01007592,All people aged 16 and over,580,542,38,8,7,9,14
S01007592,No qualifications,197,194,3,3,0,0,0
S01007592,Level 1,150,139,11,0,4,3,4
S01007592,Level 2,87,82,5,0,2,0,3
S01007592,Level 3,41,39,2,0,0,1,1
S01007592,Level 4 and above,105,88,17,5,1,5,6
S01007593,All people aged 16 and over,922,858,64,10,11,12,31
S01007593,No qualifications,312,300,12,1,0,3,8
S01007593,Level 1,196,186,10,1,2,1,6
S01007593,Level 2,115,111,4,0,1,0,3
S01007593,Level 3,71,61,10,1,3,1,5
S01007593,Level 4 and above,228,200,28,7,5,7,9
S01007594,All people aged 16 and over,712,687,25,0,3,4,18
S01007594,No qualifications,246,243,3,0,0,0,3
S01007594,Level 1,165,155,10,0,1,2,7
S01007594,Level 2,92,91,1,0,0,0,1
S01007594,Level 3,56,56,0,0,0,0,0
S01007594,Level 4 and above,153,142,11,0,2,2,7
S01007595,All people aged 16 and over,901,836,65,15,6,11,33
S01007595,No qualifications,247,241,6,0,3,0,3
S01007595,Level 1,214,202,12,4,2,0,6
S01007595,Level 2,121,114,7,2,0,2,3
S01007595,Level 3,73,68,5,0,0,1,4
S01007595,Level 4 and above,246,211,35,9,1,8,17
S01007596,All people aged 16 and over,483,457,26,1,2,8,15
S01007596,No qualifications,156,152,4,0,0,1,3
S01007596,Level 1,113,108,5,0,1,1,3
S01007596,Level 2,60,58,2,0,0,0,2
S01007596,Level 3,27,26,1,0,0,0,1
S01007596,Level 4 and above,127,113,14,1,1,6,6
S01007597,All people aged 16 and over,529,513,16,0,2,2,12
S01007597,No qualifications,115,113,2,0,2,0,0
S01007597,Level 1,120,119,1,0,0,0,1
S01007597,Level 2,81,80,1,0,0,0,1
S01007597,Level 3,40,40,0,0,0,0,0
S01007597,Level 4 and above,173,161,12,0,0,2,10
S01007598,All people aged 16 and over,551,532,19,9,1,0,9
S01007598,No qualifications,140,139,1,0,1,0,0
S01007598,Level 1,137,134,3,1,0,0,2
S01007598,Level 2,78,78,0,0,0,0,0
S01007598,Level 3,40,37,3,1,0,0,2
S01007598,Level 4 and above,156,144,12,7,0,0,5
S01007599,All people aged 16 and over,697,645,52,13,11,10,18
S01007599,No qualifications,198,194,4,0,1,0,3
S01007599,Level 1,135,129,6,1,0,1,4
S01007599,Level 2,110,105,5,1,0,0,4
S01007599,Level 3,53,50,3,1,2,0,0
S01007599,Level 4 and above,201,167,34,10,8,9,7
S01007600,All people aged 16 and over,952,872,80,9,16,18,37
S01007600,No qualifications,243,222,21,1,0,2,18
S01007600,Level 1,168,163,5,1,2,1,1
S01007600,Level 2,119,117,2,1,0,0,1
S01007600,Level 3,71,68,3,0,1,0,2
S01007600,Level 4 and above,351,302,49,6,13,15,15
S01007601,All people aged 16 and over,526,507,19,0,5,5,9
S01007601,No qualifications,83,78,5,0,1,0,4
S01007601,Level 1,145,139,6,0,3,0,3
S01007601,Level 2,85,84,1,0,0,0,1
S01007601,Level 3,65,63,2,0,1,1,0
S01007601,Level 4 and above,148,143,5,0,0,4,1
S01007602,All people aged 16 and over,528,510,18,2,1,1,14
S01007602,No qualifications,102,99,3,0,0,1,2
S01007602,Level 1,140,136,4,1,0,0,3
S01007602,Level 2,84,84,0,0,0,0,0
S01007602,Level 3,51,51,0,0,0,0,0
S01007602,Level 4 and above,151,140,11,1,1,0,9
S01007603,All people aged 16 and over,646,628,18,0,1,3,14
S01007603,No qualifications,102,96,6,0,0,0,6
S01007603,Level 1,124,122,2,0,0,1,1
S01007603,Level 2,136,136,0,0,0,0,0
S01007603,Level 3,73,73,0,0,0,0,0
S01007603,Level 4 and above,211,201,10,0,1,2,7
S01007604,All people aged 16 and over,760,737,23,2,1,4,16
S01007604,No qualifications,174,166,8,0,0,1,7
S01007604,Level 1,171,168,3,0,0,1,2
S01007604,Level 2,124,123,1,0,0,0,1
S01007604,Level 3,78,75,3,1,0,0,2
S01007604,Level 4 and above,213,205,8,1,1,2,4
S01007605,All people aged 16 and over,713,694,19,1,2,4,12
S01007605,No qualifications,161,158,3,1,0,0,2
S01007605,Level 1,166,164,2,0,1,0,1
S01007605,Level 2,126,124,2,0,0,0,2
S01007605,Level 3,74,72,2,0,1,0,1
S01007605,Level 4 and above,186,176,10,0,0,4,6
S01007606,All people aged 16 and over,522,493,29,0,4,4,21
S01007606,No qualifications,117,109,8,0,0,1,7
S01007606,Level 1,127,123,4,0,0,1,3
S01007606,Level 2,75,75,0,0,0,0,0
S01007606,Level 3,44,42,2,0,1,0,1
S01007606,Level 4 and above,159,144,15,0,3,2,10
S01007607,All people aged 16 and over,590,571,19,3,4,3,9
S01007607,No qualifications,131,127,4,1,1,1,1
S01007607,Level 1,141,136,5,0,2,0,3
S01007607,Level 2,102,101,1,0,0,0,1
S01007607,Level 3,57,54,3,0,1,1,1
S01007607,Level 4 and above,159,153,6,2,0,1,3
S01007608,All people aged 16 and over,640,618,22,0,3,3,16
S01007608,No qualifications,133,129,4,0,0,1,3
S01007608,Level 1,166,161,5,0,1,0,4
S01007608,Level 2,91,88,3,0,1,0,2
S01007608,Level 3,61,57,4,0,1,0,3
S01007608,Level 4 and above,189,183,6,0,0,2,4
S01007609,All people aged 16 and over,738,702,36,2,4,6,24
S01007609,No qualifications,255,245,10,0,0,1,9
S01007609,Level 1,203,194,9,0,1,3,5
S01007609,Level 2,95,89,6,1,1,1,3
S01007609,Level 3,67,65,2,0,0,1,1
S01007609,Level 4 and above,118,109,9,1,2,0,6
S01007610,All people aged 16 and over,450,434,16,2,2,2,10
S01007610,No qualifications,181,176,5,0,1,0,4
S01007610,Level 1,102,102,0,0,0,0,0
S01007610,Level 2,54,52,2,0,0,0,2
S01007610,Level 3,32,30,2,1,0,0,1
S01007610,Level 4 and above,81,74,7,1,1,2,3
S01007611,All people aged 16 and over,795,749,46,6,14,10,16
S01007611,No qualifications,272,266,6,1,2,0,3
S01007611,Level 1,173,167,6,0,2,3,1
S01007611,Level 2,109,105,4,0,0,2,2
S01007611,Level 3,66,64,2,0,2,0,0
S01007611,Level 4 and above,175,147,28,5,8,5,10
S01007612,All people aged 16 and over,938,843,95,15,22,22,36
S01007612,No qualifications,279,261,18,1,1,2,14
S01007612,Level 1,230,205,25,3,9,5,8
S01007612,Level 2,161,157,4,1,1,1,1
S01007612,Level 3,89,73,16,3,7,3,3
S01007612,Level 4 and above,179,147,32,7,4,11,10
S01007613,All people aged 16 and over,662,636,26,3,3,6,14
S01007613,No qualifications,125,124,1,0,0,0,1
S01007613,Level 1,139,137,2,1,0,0,1
S01007613,Level 2,100,97,3,0,0,1,2
S01007613,Level 3,55,52,3,0,1,1,1
S01007613,Level 4 and above,243,226,17,2,2,4,9
S01007614,All people aged 16 and over,695,667,28,0,3,2,23
S01007614,No qualifications,99,95,4,0,0,0,4
S01007614,Level 1,145,141,4,0,0,0,4
S01007614,Level 2,95,92,3,0,0,0,3
S01007614,Level 3,56,55,1,0,0,0,1
S01007614,Level 4 and above,300,284,16,0,3,2,11
S01007615,All people aged 16 and over,881,830,51,10,5,9,27
S01007615,No qualifications,221,207,14,2,1,3,8
S01007615,Level 1,193,183,10,5,1,0,4
S01007615,Level 2,117,115,2,2,0,0,0
S01007615,Level 3,89,87,2,0,0,0,2
S01007615,Level 4 and above,261,238,23,1,3,6,13
S01007616,All people aged 16 and over,610,584,26,6,3,3,14
S01007616,No qualifications,183,174,9,3,1,1,4
S01007616,Level 1,155,152,3,1,0,0,2
S01007616,Level 2,87,87,0,0,0,0,0
S01007616,Level 3,70,66,4,0,0,0,4
S01007616,Level 4 and above,115,105,10,2,2,2,4
S01007617,All people aged 16 and over,441,428,13,0,3,3,7
S01007617,No qualifications,192,190,2,0,0,1,1
S01007617,Level 1,110,107,3,0,1,0,2
S01007617,Level 2,49,48,1,0,1,0,0
S01007617,Level 3,31,29,2,0,0,1,1
S01007617,Level 4 and above,59,54,5,0,1,1,3
S01007618,All people aged 16 and over,517,511,6,0,0,0,6
S01007618,No qualifications,250,245,5,0,0,0,5
S01007618,Level 1,142,142,0,0,0,0,0
S01007618,Level 2,41,41,0,0,0,0,0
S01007618,Level 3,38,38,0,0,0,0,0
S01007618,Level 4 and above,46,45,1,0,0,0,1
S01007619,All people aged 16 and over,518,504,14,0,2,1,11
S01007619,No qualifications,246,243,3,0,0,0,3
S01007619,Level 1,131,129,2,0,0,0,2
S01007619,Level 2,46,44,2,0,0,0,2
S01007619,Level 3,41,37,4,0,2,1,1
S01007619,Level 4 and above,54,51,3,0,0,0,3
S01007620,All people aged 16 and over,507,494,13,1,1,2,9
S01007620,No qualifications,152,149,3,1,0,0,2
S01007620,Level 1,145,141,4,0,0,1,3
S01007620,Level 2,54,52,2,0,0,1,1
S01007620,Level 3,50,48,2,0,1,0,1
S01007620,Level 4 and above,106,104,2,0,0,0,2
S01007621,All people aged 16 and over,558,546,12,1,0,1,10
S01007621,No qualifications,189,185,4,0,0,0,4
S01007621,Level 1,138,134,4,0,0,0,4
S01007621,Level 2,81,81,0,0,0,0,0
S01007621,Level 3,49,47,2,0,0,1,1
S01007621,Level 4 and above,101,99,2,1,0,0,1
S01007622,All people aged 16 and over,471,460,11,1,2,1,7
S01007622,No qualifications,177,175,2,0,0,0,2
S01007622,Level 1,109,109,0,0,0,0,0
S01007622,Level 2,64,62,2,0,0,0,2
S01007622,Level 3,48,45,3,1,0,0,2
S01007622,Level 4 and above,73,69,4,0,2,1,1
S01007623,All people aged 16 and over,510,480,30,2,0,6,22
S01007623,No qualifications,120,115,5,1,0,1,3
S01007623,Level 1,131,122,9,1,0,2,6
S01007623,Level 2,79,77,2,0,0,1,1
S01007623,Level 3,41,37,4,0,0,1,3
S01007623,Level 4 and above,139,129,10,0,0,1,9
S01007624,All people aged 16 and over,539,522,17,3,1,1,12
S01007624,No qualifications,145,139,6,0,1,0,5
S01007624,Level 1,141,136,5,1,0,0,4
S01007624,Level 2,88,88,0,0,0,0,0
S01007624,Level 3,56,55,1,0,0,0,1
S01007624,Level 4 and above,109,104,5,2,0,1,2
S01007625,All people aged 16 and over,431,417,14,0,0,0,14
S01007625,No qualifications,131,126,5,0,0,0,5
S01007625,Level 1,114,113,1,0,0,0,1
S01007625,Level 2,73,70,3,0,0,0,3
S01007625,Level 3,36,35,1,0,0,0,1
S01007625,Level 4 and above,77,73,4,0,0,0,4
S01007626,All people aged 16 and over,501,482,19,1,3,4,11
S01007626,No qualifications,105,98,7,1,1,1,4
S01007626,Level 1,140,138,2,0,0,1,1
S01007626,Level 2,89,88,1,0,0,0,1
S01007626,Level 3,54,52,2,0,0,0,2
S01007626,Level 4 and above,113,106,7,0,2,2,3
S01007627,All people aged 16 and over,445,414,31,5,6,6,14
S01007627,No qualifications,102,94,8,1,1,2,4
S01007627,Level 1,105,102,3,0,1,1,1
S01007627,Level 2,62,62,0,0,0,0,0
S01007627,Level 3,38,37,1,0,0,0,1
S01007627,Level 4 and above,138,119,19,4,4,3,8
S01007628,All people aged 16 and over,605,586,19,0,6,1,12
S01007628,No qualifications,171,169,2,0,0,0,2
S01007628,Level 1,112,109,3,0,1,0,2
S01007628,Level 2,92,92,0,0,0,0,0
S01007628,Level 3,62,60,2,0,0,0,2
S01007628,Level 4 and above,168,156,12,0,5,1,6
S01007629,All people aged 16 and over,578,568,10,1,1,1,7
S01007629,No qualifications,166,163,3,0,0,0,3
S01007629,Level 1,146,145,1,0,0,0,1
S01007629,Level 2,74,74,0,0,0,0,0
S01007629,Level 3,50,50,0,0,0,0,0
S01007629,Level 4 and above,142,136,6,1,1,1,3
S01007630,All people aged 16 and over,696,676,20,3,2,0,15
S01007630,No qualifications,164,161,3,1,1,0,1
S01007630,Level 1,163,158,5,2,0,0,3
S01007630,Level 2,126,124,2,0,1,0,1
S01007630,Level 3,63,62,1,0,0,0,1
S01007630,Level 4 and above,180,171,9,0,0,0,9
S01007631,All people aged 16 and over,518,497,21,3,3,1,14
S01007631,No qualifications,118,113,5,2,0,0,3
S01007631,Level 1,114,109,5,0,1,0,4
S01007631,Level 2,72,71,1,0,0,0,1
S01007631,Level 3,48,45,3,1,0,1,1
S01007631,Level 4 and above,166,159,7,0,2,0,5
S01007632,All people aged 16 and over,803,778,25,3,5,0,17
S01007632,No qualifications,247,242,5,0,1,0,4
S01007632,Level 1,201,192,9,1,3,0,5
S01007632,Level 2,116,115,1,0,0,0,1
S01007632,Level 3,67,63,4,2,0,0,2
S01007632,Level 4 and above,172,166,6,0,1,0,5
S01007633,All people aged 16 and over,822,792,30,1,3,4,22
S01007633,No qualifications,276,266,10,0,2,0,8
S01007633,Level 1,201,197,4,0,0,1,3
S01007633,Level 2,115,113,2,0,0,0,2
S01007633,Level 3,59,59,0,0,0,0,0
S01007633,Level 4 and above,171,157,14,1,1,3,9
S01007634,All people aged 16 and over,485,476,9,1,1,2,5
S01007634,No qualifications,151,147,4,0,1,2,1
S01007634,Level 1,122,121,1,0,0,0,1
S01007634,Level 2,63,61,2,0,0,0,2
S01007634,Level 3,39,39,0,0,0,0,0
S01007634,Level 4 and above,110,108,2,1,0,0,1
S01007635,All people aged 16 and over,649,638,11,0,1,2,8
S01007635,No qualifications,217,214,3,0,0,0,3
S01007635,Level 1,124,121,3,0,1,0,2
S01007635,Level 2,91,89,2,0,0,1,1
S01007635,Level 3,47,47,0,0,0,0,0
S01007635,Level 4 and above,170,167,3,0,0,1,2
S01007636,All people aged 16 and over,743,722,21,1,3,6,11
S01007636,No qualifications,278,274,4,1,1,1,1
S01007636,Level 1,181,177,4,0,0,1,3
S01007636,Level 2,104,104,0,0,0,0,0
S01007636,Level 3,47,41,6,0,1,2,3
S01007636,Level 4 and above,133,126,7,0,1,2,4
S01007637,All people aged 16 and over,703,690,13,0,1,3,9
S01007637,No qualifications,299,296,3,0,0,0,3
S01007637,Level 1,186,183,3,0,1,0,2
S01007637,Level 2,85,85,0,0,0,0,0
S01007637,Level 3,40,39,1,0,0,0,1
S01007637,Level 4 and above,93,87,6,0,0,3,3
S01007638,All people aged 16 and over,653,623,30,2,2,8,18
S01007638,No qualifications,222,215,7,1,0,1,5
S01007638,Level 1,161,158,3,0,0,0,3
S01007638,Level 2,89,87,2,0,0,0,2
S01007638,Level 3,48,42,6,0,2,3,1
S01007638,Level 4 and above,133,121,12,1,0,4,7
S01007639,All people aged 16 and over,846,824,22,1,3,5,13
S01007639,No qualifications,288,283,5,0,0,3,2
S01007639,Level 1,263,258,5,1,0,2,2
S01007639,Level 2,109,108,1,0,0,0,1
S01007639,Level 3,65,61,4,0,2,0,2
S01007639,Level 4 and above,121,114,7,0,1,0,6
S01007640,All people aged 16 and over,600,582,18,0,1,3,14
S01007640,No qualifications,175,172,3,0,0,0,3
S01007640,Level 1,138,138,0,0,0,0,0
S01007640,Level 2,80,78,2,0,0,1,1
S01007640,Level 3,52,52,0,0,0,0,0
S01007640,Level 4 and above,155,142,13,0,1,2,10
S01007641,All people aged 16 and over,679,649,30,3,2,1,24
S01007641,No qualifications,202,199,3,0,1,0,2
S01007641,Level 1,149,141,8,1,0,0,7
S01007641,Level 2,91,89,2,0,0,0,2
S01007641,Level 3,44,40,4,0,0,0,4
S01007641,Level 4 and above,193,180,13,2,1,1,9
S01007642,All people aged 16 and over,718,667,51,7,10,9,25
S01007642,No qualifications,200,188,12,2,4,1,5
S01007642,Level 1,151,140,11,2,2,3,4
S01007642,Level 2,102,98,4,1,1,1,1
S01007642,Level 3,44,40,4,0,0,1,3
S01007642,Level 4 and above,221,201,20,2,3,3,12
S01007643,All people aged 16 and over,761,736,25,3,0,4,18
S01007643,No qualifications,217,210,7,1,0,1,5
S01007643,Level 1,174,172,2,0,0,1,1
S01007643,Level 2,108,108,0,0,0,0,0
S01007643,Level 3,59,56,3,0,0,2,1
S01007643,Level 4 and above,203,190,13,2,0,0,11
S01007644,All people aged 16 and over,698,676,22,2,6,2,12
S01007644,No qualifications,199,196,3,2,0,0,1
S01007644,Level 1,185,181,4,0,3,0,1
S01007644,Level 2,77,76,1,0,0,0,1
S01007644,Level 3,50,47,3,0,2,0,1
S01007644,Level 4 and above,187,176,11,0,1,2,8
S01007645,All people aged 16 and over,449,432,17,3,0,1,13
S01007645,No qualifications,122,118,4,0,0,1,3
S01007645,Level 1,116,113,3,0,0,0,3
S01007645,Level 2,42,42,0,0,0,0,0
S01007645,Level 3,36,36,0,0,0,0,0
S01007645,Level 4 and above,133,123,10,3,0,0,7
S01007646,All people aged 16 and over,534,496,38,3,4,5,26
S01007646,No qualifications,133,127,6,0,0,2,4
S01007646,Level 1,117,111,6,0,1,0,5
S01007646,Level 2,96,88,8,2,0,0,6
S01007646,Level 3,42,38,4,0,0,0,4
S01007646,Level 4 and above,146,132,14,1,3,3,7
S01007647,All people aged 16 and over,620,598,22,2,0,0,20
S01007647,No qualifications,185,182,3,1,0,0,2
S01007647,Level 1,148,146,2,0,0,0,2
S01007647,Level 2,82,81,1,0,0,0,1
S01007647,Level 3,39,36,3,1,0,0,2
S01007647,Level 4 and above,166,153,13,0,0,0,13
S01007648,All people aged 16 and over,743,721,22,1,0,8,13
S01007648,No qualifications,253,249,4,0,0,1,3
S01007648,Level 1,193,191,2,0,0,0,2
S01007648,Level 2,94,93,1,0,0,1,0
S01007648,Level 3,55,53,2,0,0,2,0
S01007648,Level 4 and above,148,135,13,1,0,4,8
S01007649,All people aged 16 and over,620,607,13,1,1,3,8
S01007649,No qualifications,270,268,2,1,0,0,1
S01007649,Level 1,150,147,3,0,0,1,2
S01007649,Level 2,78,77,1,0,1,0,0
S01007649,Level 3,35,33,2,0,0,1,1
S01007649,Level 4 and above,87,82,5,0,0,1,4
S01007650,All people aged 16 and over,827,799,28,0,1,8,19
S01007650,No qualifications,297,293,4,0,0,0,4
S01007650,Level 1,204,201,3,0,0,0,3
S01007650,Level 2,102,98,4,0,0,2,2
S01007650,Level 3,42,42,0,0,0,0,0
S01007650,Level 4 and above,182,165,17,0,1,6,10
S01007651,All people aged 16 and over,475,461,14,0,1,0,13
S01007651,No qualifications,159,156,3,0,0,0,3
S01007651,Level 1,126,124,2,0,0,0,2
S01007651,Level 2,59,57,2,0,0,0,2
S01007651,Level 3,31,28,3,0,1,0,2
S01007651,Level 4 and above,100,96,4,0,0,0,4
S01007652,All people aged 16 and over,503,492,11,1,2,0,8
S01007652,No qualifications,212,210,2,1,0,0,1
S01007652,Level 1,127,123,4,0,2,0,2
S01007652,Level 2,53,52,1,0,0,0,1
S01007652,Level 3,35,34,1,0,0,0,1
S01007652,Level 4 and above,76,73,3,0,0,0,3
S01007653,All people aged 16 and over,758,745,13,0,2,5,6
S01007653,No qualifications,252,252,0,0,0,0,0
S01007653,Level 1,197,196,1,0,0,0,1
S01007653,Level 2,108,108,0,0,0,0,0
S01007653,Level 3,55,55,0,0,0,0,0
S01007653,Level 4 and above,146,134,12,0,2,5,5
S01007654,All people aged 16 and over,907,881,26,2,4,4,16
S01007654,No qualifications,355,349,6,0,0,0,6
S01007654,Level 1,253,245,8,1,3,0,4
S01007654,Level 2,116,114,2,0,0,1,1
S01007654,Level 3,52,51,1,0,0,1,0
S01007654,Level 4 and above,131,122,9,1,1,2,5
S01007655,All people aged 16 and over,663,629,34,6,3,2,23
S01007655,No qualifications,213,209,4,0,1,0,3
S01007655,Level 1,152,145,7,5,0,1,1
S01007655,Level 2,81,77,4,1,1,0,2
S01007655,Level 3,59,58,1,0,0,1,0
S01007655,Level 4 and above,158,140,18,0,1,0,17
S01007656,All people aged 16 and over,716,694,22,2,3,1,16
S01007656,No qualifications,225,221,4,0,1,0,3
S01007656,Level 1,183,181,2,0,0,0,2
S01007656,Level 2,96,95,1,0,0,0,1
S01007656,Level 3,59,54,5,0,0,0,5
S01007656,Level 4 and above,153,143,10,2,2,1,5
S01007657,All people aged 16 and over,360,350,10,0,1,1,8
S01007657,No qualifications,100,99,1,0,1,0,0
S01007657,Level 1,83,81,2,0,0,1,1
S01007657,Level 2,57,57,0,0,0,0,0
S01007657,Level 3,36,36,0,0,0,0,0
S01007657,Level 4 and above,84,77,7,0,0,0,7
S01007658,All people aged 16 and over,429,421,8,0,0,2,6
S01007658,No qualifications,115,113,2,0,0,0,2
S01007658,Level 1,117,116,1,0,0,0,1
S01007658,Level 2,45,45,0,0,0,0,0
S01007658,Level 3,38,37,1,0,0,0,1
S01007658,Level 4 and above,114,110,4,0,0,2,2
S01007659,All people aged 16 and over,667,641,26,8,2,5,11
S01007659,No qualifications,224,218,6,1,2,1,2
S01007659,Level 1,184,178,6,2,0,1,3
S01007659,Level 2,93,92,1,0,0,0,1
S01007659,Level 3,39,39,0,0,0,0,0
S01007659,Level 4 and above,127,114,13,5,0,3,5
S01007660,All people aged 16 and over,680,641,39,5,14,8,12
S01007660,No qualifications,262,253,9,2,1,2,4
S01007660,Level 1,217,209,8,0,1,3,4
S01007660,Level 2,86,81,5,0,2,1,2
S01007660,Level 3,38,36,2,0,1,1,0
S01007660,Level 4 and above,77,62,15,3,9,1,2
S01007661,All people aged 16 and over,564,527,37,4,4,11,18
S01007661,No qualifications,196,181,15,0,4,7,4
S01007661,Level 1,144,136,8,3,0,0,5
S01007661,Level 2,77,73,4,0,0,1,3
S01007661,Level 3,42,40,2,0,0,1,1
S01007661,Level 4 and above,105,97,8,1,0,2,5
S01007662,All people aged 16 and over,775,737,38,2,14,9,13
S01007662,No qualifications,316,307,9,1,2,1,5
S01007662,Level 1,205,193,12,0,6,4,2
S01007662,Level 2,86,84,2,0,1,0,1
S01007662,Level 3,51,46,5,0,2,1,2
S01007662,Level 4 and above,117,107,10,1,3,3,3
S01007663,All people aged 16 and over,725,703,22,2,1,2,17
S01007663,No qualifications,248,241,7,0,0,0,7
S01007663,Level 1,155,149,6,1,1,0,4
S01007663,Level 2,111,110,1,0,0,0,1
S01007663,Level 3,65,62,3,0,0,2,1
S01007663,Level 4 and above,146,141,5,1,0,0,4
S01007664,All people aged 16 and over,485,456,29,0,14,6,9
S01007664,No qualifications,199,198,1,0,0,0,1
S01007664,Level 1,144,134,10,0,6,4,0
S01007664,Level 2,52,51,1,0,0,0,1
S01007664,Level 3,41,36,5,0,2,1,2
S01007664,Level 4 and above,49,37,12,0,6,1,5
S01007665,All people aged 16 and over,502,494,8,1,3,0,4
S01007665,No qualifications,178,174,4,0,1,0,3
S01007665,Level 1,169,168,1,0,0,0,1
S01007665,Level 2,66,65,1,0,1,0,0
S01007665,Level 3,27,27,0,0,0,0,0
S01007665,Level 4 and above,62,60,2,1,1,0,0
S01007666,All people aged 16 and over,415,409,6,0,1,2,3
S01007666,No qualifications,135,132,3,0,0,2,1
S01007666,Level 1,85,83,2,0,1,0,1
S01007666,Level 2,65,65,0,0,0,0,0
S01007666,Level 3,39,39,0,0,0,0,0
S01007666,Level 4 and above,91,90,1,0,0,0,1
S01007667,All people aged 16 and over,586,559,27,0,5,3,19
S01007667,No qualifications,132,128,4,0,0,1,3
S01007667,Level 1,158,148,10,0,1,0,9
S01007667,Level 2,107,106,1,0,0,0,1
S01007667,Level 3,54,53,1,0,0,0,1
S01007667,Level 4 and above,135,124,11,0,4,2,5
S01007668,All people aged 16 and over,879,856,23,3,7,2,11
S01007668,No qualifications,426,420,6,1,0,1,4
S01007668,Level 1,226,217,9,0,5,0,4
S01007668,Level 2,88,86,2,1,0,0,1
S01007668,Level 3,50,49,1,0,1,0,0
S01007668,Level 4 and above,89,84,5,1,1,1,2
S01007669,All people aged 16 and over,480,442,38,4,16,12,6
S01007669,No qualifications,224,218,6,0,4,0,2
S01007669,Level 1,142,133,9,1,4,1,3
S01007669,Level 2,38,33,5,0,1,3,1
S01007669,Level 3,30,25,5,0,0,5,0
S01007669,Level 4 and above,46,33,13,3,7,3,0
S01007670,All people aged 16 and over,539,494,45,11,9,15,10
S01007670,No qualifications,195,179,16,4,4,6,2
S01007670,Level 1,162,156,6,0,1,2,3
S01007670,Level 2,66,63,3,0,1,0,2
S01007670,Level 3,40,35,5,3,0,1,1
S01007670,Level 4 and above,76,61,15,4,3,6,2
S01007671,All people aged 16 and over,623,613,10,1,0,1,8
S01007671,No qualifications,201,199,2,0,0,0,2
S01007671,Level 1,127,125,2,0,0,1,1
S01007671,Level 2,81,79,2,0,0,0,2
S01007671,Level 3,58,56,2,1,0,0,1
S01007671,Level 4 and above,156,154,2,0,0,0,2
S01007672,All people aged 16 and over,770,752,18,1,3,6,8
S01007672,No qualifications,197,195,2,1,0,0,1
S01007672,Level 1,167,163,4,0,0,1,3
S01007672,Level 2,91,91,0,0,0,0,0
S01007672,Level 3,72,67,5,0,2,3,0
S01007672,Level 4 and above,243,236,7,0,1,2,4
S01007673,All people aged 16 and over,586,565,21,2,4,10,5
S01007673,No qualifications,197,187,10,0,3,5,2
S01007673,Level 1,177,171,6,0,1,2,3
S01007673,Level 2,86,86,0,0,0,0,0
S01007673,Level 3,36,35,1,0,0,1,0
S01007673,Level 4 and above,90,86,4,2,0,2,0
S01007674,All people aged 16 and over,665,644,21,2,7,1,11
S01007674,No qualifications,303,291,12,0,2,0,10
S01007674,Level 1,198,195,3,0,1,1,1
S01007674,Level 2,77,76,1,0,1,0,0
S01007674,Level 3,35,34,1,0,1,0,0
S01007674,Level 4 and above,52,48,4,2,2,0,0
S01007675,All people aged 16 and over,525,513,12,0,1,1,10
S01007675,No qualifications,157,155,2,0,0,0,2
S01007675,Level 1,140,136,4,0,0,1,3
S01007675,Level 2,79,76,3,0,1,0,2
S01007675,Level 3,46,46,0,0,0,0,0
S01007675,Level 4 and above,103,100,3,0,0,0,3
S01007676,All people aged 16 and over,573,560,13,2,3,4,4
S01007676,No qualifications,197,195,2,2,0,0,0
S01007676,Level 1,148,144,4,0,2,0,2
S01007676,Level 2,81,79,2,0,0,1,1
S01007676,Level 3,42,42,0,0,0,0,0
S01007676,Level 4 and above,105,100,5,0,1,3,1
S01007677,All people aged 16 and over,412,403,9,0,0,1,8
S01007677,No qualifications,119,119,0,0,0,0,0
S01007677,Level 1,139,134,5,0,0,1,4
S01007677,Level 2,61,61,0,0,0,0,0
S01007677,Level 3,29,29,0,0,0,0,0
S01007677,Level 4 and above,64,60,4,0,0,0,4
S01007678,All people aged 16 and over,668,651,17,0,4,2,11
S01007678,No qualifications,335,331,4,0,1,0,3
S01007678,Level 1,167,163,4,0,0,0,4
S01007678,Level 2,75,72,3,0,1,0,2
S01007678,Level 3,21,21,0,0,0,0,0
S01007678,Level 4 and above,70,64,6,0,2,2,2
S01007679,All people aged 16 and over,683,660,23,0,4,9,10
S01007679,No qualifications,310,301,9,0,0,5,4
S01007679,Level 1,185,180,5,0,0,1,4
S01007679,Level 2,69,67,2,0,2,0,0
S01007679,Level 3,33,32,1,0,0,1,0
S01007679,Level 4 and above,86,80,6,0,2,2,2
S01007680,All people aged 16 and over,783,756,27,1,3,11,12
S01007680,No qualifications,252,248,4,0,1,1,2
S01007680,Level 1,254,244,10,0,2,3,5
S01007680,Level 2,79,79,0,0,0,0,0
S01007680,Level 3,49,47,2,1,0,0,1
S01007680,Level 4 and above,149,138,11,0,0,7,4
S01007681,All people aged 16 and over,365,346,19,5,5,3,6
S01007681,No qualifications,192,187,5,1,0,1,3
S01007681,Level 1,67,63,4,1,0,1,2
S01007681,Level 2,36,35,1,0,1,0,0
S01007681,Level 3,15,15,0,0,0,0,0
S01007681,Level 4 and above,55,46,9,3,4,1,1
S01007682,All people aged 16 and over,766,635,131,18,19,21,73
S01007682,No qualifications,98,82,16,1,1,3,11
S01007682,Level 1,111,102,9,0,1,2,6
S01007682,Level 2,111,98,13,1,1,0,11
S01007682,Level 3,67,59,8,0,0,1,7
S01007682,Level 4 and above,379,294,85,16,16,15,38
S01007683,All people aged 16 and over,584,423,161,58,23,29,51
S01007683,No qualifications,66,59,7,1,1,0,5
S01007683,Level 1,83,78,5,2,2,0,1
S01007683,Level 2,101,76,25,18,2,1,4
S01007683,Level 3,58,47,11,4,2,1,4
S01007683,Level 4 and above,276,163,113,33,16,27,37
S01007684,All people aged 16 and over,694,637,57,7,2,3,45
S01007684,No qualifications,82,72,10,0,0,0,10
S01007684,Level 1,98,89,9,2,1,0,6
S01007684,Level 2,108,101,7,0,0,1,6
S01007684,Level 3,59,54,5,0,1,2,2
S01007684,Level 4 and above,347,321,26,5,0,0,21
S01007685,All people aged 16 and over,801,667,134,61,2,10,61
S01007685,No qualifications,35,28,7,1,1,0,5
S01007685,Level 1,95,66,29,23,0,2,4
S01007685,Level 2,245,228,17,7,1,2,7
S01007685,Level 3,54,47,7,5,0,1,1
S01007685,Level 4 and above,372,298,74,25,0,5,44
S01007686,All people aged 16 and over,591,518,73,8,9,15,41
S01007686,No qualifications,65,51,14,1,0,1,12
S01007686,Level 1,86,82,4,1,0,0,3
S01007686,Level 2,90,85,5,2,0,0,3
S01007686,Level 3,48,44,4,0,1,1,2
S01007686,Level 4 and above,302,256,46,4,8,13,21
S01007687,All people aged 16 and over,776,667,109,28,22,17,42
S01007687,No qualifications,53,48,5,0,0,0,5
S01007687,Level 1,90,77,13,7,2,0,4
S01007687,Level 2,197,186,11,2,2,2,5
S01007687,Level 3,59,51,8,1,1,0,6
S01007687,Level 4 and above,377,305,72,18,17,15,22
S01007688,All people aged 16 and over,930,739,191,79,38,39,35
S01007688,No qualifications,62,56,6,0,0,2,4
S01007688,Level 1,90,68,22,14,5,1,2
S01007688,Level 2,230,217,13,3,1,3,6
S01007688,Level 3,110,95,15,6,3,2,4
S01007688,Level 4 and above,438,303,135,56,29,31,19
S01007689,All people aged 16 and over,559,436,123,61,22,9,31
S01007689,No qualifications,88,79,9,2,0,0,7
S01007689,Level 1,42,30,12,4,3,0,5
S01007689,Level 2,116,110,6,1,1,2,2
S01007689,Level 3,54,41,13,7,5,0,1
S01007689,Level 4 and above,259,176,83,47,13,7,16
S01007690,All people aged 16 and over,822,691,131,57,31,20,23
S01007690,No qualifications,94,88,6,1,1,0,4
S01007690,Level 1,64,53,11,3,6,0,2
S01007690,Level 2,274,254,20,5,9,2,4
S01007690,Level 3,75,69,6,2,0,1,3
S01007690,Level 4 and above,315,227,88,46,15,17,10
S01007691,All people aged 16 and over,2819,1955,864,619,103,65,77
S01007691,No qualifications,143,120,23,21,0,0,2
S01007691,Level 1,256,128,128,101,24,2,1
S01007691,Level 2,1394,1236,158,67,20,24,47
S01007691,Level 3,263,199,64,47,5,3,9
S01007691,Level 4 and above,763,272,491,383,54,36,18
S01007692,All people aged 16 and over,865,714,151,63,35,26,27
S01007692,No qualifications,63,61,2,1,0,0,1
S01007692,Level 1,88,65,23,8,5,4,6
S01007692,Level 2,305,284,21,6,4,4,7
S01007692,Level 3,84,73,11,6,3,1,1
S01007692,Level 4 and above,325,231,94,42,23,17,12
S01007693,All people aged 16 and over,931,690,241,140,50,27,24
S01007693,No qualifications,66,58,8,5,2,0,1
S01007693,Level 1,105,57,48,39,6,2,1
S01007693,Level 2,475,429,46,18,12,4,12
S01007693,Level 3,81,62,19,11,5,1,2
S01007693,Level 4 and above,204,84,120,67,25,20,8
S01007694,All people aged 16 and over,1011,786,225,78,66,39,42
S01007694,No qualifications,151,137,14,4,1,2,7
S01007694,Level 1,124,89,35,12,11,5,7
S01007694,Level 2,353,305,48,4,24,7,13
S01007694,Level 3,103,77,26,12,7,5,2
S01007694,Level 4 and above,280,178,102,46,23,20,13
S01007695,All people aged 16 and over,894,711,183,69,43,35,36
S01007695,No qualifications,217,207,10,1,0,0,9
S01007695,Level 1,106,92,14,5,4,2,3
S01007695,Level 2,134,123,11,2,3,2,4
S01007695,Level 3,69,64,5,1,2,1,1
S01007695,Level 4 and above,368,225,143,60,34,30,19
S01007696,All people aged 16 and over,719,522,197,86,36,28,47
S01007696,No qualifications,128,94,34,9,5,3,17
S01007696,Level 1,93,74,19,9,1,2,7
S01007696,Level 2,219,196,23,4,4,6,9
S01007696,Level 3,75,60,15,7,3,2,3
S01007696,Level 4 and above,204,98,106,57,23,15,11
S01007697,All people aged 16 and over,886,744,142,52,37,25,28
S01007697,No qualifications,224,214,10,2,1,1,6
S01007697,Level 1,123,110,13,6,4,2,1
S01007697,Level 2,124,114,10,4,1,2,3
S01007697,Level 3,82,73,9,5,2,1,1
S01007697,Level 4 and above,333,233,100,35,29,19,17
S01007698,All people aged 16 and over,984,718,266,104,70,42,50
S01007698,No qualifications,144,132,12,1,4,2,5
S01007698,Level 1,137,111,26,7,10,3,6
S01007698,Level 2,220,184,36,13,7,4,12
S01007698,Level 3,121,100,21,7,7,1,6
S01007698,Level 4 and above,362,191,171,76,42,32,21
S01007699,All people aged 16 and over,691,508,183,76,50,24,33
S01007699,No qualifications,118,95,23,7,5,2,9
S01007699,Level 1,119,99,20,7,4,3,6
S01007699,Level 2,120,107,13,6,4,0,3
S01007699,Level 3,80,69,11,5,2,2,2
S01007699,Level 4 and above,254,138,116,51,35,17,13
S01007700,All people aged 16 and over,858,762,96,21,19,22,34
S01007700,No qualifications,110,92,18,2,6,1,9
S01007700,Level 1,130,121,9,3,1,2,3
S01007700,Level 2,132,123,9,1,1,3,4
S01007700,Level 3,77,65,12,8,0,1,3
S01007700,Level 4 and above,409,361,48,7,11,15,15
S01007701,All people aged 16 and over,492,399,93,34,37,7,15
S01007701,No qualifications,135,129,6,0,2,0,4
S01007701,Level 1,91,74,17,7,8,0,2
S01007701,Level 2,85,78,7,3,2,0,2
S01007701,Level 3,44,32,12,2,7,3,0
S01007701,Level 4 and above,137,86,51,22,18,4,7
S01007702,All people aged 16 and over,963,755,208,140,25,17,26
S01007702,No qualifications,39,32,7,5,0,0,2
S01007702,Level 1,85,59,26,21,3,0,2
S01007702,Level 2,412,383,29,15,0,3,11
S01007702,Level 3,127,106,21,14,4,1,2
S01007702,Level 4 and above,300,175,125,85,18,13,9
S01007703,All people aged 16 and over,696,619,77,32,11,6,28
S01007703,No qualifications,151,145,6,1,1,1,3
S01007703,Level 1,127,114,13,5,1,1,6
S01007703,Level 2,117,110,7,3,2,1,1
S01007703,Level 3,75,68,7,3,0,1,3
S01007703,Level 4 and above,226,182,44,20,7,2,15
S01007704,All people aged 16 and over,799,673,126,45,18,23,40
S01007704,No qualifications,255,242,13,2,1,1,9
S01007704,Level 1,161,144,17,7,2,2,6
S01007704,Level 2,128,117,11,3,0,2,6
S01007704,Level 3,80,63,17,5,3,5,4
S01007704,Level 4 and above,175,107,68,28,12,13,15
S01007705,All people aged 16 and over,735,474,261,171,42,21,27
S01007705,No qualifications,36,31,5,1,2,1,1
S01007705,Level 1,86,50,36,24,5,0,7
S01007705,Level 2,256,215,41,25,4,4,8
S01007705,Level 3,96,72,24,19,2,1,2
S01007705,Level 4 and above,261,106,155,102,29,15,9
S01007706,All people aged 16 and over,757,569,188,107,44,22,15
S01007706,No qualifications,29,23,6,6,0,0,0
S01007706,Level 1,61,33,28,21,3,3,1
S01007706,Level 2,296,271,25,9,2,4,10
S01007706,Level 3,105,89,16,10,2,3,1
S01007706,Level 4 and above,266,153,113,61,37,12,3
S01007707,All people aged 16 and over,766,555,211,110,42,25,34
S01007707,No qualifications,36,27,9,3,1,0,5
S01007707,Level 1,70,56,14,7,2,0,5
S01007707,Level 2,152,127,25,18,1,1,5
S01007707,Level 3,82,69,13,6,2,0,5
S01007707,Level 4 and above,426,276,150,76,36,24,14
S01007708,All people aged 16 and over,550,472,78,18,24,19,17
S01007708,No qualifications,135,120,15,3,2,4,6
S01007708,Level 1,113,100,13,1,5,4,3
S01007708,Level 2,83,74,9,1,5,2,1
S01007708,Level 3,71,68,3,1,0,2,0
S01007708,Level 4 and above,148,110,38,12,12,7,7
S01007709,All people aged 16 and over,530,449,81,40,14,7,20
S01007709,No qualifications,156,145,11,2,2,1,6
S01007709,Level 1,106,84,22,13,2,2,5
S01007709,Level 2,71,65,6,4,0,0,2
S01007709,Level 3,63,55,8,4,3,1,0
S01007709,Level 4 and above,134,100,34,17,7,3,7
S01007710,All people aged 16 and over,741,577,164,79,35,24,26
S01007710,No qualifications,111,100,11,5,1,0,5
S01007710,Level 1,123,112,11,4,2,1,4
S01007710,Level 2,137,122,15,5,3,3,4
S01007710,Level 3,110,94,16,10,4,1,1
S01007710,Level 4 and above,260,149,111,55,25,19,12
S01007711,All people aged 16 and over,980,767,213,114,41,25,33
S01007711,No qualifications,240,225,15,0,2,3,10
S01007711,Level 1,157,119,38,21,5,3,9
S01007711,Level 2,232,208,24,12,5,3,4
S01007711,Level 3,102,90,12,8,1,2,1
S01007711,Level 4 and above,249,125,124,73,28,14,9
S01007712,All people aged 16 and over,631,477,154,55,32,45,22
S01007712,No qualifications,89,88,1,0,0,0,1
S01007712,Level 1,77,62,15,7,3,4,1
S01007712,Level 2,130,99,31,3,3,20,5
S01007712,Level 3,78,62,16,3,5,5,3
S01007712,Level 4 and above,257,166,91,42,21,16,12
S01007713,All people aged 16 and over,417,338,79,22,19,17,21
S01007713,No qualifications,111,97,14,2,1,0,11
S01007713,Level 1,93,81,12,3,4,2,3
S01007713,Level 2,65,60,5,1,0,1,3
S01007713,Level 3,46,39,7,3,1,2,1
S01007713,Level 4 and above,102,61,41,13,13,12,3
S01007714,All people aged 16 and over,547,465,82,14,23,23,22
S01007714,No qualifications,144,122,22,1,8,5,8
S01007714,Level 1,151,138,13,1,6,1,5
S01007714,Level 2,76,72,4,0,1,0,3
S01007714,Level 3,66,60,6,3,1,2,0
S01007714,Level 4 and above,110,73,37,9,7,15,6
S01007715,All people aged 16 and over,434,337,97,17,31,31,18
S01007715,No qualifications,121,110,11,2,1,3,5
S01007715,Level 1,96,84,12,1,2,5,4
S01007715,Level 2,52,40,12,1,1,7,3
S01007715,Level 3,50,38,12,2,8,2,0
S01007715,Level 4 and above,115,65,50,11,19,14,6
S01007716,All people aged 16 and over,943,746,197,96,45,32,24
S01007716,No qualifications,343,320,23,13,4,2,4
S01007716,Level 1,171,146,25,12,7,4,2
S01007716,Level 2,111,99,12,5,4,1,2
S01007716,Level 3,83,68,15,6,4,3,2
S01007716,Level 4 and above,235,113,122,60,26,22,14
S01007717,All people aged 16 and over,840,698,142,58,37,26,21
S01007717,No qualifications,276,247,29,9,3,7,10
S01007717,Level 1,217,206,11,5,3,2,1
S01007717,Level 2,77,64,13,9,1,1,2
S01007717,Level 3,83,64,19,8,6,1,4
S01007717,Level 4 and above,187,117,70,27,24,15,4
S01007718,All people aged 16 and over,633,537,96,46,24,16,10
S01007718,No qualifications,241,229,12,4,6,0,2
S01007718,Level 1,126,115,11,8,0,1,2
S01007718,Level 2,66,62,4,2,1,1,0
S01007718,Level 3,65,51,14,7,4,2,1
S01007718,Level 4 and above,135,80,55,25,13,12,5
S01007719,All people aged 16 and over,880,823,57,11,11,16,19
S01007719,No qualifications,352,333,19,2,1,5,11
S01007719,Level 1,191,182,9,1,3,3,2
S01007719,Level 2,85,84,1,0,0,0,1
S01007719,Level 3,89,83,6,0,3,2,1
S01007719,Level 4 and above,163,141,22,8,4,6,4
S01007720,All people aged 16 and over,647,626,21,1,2,5,13
S01007720,No qualifications,278,270,8,0,0,1,7
S01007720,Level 1,143,142,1,0,0,0,1
S01007720,Level 2,62,60,2,0,0,0,2
S01007720,Level 3,62,61,1,0,0,0,1
S01007720,Level 4 and above,102,93,9,1,2,4,2
S01007721,All people aged 16 and over,646,602,44,11,12,10,11
S01007721,No qualifications,222,211,11,2,3,4,2
S01007721,Level 1,145,140,5,0,3,1,1
S01007721,Level 2,89,85,4,1,1,0,2
S01007721,Level 3,74,68,6,2,1,1,2
S01007721,Level 4 and above,116,98,18,6,4,4,4
S01007722,All people aged 16 and over,733,681,52,8,13,12,19
S01007722,No qualifications,312,300,12,2,0,3,7
S01007722,Level 1,182,169,13,3,4,0,6
S01007722,Level 2,74,73,1,0,0,0,1
S01007722,Level 3,52,50,2,0,1,1,0
S01007722,Level 4 and above,113,89,24,3,8,8,5
S01007723,All people aged 16 and over,851,766,85,8,27,21,29
S01007723,No qualifications,389,355,34,2,10,5,17
S01007723,Level 1,181,167,14,1,4,5,4
S01007723,Level 2,69,68,1,1,0,0,0
S01007723,Level 3,81,72,9,0,1,6,2
S01007723,Level 4 and above,131,104,27,4,12,5,6
S01007724,All people aged 16 and over,528,381,147,38,50,27,32
S01007724,No qualifications,140,115,25,7,3,4,11
S01007724,Level 1,128,91,37,8,21,2,6
S01007724,Level 2,70,61,9,1,3,4,1
S01007724,Level 3,68,53,15,2,6,3,4
S01007724,Level 4 and above,122,61,61,20,17,14,10
S01007725,All people aged 16 and over,690,602,88,24,17,10,37
S01007725,No qualifications,235,218,17,5,2,0,10
S01007725,Level 1,201,173,28,4,7,4,13
S01007725,Level 2,72,68,4,1,0,0,3
S01007725,Level 3,75,65,10,3,3,0,4
S01007725,Level 4 and above,107,78,29,11,5,6,7
S01007726,All people aged 16 and over,677,532,145,45,39,33,28
S01007726,No qualifications,195,163,32,7,7,4,14
S01007726,Level 1,143,131,12,2,4,2,4
S01007726,Level 2,90,80,10,4,1,3,2
S01007726,Level 3,85,71,14,3,8,2,1
S01007726,Level 4 and above,164,87,77,29,19,22,7
S01007727,All people aged 16 and over,876,713,163,59,39,38,27
S01007727,No qualifications,243,224,19,4,5,3,7
S01007727,Level 1,192,167,25,6,5,5,9
S01007727,Level 2,127,105,22,8,2,11,1
S01007727,Level 3,101,83,18,9,2,3,4
S01007727,Level 4 and above,213,134,79,32,25,16,6
S01007728,All people aged 16 and over,684,507,177,105,24,28,20
S01007728,No qualifications,143,112,31,14,3,7,7
S01007728,Level 1,160,134,26,20,2,2,2
S01007728,Level 2,102,90,12,7,2,0,3
S01007728,Level 3,80,60,20,11,3,4,2
S01007728,Level 4 and above,199,111,88,53,14,15,6
S01007729,All people aged 16 and over,664,496,168,49,58,25,36
S01007729,No qualifications,129,104,25,9,3,5,8
S01007729,Level 1,150,119,31,9,12,4,6
S01007729,Level 2,102,92,10,2,3,0,5
S01007729,Level 3,82,57,25,10,9,3,3
S01007729,Level 4 and above,201,124,77,19,31,13,14
S01007730,All people aged 16 and over,674,540,134,40,48,23,23
S01007730,No qualifications,125,98,27,10,10,4,3
S01007730,Level 1,112,92,20,2,10,5,3
S01007730,Level 2,110,98,12,2,3,2,5
S01007730,Level 3,99,82,17,7,6,3,1
S01007730,Level 4 and above,228,170,58,19,19,9,11
S01007731,All people aged 16 and over,615,500,115,30,33,22,30
S01007731,No qualifications,104,94,10,2,3,2,3
S01007731,Level 1,157,132,25,12,6,2,5
S01007731,Level 2,96,82,14,3,5,2,4
S01007731,Level 3,77,62,15,3,3,7,2
S01007731,Level 4 and above,181,130,51,10,16,9,16
S01007732,All people aged 16 and over,594,483,111,26,32,30,23
S01007732,No qualifications,129,106,23,2,8,5,8
S01007732,Level 1,109,97,12,2,4,4,2
S01007732,Level 2,95,86,9,2,2,2,3
S01007732,Level 3,81,60,21,8,3,4,6
S01007732,Level 4 and above,180,134,46,12,15,15,4
S01007733,All people aged 16 and over,685,611,74,6,8,11,49
S01007733,No qualifications,95,72,23,4,0,1,18
S01007733,Level 1,139,119,20,0,3,3,14
S01007733,Level 2,104,102,2,0,0,0,2
S01007733,Level 3,69,65,4,1,0,0,3
S01007733,Level 4 and above,278,253,25,1,5,7,12
S01007734,All people aged 16 and over,725,671,54,2,4,8,40
S01007734,No qualifications,142,130,12,0,0,2,10
S01007734,Level 1,151,138,13,1,2,2,8
S01007734,Level 2,111,105,6,0,0,0,6
S01007734,Level 3,85,79,6,0,1,1,4
S01007734,Level 4 and above,236,219,17,1,1,3,12
S01007735,All people aged 16 and over,716,657,59,1,4,4,50
S01007735,No qualifications,144,119,25,1,1,0,23
S01007735,Level 1,172,163,9,0,2,0,7
S01007735,Level 2,96,92,4,0,0,0,4
S01007735,Level 3,79,73,6,0,1,0,5
S01007735,Level 4 and above,225,210,15,0,0,4,11
S01007736,All people aged 16 and over,618,560,58,2,10,5,41
S01007736,No qualifications,146,122,24,1,1,0,22
S01007736,Level 1,148,136,12,0,2,0,10
S01007736,Level 2,74,70,4,0,2,0,2
S01007736,Level 3,66,61,5,0,1,0,4
S01007736,Level 4 and above,184,171,13,1,4,5,3
S01007737,All people aged 16 and over,887,790,97,14,12,15,56
S01007737,No qualifications,248,231,17,1,0,0,16
S01007737,Level 1,211,188,23,2,1,3,17
S01007737,Level 2,113,108,5,0,0,2,3
S01007737,Level 3,100,90,10,0,1,2,7
S01007737,Level 4 and above,215,173,42,11,10,8,13
S01007738,All people aged 16 and over,626,597,29,3,3,4,19
S01007738,No qualifications,191,184,7,1,0,0,6
S01007738,Level 1,160,157,3,0,0,3,0
S01007738,Level 2,73,72,1,0,0,0,1
S01007738,Level 3,51,49,2,1,0,0,1
S01007738,Level 4 and above,151,135,16,1,3,1,11
S01007739,All people aged 16 and over,541,523,18,0,1,5,12
S01007739,No qualifications,223,219,4,0,0,0,4
S01007739,Level 1,131,126,5,0,0,3,2
S01007739,Level 2,59,57,2,0,0,1,1
S01007739,Level 3,46,43,3,0,0,1,2
S01007739,Level 4 and above,82,78,4,0,1,0,3
S01007740,All people aged 16 and over,497,471,26,2,2,4,18
S01007740,No qualifications,126,122,4,0,0,0,4
S01007740,Level 1,133,131,2,0,0,0,2
S01007740,Level 2,70,66,4,0,0,0,4
S01007740,Level 3,47,45,2,1,0,0,1
S01007740,Level 4 and above,121,107,14,1,2,4,7
S01007741,All people aged 16 and over,658,621,37,1,3,6,27
S01007741,No qualifications,253,241,12,0,0,3,9
S01007741,Level 1,134,131,3,0,0,0,3
S01007741,Level 2,82,76,6,0,0,1,5
S01007741,Level 3,78,74,4,0,0,2,2
S01007741,Level 4 and above,111,99,12,1,3,0,8
S01007742,All people aged 16 and over,552,525,27,2,1,4,20
S01007742,No qualifications,153,147,6,0,0,0,6
S01007742,Level 1,149,147,2,0,0,0,2
S01007742,Level 2,73,69,4,1,0,0,3
S01007742,Level 3,54,53,1,0,0,0,1
S01007742,Level 4 and above,123,109,14,1,1,4,8
S01007743,All people aged 16 and over,724,690,34,2,7,10,15
S01007743,No qualifications,232,225,7,0,1,0,6
S01007743,Level 1,224,219,5,0,1,1,3
S01007743,Level 2,90,86,4,0,0,2,2
S01007743,Level 3,69,65,4,0,1,2,1
S01007743,Level 4 and above,109,95,14,2,4,5,3
S01007744,All people aged 16 and over,617,580,37,5,8,6,18
S01007744,No qualifications,283,265,18,4,4,0,10
S01007744,Level 1,180,174,6,0,1,2,3
S01007744,Level 2,62,60,2,1,0,0,1
S01007744,Level 3,41,38,3,0,1,2,0
S01007744,Level 4 and above,51,43,8,0,2,2,4
S01007745,All people aged 16 and over,583,558,25,1,5,3,16
S01007745,No qualifications,222,217,5,0,0,0,5
S01007745,Level 1,178,172,6,0,2,0,4
S01007745,Level 2,62,61,1,0,1,0,0
S01007745,Level 3,48,44,4,0,0,1,3
S01007745,Level 4 and above,73,64,9,1,2,2,4
S01007746,All people aged 16 and over,720,695,25,2,6,4,13
S01007746,No qualifications,296,291,5,0,2,1,2
S01007746,Level 1,245,235,10,0,3,1,6
S01007746,Level 2,72,71,1,0,0,0,1
S01007746,Level 3,45,40,5,1,1,1,2
S01007746,Level 4 and above,62,58,4,1,0,1,2
S01007747,All people aged 16 and over,417,396,21,3,4,7,7
S01007747,No qualifications,154,153,1,0,0,0,1
S01007747,Level 1,150,144,6,1,1,0,4
S01007747,Level 2,38,38,0,0,0,0,0
S01007747,Level 3,29,26,3,0,0,2,1
S01007747,Level 4 and above,46,35,11,2,3,5,1
S01007748,All people aged 16 and over,543,516,27,2,1,5,19
S01007748,No qualifications,231,219,12,0,0,3,9
S01007748,Level 1,156,151,5,0,1,0,4
S01007748,Level 2,52,47,5,1,0,2,2
S01007748,Level 3,47,47,0,0,0,0,0
S01007748,Level 4 and above,57,52,5,1,0,0,4
S01007749,All people aged 16 and over,583,540,43,3,6,5,29
S01007749,No qualifications,134,120,14,0,2,2,10
S01007749,Level 1,149,146,3,0,0,2,1
S01007749,Level 2,102,97,5,2,0,0,3
S01007749,Level 3,61,56,5,0,1,0,4
S01007749,Level 4 and above,137,121,16,1,3,1,11
S01007750,All people aged 16 and over,720,650,70,16,6,5,43
S01007750,No qualifications,130,115,15,2,3,0,10
S01007750,Level 1,135,127,8,1,1,1,5
S01007750,Level 2,116,107,9,2,1,0,6
S01007750,Level 3,74,71,3,0,0,1,2
S01007750,Level 4 and above,265,230,35,11,1,3,20
S01007751,All people aged 16 and over,676,624,52,5,6,2,39
S01007751,No qualifications,143,129,14,4,0,0,10
S01007751,Level 1,108,104,4,0,0,0,4
S01007751,Level 2,91,88,3,0,1,0,2
S01007751,Level 3,60,57,3,0,0,0,3
S01007751,Level 4 and above,274,246,28,1,5,2,20
S01007752,All people aged 16 and over,658,635,23,0,2,2,19
S01007752,No qualifications,186,182,4,0,0,0,4
S01007752,Level 1,105,103,2,0,0,0,2
S01007752,Level 2,81,80,1,0,0,1,0
S01007752,Level 3,50,46,4,0,0,0,4
S01007752,Level 4 and above,236,224,12,0,2,1,9
S01007753,All people aged 16 and over,416,392,24,0,8,8,8
S01007753,No qualifications,156,155,1,0,0,1,0
S01007753,Level 1,133,127,6,0,4,1,1
S01007753,Level 2,48,38,10,0,4,3,3
S01007753,Level 3,39,37,2,0,0,1,1
S01007753,Level 4 and above,40,35,5,0,0,2,3
S01007754,All people aged 16 and over,690,664,26,0,5,10,11
S01007754,No qualifications,324,317,7,0,2,3,2
S01007754,Level 1,181,174,7,0,1,4,2
S01007754,Level 2,66,64,2,0,0,0,2
S01007754,Level 3,60,59,1,0,0,0,1
S01007754,Level 4 and above,59,50,9,0,2,3,4
S01007755,All people aged 16 and over,676,657,19,4,5,1,9
S01007755,No qualifications,319,312,7,2,2,0,3
S01007755,Level 1,186,182,4,0,0,1,3
S01007755,Level 2,66,65,1,0,0,0,1
S01007755,Level 3,53,52,1,0,1,0,0
S01007755,Level 4 and above,52,46,6,2,2,0,2
S01007756,All people aged 16 and over,481,464,17,2,1,5,9
S01007756,No qualifications,209,207,2,0,0,0,2
S01007756,Level 1,150,146,4,1,0,0,3
S01007756,Level 2,41,38,3,0,0,2,1
S01007756,Level 3,31,30,1,0,0,0,1
S01007756,Level 4 and above,50,43,7,1,1,3,2
S01007757,All people aged 16 and over,718,667,51,3,9,6,33
S01007757,No qualifications,109,103,6,1,0,2,3
S01007757,Level 1,183,174,9,1,4,2,2
S01007757,Level 2,85,80,5,1,0,0,4
S01007757,Level 3,92,85,7,0,2,0,5
S01007757,Level 4 and above,249,225,24,0,3,2,19
S01007758,All people aged 16 and over,791,740,51,6,5,9,31
S01007758,No qualifications,134,130,4,0,0,0,4
S01007758,Level 1,146,140,6,0,2,1,3
S01007758,Level 2,115,110,5,0,0,2,3
S01007758,Level 3,72,65,7,1,0,2,4
S01007758,Level 4 and above,324,295,29,5,3,4,17
S01007759,All people aged 16 and over,869,820,49,6,6,12,25
S01007759,No qualifications,246,239,7,0,0,3,4
S01007759,Level 1,157,151,6,2,0,0,4
S01007759,Level 2,104,101,3,1,0,1,1
S01007759,Level 3,89,84,5,0,0,0,5
S01007759,Level 4 and above,273,245,28,3,6,8,11
S01007760,All people aged 16 and over,518,495,23,1,1,1,20
S01007760,No qualifications,81,78,3,0,0,0,3
S01007760,Level 1,79,75,4,1,0,0,3
S01007760,Level 2,65,63,2,0,0,0,2
S01007760,Level 3,42,41,1,0,0,0,1
S01007760,Level 4 and above,251,238,13,0,1,1,11
S01007761,All people aged 16 and over,727,662,65,11,10,7,37
S01007761,No qualifications,84,82,2,0,0,0,2
S01007761,Level 1,104,100,4,1,0,0,3
S01007761,Level 2,100,96,4,1,0,0,3
S01007761,Level 3,69,62,7,2,3,1,1
S01007761,Level 4 and above,370,322,48,7,7,6,28
S01007762,All people aged 16 and over,729,686,43,3,8,3,29
S01007762,No qualifications,172,164,8,0,2,0,6
S01007762,Level 1,138,133,5,0,2,1,2
S01007762,Level 2,82,80,2,0,0,0,2
S01007762,Level 3,69,68,1,0,0,0,1
S01007762,Level 4 and above,268,241,27,3,4,2,18
S01007763,All people aged 16 and over,483,463,20,3,3,3,11
S01007763,No qualifications,207,204,3,1,0,0,2
S01007763,Level 1,106,102,4,0,0,1,3
S01007763,Level 2,48,46,2,0,0,0,2
S01007763,Level 3,47,44,3,0,1,0,2
S01007763,Level 4 and above,75,67,8,2,2,2,2
S01007764,All people aged 16 and over,634,607,27,1,3,1,22
S01007764,No qualifications,63,59,4,0,1,0,3
S01007764,Level 1,142,137,5,1,0,0,4
S01007764,Level 2,121,120,1,0,0,0,1
S01007764,Level 3,74,67,7,0,0,0,7
S01007764,Level 4 and above,234,224,10,0,2,1,7
S01007765,All people aged 16 and over,568,549,19,0,1,3,15
S01007765,No qualifications,79,71,8,0,1,0,7
S01007765,Level 1,128,125,3,0,0,1,2
S01007765,Level 2,90,89,1,0,0,0,1
S01007765,Level 3,70,70,0,0,0,0,0
S01007765,Level 4 and above,201,194,7,0,0,2,5
S01007766,All people aged 16 and over,777,742,35,0,1,10,24
S01007766,No qualifications,97,94,3,0,0,0,3
S01007766,Level 1,181,172,9,0,0,2,7
S01007766,Level 2,125,122,3,0,0,0,3
S01007766,Level 3,92,85,7,0,0,3,4
S01007766,Level 4 and above,282,269,13,0,1,5,7
S01007767,All people aged 16 and over,762,730,32,1,5,2,24
S01007767,No qualifications,126,120,6,0,1,1,4
S01007767,Level 1,167,162,5,0,1,0,4
S01007767,Level 2,109,105,4,1,0,0,3
S01007767,Level 3,93,93,0,0,0,0,0
S01007767,Level 4 and above,267,250,17,0,3,1,13
S01007768,All people aged 16 and over,572,541,31,1,2,3,25
S01007768,No qualifications,108,106,2,0,0,0,2
S01007768,Level 1,100,95,5,0,1,0,4
S01007768,Level 2,75,74,1,0,0,0,1
S01007768,Level 3,53,48,5,0,1,1,3
S01007768,Level 4 and above,236,218,18,1,0,2,15
S01007769,All people aged 16 and over,641,609,32,4,1,1,26
S01007769,No qualifications,110,106,4,0,0,0,4
S01007769,Level 1,121,114,7,1,0,0,6
S01007769,Level 2,89,86,3,0,0,0,3
S01007769,Level 3,63,60,3,1,0,0,2
S01007769,Level 4 and above,258,243,15,2,1,1,11
S01007770,All people aged 16 and over,613,584,29,0,1,6,22
S01007770,No qualifications,50,48,2,0,0,0,2
S01007770,Level 1,106,102,4,0,1,1,2
S01007770,Level 2,93,91,2,0,0,0,2
S01007770,Level 3,66,63,3,0,0,1,2
S01007770,Level 4 and above,298,280,18,0,0,4,14
S01007771,All people aged 16 and over,450,432,18,1,4,1,12
S01007771,No qualifications,65,59,6,1,2,0,3
S01007771,Level 1,68,65,3,0,1,0,2
S01007771,Level 2,67,66,1,0,0,0,1
S01007771,Level 3,43,43,0,0,0,0,0
S01007771,Level 4 and above,207,199,8,0,1,1,6
S01007772,All people aged 16 and over,846,815,31,5,3,6,17
S01007772,No qualifications,248,245,3,1,0,0,2
S01007772,Level 1,212,207,5,2,1,0,2
S01007772,Level 2,98,95,3,1,0,0,2
S01007772,Level 3,103,102,1,0,0,0,1
S01007772,Level 4 and above,185,166,19,1,2,6,10
S01007773,All people aged 16 and over,642,617,25,3,3,0,19
S01007773,No qualifications,111,104,7,2,0,0,5
S01007773,Level 1,159,157,2,1,0,0,1
S01007773,Level 2,102,98,4,0,0,0,4
S01007773,Level 3,65,65,0,0,0,0,0
S01007773,Level 4 and above,205,193,12,0,3,0,9
S01007774,All people aged 16 and over,681,646,35,3,6,9,17
S01007774,No qualifications,48,46,2,0,0,0,2
S01007774,Level 1,130,129,1,0,0,0,1
S01007774,Level 2,123,118,5,0,0,0,5
S01007774,Level 3,91,90,1,1,0,0,0
S01007774,Level 4 and above,289,263,26,2,6,9,9
S01007775,All people aged 16 and over,755,707,48,0,4,5,39
S01007775,No qualifications,138,131,7,0,1,0,6
S01007775,Level 1,186,179,7,0,0,1,6
S01007775,Level 2,91,86,5,0,1,0,4
S01007775,Level 3,76,72,4,0,0,1,3
S01007775,Level 4 and above,264,239,25,0,2,3,20
S01007776,All people aged 16 and over,561,527,34,4,3,3,24
S01007776,No qualifications,69,62,7,1,0,0,6
S01007776,Level 1,121,116,5,0,0,0,5
S01007776,Level 2,98,97,1,0,0,0,1
S01007776,Level 3,61,58,3,1,1,0,1
S01007776,Level 4 and above,212,194,18,2,2,3,11
S01007777,All people aged 16 and over,671,624,47,1,4,12,30
S01007777,No qualifications,56,46,10,1,1,1,7
S01007777,Level 1,122,116,6,0,0,0,6
S01007777,Level 2,123,120,3,0,0,0,3
S01007777,Level 3,91,86,5,0,0,0,5
S01007777,Level 4 and above,279,256,23,0,3,11,9
S01007778,All people aged 16 and over,372,351,21,0,3,3,15
S01007778,No qualifications,55,51,4,0,0,0,4
S01007778,Level 1,57,57,0,0,0,0,0
S01007778,Level 2,48,47,1,0,0,0,1
S01007778,Level 3,39,39,0,0,0,0,0
S01007778,Level 4 and above,173,157,16,0,3,3,10
S01007779,All people aged 16 and over,608,596,12,1,0,0,11
S01007779,No qualifications,150,149,1,0,0,0,1
S01007779,Level 1,187,185,2,0,0,0,2
S01007779,Level 2,83,81,2,0,0,0,2
S01007779,Level 3,77,75,2,0,0,0,2
S01007779,Level 4 and above,111,106,5,1,0,0,4
S01007780,All people aged 16 and over,649,627,22,4,4,1,13
S01007780,No qualifications,102,100,2,2,0,0,0
S01007780,Level 1,213,208,5,0,1,0,4
S01007780,Level 2,104,97,7,1,1,0,5
S01007780,Level 3,71,71,0,0,0,0,0
S01007780,Level 4 and above,159,151,8,1,2,1,4
S01007781,All people aged 16 and over,736,713,23,1,5,10,7
S01007781,No qualifications,162,160,2,0,0,2,0
S01007781,Level 1,227,221,6,1,2,0,3
S01007781,Level 2,105,103,2,0,0,0,2
S01007781,Level 3,84,83,1,0,1,0,0
S01007781,Level 4 and above,158,146,12,0,2,8,2
S01007782,All people aged 16 and over,375,334,41,10,10,17,4
S01007782,No qualifications,116,110,6,1,4,0,1
S01007782,Level 1,120,113,7,1,3,2,1
S01007782,Level 2,40,32,8,1,0,6,1
S01007782,Level 3,49,42,7,4,1,1,1
S01007782,Level 4 and above,50,37,13,3,2,8,0
S01007783,All people aged 16 and over,637,619,18,1,2,3,12
S01007783,No qualifications,349,342,7,0,1,1,5
S01007783,Level 1,150,146,4,0,0,0,4
S01007783,Level 2,45,44,1,0,0,0,1
S01007783,Level 3,41,41,0,0,0,0,0
S01007783,Level 4 and above,52,46,6,1,1,2,2
S01007784,All people aged 16 and over,531,502,29,2,4,6,17
S01007784,No qualifications,111,106,5,0,3,0,2
S01007784,Level 1,176,174,2,0,0,0,2
S01007784,Level 2,74,72,2,0,0,0,2
S01007784,Level 3,67,65,2,0,0,1,1
S01007784,Level 4 and above,103,85,18,2,1,5,10
S01007785,All people aged 16 and over,438,428,10,2,2,0,6
S01007785,No qualifications,187,185,2,0,1,0,1
S01007785,Level 1,129,125,4,2,0,0,2
S01007785,Level 2,41,39,2,0,0,0,2
S01007785,Level 3,32,32,0,0,0,0,0
S01007785,Level 4 and above,49,47,2,0,1,0,1
S01007786,All people aged 16 and over,612,601,11,0,1,3,7
S01007786,No qualifications,265,263,2,0,0,0,2
S01007786,Level 1,194,187,7,0,1,2,4
S01007786,Level 2,61,61,0,0,0,0,0
S01007786,Level 3,45,44,1,0,0,1,0
S01007786,Level 4 and above,47,46,1,0,0,0,1
S01007787,All people aged 16 and over,522,508,14,0,2,1,11
S01007787,No qualifications,211,207,4,0,0,0,4
S01007787,Level 1,163,161,2,0,1,0,1
S01007787,Level 2,48,48,0,0,0,0,0
S01007787,Level 3,47,44,3,0,0,0,3
S01007787,Level 4 and above,53,48,5,0,1,1,3
S01007788,All people aged 16 and over,466,445,21,1,11,6,3
S01007788,No qualifications,187,183,4,0,2,1,1
S01007788,Level 1,157,153,4,0,1,3,0
S01007788,Level 2,46,44,2,0,0,1,1
S01007788,Level 3,32,30,2,0,1,0,1
S01007788,Level 4 and above,44,35,9,1,7,1,0
S01007789,All people aged 16 and over,459,447,12,1,2,1,8
S01007789,No qualifications,141,138,3,0,0,0,3
S01007789,Level 1,171,166,5,0,1,0,4
S01007789,Level 2,53,53,0,0,0,0,0
S01007789,Level 3,50,50,0,0,0,0,0
S01007789,Level 4 and above,44,40,4,1,1,1,1
S01007790,All people aged 16 and over,560,539,21,6,3,4,8
S01007790,No qualifications,209,205,4,0,1,0,3
S01007790,Level 1,203,197,6,3,0,0,3
S01007790,Level 2,57,56,1,0,0,1,0
S01007790,Level 3,47,43,4,3,0,0,1
S01007790,Level 4 and above,44,38,6,0,2,3,1
S01007791,All people aged 16 and over,400,390,10,1,2,1,6
S01007791,No qualifications,97,94,3,0,0,1,2
S01007791,Level 1,84,82,2,0,1,0,1
S01007791,Level 2,57,56,1,0,0,0,1
S01007791,Level 3,42,41,1,0,0,0,1
S01007791,Level 4 and above,120,117,3,1,1,0,1
S01007792,All people aged 16 and over,709,692,17,2,4,1,10
S01007792,No qualifications,283,277,6,0,2,0,4
S01007792,Level 1,218,215,3,0,0,0,3
S01007792,Level 2,76,75,1,1,0,0,0
S01007792,Level 3,56,54,2,0,1,0,1
S01007792,Level 4 and above,76,71,5,1,1,1,2
S01007793,All people aged 16 and over,724,673,51,8,26,7,10
S01007793,No qualifications,333,322,11,0,7,0,4
S01007793,Level 1,207,197,10,2,6,1,1
S01007793,Level 2,60,56,4,0,0,0,4
S01007793,Level 3,63,53,10,2,7,1,0
S01007793,Level 4 and above,61,45,16,4,6,5,1
S01007794,All people aged 16 and over,448,437,11,0,1,0,10
S01007794,No qualifications,168,163,5,0,0,0,5
S01007794,Level 1,144,140,4,0,1,0,3
S01007794,Level 2,56,55,1,0,0,0,1
S01007794,Level 3,36,36,0,0,0,0,0
S01007794,Level 4 and above,44,43,1,0,0,0,1
S01007795,All people aged 16 and over,458,442,16,0,6,3,7
S01007795,No qualifications,170,168,2,0,0,0,2
S01007795,Level 1,159,155,4,0,1,1,2
S01007795,Level 2,41,40,1,0,0,0,1
S01007795,Level 3,33,33,0,0,0,0,0
S01007795,Level 4 and above,55,46,9,0,5,2,2
S01007796,All people aged 16 and over,528,496,32,4,3,4,21
S01007796,No qualifications,170,162,8,0,1,1,6
S01007796,Level 1,166,154,12,1,0,0,11
S01007796,Level 2,61,58,3,0,0,0,3
S01007796,Level 3,49,47,2,1,1,0,0
S01007796,Level 4 and above,82,75,7,2,1,3,1
S01007797,All people aged 16 and over,406,383,23,1,5,2,15
S01007797,No qualifications,197,188,9,0,1,1,7
S01007797,Level 1,121,118,3,0,0,0,3
S01007797,Level 2,32,32,0,0,0,0,0
S01007797,Level 3,25,20,5,0,2,1,2
S01007797,Level 4 and above,31,25,6,1,2,0,3
S01007798,All people aged 16 and over,494,460,34,0,5,7,22
S01007798,No qualifications,86,77,9,0,0,0,9
S01007798,Level 1,149,141,8,0,1,2,5
S01007798,Level 2,82,81,1,0,0,0,1
S01007798,Level 3,51,49,2,0,1,0,1
S01007798,Level 4 and above,126,112,14,0,3,5,6
S01007799,All people aged 16 and over,430,389,41,6,7,8,20
S01007799,No qualifications,49,40,9,0,1,2,6
S01007799,Level 1,131,126,5,1,0,0,4
S01007799,Level 2,79,76,3,0,1,1,1
S01007799,Level 3,47,42,5,2,1,0,2
S01007799,Level 4 and above,124,105,19,3,4,5,7
S01007800,All people aged 16 and over,720,698,22,1,1,11,9
S01007800,No qualifications,341,338,3,0,0,0,3
S01007800,Level 1,184,176,8,1,0,3,4
S01007800,Level 2,61,60,1,0,0,1,0
S01007800,Level 3,55,53,2,0,0,2,0
S01007800,Level 4 and above,79,71,8,0,1,5,2
S01007801,All people aged 16 and over,799,757,42,9,8,4,21
S01007801,No qualifications,348,334,14,0,5,0,9
S01007801,Level 1,178,168,10,4,0,1,5
S01007801,Level 2,154,147,7,1,1,2,3
S01007801,Level 3,57,55,2,2,0,0,0
S01007801,Level 4 and above,62,53,9,2,2,1,4
S01007802,All people aged 16 and over,403,361,42,7,7,15,13
S01007802,No qualifications,60,58,2,0,0,0,2
S01007802,Level 1,130,120,10,2,1,3,4
S01007802,Level 2,71,64,7,1,2,2,2
S01007802,Level 3,49,47,2,0,1,0,1
S01007802,Level 4 and above,93,72,21,4,3,10,4
S01007803,All people aged 16 and over,808,780,28,6,3,6,13
S01007803,No qualifications,370,364,6,0,3,0,3
S01007803,Level 1,232,227,5,0,0,2,3
S01007803,Level 2,68,63,5,3,0,0,2
S01007803,Level 3,73,69,4,2,0,1,1
S01007803,Level 4 and above,65,57,8,1,0,3,4
S01007804,All people aged 16 and over,452,435,17,0,3,6,8
S01007804,No qualifications,187,184,3,0,0,1,2
S01007804,Level 1,106,104,2,0,0,0,2
S01007804,Level 2,53,50,3,0,0,0,3
S01007804,Level 3,50,47,3,0,2,1,0
S01007804,Level 4 and above,56,50,6,0,1,4,1
S01007805,All people aged 16 and over,366,357,9,0,1,5,3
S01007805,No qualifications,148,148,0,0,0,0,0
S01007805,Level 1,102,101,1,0,0,0,1
S01007805,Level 2,38,37,1,0,0,0,1
S01007805,Level 3,28,28,0,0,0,0,0
S01007805,Level 4 and above,50,43,7,0,1,5,1
S01007806,All people aged 16 and over,520,498,22,1,7,10,4
S01007806,No qualifications,214,212,2,0,1,0,1
S01007806,Level 1,139,135,4,0,1,2,1
S01007806,Level 2,62,61,1,0,0,0,1
S01007806,Level 3,41,38,3,0,2,0,1
S01007806,Level 4 and above,64,52,12,1,3,8,0
S01007807,All people aged 16 and over,548,533,15,0,2,0,13
S01007807,No qualifications,108,103,5,0,0,0,5
S01007807,Level 1,142,138,4,0,1,0,3
S01007807,Level 2,95,93,2,0,0,0,2
S01007807,Level 3,77,74,3,0,1,0,2
S01007807,Level 4 and above,126,125,1,0,0,0,1
S01007808,All people aged 16 and over,635,608,27,1,7,7,12
S01007808,No qualifications,209,203,6,0,1,3,2
S01007808,Level 1,172,169,3,0,0,0,3
S01007808,Level 2,90,87,3,0,3,0,0
S01007808,Level 3,76,72,4,0,0,1,3
S01007808,Level 4 and above,88,77,11,1,3,3,4
S01007809,All people aged 16 and over,790,760,30,1,5,1,23
S01007809,No qualifications,173,166,7,0,3,0,4
S01007809,Level 1,199,196,3,0,0,0,3
S01007809,Level 2,115,114,1,0,0,0,1
S01007809,Level 3,80,77,3,0,0,1,2
S01007809,Level 4 and above,223,207,16,1,2,0,13
S01007810,All people aged 16 and over,690,673,17,3,1,6,7
S01007810,No qualifications,305,303,2,0,0,0,2
S01007810,Level 1,189,185,4,0,0,1,3
S01007810,Level 2,70,68,2,1,0,0,1
S01007810,Level 3,58,57,1,0,0,1,0
S01007810,Level 4 and above,68,60,8,2,1,4,1
S01007811,All people aged 16 and over,638,614,24,5,3,5,11
S01007811,No qualifications,273,269,4,0,0,1,3
S01007811,Level 1,189,183,6,4,0,0,2
S01007811,Level 2,60,57,3,0,0,0,3
S01007811,Level 3,53,49,4,1,1,2,0
S01007811,Level 4 and above,63,56,7,0,2,2,3
S01007812,All people aged 16 and over,589,548,41,1,4,22,14
S01007812,No qualifications,258,247,11,0,3,2,6
S01007812,Level 1,173,162,11,1,1,4,5
S01007812,Level 2,57,55,2,0,0,0,2
S01007812,Level 3,56,53,3,0,0,2,1
S01007812,Level 4 and above,45,31,14,0,0,14,0
S01007813,All people aged 16 and over,580,545,35,4,10,8,13
S01007813,No qualifications,256,249,7,0,0,2,5
S01007813,Level 1,152,144,8,1,0,1,6
S01007813,Level 2,39,38,1,0,0,0,1
S01007813,Level 3,63,59,4,0,4,0,0
S01007813,Level 4 and above,70,55,15,3,6,5,1
S01007814,All people aged 16 and over,468,452,16,3,0,0,13
S01007814,No qualifications,161,158,3,1,0,0,2
S01007814,Level 1,129,124,5,0,0,0,5
S01007814,Level 2,72,70,2,0,0,0,2
S01007814,Level 3,39,39,0,0,0,0,0
S01007814,Level 4 and above,67,61,6,2,0,0,4
S01007815,All people aged 16 and over,808,787,21,3,2,0,16
S01007815,No qualifications,214,209,5,0,1,0,4
S01007815,Level 1,211,205,6,2,0,0,4
S01007815,Level 2,108,107,1,0,0,0,1
S01007815,Level 3,91,90,1,0,0,0,1
S01007815,Level 4 and above,184,176,8,1,1,0,6
S01007816,All people aged 16 and over,558,551,7,0,1,0,6
S01007816,No qualifications,120,118,2,0,0,0,2
S01007816,Level 1,188,186,2,0,0,0,2
S01007816,Level 2,86,85,1,0,0,0,1
S01007816,Level 3,59,58,1,0,0,0,1
S01007816,Level 4 and above,105,104,1,0,1,0,0
S01007817,All people aged 16 and over,393,389,4,0,0,3,1
S01007817,No qualifications,177,176,1,0,0,0,1
S01007817,Level 1,84,84,0,0,0,0,0
S01007817,Level 2,51,49,2,0,0,2,0
S01007817,Level 3,32,32,0,0,0,0,0
S01007817,Level 4 and above,49,48,1,0,0,1,0
S01007818,All people aged 16 and over,607,590,17,0,1,2,14
S01007818,No qualifications,162,156,6,0,0,0,6
S01007818,Level 1,177,173,4,0,1,0,3
S01007818,Level 2,84,82,2,0,0,1,1
S01007818,Level 3,63,63,0,0,0,0,0
S01007818,Level 4 and above,121,116,5,0,0,1,4
S01007819,All people aged 16 and over,675,660,15,0,1,1,13
S01007819,No qualifications,214,206,8,0,0,0,8
S01007819,Level 1,188,183,5,0,1,1,3
S01007819,Level 2,76,76,0,0,0,0,0
S01007819,Level 3,68,68,0,0,0,0,0
S01007819,Level 4 and above,129,127,2,0,0,0,2
S01007820,All people aged 16 and over,808,766,42,9,9,7,17
S01007820,No qualifications,269,260,9,1,1,0,7
S01007820,Level 1,232,227,5,0,0,1,4
S01007820,Level 2,112,107,5,2,1,1,1
S01007820,Level 3,76,70,6,3,0,2,1
S01007820,Level 4 and above,119,102,17,3,7,3,4
S01007821,All people aged 16 and over,469,455,14,0,1,5,8
S01007821,No qualifications,142,136,6,0,0,3,3
S01007821,Level 1,132,130,2,0,0,0,2
S01007821,Level 2,54,53,1,0,0,1,0
S01007821,Level 3,54,53,1,0,0,1,0
S01007821,Level 4 and above,87,83,4,0,1,0,3
S01007822,All people aged 16 and over,634,619,15,0,4,0,11
S01007822,No qualifications,209,205,4,0,0,0,4
S01007822,Level 1,162,157,5,0,0,0,5
S01007822,Level 2,67,66,1,0,0,0,1
S01007822,Level 3,72,71,1,0,1,0,0
S01007822,Level 4 and above,124,120,4,0,3,0,1
S01007823,All people aged 16 and over,611,587,24,0,2,2,20
S01007823,No qualifications,116,109,7,0,0,0,7
S01007823,Level 1,157,156,1,0,0,0,1
S01007823,Level 2,106,105,1,0,0,1,0
S01007823,Level 3,58,56,2,0,0,0,2
S01007823,Level 4 and above,174,161,13,0,2,1,10
S01007824,All people aged 16 and over,632,586,46,4,2,5,35
S01007824,No qualifications,169,153,16,0,0,1,15
S01007824,Level 1,154,141,13,1,1,2,9
S01007824,Level 2,88,85,3,0,1,0,2
S01007824,Level 3,55,53,2,0,0,0,2
S01007824,Level 4 and above,166,154,12,3,0,2,7
S01007825,All people aged 16 and over,876,826,50,7,5,4,34
S01007825,No qualifications,234,219,15,0,0,1,14
S01007825,Level 1,229,220,9,1,0,0,8
S01007825,Level 2,115,110,5,1,0,0,4
S01007825,Level 3,91,89,2,0,0,1,1
S01007825,Level 4 and above,207,188,19,5,5,2,7
S01007826,All people aged 16 and over,465,454,11,2,3,1,5
S01007826,No qualifications,220,213,7,1,2,0,4
S01007826,Level 1,119,118,1,1,0,0,0
S01007826,Level 2,37,37,0,0,0,0,0
S01007826,Level 3,37,36,1,0,0,0,1
S01007826,Level 4 and above,52,50,2,0,1,1,0
S01007827,All people aged 16 and over,495,459,36,6,8,8,14
S01007827,No qualifications,98,92,6,1,2,0,3
S01007827,Level 1,122,119,3,0,0,0,3
S01007827,Level 2,67,66,1,0,0,0,1
S01007827,Level 3,72,69,3,1,0,2,0
S01007827,Level 4 and above,136,113,23,4,6,6,7
S01007828,All people aged 16 and over,889,824,65,17,10,11,27
S01007828,No qualifications,293,285,8,1,0,0,7
S01007828,Level 1,202,194,8,1,2,0,5
S01007828,Level 2,104,102,2,0,1,0,1
S01007828,Level 3,95,87,8,3,2,1,2
S01007828,Level 4 and above,195,156,39,12,5,10,12
S01007829,All people aged 16 and over,539,512,27,6,5,3,13
S01007829,No qualifications,229,223,6,1,2,0,3
S01007829,Level 1,106,101,5,2,0,0,3
S01007829,Level 2,52,50,2,0,0,0,2
S01007829,Level 3,50,43,7,2,0,2,3
S01007829,Level 4 and above,102,95,7,1,3,1,2
S01007830,All people aged 16 and over,818,750,68,8,19,12,29
S01007830,No qualifications,312,292,20,0,7,0,13
S01007830,Level 1,183,172,11,0,2,2,7
S01007830,Level 2,86,81,5,1,4,0,0
S01007830,Level 3,72,68,4,0,0,1,3
S01007830,Level 4 and above,165,137,28,7,6,9,6
S01007831,All people aged 16 and over,742,676,66,24,10,9,23
S01007831,No qualifications,263,253,10,2,0,1,7
S01007831,Level 1,190,172,18,10,2,3,3
S01007831,Level 2,83,77,6,4,2,0,0
S01007831,Level 3,78,68,10,0,1,2,7
S01007831,Level 4 and above,128,106,22,8,5,3,6
S01007832,All people aged 16 and over,551,514,37,3,11,6,17
S01007832,No qualifications,187,181,6,0,0,2,4
S01007832,Level 1,151,139,12,1,4,0,7
S01007832,Level 2,63,63,0,0,0,0,0
S01007832,Level 3,50,47,3,0,1,0,2
S01007832,Level 4 and above,100,84,16,2,6,4,4
S01007833,All people aged 16 and over,731,696,35,10,3,6,16
S01007833,No qualifications,335,327,8,4,0,0,4
S01007833,Level 1,167,160,7,0,1,2,4
S01007833,Level 2,54,51,3,2,0,0,1
S01007833,Level 3,65,60,5,1,1,1,2
S01007833,Level 4 and above,110,98,12,3,1,3,5
S01007834,All people aged 16 and over,625,548,77,21,26,12,18
S01007834,No qualifications,182,171,11,3,1,2,5
S01007834,Level 1,144,130,14,0,6,4,4
S01007834,Level 2,75,71,4,0,3,0,1
S01007834,Level 3,64,63,1,1,0,0,0
S01007834,Level 4 and above,160,113,47,17,16,6,8
S01007835,All people aged 16 and over,580,544,36,2,8,8,18
S01007835,No qualifications,153,148,5,0,1,0,4
S01007835,Level 1,133,127,6,0,2,0,4
S01007835,Level 2,75,74,1,0,1,0,0
S01007835,Level 3,57,55,2,0,1,0,1
S01007835,Level 4 and above,162,140,22,2,3,8,9
S01007836,All people aged 16 and over,468,430,38,3,5,8,22
S01007836,No qualifications,120,113,7,0,0,0,7
S01007836,Level 1,104,97,7,2,1,1,3
S01007836,Level 2,65,59,6,0,0,1,5
S01007836,Level 3,38,36,2,0,1,0,1
S01007836,Level 4 and above,141,125,16,1,3,6,6
S01007837,All people aged 16 and over,695,664,31,2,3,0,26
S01007837,No qualifications,140,128,12,1,0,0,11
S01007837,Level 1,167,163,4,0,1,0,3
S01007837,Level 2,109,107,2,0,0,0,2
S01007837,Level 3,98,93,5,0,0,0,5
S01007837,Level 4 and above,181,173,8,1,2,0,5
S01007838,All people aged 16 and over,738,692,46,4,5,9,28
S01007838,No qualifications,162,155,7,0,0,0,7
S01007838,Level 1,178,175,3,1,0,0,2
S01007838,Level 2,106,103,3,0,0,0,3
S01007838,Level 3,83,78,5,0,1,0,4
S01007838,Level 4 and above,209,181,28,3,4,9,12
S01007839,All people aged 16 and over,651,546,105,33,13,20,39
S01007839,No qualifications,244,231,13,0,0,0,13
S01007839,Level 1,116,111,5,4,0,1,0
S01007839,Level 2,96,82,14,6,0,3,5
S01007839,Level 3,37,35,2,1,1,0,0
S01007839,Level 4 and above,158,87,71,22,12,16,21
S01007840,All people aged 16 and over,647,595,52,13,11,9,19
S01007840,No qualifications,211,207,4,0,0,0,4
S01007840,Level 1,160,154,6,0,2,1,3
S01007840,Level 2,96,84,12,6,0,0,6
S01007840,Level 3,59,58,1,0,1,0,0
S01007840,Level 4 and above,121,92,29,7,8,8,6
S01007841,All people aged 16 and over,566,530,36,6,8,4,18
S01007841,No qualifications,170,168,2,0,0,0,2
S01007841,Level 1,205,193,12,1,2,1,8
S01007841,Level 2,65,60,5,1,0,1,3
S01007841,Level 3,39,37,2,0,2,0,0
S01007841,Level 4 and above,87,72,15,4,4,2,5
S01007842,All people aged 16 and over,575,530,45,12,14,9,10
S01007842,No qualifications,150,145,5,0,1,0,4
S01007842,Level 1,195,183,12,5,5,1,1
S01007842,Level 2,78,76,2,1,0,0,1
S01007842,Level 3,60,56,4,1,1,2,0
S01007842,Level 4 and above,92,70,22,5,7,6,4
S01007843,All people aged 16 and over,578,510,68,17,18,20,13
S01007843,No qualifications,167,164,3,0,0,0,3
S01007843,Level 1,185,172,13,3,3,4,3
S01007843,Level 2,78,62,16,12,3,1,0
S01007843,Level 3,53,48,5,2,0,3,0
S01007843,Level 4 and above,95,64,31,0,12,12,7
S01007844,All people aged 16 and over,773,686,87,30,13,23,21
S01007844,No qualifications,216,210,6,0,0,0,6
S01007844,Level 1,214,203,11,1,1,4,5
S01007844,Level 2,94,83,11,4,1,2,4
S01007844,Level 3,92,85,7,1,0,3,3
S01007844,Level 4 and above,157,105,52,24,11,14,3
S01007845,All people aged 16 and over,669,623,46,3,8,15,20
S01007845,No qualifications,282,274,8,0,1,2,5
S01007845,Level 1,171,160,11,1,3,2,5
S01007845,Level 2,74,74,0,0,0,0,0
S01007845,Level 3,51,46,5,0,0,5,0
S01007845,Level 4 and above,91,69,22,2,4,6,10
S01007846,All people aged 16 and over,576,546,30,0,5,8,17
S01007846,No qualifications,207,198,9,0,0,1,8
S01007846,Level 1,169,166,3,0,0,2,1
S01007846,Level 2,64,62,2,0,0,1,1
S01007846,Level 3,45,44,1,0,1,0,0
S01007846,Level 4 and above,91,76,15,0,4,4,7
S01007847,All people aged 16 and over,737,690,47,5,5,21,16
S01007847,No qualifications,271,263,8,1,0,1,6
S01007847,Level 1,214,206,8,2,1,2,3
S01007847,Level 2,91,90,1,0,0,1,0
S01007847,Level 3,58,51,7,0,0,4,3
S01007847,Level 4 and above,103,80,23,2,4,13,4
S01007848,All people aged 16 and over,643,598,45,9,12,10,14
S01007848,No qualifications,272,267,5,0,0,0,5
S01007848,Level 1,155,149,6,1,3,2,0
S01007848,Level 2,75,61,14,8,2,1,3
S01007848,Level 3,57,54,3,0,0,2,1
S01007848,Level 4 and above,84,67,17,0,7,5,5
S01007849,All people aged 16 and over,688,656,32,2,11,5,14
S01007849,No qualifications,245,237,8,1,3,0,4
S01007849,Level 1,236,228,8,1,2,2,3
S01007849,Level 2,81,80,1,0,0,0,1
S01007849,Level 3,55,50,5,0,0,1,4
S01007849,Level 4 and above,71,61,10,0,6,2,2
S01007850,All people aged 16 and over,615,599,16,2,1,1,12
S01007850,No qualifications,273,268,5,0,0,0,5
S01007850,Level 1,191,188,3,0,0,1,2
S01007850,Level 2,51,51,0,0,0,0,0
S01007850,Level 3,48,47,1,0,0,0,1
S01007850,Level 4 and above,52,45,7,2,1,0,4
S01007851,All people aged 16 and over,811,791,20,2,3,2,13
S01007851,No qualifications,347,339,8,0,0,1,7
S01007851,Level 1,187,186,1,0,0,0,1
S01007851,Level 2,91,89,2,0,0,1,1
S01007851,Level 3,64,63,1,0,1,0,0
S01007851,Level 4 and above,122,114,8,2,2,0,4
S01007852,All people aged 16 and over,540,513,27,3,6,5,13
S01007852,No qualifications,189,189,0,0,0,0,0
S01007852,Level 1,172,164,8,2,1,0,5
S01007852,Level 2,62,59,3,0,0,0,3
S01007852,Level 3,46,43,3,0,2,1,0
S01007852,Level 4 and above,71,58,13,1,3,4,5
S01007853,All people aged 16 and over,576,555,21,2,4,7,8
S01007853,No qualifications,270,264,6,0,0,4,2
S01007853,Level 1,126,123,3,0,2,1,0
S01007853,Level 2,63,60,3,0,1,1,1
S01007853,Level 3,50,49,1,0,1,0,0
S01007853,Level 4 and above,67,59,8,2,0,1,5
S01007854,All people aged 16 and over,891,840,51,5,9,7,30
S01007854,No qualifications,359,344,15,1,3,0,11
S01007854,Level 1,239,227,12,1,1,0,10
S01007854,Level 2,85,81,4,0,0,3,1
S01007854,Level 3,66,62,4,0,2,0,2
S01007854,Level 4 and above,142,126,16,3,3,4,6
S01007855,All people aged 16 and over,428,389,39,12,10,9,8
S01007855,No qualifications,167,152,15,7,2,2,4
S01007855,Level 1,97,91,6,1,2,0,3
S01007855,Level 2,56,53,3,0,2,1,0
S01007855,Level 3,47,40,7,2,2,3,0
S01007855,Level 4 and above,61,53,8,2,2,3,1
S01007856,All people aged 16 and over,674,653,21,5,7,2,7
S01007856,No qualifications,205,202,3,0,1,0,2
S01007856,Level 1,214,210,4,1,0,1,2
S01007856,Level 2,82,81,1,0,0,0,1
S01007856,Level 3,53,50,3,1,1,0,1
S01007856,Level 4 and above,120,110,10,3,5,1,1
S01007857,All people aged 16 and over,384,371,13,4,0,1,8
S01007857,No qualifications,131,130,1,0,0,0,1
S01007857,Level 1,130,125,5,2,0,0,3
S01007857,Level 2,37,36,1,0,0,0,1
S01007857,Level 3,38,36,2,1,0,0,1
S01007857,Level 4 and above,48,44,4,1,0,1,2
S01007858,All people aged 16 and over,879,844,35,0,5,7,23
S01007858,No qualifications,341,329,12,0,0,2,10
S01007858,Level 1,264,259,5,0,2,2,1
S01007858,Level 2,72,71,1,0,1,0,0
S01007858,Level 3,87,81,6,0,0,3,3
S01007858,Level 4 and above,115,104,11,0,2,0,9
S01007859,All people aged 16 and over,389,375,14,0,3,2,9
S01007859,No qualifications,161,156,5,0,1,0,4
S01007859,Level 1,124,121,3,0,0,1,2
S01007859,Level 2,28,27,1,0,0,0,1
S01007859,Level 3,35,35,0,0,0,0,0
S01007859,Level 4 and above,41,36,5,0,2,1,2
S01007860,All people aged 16 and over,445,422,23,0,0,6,17
S01007860,No qualifications,102,99,3,0,0,0,3
S01007860,Level 1,129,123,6,0,0,0,6
S01007860,Level 2,62,60,2,0,0,1,1
S01007860,Level 3,51,50,1,0,0,1,0
S01007860,Level 4 and above,101,90,11,0,0,4,7
S01007861,All people aged 16 and over,533,521,12,1,0,1,10
S01007861,No qualifications,235,231,4,0,0,0,4
S01007861,Level 1,150,148,2,1,0,0,1
S01007861,Level 2,56,54,2,0,0,0,2
S01007861,Level 3,46,45,1,0,0,0,1
S01007861,Level 4 and above,46,43,3,0,0,1,2
S01007862,All people aged 16 and over,575,560,15,1,0,6,8
S01007862,No qualifications,226,220,6,1,0,0,5
S01007862,Level 1,174,173,1,0,0,0,1
S01007862,Level 2,73,72,1,0,0,0,1
S01007862,Level 3,39,36,3,0,0,2,1
S01007862,Level 4 and above,63,59,4,0,0,4,0
S01007863,All people aged 16 and over,676,659,17,1,5,4,7
S01007863,No qualifications,286,279,7,0,3,0,4
S01007863,Level 1,234,230,4,1,0,1,2
S01007863,Level 2,46,46,0,0,0,0,0
S01007863,Level 3,63,60,3,0,2,0,1
S01007863,Level 4 and above,47,44,3,0,0,3,0
S01007864,All people aged 16 and over,771,745,26,5,6,4,11
S01007864,No qualifications,300,290,10,1,3,2,4
S01007864,Level 1,226,222,4,2,1,0,1
S01007864,Level 2,94,87,7,2,0,1,4
S01007864,Level 3,59,59,0,0,0,0,0
S01007864,Level 4 and above,92,87,5,0,2,1,2
S01007865,All people aged 16 and over,487,461,26,1,3,5,17
S01007865,No qualifications,54,52,2,0,0,1,1
S01007865,Level 1,120,116,4,0,0,0,4
S01007865,Level 2,76,73,3,0,0,0,3
S01007865,Level 3,56,54,2,0,0,1,1
S01007865,Level 4 and above,181,166,15,1,3,3,8
S01007866,All people aged 16 and over,450,436,14,2,0,2,10
S01007866,No qualifications,54,53,1,0,0,0,1
S01007866,Level 1,145,138,7,1,0,0,6
S01007866,Level 2,71,69,2,0,0,0,2
S01007866,Level 3,64,64,0,0,0,0,0
S01007866,Level 4 and above,116,112,4,1,0,2,1
S01007867,All people aged 16 and over,411,374,37,5,16,6,10
S01007867,No qualifications,86,82,4,0,1,0,3
S01007867,Level 1,84,79,5,0,0,1,4
S01007867,Level 2,45,42,3,0,2,0,1
S01007867,Level 3,51,47,4,0,2,1,1
S01007867,Level 4 and above,145,124,21,5,11,4,1
S01007868,All people aged 16 and over,758,714,44,1,4,9,30
S01007868,No qualifications,134,128,6,0,0,1,5
S01007868,Level 1,187,177,10,0,0,0,10
S01007868,Level 2,146,139,7,1,1,1,4
S01007868,Level 3,74,74,0,0,0,0,0
S01007868,Level 4 and above,217,196,21,0,3,7,11
S01007869,All people aged 16 and over,782,673,109,20,12,21,56
S01007869,No qualifications,132,120,12,3,0,0,9
S01007869,Level 1,141,132,9,2,0,0,7
S01007869,Level 2,91,84,7,2,2,1,2
S01007869,Level 3,65,61,4,0,0,0,4
S01007869,Level 4 and above,353,276,77,13,10,20,34
S01007870,All people aged 16 and over,458,449,9,1,0,2,6
S01007870,No qualifications,172,170,2,0,0,0,2
S01007870,Level 1,112,110,2,0,0,0,2
S01007870,Level 2,60,59,1,0,0,0,1
S01007870,Level 3,36,36,0,0,0,0,0
S01007870,Level 4 and above,78,74,4,1,0,2,1
S01007871,All people aged 16 and over,524,511,13,1,5,1,6
S01007871,No qualifications,278,274,4,0,2,0,2
S01007871,Level 1,141,138,3,0,1,0,2
S01007871,Level 2,56,53,3,1,2,0,0
S01007871,Level 3,20,18,2,0,0,0,2
S01007871,Level 4 and above,29,28,1,0,0,1,0
S01007872,All people aged 16 and over,558,548,10,1,1,0,8
S01007872,No qualifications,267,267,0,0,0,0,0
S01007872,Level 1,151,148,3,0,0,0,3
S01007872,Level 2,66,65,1,0,1,0,0
S01007872,Level 3,30,26,4,0,0,0,4
S01007872,Level 4 and above,44,42,2,1,0,0,1
S01007873,All people aged 16 and over,598,584,14,0,3,2,9
S01007873,No qualifications,258,254,4,0,0,0,4
S01007873,Level 1,153,149,4,0,1,1,2
S01007873,Level 2,77,75,2,0,1,0,1
S01007873,Level 3,39,38,1,0,0,0,1
S01007873,Level 4 and above,71,68,3,0,1,1,1
S01007874,All people aged 16 and over,638,629,9,0,0,1,8
S01007874,No qualifications,295,288,7,0,0,0,7
S01007874,Level 1,180,180,0,0,0,0,0
S01007874,Level 2,66,66,0,0,0,0,0
S01007874,Level 3,37,37,0,0,0,0,0
S01007874,Level 4 and above,60,58,2,0,0,1,1
S01007875,All people aged 16 and over,442,436,6,1,0,1,4
S01007875,No qualifications,140,139,1,0,0,0,1
S01007875,Level 1,110,110,0,0,0,0,0
S01007875,Level 2,61,61,0,0,0,0,0
S01007875,Level 3,41,40,1,0,0,0,1
S01007875,Level 4 and above,90,86,4,1,0,1,2
S01007876,All people aged 16 and over,776,765,11,0,2,2,7
S01007876,No qualifications,227,226,1,0,0,1,0
S01007876,Level 1,202,200,2,0,0,0,2
S01007876,Level 2,124,121,3,0,0,0,3
S01007876,Level 3,95,94,1,0,0,0,1
S01007876,Level 4 and above,128,124,4,0,2,1,1
S01007877,All people aged 16 and over,642,634,8,2,0,1,5
S01007877,No qualifications,290,287,3,0,0,0,3
S01007877,Level 1,166,163,3,2,0,1,0
S01007877,Level 2,74,74,0,0,0,0,0
S01007877,Level 3,50,49,1,0,0,0,1
S01007877,Level 4 and above,62,61,1,0,0,0,1
S01007878,All people aged 16 and over,560,552,8,0,0,0,8
S01007878,No qualifications,272,267,5,0,0,0,5
S01007878,Level 1,144,142,2,0,0,0,2
S01007878,Level 2,55,55,0,0,0,0,0
S01007878,Level 3,42,41,1,0,0,0,1
S01007878,Level 4 and above,47,47,0,0,0,0,0
S01007879,All people aged 16 and over,588,578,10,0,0,2,8
S01007879,No qualifications,257,254,3,0,0,1,2
S01007879,Level 1,157,153,4,0,0,0,4
S01007879,Level 2,78,76,2,0,0,1,1
S01007879,Level 3,50,49,1,0,0,0,1
S01007879,Level 4 and above,46,46,0,0,0,0,0
S01007880,All people aged 16 and over,336,328,8,0,0,1,7
S01007880,No qualifications,105,104,1,0,0,0,1
S01007880,Level 1,61,61,0,0,0,0,0
S01007880,Level 2,55,52,3,0,0,1,2
S01007880,Level 3,23,23,0,0,0,0,0
S01007880,Level 4 and above,92,88,4,0,0,0,4
S01007881,All people aged 16 and over,452,450,2,0,0,0,2
S01007881,No qualifications,175,175,0,0,0,0,0
S01007881,Level 1,126,126,0,0,0,0,0
S01007881,Level 2,48,48,0,0,0,0,0
S01007881,Level 3,48,47,1,0,0,0,1
S01007881,Level 4 and above,55,54,1,0,0,0,1
S01007882,All people aged 16 and over,614,598,16,0,2,3,11
S01007882,No qualifications,145,140,5,0,0,0,5
S01007882,Level 1,144,142,2,0,0,0,2
S01007882,Level 2,80,78,2,0,0,0,2
S01007882,Level 3,62,62,0,0,0,0,0
S01007882,Level 4 and above,183,176,7,0,2,3,2
S01007883,All people aged 16 and over,873,852,21,0,1,1,19
S01007883,No qualifications,258,253,5,0,0,0,5
S01007883,Level 1,205,203,2,0,0,0,2
S01007883,Level 2,125,122,3,0,0,0,3
S01007883,Level 3,101,99,2,0,0,1,1
S01007883,Level 4 and above,184,175,9,0,1,0,8
S01007884,All people aged 16 and over,514,505,9,0,2,2,5
S01007884,No qualifications,176,174,2,0,0,0,2
S01007884,Level 1,155,153,2,0,0,1,1
S01007884,Level 2,89,88,1,0,1,0,0
S01007884,Level 3,48,45,3,0,1,0,2
S01007884,Level 4 and above,46,45,1,0,0,1,0
S01007885,All people aged 16 and over,613,598,15,0,0,1,14
S01007885,No qualifications,292,290,2,0,0,0,2
S01007885,Level 1,169,164,5,0,0,0,5
S01007885,Level 2,55,51,4,0,0,1,3
S01007885,Level 3,51,47,4,0,0,0,4
S01007885,Level 4 and above,46,46,0,0,0,0,0
S01007886,All people aged 16 and over,742,725,17,1,0,1,15
S01007886,No qualifications,256,254,2,0,0,0,2
S01007886,Level 1,157,151,6,1,0,0,5
S01007886,Level 2,118,116,2,0,0,0,2
S01007886,Level 3,83,83,0,0,0,0,0
S01007886,Level 4 and above,128,121,7,0,0,1,6
S01007887,All people aged 16 and over,481,472,9,0,1,0,8
S01007887,No qualifications,117,117,0,0,0,0,0
S01007887,Level 1,118,114,4,0,1,0,3
S01007887,Level 2,78,76,2,0,0,0,2
S01007887,Level 3,53,52,1,0,0,0,1
S01007887,Level 4 and above,115,113,2,0,0,0,2
S01007888,All people aged 16 and over,829,813,16,0,5,2,9
S01007888,No qualifications,381,376,5,0,1,0,4
S01007888,Level 1,246,243,3,0,1,0,2
S01007888,Level 2,84,82,2,0,2,0,0
S01007888,Level 3,48,47,1,0,0,0,1
S01007888,Level 4 and above,70,65,5,0,1,2,2
S01007889,All people aged 16 and over,443,438,5,0,0,0,5
S01007889,No qualifications,211,209,2,0,0,0,2
S01007889,Level 1,117,115,2,0,0,0,2
S01007889,Level 2,48,48,0,0,0,0,0
S01007889,Level 3,34,33,1,0,0,0,1
S01007889,Level 4 and above,33,33,0,0,0,0,0
S01007890,All people aged 16 and over,594,584,10,0,0,4,6
S01007890,No qualifications,225,224,1,0,0,1,0
S01007890,Level 1,177,174,3,0,0,2,1
S01007890,Level 2,72,69,3,0,0,1,2
S01007890,Level 3,42,42,0,0,0,0,0
S01007890,Level 4 and above,78,75,3,0,0,0,3
S01007891,All people aged 16 and over,714,701,13,0,1,2,10
S01007891,No qualifications,271,270,1,0,0,0,1
S01007891,Level 1,193,192,1,0,0,0,1
S01007891,Level 2,100,98,2,0,0,0,2
S01007891,Level 3,52,48,4,0,1,1,2
S01007891,Level 4 and above,98,93,5,0,0,1,4
S01007892,All people aged 16 and over,634,619,15,2,0,1,12
S01007892,No qualifications,167,165,2,0,0,0,2
S01007892,Level 1,138,133,5,0,0,1,4
S01007892,Level 2,110,110,0,0,0,0,0
S01007892,Level 3,74,74,0,0,0,0,0
S01007892,Level 4 and above,145,137,8,2,0,0,6
S01007893,All people aged 16 and over,868,848,20,2,2,6,10
S01007893,No qualifications,233,227,6,0,1,1,4
S01007893,Level 1,206,203,3,0,1,0,2
S01007893,Level 2,123,122,1,0,0,1,0
S01007893,Level 3,87,82,5,0,0,3,2
S01007893,Level 4 and above,219,214,5,2,0,1,2
S01007894,All people aged 16 and over,761,747,14,1,0,0,13
S01007894,No qualifications,279,276,3,0,0,0,3
S01007894,Level 1,196,193,3,1,0,0,2
S01007894,Level 2,119,115,4,0,0,0,4
S01007894,Level 3,72,69,3,0,0,0,3
S01007894,Level 4 and above,95,94,1,0,0,0,1
S01007895,All people aged 16 and over,462,452,10,0,2,3,5
S01007895,No qualifications,138,136,2,0,0,0,2
S01007895,Level 1,96,94,2,0,1,0,1
S01007895,Level 2,72,72,0,0,0,0,0
S01007895,Level 3,44,41,3,0,1,2,0
S01007895,Level 4 and above,112,109,3,0,0,1,2
S01007896,All people aged 16 and over,701,699,2,0,0,0,2
S01007896,No qualifications,306,306,0,0,0,0,0
S01007896,Level 1,189,188,1,0,0,0,1
S01007896,Level 2,73,73,0,0,0,0,0
S01007896,Level 3,69,68,1,0,0,0,1
S01007896,Level 4 and above,64,64,0,0,0,0,0
S01007897,All people aged 16 and over,358,351,7,0,0,1,6
S01007897,No qualifications,96,96,0,0,0,0,0
S01007897,Level 1,85,85,0,0,0,0,0
S01007897,Level 2,55,54,1,0,0,0,1
S01007897,Level 3,38,38,0,0,0,0,0
S01007897,Level 4 and above,84,78,6,0,0,1,5
S01007898,All people aged 16 and over,363,360,3,0,0,0,3
S01007898,No qualifications,90,89,1,0,0,0,1
S01007898,Level 1,112,111,1,0,0,0,1
S01007898,Level 2,59,58,1,0,0,0,1
S01007898,Level 3,30,30,0,0,0,0,0
S01007898,Level 4 and above,72,72,0,0,0,0,0
S01007899,All people aged 16 and over,308,305,3,0,0,1,2
S01007899,No qualifications,99,99,0,0,0,0,0
S01007899,Level 1,78,76,2,0,0,1,1
S01007899,Level 2,54,54,0,0,0,0,0
S01007899,Level 3,29,28,1,0,0,0,1
S01007899,Level 4 and above,48,48,0,0,0,0,0
S01007900,All people aged 16 and over,451,444,7,0,3,1,3
S01007900,No qualifications,219,217,2,0,0,0,2
S01007900,Level 1,102,100,2,0,2,0,0
S01007900,Level 2,60,60,0,0,0,0,0
S01007900,Level 3,35,34,1,0,0,0,1
S01007900,Level 4 and above,35,33,2,0,1,1,0
S01007901,All people aged 16 and over,576,563,13,0,4,3,6
S01007901,No qualifications,242,240,2,0,0,0,2
S01007901,Level 1,171,166,5,0,3,2,0
S01007901,Level 2,73,71,2,0,0,0,2
S01007901,Level 3,41,41,0,0,0,0,0
S01007901,Level 4 and above,49,45,4,0,1,1,2
S01007902,All people aged 16 and over,732,713,19,1,6,1,11
S01007902,No qualifications,372,367,5,0,0,0,5
S01007902,Level 1,199,192,7,0,4,1,2
S01007902,Level 2,66,66,0,0,0,0,0
S01007902,Level 3,52,47,5,0,2,0,3
S01007902,Level 4 and above,43,41,2,1,0,0,1
S01007903,All people aged 16 and over,563,560,3,0,0,0,3
S01007903,No qualifications,246,244,2,0,0,0,2
S01007903,Level 1,138,138,0,0,0,0,0
S01007903,Level 2,65,65,0,0,0,0,0
S01007903,Level 3,52,51,1,0,0,0,1
S01007903,Level 4 and above,62,62,0,0,0,0,0
S01007904,All people aged 16 and over,697,679,18,0,2,1,15
S01007904,No qualifications,225,224,1,0,0,0,1
S01007904,Level 1,165,161,4,0,0,0,4
S01007904,Level 2,76,75,1,0,1,0,0
S01007904,Level 3,73,71,2,0,0,0,2
S01007904,Level 4 and above,158,148,10,0,1,1,8
S01007905,All people aged 16 and over,547,542,5,0,0,1,4
S01007905,No qualifications,267,266,1,0,0,0,1
S01007905,Level 1,169,168,1,0,0,1,0
S01007905,Level 2,48,47,1,0,0,0,1
S01007905,Level 3,28,27,1,0,0,0,1
S01007905,Level 4 and above,35,34,1,0,0,0,1
S01007906,All people aged 16 and over,625,618,7,1,0,2,4
S01007906,No qualifications,360,355,5,1,0,1,3
S01007906,Level 1,134,133,1,0,0,0,1
S01007906,Level 2,48,48,0,0,0,0,0
S01007906,Level 3,37,37,0,0,0,0,0
S01007906,Level 4 and above,46,45,1,0,0,1,0
S01007907,All people aged 16 and over,475,474,1,0,0,0,1
S01007907,No qualifications,236,236,0,0,0,0,0
S01007907,Level 1,106,106,0,0,0,0,0
S01007907,Level 2,52,52,0,0,0,0,0
S01007907,Level 3,30,30,0,0,0,0,0
S01007907,Level 4 and above,51,50,1,0,0,0,1
S01007908,All people aged 16 and over,796,790,6,0,0,0,6
S01007908,No qualifications,355,354,1,0,0,0,1
S01007908,Level 1,182,182,0,0,0,0,0
S01007908,Level 2,106,105,1,0,0,0,1
S01007908,Level 3,72,72,0,0,0,0,0
S01007908,Level 4 and above,81,77,4,0,0,0,4
S01007909,All people aged 16 and over,422,418,4,0,0,1,3
S01007909,No qualifications,147,147,0,0,0,0,0
S01007909,Level 1,121,118,3,0,0,1,2
S01007909,Level 2,73,73,0,0,0,0,0
S01007909,Level 3,42,41,1,0,0,0,1
S01007909,Level 4 and above,39,39,0,0,0,0,0
S01007910,All people aged 16 and over,695,685,10,1,2,2,5
S01007910,No qualifications,255,249,6,0,1,2,3
S01007910,Level 1,230,227,3,0,1,0,2
S01007910,Level 2,88,87,1,1,0,0,0
S01007910,Level 3,65,65,0,0,0,0,0
S01007910,Level 4 and above,57,57,0,0,0,0,0
S01007911,All people aged 16 and over,633,630,3,0,1,0,2
S01007911,No qualifications,240,239,1,0,0,0,1
S01007911,Level 1,161,161,0,0,0,0,0
S01007911,Level 2,99,99,0,0,0,0,0
S01007911,Level 3,69,69,0,0,0,0,0
S01007911,Level 4 and above,64,62,2,0,1,0,1
S01007912,All people aged 16 and over,662,656,6,0,0,2,4
S01007912,No qualifications,275,271,4,0,0,2,2
S01007912,Level 1,163,162,1,0,0,0,1
S01007912,Level 2,81,81,0,0,0,0,0
S01007912,Level 3,63,63,0,0,0,0,0
S01007912,Level 4 and above,80,79,1,0,0,0,1
S01007913,All people aged 16 and over,509,505,4,0,0,0,4
S01007913,No qualifications,248,247,1,0,0,0,1
S01007913,Level 1,144,142,2,0,0,0,2
S01007913,Level 2,54,53,1,0,0,0,1
S01007913,Level 3,35,35,0,0,0,0,0
S01007913,Level 4 and above,28,28,0,0,0,0,0
S01007914,All people aged 16 and over,517,514,3,0,0,0,3
S01007914,No qualifications,204,204,0,0,0,0,0
S01007914,Level 1,135,133,2,0,0,0,2
S01007914,Level 2,62,62,0,0,0,0,0
S01007914,Level 3,59,58,1,0,0,0,1
S01007914,Level 4 and above,57,57,0,0,0,0,0
S01007915,All people aged 16 and over,686,673,13,0,0,2,11
S01007915,No qualifications,245,239,6,0,0,0,6
S01007915,Level 1,185,182,3,0,0,2,1
S01007915,Level 2,100,99,1,0,0,0,1
S01007915,Level 3,83,82,1,0,0,0,1
S01007915,Level 4 and above,73,71,2,0,0,0,2
S01007916,All people aged 16 and over,704,695,9,0,0,3,6
S01007916,No qualifications,313,311,2,0,0,0,2
S01007916,Level 1,167,163,4,0,0,2,2
S01007916,Level 2,96,96,0,0,0,0,0
S01007916,Level 3,51,51,0,0,0,0,0
S01007916,Level 4 and above,77,74,3,0,0,1,2
S01007917,All people aged 16 and over,731,725,6,0,0,0,6
S01007917,No qualifications,314,312,2,0,0,0,2
S01007917,Level 1,208,205,3,0,0,0,3
S01007917,Level 2,83,83,0,0,0,0,0
S01007917,Level 3,53,53,0,0,0,0,0
S01007917,Level 4 and above,73,72,1,0,0,0,1
S01007918,All people aged 16 and over,794,780,14,1,3,0,10
S01007918,No qualifications,289,285,4,0,0,0,4
S01007918,Level 1,178,174,4,0,1,0,3
S01007918,Level 2,109,109,0,0,0,0,0
S01007918,Level 3,82,79,3,0,2,0,1
S01007918,Level 4 and above,136,133,3,1,0,0,2
S01007919,All people aged 16 and over,649,639,10,0,0,0,10
S01007919,No qualifications,142,137,5,0,0,0,5
S01007919,Level 1,121,120,1,0,0,0,1
S01007919,Level 2,106,105,1,0,0,0,1
S01007919,Level 3,80,78,2,0,0,0,2
S01007919,Level 4 and above,200,199,1,0,0,0,1
S01007920,All people aged 16 and over,493,470,23,0,1,3,19
S01007920,No qualifications,112,100,12,0,0,1,11
S01007920,Level 1,103,99,4,0,1,2,1
S01007920,Level 2,99,96,3,0,0,0,3
S01007920,Level 3,68,65,3,0,0,0,3
S01007920,Level 4 and above,111,110,1,0,0,0,1
S01007921,All people aged 16 and over,776,765,11,1,2,0,8
S01007921,No qualifications,365,359,6,0,2,0,4
S01007921,Level 1,215,215,0,0,0,0,0
S01007921,Level 2,89,89,0,0,0,0,0
S01007921,Level 3,48,48,0,0,0,0,0
S01007921,Level 4 and above,59,54,5,1,0,0,4
S01007922,All people aged 16 and over,718,701,17,5,1,3,8
S01007922,No qualifications,348,342,6,1,0,0,5
S01007922,Level 1,174,172,2,1,0,1,0
S01007922,Level 2,88,86,2,0,0,1,1
S01007922,Level 3,58,56,2,0,0,1,1
S01007922,Level 4 and above,50,45,5,3,1,0,1
S01007923,All people aged 16 and over,814,785,29,4,5,13,7
S01007923,No qualifications,282,277,5,2,0,2,1
S01007923,Level 1,209,200,9,2,3,2,2
S01007923,Level 2,106,103,3,0,0,1,2
S01007923,Level 3,77,75,2,0,0,2,0
S01007923,Level 4 and above,140,130,10,0,2,6,2
S01007924,All people aged 16 and over,826,803,23,1,4,5,13
S01007924,No qualifications,361,355,6,0,0,1,5
S01007924,Level 1,217,206,11,1,3,2,5
S01007924,Level 2,85,81,4,0,0,2,2
S01007924,Level 3,69,69,0,0,0,0,0
S01007924,Level 4 and above,94,92,2,0,1,0,1
S01007925,All people aged 16 and over,387,376,11,1,1,0,9
S01007925,No qualifications,88,87,1,0,0,0,1
S01007925,Level 1,69,67,2,0,0,0,2
S01007925,Level 2,63,63,0,0,0,0,0
S01007925,Level 3,49,48,1,0,0,0,1
S01007925,Level 4 and above,118,111,7,1,1,0,5
S01007926,All people aged 16 and over,393,383,10,0,2,0,8
S01007926,No qualifications,98,97,1,0,0,0,1
S01007926,Level 1,88,87,1,0,1,0,0
S01007926,Level 2,65,64,1,0,1,0,0
S01007926,Level 3,40,40,0,0,0,0,0
S01007926,Level 4 and above,102,95,7,0,0,0,7
S01007927,All people aged 16 and over,525,507,18,1,1,3,13
S01007927,No qualifications,131,123,8,0,1,1,6
S01007927,Level 1,86,81,5,1,0,2,2
S01007927,Level 2,81,81,0,0,0,0,0
S01007927,Level 3,64,63,1,0,0,0,1
S01007927,Level 4 and above,163,159,4,0,0,0,4
S01007928,All people aged 16 and over,850,822,28,5,4,2,17
S01007928,No qualifications,215,210,5,0,0,0,5
S01007928,Level 1,167,164,3,0,1,0,2
S01007928,Level 2,135,129,6,1,2,1,2
S01007928,Level 3,59,59,0,0,0,0,0
S01007928,Level 4 and above,274,260,14,4,1,1,8
S01007929,All people aged 16 and over,598,577,21,0,0,5,16
S01007929,No qualifications,111,109,2,0,0,0,2
S01007929,Level 1,128,122,6,0,0,1,5
S01007929,Level 2,99,93,6,0,0,1,5
S01007929,Level 3,62,61,1,0,0,0,1
S01007929,Level 4 and above,198,192,6,0,0,3,3
S01007930,All people aged 16 and over,473,458,15,0,1,2,12
S01007930,No qualifications,86,85,1,0,0,1,0
S01007930,Level 1,90,88,2,0,1,1,0
S01007930,Level 2,92,90,2,0,0,0,2
S01007930,Level 3,36,36,0,0,0,0,0
S01007930,Level 4 and above,169,159,10,0,0,0,10
S01007931,All people aged 16 and over,912,863,49,1,3,4,41
S01007931,No qualifications,219,207,12,0,0,0,12
S01007931,Level 1,155,147,8,1,0,1,6
S01007931,Level 2,118,114,4,0,0,0,4
S01007931,Level 3,84,79,5,0,0,2,3
S01007931,Level 4 and above,336,316,20,0,3,1,16
S01007932,All people aged 16 and over,725,709,16,0,2,2,12
S01007932,No qualifications,142,139,3,0,0,0,3
S01007932,Level 1,145,142,3,0,1,1,1
S01007932,Level 2,124,123,1,0,0,0,1
S01007932,Level 3,72,69,3,0,0,1,2
S01007932,Level 4 and above,242,236,6,0,1,0,5
S01007933,All people aged 16 and over,650,622,28,1,3,3,21
S01007933,No qualifications,156,149,7,1,1,0,5
S01007933,Level 1,145,142,3,0,0,0,3
S01007933,Level 2,111,104,7,0,1,1,5
S01007933,Level 3,61,58,3,0,1,0,2
S01007933,Level 4 and above,177,169,8,0,0,2,6
S01007934,All people aged 16 and over,561,548,13,0,1,1,11
S01007934,No qualifications,143,141,2,0,0,0,2
S01007934,Level 1,148,146,2,0,0,0,2
S01007934,Level 2,107,102,5,0,1,0,4
S01007934,Level 3,56,55,1,0,0,0,1
S01007934,Level 4 and above,107,104,3,0,0,1,2
S01007935,All people aged 16 and over,678,654,24,0,2,2,20
S01007935,No qualifications,173,171,2,0,0,0,2
S01007935,Level 1,145,142,3,0,1,0,2
S01007935,Level 2,110,105,5,0,0,0,5
S01007935,Level 3,82,79,3,0,1,1,1
S01007935,Level 4 and above,168,157,11,0,0,1,10
S01007936,All people aged 16 and over,791,763,28,1,0,2,25
S01007936,No qualifications,118,117,1,0,0,0,1
S01007936,Level 1,108,105,3,0,0,1,2
S01007936,Level 2,124,121,3,0,0,0,3
S01007936,Level 3,102,100,2,0,0,0,2
S01007936,Level 4 and above,339,320,19,1,0,1,17
S01007937,All people aged 16 and over,865,844,21,2,4,1,14
S01007937,No qualifications,155,150,5,1,0,0,4
S01007937,Level 1,202,196,6,0,3,0,3
S01007937,Level 2,143,142,1,0,0,0,1
S01007937,Level 3,89,89,0,0,0,0,0
S01007937,Level 4 and above,276,267,9,1,1,1,6
S01007938,All people aged 16 and over,632,622,10,0,0,1,9
S01007938,No qualifications,227,223,4,0,0,0,4
S01007938,Level 1,155,153,2,0,0,0,2
S01007938,Level 2,73,73,0,0,0,0,0
S01007938,Level 3,83,82,1,0,0,1,0
S01007938,Level 4 and above,94,91,3,0,0,0,3
S01007939,All people aged 16 and over,713,698,15,1,0,2,12
S01007939,No qualifications,260,258,2,0,0,0,2
S01007939,Level 1,211,202,9,1,0,2,6
S01007939,Level 2,85,84,1,0,0,0,1
S01007939,Level 3,78,75,3,0,0,0,3
S01007939,Level 4 and above,79,79,0,0,0,0,0
S01007940,All people aged 16 and over,871,852,19,7,3,2,7
S01007940,No qualifications,301,297,4,0,2,1,1
S01007940,Level 1,211,209,2,0,1,1,0
S01007940,Level 2,120,120,0,0,0,0,0
S01007940,Level 3,65,65,0,0,0,0,0
S01007940,Level 4 and above,174,161,13,7,0,0,6
S01007941,All people aged 16 and over,544,531,13,0,0,4,9
S01007941,No qualifications,132,132,0,0,0,0,0
S01007941,Level 1,132,127,5,0,0,1,4
S01007941,Level 2,98,97,1,0,0,0,1
S01007941,Level 3,64,61,3,0,0,2,1
S01007941,Level 4 and above,118,114,4,0,0,1,3
S01007942,All people aged 16 and over,362,356,6,0,0,0,6
S01007942,No qualifications,77,75,2,0,0,0,2
S01007942,Level 1,111,110,1,0,0,0,1
S01007942,Level 2,51,50,1,0,0,0,1
S01007942,Level 3,53,53,0,0,0,0,0
S01007942,Level 4 and above,70,68,2,0,0,0,2
S01007943,All people aged 16 and over,564,552,12,0,1,2,9
S01007943,No qualifications,204,200,4,0,0,1,3
S01007943,Level 1,122,119,3,0,0,0,3
S01007943,Level 2,79,78,1,0,0,0,1
S01007943,Level 3,51,50,1,0,0,0,1
S01007943,Level 4 and above,108,105,3,0,1,1,1
S01007944,All people aged 16 and over,764,750,14,2,1,2,9
S01007944,No qualifications,248,241,7,0,1,1,5
S01007944,Level 1,218,218,0,0,0,0,0
S01007944,Level 2,109,107,2,0,0,1,1
S01007944,Level 3,65,64,1,0,0,0,1
S01007944,Level 4 and above,124,120,4,2,0,0,2
S01007945,All people aged 16 and over,723,706,17,0,2,1,14
S01007945,No qualifications,233,229,4,0,0,0,4
S01007945,Level 1,171,166,5,0,0,0,5
S01007945,Level 2,105,105,0,0,0,0,0
S01007945,Level 3,62,60,2,0,0,0,2
S01007945,Level 4 and above,152,146,6,0,2,1,3
S01007946,All people aged 16 and over,663,656,7,0,0,0,7
S01007946,No qualifications,223,221,2,0,0,0,2
S01007946,Level 1,150,148,2,0,0,0,2
S01007946,Level 2,100,100,0,0,0,0,0
S01007946,Level 3,65,64,1,0,0,0,1
S01007946,Level 4 and above,125,123,2,0,0,0,2
S01007947,All people aged 16 and over,618,598,20,6,2,2,10
S01007947,No qualifications,172,167,5,2,0,0,3
S01007947,Level 1,127,122,5,1,2,0,2
S01007947,Level 2,105,102,3,1,0,0,2
S01007947,Level 3,69,67,2,0,0,1,1
S01007947,Level 4 and above,145,140,5,2,0,1,2
S01007948,All people aged 16 and over,526,509,17,1,2,2,12
S01007948,No qualifications,246,243,3,0,0,0,3
S01007948,Level 1,138,131,7,0,1,2,4
S01007948,Level 2,52,50,2,0,0,0,2
S01007948,Level 3,48,47,1,0,1,0,0
S01007948,Level 4 and above,42,38,4,1,0,0,3
S01007949,All people aged 16 and over,654,644,10,1,2,0,7
S01007949,No qualifications,172,171,1,0,0,0,1
S01007949,Level 1,159,156,3,0,1,0,2
S01007949,Level 2,112,111,1,0,0,0,1
S01007949,Level 3,93,93,0,0,0,0,0
S01007949,Level 4 and above,118,113,5,1,1,0,3
S01007950,All people aged 16 and over,735,724,11,1,2,1,7
S01007950,No qualifications,177,173,4,0,1,0,3
S01007950,Level 1,176,176,0,0,0,0,0
S01007950,Level 2,117,116,1,0,0,0,1
S01007950,Level 3,95,93,2,0,0,0,2
S01007950,Level 4 and above,170,166,4,1,1,1,1
S01007951,All people aged 16 and over,619,605,14,1,1,3,9
S01007951,No qualifications,184,181,3,0,0,0,3
S01007951,Level 1,177,170,7,1,0,1,5
S01007951,Level 2,71,70,1,0,0,1,0
S01007951,Level 3,66,65,1,0,0,1,0
S01007951,Level 4 and above,121,119,2,0,1,0,1
S01007952,All people aged 16 and over,543,528,15,0,2,4,9
S01007952,No qualifications,229,223,6,0,0,0,6
S01007952,Level 1,124,122,2,0,0,1,1
S01007952,Level 2,75,73,2,0,1,0,1
S01007952,Level 3,50,49,1,0,0,0,1
S01007952,Level 4 and above,65,61,4,0,1,3,0
S01007953,All people aged 16 and over,763,756,7,0,1,0,6
S01007953,No qualifications,277,276,1,0,0,0,1
S01007953,Level 1,211,210,1,0,0,0,1
S01007953,Level 2,106,104,2,0,0,0,2
S01007953,Level 3,74,74,0,0,0,0,0
S01007953,Level 4 and above,95,92,3,0,1,0,2
S01007954,All people aged 16 and over,586,576,10,2,4,2,2
S01007954,No qualifications,244,242,2,1,1,0,0
S01007954,Level 1,165,163,2,0,0,1,1
S01007954,Level 2,61,59,2,0,1,0,1
S01007954,Level 3,57,55,2,0,2,0,0
S01007954,Level 4 and above,59,57,2,1,0,1,0
S01007955,All people aged 16 and over,636,619,17,0,0,1,16
S01007955,No qualifications,241,235,6,0,0,1,5
S01007955,Level 1,213,209,4,0,0,0,4
S01007955,Level 2,73,72,1,0,0,0,1
S01007955,Level 3,60,57,3,0,0,0,3
S01007955,Level 4 and above,49,46,3,0,0,0,3
S01007956,All people aged 16 and over,577,565,12,0,2,2,8
S01007956,No qualifications,211,206,5,0,2,0,3
S01007956,Level 1,185,179,6,0,0,2,4
S01007956,Level 2,64,64,0,0,0,0,0
S01007956,Level 3,71,70,1,0,0,0,1
S01007956,Level 4 and above,46,46,0,0,0,0,0
S01007957,All people aged 16 and over,795,766,29,3,1,5,20
S01007957,No qualifications,352,341,11,2,0,1,8
S01007957,Level 1,185,184,1,0,0,0,1
S01007957,Level 2,95,92,3,0,0,0,3
S01007957,Level 3,67,62,5,0,0,1,4
S01007957,Level 4 and above,96,87,9,1,1,3,4
S01007958,All people aged 16 and over,740,729,11,0,3,1,7
S01007958,No qualifications,312,311,1,0,0,0,1
S01007958,Level 1,179,174,5,0,1,0,4
S01007958,Level 2,91,90,1,0,0,0,1
S01007958,Level 3,72,71,1,0,0,0,1
S01007958,Level 4 and above,86,83,3,0,2,1,0
S01007959,All people aged 16 and over,690,671,19,1,1,2,15
S01007959,No qualifications,278,270,8,0,0,0,8
S01007959,Level 1,144,143,1,0,0,1,0
S01007959,Level 2,85,81,4,0,0,1,3
S01007959,Level 3,63,63,0,0,0,0,0
S01007959,Level 4 and above,120,114,6,1,1,0,4
S01007960,All people aged 16 and over,571,566,5,0,0,0,5
S01007960,No qualifications,220,220,0,0,0,0,0
S01007960,Level 1,145,143,2,0,0,0,2
S01007960,Level 2,72,71,1,0,0,0,1
S01007960,Level 3,68,68,0,0,0,0,0
S01007960,Level 4 and above,66,64,2,0,0,0,2
S01007961,All people aged 16 and over,1103,1079,24,5,2,1,16
S01007961,No qualifications,402,387,15,4,2,0,9
S01007961,Level 1,288,286,2,0,0,1,1
S01007961,Level 2,130,129,1,0,0,0,1
S01007961,Level 3,95,94,1,0,0,0,1
S01007961,Level 4 and above,188,183,5,1,0,0,4
S01007962,All people aged 16 and over,443,427,16,0,1,1,14
S01007962,No qualifications,128,124,4,0,0,0,4
S01007962,Level 1,141,137,4,0,0,0,4
S01007962,Level 2,64,63,1,0,0,0,1
S01007962,Level 3,49,47,2,0,0,0,2
S01007962,Level 4 and above,61,56,5,0,1,1,3
S01007963,All people aged 16 and over,702,674,28,3,0,3,22
S01007963,No qualifications,348,334,14,2,0,1,11
S01007963,Level 1,211,205,6,0,0,1,5
S01007963,Level 2,56,54,2,0,0,0,2
S01007963,Level 3,49,46,3,0,0,1,2
S01007963,Level 4 and above,38,35,3,1,0,0,2
S01007964,All people aged 16 and over,643,630,13,1,0,8,4
S01007964,No qualifications,290,286,4,0,0,2,2
S01007964,Level 1,181,177,4,0,0,3,1
S01007964,Level 2,68,68,0,0,0,0,0
S01007964,Level 3,47,45,2,0,0,2,0
S01007964,Level 4 and above,57,54,3,1,0,1,1
S01007965,All people aged 16 and over,456,445,11,0,1,2,8
S01007965,No qualifications,173,171,2,0,0,1,1
S01007965,Level 1,135,130,5,0,0,0,5
S01007965,Level 2,75,74,1,0,0,0,1
S01007965,Level 3,44,43,1,0,0,0,1
S01007965,Level 4 and above,29,27,2,0,1,1,0
S01007966,All people aged 16 and over,733,713,20,1,0,3,16
S01007966,No qualifications,346,337,9,0,0,2,7
S01007966,Level 1,194,191,3,1,0,1,1
S01007966,Level 2,61,58,3,0,0,0,3
S01007966,Level 3,64,63,1,0,0,0,1
S01007966,Level 4 and above,68,64,4,0,0,0,4
S01007967,All people aged 16 and over,464,448,16,3,1,3,9
S01007967,No qualifications,189,180,9,3,1,1,4
S01007967,Level 1,137,134,3,0,0,0,3
S01007967,Level 2,63,62,1,0,0,1,0
S01007967,Level 3,47,46,1,0,0,1,0
S01007967,Level 4 and above,28,26,2,0,0,0,2
S01007968,All people aged 16 and over,741,722,19,0,1,1,17
S01007968,No qualifications,322,315,7,0,0,0,7
S01007968,Level 1,183,178,5,0,1,0,4
S01007968,Level 2,86,85,1,0,0,0,1
S01007968,Level 3,75,73,2,0,0,0,2
S01007968,Level 4 and above,75,71,4,0,0,1,3
S01007969,All people aged 16 and over,700,684,16,0,2,3,11
S01007969,No qualifications,289,285,4,0,0,0,4
S01007969,Level 1,163,157,6,0,2,1,3
S01007969,Level 2,83,83,0,0,0,0,0
S01007969,Level 3,80,78,2,0,0,0,2
S01007969,Level 4 and above,85,81,4,0,0,2,2
S01007970,All people aged 16 and over,707,695,12,0,3,3,6
S01007970,No qualifications,295,290,5,0,1,1,3
S01007970,Level 1,183,179,4,0,1,1,2
S01007970,Level 2,83,83,0,0,0,0,0
S01007970,Level 3,74,74,0,0,0,0,0
S01007970,Level 4 and above,72,69,3,0,1,1,1
S01007971,All people aged 16 and over,796,779,17,0,1,1,15
S01007971,No qualifications,324,318,6,0,0,0,6
S01007971,Level 1,222,217,5,0,1,0,4
S01007971,Level 2,86,84,2,0,0,0,2
S01007971,Level 3,69,69,0,0,0,0,0
S01007971,Level 4 and above,95,91,4,0,0,1,3
S01007972,All people aged 16 and over,705,697,8,0,1,2,5
S01007972,No qualifications,297,296,1,0,0,1,0
S01007972,Level 1,198,194,4,0,1,0,3
S01007972,Level 2,82,82,0,0,0,0,0
S01007972,Level 3,61,61,0,0,0,0,0
S01007972,Level 4 and above,67,64,3,0,0,1,2
S01007973,All people aged 16 and over,724,712,12,1,0,1,10
S01007973,No qualifications,185,181,4,0,0,1,3
S01007973,Level 1,183,183,0,0,0,0,0
S01007973,Level 2,110,109,1,0,0,0,1
S01007973,Level 3,84,81,3,0,0,0,3
S01007973,Level 4 and above,162,158,4,1,0,0,3
S01007974,All people aged 16 and over,699,687,12,0,1,3,8
S01007974,No qualifications,310,307,3,0,0,0,3
S01007974,Level 1,190,185,5,0,1,1,3
S01007974,Level 2,80,80,0,0,0,0,0
S01007974,Level 3,52,52,0,0,0,0,0
S01007974,Level 4 and above,67,63,4,0,0,2,2
S01007975,All people aged 16 and over,561,549,12,2,0,2,8
S01007975,No qualifications,232,230,2,0,0,0,2
S01007975,Level 1,137,137,0,0,0,0,0
S01007975,Level 2,75,75,0,0,0,0,0
S01007975,Level 3,47,46,1,0,0,0,1
S01007975,Level 4 and above,70,61,9,2,0,2,5
S01007976,All people aged 16 and over,645,626,19,0,3,5,11
S01007976,No qualifications,296,286,10,0,1,0,9
S01007976,Level 1,113,111,2,0,1,0,1
S01007976,Level 2,76,76,0,0,0,0,0
S01007976,Level 3,71,70,1,0,0,1,0
S01007976,Level 4 and above,89,83,6,0,1,4,1
S01007977,All people aged 16 and over,558,549,9,0,0,3,6
S01007977,No qualifications,124,124,0,0,0,0,0
S01007977,Level 1,133,133,0,0,0,0,0
S01007977,Level 2,71,71,0,0,0,0,0
S01007977,Level 3,66,65,1,0,0,1,0
S01007977,Level 4 and above,164,156,8,0,0,2,6
S01007978,All people aged 16 and over,505,494,11,0,2,3,6
S01007978,No qualifications,146,145,1,0,0,0,1
S01007978,Level 1,103,101,2,0,0,1,1
S01007978,Level 2,78,75,3,0,0,0,3
S01007978,Level 3,70,69,1,0,0,1,0
S01007978,Level 4 and above,108,104,4,0,2,1,1
S01007979,All people aged 16 and over,707,683,24,1,2,3,18
S01007979,No qualifications,141,137,4,0,0,0,4
S01007979,Level 1,125,120,5,0,1,1,3
S01007979,Level 2,114,110,4,0,0,0,4
S01007979,Level 3,87,86,1,0,0,0,1
S01007979,Level 4 and above,240,230,10,1,1,2,6
S01007980,All people aged 16 and over,611,596,15,5,1,3,6
S01007980,No qualifications,184,181,3,1,0,0,2
S01007980,Level 1,143,138,5,3,1,0,1
S01007980,Level 2,91,91,0,0,0,0,0
S01007980,Level 3,65,63,2,0,0,0,2
S01007980,Level 4 and above,128,123,5,1,0,3,1
S01007981,All people aged 16 and over,488,478,10,0,0,1,9
S01007981,No qualifications,163,160,3,0,0,1,2
S01007981,Level 1,106,103,3,0,0,0,3
S01007981,Level 2,66,66,0,0,0,0,0
S01007981,Level 3,45,43,2,0,0,0,2
S01007981,Level 4 and above,108,106,2,0,0,0,2
S01007982,All people aged 16 and over,439,435,4,0,0,0,4
S01007982,No qualifications,127,126,1,0,0,0,1
S01007982,Level 1,103,101,2,0,0,0,2
S01007982,Level 2,57,57,0,0,0,0,0
S01007982,Level 3,49,48,1,0,0,0,1
S01007982,Level 4 and above,103,103,0,0,0,0,0
S01007983,All people aged 16 and over,649,633,16,0,2,1,13
S01007983,No qualifications,287,281,6,0,1,0,5
S01007983,Level 1,165,162,3,0,0,0,3
S01007983,Level 2,68,66,2,0,0,0,2
S01007983,Level 3,70,70,0,0,0,0,0
S01007983,Level 4 and above,59,54,5,0,1,1,3
S01007984,All people aged 16 and over,681,662,19,0,3,3,13
S01007984,No qualifications,241,235,6,0,1,0,5
S01007984,Level 1,146,140,6,0,0,1,5
S01007984,Level 2,78,78,0,0,0,0,0
S01007984,Level 3,74,72,2,0,0,1,1
S01007984,Level 4 and above,142,137,5,0,2,1,2
S01007985,All people aged 16 and over,744,723,21,2,1,4,14
S01007985,No qualifications,288,280,8,0,1,1,6
S01007985,Level 1,231,225,6,2,0,2,2
S01007985,Level 2,97,93,4,0,0,0,4
S01007985,Level 3,68,67,1,0,0,1,0
S01007985,Level 4 and above,60,58,2,0,0,0,2
S01007986,All people aged 16 and over,475,467,8,0,1,2,5
S01007986,No qualifications,181,180,1,0,0,0,1
S01007986,Level 1,119,116,3,0,1,1,1
S01007986,Level 2,67,65,2,0,0,0,2
S01007986,Level 3,51,50,1,0,0,0,1
S01007986,Level 4 and above,57,56,1,0,0,1,0
S01007987,All people aged 16 and over,621,606,15,1,4,2,8
S01007987,No qualifications,188,186,2,0,0,0,2
S01007987,Level 1,140,137,3,0,1,0,2
S01007987,Level 2,103,102,1,0,1,0,0
S01007987,Level 3,70,69,1,0,0,0,1
S01007987,Level 4 and above,120,112,8,1,2,2,3
S01007988,All people aged 16 and over,667,651,16,0,0,5,11
S01007988,No qualifications,262,257,5,0,0,1,4
S01007988,Level 1,173,168,5,0,0,0,5
S01007988,Level 2,95,95,0,0,0,0,0
S01007988,Level 3,66,64,2,0,0,0,2
S01007988,Level 4 and above,71,67,4,0,0,4,0
S01007989,All people aged 16 and over,551,531,20,0,2,3,15
S01007989,No qualifications,167,159,8,0,0,0,8
S01007989,Level 1,163,160,3,0,0,1,2
S01007989,Level 2,89,86,3,0,0,1,2
S01007989,Level 3,74,72,2,0,0,1,1
S01007989,Level 4 and above,58,54,4,0,2,0,2
S01007990,All people aged 16 and over,683,660,23,0,2,4,17
S01007990,No qualifications,154,146,8,0,1,2,5
S01007990,Level 1,216,211,5,0,0,0,5
S01007990,Level 2,111,110,1,0,0,0,1
S01007990,Level 3,94,91,3,0,0,0,3
S01007990,Level 4 and above,108,102,6,0,1,2,3
S01007991,All people aged 16 and over,720,681,39,3,2,4,30
S01007991,No qualifications,86,75,11,0,0,0,11
S01007991,Level 1,134,129,5,1,0,1,3
S01007991,Level 2,144,140,4,0,0,2,2
S01007991,Level 3,100,97,3,0,0,0,3
S01007991,Level 4 and above,256,240,16,2,2,1,11
S01007992,All people aged 16 and over,494,458,36,0,2,11,23
S01007992,No qualifications,65,56,9,0,0,0,9
S01007992,Level 1,106,98,8,0,1,1,6
S01007992,Level 2,88,85,3,0,0,0,3
S01007992,Level 3,77,73,4,0,1,3,0
S01007992,Level 4 and above,158,146,12,0,0,7,5
S01007993,All people aged 16 and over,703,690,13,0,1,2,10
S01007993,No qualifications,139,139,0,0,0,0,0
S01007993,Level 1,166,165,1,0,0,0,1
S01007993,Level 2,127,125,2,0,0,0,2
S01007993,Level 3,89,85,4,0,0,1,3
S01007993,Level 4 and above,182,176,6,0,1,1,4
S01007994,All people aged 16 and over,605,569,36,1,4,13,18
S01007994,No qualifications,56,54,2,0,0,0,2
S01007994,Level 1,129,121,8,0,0,3,5
S01007994,Level 2,97,94,3,0,1,0,2
S01007994,Level 3,111,105,6,0,1,3,2
S01007994,Level 4 and above,212,195,17,1,2,7,7
S01007995,All people aged 16 and over,683,658,25,0,2,9,14
S01007995,No qualifications,103,101,2,0,0,0,2
S01007995,Level 1,180,173,7,0,0,2,5
S01007995,Level 2,121,119,2,0,0,0,2
S01007995,Level 3,73,69,4,0,0,2,2
S01007995,Level 4 and above,206,196,10,0,2,5,3
S01007996,All people aged 16 and over,392,376,16,1,1,0,14
S01007996,No qualifications,90,82,8,0,0,0,8
S01007996,Level 1,71,70,1,0,1,0,0
S01007996,Level 2,71,70,1,1,0,0,0
S01007996,Level 3,38,37,1,0,0,0,1
S01007996,Level 4 and above,122,117,5,0,0,0,5
S01007997,All people aged 16 and over,581,553,28,2,3,1,22
S01007997,No qualifications,110,105,5,0,0,1,4
S01007997,Level 1,94,89,5,0,1,0,4
S01007997,Level 2,91,91,0,0,0,0,0
S01007997,Level 3,58,56,2,0,0,0,2
S01007997,Level 4 and above,228,212,16,2,2,0,12
S01007998,All people aged 16 and over,451,435,16,0,1,0,15
S01007998,No qualifications,80,78,2,0,0,0,2
S01007998,Level 1,72,70,2,0,0,0,2
S01007998,Level 2,83,81,2,0,0,0,2
S01007998,Level 3,49,45,4,0,0,0,4
S01007998,Level 4 and above,167,161,6,0,1,0,5
S01007999,All people aged 16 and over,544,535,9,0,0,0,9
S01007999,No qualifications,232,229,3,0,0,0,3
S01007999,Level 1,161,159,2,0,0,0,2
S01007999,Level 2,63,62,1,0,0,0,1
S01007999,Level 3,42,42,0,0,0,0,0
S01007999,Level 4 and above,46,43,3,0,0,0,3
S01008000,All people aged 16 and over,733,722,11,1,2,0,8
S01008000,No qualifications,307,300,7,1,2,0,4
S01008000,Level 1,208,207,1,0,0,0,1
S01008000,Level 2,75,74,1,0,0,0,1
S01008000,Level 3,69,69,0,0,0,0,0
S01008000,Level 4 and above,74,72,2,0,0,0,2
S01008001,All people aged 16 and over,655,641,14,2,1,4,7
S01008001,No qualifications,309,304,5,0,0,0,5
S01008001,Level 1,180,173,7,1,1,4,1
S01008001,Level 2,68,68,0,0,0,0,0
S01008001,Level 3,56,55,1,1,0,0,0
S01008001,Level 4 and above,42,41,1,0,0,0,1
S01008002,All people aged 16 and over,611,594,17,1,1,3,12
S01008002,No qualifications,267,265,2,0,0,2,0
S01008002,Level 1,167,162,5,0,0,1,4
S01008002,Level 2,59,58,1,0,0,0,1
S01008002,Level 3,51,49,2,0,0,0,2
S01008002,Level 4 and above,67,60,7,1,1,0,5
S01008003,All people aged 16 and over,533,502,31,0,8,9,14
S01008003,No qualifications,217,208,9,0,0,2,7
S01008003,Level 1,122,116,6,0,0,1,5
S01008003,Level 2,54,49,5,0,2,1,2
S01008003,Level 3,49,47,2,0,1,1,0
S01008003,Level 4 and above,91,82,9,0,5,4,0
S01008004,All people aged 16 and over,465,440,25,0,5,6,14
S01008004,No qualifications,93,85,8,0,1,1,6
S01008004,Level 1,124,120,4,0,0,0,4
S01008004,Level 2,70,70,0,0,0,0,0
S01008004,Level 3,63,62,1,0,0,1,0
S01008004,Level 4 and above,115,103,12,0,4,4,4
S01008005,All people aged 16 and over,397,375,22,0,6,4,12
S01008005,No qualifications,49,49,0,0,0,0,0
S01008005,Level 1,106,102,4,0,0,1,3
S01008005,Level 2,72,71,1,0,0,0,1
S01008005,Level 3,58,54,4,0,2,0,2
S01008005,Level 4 and above,112,99,13,0,4,3,6
S01008006,All people aged 16 and over,445,437,8,1,2,1,4
S01008006,No qualifications,230,229,1,0,0,1,0
S01008006,Level 1,113,111,2,1,1,0,0
S01008006,Level 2,48,47,1,0,0,0,1
S01008006,Level 3,28,28,0,0,0,0,0
S01008006,Level 4 and above,26,22,4,0,1,0,3
S01008007,All people aged 16 and over,336,326,10,0,1,2,7
S01008007,No qualifications,141,138,3,0,0,1,2
S01008007,Level 1,82,81,1,0,0,0,1
S01008007,Level 2,40,40,0,0,0,0,0
S01008007,Level 3,31,30,1,0,0,0,1
S01008007,Level 4 and above,42,37,5,0,1,1,3
S01008008,All people aged 16 and over,459,428,31,3,11,7,10
S01008008,No qualifications,167,155,12,2,4,2,4
S01008008,Level 1,126,118,8,0,4,2,2
S01008008,Level 2,58,54,4,0,1,0,3
S01008008,Level 3,47,44,3,0,0,2,1
S01008008,Level 4 and above,61,57,4,1,2,1,0
S01008009,All people aged 16 and over,590,573,17,5,5,4,3
S01008009,No qualifications,188,186,2,0,1,0,1
S01008009,Level 1,142,138,4,2,2,0,0
S01008009,Level 2,79,78,1,0,1,0,0
S01008009,Level 3,76,74,2,1,0,0,1
S01008009,Level 4 and above,105,97,8,2,1,4,1
S01008010,All people aged 16 and over,747,709,38,0,8,5,25
S01008010,No qualifications,250,237,13,0,3,1,9
S01008010,Level 1,197,190,7,0,2,0,5
S01008010,Level 2,106,102,4,0,0,0,4
S01008010,Level 3,83,77,6,0,0,1,5
S01008010,Level 4 and above,111,103,8,0,3,3,2
S01008011,All people aged 16 and over,612,589,23,4,4,4,11
S01008011,No qualifications,290,284,6,0,1,0,5
S01008011,Level 1,106,102,4,0,1,2,1
S01008011,Level 2,50,49,1,1,0,0,0
S01008011,Level 3,57,52,5,0,1,0,4
S01008011,Level 4 and above,109,102,7,3,1,2,1
S01008012,All people aged 16 and over,701,680,21,1,3,7,10
S01008012,No qualifications,184,182,2,0,1,0,1
S01008012,Level 1,161,158,3,0,0,1,2
S01008012,Level 2,95,92,3,1,0,1,1
S01008012,Level 3,89,88,1,0,1,0,0
S01008012,Level 4 and above,172,160,12,0,1,5,6
S01008013,All people aged 16 and over,620,604,16,4,2,1,9
S01008013,No qualifications,232,230,2,0,0,0,2
S01008013,Level 1,107,105,2,0,0,0,2
S01008013,Level 2,73,71,2,0,0,0,2
S01008013,Level 3,56,53,3,0,1,0,2
S01008013,Level 4 and above,152,145,7,4,1,1,1
S01008014,All people aged 16 and over,545,528,17,3,0,2,12
S01008014,No qualifications,144,140,4,1,0,0,3
S01008014,Level 1,127,125,2,0,0,0,2
S01008014,Level 2,85,83,2,0,0,0,2
S01008014,Level 3,56,56,0,0,0,0,0
S01008014,Level 4 and above,133,124,9,2,0,2,5
S01008015,All people aged 16 and over,663,646,17,1,0,5,11
S01008015,No qualifications,258,252,6,1,0,1,4
S01008015,Level 1,155,149,6,0,0,3,3
S01008015,Level 2,73,73,0,0,0,0,0
S01008015,Level 3,66,66,0,0,0,0,0
S01008015,Level 4 and above,111,106,5,0,0,1,4
S01008016,All people aged 16 and over,689,674,15,1,0,1,13
S01008016,No qualifications,276,268,8,1,0,1,6
S01008016,Level 1,172,169,3,0,0,0,3
S01008016,Level 2,74,73,1,0,0,0,1
S01008016,Level 3,67,65,2,0,0,0,2
S01008016,Level 4 and above,100,99,1,0,0,0,1
S01008017,All people aged 16 and over,787,764,23,1,2,4,16
S01008017,No qualifications,191,187,4,0,0,0,4
S01008017,Level 1,120,115,5,0,1,0,4
S01008017,Level 2,132,128,4,0,0,0,4
S01008017,Level 3,71,69,2,0,1,1,0
S01008017,Level 4 and above,273,265,8,1,0,3,4
S01008018,All people aged 16 and over,573,551,22,4,2,0,16
S01008018,No qualifications,142,138,4,0,1,0,3
S01008018,Level 1,109,105,4,1,1,0,2
S01008018,Level 2,80,78,2,0,0,0,2
S01008018,Level 3,51,50,1,0,0,0,1
S01008018,Level 4 and above,191,180,11,3,0,0,8
S01008019,All people aged 16 and over,620,600,20,2,0,0,18
S01008019,No qualifications,125,117,8,1,0,0,7
S01008019,Level 1,96,96,0,0,0,0,0
S01008019,Level 2,89,87,2,0,0,0,2
S01008019,Level 3,77,74,3,0,0,0,3
S01008019,Level 4 and above,233,226,7,1,0,0,6
S01008020,All people aged 16 and over,524,500,24,2,2,2,18
S01008020,No qualifications,131,127,4,0,0,0,4
S01008020,Level 1,97,92,5,0,2,0,3
S01008020,Level 2,91,88,3,0,0,0,3
S01008020,Level 3,58,57,1,0,0,0,1
S01008020,Level 4 and above,147,136,11,2,0,2,7
S01008021,All people aged 16 and over,482,470,12,0,1,0,11
S01008021,No qualifications,93,88,5,0,0,0,5
S01008021,Level 1,91,87,4,0,1,0,3
S01008021,Level 2,89,89,0,0,0,0,0
S01008021,Level 3,60,60,0,0,0,0,0
S01008021,Level 4 and above,149,146,3,0,0,0,3
S01008022,All people aged 16 and over,605,584,21,4,1,2,14
S01008022,No qualifications,116,111,5,0,0,0,5
S01008022,Level 1,106,105,1,0,0,0,1
S01008022,Level 2,114,113,1,0,0,0,1
S01008022,Level 3,78,74,4,3,0,0,1
S01008022,Level 4 and above,191,181,10,1,1,2,6
S01008023,All people aged 16 and over,549,529,20,1,2,0,17
S01008023,No qualifications,82,76,6,0,0,0,6
S01008023,Level 1,128,122,6,0,0,0,6
S01008023,Level 2,107,105,2,0,0,0,2
S01008023,Level 3,64,64,0,0,0,0,0
S01008023,Level 4 and above,168,162,6,1,2,0,3
S01008024,All people aged 16 and over,482,463,19,4,4,4,7
S01008024,No qualifications,23,22,1,0,0,0,1
S01008024,Level 1,91,91,0,0,0,0,0
S01008024,Level 2,86,84,2,0,0,0,2
S01008024,Level 3,84,81,3,0,1,1,1
S01008024,Level 4 and above,198,185,13,4,3,3,3
S01008025,All people aged 16 and over,583,574,9,0,0,2,7
S01008025,No qualifications,162,161,1,0,0,0,1
S01008025,Level 1,167,166,1,0,0,0,1
S01008025,Level 2,96,96,0,0,0,0,0
S01008025,Level 3,57,56,1,0,0,0,1
S01008025,Level 4 and above,101,95,6,0,0,2,4
S01008026,All people aged 16 and over,853,841,12,2,0,3,7
S01008026,No qualifications,316,314,2,0,0,1,1
S01008026,Level 1,208,202,6,2,0,0,4
S01008026,Level 2,112,111,1,0,0,0,1
S01008026,Level 3,84,84,0,0,0,0,0
S01008026,Level 4 and above,133,130,3,0,0,2,1
S01008027,All people aged 16 and over,475,465,10,0,0,2,8
S01008027,No qualifications,189,187,2,0,0,0,2
S01008027,Level 1,126,124,2,0,0,0,2
S01008027,Level 2,62,61,1,0,0,0,1
S01008027,Level 3,40,39,1,0,0,0,1
S01008027,Level 4 and above,58,54,4,0,0,2,2
S01008028,All people aged 16 and over,469,449,20,1,1,5,13
S01008028,No qualifications,133,129,4,0,0,0,4
S01008028,Level 1,110,108,2,0,0,1,1
S01008028,Level 2,74,70,4,1,0,0,3
S01008028,Level 3,60,58,2,0,0,1,1
S01008028,Level 4 and above,92,84,8,0,1,3,4
S01008029,All people aged 16 and over,784,762,22,1,1,2,18
S01008029,No qualifications,225,223,2,0,0,0,2
S01008029,Level 1,174,170,4,0,0,0,4
S01008029,Level 2,110,108,2,0,0,0,2
S01008029,Level 3,81,79,2,0,0,0,2
S01008029,Level 4 and above,194,182,12,1,1,2,8
S01008030,All people aged 16 and over,912,883,29,0,4,4,21
S01008030,No qualifications,231,225,6,0,0,0,6
S01008030,Level 1,172,170,2,0,0,0,2
S01008030,Level 2,138,133,5,0,0,1,4
S01008030,Level 3,112,110,2,0,0,0,2
S01008030,Level 4 and above,259,245,14,0,4,3,7
S01008031,All people aged 16 and over,730,716,14,0,0,0,14
S01008031,No qualifications,248,243,5,0,0,0,5
S01008031,Level 1,171,167,4,0,0,0,4
S01008031,Level 2,84,81,3,0,0,0,3
S01008031,Level 3,90,90,0,0,0,0,0
S01008031,Level 4 and above,137,135,2,0,0,0,2
S01008032,All people aged 16 and over,733,715,18,1,4,2,11
S01008032,No qualifications,265,262,3,0,2,0,1
S01008032,Level 1,186,180,6,1,2,1,2
S01008032,Level 2,85,85,0,0,0,0,0
S01008032,Level 3,84,83,1,0,0,0,1
S01008032,Level 4 and above,113,105,8,0,0,1,7
S01008033,All people aged 16 and over,625,582,43,3,8,4,28
S01008033,No qualifications,50,43,7,0,1,0,6
S01008033,Level 1,99,97,2,0,1,0,1
S01008033,Level 2,116,112,4,0,0,1,3
S01008033,Level 3,66,65,1,0,0,0,1
S01008033,Level 4 and above,294,265,29,3,6,3,17
S01008034,All people aged 16 and over,599,540,59,4,8,14,33
S01008034,No qualifications,55,47,8,0,1,0,7
S01008034,Level 1,88,76,12,3,2,1,6
S01008034,Level 2,101,98,3,0,0,1,2
S01008034,Level 3,59,57,2,0,1,1,0
S01008034,Level 4 and above,296,262,34,1,4,11,18
S01008035,All people aged 16 and over,531,518,13,0,1,1,11
S01008035,No qualifications,82,81,1,0,0,0,1
S01008035,Level 1,98,98,0,0,0,0,0
S01008035,Level 2,99,98,1,0,0,0,1
S01008035,Level 3,56,55,1,0,0,0,1
S01008035,Level 4 and above,196,186,10,0,1,1,8
S01008036,All people aged 16 and over,567,553,14,1,1,2,10
S01008036,No qualifications,96,95,1,0,0,0,1
S01008036,Level 1,104,102,2,0,1,0,1
S01008036,Level 2,87,84,3,0,0,1,2
S01008036,Level 3,67,67,0,0,0,0,0
S01008036,Level 4 and above,213,205,8,1,0,1,6
S01008037,All people aged 16 and over,833,798,35,1,1,3,30
S01008037,No qualifications,262,254,8,1,0,1,6
S01008037,Level 1,212,205,7,0,0,1,6
S01008037,Level 2,133,127,6,0,0,0,6
S01008037,Level 3,64,59,5,0,0,1,4
S01008037,Level 4 and above,162,153,9,0,1,0,8
S01008038,All people aged 16 and over,592,574,18,0,2,5,11
S01008038,No qualifications,175,174,1,0,0,0,1
S01008038,Level 1,156,152,4,0,0,1,3
S01008038,Level 2,83,83,0,0,0,0,0
S01008038,Level 3,65,64,1,0,0,0,1
S01008038,Level 4 and above,113,101,12,0,2,4,6
S01008039,All people aged 16 and over,715,679,36,5,5,5,21
S01008039,No qualifications,164,160,4,0,0,1,3
S01008039,Level 1,169,165,4,0,0,2,2
S01008039,Level 2,121,116,5,0,1,0,4
S01008039,Level 3,83,78,5,0,0,1,4
S01008039,Level 4 and above,178,160,18,5,4,1,8
S01008040,All people aged 16 and over,653,621,32,2,2,3,25
S01008040,No qualifications,102,100,2,0,0,0,2
S01008040,Level 1,105,103,2,0,0,1,1
S01008040,Level 2,101,98,3,0,0,0,3
S01008040,Level 3,63,61,2,0,0,0,2
S01008040,Level 4 and above,282,259,23,2,2,2,17
S01008041,All people aged 16 and over,600,561,39,1,7,4,27
S01008041,No qualifications,144,138,6,0,0,1,5
S01008041,Level 1,93,90,3,0,0,1,2
S01008041,Level 2,80,78,2,0,0,0,2
S01008041,Level 3,52,51,1,0,0,0,1
S01008041,Level 4 and above,231,204,27,1,7,2,17
S01008042,All people aged 16 and over,480,444,36,3,2,2,29
S01008042,No qualifications,65,64,1,0,0,0,1
S01008042,Level 1,56,52,4,0,0,0,4
S01008042,Level 2,69,68,1,0,0,0,1
S01008042,Level 3,29,25,4,0,0,1,3
S01008042,Level 4 and above,261,235,26,3,2,1,20
S01008043,All people aged 16 and over,767,730,37,0,0,4,33
S01008043,No qualifications,78,74,4,0,0,1,3
S01008043,Level 1,79,76,3,0,0,0,3
S01008043,Level 2,111,110,1,0,0,0,1
S01008043,Level 3,76,73,3,0,0,0,3
S01008043,Level 4 and above,423,397,26,0,0,3,23
S01008044,All people aged 16 and over,815,778,37,5,0,5,27
S01008044,No qualifications,91,89,2,0,0,1,1
S01008044,Level 1,115,111,4,3,0,1,0
S01008044,Level 2,115,111,4,0,0,0,4
S01008044,Level 3,82,80,2,0,0,0,2
S01008044,Level 4 and above,412,387,25,2,0,3,20
S01008045,All people aged 16 and over,828,769,59,7,4,9,39
S01008045,No qualifications,162,152,10,1,1,2,6
S01008045,Level 1,121,108,13,1,1,3,8
S01008045,Level 2,128,125,3,0,0,0,3
S01008045,Level 3,44,41,3,1,0,1,1
S01008045,Level 4 and above,373,343,30,4,2,3,21
S01008046,All people aged 16 and over,755,729,26,1,3,1,21
S01008046,No qualifications,241,238,3,0,1,0,2
S01008046,Level 1,132,126,6,1,0,0,5
S01008046,Level 2,94,90,4,0,0,1,3
S01008046,Level 3,57,54,3,0,0,0,3
S01008046,Level 4 and above,231,221,10,0,2,0,8
S01008047,All people aged 16 and over,581,559,22,0,3,1,18
S01008047,No qualifications,86,86,0,0,0,0,0
S01008047,Level 1,78,77,1,0,0,0,1
S01008047,Level 2,101,95,6,0,2,0,4
S01008047,Level 3,43,41,2,0,0,0,2
S01008047,Level 4 and above,273,260,13,0,1,1,11
S01008048,All people aged 16 and over,488,472,16,0,0,0,16
S01008048,No qualifications,63,62,1,0,0,0,1
S01008048,Level 1,67,64,3,0,0,0,3
S01008048,Level 2,85,84,1,0,0,0,1
S01008048,Level 3,54,52,2,0,0,0,2
S01008048,Level 4 and above,219,210,9,0,0,0,9
S01008049,All people aged 16 and over,709,678,31,2,0,5,24
S01008049,No qualifications,105,102,3,0,0,0,3
S01008049,Level 1,100,95,5,1,0,0,4
S01008049,Level 2,113,111,2,0,0,0,2
S01008049,Level 3,65,61,4,1,0,0,3
S01008049,Level 4 and above,326,309,17,0,0,5,12
S01008050,All people aged 16 and over,508,454,54,1,0,10,43
S01008050,No qualifications,56,53,3,0,0,2,1
S01008050,Level 1,67,61,6,1,0,1,4
S01008050,Level 2,68,64,4,0,0,1,3
S01008050,Level 3,52,48,4,0,0,1,3
S01008050,Level 4 and above,265,228,37,0,0,5,32
S01008051,All people aged 16 and over,690,649,41,6,4,8,23
S01008051,No qualifications,55,51,4,0,1,2,1
S01008051,Level 1,93,89,4,1,0,2,1
S01008051,Level 2,108,106,2,1,0,0,1
S01008051,Level 3,61,57,4,0,0,0,4
S01008051,Level 4 and above,373,346,27,4,3,4,16
S01008052,All people aged 16 and over,668,635,33,1,1,3,28
S01008052,No qualifications,73,68,5,0,0,0,5
S01008052,Level 1,82,80,2,0,0,0,2
S01008052,Level 2,90,89,1,0,0,0,1
S01008052,Level 3,61,59,2,0,0,0,2
S01008052,Level 4 and above,362,339,23,1,1,3,18
S01008053,All people aged 16 and over,507,473,34,3,2,5,24
S01008053,No qualifications,76,74,2,0,0,0,2
S01008053,Level 1,60,60,0,0,0,0,0
S01008053,Level 2,66,62,4,0,0,1,3
S01008053,Level 3,39,38,1,0,0,0,1
S01008053,Level 4 and above,266,239,27,3,2,4,18
S01008054,All people aged 16 and over,662,615,47,4,3,0,40
S01008054,No qualifications,81,75,6,0,0,0,6
S01008054,Level 1,83,80,3,0,0,0,3
S01008054,Level 2,103,98,5,1,1,0,3
S01008054,Level 3,47,44,3,0,0,0,3
S01008054,Level 4 and above,348,318,30,3,2,0,25
S01008055,All people aged 16 and over,835,784,51,4,7,4,36
S01008055,No qualifications,45,43,2,1,1,0,0
S01008055,Level 1,102,98,4,0,1,0,3
S01008055,Level 2,124,122,2,0,1,0,1
S01008055,Level 3,65,62,3,1,0,0,2
S01008055,Level 4 and above,499,459,40,2,4,4,30
S01008056,All people aged 16 and over,623,566,57,5,1,8,43
S01008056,No qualifications,80,73,7,1,0,1,5
S01008056,Level 1,72,64,8,0,0,2,6
S01008056,Level 2,85,80,5,0,0,0,5
S01008056,Level 3,34,29,5,1,0,0,4
S01008056,Level 4 and above,352,320,32,3,1,5,23
S01008057,All people aged 16 and over,758,701,57,5,4,7,41
S01008057,No qualifications,79,74,5,0,0,0,5
S01008057,Level 1,78,75,3,0,0,1,2
S01008057,Level 2,107,104,3,0,0,0,3
S01008057,Level 3,69,66,3,0,0,0,3
S01008057,Level 4 and above,425,382,43,5,4,6,28
S01008058,All people aged 16 and over,718,634,84,1,9,8,66
S01008058,No qualifications,59,46,13,0,0,0,13
S01008058,Level 1,112,96,16,0,0,1,15
S01008058,Level 2,128,123,5,1,2,0,2
S01008058,Level 3,55,50,5,0,0,0,5
S01008058,Level 4 and above,364,319,45,0,7,7,31
S01008059,All people aged 16 and over,559,525,34,3,1,7,23
S01008059,No qualifications,77,68,9,0,0,0,9
S01008059,Level 1,83,82,1,0,0,0,1
S01008059,Level 2,112,106,6,0,0,3,3
S01008059,Level 3,78,76,2,0,0,1,1
S01008059,Level 4 and above,209,193,16,3,1,3,9
S01008060,All people aged 16 and over,725,679,46,0,1,3,42
S01008060,No qualifications,79,72,7,0,0,0,7
S01008060,Level 1,118,110,8,0,0,0,8
S01008060,Level 2,147,147,0,0,0,0,0
S01008060,Level 3,67,62,5,0,0,0,5
S01008060,Level 4 and above,314,288,26,0,1,3,22
S01008061,All people aged 16 and over,627,585,42,1,4,10,27
S01008061,No qualifications,124,117,7,0,0,1,6
S01008061,Level 1,96,91,5,0,0,1,4
S01008061,Level 2,120,115,5,1,0,2,2
S01008061,Level 3,63,61,2,0,0,0,2
S01008061,Level 4 and above,224,201,23,0,4,6,13
S01008062,All people aged 16 and over,714,682,32,2,6,0,24
S01008062,No qualifications,127,124,3,0,0,0,3
S01008062,Level 1,139,134,5,1,0,0,4
S01008062,Level 2,115,113,2,0,1,0,1
S01008062,Level 3,88,84,4,0,0,0,4
S01008062,Level 4 and above,245,227,18,1,5,0,12
S01008063,All people aged 16 and over,764,696,68,2,5,6,55
S01008063,No qualifications,103,91,12,0,0,0,12
S01008063,Level 1,134,130,4,0,0,2,2
S01008063,Level 2,95,89,6,0,0,0,6
S01008063,Level 3,82,75,7,0,1,0,6
S01008063,Level 4 and above,350,311,39,2,4,4,29
S01008064,All people aged 16 and over,568,529,39,3,3,9,24
S01008064,No qualifications,127,122,5,0,0,0,5
S01008064,Level 1,143,139,4,0,0,0,4
S01008064,Level 2,93,92,1,0,0,0,1
S01008064,Level 3,67,61,6,0,0,3,3
S01008064,Level 4 and above,138,115,23,3,3,6,11
S01008065,All people aged 16 and over,775,706,69,0,5,5,59
S01008065,No qualifications,72,63,9,0,0,2,7
S01008065,Level 1,92,84,8,0,1,0,7
S01008065,Level 2,129,121,8,0,2,1,5
S01008065,Level 3,70,68,2,0,1,0,1
S01008065,Level 4 and above,412,370,42,0,1,2,39
S01008066,All people aged 16 and over,727,677,50,5,3,3,39
S01008066,No qualifications,46,43,3,1,0,0,2
S01008066,Level 1,58,56,2,0,0,0,2
S01008066,Level 2,121,116,5,0,0,0,5
S01008066,Level 3,39,39,0,0,0,0,0
S01008066,Level 4 and above,463,423,40,4,3,3,30
S01008067,All people aged 16 and over,524,487,37,3,4,7,23
S01008067,No qualifications,54,48,6,0,0,1,5
S01008067,Level 1,60,56,4,0,1,2,1
S01008067,Level 2,65,62,3,1,0,0,2
S01008067,Level 3,37,35,2,0,0,0,2
S01008067,Level 4 and above,308,286,22,2,3,4,13
S01008068,All people aged 16 and over,777,721,56,5,2,8,41
S01008068,No qualifications,140,130,10,0,0,0,10
S01008068,Level 1,115,107,8,1,0,0,7
S01008068,Level 2,118,111,7,1,0,3,3
S01008068,Level 3,77,75,2,0,0,0,2
S01008068,Level 4 and above,327,298,29,3,2,5,19
S01008069,All people aged 16 and over,777,732,45,3,3,13,26
S01008069,No qualifications,177,171,6,0,0,0,6
S01008069,Level 1,165,157,8,1,0,2,5
S01008069,Level 2,139,137,2,0,0,0,2
S01008069,Level 3,92,84,8,1,1,1,5
S01008069,Level 4 and above,204,183,21,1,2,10,8
S01008070,All people aged 16 and over,742,715,27,0,4,2,21
S01008070,No qualifications,165,163,2,0,0,0,2
S01008070,Level 1,175,169,6,0,1,1,4
S01008070,Level 2,148,146,2,0,0,0,2
S01008070,Level 3,89,86,3,0,0,0,3
S01008070,Level 4 and above,165,151,14,0,3,1,10
S01008071,All people aged 16 and over,580,556,24,0,0,3,21
S01008071,No qualifications,84,79,5,0,0,0,5
S01008071,Level 1,103,101,2,0,0,0,2
S01008071,Level 2,109,106,3,0,0,0,3
S01008071,Level 3,63,57,6,0,0,0,6
S01008071,Level 4 and above,221,213,8,0,0,3,5
S01008072,All people aged 16 and over,706,645,61,5,5,9,42
S01008072,No qualifications,101,91,10,1,0,1,8
S01008072,Level 1,92,87,5,1,2,0,2
S01008072,Level 2,102,94,8,0,0,1,7
S01008072,Level 3,73,68,5,0,1,0,4
S01008072,Level 4 and above,338,305,33,3,2,7,21
S01008073,All people aged 16 and over,403,359,44,0,3,2,39
S01008073,No qualifications,39,32,7,0,0,0,7
S01008073,Level 1,49,41,8,0,2,0,6
S01008073,Level 2,61,61,0,0,0,0,0
S01008073,Level 3,36,31,5,0,0,0,5
S01008073,Level 4 and above,218,194,24,0,1,2,21
S01008074,All people aged 16 and over,809,755,54,2,3,2,47
S01008074,No qualifications,81,75,6,0,0,0,6
S01008074,Level 1,102,97,5,0,0,1,4
S01008074,Level 2,133,131,2,0,1,0,1
S01008074,Level 3,62,61,1,0,0,0,1
S01008074,Level 4 and above,431,391,40,2,2,1,35
S01008075,All people aged 16 and over,492,459,33,0,0,2,31
S01008075,No qualifications,54,49,5,0,0,0,5
S01008075,Level 1,63,57,6,0,0,0,6
S01008075,Level 2,83,78,5,0,0,2,3
S01008075,Level 3,47,46,1,0,0,0,1
S01008075,Level 4 and above,245,229,16,0,0,0,16
S01008076,All people aged 16 and over,582,541,41,2,0,8,31
S01008076,No qualifications,94,86,8,0,0,0,8
S01008076,Level 1,82,73,9,0,0,0,9
S01008076,Level 2,69,66,3,0,0,1,2
S01008076,Level 3,39,39,0,0,0,0,0
S01008076,Level 4 and above,298,277,21,2,0,7,12
S01008077,All people aged 16 and over,679,630,49,5,1,1,42
S01008077,No qualifications,78,64,14,1,0,0,13
S01008077,Level 1,67,64,3,0,0,0,3
S01008077,Level 2,94,92,2,0,0,0,2
S01008077,Level 3,52,50,2,1,0,0,1
S01008077,Level 4 and above,388,360,28,3,1,1,23
S01008078,All people aged 16 and over,699,644,55,5,8,4,38
S01008078,No qualifications,112,98,14,0,3,0,11
S01008078,Level 1,105,93,12,2,1,2,7
S01008078,Level 2,126,123,3,0,0,0,3
S01008078,Level 3,56,52,4,1,1,0,2
S01008078,Level 4 and above,300,278,22,2,3,2,15
S01008079,All people aged 16 and over,735,674,61,3,3,5,50
S01008079,No qualifications,86,74,12,0,0,0,12
S01008079,Level 1,88,80,8,1,0,1,6
S01008079,Level 2,109,103,6,0,0,0,6
S01008079,Level 3,56,55,1,0,0,0,1
S01008079,Level 4 and above,396,362,34,2,3,4,25
S01008080,All people aged 16 and over,560,518,42,4,0,5,33
S01008080,No qualifications,76,69,7,1,0,0,6
S01008080,Level 1,86,79,7,0,0,2,5
S01008080,Level 2,79,77,2,0,0,0,2
S01008080,Level 3,49,45,4,0,0,1,3
S01008080,Level 4 and above,270,248,22,3,0,2,17
S01008081,All people aged 16 and over,492,450,42,2,2,5,33
S01008081,No qualifications,58,49,9,1,0,0,8
S01008081,Level 1,63,60,3,0,0,0,3
S01008081,Level 2,81,74,7,0,0,1,6
S01008081,Level 3,42,41,1,0,0,1,0
S01008081,Level 4 and above,248,226,22,1,2,3,16
S01008082,All people aged 16 and over,686,616,70,2,5,7,56
S01008082,No qualifications,93,74,19,1,0,1,17
S01008082,Level 1,85,78,7,0,0,0,7
S01008082,Level 2,106,105,1,0,0,0,1
S01008082,Level 3,73,68,5,0,0,1,4
S01008082,Level 4 and above,329,291,38,1,5,5,27
S01008083,All people aged 16 and over,586,530,56,1,2,4,49
S01008083,No qualifications,70,63,7,0,0,0,7
S01008083,Level 1,91,80,11,0,0,0,11
S01008083,Level 2,105,94,11,0,0,3,8
S01008083,Level 3,52,50,2,0,0,0,2
S01008083,Level 4 and above,268,243,25,1,2,1,21
S01008084,All people aged 16 and over,712,694,18,1,0,3,14
S01008084,No qualifications,132,131,1,0,0,0,1
S01008084,Level 1,157,155,2,0,0,0,2
S01008084,Level 2,103,102,1,0,0,0,1
S01008084,Level 3,71,71,0,0,0,0,0
S01008084,Level 4 and above,249,235,14,1,0,3,10
S01008085,All people aged 16 and over,794,770,24,0,1,3,20
S01008085,No qualifications,105,102,3,0,0,0,3
S01008085,Level 1,132,130,2,0,0,0,2
S01008085,Level 2,147,143,4,0,1,0,3
S01008085,Level 3,86,85,1,0,0,0,1
S01008085,Level 4 and above,324,310,14,0,0,3,11
S01008086,All people aged 16 and over,861,830,31,1,4,9,17
S01008086,No qualifications,154,152,2,0,0,0,2
S01008086,Level 1,187,184,3,1,1,0,1
S01008086,Level 2,155,149,6,0,0,2,4
S01008086,Level 3,91,84,7,0,1,3,3
S01008086,Level 4 and above,274,261,13,0,2,4,7
S01008087,All people aged 16 and over,694,654,40,0,0,1,39
S01008087,No qualifications,135,125,10,0,0,0,10
S01008087,Level 1,148,140,8,0,0,0,8
S01008087,Level 2,101,99,2,0,0,0,2
S01008087,Level 3,79,75,4,0,0,0,4
S01008087,Level 4 and above,231,215,16,0,0,1,15
S01008088,All people aged 16 and over,780,745,35,2,3,6,24
S01008088,No qualifications,162,151,11,0,1,3,7
S01008088,Level 1,148,145,3,0,0,0,3
S01008088,Level 2,141,139,2,0,0,1,1
S01008088,Level 3,79,75,4,0,0,0,4
S01008088,Level 4 and above,250,235,15,2,2,2,9
S01008089,All people aged 16 and over,543,513,30,0,3,2,25
S01008089,No qualifications,103,97,6,0,0,0,6
S01008089,Level 1,119,115,4,0,0,0,4
S01008089,Level 2,104,102,2,0,0,0,2
S01008089,Level 3,53,51,2,0,0,0,2
S01008089,Level 4 and above,164,148,16,0,3,2,11
S01008090,All people aged 16 and over,622,583,39,0,2,5,32
S01008090,No qualifications,119,112,7,0,0,0,7
S01008090,Level 1,112,108,4,0,0,0,4
S01008090,Level 2,106,103,3,0,0,1,2
S01008090,Level 3,73,72,1,0,0,0,1
S01008090,Level 4 and above,212,188,24,0,2,4,18
S01008091,All people aged 16 and over,332,326,6,1,0,2,3
S01008091,No qualifications,79,78,1,0,0,0,1
S01008091,Level 1,56,54,2,1,0,1,0
S01008091,Level 2,55,54,1,0,0,0,1
S01008091,Level 3,26,26,0,0,0,0,0
S01008091,Level 4 and above,116,114,2,0,0,1,1
S01008092,All people aged 16 and over,767,729,38,0,0,6,32
S01008092,No qualifications,121,112,9,0,0,0,9
S01008092,Level 1,131,124,7,0,0,1,6
S01008092,Level 2,160,156,4,0,0,0,4
S01008092,Level 3,73,70,3,0,0,2,1
S01008092,Level 4 and above,282,267,15,0,0,3,12
S01008093,All people aged 16 and over,672,651,21,0,2,8,11
S01008093,No qualifications,125,124,1,0,0,0,1
S01008093,Level 1,137,136,1,0,0,0,1
S01008093,Level 2,130,129,1,0,1,0,0
S01008093,Level 3,59,53,6,0,1,1,4
S01008093,Level 4 and above,221,209,12,0,0,7,5
S01008094,All people aged 16 and over,555,525,30,0,1,4,25
S01008094,No qualifications,106,96,10,0,0,1,9
S01008094,Level 1,117,110,7,0,1,2,4
S01008094,Level 2,94,94,0,0,0,0,0
S01008094,Level 3,54,51,3,0,0,0,3
S01008094,Level 4 and above,184,174,10,0,0,1,9
S01008095,All people aged 16 and over,645,624,21,2,0,0,19
S01008095,No qualifications,173,168,5,0,0,0,5
S01008095,Level 1,143,137,6,0,0,0,6
S01008095,Level 2,112,110,2,0,0,0,2
S01008095,Level 3,74,73,1,0,0,0,1
S01008095,Level 4 and above,143,136,7,2,0,0,5
S01008096,All people aged 16 and over,676,663,13,2,0,0,11
S01008096,No qualifications,174,171,3,0,0,0,3
S01008096,Level 1,110,108,2,1,0,0,1
S01008096,Level 2,122,119,3,1,0,0,2
S01008096,Level 3,62,62,0,0,0,0,0
S01008096,Level 4 and above,208,203,5,0,0,0,5
S01008097,All people aged 16 and over,543,526,17,0,1,2,14
S01008097,No qualifications,117,112,5,0,0,0,5
S01008097,Level 1,97,95,2,0,0,0,2
S01008097,Level 2,86,84,2,0,0,0,2
S01008097,Level 3,52,51,1,0,0,0,1
S01008097,Level 4 and above,191,184,7,0,1,2,4
S01008098,All people aged 16 and over,620,594,26,2,1,7,16
S01008098,No qualifications,131,126,5,0,0,1,4
S01008098,Level 1,121,118,3,1,0,1,1
S01008098,Level 2,106,102,4,0,1,1,2
S01008098,Level 3,70,65,5,0,0,2,3
S01008098,Level 4 and above,192,183,9,1,0,2,6
S01008099,All people aged 16 and over,444,437,7,0,0,2,5
S01008099,No qualifications,109,106,3,0,0,1,2
S01008099,Level 1,116,115,1,0,0,0,1
S01008099,Level 2,81,81,0,0,0,0,0
S01008099,Level 3,42,41,1,0,0,0,1
S01008099,Level 4 and above,96,94,2,0,0,1,1
S01008100,All people aged 16 and over,800,740,60,1,0,3,56
S01008100,No qualifications,162,149,13,0,0,0,13
S01008100,Level 1,150,127,23,0,0,0,23
S01008100,Level 2,112,108,4,0,0,1,3
S01008100,Level 3,69,66,3,0,0,0,3
S01008100,Level 4 and above,307,290,17,1,0,2,14
S01008101,All people aged 16 and over,629,602,27,1,0,2,24
S01008101,No qualifications,129,120,9,0,0,0,9
S01008101,Level 1,128,122,6,0,0,1,5
S01008101,Level 2,106,105,1,0,0,0,1
S01008101,Level 3,81,80,1,0,0,0,1
S01008101,Level 4 and above,185,175,10,1,0,1,8
S01008102,All people aged 16 and over,695,666,29,0,0,8,21
S01008102,No qualifications,209,200,9,0,0,3,6
S01008102,Level 1,152,147,5,0,0,0,5
S01008102,Level 2,105,103,2,0,0,0,2
S01008102,Level 3,64,63,1,0,0,1,0
S01008102,Level 4 and above,165,153,12,0,0,4,8
S01008103,All people aged 16 and over,524,502,22,0,1,6,15
S01008103,No qualifications,174,168,6,0,0,0,6
S01008103,Level 1,106,105,1,0,0,0,1
S01008103,Level 2,68,65,3,0,0,1,2
S01008103,Level 3,59,58,1,0,0,0,1
S01008103,Level 4 and above,117,106,11,0,1,5,5
S01008104,All people aged 16 and over,718,701,17,1,3,2,11
S01008104,No qualifications,241,238,3,0,1,0,2
S01008104,Level 1,176,173,3,1,1,1,0
S01008104,Level 2,94,92,2,0,1,0,1
S01008104,Level 3,69,69,0,0,0,0,0
S01008104,Level 4 and above,138,129,9,0,0,1,8
S01008105,All people aged 16 and over,856,829,27,0,1,8,18
S01008105,No qualifications,306,300,6,0,0,2,4
S01008105,Level 1,237,229,8,0,1,3,4
S01008105,Level 2,110,110,0,0,0,0,0
S01008105,Level 3,70,68,2,0,0,0,2
S01008105,Level 4 and above,133,122,11,0,0,3,8
S01008106,All people aged 16 and over,639,620,19,1,3,4,11
S01008106,No qualifications,259,255,4,0,0,2,2
S01008106,Level 1,148,144,4,1,0,1,2
S01008106,Level 2,78,73,5,0,0,1,4
S01008106,Level 3,57,56,1,0,0,0,1
S01008106,Level 4 and above,97,92,5,0,3,0,2
S01008107,All people aged 16 and over,625,538,87,3,8,9,67
S01008107,No qualifications,103,75,28,1,0,0,27
S01008107,Level 1,129,111,18,0,3,2,13
S01008107,Level 2,98,91,7,0,1,1,5
S01008107,Level 3,77,70,7,0,0,0,7
S01008107,Level 4 and above,218,191,27,2,4,6,15
S01008108,All people aged 16 and over,540,506,34,0,1,4,29
S01008108,No qualifications,98,91,7,0,0,0,7
S01008108,Level 1,114,112,2,0,0,1,1
S01008108,Level 2,104,102,2,0,1,0,1
S01008108,Level 3,63,56,7,0,0,2,5
S01008108,Level 4 and above,161,145,16,0,0,1,15
S01008109,All people aged 16 and over,756,731,25,0,1,3,21
S01008109,No qualifications,156,147,9,0,0,0,9
S01008109,Level 1,185,183,2,0,1,0,1
S01008109,Level 2,159,156,3,0,0,0,3
S01008109,Level 3,80,78,2,0,0,0,2
S01008109,Level 4 and above,176,167,9,0,0,3,6
S01008110,All people aged 16 and over,697,650,47,1,1,7,38
S01008110,No qualifications,139,125,14,0,0,3,11
S01008110,Level 1,170,163,7,1,1,1,4
S01008110,Level 2,120,114,6,0,0,1,5
S01008110,Level 3,72,67,5,0,0,0,5
S01008110,Level 4 and above,196,181,15,0,0,2,13
S01008111,All people aged 16 and over,751,714,37,2,0,1,34
S01008111,No qualifications,166,153,13,1,0,1,11
S01008111,Level 1,138,133,5,0,0,0,5
S01008111,Level 2,122,120,2,0,0,0,2
S01008111,Level 3,83,81,2,0,0,0,2
S01008111,Level 4 and above,242,227,15,1,0,0,14
S01008112,All people aged 16 and over,713,678,35,0,0,4,31
S01008112,No qualifications,179,169,10,0,0,2,8
S01008112,Level 1,126,122,4,0,0,0,4
S01008112,Level 2,130,128,2,0,0,0,2
S01008112,Level 3,85,78,7,0,0,2,5
S01008112,Level 4 and above,193,181,12,0,0,0,12
S01008113,All people aged 16 and over,779,738,41,1,0,2,38
S01008113,No qualifications,138,127,11,0,0,0,11
S01008113,Level 1,163,156,7,1,0,0,6
S01008113,Level 2,145,143,2,0,0,0,2
S01008113,Level 3,91,87,4,0,0,0,4
S01008113,Level 4 and above,242,225,17,0,0,2,15
S01008114,All people aged 16 and over,578,561,17,0,1,0,16
S01008114,No qualifications,119,114,5,0,0,0,5
S01008114,Level 1,120,115,5,0,0,0,5
S01008114,Level 2,125,124,1,0,0,0,1
S01008114,Level 3,61,60,1,0,0,0,1
S01008114,Level 4 and above,153,148,5,0,1,0,4
S01008115,All people aged 16 and over,761,704,57,2,2,4,49
S01008115,No qualifications,160,145,15,1,0,1,13
S01008115,Level 1,190,178,12,0,0,0,12
S01008115,Level 2,156,155,1,0,0,0,1
S01008115,Level 3,84,75,9,0,2,2,5
S01008115,Level 4 and above,171,151,20,1,0,1,18
S01008116,All people aged 16 and over,753,705,48,2,3,5,38
S01008116,No qualifications,106,96,10,0,1,0,9
S01008116,Level 1,144,139,5,1,0,0,4
S01008116,Level 2,144,139,5,0,0,0,5
S01008116,Level 3,73,71,2,0,0,1,1
S01008116,Level 4 and above,286,260,26,1,2,4,19
S01008117,All people aged 16 and over,676,650,26,0,1,2,23
S01008117,No qualifications,103,97,6,0,1,0,5
S01008117,Level 1,132,129,3,0,0,1,2
S01008117,Level 2,104,103,1,0,0,0,1
S01008117,Level 3,67,64,3,0,0,0,3
S01008117,Level 4 and above,270,257,13,0,0,1,12
S01008118,All people aged 16 and over,690,669,21,0,3,2,16
S01008118,No qualifications,176,172,4,0,0,0,4
S01008118,Level 1,133,130,3,0,0,0,3
S01008118,Level 2,105,105,0,0,0,0,0
S01008118,Level 3,56,56,0,0,0,0,0
S01008118,Level 4 and above,220,206,14,0,3,2,9
S01008119,All people aged 16 and over,542,523,19,0,5,1,13
S01008119,No qualifications,172,168,4,0,0,0,4
S01008119,Level 1,163,158,5,0,2,1,2
S01008119,Level 2,82,78,4,0,3,0,1
S01008119,Level 3,47,45,2,0,0,0,2
S01008119,Level 4 and above,78,74,4,0,0,0,4
S01008120,All people aged 16 and over,518,495,23,0,3,3,17
S01008120,No qualifications,98,94,4,0,1,0,3
S01008120,Level 1,89,86,3,0,0,0,3
S01008120,Level 2,78,77,1,0,0,1,0
S01008120,Level 3,50,50,0,0,0,0,0
S01008120,Level 4 and above,203,188,15,0,2,2,11
S01008121,All people aged 16 and over,556,539,17,0,0,3,14
S01008121,No qualifications,67,65,2,0,0,0,2
S01008121,Level 1,64,64,0,0,0,0,0
S01008121,Level 2,78,77,1,0,0,0,1
S01008121,Level 3,53,52,1,0,0,1,0
S01008121,Level 4 and above,294,281,13,0,0,2,11
S01008122,All people aged 16 and over,592,556,36,6,0,2,28
S01008122,No qualifications,62,61,1,0,0,0,1
S01008122,Level 1,73,68,5,2,0,0,3
S01008122,Level 2,110,109,1,0,0,0,1
S01008122,Level 3,41,40,1,0,0,0,1
S01008122,Level 4 and above,306,278,28,4,0,2,22
S01008123,All people aged 16 and over,763,739,24,2,0,1,21
S01008123,No qualifications,74,71,3,0,0,0,3
S01008123,Level 1,97,96,1,0,0,0,1
S01008123,Level 2,125,125,0,0,0,0,0
S01008123,Level 3,63,61,2,0,0,0,2
S01008123,Level 4 and above,404,386,18,2,0,1,15
S01008124,All people aged 16 and over,667,642,25,0,1,2,22
S01008124,No qualifications,84,82,2,0,0,0,2
S01008124,Level 1,140,139,1,0,0,0,1
S01008124,Level 2,130,127,3,0,0,0,3
S01008124,Level 3,58,58,0,0,0,0,0
S01008124,Level 4 and above,255,236,19,0,1,2,16
S01008125,All people aged 16 and over,728,699,29,5,0,1,23
S01008125,No qualifications,94,88,6,1,0,0,5
S01008125,Level 1,139,135,4,2,0,0,2
S01008125,Level 2,125,124,1,0,0,0,1
S01008125,Level 3,79,76,3,1,0,0,2
S01008125,Level 4 and above,291,276,15,1,0,1,13
S01008126,All people aged 16 and over,668,653,15,0,0,0,15
S01008126,No qualifications,69,69,0,0,0,0,0
S01008126,Level 1,105,101,4,0,0,0,4
S01008126,Level 2,159,156,3,0,0,0,3
S01008126,Level 3,83,83,0,0,0,0,0
S01008126,Level 4 and above,252,244,8,0,0,0,8
S01008127,All people aged 16 and over,411,398,13,0,2,1,10
S01008127,No qualifications,48,48,0,0,0,0,0
S01008127,Level 1,51,50,1,0,1,0,0
S01008127,Level 2,64,62,2,0,0,0,2
S01008127,Level 3,37,35,2,0,0,0,2
S01008127,Level 4 and above,211,203,8,0,1,1,6
S01008128,All people aged 16 and over,750,734,16,0,3,2,11
S01008128,No qualifications,108,106,2,0,0,0,2
S01008128,Level 1,160,158,2,0,1,0,1
S01008128,Level 2,166,164,2,0,1,0,1
S01008128,Level 3,81,80,1,0,0,0,1
S01008128,Level 4 and above,235,226,9,0,1,2,6
S01008129,All people aged 16 and over,748,722,26,0,2,6,18
S01008129,No qualifications,215,206,9,0,0,2,7
S01008129,Level 1,179,174,5,0,1,2,2
S01008129,Level 2,102,99,3,0,0,1,2
S01008129,Level 3,83,83,0,0,0,0,0
S01008129,Level 4 and above,169,160,9,0,1,1,7
S01008130,All people aged 16 and over,815,780,35,2,5,5,23
S01008130,No qualifications,215,212,3,0,0,0,3
S01008130,Level 1,199,193,6,0,2,1,3
S01008130,Level 2,143,134,9,0,0,0,9
S01008130,Level 3,93,89,4,0,0,2,2
S01008130,Level 4 and above,165,152,13,2,3,2,6
S01008131,All people aged 16 and over,642,624,18,0,4,0,14
S01008131,No qualifications,179,176,3,0,0,0,3
S01008131,Level 1,163,163,0,0,0,0,0
S01008131,Level 2,78,75,3,0,0,0,3
S01008131,Level 3,66,65,1,0,0,0,1
S01008131,Level 4 and above,156,145,11,0,4,0,7
S01008132,All people aged 16 and over,850,817,33,1,1,7,24
S01008132,No qualifications,136,132,4,0,0,0,4
S01008132,Level 1,167,161,6,0,1,1,4
S01008132,Level 2,150,149,1,0,0,0,1
S01008132,Level 3,77,75,2,0,0,0,2
S01008132,Level 4 and above,320,300,20,1,0,6,13
S01008133,All people aged 16 and over,540,509,31,6,7,4,14
S01008133,No qualifications,160,155,5,0,1,1,3
S01008133,Level 1,94,86,8,1,2,1,4
S01008133,Level 2,67,66,1,0,0,1,0
S01008133,Level 3,49,44,5,2,2,0,1
S01008133,Level 4 and above,170,158,12,3,2,1,6
S01008134,All people aged 16 and over,520,495,25,2,1,8,14
S01008134,No qualifications,104,100,4,0,0,1,3
S01008134,Level 1,100,95,5,0,0,3,2
S01008134,Level 2,96,91,5,0,1,0,4
S01008134,Level 3,57,57,0,0,0,0,0
S01008134,Level 4 and above,163,152,11,2,0,4,5
S01008135,All people aged 16 and over,916,876,40,4,8,10,18
S01008135,No qualifications,204,200,4,0,0,0,4
S01008135,Level 1,177,172,5,0,1,2,2
S01008135,Level 2,165,162,3,0,0,1,2
S01008135,Level 3,128,124,4,0,2,0,2
S01008135,Level 4 and above,242,218,24,4,5,7,8
S01008136,All people aged 16 and over,756,736,20,0,1,2,17
S01008136,No qualifications,232,226,6,0,0,0,6
S01008136,Level 1,200,198,2,0,0,0,2
S01008136,Level 2,102,99,3,0,0,0,3
S01008136,Level 3,69,66,3,0,0,0,3
S01008136,Level 4 and above,153,147,6,0,1,2,3
S01008137,All people aged 16 and over,667,655,12,0,0,4,8
S01008137,No qualifications,266,262,4,0,0,0,4
S01008137,Level 1,182,181,1,0,0,1,0
S01008137,Level 2,73,73,0,0,0,0,0
S01008137,Level 3,61,59,2,0,0,0,2
S01008137,Level 4 and above,85,80,5,0,0,3,2
S01008138,All people aged 16 and over,645,631,14,0,3,4,7
S01008138,No qualifications,268,265,3,0,1,0,2
S01008138,Level 1,197,190,7,0,1,2,4
S01008138,Level 2,75,74,1,0,0,1,0
S01008138,Level 3,44,44,0,0,0,0,0
S01008138,Level 4 and above,61,58,3,0,1,1,1
S01008139,All people aged 16 and over,713,698,15,0,0,2,13
S01008139,No qualifications,232,228,4,0,0,0,4
S01008139,Level 1,189,184,5,0,0,0,5
S01008139,Level 2,95,95,0,0,0,0,0
S01008139,Level 3,79,77,2,0,0,0,2
S01008139,Level 4 and above,118,114,4,0,0,2,2
S01008140,All people aged 16 and over,407,401,6,0,0,0,6
S01008140,No qualifications,151,147,4,0,0,0,4
S01008140,Level 1,98,98,0,0,0,0,0
S01008140,Level 2,53,53,0,0,0,0,0
S01008140,Level 3,42,41,1,0,0,0,1
S01008140,Level 4 and above,63,62,1,0,0,0,1
S01008141,All people aged 16 and over,712,694,18,0,2,3,13
S01008141,No qualifications,138,132,6,0,0,0,6
S01008141,Level 1,187,184,3,0,0,1,2
S01008141,Level 2,127,126,1,0,0,0,1
S01008141,Level 3,75,74,1,0,0,0,1
S01008141,Level 4 and above,185,178,7,0,2,2,3
S01008142,All people aged 16 and over,664,657,7,0,1,3,3
S01008142,No qualifications,111,111,0,0,0,0,0
S01008142,Level 1,147,146,1,0,0,1,0
S01008142,Level 2,140,140,0,0,0,0,0
S01008142,Level 3,83,82,1,0,0,0,1
S01008142,Level 4 and above,183,178,5,0,1,2,2
S01008143,All people aged 16 and over,755,732,23,0,2,2,19
S01008143,No qualifications,214,209,5,0,1,0,4
S01008143,Level 1,200,195,5,0,1,0,4
S01008143,Level 2,112,110,2,0,0,0,2
S01008143,Level 3,57,54,3,0,0,1,2
S01008143,Level 4 and above,172,164,8,0,0,1,7
S01008144,All people aged 16 and over,505,499,6,0,0,1,5
S01008144,No qualifications,86,85,1,0,0,0,1
S01008144,Level 1,125,124,1,0,0,0,1
S01008144,Level 2,93,92,1,0,0,1,0
S01008144,Level 3,56,56,0,0,0,0,0
S01008144,Level 4 and above,145,142,3,0,0,0,3
S01008145,All people aged 16 and over,646,637,9,0,1,3,5
S01008145,No qualifications,263,261,2,0,0,1,1
S01008145,Level 1,146,144,2,0,0,0,2
S01008145,Level 2,103,103,0,0,0,0,0
S01008145,Level 3,55,55,0,0,0,0,0
S01008145,Level 4 and above,79,74,5,0,1,2,2
S01008146,All people aged 16 and over,414,408,6,0,0,1,5
S01008146,No qualifications,159,157,2,0,0,1,1
S01008146,Level 1,106,106,0,0,0,0,0
S01008146,Level 2,58,57,1,0,0,0,1
S01008146,Level 3,31,30,1,0,0,0,1
S01008146,Level 4 and above,60,58,2,0,0,0,2
S01008147,All people aged 16 and over,664,653,11,2,0,1,8
S01008147,No qualifications,210,206,4,0,0,0,4
S01008147,Level 1,181,179,2,0,0,0,2
S01008147,Level 2,104,104,0,0,0,0,0
S01008147,Level 3,62,61,1,0,0,0,1
S01008147,Level 4 and above,107,103,4,2,0,1,1
S01008148,All people aged 16 and over,648,640,8,0,0,0,8
S01008148,No qualifications,128,127,1,0,0,0,1
S01008148,Level 1,176,174,2,0,0,0,2
S01008148,Level 2,138,136,2,0,0,0,2
S01008148,Level 3,71,71,0,0,0,0,0
S01008148,Level 4 and above,135,132,3,0,0,0,3
S01008149,All people aged 16 and over,568,555,13,1,0,5,7
S01008149,No qualifications,159,158,1,0,0,0,1
S01008149,Level 1,168,162,6,0,0,2,4
S01008149,Level 2,88,88,0,0,0,0,0
S01008149,Level 3,54,53,1,0,0,0,1
S01008149,Level 4 and above,99,94,5,1,0,3,1
S01008150,All people aged 16 and over,764,750,14,3,2,2,7
S01008150,No qualifications,226,223,3,0,0,0,3
S01008150,Level 1,222,218,4,2,1,1,0
S01008150,Level 2,117,117,0,0,0,0,0
S01008150,Level 3,65,64,1,0,0,0,1
S01008150,Level 4 and above,134,128,6,1,1,1,3
S01008151,All people aged 16 and over,589,575,14,1,2,0,11
S01008151,No qualifications,208,204,4,0,0,0,4
S01008151,Level 1,143,138,5,0,1,0,4
S01008151,Level 2,108,106,2,0,0,0,2
S01008151,Level 3,48,47,1,0,0,0,1
S01008151,Level 4 and above,82,80,2,1,1,0,0
S01008152,All people aged 16 and over,891,862,29,3,0,2,24
S01008152,No qualifications,332,323,9,0,0,1,8
S01008152,Level 1,195,191,4,1,0,0,3
S01008152,Level 2,131,129,2,0,0,0,2
S01008152,Level 3,86,83,3,0,0,0,3
S01008152,Level 4 and above,147,136,11,2,0,1,8
S01008153,All people aged 16 and over,769,751,18,2,0,1,15
S01008153,No qualifications,147,137,10,1,0,0,9
S01008153,Level 1,173,171,2,0,0,0,2
S01008153,Level 2,149,147,2,1,0,0,1
S01008153,Level 3,76,76,0,0,0,0,0
S01008153,Level 4 and above,224,220,4,0,0,1,3
S01008154,All people aged 16 and over,710,699,11,0,1,1,9
S01008154,No qualifications,139,136,3,0,0,0,3
S01008154,Level 1,146,143,3,0,1,0,2
S01008154,Level 2,95,93,2,0,0,1,1
S01008154,Level 3,87,85,2,0,0,0,2
S01008154,Level 4 and above,243,242,1,0,0,0,1
S01008155,All people aged 16 and over,576,554,22,5,1,2,14
S01008155,No qualifications,119,114,5,2,0,0,3
S01008155,Level 1,111,107,4,1,0,0,3
S01008155,Level 2,104,102,2,0,0,0,2
S01008155,Level 3,65,64,1,0,1,0,0
S01008155,Level 4 and above,177,167,10,2,0,2,6
S01008156,All people aged 16 and over,771,752,19,0,3,3,13
S01008156,No qualifications,206,201,5,0,0,0,5
S01008156,Level 1,178,174,4,0,1,1,2
S01008156,Level 2,130,127,3,0,1,1,1
S01008156,Level 3,77,75,2,0,1,0,1
S01008156,Level 4 and above,180,175,5,0,0,1,4
S01008157,All people aged 16 and over,592,572,20,1,2,1,16
S01008157,No qualifications,95,95,0,0,0,0,0
S01008157,Level 1,125,123,2,0,0,0,2
S01008157,Level 2,103,99,4,0,0,0,4
S01008157,Level 3,78,77,1,0,1,0,0
S01008157,Level 4 and above,191,178,13,1,1,1,10
S01008158,All people aged 16 and over,627,599,28,1,5,2,20
S01008158,No qualifications,69,64,5,1,0,0,4
S01008158,Level 1,157,152,5,0,1,1,3
S01008158,Level 2,126,122,4,0,0,0,4
S01008158,Level 3,81,80,1,0,0,0,1
S01008158,Level 4 and above,194,181,13,0,4,1,8
S01008159,All people aged 16 and over,781,760,21,2,1,3,15
S01008159,No qualifications,253,249,4,0,0,0,4
S01008159,Level 1,190,189,1,0,0,0,1
S01008159,Level 2,108,107,1,1,0,0,0
S01008159,Level 3,74,72,2,1,0,0,1
S01008159,Level 4 and above,156,143,13,0,1,3,9
S01008160,All people aged 16 and over,771,755,16,2,1,5,8
S01008160,No qualifications,259,256,3,0,0,0,3
S01008160,Level 1,192,187,5,0,0,2,3
S01008160,Level 2,90,89,1,0,0,0,1
S01008160,Level 3,78,77,1,0,0,1,0
S01008160,Level 4 and above,152,146,6,2,1,2,1
S01008161,All people aged 16 and over,815,779,36,3,3,6,24
S01008161,No qualifications,117,112,5,0,0,0,5
S01008161,Level 1,200,191,9,2,2,1,4
S01008161,Level 2,126,123,3,0,0,0,3
S01008161,Level 3,94,93,1,0,0,0,1
S01008161,Level 4 and above,278,260,18,1,1,5,11
S01008162,All people aged 16 and over,831,803,28,0,5,6,17
S01008162,No qualifications,195,193,2,0,0,0,2
S01008162,Level 1,185,182,3,0,1,1,1
S01008162,Level 2,106,100,6,0,1,0,5
S01008162,Level 3,73,71,2,0,0,0,2
S01008162,Level 4 and above,272,257,15,0,3,5,7
S01008163,All people aged 16 and over,601,580,21,1,3,5,12
S01008163,No qualifications,241,237,4,0,0,0,4
S01008163,Level 1,176,172,4,0,1,1,2
S01008163,Level 2,72,71,1,1,0,0,0
S01008163,Level 3,45,43,2,0,0,1,1
S01008163,Level 4 and above,67,57,10,0,2,3,5
S01008164,All people aged 16 and over,1318,954,364,293,26,14,31
S01008164,No qualifications,171,159,12,5,2,0,5
S01008164,Level 1,260,202,58,51,5,0,2
S01008164,Level 2,442,383,59,41,2,7,9
S01008164,Level 3,100,82,18,12,0,2,4
S01008164,Level 4 and above,345,128,217,184,17,5,11
S01008165,All people aged 16 and over,580,534,46,4,6,19,17
S01008165,No qualifications,107,94,13,0,1,6,6
S01008165,Level 1,143,134,9,0,2,6,1
S01008165,Level 2,85,84,1,0,0,1,0
S01008165,Level 3,76,65,11,1,0,3,7
S01008165,Level 4 and above,169,157,12,3,3,3,3
S01008166,All people aged 16 and over,443,432,11,0,4,3,4
S01008166,No qualifications,170,168,2,0,0,0,2
S01008166,Level 1,143,139,4,0,2,2,0
S01008166,Level 2,51,50,1,0,1,0,0
S01008166,Level 3,32,32,0,0,0,0,0
S01008166,Level 4 and above,47,43,4,0,1,1,2
S01008167,All people aged 16 and over,561,535,26,0,4,5,17
S01008167,No qualifications,242,237,5,0,0,0,5
S01008167,Level 1,182,175,7,0,1,1,5
S01008167,Level 2,59,57,2,0,1,1,0
S01008167,Level 3,31,29,2,0,0,0,2
S01008167,Level 4 and above,47,37,10,0,2,3,5
S01008168,All people aged 16 and over,668,627,41,2,5,19,15
S01008168,No qualifications,242,239,3,0,1,1,1
S01008168,Level 1,194,185,9,0,2,2,5
S01008168,Level 2,87,82,5,1,0,2,2
S01008168,Level 3,45,41,4,0,0,4,0
S01008168,Level 4 and above,100,80,20,1,2,10,7
S01008169,All people aged 16 and over,584,561,23,2,9,3,9
S01008169,No qualifications,214,209,5,0,1,0,4
S01008169,Level 1,164,160,4,0,1,1,2
S01008169,Level 2,67,66,1,0,1,0,0
S01008169,Level 3,52,48,4,2,2,0,0
S01008169,Level 4 and above,87,78,9,0,4,2,3
S01008170,All people aged 16 and over,492,479,13,1,2,0,10
S01008170,No qualifications,95,94,1,0,0,0,1
S01008170,Level 1,135,134,1,0,0,0,1
S01008170,Level 2,100,97,3,1,0,0,2
S01008170,Level 3,46,44,2,0,1,0,1
S01008170,Level 4 and above,116,110,6,0,1,0,5
S01008171,All people aged 16 and over,616,568,48,2,4,18,24
S01008171,No qualifications,207,203,4,0,0,0,4
S01008171,Level 1,143,133,10,0,1,2,7
S01008171,Level 2,88,81,7,0,0,2,5
S01008171,Level 3,49,40,9,1,0,4,4
S01008171,Level 4 and above,129,111,18,1,3,10,4
S01008172,All people aged 16 and over,457,438,19,2,1,3,13
S01008172,No qualifications,143,139,4,0,0,1,3
S01008172,Level 1,131,129,2,0,0,0,2
S01008172,Level 2,46,46,0,0,0,0,0
S01008172,Level 3,44,39,5,0,1,1,3
S01008172,Level 4 and above,93,85,8,2,0,1,5
S01008173,All people aged 16 and over,521,504,17,0,2,2,13
S01008173,No qualifications,111,109,2,0,0,0,2
S01008173,Level 1,164,159,5,0,0,0,5
S01008173,Level 2,80,79,1,0,0,0,1
S01008173,Level 3,60,57,3,0,2,0,1
S01008173,Level 4 and above,106,100,6,0,0,2,4
S01008174,All people aged 16 and over,448,434,14,0,4,1,9
S01008174,No qualifications,120,119,1,0,0,0,1
S01008174,Level 1,121,120,1,0,0,0,1
S01008174,Level 2,88,87,1,0,0,0,1
S01008174,Level 3,38,35,3,0,2,0,1
S01008174,Level 4 and above,81,73,8,0,2,1,5
S01008175,All people aged 16 and over,615,572,43,4,9,6,24
S01008175,No qualifications,156,149,7,0,0,0,7
S01008175,Level 1,154,145,9,1,1,0,7
S01008175,Level 2,91,88,3,0,0,0,3
S01008175,Level 3,60,56,4,0,2,1,1
S01008175,Level 4 and above,154,134,20,3,6,5,6
S01008176,All people aged 16 and over,610,569,41,6,7,7,21
S01008176,No qualifications,95,92,3,1,0,0,2
S01008176,Level 1,99,92,7,0,0,3,4
S01008176,Level 2,98,94,4,0,0,2,2
S01008176,Level 3,47,41,6,3,2,0,1
S01008176,Level 4 and above,271,250,21,2,5,2,12
S01008177,All people aged 16 and over,635,604,31,3,6,3,19
S01008177,No qualifications,224,217,7,0,0,0,7
S01008177,Level 1,143,138,5,1,1,0,3
S01008177,Level 2,88,83,5,2,2,0,1
S01008177,Level 3,55,51,4,0,1,0,3
S01008177,Level 4 and above,125,115,10,0,2,3,5
S01008178,All people aged 16 and over,560,541,19,0,4,7,8
S01008178,No qualifications,136,130,6,0,3,2,1
S01008178,Level 1,147,144,3,0,0,0,3
S01008178,Level 2,101,99,2,0,0,1,1
S01008178,Level 3,64,62,2,0,0,0,2
S01008178,Level 4 and above,112,106,6,0,1,4,1
S01008179,All people aged 16 and over,390,371,19,3,1,4,11
S01008179,No qualifications,42,40,2,0,0,0,2
S01008179,Level 1,115,111,4,1,0,0,3
S01008179,Level 2,85,82,3,1,0,1,1
S01008179,Level 3,30,27,3,0,1,1,1
S01008179,Level 4 and above,118,111,7,1,0,2,4
S01008180,All people aged 16 and over,381,373,8,0,1,0,7
S01008180,No qualifications,35,34,1,0,0,0,1
S01008180,Level 1,105,104,1,0,0,0,1
S01008180,Level 2,89,88,1,0,0,0,1
S01008180,Level 3,44,44,0,0,0,0,0
S01008180,Level 4 and above,108,103,5,0,1,0,4
S01008181,All people aged 16 and over,579,554,25,1,6,5,13
S01008181,No qualifications,106,103,3,0,0,0,3
S01008181,Level 1,140,138,2,1,0,1,0
S01008181,Level 2,111,109,2,0,0,0,2
S01008181,Level 3,61,54,7,0,6,0,1
S01008181,Level 4 and above,161,150,11,0,0,4,7
S01008182,All people aged 16 and over,833,728,105,11,28,27,39
S01008182,No qualifications,214,200,14,4,3,1,6
S01008182,Level 1,181,161,20,2,4,4,10
S01008182,Level 2,113,98,15,0,1,7,7
S01008182,Level 3,68,62,6,1,3,2,0
S01008182,Level 4 and above,257,207,50,4,17,13,16
S01008183,All people aged 16 and over,521,464,57,6,15,7,29
S01008183,No qualifications,106,104,2,0,0,0,2
S01008183,Level 1,115,106,9,2,4,0,3
S01008183,Level 2,87,72,15,0,4,1,10
S01008183,Level 3,59,51,8,1,2,1,4
S01008183,Level 4 and above,154,131,23,3,5,5,10
S01008184,All people aged 16 and over,735,667,68,15,16,14,23
S01008184,No qualifications,211,199,12,0,2,0,10
S01008184,Level 1,158,149,9,4,2,1,2
S01008184,Level 2,107,97,10,1,0,3,6
S01008184,Level 3,62,56,6,1,3,2,0
S01008184,Level 4 and above,197,166,31,9,9,8,5
S01008185,All people aged 16 and over,887,799,88,22,26,24,16
S01008185,No qualifications,236,233,3,0,0,0,3
S01008185,Level 1,219,198,21,10,4,5,2
S01008185,Level 2,107,103,4,1,0,1,2
S01008185,Level 3,96,79,17,4,8,4,1
S01008185,Level 4 and above,229,186,43,7,14,14,8
S01008186,All people aged 16 and over,722,612,110,41,30,16,23
S01008186,No qualifications,157,150,7,5,1,1,0
S01008186,Level 1,170,136,34,15,11,3,5
S01008186,Level 2,152,122,30,12,9,5,4
S01008186,Level 3,59,55,4,3,1,0,0
S01008186,Level 4 and above,184,149,35,6,8,7,14
S01008187,All people aged 16 and over,501,463,38,4,5,5,24
S01008187,No qualifications,164,153,11,2,2,1,6
S01008187,Level 1,137,132,5,1,0,0,4
S01008187,Level 2,58,55,3,0,0,1,2
S01008187,Level 3,28,25,3,0,0,0,3
S01008187,Level 4 and above,114,98,16,1,3,3,9
S01008188,All people aged 16 and over,769,707,62,6,25,14,17
S01008188,No qualifications,275,268,7,0,1,1,5
S01008188,Level 1,188,179,9,0,6,1,2
S01008188,Level 2,96,94,2,1,1,0,0
S01008188,Level 3,74,56,18,2,9,4,3
S01008188,Level 4 and above,136,110,26,3,8,8,7
S01008189,All people aged 16 and over,491,461,30,1,14,4,11
S01008189,No qualifications,130,127,3,0,1,0,2
S01008189,Level 1,124,120,4,0,0,0,4
S01008189,Level 2,82,80,2,0,1,0,1
S01008189,Level 3,56,41,15,1,12,1,1
S01008189,Level 4 and above,99,93,6,0,0,3,3
S01008190,All people aged 16 and over,709,675,34,2,3,11,18
S01008190,No qualifications,282,276,6,0,0,0,6
S01008190,Level 1,230,223,7,1,0,3,3
S01008190,Level 2,69,66,3,0,0,0,3
S01008190,Level 3,43,35,8,0,1,5,2
S01008190,Level 4 and above,85,75,10,1,2,3,4
S01008191,All people aged 16 and over,387,371,16,2,0,2,12
S01008191,No qualifications,127,126,1,0,0,0,1
S01008191,Level 1,115,110,5,0,0,0,5
S01008191,Level 2,51,50,1,0,0,1,0
S01008191,Level 3,32,29,3,1,0,1,1
S01008191,Level 4 and above,62,56,6,1,0,0,5
S01008192,All people aged 16 and over,680,597,83,32,21,8,22
S01008192,No qualifications,177,163,14,3,3,1,7
S01008192,Level 1,170,152,18,8,5,0,5
S01008192,Level 2,94,93,1,0,0,0,1
S01008192,Level 3,57,50,7,0,4,0,3
S01008192,Level 4 and above,182,139,43,21,9,7,6
S01008193,All people aged 16 and over,678,638,40,1,11,8,20
S01008193,No qualifications,195,188,7,0,2,2,3
S01008193,Level 1,170,168,2,0,0,0,2
S01008193,Level 2,91,88,3,0,0,0,3
S01008193,Level 3,46,39,7,0,4,1,2
S01008193,Level 4 and above,176,155,21,1,5,5,10
S01008194,All people aged 16 and over,509,468,41,1,12,7,21
S01008194,No qualifications,140,129,11,0,0,1,10
S01008194,Level 1,131,120,11,0,4,3,4
S01008194,Level 2,63,62,1,0,1,0,0
S01008194,Level 3,37,33,4,1,1,1,1
S01008194,Level 4 and above,138,124,14,0,6,2,6
S01008195,All people aged 16 and over,623,577,46,9,9,10,18
S01008195,No qualifications,200,194,6,0,0,2,4
S01008195,Level 1,200,189,11,2,4,2,3
S01008195,Level 2,91,88,3,1,1,0,1
S01008195,Level 3,58,49,9,1,1,1,6
S01008195,Level 4 and above,74,57,17,5,3,5,4
S01008196,All people aged 16 and over,596,563,33,3,6,13,11
S01008196,No qualifications,176,174,2,0,0,1,1
S01008196,Level 1,223,213,10,0,2,2,6
S01008196,Level 2,80,76,4,1,1,1,1
S01008196,Level 3,47,41,6,0,2,3,1
S01008196,Level 4 and above,70,59,11,2,1,6,2
S01008197,All people aged 16 and over,740,674,66,7,21,19,19
S01008197,No qualifications,83,76,7,1,1,1,4
S01008197,Level 1,211,197,14,2,6,3,3
S01008197,Level 2,131,130,1,0,1,0,0
S01008197,Level 3,88,79,9,1,1,3,4
S01008197,Level 4 and above,227,192,35,3,12,12,8
S01008198,All people aged 16 and over,575,554,21,0,5,4,12
S01008198,No qualifications,224,221,3,0,1,0,2
S01008198,Level 1,172,167,5,0,1,0,4
S01008198,Level 2,67,64,3,0,0,0,3
S01008198,Level 3,50,50,0,0,0,0,0
S01008198,Level 4 and above,62,52,10,0,3,4,3
S01008199,All people aged 16 and over,608,585,23,4,5,6,8
S01008199,No qualifications,248,246,2,0,1,1,0
S01008199,Level 1,211,203,8,1,3,0,4
S01008199,Level 2,65,62,3,1,0,2,0
S01008199,Level 3,40,37,3,0,0,0,3
S01008199,Level 4 and above,44,37,7,2,1,3,1
S01008200,All people aged 16 and over,511,493,18,0,3,3,12
S01008200,No qualifications,241,237,4,0,1,0,3
S01008200,Level 1,139,138,1,0,0,0,1
S01008200,Level 2,49,48,1,0,0,1,0
S01008200,Level 3,27,26,1,0,1,0,0
S01008200,Level 4 and above,55,44,11,0,1,2,8
S01008201,All people aged 16 and over,632,595,37,4,8,8,17
S01008201,No qualifications,265,258,7,2,2,1,2
S01008201,Level 1,169,165,4,0,0,0,4
S01008201,Level 2,86,83,3,0,0,1,2
S01008201,Level 3,42,33,9,0,2,1,6
S01008201,Level 4 and above,70,56,14,2,4,5,3
S01008202,All people aged 16 and over,487,469,18,2,2,2,12
S01008202,No qualifications,164,162,2,0,0,0,2
S01008202,Level 1,135,131,4,2,1,0,1
S01008202,Level 2,80,77,3,0,0,0,3
S01008202,Level 3,38,35,3,0,0,0,3
S01008202,Level 4 and above,70,64,6,0,1,2,3
S01008203,All people aged 16 and over,460,438,22,2,4,7,9
S01008203,No qualifications,165,163,2,1,0,0,1
S01008203,Level 1,137,130,7,0,0,2,5
S01008203,Level 2,48,48,0,0,0,0,0
S01008203,Level 3,43,41,2,0,2,0,0
S01008203,Level 4 and above,67,56,11,1,2,5,3
S01008204,All people aged 16 and over,776,758,18,1,3,2,12
S01008204,No qualifications,340,333,7,0,0,1,6
S01008204,Level 1,170,167,3,0,0,0,3
S01008204,Level 2,85,84,1,1,0,0,0
S01008204,Level 3,53,53,0,0,0,0,0
S01008204,Level 4 and above,128,121,7,0,3,1,3
S01008205,All people aged 16 and over,565,546,19,6,1,3,9
S01008205,No qualifications,226,223,3,1,0,1,1
S01008205,Level 1,170,162,8,3,1,0,4
S01008205,Level 2,59,58,1,0,0,0,1
S01008205,Level 3,40,39,1,0,0,0,1
S01008205,Level 4 and above,70,64,6,2,0,2,2
S01008206,All people aged 16 and over,529,517,12,1,1,7,3
S01008206,No qualifications,231,228,3,1,1,1,0
S01008206,Level 1,152,151,1,0,0,0,1
S01008206,Level 2,50,49,1,0,0,0,1
S01008206,Level 3,34,32,2,0,0,1,1
S01008206,Level 4 and above,62,57,5,0,0,5,0
S01008207,All people aged 16 and over,453,446,7,0,0,1,6
S01008207,No qualifications,158,157,1,0,0,0,1
S01008207,Level 1,174,171,3,0,0,1,2
S01008207,Level 2,50,49,1,0,0,0,1
S01008207,Level 3,29,29,0,0,0,0,0
S01008207,Level 4 and above,42,40,2,0,0,0,2
S01008208,All people aged 16 and over,622,577,45,4,12,12,17
S01008208,No qualifications,109,100,9,4,2,0,3
S01008208,Level 1,197,185,12,0,3,2,7
S01008208,Level 2,91,89,2,0,1,0,1
S01008208,Level 3,71,66,5,0,0,2,3
S01008208,Level 4 and above,154,137,17,0,6,8,3
S01008209,All people aged 16 and over,412,390,22,0,3,7,12
S01008209,No qualifications,53,50,3,0,0,0,3
S01008209,Level 1,143,136,7,0,1,1,5
S01008209,Level 2,75,73,2,0,0,1,1
S01008209,Level 3,46,41,5,0,1,3,1
S01008209,Level 4 and above,95,90,5,0,1,2,2
S01008210,All people aged 16 and over,753,723,30,1,1,8,20
S01008210,No qualifications,223,219,4,0,0,1,3
S01008210,Level 1,210,204,6,0,1,0,5
S01008210,Level 2,117,113,4,0,0,1,3
S01008210,Level 3,67,64,3,0,0,1,2
S01008210,Level 4 and above,136,123,13,1,0,5,7
S01008211,All people aged 16 and over,744,697,47,7,2,8,30
S01008211,No qualifications,205,197,8,2,0,0,6
S01008211,Level 1,196,186,10,0,0,1,9
S01008211,Level 2,85,78,7,3,2,0,2
S01008211,Level 3,62,61,1,0,0,1,0
S01008211,Level 4 and above,196,175,21,2,0,6,13
S01008212,All people aged 16 and over,447,433,14,0,1,4,9
S01008212,No qualifications,56,54,2,0,0,1,1
S01008212,Level 1,142,139,3,0,1,0,2
S01008212,Level 2,82,81,1,0,0,0,1
S01008212,Level 3,52,51,1,0,0,0,1
S01008212,Level 4 and above,115,108,7,0,0,3,4
S01008213,All people aged 16 and over,777,759,18,4,1,5,8
S01008213,No qualifications,147,146,1,1,0,0,0
S01008213,Level 1,232,230,2,1,0,0,1
S01008213,Level 2,145,144,1,0,0,0,1
S01008213,Level 3,76,72,4,0,1,1,2
S01008213,Level 4 and above,177,167,10,2,0,4,4
S01008214,All people aged 16 and over,611,598,13,0,1,0,12
S01008214,No qualifications,237,233,4,0,0,0,4
S01008214,Level 1,167,164,3,0,0,0,3
S01008214,Level 2,59,58,1,0,0,0,1
S01008214,Level 3,47,47,0,0,0,0,0
S01008214,Level 4 and above,101,96,5,0,1,0,4
S01008215,All people aged 16 and over,620,591,29,1,4,11,13
S01008215,No qualifications,194,182,12,1,1,5,5
S01008215,Level 1,174,169,5,0,0,1,4
S01008215,Level 2,78,77,1,0,0,0,1
S01008215,Level 3,48,47,1,0,0,1,0
S01008215,Level 4 and above,126,116,10,0,3,4,3
S01008216,All people aged 16 and over,419,403,16,1,4,4,7
S01008216,No qualifications,86,85,1,0,0,0,1
S01008216,Level 1,115,114,1,0,0,0,1
S01008216,Level 2,80,78,2,0,0,1,1
S01008216,Level 3,46,40,6,0,4,2,0
S01008216,Level 4 and above,92,86,6,1,0,1,4
S01008217,All people aged 16 and over,472,448,24,7,1,1,15
S01008217,No qualifications,78,75,3,0,0,0,3
S01008217,Level 1,95,88,7,3,1,0,3
S01008217,Level 2,94,90,4,0,0,0,4
S01008217,Level 3,31,30,1,0,0,0,1
S01008217,Level 4 and above,174,165,9,4,0,1,4
S01008218,All people aged 16 and over,821,798,23,0,2,5,16
S01008218,No qualifications,90,88,2,0,0,0,2
S01008218,Level 1,243,240,3,0,0,1,2
S01008218,Level 2,156,152,4,0,0,1,3
S01008218,Level 3,90,88,2,0,0,0,2
S01008218,Level 4 and above,242,230,12,0,2,3,7
S01008219,All people aged 16 and over,857,809,48,0,16,10,22
S01008219,No qualifications,265,259,6,0,2,0,4
S01008219,Level 1,232,219,13,0,4,6,3
S01008219,Level 2,116,111,5,0,1,1,3
S01008219,Level 3,79,66,13,0,6,2,5
S01008219,Level 4 and above,165,154,11,0,3,1,7
S01008220,All people aged 16 and over,459,439,20,1,4,7,8
S01008220,No qualifications,153,152,1,0,0,0,1
S01008220,Level 1,160,155,5,0,2,1,2
S01008220,Level 2,46,45,1,0,0,0,1
S01008220,Level 3,45,40,5,0,2,2,1
S01008220,Level 4 and above,55,47,8,1,0,4,3
S01008221,All people aged 16 and over,539,504,35,5,3,15,12
S01008221,No qualifications,175,170,5,0,0,0,5
S01008221,Level 1,202,188,14,4,0,7,3
S01008221,Level 2,57,52,5,0,0,2,3
S01008221,Level 3,35,35,0,0,0,0,0
S01008221,Level 4 and above,70,59,11,1,3,6,1
S01008222,All people aged 16 and over,506,492,14,1,3,1,9
S01008222,No qualifications,205,203,2,0,0,0,2
S01008222,Level 1,171,165,6,1,3,0,2
S01008222,Level 2,44,43,1,0,0,0,1
S01008222,Level 3,32,31,1,0,0,0,1
S01008222,Level 4 and above,54,50,4,0,0,1,3
S01008223,All people aged 16 and over,510,493,17,3,4,3,7
S01008223,No qualifications,209,205,4,1,0,0,3
S01008223,Level 1,143,139,4,0,1,1,2
S01008223,Level 2,64,61,3,2,0,0,1
S01008223,Level 3,35,34,1,0,1,0,0
S01008223,Level 4 and above,59,54,5,0,2,2,1
S01008224,All people aged 16 and over,783,750,33,3,7,4,19
S01008224,No qualifications,190,182,8,0,2,1,5
S01008224,Level 1,228,224,4,0,0,0,4
S01008224,Level 2,131,131,0,0,0,0,0
S01008224,Level 3,84,82,2,0,0,0,2
S01008224,Level 4 and above,150,131,19,3,5,3,8
S01008225,All people aged 16 and over,594,583,11,0,2,1,8
S01008225,No qualifications,160,158,2,0,0,0,2
S01008225,Level 1,202,200,2,0,0,0,2
S01008225,Level 2,88,86,2,0,0,0,2
S01008225,Level 3,51,49,2,0,1,1,0
S01008225,Level 4 and above,93,90,3,0,1,0,2
S01008226,All people aged 16 and over,638,619,19,0,3,3,13
S01008226,No qualifications,294,286,8,0,0,1,7
S01008226,Level 1,202,201,1,0,0,0,1
S01008226,Level 2,64,62,2,0,0,0,2
S01008226,Level 3,28,26,2,0,2,0,0
S01008226,Level 4 and above,50,44,6,0,1,2,3
S01008227,All people aged 16 and over,681,662,19,2,1,7,9
S01008227,No qualifications,266,263,3,0,0,2,1
S01008227,Level 1,215,211,4,0,0,0,4
S01008227,Level 2,87,86,1,0,0,0,1
S01008227,Level 3,41,40,1,0,1,0,0
S01008227,Level 4 and above,72,62,10,2,0,5,3
S01008228,All people aged 16 and over,539,505,34,5,2,6,21
S01008228,No qualifications,124,119,5,1,0,0,4
S01008228,Level 1,143,138,5,2,0,0,3
S01008228,Level 2,84,83,1,0,0,0,1
S01008228,Level 3,53,50,3,1,0,0,2
S01008228,Level 4 and above,135,115,20,1,2,6,11
S01008229,All people aged 16 and over,551,534,17,0,5,2,10
S01008229,No qualifications,197,196,1,0,0,0,1
S01008229,Level 1,187,178,9,0,2,1,6
S01008229,Level 2,77,77,0,0,0,0,0
S01008229,Level 3,35,33,2,0,1,0,1
S01008229,Level 4 and above,55,50,5,0,2,1,2
S01008230,All people aged 16 and over,614,576,38,2,5,10,21
S01008230,No qualifications,84,81,3,0,0,1,2
S01008230,Level 1,215,203,12,2,1,4,5
S01008230,Level 2,111,105,6,0,1,0,5
S01008230,Level 3,52,48,4,0,1,1,2
S01008230,Level 4 and above,152,139,13,0,2,4,7
S01008231,All people aged 16 and over,524,503,21,0,2,0,19
S01008231,No qualifications,60,56,4,0,0,0,4
S01008231,Level 1,171,169,2,0,0,0,2
S01008231,Level 2,116,111,5,0,1,0,4
S01008231,Level 3,59,59,0,0,0,0,0
S01008231,Level 4 and above,118,108,10,0,1,0,9
S01008232,All people aged 16 and over,486,462,24,0,2,9,13
S01008232,No qualifications,41,39,2,0,0,0,2
S01008232,Level 1,172,159,13,0,1,7,5
S01008232,Level 2,98,96,2,0,0,0,2
S01008232,Level 3,62,62,0,0,0,0,0
S01008232,Level 4 and above,113,106,7,0,1,2,4
S01008233,All people aged 16 and over,350,324,26,2,5,9,10
S01008233,No qualifications,38,37,1,0,1,0,0
S01008233,Level 1,120,107,13,2,2,6,3
S01008233,Level 2,49,48,1,0,0,0,1
S01008233,Level 3,37,35,2,0,1,1,0
S01008233,Level 4 and above,106,97,9,0,1,2,6
S01008234,All people aged 16 and over,340,331,9,0,0,0,9
S01008234,No qualifications,143,141,2,0,0,0,2
S01008234,Level 1,94,90,4,0,0,0,4
S01008234,Level 2,35,34,1,0,0,0,1
S01008234,Level 3,21,21,0,0,0,0,0
S01008234,Level 4 and above,47,45,2,0,0,0,2
S01008235,All people aged 16 and over,690,674,16,2,3,2,9
S01008235,No qualifications,241,238,3,0,0,0,3
S01008235,Level 1,183,182,1,0,0,0,1
S01008235,Level 2,96,93,3,0,1,0,2
S01008235,Level 3,50,47,3,0,2,1,0
S01008235,Level 4 and above,120,114,6,2,0,1,3
S01008236,All people aged 16 and over,691,663,28,1,4,5,18
S01008236,No qualifications,168,163,5,0,4,0,1
S01008236,Level 1,184,181,3,1,0,0,2
S01008236,Level 2,90,90,0,0,0,0,0
S01008236,Level 3,69,66,3,0,0,0,3
S01008236,Level 4 and above,180,163,17,0,0,5,12
S01008237,All people aged 16 and over,695,666,29,1,4,8,16
S01008237,No qualifications,177,172,5,0,2,1,2
S01008237,Level 1,203,200,3,0,0,2,1
S01008237,Level 2,79,79,0,0,0,0,0
S01008237,Level 3,68,62,6,0,0,3,3
S01008237,Level 4 and above,168,153,15,1,2,2,10
S01008238,All people aged 16 and over,631,617,14,0,3,3,8
S01008238,No qualifications,228,227,1,0,0,1,0
S01008238,Level 1,180,176,4,0,1,0,3
S01008238,Level 2,79,76,3,0,1,1,1
S01008238,Level 3,57,57,0,0,0,0,0
S01008238,Level 4 and above,87,81,6,0,1,1,4
S01008239,All people aged 16 and over,630,618,12,0,3,4,5
S01008239,No qualifications,195,193,2,0,1,0,1
S01008239,Level 1,178,178,0,0,0,0,0
S01008239,Level 2,92,90,2,0,2,0,0
S01008239,Level 3,40,39,1,0,0,0,1
S01008239,Level 4 and above,125,118,7,0,0,4,3
S01008240,All people aged 16 and over,732,707,25,0,3,4,18
S01008240,No qualifications,111,107,4,0,2,0,2
S01008240,Level 1,136,133,3,0,0,0,3
S01008240,Level 2,123,121,2,0,0,0,2
S01008240,Level 3,71,70,1,0,0,0,1
S01008240,Level 4 and above,291,276,15,0,1,4,10
S01008241,All people aged 16 and over,557,529,28,0,3,3,22
S01008241,No qualifications,51,49,2,0,0,0,2
S01008241,Level 1,110,105,5,0,1,0,4
S01008241,Level 2,86,86,0,0,0,0,0
S01008241,Level 3,53,48,5,0,2,0,3
S01008241,Level 4 and above,257,241,16,0,0,3,13
S01008242,All people aged 16 and over,787,758,29,1,2,4,22
S01008242,No qualifications,227,222,5,0,1,0,4
S01008242,Level 1,173,168,5,1,0,1,3
S01008242,Level 2,91,88,3,0,0,0,3
S01008242,Level 3,55,52,3,0,0,2,1
S01008242,Level 4 and above,241,228,13,0,1,1,11
S01008243,All people aged 16 and over,705,664,41,4,5,9,23
S01008243,No qualifications,133,123,10,4,1,1,4
S01008243,Level 1,135,131,4,0,0,1,3
S01008243,Level 2,98,96,2,0,0,0,2
S01008243,Level 3,69,62,7,0,2,1,4
S01008243,Level 4 and above,270,252,18,0,2,6,10
S01008244,All people aged 16 and over,470,445,25,2,2,1,20
S01008244,No qualifications,93,90,3,0,0,0,3
S01008244,Level 1,72,69,3,0,0,0,3
S01008244,Level 2,67,66,1,0,0,0,1
S01008244,Level 3,37,35,2,1,1,0,0
S01008244,Level 4 and above,201,185,16,1,1,1,13
S01008245,All people aged 16 and over,790,751,39,0,4,9,26
S01008245,No qualifications,149,147,2,0,0,1,1
S01008245,Level 1,134,129,5,0,2,0,3
S01008245,Level 2,101,98,3,0,0,1,2
S01008245,Level 3,70,68,2,0,0,0,2
S01008245,Level 4 and above,336,309,27,0,2,7,18
S01008246,All people aged 16 and over,787,744,43,6,2,3,32
S01008246,No qualifications,131,127,4,0,0,0,4
S01008246,Level 1,138,133,5,0,0,0,5
S01008246,Level 2,111,108,3,0,0,0,3
S01008246,Level 3,69,67,2,0,0,0,2
S01008246,Level 4 and above,338,309,29,6,2,3,18
S01008247,All people aged 16 and over,642,604,38,2,3,1,32
S01008247,No qualifications,105,101,4,0,0,0,4
S01008247,Level 1,140,132,8,1,0,1,6
S01008247,Level 2,79,77,2,0,1,0,1
S01008247,Level 3,55,51,4,0,1,0,3
S01008247,Level 4 and above,263,243,20,1,1,0,18
S01008248,All people aged 16 and over,742,698,44,1,3,3,37
S01008248,No qualifications,158,153,5,0,2,0,3
S01008248,Level 1,150,144,6,0,0,0,6
S01008248,Level 2,84,81,3,0,0,1,2
S01008248,Level 3,62,60,2,0,0,0,2
S01008248,Level 4 and above,288,260,28,1,1,2,24
S01008249,All people aged 16 and over,747,682,65,2,8,8,47
S01008249,No qualifications,109,105,4,0,0,0,4
S01008249,Level 1,136,129,7,0,2,0,5
S01008249,Level 2,103,98,5,0,0,1,4
S01008249,Level 3,64,59,5,1,2,2,0
S01008249,Level 4 and above,335,291,44,1,4,5,34
S01008250,All people aged 16 and over,835,784,51,6,5,8,32
S01008250,No qualifications,118,110,8,0,0,4,4
S01008250,Level 1,145,142,3,0,2,1,0
S01008250,Level 2,114,108,6,0,1,0,5
S01008250,Level 3,82,74,8,1,0,3,4
S01008250,Level 4 and above,376,350,26,5,2,0,19
S01008251,All people aged 16 and over,544,523,21,2,1,0,18
S01008251,No qualifications,49,49,0,0,0,0,0
S01008251,Level 1,90,87,3,0,1,0,2
S01008251,Level 2,97,92,5,1,0,0,4
S01008251,Level 3,49,46,3,1,0,0,2
S01008251,Level 4 and above,259,249,10,0,0,0,10
S01008252,All people aged 16 and over,689,662,27,1,1,3,22
S01008252,No qualifications,104,100,4,0,1,1,2
S01008252,Level 1,134,129,5,1,0,1,3
S01008252,Level 2,104,102,2,0,0,0,2
S01008252,Level 3,71,68,3,0,0,1,2
S01008252,Level 4 and above,276,263,13,0,0,0,13
S01008253,All people aged 16 and over,648,619,29,3,2,2,22
S01008253,No qualifications,223,216,7,0,2,0,5
S01008253,Level 1,171,162,9,3,0,2,4
S01008253,Level 2,76,75,1,0,0,0,1
S01008253,Level 3,63,58,5,0,0,0,5
S01008253,Level 4 and above,115,108,7,0,0,0,7
S01008254,All people aged 16 and over,819,778,41,4,0,12,25
S01008254,No qualifications,274,268,6,0,0,1,5
S01008254,Level 1,209,199,10,2,0,4,4
S01008254,Level 2,102,98,4,1,0,2,1
S01008254,Level 3,68,66,2,1,0,1,0
S01008254,Level 4 and above,166,147,19,0,0,4,15
S01008255,All people aged 16 and over,576,549,27,0,4,6,17
S01008255,No qualifications,126,121,5,0,0,0,5
S01008255,Level 1,145,138,7,0,3,2,2
S01008255,Level 2,81,78,3,0,0,0,3
S01008255,Level 3,48,42,6,0,1,3,2
S01008255,Level 4 and above,176,170,6,0,0,1,5
S01008256,All people aged 16 and over,665,609,56,6,12,10,28
S01008256,No qualifications,169,158,11,0,2,3,6
S01008256,Level 1,198,184,14,1,5,3,5
S01008256,Level 2,93,88,5,0,0,1,4
S01008256,Level 3,71,66,5,1,1,1,2
S01008256,Level 4 and above,134,113,21,4,4,2,11
S01008257,All people aged 16 and over,581,550,31,4,5,2,20
S01008257,No qualifications,187,181,6,1,0,0,5
S01008257,Level 1,105,100,5,0,1,0,4
S01008257,Level 2,71,69,2,0,0,0,2
S01008257,Level 3,43,39,4,1,3,0,0
S01008257,Level 4 and above,175,161,14,2,1,2,9
S01008258,All people aged 16 and over,710,665,45,3,10,8,24
S01008258,No qualifications,121,113,8,0,4,0,4
S01008258,Level 1,184,175,9,1,0,1,7
S01008258,Level 2,106,101,5,1,1,2,1
S01008258,Level 3,70,64,6,0,0,1,5
S01008258,Level 4 and above,229,212,17,1,5,4,7
S01008259,All people aged 16 and over,637,563,74,10,19,6,39
S01008259,No qualifications,137,124,13,0,6,0,7
S01008259,Level 1,128,106,22,7,5,1,9
S01008259,Level 2,73,69,4,1,2,1,0
S01008259,Level 3,62,53,9,0,3,2,4
S01008259,Level 4 and above,237,211,26,2,3,2,19
S01008260,All people aged 16 and over,650,605,45,2,9,12,22
S01008260,No qualifications,152,146,6,0,2,0,4
S01008260,Level 1,181,171,10,1,5,2,2
S01008260,Level 2,103,96,7,1,0,0,6
S01008260,Level 3,53,47,6,0,1,3,2
S01008260,Level 4 and above,161,145,16,0,1,7,8
S01008261,All people aged 16 and over,708,678,30,2,4,3,21
S01008261,No qualifications,237,226,11,0,3,0,8
S01008261,Level 1,207,202,5,1,0,1,3
S01008261,Level 2,89,86,3,0,0,0,3
S01008261,Level 3,58,55,3,0,0,1,2
S01008261,Level 4 and above,117,109,8,1,1,1,5
S01008262,All people aged 16 and over,493,468,25,1,2,5,17
S01008262,No qualifications,83,83,0,0,0,0,0
S01008262,Level 1,104,100,4,0,1,0,3
S01008262,Level 2,77,72,5,0,0,4,1
S01008262,Level 3,39,38,1,0,1,0,0
S01008262,Level 4 and above,190,175,15,1,0,1,13
S01008263,All people aged 16 and over,522,482,40,1,4,7,28
S01008263,No qualifications,105,102,3,1,0,1,1
S01008263,Level 1,61,59,2,0,0,0,2
S01008263,Level 2,56,53,3,0,0,0,3
S01008263,Level 3,52,47,5,0,1,0,4
S01008263,Level 4 and above,248,221,27,0,3,6,18
S01008264,All people aged 16 and over,575,547,28,1,3,5,19
S01008264,No qualifications,161,154,7,0,1,0,6
S01008264,Level 1,140,131,9,0,0,3,6
S01008264,Level 2,70,68,2,0,0,0,2
S01008264,Level 3,53,52,1,0,0,0,1
S01008264,Level 4 and above,151,142,9,1,2,2,4
S01008265,All people aged 16 and over,563,528,35,1,7,8,19
S01008265,No qualifications,81,81,0,0,0,0,0
S01008265,Level 1,78,76,2,0,0,0,2
S01008265,Level 2,78,73,5,0,0,2,3
S01008265,Level 3,38,34,4,0,2,0,2
S01008265,Level 4 and above,288,264,24,1,5,6,12
S01008266,All people aged 16 and over,577,542,35,1,2,2,30
S01008266,No qualifications,63,60,3,0,0,0,3
S01008266,Level 1,83,81,2,1,0,1,0
S01008266,Level 2,76,74,2,0,1,0,1
S01008266,Level 3,42,39,3,0,0,0,3
S01008266,Level 4 and above,313,288,25,0,1,1,23
S01008267,All people aged 16 and over,667,618,49,12,5,7,25
S01008267,No qualifications,118,114,4,0,0,0,4
S01008267,Level 1,115,107,8,3,1,3,1
S01008267,Level 2,89,86,3,0,1,0,2
S01008267,Level 3,61,53,8,3,1,0,4
S01008267,Level 4 and above,284,258,26,6,2,4,14
S01008268,All people aged 16 and over,724,653,71,14,6,9,42
S01008268,No qualifications,69,65,4,0,0,0,4
S01008268,Level 1,121,99,22,6,0,2,14
S01008268,Level 2,93,87,6,2,1,0,3
S01008268,Level 3,47,41,6,3,0,2,1
S01008268,Level 4 and above,394,361,33,3,5,5,20
S01008269,All people aged 16 and over,754,718,36,2,5,3,26
S01008269,No qualifications,156,152,4,0,1,0,3
S01008269,Level 1,110,107,3,0,0,0,3
S01008269,Level 2,108,104,4,0,2,1,1
S01008269,Level 3,77,74,3,0,0,0,3
S01008269,Level 4 and above,303,281,22,2,2,2,16
S01008270,All people aged 16 and over,705,656,49,2,5,7,35
S01008270,No qualifications,119,116,3,0,0,1,2
S01008270,Level 1,114,108,6,1,0,2,3
S01008270,Level 2,88,81,7,0,0,1,6
S01008270,Level 3,49,45,4,0,0,1,3
S01008270,Level 4 and above,335,306,29,1,5,2,21
S01008271,All people aged 16 and over,586,507,79,23,9,11,36
S01008271,No qualifications,116,104,12,4,0,1,7
S01008271,Level 1,112,97,15,3,4,2,6
S01008271,Level 2,93,88,5,1,0,1,3
S01008271,Level 3,52,42,10,2,0,5,3
S01008271,Level 4 and above,213,176,37,13,5,2,17
S01008272,All people aged 16 and over,816,759,57,4,4,15,34
S01008272,No qualifications,153,143,10,3,0,1,6
S01008272,Level 1,167,162,5,0,0,2,3
S01008272,Level 2,126,122,4,0,0,0,4
S01008272,Level 3,55,51,4,0,0,1,3
S01008272,Level 4 and above,315,281,34,1,4,11,18
S01008273,All people aged 16 and over,673,632,41,3,10,4,24
S01008273,No qualifications,92,87,5,1,0,0,4
S01008273,Level 1,122,114,8,1,3,0,4
S01008273,Level 2,90,89,1,0,0,0,1
S01008273,Level 3,50,46,4,0,0,2,2
S01008273,Level 4 and above,319,296,23,1,7,2,13
S01008274,All people aged 16 and over,593,563,30,3,7,0,20
S01008274,No qualifications,183,178,5,0,0,0,5
S01008274,Level 1,165,157,8,0,3,0,5
S01008274,Level 2,80,77,3,0,0,0,3
S01008274,Level 3,38,35,3,0,2,0,1
S01008274,Level 4 and above,127,116,11,3,2,0,6
S01008275,All people aged 16 and over,462,430,32,4,9,4,15
S01008275,No qualifications,96,88,8,3,2,0,3
S01008275,Level 1,70,64,6,0,4,2,0
S01008275,Level 2,60,60,0,0,0,0,0
S01008275,Level 3,28,27,1,0,1,0,0
S01008275,Level 4 and above,208,191,17,1,2,2,12
S01008276,All people aged 16 and over,423,402,21,1,2,3,15
S01008276,No qualifications,57,57,0,0,0,0,0
S01008276,Level 1,72,67,5,1,0,2,2
S01008276,Level 2,53,53,0,0,0,0,0
S01008276,Level 3,39,39,0,0,0,0,0
S01008276,Level 4 and above,202,186,16,0,2,1,13
S01008277,All people aged 16 and over,408,383,25,1,2,4,18
S01008277,No qualifications,48,47,1,0,0,0,1
S01008277,Level 1,72,68,4,1,2,0,1
S01008277,Level 2,69,65,4,0,0,2,2
S01008277,Level 3,31,29,2,0,0,0,2
S01008277,Level 4 and above,188,174,14,0,0,2,12
S01008278,All people aged 16 and over,637,592,45,2,3,6,34
S01008278,No qualifications,76,70,6,1,2,0,3
S01008278,Level 1,88,82,6,0,0,0,6
S01008278,Level 2,89,86,3,0,1,0,2
S01008278,Level 3,61,56,5,0,0,4,1
S01008278,Level 4 and above,323,298,25,1,0,2,22
S01008279,All people aged 16 and over,605,585,20,0,4,2,14
S01008279,No qualifications,160,160,0,0,0,0,0
S01008279,Level 1,136,132,4,0,1,1,2
S01008279,Level 2,79,75,4,0,0,0,4
S01008279,Level 3,50,49,1,0,0,0,1
S01008279,Level 4 and above,180,169,11,0,3,1,7
S01008280,All people aged 16 and over,778,730,48,1,8,6,33
S01008280,No qualifications,154,150,4,1,1,0,2
S01008280,Level 1,136,132,4,0,0,0,4
S01008280,Level 2,115,110,5,0,0,1,4
S01008280,Level 3,74,71,3,0,1,1,1
S01008280,Level 4 and above,299,267,32,0,6,4,22
S01008281,All people aged 16 and over,584,541,43,7,3,6,27
S01008281,No qualifications,90,85,5,1,1,0,3
S01008281,Level 1,115,112,3,1,0,0,2
S01008281,Level 2,81,78,3,0,0,0,3
S01008281,Level 3,68,59,9,3,2,2,2
S01008281,Level 4 and above,230,207,23,2,0,4,17
S01008282,All people aged 16 and over,587,544,43,8,6,5,24
S01008282,No qualifications,154,147,7,2,0,2,3
S01008282,Level 1,121,117,4,2,1,1,0
S01008282,Level 2,87,81,6,0,2,0,4
S01008282,Level 3,60,52,8,0,2,0,6
S01008282,Level 4 and above,165,147,18,4,1,2,11
S01008283,All people aged 16 and over,395,367,28,5,0,2,21
S01008283,No qualifications,51,46,5,3,0,0,2
S01008283,Level 1,84,82,2,1,0,0,1
S01008283,Level 2,55,52,3,0,0,0,3
S01008283,Level 3,50,48,2,0,0,0,2
S01008283,Level 4 and above,155,139,16,1,0,2,13
S01008284,All people aged 16 and over,672,647,25,0,0,6,19
S01008284,No qualifications,156,156,0,0,0,0,0
S01008284,Level 1,164,163,1,0,0,0,1
S01008284,Level 2,86,83,3,0,0,0,3
S01008284,Level 3,49,45,4,0,0,0,4
S01008284,Level 4 and above,217,200,17,0,0,6,11
S01008285,All people aged 16 and over,628,596,32,4,9,9,10
S01008285,No qualifications,249,236,13,0,4,7,2
S01008285,Level 1,174,168,6,1,2,0,3
S01008285,Level 2,74,71,3,0,0,0,3
S01008285,Level 3,41,40,1,0,0,0,1
S01008285,Level 4 and above,90,81,9,3,3,2,1
S01008286,All people aged 16 and over,620,594,26,2,6,2,16
S01008286,No qualifications,207,198,9,1,4,1,3
S01008286,Level 1,169,163,6,1,0,0,5
S01008286,Level 2,84,81,3,0,0,0,3
S01008286,Level 3,42,42,0,0,0,0,0
S01008286,Level 4 and above,118,110,8,0,2,1,5
S01008287,All people aged 16 and over,617,582,35,7,0,7,21
S01008287,No qualifications,144,139,5,1,0,1,3
S01008287,Level 1,160,156,4,0,0,1,3
S01008287,Level 2,73,69,4,1,0,1,2
S01008287,Level 3,48,46,2,0,0,0,2
S01008287,Level 4 and above,192,172,20,5,0,4,11
S01008288,All people aged 16 and over,753,695,58,6,6,9,37
S01008288,No qualifications,191,181,10,0,2,0,8
S01008288,Level 1,160,148,12,1,2,2,7
S01008288,Level 2,88,85,3,0,0,0,3
S01008288,Level 3,58,53,5,1,0,0,4
S01008288,Level 4 and above,256,228,28,4,2,7,15
S01008289,All people aged 16 and over,525,493,32,10,6,3,13
S01008289,No qualifications,123,122,1,0,0,0,1
S01008289,Level 1,142,141,1,0,0,0,1
S01008289,Level 2,82,80,2,0,1,0,1
S01008289,Level 3,46,42,4,0,1,1,2
S01008289,Level 4 and above,132,108,24,10,4,2,8
S01008290,All people aged 16 and over,737,672,65,13,10,8,34
S01008290,No qualifications,138,129,9,5,0,1,3
S01008290,Level 1,160,150,10,1,3,0,6
S01008290,Level 2,106,101,5,1,0,1,3
S01008290,Level 3,62,57,5,1,3,0,1
S01008290,Level 4 and above,271,235,36,5,4,6,21
S01008291,All people aged 16 and over,644,625,19,0,2,2,15
S01008291,No qualifications,184,180,4,0,0,1,3
S01008291,Level 1,173,169,4,0,0,0,4
S01008291,Level 2,72,70,2,0,0,0,2
S01008291,Level 3,67,65,2,0,1,0,1
S01008291,Level 4 and above,148,141,7,0,1,1,5
S01008292,All people aged 16 and over,592,565,27,3,3,3,18
S01008292,No qualifications,164,162,2,0,0,0,2
S01008292,Level 1,179,172,7,1,1,1,4
S01008292,Level 2,91,86,5,1,1,0,3
S01008292,Level 3,40,39,1,0,0,0,1
S01008292,Level 4 and above,118,106,12,1,1,2,8
S01008293,All people aged 16 and over,428,412,16,1,0,2,13
S01008293,No qualifications,44,43,1,0,0,1,0
S01008293,Level 1,87,84,3,1,0,0,2
S01008293,Level 2,64,63,1,0,0,0,1
S01008293,Level 3,56,53,3,0,0,0,3
S01008293,Level 4 and above,177,169,8,0,0,1,7
S01008294,All people aged 16 and over,683,641,42,3,7,7,25
S01008294,No qualifications,136,126,10,3,1,1,5
S01008294,Level 1,144,138,6,0,2,2,2
S01008294,Level 2,119,117,2,0,0,0,2
S01008294,Level 3,65,62,3,0,0,0,3
S01008294,Level 4 and above,219,198,21,0,4,4,13
S01008295,All people aged 16 and over,795,773,22,1,0,1,20
S01008295,No qualifications,180,173,7,0,0,0,7
S01008295,Level 1,175,173,2,0,0,0,2
S01008295,Level 2,157,156,1,0,0,0,1
S01008295,Level 3,102,98,4,0,0,0,4
S01008295,Level 4 and above,181,173,8,1,0,1,6
S01008296,All people aged 16 and over,567,556,11,0,0,1,10
S01008296,No qualifications,215,210,5,0,0,0,5
S01008296,Level 1,135,134,1,0,0,0,1
S01008296,Level 2,64,63,1,0,0,1,0
S01008296,Level 3,49,47,2,0,0,0,2
S01008296,Level 4 and above,104,102,2,0,0,0,2
S01008297,All people aged 16 and over,586,572,14,0,1,0,13
S01008297,No qualifications,95,92,3,0,0,0,3
S01008297,Level 1,146,144,2,0,0,0,2
S01008297,Level 2,108,106,2,0,0,0,2
S01008297,Level 3,66,66,0,0,0,0,0
S01008297,Level 4 and above,171,164,7,0,1,0,6
S01008298,All people aged 16 and over,608,592,16,1,0,5,10
S01008298,No qualifications,132,130,2,0,0,1,1
S01008298,Level 1,138,137,1,0,0,1,0
S01008298,Level 2,110,110,0,0,0,0,0
S01008298,Level 3,65,63,2,0,0,0,2
S01008298,Level 4 and above,163,152,11,1,0,3,7
S01008299,All people aged 16 and over,616,599,17,1,1,1,14
S01008299,No qualifications,237,227,10,0,0,0,10
S01008299,Level 1,145,144,1,0,0,0,1
S01008299,Level 2,83,82,1,0,1,0,0
S01008299,Level 3,61,60,1,0,0,0,1
S01008299,Level 4 and above,90,86,4,1,0,1,2
S01008300,All people aged 16 and over,710,696,14,0,1,4,9
S01008300,No qualifications,212,210,2,0,0,0,2
S01008300,Level 1,195,193,2,0,0,1,1
S01008300,Level 2,112,110,2,0,0,0,2
S01008300,Level 3,70,68,2,0,1,1,0
S01008300,Level 4 and above,121,115,6,0,0,2,4
S01008301,All people aged 16 and over,687,672,15,1,2,1,11
S01008301,No qualifications,107,105,2,0,0,0,2
S01008301,Level 1,179,175,4,0,0,0,4
S01008301,Level 2,138,137,1,0,0,0,1
S01008301,Level 3,83,80,3,0,1,0,2
S01008301,Level 4 and above,180,175,5,1,1,1,2
S01008302,All people aged 16 and over,617,600,17,1,0,1,15
S01008302,No qualifications,91,91,0,0,0,0,0
S01008302,Level 1,96,95,1,0,0,0,1
S01008302,Level 2,111,110,1,0,0,0,1
S01008302,Level 3,65,64,1,0,0,0,1
S01008302,Level 4 and above,254,240,14,1,0,1,12
S01008303,All people aged 16 and over,471,454,17,1,1,1,14
S01008303,No qualifications,128,122,6,0,0,0,6
S01008303,Level 1,108,108,0,0,0,0,0
S01008303,Level 2,89,88,1,0,0,0,1
S01008303,Level 3,50,49,1,0,0,0,1
S01008303,Level 4 and above,96,87,9,1,1,1,6
S01008304,All people aged 16 and over,411,391,20,3,1,4,12
S01008304,No qualifications,81,80,1,0,0,0,1
S01008304,Level 1,74,73,1,1,0,0,0
S01008304,Level 2,74,71,3,1,0,0,2
S01008304,Level 3,50,47,3,0,0,0,3
S01008304,Level 4 and above,132,120,12,1,1,4,6
S01008305,All people aged 16 and over,678,660,18,0,0,0,18
S01008305,No qualifications,125,124,1,0,0,0,1
S01008305,Level 1,147,142,5,0,0,0,5
S01008305,Level 2,135,134,1,0,0,0,1
S01008305,Level 3,92,89,3,0,0,0,3
S01008305,Level 4 and above,179,171,8,0,0,0,8
S01008306,All people aged 16 and over,538,528,10,0,0,1,9
S01008306,No qualifications,95,94,1,0,0,1,0
S01008306,Level 1,120,120,0,0,0,0,0
S01008306,Level 2,106,105,1,0,0,0,1
S01008306,Level 3,68,67,1,0,0,0,1
S01008306,Level 4 and above,149,142,7,0,0,0,7
S01008307,All people aged 16 and over,493,479,14,1,0,2,11
S01008307,No qualifications,118,113,5,0,0,0,5
S01008307,Level 1,110,106,4,0,0,1,3
S01008307,Level 2,97,95,2,0,0,1,1
S01008307,Level 3,48,48,0,0,0,0,0
S01008307,Level 4 and above,120,117,3,1,0,0,2
S01008308,All people aged 16 and over,501,480,21,2,7,7,5
S01008308,No qualifications,86,82,4,0,1,2,1
S01008308,Level 1,84,78,6,0,4,2,0
S01008308,Level 2,98,98,0,0,0,0,0
S01008308,Level 3,53,53,0,0,0,0,0
S01008308,Level 4 and above,180,169,11,2,2,3,4
S01008309,All people aged 16 and over,603,583,20,2,3,5,10
S01008309,No qualifications,219,216,3,0,0,0,3
S01008309,Level 1,149,144,5,0,1,0,4
S01008309,Level 2,92,92,0,0,0,0,0
S01008309,Level 3,64,60,4,1,0,3,0
S01008309,Level 4 and above,79,71,8,1,2,2,3
S01008310,All people aged 16 and over,818,799,19,0,1,3,15
S01008310,No qualifications,282,275,7,0,0,0,7
S01008310,Level 1,168,164,4,0,0,1,3
S01008310,Level 2,133,131,2,0,0,0,2
S01008310,Level 3,85,84,1,0,0,0,1
S01008310,Level 4 and above,150,145,5,0,1,2,2
S01008311,All people aged 16 and over,313,303,10,0,2,2,6
S01008311,No qualifications,93,89,4,0,0,0,4
S01008311,Level 1,93,92,1,0,0,0,1
S01008311,Level 2,57,57,0,0,0,0,0
S01008311,Level 3,24,23,1,0,0,1,0
S01008311,Level 4 and above,46,42,4,0,2,1,1
S01008312,All people aged 16 and over,329,320,9,0,1,3,5
S01008312,No qualifications,75,74,1,0,0,0,1
S01008312,Level 1,83,81,2,0,1,0,1
S01008312,Level 2,57,56,1,0,0,0,1
S01008312,Level 3,50,49,1,0,0,0,1
S01008312,Level 4 and above,64,60,4,0,0,3,1
S01008313,All people aged 16 and over,748,723,25,2,4,6,13
S01008313,No qualifications,352,342,10,0,0,2,8
S01008313,Level 1,163,155,8,1,3,2,2
S01008313,Level 2,65,64,1,0,0,0,1
S01008313,Level 3,68,68,0,0,0,0,0
S01008313,Level 4 and above,100,94,6,1,1,2,2
S01008314,All people aged 16 and over,470,451,19,0,8,3,8
S01008314,No qualifications,130,127,3,0,1,1,1
S01008314,Level 1,148,145,3,0,1,0,2
S01008314,Level 2,66,66,0,0,0,0,0
S01008314,Level 3,51,47,4,0,4,0,0
S01008314,Level 4 and above,75,66,9,0,2,2,5
S01008315,All people aged 16 and over,617,599,18,0,5,1,12
S01008315,No qualifications,193,188,5,0,0,0,5
S01008315,Level 1,188,184,4,0,2,0,2
S01008315,Level 2,90,90,0,0,0,0,0
S01008315,Level 3,77,74,3,0,1,0,2
S01008315,Level 4 and above,69,63,6,0,2,1,3
S01008316,All people aged 16 and over,421,392,29,3,8,9,9
S01008316,No qualifications,166,154,12,1,3,2,6
S01008316,Level 1,113,108,5,0,3,1,1
S01008316,Level 2,42,40,2,1,0,0,1
S01008316,Level 3,41,37,4,1,1,2,0
S01008316,Level 4 and above,59,53,6,0,1,4,1
S01008317,All people aged 16 and over,560,529,31,3,7,4,17
S01008317,No qualifications,137,132,5,1,0,1,3
S01008317,Level 1,136,132,4,0,2,0,2
S01008317,Level 2,93,90,3,1,1,0,1
S01008317,Level 3,68,63,5,0,2,1,2
S01008317,Level 4 and above,126,112,14,1,2,2,9
S01008318,All people aged 16 and over,799,772,27,1,3,6,17
S01008318,No qualifications,161,159,2,0,1,0,1
S01008318,Level 1,163,159,4,0,1,2,1
S01008318,Level 2,118,117,1,0,0,0,1
S01008318,Level 3,105,103,2,0,0,0,2
S01008318,Level 4 and above,252,234,18,1,1,4,12
S01008319,All people aged 16 and over,622,604,18,0,1,7,10
S01008319,No qualifications,220,214,6,0,1,0,5
S01008319,Level 1,148,143,5,0,0,2,3
S01008319,Level 2,86,86,0,0,0,0,0
S01008319,Level 3,70,67,3,0,0,3,0
S01008319,Level 4 and above,98,94,4,0,0,2,2
S01008320,All people aged 16 and over,574,562,12,2,1,2,7
S01008320,No qualifications,175,171,4,2,1,1,0
S01008320,Level 1,127,126,1,0,0,0,1
S01008320,Level 2,84,84,0,0,0,0,0
S01008320,Level 3,62,60,2,0,0,0,2
S01008320,Level 4 and above,126,121,5,0,0,1,4
S01008321,All people aged 16 and over,436,422,14,1,0,2,11
S01008321,No qualifications,68,64,4,1,0,0,3
S01008321,Level 1,99,98,1,0,0,0,1
S01008321,Level 2,94,93,1,0,0,0,1
S01008321,Level 3,42,39,3,0,0,0,3
S01008321,Level 4 and above,133,128,5,0,0,2,3
S01008322,All people aged 16 and over,839,818,21,4,5,0,12
S01008322,No qualifications,233,227,6,2,4,0,0
S01008322,Level 1,219,213,6,1,0,0,5
S01008322,Level 2,122,122,0,0,0,0,0
S01008322,Level 3,95,94,1,0,0,0,1
S01008322,Level 4 and above,170,162,8,1,1,0,6
S01008323,All people aged 16 and over,610,593,17,1,1,4,11
S01008323,No qualifications,232,230,2,0,0,0,2
S01008323,Level 1,165,160,5,0,0,1,4
S01008323,Level 2,78,77,1,0,0,0,1
S01008323,Level 3,56,55,1,0,0,0,1
S01008323,Level 4 and above,79,71,8,1,1,3,3
S01008324,All people aged 16 and over,496,489,7,0,0,4,3
S01008324,No qualifications,171,171,0,0,0,0,0
S01008324,Level 1,130,128,2,0,0,1,1
S01008324,Level 2,67,67,0,0,0,0,0
S01008324,Level 3,48,46,2,0,0,2,0
S01008324,Level 4 and above,80,77,3,0,0,1,2
S01008325,All people aged 16 and over,554,512,42,3,12,15,12
S01008325,No qualifications,166,160,6,1,0,0,5
S01008325,Level 1,156,150,6,0,0,5,1
S01008325,Level 2,81,80,1,0,0,0,1
S01008325,Level 3,60,55,5,0,1,2,2
S01008325,Level 4 and above,91,67,24,2,11,8,3
S01008326,All people aged 16 and over,753,719,34,0,4,16,14
S01008326,No qualifications,264,253,11,0,2,3,6
S01008326,Level 1,227,223,4,0,1,1,2
S01008326,Level 2,86,86,0,0,0,0,0
S01008326,Level 3,80,77,3,0,0,1,2
S01008326,Level 4 and above,96,80,16,0,1,11,4
S01008327,All people aged 16 and over,712,695,17,0,0,6,11
S01008327,No qualifications,282,275,7,0,0,0,7
S01008327,Level 1,185,183,2,0,0,1,1
S01008327,Level 2,111,109,2,0,0,2,0
S01008327,Level 3,51,50,1,0,0,0,1
S01008327,Level 4 and above,83,78,5,0,0,3,2
S01008328,All people aged 16 and over,501,452,49,1,2,14,32
S01008328,No qualifications,59,52,7,0,1,1,5
S01008328,Level 1,83,78,5,0,0,2,3
S01008328,Level 2,97,91,6,0,0,2,4
S01008328,Level 3,61,59,2,0,0,0,2
S01008328,Level 4 and above,201,172,29,1,1,9,18
S01008329,All people aged 16 and over,679,614,65,3,2,4,56
S01008329,No qualifications,69,54,15,2,0,0,13
S01008329,Level 1,99,88,11,0,0,1,10
S01008329,Level 2,150,144,6,0,1,0,5
S01008329,Level 3,98,89,9,0,0,1,8
S01008329,Level 4 and above,263,239,24,1,1,2,20
S01008330,All people aged 16 and over,685,603,82,3,3,17,59
S01008330,No qualifications,89,75,14,0,0,0,14
S01008330,Level 1,143,123,20,1,0,2,17
S01008330,Level 2,141,129,12,0,0,2,10
S01008330,Level 3,81,73,8,0,1,3,4
S01008330,Level 4 and above,231,203,28,2,2,10,14
S01008331,All people aged 16 and over,477,421,56,2,6,8,40
S01008331,No qualifications,65,49,16,0,0,3,13
S01008331,Level 1,106,96,10,1,1,1,7
S01008331,Level 2,87,81,6,0,3,1,2
S01008331,Level 3,50,48,2,0,0,0,2
S01008331,Level 4 and above,169,147,22,1,2,3,16
S01008332,All people aged 16 and over,814,743,71,1,4,7,59
S01008332,No qualifications,167,146,21,0,2,0,19
S01008332,Level 1,117,109,8,0,0,0,8
S01008332,Level 2,134,129,5,0,0,0,5
S01008332,Level 3,79,76,3,0,0,0,3
S01008332,Level 4 and above,317,283,34,1,2,7,24
S01008333,All people aged 16 and over,859,810,49,1,3,4,41
S01008333,No qualifications,224,205,19,0,0,1,18
S01008333,Level 1,115,112,3,0,0,0,3
S01008333,Level 2,133,130,3,0,0,0,3
S01008333,Level 3,79,75,4,0,0,2,2
S01008333,Level 4 and above,308,288,20,1,3,1,15
S01008334,All people aged 16 and over,602,545,57,4,4,6,43
S01008334,No qualifications,98,86,12,1,0,0,11
S01008334,Level 1,91,84,7,0,1,1,5
S01008334,Level 2,99,95,4,0,0,0,4
S01008334,Level 3,59,55,4,0,1,0,3
S01008334,Level 4 and above,255,225,30,3,2,5,20
S01008335,All people aged 16 and over,590,542,48,3,4,5,36
S01008335,No qualifications,162,138,24,3,0,0,21
S01008335,Level 1,98,93,5,0,1,2,2
S01008335,Level 2,97,96,1,0,0,0,1
S01008335,Level 3,53,50,3,0,1,0,2
S01008335,Level 4 and above,180,165,15,0,2,3,10
S01008336,All people aged 16 and over,508,460,48,0,3,7,38
S01008336,No qualifications,138,125,13,0,0,0,13
S01008336,Level 1,86,76,10,0,1,1,8
S01008336,Level 2,85,82,3,0,0,1,2
S01008336,Level 3,39,37,2,0,0,0,2
S01008336,Level 4 and above,160,140,20,0,2,5,13
S01008337,All people aged 16 and over,663,609,54,1,4,14,35
S01008337,No qualifications,95,83,12,0,0,0,12
S01008337,Level 1,105,96,9,0,2,3,4
S01008337,Level 2,115,109,6,0,0,1,5
S01008337,Level 3,70,68,2,0,0,0,2
S01008337,Level 4 and above,278,253,25,1,2,10,12
S01008338,All people aged 16 and over,620,532,88,5,7,9,67
S01008338,No qualifications,66,45,21,0,2,2,17
S01008338,Level 1,97,89,8,2,0,0,6
S01008338,Level 2,112,104,8,1,0,0,7
S01008338,Level 3,64,59,5,1,0,1,3
S01008338,Level 4 and above,281,235,46,1,5,6,34
S01008339,All people aged 16 and over,493,448,45,1,6,11,27
S01008339,No qualifications,39,34,5,0,0,1,4
S01008339,Level 1,78,75,3,0,0,1,2
S01008339,Level 2,118,112,6,0,2,1,3
S01008339,Level 3,50,49,1,0,0,0,1
S01008339,Level 4 and above,208,178,30,1,4,8,17
S01008340,All people aged 16 and over,643,580,63,4,0,8,51
S01008340,No qualifications,58,46,12,0,0,0,12
S01008340,Level 1,105,98,7,1,0,1,5
S01008340,Level 2,135,129,6,0,0,1,5
S01008340,Level 3,65,64,1,0,0,0,1
S01008340,Level 4 and above,280,243,37,3,0,6,28
S01008341,All people aged 16 and over,484,442,42,1,2,4,35
S01008341,No qualifications,37,27,10,0,0,0,10
S01008341,Level 1,71,68,3,0,0,0,3
S01008341,Level 2,95,92,3,0,0,0,3
S01008341,Level 3,38,34,4,0,0,0,4
S01008341,Level 4 and above,243,221,22,1,2,4,15
S01008342,All people aged 16 and over,694,633,61,6,3,5,47
S01008342,No qualifications,126,114,12,2,1,0,9
S01008342,Level 1,123,111,12,2,0,0,10
S01008342,Level 2,120,111,9,0,0,1,8
S01008342,Level 3,61,60,1,0,0,0,1
S01008342,Level 4 and above,264,237,27,2,2,4,19
S01008343,All people aged 16 and over,702,663,39,0,3,7,29
S01008343,No qualifications,69,65,4,0,0,0,4
S01008343,Level 1,95,90,5,0,0,0,5
S01008343,Level 2,147,141,6,0,1,1,4
S01008343,Level 3,56,48,8,0,1,2,5
S01008343,Level 4 and above,335,319,16,0,1,4,11
S01008344,All people aged 16 and over,711,655,56,2,2,2,50
S01008344,No qualifications,84,79,5,0,0,0,5
S01008344,Level 1,95,85,10,0,1,0,9
S01008344,Level 2,116,111,5,0,0,0,5
S01008344,Level 3,63,58,5,0,0,0,5
S01008344,Level 4 and above,353,322,31,2,1,2,26
S01008345,All people aged 16 and over,765,711,54,2,2,6,44
S01008345,No qualifications,92,80,12,0,0,1,11
S01008345,Level 1,101,98,3,0,0,0,3
S01008345,Level 2,143,136,7,0,0,1,6
S01008345,Level 3,52,48,4,0,1,0,3
S01008345,Level 4 and above,377,349,28,2,1,4,21
S01008346,All people aged 16 and over,774,723,51,2,1,1,47
S01008346,No qualifications,70,61,9,0,0,0,9
S01008346,Level 1,111,104,7,1,0,0,6
S01008346,Level 2,160,156,4,0,1,0,3
S01008346,Level 3,63,60,3,0,0,0,3
S01008346,Level 4 and above,370,342,28,1,0,1,26
S01008347,All people aged 16 and over,832,791,41,0,2,3,36
S01008347,No qualifications,154,146,8,0,0,1,7
S01008347,Level 1,115,112,3,0,0,0,3
S01008347,Level 2,138,134,4,0,0,0,4
S01008347,Level 3,79,78,1,0,0,0,1
S01008347,Level 4 and above,346,321,25,0,2,2,21
S01008348,All people aged 16 and over,618,585,33,3,2,2,26
S01008348,No qualifications,83,76,7,0,0,0,7
S01008348,Level 1,94,89,5,1,0,0,4
S01008348,Level 2,118,115,3,0,0,0,3
S01008348,Level 3,47,45,2,0,0,0,2
S01008348,Level 4 and above,276,260,16,2,2,2,10
S01008349,All people aged 16 and over,696,646,50,1,3,3,43
S01008349,No qualifications,72,61,11,0,0,0,11
S01008349,Level 1,122,116,6,0,0,0,6
S01008349,Level 2,121,114,7,0,1,0,6
S01008349,Level 3,54,52,2,0,0,0,2
S01008349,Level 4 and above,327,303,24,1,2,3,18
S01008350,All people aged 16 and over,504,488,16,1,3,0,12
S01008350,No qualifications,83,77,6,0,1,0,5
S01008350,Level 1,79,78,1,0,1,0,0
S01008350,Level 2,66,66,0,0,0,0,0
S01008350,Level 3,43,43,0,0,0,0,0
S01008350,Level 4 and above,233,224,9,1,1,0,7
S01008351,All people aged 16 and over,727,689,38,3,2,6,27
S01008351,No qualifications,81,74,7,0,0,0,7
S01008351,Level 1,108,103,5,1,0,0,4
S01008351,Level 2,129,128,1,0,0,0,1
S01008351,Level 3,70,67,3,0,0,0,3
S01008351,Level 4 and above,339,317,22,2,2,6,12
S01008352,All people aged 16 and over,529,490,39,1,3,8,27
S01008352,No qualifications,65,53,12,1,0,0,11
S01008352,Level 1,59,55,4,0,0,3,1
S01008352,Level 2,89,87,2,0,2,0,0
S01008352,Level 3,54,50,4,0,1,1,2
S01008352,Level 4 and above,262,245,17,0,0,4,13
S01008353,All people aged 16 and over,406,362,44,6,1,9,28
S01008353,No qualifications,50,43,7,0,0,0,7
S01008353,Level 1,66,60,6,2,1,0,3
S01008353,Level 2,85,82,3,0,0,2,1
S01008353,Level 3,23,20,3,1,0,0,2
S01008353,Level 4 and above,182,157,25,3,0,7,15
S01008354,All people aged 16 and over,540,493,47,2,2,11,32
S01008354,No qualifications,109,104,5,0,0,0,5
S01008354,Level 1,100,95,5,0,0,1,4
S01008354,Level 2,76,69,7,0,0,2,5
S01008354,Level 3,38,37,1,0,1,0,0
S01008354,Level 4 and above,217,188,29,2,1,8,18
S01008355,All people aged 16 and over,540,531,9,0,1,4,4
S01008355,No qualifications,148,145,3,0,0,0,3
S01008355,Level 1,95,94,1,0,0,1,0
S01008355,Level 2,80,80,0,0,0,0,0
S01008355,Level 3,48,48,0,0,0,0,0
S01008355,Level 4 and above,169,164,5,0,1,3,1
S01008356,All people aged 16 and over,457,443,14,1,1,2,10
S01008356,No qualifications,47,46,1,0,0,0,1
S01008356,Level 1,89,84,5,1,0,1,3
S01008356,Level 2,80,79,1,0,0,0,1
S01008356,Level 3,60,59,1,0,1,0,0
S01008356,Level 4 and above,181,175,6,0,0,1,5
S01008357,All people aged 16 and over,566,552,14,1,2,2,9
S01008357,No qualifications,76,76,0,0,0,0,0
S01008357,Level 1,109,108,1,0,0,0,1
S01008357,Level 2,95,93,2,0,0,1,1
S01008357,Level 3,58,53,5,1,0,0,4
S01008357,Level 4 and above,228,222,6,0,2,1,3
S01008358,All people aged 16 and over,582,564,18,0,1,3,14
S01008358,No qualifications,170,165,5,0,0,2,3
S01008358,Level 1,100,95,5,0,1,0,4
S01008358,Level 2,95,94,1,0,0,0,1
S01008358,Level 3,58,56,2,0,0,0,2
S01008358,Level 4 and above,159,154,5,0,0,1,4
S01008359,All people aged 16 and over,492,483,9,1,0,0,8
S01008359,No qualifications,68,68,0,0,0,0,0
S01008359,Level 1,90,90,0,0,0,0,0
S01008359,Level 2,108,106,2,0,0,0,2
S01008359,Level 3,46,44,2,0,0,0,2
S01008359,Level 4 and above,180,175,5,1,0,0,4
S01008360,All people aged 16 and over,687,649,38,2,2,5,29
S01008360,No qualifications,84,81,3,0,0,0,3
S01008360,Level 1,118,115,3,0,0,1,2
S01008360,Level 2,136,134,2,0,0,0,2
S01008360,Level 3,59,55,4,0,1,0,3
S01008360,Level 4 and above,290,264,26,2,1,4,19
S01008361,All people aged 16 and over,424,412,12,0,1,3,8
S01008361,No qualifications,56,54,2,0,0,0,2
S01008361,Level 1,85,83,2,0,1,1,0
S01008361,Level 2,79,78,1,0,0,1,0
S01008361,Level 3,52,50,2,0,0,1,1
S01008361,Level 4 and above,152,147,5,0,0,0,5
S01008362,All people aged 16 and over,721,670,51,2,7,10,32
S01008362,No qualifications,85,77,8,0,0,1,7
S01008362,Level 1,120,114,6,0,0,0,6
S01008362,Level 2,136,132,4,0,0,1,3
S01008362,Level 3,92,88,4,0,1,0,3
S01008362,Level 4 and above,288,259,29,2,6,8,13
S01008363,All people aged 16 and over,601,572,29,5,1,2,21
S01008363,No qualifications,63,58,5,1,1,0,3
S01008363,Level 1,105,100,5,1,0,0,4
S01008363,Level 2,114,110,4,0,0,1,3
S01008363,Level 3,59,57,2,0,0,0,2
S01008363,Level 4 and above,260,247,13,3,0,1,9
S01008364,All people aged 16 and over,628,578,50,8,2,5,35
S01008364,No qualifications,90,73,17,0,1,1,15
S01008364,Level 1,98,90,8,5,0,0,3
S01008364,Level 2,108,102,6,1,0,1,4
S01008364,Level 3,48,45,3,0,0,1,2
S01008364,Level 4 and above,284,268,16,2,1,2,11
S01008365,All people aged 16 and over,567,539,28,1,1,4,22
S01008365,No qualifications,62,58,4,0,0,0,4
S01008365,Level 1,97,87,10,0,1,2,7
S01008365,Level 2,102,100,2,0,0,0,2
S01008365,Level 3,48,48,0,0,0,0,0
S01008365,Level 4 and above,258,246,12,1,0,2,9
S01008366,All people aged 16 and over,746,716,30,3,1,1,25
S01008366,No qualifications,211,201,10,0,0,0,10
S01008366,Level 1,143,135,8,1,1,0,6
S01008366,Level 2,132,131,1,0,0,0,1
S01008366,Level 3,76,73,3,0,0,1,2
S01008366,Level 4 and above,184,176,8,2,0,0,6
S01008367,All people aged 16 and over,617,583,34,4,6,7,17
S01008367,No qualifications,172,165,7,0,0,2,5
S01008367,Level 1,118,113,5,2,3,0,0
S01008367,Level 2,96,95,1,0,0,1,0
S01008367,Level 3,77,76,1,0,0,0,1
S01008367,Level 4 and above,154,134,20,2,3,4,11
S01008368,All people aged 16 and over,541,517,24,0,3,2,19
S01008368,No qualifications,108,99,9,0,0,0,9
S01008368,Level 1,88,86,2,0,0,0,2
S01008368,Level 2,104,103,1,0,0,0,1
S01008368,Level 3,50,50,0,0,0,0,0
S01008368,Level 4 and above,191,179,12,0,3,2,7
S01008369,All people aged 16 and over,421,401,20,0,0,4,16
S01008369,No qualifications,97,94,3,0,0,0,3
S01008369,Level 1,72,67,5,0,0,1,4
S01008369,Level 2,68,67,1,0,0,0,1
S01008369,Level 3,48,47,1,0,0,0,1
S01008369,Level 4 and above,136,126,10,0,0,3,7
S01008370,All people aged 16 and over,553,520,33,0,3,6,24
S01008370,No qualifications,78,73,5,0,1,0,4
S01008370,Level 1,80,79,1,0,0,0,1
S01008370,Level 2,104,101,3,0,0,2,1
S01008370,Level 3,71,66,5,0,1,1,3
S01008370,Level 4 and above,220,201,19,0,1,3,15
S01008371,All people aged 16 and over,618,590,28,0,1,2,25
S01008371,No qualifications,58,51,7,0,0,1,6
S01008371,Level 1,113,109,4,0,0,0,4
S01008371,Level 2,121,117,4,0,0,0,4
S01008371,Level 3,56,55,1,0,0,0,1
S01008371,Level 4 and above,270,258,12,0,1,1,10
S01008372,All people aged 16 and over,613,575,38,3,4,2,29
S01008372,No qualifications,71,64,7,0,0,0,7
S01008372,Level 1,126,120,6,1,1,0,4
S01008372,Level 2,112,110,2,0,0,0,2
S01008372,Level 3,77,71,6,2,0,1,3
S01008372,Level 4 and above,227,210,17,0,3,1,13
S01008373,All people aged 16 and over,614,588,26,2,0,2,22
S01008373,No qualifications,55,50,5,0,0,0,5
S01008373,Level 1,104,100,4,0,0,1,3
S01008373,Level 2,112,109,3,0,0,0,3
S01008373,Level 3,48,48,0,0,0,0,0
S01008373,Level 4 and above,295,281,14,2,0,1,11
S01008374,All people aged 16 and over,558,538,20,0,2,2,16
S01008374,No qualifications,74,68,6,0,0,1,5
S01008374,Level 1,93,91,2,0,0,1,1
S01008374,Level 2,118,116,2,0,0,0,2
S01008374,Level 3,83,79,4,0,0,0,4
S01008374,Level 4 and above,190,184,6,0,2,0,4
S01008375,All people aged 16 and over,633,605,28,4,1,6,17
S01008375,No qualifications,72,71,1,0,0,0,1
S01008375,Level 1,97,96,1,0,0,0,1
S01008375,Level 2,122,119,3,1,0,1,1
S01008375,Level 3,58,58,0,0,0,0,0
S01008375,Level 4 and above,284,261,23,3,1,5,14
S01008376,All people aged 16 and over,415,404,11,0,0,0,11
S01008376,No qualifications,55,53,2,0,0,0,2
S01008376,Level 1,59,57,2,0,0,0,2
S01008376,Level 2,76,75,1,0,0,0,1
S01008376,Level 3,42,40,2,0,0,0,2
S01008376,Level 4 and above,183,179,4,0,0,0,4
S01008377,All people aged 16 and over,584,550,34,6,4,2,22
S01008377,No qualifications,76,68,8,1,0,0,7
S01008377,Level 1,99,94,5,2,0,1,2
S01008377,Level 2,113,109,4,0,1,0,3
S01008377,Level 3,48,47,1,0,0,0,1
S01008377,Level 4 and above,248,232,16,3,3,1,9
S01008378,All people aged 16 and over,811,763,48,3,0,6,39
S01008378,No qualifications,123,112,11,0,0,0,11
S01008378,Level 1,122,117,5,1,0,0,4
S01008378,Level 2,147,142,5,1,0,0,4
S01008378,Level 3,70,68,2,0,0,0,2
S01008378,Level 4 and above,349,324,25,1,0,6,18
S01008379,All people aged 16 and over,434,419,15,0,0,1,14
S01008379,No qualifications,63,59,4,0,0,0,4
S01008379,Level 1,63,58,5,0,0,1,4
S01008379,Level 2,97,96,1,0,0,0,1
S01008379,Level 3,48,47,1,0,0,0,1
S01008379,Level 4 and above,163,159,4,0,0,0,4
S01008380,All people aged 16 and over,512,491,21,1,2,3,15
S01008380,No qualifications,52,50,2,0,0,0,2
S01008380,Level 1,70,68,2,0,1,1,0
S01008380,Level 2,107,107,0,0,0,0,0
S01008380,Level 3,62,62,0,0,0,0,0
S01008380,Level 4 and above,221,204,17,1,1,2,13
S01008381,All people aged 16 and over,489,466,23,0,0,5,18
S01008381,No qualifications,48,44,4,0,0,0,4
S01008381,Level 1,78,74,4,0,0,1,3
S01008381,Level 2,88,83,5,0,0,0,5
S01008381,Level 3,40,37,3,0,0,1,2
S01008381,Level 4 and above,235,228,7,0,0,3,4
S01008382,All people aged 16 and over,502,489,13,0,0,1,12
S01008382,No qualifications,67,62,5,0,0,0,5
S01008382,Level 1,80,77,3,0,0,1,2
S01008382,Level 2,111,108,3,0,0,0,3
S01008382,Level 3,50,50,0,0,0,0,0
S01008382,Level 4 and above,194,192,2,0,0,0,2
S01008383,All people aged 16 and over,378,361,17,0,0,0,17
S01008383,No qualifications,31,29,2,0,0,0,2
S01008383,Level 1,62,61,1,0,0,0,1
S01008383,Level 2,69,64,5,0,0,0,5
S01008383,Level 3,40,38,2,0,0,0,2
S01008383,Level 4 and above,176,169,7,0,0,0,7
S01008384,All people aged 16 and over,779,753,26,2,1,2,21
S01008384,No qualifications,122,117,5,0,0,0,5
S01008384,Level 1,170,167,3,0,1,0,2
S01008384,Level 2,144,142,2,0,0,0,2
S01008384,Level 3,75,73,2,0,0,1,1
S01008384,Level 4 and above,268,254,14,2,0,1,11
S01008385,All people aged 16 and over,542,518,24,1,0,1,22
S01008385,No qualifications,71,64,7,0,0,1,6
S01008385,Level 1,60,58,2,0,0,0,2
S01008385,Level 2,104,101,3,0,0,0,3
S01008385,Level 3,57,56,1,0,0,0,1
S01008385,Level 4 and above,250,239,11,1,0,0,10
S01008386,All people aged 16 and over,661,633,28,0,0,1,27
S01008386,No qualifications,113,106,7,0,0,0,7
S01008386,Level 1,143,138,5,0,0,0,5
S01008386,Level 2,133,128,5,0,0,0,5
S01008386,Level 3,60,59,1,0,0,0,1
S01008386,Level 4 and above,212,202,10,0,0,1,9
S01008387,All people aged 16 and over,476,456,20,1,3,2,14
S01008387,No qualifications,75,69,6,0,2,0,4
S01008387,Level 1,95,93,2,0,0,1,1
S01008387,Level 2,97,93,4,0,1,0,3
S01008387,Level 3,66,62,4,0,0,1,3
S01008387,Level 4 and above,143,139,4,1,0,0,3
S01008388,All people aged 16 and over,488,472,16,2,3,2,9
S01008388,No qualifications,66,62,4,0,2,1,1
S01008388,Level 1,102,100,2,2,0,0,0
S01008388,Level 2,90,89,1,0,0,0,1
S01008388,Level 3,76,76,0,0,0,0,0
S01008388,Level 4 and above,154,145,9,0,1,1,7
S01008389,All people aged 16 and over,570,549,21,0,0,0,21
S01008389,No qualifications,149,143,6,0,0,0,6
S01008389,Level 1,91,88,3,0,0,0,3
S01008389,Level 2,86,83,3,0,0,0,3
S01008389,Level 3,34,33,1,0,0,0,1
S01008389,Level 4 and above,210,202,8,0,0,0,8
S01008390,All people aged 16 and over,515,508,7,0,0,0,7
S01008390,No qualifications,65,64,1,0,0,0,1
S01008390,Level 1,81,80,1,0,0,0,1
S01008390,Level 2,77,77,0,0,0,0,0
S01008390,Level 3,46,46,0,0,0,0,0
S01008390,Level 4 and above,246,241,5,0,0,0,5
S01008391,All people aged 16 and over,627,591,36,4,3,3,26
S01008391,No qualifications,113,109,4,0,0,0,4
S01008391,Level 1,95,89,6,1,0,0,5
S01008391,Level 2,116,112,4,0,1,0,3
S01008391,Level 3,50,48,2,0,0,1,1
S01008391,Level 4 and above,253,233,20,3,2,2,13
S01008392,All people aged 16 and over,707,682,25,0,0,3,22
S01008392,No qualifications,58,57,1,0,0,0,1
S01008392,Level 1,95,89,6,0,0,1,5
S01008392,Level 2,108,104,4,0,0,1,3
S01008392,Level 3,62,61,1,0,0,0,1
S01008392,Level 4 and above,384,371,13,0,0,1,12
S01008393,All people aged 16 and over,669,634,35,1,0,2,32
S01008393,No qualifications,111,104,7,0,0,1,6
S01008393,Level 1,77,74,3,0,0,0,3
S01008393,Level 2,98,95,3,0,0,0,3
S01008393,Level 3,42,42,0,0,0,0,0
S01008393,Level 4 and above,341,319,22,1,0,1,20
S01008394,All people aged 16 and over,600,564,36,0,0,2,34
S01008394,No qualifications,57,46,11,0,0,1,10
S01008394,Level 1,89,86,3,0,0,0,3
S01008394,Level 2,85,84,1,0,0,0,1
S01008394,Level 3,31,31,0,0,0,0,0
S01008394,Level 4 and above,338,317,21,0,0,1,20
S01008395,All people aged 16 and over,413,381,32,0,1,0,31
S01008395,No qualifications,53,44,9,0,1,0,8
S01008395,Level 1,74,71,3,0,0,0,3
S01008395,Level 2,82,82,0,0,0,0,0
S01008395,Level 3,43,40,3,0,0,0,3
S01008395,Level 4 and above,161,144,17,0,0,0,17
S01008396,All people aged 16 and over,554,519,35,1,1,1,32
S01008396,No qualifications,120,106,14,0,0,0,14
S01008396,Level 1,89,85,4,0,0,0,4
S01008396,Level 2,92,91,1,0,0,0,1
S01008396,Level 3,57,56,1,0,0,0,1
S01008396,Level 4 and above,196,181,15,1,1,1,12
S01008397,All people aged 16 and over,762,721,41,4,4,2,31
S01008397,No qualifications,62,51,11,0,1,0,10
S01008397,Level 1,115,109,6,1,1,0,4
S01008397,Level 2,141,137,4,1,0,0,3
S01008397,Level 3,68,67,1,0,0,0,1
S01008397,Level 4 and above,376,357,19,2,2,2,13
S01008398,All people aged 16 and over,479,448,31,0,3,1,27
S01008398,No qualifications,58,53,5,0,0,0,5
S01008398,Level 1,74,71,3,0,0,0,3
S01008398,Level 2,80,78,2,0,0,0,2
S01008398,Level 3,45,41,4,0,1,0,3
S01008398,Level 4 and above,222,205,17,0,2,1,14
S01008399,All people aged 16 and over,463,416,47,2,2,7,36
S01008399,No qualifications,102,82,20,0,2,1,17
S01008399,Level 1,57,54,3,0,0,0,3
S01008399,Level 2,78,71,7,0,0,2,5
S01008399,Level 3,43,39,4,0,0,1,3
S01008399,Level 4 and above,183,170,13,2,0,3,8
S01008400,All people aged 16 and over,536,482,54,0,1,5,48
S01008400,No qualifications,86,68,18,0,0,0,18
S01008400,Level 1,84,74,10,0,0,3,7
S01008400,Level 2,75,73,2,0,0,0,2
S01008400,Level 3,53,49,4,0,1,0,3
S01008400,Level 4 and above,238,218,20,0,0,2,18
S01008401,All people aged 16 and over,807,742,65,1,5,6,53
S01008401,No qualifications,151,134,17,0,1,0,16
S01008401,Level 1,100,86,14,0,1,1,12
S01008401,Level 2,147,141,6,0,1,2,3
S01008401,Level 3,83,78,5,0,1,0,4
S01008401,Level 4 and above,326,303,23,1,1,3,18
S01008402,All people aged 16 and over,900,843,57,2,4,2,49
S01008402,No qualifications,120,107,13,0,0,0,13
S01008402,Level 1,96,87,9,1,1,0,7
S01008402,Level 2,173,168,5,0,1,0,4
S01008402,Level 3,52,49,3,0,0,0,3
S01008402,Level 4 and above,459,432,27,1,2,2,22
S01008403,All people aged 16 and over,473,454,19,0,1,0,18
S01008403,No qualifications,61,57,4,0,0,0,4
S01008403,Level 1,57,56,1,0,0,0,1
S01008403,Level 2,83,81,2,0,0,0,2
S01008403,Level 3,47,46,1,0,0,0,1
S01008403,Level 4 and above,225,214,11,0,1,0,10
S01008404,All people aged 16 and over,799,763,36,0,0,1,35
S01008404,No qualifications,161,149,12,0,0,0,12
S01008404,Level 1,103,101,2,0,0,0,2
S01008404,Level 2,103,103,0,0,0,0,0
S01008404,Level 3,79,76,3,0,0,0,3
S01008404,Level 4 and above,353,334,19,0,0,1,18
S01008405,All people aged 16 and over,584,560,24,1,1,3,19
S01008405,No qualifications,47,39,8,0,0,1,7
S01008405,Level 1,64,61,3,1,0,0,2
S01008405,Level 2,93,93,0,0,0,0,0
S01008405,Level 3,45,42,3,0,1,1,1
S01008405,Level 4 and above,335,325,10,0,0,1,9
S01008406,All people aged 16 and over,791,743,48,2,0,9,37
S01008406,No qualifications,207,188,19,0,0,4,15
S01008406,Level 1,96,87,9,0,0,1,8
S01008406,Level 2,113,111,2,0,0,2,0
S01008406,Level 3,57,55,2,0,0,0,2
S01008406,Level 4 and above,318,302,16,2,0,2,12
S01008407,All people aged 16 and over,456,430,26,0,3,1,22
S01008407,No qualifications,128,121,7,0,2,0,5
S01008407,Level 1,57,54,3,0,0,0,3
S01008407,Level 2,55,55,0,0,0,0,0
S01008407,Level 3,44,44,0,0,0,0,0
S01008407,Level 4 and above,172,156,16,0,1,1,14
S01008408,All people aged 16 and over,512,484,28,0,1,4,23
S01008408,No qualifications,96,91,5,0,0,0,5
S01008408,Level 1,86,84,2,0,0,0,2
S01008408,Level 2,94,91,3,0,0,1,2
S01008408,Level 3,52,47,5,0,0,2,3
S01008408,Level 4 and above,184,171,13,0,1,1,11
S01008409,All people aged 16 and over,719,679,40,1,4,4,31
S01008409,No qualifications,205,190,15,0,1,0,14
S01008409,Level 1,174,164,10,1,3,1,5
S01008409,Level 2,92,88,4,0,0,1,3
S01008409,Level 3,86,84,2,0,0,0,2
S01008409,Level 4 and above,162,153,9,0,0,2,7
S01008410,All people aged 16 and over,495,425,70,2,5,5,58
S01008410,No qualifications,108,91,17,0,0,0,17
S01008410,Level 1,86,74,12,0,1,0,11
S01008410,Level 2,73,67,6,0,1,0,5
S01008410,Level 3,42,36,6,2,1,0,3
S01008410,Level 4 and above,186,157,29,0,2,5,22
S01008411,All people aged 16 and over,500,473,27,0,0,5,22
S01008411,No qualifications,103,93,10,0,0,3,7
S01008411,Level 1,119,115,4,0,0,1,3
S01008411,Level 2,82,81,1,0,0,0,1
S01008411,Level 3,46,45,1,0,0,0,1
S01008411,Level 4 and above,150,139,11,0,0,1,10
S01008412,All people aged 16 and over,561,527,34,0,2,0,32
S01008412,No qualifications,103,91,12,0,0,0,12
S01008412,Level 1,103,101,2,0,0,0,2
S01008412,Level 2,100,98,2,0,1,0,1
S01008412,Level 3,58,55,3,0,0,0,3
S01008412,Level 4 and above,197,182,15,0,1,0,14
S01008413,All people aged 16 and over,442,408,34,1,2,8,23
S01008413,No qualifications,96,90,6,0,0,0,6
S01008413,Level 1,97,92,5,0,0,0,5
S01008413,Level 2,69,65,4,0,0,0,4
S01008413,Level 3,45,44,1,0,0,0,1
S01008413,Level 4 and above,135,117,18,1,2,8,7
S01008414,All people aged 16 and over,361,324,37,4,1,5,27
S01008414,No qualifications,36,26,10,1,0,1,8
S01008414,Level 1,58,52,6,0,0,2,4
S01008414,Level 2,75,73,2,0,0,0,2
S01008414,Level 3,25,23,2,0,0,0,2
S01008414,Level 4 and above,167,150,17,3,1,2,11
S01008415,All people aged 16 and over,680,617,63,0,4,4,55
S01008415,No qualifications,153,134,19,0,1,0,18
S01008415,Level 1,151,141,10,0,0,1,9
S01008415,Level 2,114,109,5,0,1,1,3
S01008415,Level 3,80,73,7,0,0,0,7
S01008415,Level 4 and above,182,160,22,0,2,2,18
S01008416,All people aged 16 and over,780,718,62,8,1,10,43
S01008416,No qualifications,225,207,18,3,0,0,15
S01008416,Level 1,184,174,10,3,0,2,5
S01008416,Level 2,123,120,3,0,0,1,2
S01008416,Level 3,85,78,7,2,0,2,3
S01008416,Level 4 and above,163,139,24,0,1,5,18
S01008417,All people aged 16 and over,586,544,42,4,2,11,25
S01008417,No qualifications,62,58,4,0,0,1,3
S01008417,Level 1,103,101,2,1,0,0,1
S01008417,Level 2,94,89,5,0,0,0,5
S01008417,Level 3,45,44,1,0,0,0,1
S01008417,Level 4 and above,282,252,30,3,2,10,15
S01008418,All people aged 16 and over,584,539,45,1,9,3,32
S01008418,No qualifications,64,64,0,0,0,0,0
S01008418,Level 1,119,112,7,0,1,1,5
S01008418,Level 2,87,83,4,1,0,0,3
S01008418,Level 3,54,53,1,0,0,0,1
S01008418,Level 4 and above,260,227,33,0,8,2,23
S01008419,All people aged 16 and over,373,351,22,0,1,5,16
S01008419,No qualifications,52,48,4,0,1,1,2
S01008419,Level 1,46,43,3,0,0,0,3
S01008419,Level 2,51,50,1,0,0,1,0
S01008419,Level 3,22,22,0,0,0,0,0
S01008419,Level 4 and above,202,188,14,0,0,3,11
S01008420,All people aged 16 and over,396,364,32,8,3,1,20
S01008420,No qualifications,56,54,2,0,1,0,1
S01008420,Level 1,65,65,0,0,0,0,0
S01008420,Level 2,60,53,7,4,0,0,3
S01008420,Level 3,38,37,1,0,0,0,1
S01008420,Level 4 and above,177,155,22,4,2,1,15
S01008421,All people aged 16 and over,687,645,42,3,5,10,24
S01008421,No qualifications,183,177,6,0,1,1,4
S01008421,Level 1,156,153,3,0,0,0,3
S01008421,Level 2,85,81,4,0,0,0,4
S01008421,Level 3,67,63,4,0,0,0,4
S01008421,Level 4 and above,196,171,25,3,4,9,9
S01008422,All people aged 16 and over,490,460,30,5,2,2,21
S01008422,No qualifications,44,41,3,1,0,0,2
S01008422,Level 1,78,73,5,2,1,0,2
S01008422,Level 2,73,67,6,0,1,2,3
S01008422,Level 3,43,43,0,0,0,0,0
S01008422,Level 4 and above,252,236,16,2,0,0,14
S01008423,All people aged 16 and over,826,760,66,1,7,6,52
S01008423,No qualifications,78,73,5,0,1,0,4
S01008423,Level 1,121,111,10,0,1,0,9
S01008423,Level 2,128,128,0,0,0,0,0
S01008423,Level 3,64,59,5,0,0,0,5
S01008423,Level 4 and above,435,389,46,1,5,6,34
S01008424,All people aged 16 and over,698,660,38,1,2,5,30
S01008424,No qualifications,71,67,4,0,0,1,3
S01008424,Level 1,110,106,4,0,0,0,4
S01008424,Level 2,104,100,4,1,0,0,3
S01008424,Level 3,45,44,1,0,0,0,1
S01008424,Level 4 and above,368,343,25,0,2,4,19
S01008425,All people aged 16 and over,2308,1404,904,766,64,27,47
S01008425,No qualifications,146,132,14,7,2,0,5
S01008425,Level 1,302,198,104,85,9,4,6
S01008425,Level 2,778,654,124,83,12,10,19
S01008425,Level 3,154,105,49,41,4,2,2
S01008425,Level 4 and above,928,315,613,550,37,11,15
S01008426,All people aged 16 and over,482,455,27,8,1,5,13
S01008426,No qualifications,152,147,5,0,0,0,5
S01008426,Level 1,151,146,5,2,1,0,2
S01008426,Level 2,56,54,2,0,0,1,1
S01008426,Level 3,35,35,0,0,0,0,0
S01008426,Level 4 and above,88,73,15,6,0,4,5
S01008427,All people aged 16 and over,868,822,46,2,7,8,29
S01008427,No qualifications,92,86,6,1,1,2,2
S01008427,Level 1,221,214,7,0,0,0,7
S01008427,Level 2,169,163,6,0,1,1,4
S01008427,Level 3,87,85,2,0,0,0,2
S01008427,Level 4 and above,299,274,25,1,5,5,14
S01008428,All people aged 16 and over,561,529,32,4,4,1,23
S01008428,No qualifications,185,182,3,0,0,1,2
S01008428,Level 1,151,144,7,0,1,0,6
S01008428,Level 2,69,67,2,0,0,0,2
S01008428,Level 3,31,26,5,0,2,0,3
S01008428,Level 4 and above,125,110,15,4,1,0,10
S01008429,All people aged 16 and over,707,674,33,3,2,3,25
S01008429,No qualifications,113,110,3,0,0,0,3
S01008429,Level 1,165,161,4,0,0,0,4
S01008429,Level 2,126,121,5,0,0,0,5
S01008429,Level 3,53,52,1,0,0,0,1
S01008429,Level 4 and above,250,230,20,3,2,3,12
S01008430,All people aged 16 and over,555,514,41,3,3,6,29
S01008430,No qualifications,91,90,1,0,0,0,1
S01008430,Level 1,104,95,9,2,1,0,6
S01008430,Level 2,103,98,5,1,0,0,4
S01008430,Level 3,40,36,4,0,0,0,4
S01008430,Level 4 and above,217,195,22,0,2,6,14
S01008431,All people aged 16 and over,698,675,23,2,6,2,13
S01008431,No qualifications,101,101,0,0,0,0,0
S01008431,Level 1,146,142,4,0,1,0,3
S01008431,Level 2,112,109,3,0,0,0,3
S01008431,Level 3,73,69,4,0,2,2,0
S01008431,Level 4 and above,266,254,12,2,3,0,7
S01008432,All people aged 16 and over,590,564,26,1,7,1,17
S01008432,No qualifications,96,94,2,0,0,0,2
S01008432,Level 1,128,127,1,0,0,0,1
S01008432,Level 2,98,95,3,0,3,0,0
S01008432,Level 3,57,55,2,0,0,0,2
S01008432,Level 4 and above,211,193,18,1,4,1,12
S01008433,All people aged 16 and over,685,650,35,3,1,3,28
S01008433,No qualifications,116,110,6,0,0,1,5
S01008433,Level 1,207,199,8,1,0,0,7
S01008433,Level 2,119,113,6,0,0,0,6
S01008433,Level 3,77,73,4,0,0,1,3
S01008433,Level 4 and above,166,155,11,2,1,1,7
S01008434,All people aged 16 and over,661,621,40,4,1,7,28
S01008434,No qualifications,114,106,8,1,0,0,7
S01008434,Level 1,176,170,6,0,0,0,6
S01008434,Level 2,131,128,3,0,1,0,2
S01008434,Level 3,60,56,4,0,0,1,3
S01008434,Level 4 and above,180,161,19,3,0,6,10
S01008435,All people aged 16 and over,652,602,50,2,6,8,34
S01008435,No qualifications,96,92,4,0,0,2,2
S01008435,Level 1,182,174,8,0,0,0,8
S01008435,Level 2,109,106,3,0,0,2,1
S01008435,Level 3,66,61,5,0,0,0,5
S01008435,Level 4 and above,199,169,30,2,6,4,18
S01008436,All people aged 16 and over,723,675,48,1,9,2,36
S01008436,No qualifications,122,115,7,0,0,0,7
S01008436,Level 1,139,132,7,0,2,1,4
S01008436,Level 2,98,96,2,0,0,0,2
S01008436,Level 3,57,54,3,0,1,0,2
S01008436,Level 4 and above,307,278,29,1,6,1,21
S01008437,All people aged 16 and over,606,552,54,7,11,7,29
S01008437,No qualifications,119,116,3,0,0,0,3
S01008437,Level 1,96,89,7,2,2,0,3
S01008437,Level 2,79,76,3,0,0,1,2
S01008437,Level 3,36,31,5,0,1,0,4
S01008437,Level 4 and above,276,240,36,5,8,6,17
S01008438,All people aged 16 and over,363,331,32,1,6,7,18
S01008438,No qualifications,41,40,1,0,0,0,1
S01008438,Level 1,49,48,1,0,0,0,1
S01008438,Level 2,46,45,1,0,0,0,1
S01008438,Level 3,27,23,4,0,0,0,4
S01008438,Level 4 and above,200,175,25,1,6,7,11
S01008439,All people aged 16 and over,848,776,72,13,3,7,49
S01008439,No qualifications,43,40,3,1,0,1,1
S01008439,Level 1,108,99,9,3,0,1,5
S01008439,Level 2,96,88,8,1,1,2,4
S01008439,Level 3,66,59,7,2,1,1,3
S01008439,Level 4 and above,535,490,45,6,1,2,36
S01008440,All people aged 16 and over,808,748,60,0,4,8,48
S01008440,No qualifications,48,44,4,0,0,0,4
S01008440,Level 1,92,87,5,0,1,0,4
S01008440,Level 2,97,90,7,0,0,1,6
S01008440,Level 3,44,41,3,0,1,0,2
S01008440,Level 4 and above,527,486,41,0,2,7,32
S01008441,All people aged 16 and over,374,356,18,0,0,3,15
S01008441,No qualifications,43,41,2,0,0,0,2
S01008441,Level 1,47,45,2,0,0,1,1
S01008441,Level 2,51,51,0,0,0,0,0
S01008441,Level 3,25,22,3,0,0,0,3
S01008441,Level 4 and above,208,197,11,0,0,2,9
S01008442,All people aged 16 and over,554,481,73,10,5,13,45
S01008442,No qualifications,36,31,5,0,0,1,4
S01008442,Level 1,64,55,9,2,0,2,5
S01008442,Level 2,74,71,3,0,0,0,3
S01008442,Level 3,32,28,4,0,0,0,4
S01008442,Level 4 and above,348,296,52,8,5,10,29
S01008443,All people aged 16 and over,486,445,41,7,5,2,27
S01008443,No qualifications,55,48,7,0,0,0,7
S01008443,Level 1,83,81,2,1,0,0,1
S01008443,Level 2,61,58,3,1,1,0,1
S01008443,Level 3,24,20,4,1,0,1,2
S01008443,Level 4 and above,263,238,25,4,4,1,16
S01008444,All people aged 16 and over,513,464,49,4,6,3,36
S01008444,No qualifications,62,56,6,0,0,0,6
S01008444,Level 1,118,110,8,0,2,0,6
S01008444,Level 2,79,73,6,1,0,0,5
S01008444,Level 3,49,47,2,0,0,1,1
S01008444,Level 4 and above,205,178,27,3,4,2,18
S01008445,All people aged 16 and over,690,606,84,5,13,17,49
S01008445,No qualifications,178,165,13,2,4,1,6
S01008445,Level 1,148,122,26,1,6,5,14
S01008445,Level 2,83,74,9,1,0,3,5
S01008445,Level 3,50,42,8,1,2,1,4
S01008445,Level 4 and above,231,203,28,0,1,7,20
S01008446,All people aged 16 and over,810,693,117,47,23,9,38
S01008446,No qualifications,77,65,12,7,3,0,2
S01008446,Level 1,156,122,34,20,8,3,3
S01008446,Level 2,134,110,24,11,5,4,4
S01008446,Level 3,47,45,2,2,0,0,0
S01008446,Level 4 and above,396,351,45,7,7,2,29
S01008447,All people aged 16 and over,556,521,35,3,1,4,27
S01008447,No qualifications,48,43,5,0,0,0,5
S01008447,Level 1,106,102,4,1,0,2,1
S01008447,Level 2,67,66,1,0,0,0,1
S01008447,Level 3,27,24,3,0,0,2,1
S01008447,Level 4 and above,308,286,22,2,1,0,19
S01008448,All people aged 16 and over,637,574,63,13,9,7,34
S01008448,No qualifications,116,103,13,0,2,1,10
S01008448,Level 1,147,143,4,3,0,0,1
S01008448,Level 2,96,92,4,0,1,0,3
S01008448,Level 3,51,45,6,0,3,0,3
S01008448,Level 4 and above,227,191,36,10,3,6,17
S01008449,All people aged 16 and over,594,445,149,15,61,48,25
S01008449,No qualifications,163,144,19,1,10,3,5
S01008449,Level 1,199,165,34,3,15,7,9
S01008449,Level 2,69,62,7,0,3,3,1
S01008449,Level 3,44,22,22,0,10,7,5
S01008449,Level 4 and above,119,52,67,11,23,28,5
S01008450,All people aged 16 and over,429,329,100,7,24,44,25
S01008450,No qualifications,122,108,14,1,2,4,7
S01008450,Level 1,127,114,13,1,3,6,3
S01008450,Level 2,52,46,6,1,1,3,1
S01008450,Level 3,49,29,20,0,4,7,9
S01008450,Level 4 and above,79,32,47,4,14,24,5
S01008451,All people aged 16 and over,505,400,105,8,27,35,35
S01008451,No qualifications,179,157,22,0,1,11,10
S01008451,Level 1,152,135,17,1,6,4,6
S01008451,Level 2,61,47,14,2,4,4,4
S01008451,Level 3,41,30,11,1,3,5,2
S01008451,Level 4 and above,72,31,41,4,13,11,13
S01008452,All people aged 16 and over,442,300,142,20,48,39,35
S01008452,No qualifications,135,107,28,1,7,10,10
S01008452,Level 1,153,110,43,8,14,12,9
S01008452,Level 2,47,33,14,2,2,3,7
S01008452,Level 3,26,18,8,0,5,2,1
S01008452,Level 4 and above,81,32,49,9,20,12,8
S01008453,All people aged 16 and over,379,225,154,12,50,62,30
S01008453,No qualifications,66,53,13,0,3,3,7
S01008453,Level 1,108,74,34,1,14,9,10
S01008453,Level 2,38,31,7,1,1,1,4
S01008453,Level 3,32,18,14,2,5,7,0
S01008453,Level 4 and above,135,49,86,8,27,42,9
S01008454,All people aged 16 and over,688,582,106,10,29,28,39
S01008454,No qualifications,168,161,7,0,1,0,6
S01008454,Level 1,279,253,26,4,5,6,11
S01008454,Level 2,88,77,11,0,4,2,5
S01008454,Level 3,61,43,18,2,5,6,5
S01008454,Level 4 and above,92,48,44,4,14,14,12
S01008455,All people aged 16 and over,806,642,164,57,38,37,32
S01008455,No qualifications,269,247,22,4,4,4,10
S01008455,Level 1,219,192,27,6,8,5,8
S01008455,Level 2,116,90,26,10,2,11,3
S01008455,Level 3,58,47,11,4,0,4,3
S01008455,Level 4 and above,144,66,78,33,24,13,8
S01008456,All people aged 16 and over,775,609,166,24,44,62,36
S01008456,No qualifications,237,213,24,3,9,6,6
S01008456,Level 1,261,224,37,5,13,12,7
S01008456,Level 2,85,67,18,3,5,9,1
S01008456,Level 3,58,48,10,0,2,2,6
S01008456,Level 4 and above,134,57,77,13,15,33,16
S01008457,All people aged 16 and over,534,472,62,21,20,8,13
S01008457,No qualifications,224,212,12,2,3,0,7
S01008457,Level 1,162,158,4,1,1,1,1
S01008457,Level 2,49,45,4,0,2,1,1
S01008457,Level 3,33,22,11,0,7,3,1
S01008457,Level 4 and above,66,35,31,18,7,3,3
S01008458,All people aged 16 and over,779,685,94,21,14,26,33
S01008458,No qualifications,223,215,8,0,2,1,5
S01008458,Level 1,259,241,18,3,3,3,9
S01008458,Level 2,103,88,15,4,2,1,8
S01008458,Level 3,62,47,15,6,1,3,5
S01008458,Level 4 and above,132,94,38,8,6,18,6
S01008459,All people aged 16 and over,606,506,100,19,26,32,23
S01008459,No qualifications,180,166,14,0,3,2,9
S01008459,Level 1,224,209,15,3,5,6,1
S01008459,Level 2,71,67,4,0,0,2,2
S01008459,Level 3,43,26,17,6,5,4,2
S01008459,Level 4 and above,88,38,50,10,13,18,9
S01008460,All people aged 16 and over,567,461,106,11,45,32,18
S01008460,No qualifications,205,190,15,0,4,4,7
S01008460,Level 1,195,166,29,1,19,6,3
S01008460,Level 2,58,46,12,3,3,3,3
S01008460,Level 3,40,24,16,3,6,5,2
S01008460,Level 4 and above,69,35,34,4,13,14,3
S01008461,All people aged 16 and over,708,592,116,17,34,36,29
S01008461,No qualifications,239,220,19,0,9,2,8
S01008461,Level 1,243,222,21,1,6,8,6
S01008461,Level 2,79,71,8,2,2,2,2
S01008461,Level 3,47,34,13,1,4,5,3
S01008461,Level 4 and above,100,45,55,13,13,19,10
S01008462,All people aged 16 and over,486,428,58,12,15,14,17
S01008462,No qualifications,225,219,6,0,0,1,5
S01008462,Level 1,126,111,15,2,7,4,2
S01008462,Level 2,51,47,4,1,1,1,1
S01008462,Level 3,26,19,7,1,1,3,2
S01008462,Level 4 and above,58,32,26,8,6,5,7
S01008463,All people aged 16 and over,552,454,98,33,20,21,24
S01008463,No qualifications,178,166,12,2,2,2,6
S01008463,Level 1,199,173,26,8,2,8,8
S01008463,Level 2,37,31,6,2,0,2,2
S01008463,Level 3,33,26,7,1,3,0,3
S01008463,Level 4 and above,105,58,47,20,13,9,5
S01008464,All people aged 16 and over,695,631,64,16,8,13,27
S01008464,No qualifications,201,197,4,2,0,0,2
S01008464,Level 1,222,208,14,0,1,3,10
S01008464,Level 2,102,96,6,1,1,2,2
S01008464,Level 3,55,47,8,2,1,3,2
S01008464,Level 4 and above,115,83,32,11,5,5,11
S01008465,All people aged 16 and over,610,546,64,20,7,17,20
S01008465,No qualifications,170,159,11,2,3,0,6
S01008465,Level 1,183,178,5,0,0,1,4
S01008465,Level 2,111,100,11,7,0,3,1
S01008465,Level 3,42,39,3,1,0,1,1
S01008465,Level 4 and above,104,70,34,10,4,12,8
S01008466,All people aged 16 and over,596,503,93,26,20,28,19
S01008466,No qualifications,160,150,10,0,2,4,4
S01008466,Level 1,225,207,18,5,4,4,5
S01008466,Level 2,62,54,8,2,0,4,2
S01008466,Level 3,46,37,9,4,1,2,2
S01008466,Level 4 and above,103,55,48,15,13,14,6
S01008467,All people aged 16 and over,639,586,53,10,8,12,23
S01008467,No qualifications,187,169,18,2,1,3,12
S01008467,Level 1,248,242,6,1,1,3,1
S01008467,Level 2,77,75,2,0,0,0,2
S01008467,Level 3,58,49,9,3,1,2,3
S01008467,Level 4 and above,69,51,18,4,5,4,5
S01008468,All people aged 16 and over,529,455,74,18,10,31,15
S01008468,No qualifications,173,166,7,1,0,3,3
S01008468,Level 1,182,169,13,3,0,6,4
S01008468,Level 2,57,51,6,0,0,3,3
S01008468,Level 3,26,22,4,1,0,2,1
S01008468,Level 4 and above,91,47,44,13,10,17,4
S01008469,All people aged 16 and over,480,347,133,40,22,35,36
S01008469,No qualifications,136,109,27,3,3,7,14
S01008469,Level 1,126,97,29,5,8,10,6
S01008469,Level 2,49,46,3,0,1,0,2
S01008469,Level 3,42,35,7,0,2,3,2
S01008469,Level 4 and above,127,60,67,32,8,15,12
S01008470,All people aged 16 and over,586,488,98,19,27,28,24
S01008470,No qualifications,219,205,14,0,3,4,7
S01008470,Level 1,183,162,21,2,10,3,6
S01008470,Level 2,60,54,6,2,0,3,1
S01008470,Level 3,34,30,4,2,1,1,0
S01008470,Level 4 and above,90,37,53,13,13,17,10
S01008471,All people aged 16 and over,626,497,129,36,33,41,19
S01008471,No qualifications,207,189,18,7,3,5,3
S01008471,Level 1,233,191,42,5,17,17,3
S01008471,Level 2,48,40,8,3,1,2,2
S01008471,Level 3,49,36,13,1,4,6,2
S01008471,Level 4 and above,89,41,48,20,8,11,9
S01008472,All people aged 16 and over,541,435,106,38,21,28,19
S01008472,No qualifications,169,150,19,2,5,4,8
S01008472,Level 1,165,139,26,11,5,6,4
S01008472,Level 2,69,64,5,3,2,0,0
S01008472,Level 3,44,33,11,2,3,6,0
S01008472,Level 4 and above,94,49,45,20,6,12,7
S01008473,All people aged 16 and over,550,460,90,20,29,21,20
S01008473,No qualifications,170,164,6,0,2,1,3
S01008473,Level 1,162,150,12,0,8,2,2
S01008473,Level 2,64,52,12,4,3,1,4
S01008473,Level 3,48,33,15,3,7,3,2
S01008473,Level 4 and above,106,61,45,13,9,14,9
S01008474,All people aged 16 and over,666,566,100,12,29,36,23
S01008474,No qualifications,247,232,15,4,1,6,4
S01008474,Level 1,182,163,19,1,1,9,8
S01008474,Level 2,68,59,9,0,7,0,2
S01008474,Level 3,55,47,8,0,4,4,0
S01008474,Level 4 and above,114,65,49,7,16,17,9
S01008475,All people aged 16 and over,500,436,64,12,23,18,11
S01008475,No qualifications,177,167,10,0,2,2,6
S01008475,Level 1,131,120,11,2,6,1,2
S01008475,Level 2,61,60,1,0,1,0,0
S01008475,Level 3,37,30,7,1,2,3,1
S01008475,Level 4 and above,94,59,35,9,12,12,2
S01008476,All people aged 16 and over,614,538,76,9,24,15,28
S01008476,No qualifications,227,212,15,0,3,1,11
S01008476,Level 1,152,142,10,3,1,2,4
S01008476,Level 2,57,50,7,2,0,0,5
S01008476,Level 3,47,36,11,0,8,2,1
S01008476,Level 4 and above,131,98,33,4,12,10,7
S01008477,All people aged 16 and over,680,602,78,16,24,25,13
S01008477,No qualifications,261,250,11,3,2,2,4
S01008477,Level 1,167,151,16,5,4,3,4
S01008477,Level 2,75,71,4,0,2,1,1
S01008477,Level 3,46,37,9,1,3,4,1
S01008477,Level 4 and above,131,93,38,7,13,15,3
S01008478,All people aged 16 and over,706,601,105,27,29,26,23
S01008478,No qualifications,234,220,14,0,6,1,7
S01008478,Level 1,189,163,26,8,5,8,5
S01008478,Level 2,79,69,10,5,2,2,1
S01008478,Level 3,51,40,11,2,2,3,4
S01008478,Level 4 and above,153,109,44,12,14,12,6
S01008479,All people aged 16 and over,660,570,90,23,26,20,21
S01008479,No qualifications,259,245,14,0,2,3,9
S01008479,Level 1,170,154,16,4,3,6,3
S01008479,Level 2,76,69,7,2,3,0,2
S01008479,Level 3,43,38,5,1,1,2,1
S01008479,Level 4 and above,112,64,48,16,17,9,6
S01008480,All people aged 16 and over,503,393,110,27,40,27,16
S01008480,No qualifications,109,98,11,0,2,4,5
S01008480,Level 1,139,123,16,2,9,3,2
S01008480,Level 2,68,54,14,1,5,6,2
S01008480,Level 3,45,32,13,2,3,6,2
S01008480,Level 4 and above,142,86,56,22,21,8,5
S01008481,All people aged 16 and over,1408,1308,100,11,8,20,61
S01008481,No qualifications,492,464,28,0,0,6,22
S01008481,Level 1,494,463,31,3,4,5,19
S01008481,Level 2,163,159,4,0,0,0,4
S01008481,Level 3,103,93,10,1,1,2,6
S01008481,Level 4 and above,156,129,27,7,3,7,10
S01008482,All people aged 16 and over,522,485,37,11,9,7,10
S01008482,No qualifications,196,191,5,1,0,1,3
S01008482,Level 1,149,137,12,5,1,2,4
S01008482,Level 2,49,43,6,0,4,1,1
S01008482,Level 3,46,44,2,0,0,0,2
S01008482,Level 4 and above,82,70,12,5,4,3,0
S01008483,All people aged 16 and over,531,454,77,28,10,14,25
S01008483,No qualifications,170,162,8,2,0,1,5
S01008483,Level 1,164,141,23,8,3,4,8
S01008483,Level 2,58,53,5,0,3,0,2
S01008483,Level 3,42,40,2,0,1,1,0
S01008483,Level 4 and above,97,58,39,18,3,8,10
S01008484,All people aged 16 and over,628,576,52,8,4,13,27
S01008484,No qualifications,181,173,8,0,0,0,8
S01008484,Level 1,198,187,11,1,2,1,7
S01008484,Level 2,82,75,7,0,1,3,3
S01008484,Level 3,54,49,5,0,0,3,2
S01008484,Level 4 and above,113,92,21,7,1,6,7
S01008485,All people aged 16 and over,798,722,76,15,15,14,32
S01008485,No qualifications,154,152,2,0,0,0,2
S01008485,Level 1,269,248,21,3,2,5,11
S01008485,Level 2,134,123,11,1,2,1,7
S01008485,Level 3,58,56,2,1,0,1,0
S01008485,Level 4 and above,183,143,40,10,11,7,12
S01008486,All people aged 16 and over,777,695,82,24,11,13,34
S01008486,No qualifications,256,236,20,5,2,1,12
S01008486,Level 1,190,174,16,3,1,3,9
S01008486,Level 2,118,108,10,3,1,4,2
S01008486,Level 3,44,40,4,0,0,1,3
S01008486,Level 4 and above,169,137,32,13,7,4,8
S01008487,All people aged 16 and over,678,583,95,20,26,28,21
S01008487,No qualifications,72,70,2,0,0,0,2
S01008487,Level 1,118,102,16,6,0,6,4
S01008487,Level 2,124,120,4,0,0,1,3
S01008487,Level 3,57,53,4,0,0,4,0
S01008487,Level 4 and above,307,238,69,14,26,17,12
S01008488,All people aged 16 and over,675,557,118,36,23,32,27
S01008488,No qualifications,159,145,14,3,2,1,8
S01008488,Level 1,141,117,24,8,5,6,5
S01008488,Level 2,106,100,6,1,1,1,3
S01008488,Level 3,48,43,5,2,1,1,1
S01008488,Level 4 and above,221,152,69,22,14,23,10
S01008489,All people aged 16 and over,544,463,81,24,12,19,26
S01008489,No qualifications,148,134,14,1,3,1,9
S01008489,Level 1,159,140,19,2,4,7,6
S01008489,Level 2,80,78,2,0,0,1,1
S01008489,Level 3,48,40,8,2,2,1,3
S01008489,Level 4 and above,109,71,38,19,3,9,7
S01008490,All people aged 16 and over,795,649,146,32,47,26,41
S01008490,No qualifications,154,143,11,3,3,1,4
S01008490,Level 1,151,133,18,2,7,4,5
S01008490,Level 2,104,95,9,1,2,2,4
S01008490,Level 3,72,59,13,1,4,2,6
S01008490,Level 4 and above,314,219,95,25,31,17,22
S01008491,All people aged 16 and over,826,567,259,104,80,35,40
S01008491,No qualifications,131,102,29,10,6,4,9
S01008491,Level 1,121,95,26,8,7,7,4
S01008491,Level 2,126,100,26,18,4,1,3
S01008491,Level 3,70,54,16,3,6,4,3
S01008491,Level 4 and above,378,216,162,65,57,19,21
S01008492,All people aged 16 and over,814,662,152,44,39,25,44
S01008492,No qualifications,125,110,15,6,2,4,3
S01008492,Level 1,131,106,25,8,11,2,4
S01008492,Level 2,115,110,5,1,1,1,2
S01008492,Level 3,78,63,15,2,4,2,7
S01008492,Level 4 and above,365,273,92,27,21,16,28
S01008493,All people aged 16 and over,693,589,104,33,23,21,27
S01008493,No qualifications,169,154,15,0,5,4,6
S01008493,Level 1,158,149,9,4,1,3,1
S01008493,Level 2,101,90,11,3,1,1,6
S01008493,Level 3,67,59,8,1,2,3,2
S01008493,Level 4 and above,198,137,61,25,14,10,12
S01008494,All people aged 16 and over,598,429,169,48,46,44,31
S01008494,No qualifications,120,103,17,2,3,3,9
S01008494,Level 1,105,87,18,3,3,5,7
S01008494,Level 2,71,62,9,4,1,2,2
S01008494,Level 3,76,48,28,12,8,5,3
S01008494,Level 4 and above,226,129,97,27,31,29,10
S01008495,All people aged 16 and over,850,550,300,152,72,52,24
S01008495,No qualifications,101,82,19,5,5,2,7
S01008495,Level 1,99,78,21,2,6,11,2
S01008495,Level 2,126,111,15,6,5,3,1
S01008495,Level 3,88,64,24,9,9,3,3
S01008495,Level 4 and above,436,215,221,130,47,33,11
S01008496,All people aged 16 and over,929,570,359,133,87,82,57
S01008496,No qualifications,78,58,20,6,2,6,6
S01008496,Level 1,116,82,34,8,12,9,5
S01008496,Level 2,112,92,20,3,4,7,6
S01008496,Level 3,94,57,37,17,9,8,3
S01008496,Level 4 and above,529,281,248,99,60,52,37
S01008497,All people aged 16 and over,754,518,236,76,81,50,29
S01008497,No qualifications,86,67,19,4,9,4,2
S01008497,Level 1,102,71,31,8,16,4,3
S01008497,Level 2,76,63,13,5,5,2,1
S01008497,Level 3,86,63,23,6,7,9,1
S01008497,Level 4 and above,404,254,150,53,44,31,22
S01008498,All people aged 16 and over,732,549,183,66,38,45,34
S01008498,No qualifications,102,92,10,1,1,1,7
S01008498,Level 1,101,77,24,13,0,5,6
S01008498,Level 2,108,95,13,4,4,2,3
S01008498,Level 3,71,56,15,5,4,5,1
S01008498,Level 4 and above,350,229,121,43,29,32,17
S01008499,All people aged 16 and over,935,600,335,90,102,84,59
S01008499,No qualifications,76,59,17,2,5,8,2
S01008499,Level 1,110,79,31,5,8,12,6
S01008499,Level 2,168,136,32,14,5,3,10
S01008499,Level 3,70,45,25,2,9,9,5
S01008499,Level 4 and above,511,281,230,67,75,52,36
S01008500,All people aged 16 and over,352,265,87,34,17,15,21
S01008500,No qualifications,59,46,13,2,0,4,7
S01008500,Level 1,71,64,7,1,1,2,3
S01008500,Level 2,63,58,5,3,1,0,1
S01008500,Level 3,31,19,12,2,4,5,1
S01008500,Level 4 and above,128,78,50,26,11,4,9
S01008501,All people aged 16 and over,556,368,188,88,45,33,22
S01008501,No qualifications,25,18,7,4,1,1,1
S01008501,Level 1,55,35,20,16,2,1,1
S01008501,Level 2,89,82,7,5,1,0,1
S01008501,Level 3,37,19,18,5,6,5,2
S01008501,Level 4 and above,350,214,136,58,35,26,17
S01008502,All people aged 16 and over,604,393,211,97,59,26,29
S01008502,No qualifications,31,18,13,0,6,1,6
S01008502,Level 1,59,34,25,15,7,1,2
S01008502,Level 2,87,78,9,0,1,2,6
S01008502,Level 3,46,36,10,3,7,0,0
S01008502,Level 4 and above,381,227,154,79,38,22,15
S01008503,All people aged 16 and over,751,588,163,53,32,35,43
S01008503,No qualifications,40,33,7,0,3,1,3
S01008503,Level 1,73,58,15,5,4,2,4
S01008503,Level 2,114,101,13,6,5,0,2
S01008503,Level 3,61,47,14,5,3,2,4
S01008503,Level 4 and above,463,349,114,37,17,30,30
S01008504,All people aged 16 and over,950,783,167,41,36,36,54
S01008504,No qualifications,73,59,14,0,4,4,6
S01008504,Level 1,104,83,21,7,11,0,3
S01008504,Level 2,140,125,15,4,4,2,5
S01008504,Level 3,63,52,11,2,4,0,5
S01008504,Level 4 and above,570,464,106,28,13,30,35
S01008505,All people aged 16 and over,599,513,86,29,12,14,31
S01008505,No qualifications,42,37,5,0,0,0,5
S01008505,Level 1,73,70,3,1,1,0,1
S01008505,Level 2,69,65,4,1,0,3,0
S01008505,Level 3,45,39,6,0,1,2,3
S01008505,Level 4 and above,370,302,68,27,10,9,22
S01008506,All people aged 16 and over,760,641,119,16,26,17,60
S01008506,No qualifications,109,99,10,0,2,0,8
S01008506,Level 1,86,78,8,1,0,2,5
S01008506,Level 2,86,78,8,1,3,0,4
S01008506,Level 3,47,43,4,0,0,1,3
S01008506,Level 4 and above,432,343,89,14,21,14,40
S01008507,All people aged 16 and over,801,626,175,73,34,25,43
S01008507,No qualifications,39,34,5,0,0,3,2
S01008507,Level 1,100,66,34,20,7,4,3
S01008507,Level 2,163,149,14,9,1,2,2
S01008507,Level 3,58,46,12,7,2,1,2
S01008507,Level 4 and above,441,331,110,37,24,15,34
S01008508,All people aged 16 and over,682,613,69,7,6,13,43
S01008508,No qualifications,59,50,9,3,0,1,5
S01008508,Level 1,98,94,4,0,0,0,4
S01008508,Level 2,91,85,6,0,0,1,5
S01008508,Level 3,36,32,4,0,0,1,3
S01008508,Level 4 and above,398,352,46,4,6,10,26
S01008509,All people aged 16 and over,862,779,83,17,12,10,44
S01008509,No qualifications,88,81,7,0,2,0,5
S01008509,Level 1,84,76,8,3,3,0,2
S01008509,Level 2,122,117,5,0,0,1,4
S01008509,Level 3,51,49,2,0,0,0,2
S01008509,Level 4 and above,517,456,61,14,7,9,31
S01008510,All people aged 16 and over,755,688,67,27,9,7,24
S01008510,No qualifications,109,102,7,3,0,0,4
S01008510,Level 1,133,125,8,0,1,3,4
S01008510,Level 2,123,120,3,1,1,0,1
S01008510,Level 3,70,67,3,0,2,1,0
S01008510,Level 4 and above,320,274,46,23,5,3,15
S01008511,All people aged 16 and over,709,629,80,7,5,11,57
S01008511,No qualifications,63,51,12,3,0,0,9
S01008511,Level 1,105,96,9,1,2,1,5
S01008511,Level 2,102,95,7,0,1,0,6
S01008511,Level 3,65,59,6,1,0,1,4
S01008511,Level 4 and above,374,328,46,2,2,9,33
S01008512,All people aged 16 and over,410,376,34,1,3,3,27
S01008512,No qualifications,38,31,7,0,0,0,7
S01008512,Level 1,67,61,6,0,2,0,4
S01008512,Level 2,48,46,2,1,0,0,1
S01008512,Level 3,26,25,1,0,0,0,1
S01008512,Level 4 and above,231,213,18,0,1,3,14
S01008513,All people aged 16 and over,567,511,56,1,4,10,41
S01008513,No qualifications,66,59,7,0,0,0,7
S01008513,Level 1,76,72,4,0,0,0,4
S01008513,Level 2,74,66,8,1,1,4,2
S01008513,Level 3,35,31,4,0,0,0,4
S01008513,Level 4 and above,316,283,33,0,3,6,24
S01008514,All people aged 16 and over,757,679,78,13,13,7,45
S01008514,No qualifications,103,103,0,0,0,0,0
S01008514,Level 1,64,59,5,0,1,1,3
S01008514,Level 2,71,65,6,3,2,0,1
S01008514,Level 3,35,32,3,0,1,0,2
S01008514,Level 4 and above,484,420,64,10,9,6,39
S01008515,All people aged 16 and over,563,512,51,4,2,9,36
S01008515,No qualifications,24,21,3,0,0,0,3
S01008515,Level 1,51,49,2,0,0,0,2
S01008515,Level 2,54,52,2,1,0,0,1
S01008515,Level 3,41,37,4,0,0,0,4
S01008515,Level 4 and above,393,353,40,3,2,9,26
S01008516,All people aged 16 and over,827,638,189,61,45,37,46
S01008516,No qualifications,82,72,10,2,0,2,6
S01008516,Level 1,77,63,14,5,3,6,0
S01008516,Level 2,95,84,11,2,1,1,7
S01008516,Level 3,91,69,22,7,7,5,3
S01008516,Level 4 and above,482,350,132,45,34,23,30
S01008517,All people aged 16 and over,789,619,170,69,31,30,40
S01008517,No qualifications,48,45,3,0,0,0,3
S01008517,Level 1,56,47,9,4,2,1,2
S01008517,Level 2,118,100,18,5,4,3,6
S01008517,Level 3,47,43,4,1,2,0,1
S01008517,Level 4 and above,520,384,136,59,23,26,28
S01008518,All people aged 16 and over,733,608,125,31,8,22,64
S01008518,No qualifications,40,35,5,2,0,1,2
S01008518,Level 1,61,40,21,12,3,3,3
S01008518,Level 2,100,90,10,0,0,4,6
S01008518,Level 3,34,29,5,1,1,1,2
S01008518,Level 4 and above,498,414,84,16,4,13,51
S01008519,All people aged 16 and over,625,559,66,8,9,2,47
S01008519,No qualifications,36,35,1,0,0,0,1
S01008519,Level 1,50,44,6,0,1,0,5
S01008519,Level 2,70,66,4,0,0,0,4
S01008519,Level 3,30,25,5,1,1,0,3
S01008519,Level 4 and above,439,389,50,7,7,2,34
S01008520,All people aged 16 and over,868,795,73,3,5,6,59
S01008520,No qualifications,50,45,5,0,0,0,5
S01008520,Level 1,86,78,8,1,0,2,5
S01008520,Level 2,114,105,9,1,0,1,7
S01008520,Level 3,37,32,5,0,0,0,5
S01008520,Level 4 and above,581,535,46,1,5,3,37
S01008521,All people aged 16 and over,706,657,49,1,3,1,44
S01008521,No qualifications,48,44,4,0,0,0,4
S01008521,Level 1,82,80,2,0,0,0,2
S01008521,Level 2,91,84,7,0,0,0,7
S01008521,Level 3,44,37,7,0,2,0,5
S01008521,Level 4 and above,441,412,29,1,1,1,26
S01008522,All people aged 16 and over,434,380,54,2,5,9,38
S01008522,No qualifications,18,15,3,0,0,0,3
S01008522,Level 1,37,33,4,0,1,0,3
S01008522,Level 2,44,42,2,0,2,0,0
S01008522,Level 3,25,24,1,0,0,0,1
S01008522,Level 4 and above,310,266,44,2,2,9,31
S01008523,All people aged 16 and over,756,663,93,20,12,17,44
S01008523,No qualifications,38,35,3,1,1,0,1
S01008523,Level 1,84,75,9,3,1,1,4
S01008523,Level 2,91,80,11,0,0,6,5
S01008523,Level 3,33,33,0,0,0,0,0
S01008523,Level 4 and above,510,440,70,16,10,10,34
S01008524,All people aged 16 and over,714,641,73,15,15,18,25
S01008524,No qualifications,210,198,12,0,2,0,10
S01008524,Level 1,208,199,9,0,0,3,6
S01008524,Level 2,84,81,3,0,1,0,2
S01008524,Level 3,67,55,12,9,1,0,2
S01008524,Level 4 and above,145,108,37,6,11,15,5
S01008525,All people aged 16 and over,602,526,76,9,15,29,23
S01008525,No qualifications,175,168,7,0,1,3,3
S01008525,Level 1,188,174,14,1,3,4,6
S01008525,Level 2,77,67,10,1,2,2,5
S01008525,Level 3,47,36,11,2,1,6,2
S01008525,Level 4 and above,115,81,34,5,8,14,7
S01008526,All people aged 16 and over,737,661,76,7,8,28,33
S01008526,No qualifications,181,169,12,1,3,1,7
S01008526,Level 1,206,187,19,0,3,7,9
S01008526,Level 2,112,110,2,0,0,0,2
S01008526,Level 3,43,38,5,0,1,2,2
S01008526,Level 4 and above,195,157,38,6,1,18,13
S01008527,All people aged 16 and over,595,538,57,9,10,12,26
S01008527,No qualifications,107,98,9,0,1,0,8
S01008527,Level 1,198,185,13,2,3,2,6
S01008527,Level 2,83,81,2,0,0,1,1
S01008527,Level 3,67,61,6,0,1,1,4
S01008527,Level 4 and above,140,113,27,7,5,8,7
S01008528,All people aged 16 and over,540,494,46,4,3,15,24
S01008528,No qualifications,107,96,11,2,0,2,7
S01008528,Level 1,134,132,2,0,1,0,1
S01008528,Level 2,95,91,4,0,0,0,4
S01008528,Level 3,54,50,4,1,0,0,3
S01008528,Level 4 and above,150,125,25,1,2,13,9
S01008529,All people aged 16 and over,623,592,31,3,5,5,18
S01008529,No qualifications,166,161,5,0,1,0,4
S01008529,Level 1,172,168,4,0,3,0,1
S01008529,Level 2,101,97,4,0,0,1,3
S01008529,Level 3,57,56,1,0,0,1,0
S01008529,Level 4 and above,127,110,17,3,1,3,10
S01008530,All people aged 16 and over,570,502,68,10,7,23,28
S01008530,No qualifications,175,162,13,2,2,4,5
S01008530,Level 1,187,175,12,1,2,2,7
S01008530,Level 2,53,48,5,1,0,2,2
S01008530,Level 3,57,46,11,0,2,4,5
S01008530,Level 4 and above,98,71,27,6,1,11,9
S01008531,All people aged 16 and over,619,554,65,10,6,24,25
S01008531,No qualifications,208,199,9,1,2,0,6
S01008531,Level 1,185,178,7,0,0,3,4
S01008531,Level 2,65,58,7,2,1,0,4
S01008531,Level 3,53,46,7,0,0,4,3
S01008531,Level 4 and above,108,73,35,7,3,17,8
S01008532,All people aged 16 and over,369,343,26,3,7,7,9
S01008532,No qualifications,134,128,6,2,0,0,4
S01008532,Level 1,89,88,1,0,0,1,0
S01008532,Level 2,47,46,1,0,1,0,0
S01008532,Level 3,36,29,7,0,3,2,2
S01008532,Level 4 and above,63,52,11,1,3,4,3
S01008533,All people aged 16 and over,372,300,72,8,12,22,30
S01008533,No qualifications,48,47,1,1,0,0,0
S01008533,Level 1,167,130,37,2,2,16,17
S01008533,Level 2,48,44,4,0,0,1,3
S01008533,Level 3,27,24,3,0,2,1,0
S01008533,Level 4 and above,82,55,27,5,8,4,10
S01008534,All people aged 16 and over,576,524,52,11,5,7,29
S01008534,No qualifications,50,43,7,2,0,0,5
S01008534,Level 1,145,137,8,1,0,0,7
S01008534,Level 2,118,113,5,1,0,2,2
S01008534,Level 3,63,55,8,1,3,1,3
S01008534,Level 4 and above,200,176,24,6,2,4,12
S01008535,All people aged 16 and over,597,564,33,0,3,3,27
S01008535,No qualifications,71,67,4,0,0,2,2
S01008535,Level 1,124,116,8,0,2,0,6
S01008535,Level 2,124,121,3,0,1,0,2
S01008535,Level 3,51,50,1,0,0,0,1
S01008535,Level 4 and above,227,210,17,0,0,1,16
S01008536,All people aged 16 and over,484,452,32,0,4,7,21
S01008536,No qualifications,68,65,3,0,0,0,3
S01008536,Level 1,66,63,3,0,1,2,0
S01008536,Level 2,70,68,2,0,0,1,1
S01008536,Level 3,36,33,3,0,0,1,2
S01008536,Level 4 and above,244,223,21,0,3,3,15
S01008537,All people aged 16 and over,570,540,30,1,3,4,22
S01008537,No qualifications,47,43,4,0,1,0,3
S01008537,Level 1,86,83,3,0,0,1,2
S01008537,Level 2,87,85,2,0,0,1,1
S01008537,Level 3,37,34,3,1,0,1,1
S01008537,Level 4 and above,313,295,18,0,2,1,15
S01008538,All people aged 16 and over,467,438,29,3,0,2,24
S01008538,No qualifications,32,31,1,0,0,0,1
S01008538,Level 1,58,55,3,0,0,0,3
S01008538,Level 2,68,67,1,0,0,0,1
S01008538,Level 3,28,26,2,0,0,0,2
S01008538,Level 4 and above,281,259,22,3,0,2,17
S01008539,All people aged 16 and over,691,630,61,5,4,10,42
S01008539,No qualifications,54,43,11,3,0,0,8
S01008539,Level 1,83,75,8,0,0,1,7
S01008539,Level 2,99,95,4,0,0,1,3
S01008539,Level 3,56,54,2,0,0,2,0
S01008539,Level 4 and above,399,363,36,2,4,6,24
S01008540,All people aged 16 and over,728,684,44,2,1,6,35
S01008540,No qualifications,89,86,3,0,0,0,3
S01008540,Level 1,96,90,6,0,0,3,3
S01008540,Level 2,95,93,2,0,0,0,2
S01008540,Level 3,63,61,2,0,0,0,2
S01008540,Level 4 and above,385,354,31,2,1,3,25
S01008541,All people aged 16 and over,676,624,52,1,11,6,34
S01008541,No qualifications,57,55,2,0,0,0,2
S01008541,Level 1,113,106,7,0,1,0,6
S01008541,Level 2,114,106,8,1,3,1,3
S01008541,Level 3,68,65,3,0,0,2,1
S01008541,Level 4 and above,324,292,32,0,7,3,22
S01008542,All people aged 16 and over,721,666,55,4,5,9,37
S01008542,No qualifications,66,55,11,0,2,1,8
S01008542,Level 1,130,121,9,0,1,2,6
S01008542,Level 2,110,102,8,1,1,2,4
S01008542,Level 3,62,59,3,0,0,1,2
S01008542,Level 4 and above,353,329,24,3,1,3,17
S01008543,All people aged 16 and over,563,508,55,2,2,11,40
S01008543,No qualifications,63,53,10,0,0,0,10
S01008543,Level 1,108,99,9,0,0,3,6
S01008543,Level 2,95,94,1,0,0,0,1
S01008543,Level 3,46,40,6,0,0,2,4
S01008543,Level 4 and above,251,222,29,2,2,6,19
S01008544,All people aged 16 and over,479,435,44,4,3,3,34
S01008544,No qualifications,26,22,4,0,0,0,4
S01008544,Level 1,71,67,4,0,0,1,3
S01008544,Level 2,80,79,1,0,0,0,1
S01008544,Level 3,29,26,3,0,0,0,3
S01008544,Level 4 and above,273,241,32,4,3,2,23
S01008545,All people aged 16 and over,689,635,54,3,9,1,41
S01008545,No qualifications,59,51,8,0,0,0,8
S01008545,Level 1,80,70,10,0,1,0,9
S01008545,Level 2,108,102,6,0,2,0,4
S01008545,Level 3,36,32,4,0,1,0,3
S01008545,Level 4 and above,406,380,26,3,5,1,17
S01008546,All people aged 16 and over,701,648,53,2,0,4,47
S01008546,No qualifications,62,52,10,0,0,0,10
S01008546,Level 1,95,89,6,1,0,0,5
S01008546,Level 2,90,87,3,0,0,0,3
S01008546,Level 3,56,51,5,0,0,0,5
S01008546,Level 4 and above,398,369,29,1,0,4,24
S01008547,All people aged 16 and over,817,719,98,4,10,26,58
S01008547,No qualifications,139,112,27,0,3,3,21
S01008547,Level 1,187,168,19,3,4,1,11
S01008547,Level 2,125,120,5,0,0,1,4
S01008547,Level 3,75,73,2,0,0,0,2
S01008547,Level 4 and above,291,246,45,1,3,21,20
S01008548,All people aged 16 and over,653,571,82,5,14,30,33
S01008548,No qualifications,122,110,12,1,1,5,5
S01008548,Level 1,178,165,13,0,2,2,9
S01008548,Level 2,99,94,5,0,2,1,2
S01008548,Level 3,49,44,5,1,0,1,3
S01008548,Level 4 and above,205,158,47,3,9,21,14
S01008549,All people aged 16 and over,801,725,76,9,11,12,44
S01008549,No qualifications,199,174,25,0,4,1,20
S01008549,Level 1,214,204,10,1,1,2,6
S01008549,Level 2,130,125,5,1,1,1,2
S01008549,Level 3,76,70,6,0,0,1,5
S01008549,Level 4 and above,182,152,30,7,5,7,11
S01008550,All people aged 16 and over,660,570,90,7,10,16,57
S01008550,No qualifications,95,77,18,0,0,1,17
S01008550,Level 1,141,127,14,0,3,1,10
S01008550,Level 2,93,90,3,0,0,1,2
S01008550,Level 3,61,48,13,0,2,2,9
S01008550,Level 4 and above,270,228,42,7,5,11,19
S01008551,All people aged 16 and over,873,783,90,15,8,12,55
S01008551,No qualifications,178,164,14,0,0,2,12
S01008551,Level 1,230,207,23,2,1,3,17
S01008551,Level 2,111,104,7,1,1,1,4
S01008551,Level 3,73,69,4,0,1,0,3
S01008551,Level 4 and above,281,239,42,12,5,6,19
S01008552,All people aged 16 and over,745,677,68,7,5,10,46
S01008552,No qualifications,116,105,11,0,1,1,9
S01008552,Level 1,171,159,12,1,0,3,8
S01008552,Level 2,121,113,8,0,0,1,7
S01008552,Level 3,65,60,5,0,0,1,4
S01008552,Level 4 and above,272,240,32,6,4,4,18
S01008553,All people aged 16 and over,460,410,50,7,11,13,19
S01008553,No qualifications,130,124,6,0,0,1,5
S01008553,Level 1,122,109,13,1,5,2,5
S01008553,Level 2,59,55,4,1,0,1,2
S01008553,Level 3,40,34,6,1,1,4,0
S01008553,Level 4 and above,109,88,21,4,5,5,7
S01008554,All people aged 16 and over,765,658,107,7,20,39,41
S01008554,No qualifications,290,273,17,2,1,2,12
S01008554,Level 1,230,199,31,1,4,12,14
S01008554,Level 2,74,66,8,0,2,2,4
S01008554,Level 3,55,45,10,0,3,4,3
S01008554,Level 4 and above,116,75,41,4,10,19,8
S01008555,All people aged 16 and over,796,698,98,13,23,40,22
S01008555,No qualifications,276,266,10,0,2,3,5
S01008555,Level 1,234,219,15,4,1,5,5
S01008555,Level 2,89,84,5,0,1,2,2
S01008555,Level 3,50,41,9,1,3,3,2
S01008555,Level 4 and above,147,88,59,8,16,27,8
S01008556,All people aged 16 and over,590,514,76,6,20,21,29
S01008556,No qualifications,196,181,15,3,0,1,11
S01008556,Level 1,191,174,17,0,3,6,8
S01008556,Level 2,72,68,4,0,1,2,1
S01008556,Level 3,48,39,9,1,4,1,3
S01008556,Level 4 and above,83,52,31,2,12,11,6
S01008557,All people aged 16 and over,682,568,114,5,29,43,37
S01008557,No qualifications,270,242,28,0,5,4,19
S01008557,Level 1,217,190,27,0,9,13,5
S01008557,Level 2,44,40,4,0,0,2,2
S01008557,Level 3,41,33,8,1,3,3,1
S01008557,Level 4 and above,110,63,47,4,12,21,10
S01008558,All people aged 16 and over,712,627,85,24,9,20,32
S01008558,No qualifications,226,208,18,1,0,3,14
S01008558,Level 1,214,208,6,1,0,3,2
S01008558,Level 2,85,73,12,6,2,1,3
S01008558,Level 3,47,38,9,3,2,2,2
S01008558,Level 4 and above,140,100,40,13,5,11,11
S01008559,All people aged 16 and over,554,508,46,3,3,17,23
S01008559,No qualifications,227,211,16,0,1,4,11
S01008559,Level 1,170,167,3,0,0,1,2
S01008559,Level 2,65,64,1,0,0,0,1
S01008559,Level 3,30,25,5,0,0,1,4
S01008559,Level 4 and above,62,41,21,3,2,11,5
S01008560,All people aged 16 and over,550,477,73,13,8,33,19
S01008560,No qualifications,208,193,15,3,0,2,10
S01008560,Level 1,161,153,8,3,0,2,3
S01008560,Level 2,58,50,8,2,0,4,2
S01008560,Level 3,38,29,9,0,3,3,3
S01008560,Level 4 and above,85,52,33,5,5,22,1
S01008561,All people aged 16 and over,528,474,54,9,7,23,15
S01008561,No qualifications,175,170,5,0,0,2,3
S01008561,Level 1,157,148,9,0,3,2,4
S01008561,Level 2,65,61,4,0,1,1,2
S01008561,Level 3,33,31,2,0,0,1,1
S01008561,Level 4 and above,98,64,34,9,3,17,5
S01008562,All people aged 16 and over,489,443,46,3,7,18,18
S01008562,No qualifications,188,182,6,0,0,0,6
S01008562,Level 1,146,132,14,3,4,5,2
S01008562,Level 2,50,47,3,0,0,2,1
S01008562,Level 3,32,29,3,0,0,1,2
S01008562,Level 4 and above,73,53,20,0,3,10,7
S01008563,All people aged 16 and over,652,572,80,8,16,29,27
S01008563,No qualifications,223,204,19,1,2,5,11
S01008563,Level 1,184,175,9,0,2,3,4
S01008563,Level 2,66,59,7,0,1,4,2
S01008563,Level 3,41,35,6,1,2,1,2
S01008563,Level 4 and above,138,99,39,6,9,16,8
S01008564,All people aged 16 and over,527,490,37,0,8,14,15
S01008564,No qualifications,184,176,8,0,0,1,7
S01008564,Level 1,153,147,6,0,1,3,2
S01008564,Level 2,56,51,5,0,1,2,2
S01008564,Level 3,41,39,2,0,0,2,0
S01008564,Level 4 and above,93,77,16,0,6,6,4
S01008565,All people aged 16 and over,721,621,100,9,16,36,39
S01008565,No qualifications,256,234,22,1,1,1,19
S01008565,Level 1,202,189,13,0,3,5,5
S01008565,Level 2,90,83,7,0,2,3,2
S01008565,Level 3,49,41,8,0,2,4,2
S01008565,Level 4 and above,124,74,50,8,8,23,11
S01008566,All people aged 16 and over,817,743,74,7,19,16,32
S01008566,No qualifications,298,285,13,0,0,1,12
S01008566,Level 1,269,252,17,2,5,1,9
S01008566,Level 2,89,82,7,0,4,2,1
S01008566,Level 3,49,44,5,1,1,1,2
S01008566,Level 4 and above,112,80,32,4,9,11,8
S01008567,All people aged 16 and over,574,508,66,12,11,28,15
S01008567,No qualifications,176,169,7,1,1,1,4
S01008567,Level 1,171,162,9,2,2,2,3
S01008567,Level 2,57,50,7,0,1,4,2
S01008567,Level 3,42,40,2,0,0,2,0
S01008567,Level 4 and above,128,87,41,9,7,19,6
S01008568,All people aged 16 and over,627,516,111,14,16,39,42
S01008568,No qualifications,134,124,10,0,0,3,7
S01008568,Level 1,169,149,20,3,2,7,8
S01008568,Level 2,102,89,13,3,2,3,5
S01008568,Level 3,50,41,9,0,3,4,2
S01008568,Level 4 and above,172,113,59,8,9,22,20
S01008569,All people aged 16 and over,517,422,95,18,16,37,24
S01008569,No qualifications,186,169,17,2,4,5,6
S01008569,Level 1,169,151,18,6,0,10,2
S01008569,Level 2,41,39,2,0,2,0,0
S01008569,Level 3,24,20,4,0,1,2,1
S01008569,Level 4 and above,97,43,54,10,9,20,15
S01008570,All people aged 16 and over,719,612,107,22,28,39,18
S01008570,No qualifications,266,236,30,10,6,9,5
S01008570,Level 1,223,210,13,3,4,5,1
S01008570,Level 2,63,58,5,0,2,3,0
S01008570,Level 3,54,39,15,3,3,6,3
S01008570,Level 4 and above,113,69,44,6,13,16,9
S01008571,All people aged 16 and over,564,512,52,4,8,14,26
S01008571,No qualifications,179,174,5,0,0,0,5
S01008571,Level 1,172,160,12,0,4,4,4
S01008571,Level 2,71,67,4,1,0,1,2
S01008571,Level 3,47,40,7,0,0,1,6
S01008571,Level 4 and above,95,71,24,3,4,8,9
S01008572,All people aged 16 and over,735,623,112,13,25,34,40
S01008572,No qualifications,245,225,20,0,2,5,13
S01008572,Level 1,199,177,22,2,4,7,9
S01008572,Level 2,78,68,10,0,2,3,5
S01008572,Level 3,41,32,9,1,3,3,2
S01008572,Level 4 and above,172,121,51,10,14,16,11
S01008573,All people aged 16 and over,700,581,119,8,13,15,83
S01008573,No qualifications,157,130,27,0,0,3,24
S01008573,Level 1,160,144,16,1,1,2,12
S01008573,Level 2,88,83,5,0,0,0,5
S01008573,Level 3,63,49,14,1,6,3,4
S01008573,Level 4 and above,232,175,57,6,6,7,38
S01008574,All people aged 16 and over,624,539,85,10,10,10,55
S01008574,No qualifications,92,76,16,0,0,0,16
S01008574,Level 1,154,143,11,0,2,0,9
S01008574,Level 2,108,102,6,0,2,2,2
S01008574,Level 3,59,53,6,1,1,0,4
S01008574,Level 4 and above,211,165,46,9,5,8,24
S01008575,All people aged 16 and over,644,549,95,9,8,14,64
S01008575,No qualifications,87,62,25,0,0,0,25
S01008575,Level 1,119,107,12,1,2,1,8
S01008575,Level 2,115,111,4,0,1,1,2
S01008575,Level 3,49,43,6,0,0,1,5
S01008575,Level 4 and above,274,226,48,8,5,11,24
S01008576,All people aged 16 and over,725,641,84,19,9,16,40
S01008576,No qualifications,127,120,7,1,0,0,6
S01008576,Level 1,177,172,5,0,2,2,1
S01008576,Level 2,104,100,4,1,0,1,2
S01008576,Level 3,57,50,7,0,1,2,4
S01008576,Level 4 and above,260,199,61,17,6,11,27
S01008577,All people aged 16 and over,787,736,51,7,2,7,35
S01008577,No qualifications,184,172,12,0,0,1,11
S01008577,Level 1,148,144,4,0,0,1,3
S01008577,Level 2,97,91,6,0,0,1,5
S01008577,Level 3,55,52,3,2,0,0,1
S01008577,Level 4 and above,303,277,26,5,2,4,15
S01008578,All people aged 16 and over,659,595,64,4,10,12,38
S01008578,No qualifications,86,83,3,0,1,0,2
S01008578,Level 1,75,69,6,1,0,2,3
S01008578,Level 2,68,62,6,0,0,0,6
S01008578,Level 3,40,37,3,0,0,1,2
S01008578,Level 4 and above,390,344,46,3,9,9,25
S01008579,All people aged 16 and over,677,612,65,3,7,7,48
S01008579,No qualifications,139,127,12,1,0,0,11
S01008579,Level 1,103,100,3,0,0,1,2
S01008579,Level 2,78,77,1,0,0,0,1
S01008579,Level 3,42,40,2,0,0,1,1
S01008579,Level 4 and above,315,268,47,2,7,5,33
S01008580,All people aged 16 and over,466,381,85,15,18,23,29
S01008580,No qualifications,88,72,16,1,2,1,12
S01008580,Level 1,112,101,11,2,3,3,3
S01008580,Level 2,70,64,6,1,0,1,4
S01008580,Level 3,35,32,3,0,0,0,3
S01008580,Level 4 and above,161,112,49,11,13,18,7
S01008581,All people aged 16 and over,771,661,110,22,22,42,24
S01008581,No qualifications,269,260,9,0,1,1,7
S01008581,Level 1,203,188,15,1,5,4,5
S01008581,Level 2,90,74,16,6,2,3,5
S01008581,Level 3,57,51,6,0,1,4,1
S01008581,Level 4 and above,152,88,64,15,13,30,6
S01008582,All people aged 16 and over,837,724,113,15,22,22,54
S01008582,No qualifications,268,255,13,2,2,1,8
S01008582,Level 1,202,181,21,0,5,4,12
S01008582,Level 2,99,95,4,0,0,0,4
S01008582,Level 3,55,53,2,0,0,1,1
S01008582,Level 4 and above,213,140,73,13,15,16,29
S01008583,All people aged 16 and over,595,463,132,32,41,23,36
S01008583,No qualifications,168,151,17,3,3,2,9
S01008583,Level 1,131,116,15,3,7,1,4
S01008583,Level 2,69,62,7,0,2,1,4
S01008583,Level 3,42,36,6,3,1,0,2
S01008583,Level 4 and above,185,98,87,23,28,19,17
S01008584,All people aged 16 and over,685,565,120,24,35,28,33
S01008584,No qualifications,163,148,15,2,1,1,11
S01008584,Level 1,172,163,9,0,0,3,6
S01008584,Level 2,82,80,2,1,1,0,0
S01008584,Level 3,44,38,6,1,2,2,1
S01008584,Level 4 and above,224,136,88,20,31,22,15
S01008585,All people aged 16 and over,469,372,97,20,12,40,25
S01008585,No qualifications,131,115,16,0,1,1,14
S01008585,Level 1,119,103,16,5,3,5,3
S01008585,Level 2,52,47,5,0,0,4,1
S01008585,Level 3,36,27,9,0,1,6,2
S01008585,Level 4 and above,131,80,51,15,7,24,5
S01008586,All people aged 16 and over,665,587,78,12,7,22,37
S01008586,No qualifications,249,234,15,0,0,0,15
S01008586,Level 1,174,160,14,4,1,5,4
S01008586,Level 2,70,64,6,0,1,1,4
S01008586,Level 3,39,34,5,2,1,1,1
S01008586,Level 4 and above,133,95,38,6,4,15,13
S01008587,All people aged 16 and over,802,548,254,124,22,21,87
S01008587,No qualifications,86,65,21,0,1,2,18
S01008587,Level 1,100,64,36,25,0,1,10
S01008587,Level 2,104,84,20,6,0,4,10
S01008587,Level 3,36,29,7,4,0,0,3
S01008587,Level 4 and above,476,306,170,89,21,14,46
S01008588,All people aged 16 and over,621,547,74,20,14,7,33
S01008588,No qualifications,43,41,2,0,1,0,1
S01008588,Level 1,73,63,10,6,1,0,3
S01008588,Level 2,87,78,9,1,3,0,5
S01008588,Level 3,49,47,2,2,0,0,0
S01008588,Level 4 and above,369,318,51,11,9,7,24
S01008589,All people aged 16 and over,313,278,35,3,5,4,23
S01008589,No qualifications,67,62,5,0,0,0,5
S01008589,Level 1,48,43,5,1,1,1,2
S01008589,Level 2,30,28,2,0,0,0,2
S01008589,Level 3,24,23,1,0,1,0,0
S01008589,Level 4 and above,144,122,22,2,3,3,14
S01008590,All people aged 16 and over,646,528,118,45,18,16,39
S01008590,No qualifications,86,72,14,1,1,0,12
S01008590,Level 1,89,81,8,0,0,1,7
S01008590,Level 2,73,66,7,5,1,0,1
S01008590,Level 3,33,29,4,1,1,0,2
S01008590,Level 4 and above,365,280,85,38,15,15,17
S01008591,All people aged 16 and over,677,543,134,35,27,22,50
S01008591,No qualifications,77,60,17,4,0,3,10
S01008591,Level 1,80,72,8,0,4,1,3
S01008591,Level 2,98,90,8,2,2,0,4
S01008591,Level 3,44,37,7,3,1,0,3
S01008591,Level 4 and above,378,284,94,26,20,18,30
S01008592,All people aged 16 and over,612,472,140,45,37,24,34
S01008592,No qualifications,98,93,5,0,0,0,5
S01008592,Level 1,111,97,14,5,2,3,4
S01008592,Level 2,101,82,19,8,1,2,8
S01008592,Level 3,42,36,6,3,0,2,1
S01008592,Level 4 and above,260,164,96,29,34,17,16
S01008593,All people aged 16 and over,622,540,82,6,9,9,58
S01008593,No qualifications,45,35,10,0,3,0,7
S01008593,Level 1,57,48,9,2,0,0,7
S01008593,Level 2,62,57,5,1,3,1,0
S01008593,Level 3,31,26,5,0,0,1,4
S01008593,Level 4 and above,427,374,53,3,3,7,40
S01008594,All people aged 16 and over,881,694,187,78,16,16,77
S01008594,No qualifications,57,51,6,0,1,0,5
S01008594,Level 1,104,65,39,27,3,1,8
S01008594,Level 2,119,103,16,6,3,1,6
S01008594,Level 3,48,38,10,4,1,1,4
S01008594,Level 4 and above,553,437,116,41,8,13,54
S01008595,All people aged 16 and over,818,679,139,30,35,25,49
S01008595,No qualifications,314,292,22,4,0,0,18
S01008595,Level 1,144,131,13,2,5,3,3
S01008595,Level 2,78,75,3,0,1,1,1
S01008595,Level 3,61,52,9,0,3,2,4
S01008595,Level 4 and above,221,129,92,24,26,19,23
S01008596,All people aged 16 and over,746,602,144,52,34,24,34
S01008596,No qualifications,217,209,8,4,1,0,3
S01008596,Level 1,144,122,22,7,4,3,8
S01008596,Level 2,116,92,24,9,7,6,2
S01008596,Level 3,30,22,8,2,1,3,2
S01008596,Level 4 and above,239,157,82,30,21,12,19
S01008597,All people aged 16 and over,740,677,63,9,13,4,37
S01008597,No qualifications,144,138,6,0,0,0,6
S01008597,Level 1,142,134,8,1,1,0,6
S01008597,Level 2,93,91,2,0,1,0,1
S01008597,Level 3,52,51,1,0,0,0,1
S01008597,Level 4 and above,309,263,46,8,11,4,23
S01008598,All people aged 16 and over,746,558,188,80,42,22,44
S01008598,No qualifications,83,68,15,6,0,2,7
S01008598,Level 1,94,63,31,15,8,3,5
S01008598,Level 2,210,183,27,6,10,4,7
S01008598,Level 3,52,34,18,8,3,1,6
S01008598,Level 4 and above,307,210,97,45,21,12,19
S01008599,All people aged 16 and over,806,588,218,67,35,28,88
S01008599,No qualifications,41,32,9,1,0,0,8
S01008599,Level 1,70,41,29,13,8,3,5
S01008599,Level 2,161,130,31,15,6,1,9
S01008599,Level 3,42,34,8,3,0,1,4
S01008599,Level 4 and above,492,351,141,35,21,23,62
S01008600,All people aged 16 and over,665,481,184,64,41,23,56
S01008600,No qualifications,63,53,10,5,2,0,3
S01008600,Level 1,48,29,19,6,4,4,5
S01008600,Level 2,101,86,15,1,5,5,4
S01008600,Level 3,31,26,5,1,2,1,1
S01008600,Level 4 and above,422,287,135,51,28,13,43
S01008601,All people aged 16 and over,2471,1613,858,640,89,57,72
S01008601,No qualifications,57,45,12,2,0,3,7
S01008601,Level 1,327,79,248,220,19,2,7
S01008601,Level 2,1500,1212,288,196,36,15,41
S01008601,Level 3,108,48,60,47,5,4,4
S01008601,Level 4 and above,479,229,250,175,29,33,13
S01008602,All people aged 16 and over,608,434,174,83,40,18,33
S01008602,No qualifications,24,19,5,1,1,0,3
S01008602,Level 1,74,41,33,22,4,2,5
S01008602,Level 2,178,157,21,10,4,1,6
S01008602,Level 3,32,25,7,5,0,2,0
S01008602,Level 4 and above,300,192,108,45,31,13,19
S01008603,All people aged 16 and over,1069,773,296,84,101,54,57
S01008603,No qualifications,70,68,2,1,0,0,1
S01008603,Level 1,98,58,40,15,19,2,4
S01008603,Level 2,345,291,54,6,19,8,21
S01008603,Level 3,53,39,14,4,9,1,0
S01008603,Level 4 and above,503,317,186,58,54,43,31
S01008604,All people aged 16 and over,830,588,242,110,41,30,61
S01008604,No qualifications,48,37,11,1,2,0,8
S01008604,Level 1,69,51,18,7,7,1,3
S01008604,Level 2,151,129,22,8,5,3,6
S01008604,Level 3,44,34,10,6,1,2,1
S01008604,Level 4 and above,518,337,181,88,26,24,43
S01008605,All people aged 16 and over,629,478,151,49,34,27,41
S01008605,No qualifications,23,19,4,0,0,0,4
S01008605,Level 1,43,32,11,3,6,1,1
S01008605,Level 2,138,123,15,2,7,3,3
S01008605,Level 3,41,30,11,4,2,4,1
S01008605,Level 4 and above,384,274,110,40,19,19,32
S01008606,All people aged 16 and over,607,494,113,33,17,9,54
S01008606,No qualifications,26,22,4,0,0,0,4
S01008606,Level 1,50,39,11,0,5,0,6
S01008606,Level 2,84,77,7,3,1,1,2
S01008606,Level 3,32,25,7,4,2,1,0
S01008606,Level 4 and above,415,331,84,26,9,7,42
S01008607,All people aged 16 and over,513,447,66,9,2,6,49
S01008607,No qualifications,45,40,5,0,0,0,5
S01008607,Level 1,36,30,6,3,1,1,1
S01008607,Level 2,45,39,6,2,0,1,3
S01008607,Level 3,10,10,0,0,0,0,0
S01008607,Level 4 and above,377,328,49,4,1,4,40
S01008608,All people aged 16 and over,637,553,84,11,13,10,50
S01008608,No qualifications,59,54,5,0,0,1,4
S01008608,Level 1,60,51,9,4,2,0,3
S01008608,Level 2,71,66,5,0,1,0,4
S01008608,Level 3,27,27,0,0,0,0,0
S01008608,Level 4 and above,420,355,65,7,10,9,39
S01008609,All people aged 16 and over,800,704,96,25,4,11,56
S01008609,No qualifications,90,87,3,0,0,1,2
S01008609,Level 1,92,83,9,4,1,0,4
S01008609,Level 2,102,88,14,2,0,0,12
S01008609,Level 3,33,28,5,1,1,1,2
S01008609,Level 4 and above,483,418,65,18,2,9,36
S01008610,All people aged 16 and over,734,629,105,16,19,12,58
S01008610,No qualifications,71,63,8,0,0,0,8
S01008610,Level 1,60,50,10,2,4,0,4
S01008610,Level 2,117,108,9,2,1,2,4
S01008610,Level 3,38,33,5,1,1,1,2
S01008610,Level 4 and above,448,375,73,11,13,9,40
S01008611,All people aged 16 and over,1329,856,473,268,78,49,78
S01008611,No qualifications,54,36,18,1,0,2,15
S01008611,Level 1,134,44,90,71,12,0,7
S01008611,Level 2,398,328,70,28,13,11,18
S01008611,Level 3,70,35,35,26,2,4,3
S01008611,Level 4 and above,673,413,260,142,51,32,35
S01008612,All people aged 16 and over,725,528,197,72,42,35,48
S01008612,No qualifications,27,22,5,1,1,1,2
S01008612,Level 1,45,30,15,7,5,0,3
S01008612,Level 2,224,195,29,5,5,9,10
S01008612,Level 3,43,30,13,5,3,3,2
S01008612,Level 4 and above,386,251,135,54,28,22,31
S01008613,All people aged 16 and over,693,515,178,50,40,27,61
S01008613,No qualifications,52,47,5,0,0,0,5
S01008613,Level 1,46,28,18,8,5,0,5
S01008613,Level 2,156,119,37,11,7,10,9
S01008613,Level 3,31,23,8,1,2,4,1
S01008613,Level 4 and above,408,298,110,30,26,13,41
S01008614,All people aged 16 and over,643,490,153,46,43,22,42
S01008614,No qualifications,27,24,3,0,0,0,3
S01008614,Level 1,35,25,10,3,4,2,1
S01008614,Level 2,226,196,30,10,8,1,11
S01008614,Level 3,19,16,3,1,0,1,1
S01008614,Level 4 and above,336,229,107,32,31,18,26
S01008615,All people aged 16 and over,782,589,193,49,51,28,65
S01008615,No qualifications,39,29,10,0,0,0,10
S01008615,Level 1,67,34,33,12,11,3,7
S01008615,Level 2,259,230,29,4,9,3,13
S01008615,Level 3,45,34,11,1,3,4,3
S01008615,Level 4 and above,372,262,110,32,28,18,32
S01008616,All people aged 16 and over,676,519,157,56,37,14,50
S01008616,No qualifications,7,3,4,0,0,1,3
S01008616,Level 1,35,15,20,8,10,0,2
S01008616,Level 2,297,262,35,11,9,3,12
S01008616,Level 3,29,21,8,2,1,1,4
S01008616,Level 4 and above,308,218,90,35,17,9,29
S01008617,All people aged 16 and over,754,607,147,36,43,18,50
S01008617,No qualifications,18,14,4,0,1,0,3
S01008617,Level 1,51,29,22,6,12,0,4
S01008617,Level 2,337,309,28,8,9,2,9
S01008617,Level 3,40,31,9,3,3,0,3
S01008617,Level 4 and above,308,224,84,19,18,16,31
S01008618,All people aged 16 and over,681,522,159,44,34,28,53
S01008618,No qualifications,13,10,3,1,0,0,2
S01008618,Level 1,38,18,20,8,6,1,5
S01008618,Level 2,310,276,34,9,9,1,15
S01008618,Level 3,33,26,7,5,0,1,1
S01008618,Level 4 and above,287,192,95,21,19,25,30
S01008619,All people aged 16 and over,493,367,126,38,30,15,43
S01008619,No qualifications,17,10,7,0,0,0,7
S01008619,Level 1,29,16,13,5,2,1,5
S01008619,Level 2,166,148,18,5,8,1,4
S01008619,Level 3,24,17,7,3,2,0,2
S01008619,Level 4 and above,257,176,81,25,18,13,25
S01008620,All people aged 16 and over,766,549,217,80,58,22,57
S01008620,No qualifications,12,9,3,0,0,1,2
S01008620,Level 1,45,21,24,15,6,1,2
S01008620,Level 2,300,251,49,14,14,4,17
S01008620,Level 3,33,21,12,2,5,3,2
S01008620,Level 4 and above,376,247,129,49,33,13,34
S01008621,All people aged 16 and over,710,551,159,50,41,21,47
S01008621,No qualifications,8,2,6,2,0,0,4
S01008621,Level 1,47,27,20,10,8,0,2
S01008621,Level 2,292,269,23,4,8,2,9
S01008621,Level 3,27,24,3,1,0,1,1
S01008621,Level 4 and above,336,229,107,33,25,18,31
S01008622,All people aged 16 and over,468,349,119,26,27,21,45
S01008622,No qualifications,11,3,8,0,0,0,8
S01008622,Level 1,23,14,9,3,1,1,4
S01008622,Level 2,134,122,12,10,0,0,2
S01008622,Level 3,23,20,3,1,1,0,1
S01008622,Level 4 and above,277,190,87,12,25,20,30
S01008623,All people aged 16 and over,858,608,250,132,23,21,74
S01008623,No qualifications,40,26,14,1,0,0,13
S01008623,Level 1,62,32,30,14,7,3,6
S01008623,Level 2,230,209,21,5,4,1,11
S01008623,Level 3,27,22,5,3,0,0,2
S01008623,Level 4 and above,499,319,180,109,12,17,42
S01008624,All people aged 16 and over,670,590,80,9,9,9,53
S01008624,No qualifications,100,99,1,1,0,0,0
S01008624,Level 1,64,57,7,1,1,2,3
S01008624,Level 2,64,62,2,0,0,0,2
S01008624,Level 3,28,26,2,1,0,0,1
S01008624,Level 4 and above,414,346,68,6,8,7,47
S01008625,All people aged 16 and over,464,412,52,3,3,4,42
S01008625,No qualifications,25,23,2,0,0,0,2
S01008625,Level 1,32,29,3,0,0,0,3
S01008625,Level 2,54,50,4,1,1,0,2
S01008625,Level 3,14,11,3,0,0,0,3
S01008625,Level 4 and above,339,299,40,2,2,4,32
S01008626,All people aged 16 and over,744,616,128,26,13,20,69
S01008626,No qualifications,33,30,3,0,1,0,2
S01008626,Level 1,52,44,8,1,2,2,3
S01008626,Level 2,91,83,8,1,1,0,6
S01008626,Level 3,38,28,10,5,0,1,4
S01008626,Level 4 and above,530,431,99,19,9,17,54
S01008627,All people aged 16 and over,581,485,96,10,14,8,64
S01008627,No qualifications,42,35,7,1,0,0,6
S01008627,Level 1,55,45,10,0,3,1,6
S01008627,Level 2,60,46,14,2,3,2,7
S01008627,Level 3,24,22,2,0,0,0,2
S01008627,Level 4 and above,400,337,63,7,8,5,43
S01008628,All people aged 16 and over,551,435,116,38,21,22,35
S01008628,No qualifications,53,49,4,0,1,0,3
S01008628,Level 1,37,31,6,3,2,0,1
S01008628,Level 2,65,51,14,1,2,3,8
S01008628,Level 3,28,21,7,4,2,1,0
S01008628,Level 4 and above,368,283,85,30,14,18,23
S01008629,All people aged 16 and over,492,389,103,23,14,13,53
S01008629,No qualifications,38,36,2,0,1,0,1
S01008629,Level 1,57,44,13,5,1,0,7
S01008629,Level 2,68,51,17,4,5,2,6
S01008629,Level 3,28,19,9,0,2,3,4
S01008629,Level 4 and above,301,239,62,14,5,8,35
S01008630,All people aged 16 and over,503,390,113,60,19,15,19
S01008630,No qualifications,20,19,1,0,0,0,1
S01008630,Level 1,47,37,10,5,4,0,1
S01008630,Level 2,90,75,15,11,3,0,1
S01008630,Level 3,43,35,8,2,2,1,3
S01008630,Level 4 and above,303,224,79,42,10,14,13
S01008631,All people aged 16 and over,712,546,166,51,32,24,59
S01008631,No qualifications,44,39,5,0,0,1,4
S01008631,Level 1,51,38,13,8,2,2,1
S01008631,Level 2,97,77,20,8,2,1,9
S01008631,Level 3,52,36,16,3,3,5,5
S01008631,Level 4 and above,468,356,112,32,25,15,40
S01008632,All people aged 16 and over,865,731,134,27,28,30,49
S01008632,No qualifications,185,177,8,0,0,2,6
S01008632,Level 1,90,79,11,6,4,0,1
S01008632,Level 2,91,83,8,0,3,1,4
S01008632,Level 3,64,56,8,1,1,2,4
S01008632,Level 4 and above,435,336,99,20,20,25,34
S01008633,All people aged 16 and over,785,670,115,25,9,14,67
S01008633,No qualifications,87,78,9,0,0,1,8
S01008633,Level 1,55,48,7,0,0,2,5
S01008633,Level 2,101,84,17,4,2,1,10
S01008633,Level 3,34,32,2,2,0,0,0
S01008633,Level 4 and above,508,428,80,19,7,10,44
S01008634,All people aged 16 and over,612,470,142,41,18,20,63
S01008634,No qualifications,29,18,11,1,1,0,9
S01008634,Level 1,47,29,18,3,2,3,10
S01008634,Level 2,104,89,15,4,3,4,4
S01008634,Level 3,43,33,10,3,2,0,5
S01008634,Level 4 and above,389,301,88,30,10,13,35
S01008635,All people aged 16 and over,746,565,181,46,34,29,72
S01008635,No qualifications,39,28,11,1,1,1,8
S01008635,Level 1,59,45,14,6,1,3,4
S01008635,Level 2,119,101,18,7,3,3,5
S01008635,Level 3,45,36,9,5,3,0,1
S01008635,Level 4 and above,484,355,129,27,26,22,54
S01008636,All people aged 16 and over,749,585,164,49,37,27,51
S01008636,No qualifications,38,32,6,0,4,0,2
S01008636,Level 1,59,49,10,4,1,1,4
S01008636,Level 2,129,114,15,4,4,1,6
S01008636,Level 3,47,36,11,5,1,3,2
S01008636,Level 4 and above,476,354,122,36,27,22,37
S01008637,All people aged 16 and over,608,500,108,25,19,16,48
S01008637,No qualifications,47,42,5,1,1,0,3
S01008637,Level 1,37,31,6,3,1,0,2
S01008637,Level 2,78,70,8,2,2,1,3
S01008637,Level 3,45,37,8,4,1,1,2
S01008637,Level 4 and above,401,320,81,15,14,14,38
S01008638,All people aged 16 and over,775,574,201,63,43,29,66
S01008638,No qualifications,132,103,29,0,1,1,27
S01008638,Level 1,61,51,10,3,3,0,4
S01008638,Level 2,170,146,24,4,6,5,9
S01008638,Level 3,42,31,11,7,1,1,2
S01008638,Level 4 and above,370,243,127,49,32,22,24
S01008639,All people aged 16 and over,795,584,211,67,40,38,66
S01008639,No qualifications,46,29,17,3,4,2,8
S01008639,Level 1,55,42,13,2,3,5,3
S01008639,Level 2,112,96,16,11,0,2,3
S01008639,Level 3,45,32,13,6,4,0,3
S01008639,Level 4 and above,537,385,152,45,29,29,49
S01008640,All people aged 16 and over,699,537,162,54,43,24,41
S01008640,No qualifications,22,20,2,0,0,0,2
S01008640,Level 1,44,28,16,5,7,1,3
S01008640,Level 2,154,137,17,3,3,1,10
S01008640,Level 3,40,35,5,0,3,1,1
S01008640,Level 4 and above,439,317,122,46,30,21,25
S01008641,All people aged 16 and over,784,605,179,66,39,24,50
S01008641,No qualifications,16,12,4,0,0,1,3
S01008641,Level 1,45,32,13,8,4,1,0
S01008641,Level 2,236,217,19,4,5,1,9
S01008641,Level 3,55,44,11,5,3,1,2
S01008641,Level 4 and above,432,300,132,49,27,20,36
S01008642,All people aged 16 and over,830,647,183,57,38,25,63
S01008642,No qualifications,23,18,5,1,0,0,4
S01008642,Level 1,58,42,16,3,10,0,3
S01008642,Level 2,169,148,21,11,6,1,3
S01008642,Level 3,52,44,8,1,2,0,5
S01008642,Level 4 and above,528,395,133,41,20,24,48
S01008643,All people aged 16 and over,608,479,129,26,23,21,59
S01008643,No qualifications,25,17,8,0,1,2,5
S01008643,Level 1,37,27,10,2,0,1,7
S01008643,Level 2,106,93,13,1,1,2,9
S01008643,Level 3,43,33,10,4,0,2,4
S01008643,Level 4 and above,397,309,88,19,21,14,34
S01008644,All people aged 16 and over,706,497,209,59,36,28,86
S01008644,No qualifications,76,33,43,1,0,1,41
S01008644,Level 1,60,38,22,8,6,2,6
S01008644,Level 2,154,136,18,11,1,1,5
S01008644,Level 3,47,36,11,3,3,2,3
S01008644,Level 4 and above,369,254,115,36,26,22,31
S01008645,All people aged 16 and over,730,522,208,77,40,35,56
S01008645,No qualifications,56,45,11,1,4,1,5
S01008645,Level 1,71,50,21,5,6,1,9
S01008645,Level 2,152,127,25,13,7,1,4
S01008645,Level 3,53,36,17,1,3,4,9
S01008645,Level 4 and above,398,264,134,57,20,28,29
S01008646,All people aged 16 and over,739,551,188,61,46,34,47
S01008646,No qualifications,61,51,10,1,1,3,5
S01008646,Level 1,79,62,17,4,6,4,3
S01008646,Level 2,114,95,19,6,4,6,3
S01008646,Level 3,79,54,25,16,2,4,3
S01008646,Level 4 and above,406,289,117,34,33,17,33
S01008647,All people aged 16 and over,548,395,153,62,34,35,22
S01008647,No qualifications,32,28,4,0,0,1,3
S01008647,Level 1,38,26,12,5,4,2,1
S01008647,Level 2,85,74,11,8,1,1,1
S01008647,Level 3,36,29,7,3,2,2,0
S01008647,Level 4 and above,357,238,119,46,27,29,17
S01008648,All people aged 16 and over,572,419,153,42,46,44,21
S01008648,No qualifications,65,52,13,1,3,4,5
S01008648,Level 1,50,35,15,4,5,5,1
S01008648,Level 2,98,86,12,3,4,1,4
S01008648,Level 3,41,28,13,5,4,2,2
S01008648,Level 4 and above,318,218,100,29,30,32,9
S01008649,All people aged 16 and over,869,633,236,104,56,31,45
S01008649,No qualifications,125,113,12,4,2,0,6
S01008649,Level 1,96,69,27,18,1,5,3
S01008649,Level 2,96,80,16,8,1,2,5
S01008649,Level 3,66,50,16,5,7,0,4
S01008649,Level 4 and above,486,321,165,69,45,24,27
S01008650,All people aged 16 and over,703,486,217,81,41,54,41
S01008650,No qualifications,52,44,8,3,2,1,2
S01008650,Level 1,76,56,20,9,1,2,8
S01008650,Level 2,99,78,21,4,8,3,6
S01008650,Level 3,59,42,17,4,2,6,5
S01008650,Level 4 and above,417,266,151,61,28,42,20
S01008651,All people aged 16 and over,946,662,284,145,48,47,44
S01008651,No qualifications,80,68,12,0,0,5,7
S01008651,Level 1,106,65,41,19,9,8,5
S01008651,Level 2,249,210,39,19,1,6,13
S01008651,Level 3,55,42,13,4,5,0,4
S01008651,Level 4 and above,456,277,179,103,33,28,15
S01008652,All people aged 16 and over,548,407,141,49,29,28,35
S01008652,No qualifications,77,66,11,1,3,1,6
S01008652,Level 1,80,64,16,3,4,7,2
S01008652,Level 2,88,76,12,4,4,2,2
S01008652,Level 3,56,47,9,3,1,2,3
S01008652,Level 4 and above,247,154,93,38,17,16,22
S01008653,All people aged 16 and over,640,452,188,79,39,44,26
S01008653,No qualifications,96,82,14,1,4,4,5
S01008653,Level 1,95,78,17,7,4,2,4
S01008653,Level 2,132,104,28,12,4,7,5
S01008653,Level 3,56,36,20,10,6,2,2
S01008653,Level 4 and above,261,152,109,49,21,29,10
S01008654,All people aged 16 and over,887,556,331,103,88,81,59
S01008654,No qualifications,75,61,14,0,1,6,7
S01008654,Level 1,105,66,39,9,16,5,9
S01008654,Level 2,151,126,25,4,4,12,5
S01008654,Level 3,65,45,20,3,6,4,7
S01008654,Level 4 and above,491,258,233,87,61,54,31
S01008655,All people aged 16 and over,754,500,254,107,59,48,40
S01008655,No qualifications,61,48,13,1,2,6,4
S01008655,Level 1,56,40,16,4,3,4,5
S01008655,Level 2,129,111,18,5,4,5,4
S01008655,Level 3,62,43,19,9,5,1,4
S01008655,Level 4 and above,446,258,188,88,45,32,23
S01008656,All people aged 16 and over,606,418,188,86,39,31,32
S01008656,No qualifications,90,67,23,4,4,7,8
S01008656,Level 1,92,76,16,6,5,3,2
S01008656,Level 2,106,82,24,15,4,0,5
S01008656,Level 3,56,45,11,5,3,1,2
S01008656,Level 4 and above,262,148,114,56,23,20,15
S01008657,All people aged 16 and over,690,520,170,84,28,26,32
S01008657,No qualifications,63,58,5,0,0,4,1
S01008657,Level 1,107,79,28,19,6,2,1
S01008657,Level 2,127,115,12,4,1,2,5
S01008657,Level 3,54,42,12,3,1,5,3
S01008657,Level 4 and above,339,226,113,58,20,13,22
S01008658,All people aged 16 and over,1066,748,318,168,65,32,53
S01008658,No qualifications,131,118,13,3,3,4,3
S01008658,Level 1,131,93,38,22,6,1,9
S01008658,Level 2,222,183,39,18,6,3,12
S01008658,Level 3,106,75,31,16,9,3,3
S01008658,Level 4 and above,476,279,197,109,41,21,26
S01008659,All people aged 16 and over,784,546,238,109,56,37,36
S01008659,No qualifications,70,65,5,0,1,1,3
S01008659,Level 1,96,53,43,24,14,2,3
S01008659,Level 2,219,179,40,22,4,9,5
S01008659,Level 3,61,44,17,4,7,3,3
S01008659,Level 4 and above,338,205,133,59,30,22,22
S01008660,All people aged 16 and over,877,599,278,112,69,39,58
S01008660,No qualifications,44,27,17,2,6,5,4
S01008660,Level 1,81,49,32,17,5,4,6
S01008660,Level 2,207,174,33,11,11,3,8
S01008660,Level 3,61,44,17,6,3,5,3
S01008660,Level 4 and above,484,305,179,76,44,22,37
S01008661,All people aged 16 and over,948,635,313,168,74,32,39
S01008661,No qualifications,99,89,10,3,1,2,4
S01008661,Level 1,118,74,44,24,13,2,5
S01008661,Level 2,258,208,50,23,14,6,7
S01008661,Level 3,86,55,31,15,9,3,4
S01008661,Level 4 and above,387,209,178,103,37,19,19
S01008662,All people aged 16 and over,727,463,264,141,54,36,33
S01008662,No qualifications,37,28,9,4,0,2,3
S01008662,Level 1,62,30,32,26,4,1,1
S01008662,Level 2,273,246,27,7,10,4,6
S01008662,Level 3,72,52,20,13,4,2,1
S01008662,Level 4 and above,283,107,176,91,36,27,22
S01008663,All people aged 16 and over,817,576,241,90,56,44,51
S01008663,No qualifications,97,83,14,0,5,3,6
S01008663,Level 1,80,54,26,9,6,6,5
S01008663,Level 2,215,173,42,16,8,2,16
S01008663,Level 3,54,34,20,4,6,7,3
S01008663,Level 4 and above,371,232,139,61,31,26,21
S01008664,All people aged 16 and over,671,474,197,58,60,32,47
S01008664,No qualifications,50,45,5,0,1,1,3
S01008664,Level 1,52,40,12,2,8,2,0
S01008664,Level 2,148,130,18,4,7,2,5
S01008664,Level 3,40,29,11,3,5,0,3
S01008664,Level 4 and above,381,230,151,49,39,27,36
S01008665,All people aged 16 and over,1113,763,350,150,70,68,62
S01008665,No qualifications,80,64,16,6,4,2,4
S01008665,Level 1,138,89,49,24,8,8,9
S01008665,Level 2,270,243,27,9,4,7,7
S01008665,Level 3,96,69,27,12,5,6,4
S01008665,Level 4 and above,529,298,231,99,49,45,38
S01008666,All people aged 16 and over,941,560,381,239,56,39,47
S01008666,No qualifications,27,18,9,4,0,0,5
S01008666,Level 1,80,32,48,37,6,2,3
S01008666,Level 2,268,214,54,28,9,5,12
S01008666,Level 3,55,38,17,9,5,0,3
S01008666,Level 4 and above,511,258,253,161,36,32,24
S01008667,All people aged 16 and over,922,599,323,198,63,15,47
S01008667,No qualifications,33,28,5,0,0,0,5
S01008667,Level 1,99,60,39,25,11,0,3
S01008667,Level 2,273,219,54,26,13,2,13
S01008667,Level 3,40,30,10,7,1,1,1
S01008667,Level 4 and above,477,262,215,140,38,12,25
S01008668,All people aged 16 and over,593,372,221,124,52,20,25
S01008668,No qualifications,34,25,9,1,7,0,1
S01008668,Level 1,58,31,27,19,5,2,1
S01008668,Level 2,150,122,28,10,9,4,5
S01008668,Level 3,26,17,9,4,1,0,4
S01008668,Level 4 and above,325,177,148,90,30,14,14
S01008669,All people aged 16 and over,544,410,134,70,29,13,22
S01008669,No qualifications,12,8,4,3,1,0,0
S01008669,Level 1,43,20,23,13,7,0,3
S01008669,Level 2,312,264,48,24,10,4,10
S01008669,Level 3,22,15,7,4,2,0,1
S01008669,Level 4 and above,155,103,52,26,9,9,8
S01008670,All people aged 16 and over,844,577,267,139,67,20,41
S01008670,No qualifications,36,21,15,1,0,1,13
S01008670,Level 1,93,36,57,35,15,5,2
S01008670,Level 2,392,326,66,35,14,4,13
S01008670,Level 3,49,33,16,10,3,1,2
S01008670,Level 4 and above,274,161,113,58,35,9,11
S01008671,All people aged 16 and over,738,475,263,120,71,34,38
S01008671,No qualifications,46,39,7,2,0,1,4
S01008671,Level 1,57,24,33,20,9,1,3
S01008671,Level 2,330,255,75,29,23,9,14
S01008671,Level 3,31,17,14,5,8,1,0
S01008671,Level 4 and above,274,140,134,64,31,22,17
S01008672,All people aged 16 and over,654,406,248,110,59,33,46
S01008672,No qualifications,55,50,5,0,0,2,3
S01008672,Level 1,68,35,33,21,8,0,4
S01008672,Level 2,202,138,64,22,18,9,15
S01008672,Level 3,29,16,13,5,3,1,4
S01008672,Level 4 and above,300,167,133,62,30,21,20
S01008673,All people aged 16 and over,990,584,406,213,108,36,49
S01008673,No qualifications,57,47,10,4,0,3,3
S01008673,Level 1,97,61,36,11,17,4,4
S01008673,Level 2,268,181,87,45,25,6,11
S01008673,Level 3,54,35,19,4,11,1,3
S01008673,Level 4 and above,514,260,254,149,55,22,28
S01008674,All people aged 16 and over,929,494,435,276,76,42,41
S01008674,No qualifications,64,52,12,6,2,2,2
S01008674,Level 1,72,42,30,17,9,1,3
S01008674,Level 2,247,179,68,28,13,13,14
S01008674,Level 3,58,29,29,17,9,2,1
S01008674,Level 4 and above,488,192,296,208,43,24,21
S01008675,All people aged 16 and over,691,437,254,86,70,51,47
S01008675,No qualifications,72,65,7,0,0,1,6
S01008675,Level 1,75,50,25,4,11,5,5
S01008675,Level 2,102,76,26,7,12,2,5
S01008675,Level 3,49,30,19,6,5,2,6
S01008675,Level 4 and above,393,216,177,69,42,41,25
S01008676,All people aged 16 and over,739,514,225,99,49,26,51
S01008676,No qualifications,32,29,3,2,0,1,0
S01008676,Level 1,73,52,21,12,7,1,1
S01008676,Level 2,163,135,28,9,8,2,9
S01008676,Level 3,48,33,15,5,8,2,0
S01008676,Level 4 and above,423,265,158,71,26,20,41
S01008677,All people aged 16 and over,791,459,332,171,60,52,49
S01008677,No qualifications,66,56,10,3,3,2,2
S01008677,Level 1,71,40,31,20,8,0,3
S01008677,Level 2,173,131,42,19,3,9,11
S01008677,Level 3,48,28,20,9,6,4,1
S01008677,Level 4 and above,433,204,229,120,40,37,32
S01008678,All people aged 16 and over,1163,617,546,362,98,47,39
S01008678,No qualifications,61,49,12,8,1,0,3
S01008678,Level 1,130,51,79,60,14,3,2
S01008678,Level 2,410,320,90,49,22,14,5
S01008678,Level 3,64,29,35,20,9,3,3
S01008678,Level 4 and above,498,168,330,225,52,27,26
S01008679,All people aged 16 and over,1132,719,413,283,45,48,37
S01008679,No qualifications,136,125,11,2,2,4,3
S01008679,Level 1,177,92,85,69,6,5,5
S01008679,Level 2,365,272,93,69,9,4,11
S01008679,Level 3,91,52,39,25,8,3,3
S01008679,Level 4 and above,363,178,185,118,20,32,15
S01008680,All people aged 16 and over,600,368,232,118,49,25,40
S01008680,No qualifications,58,49,9,2,2,0,5
S01008680,Level 1,75,44,31,12,10,6,3
S01008680,Level 2,172,141,31,12,9,1,9
S01008680,Level 3,34,19,15,9,2,3,1
S01008680,Level 4 and above,261,115,146,83,26,15,22
S01008681,All people aged 16 and over,933,649,284,139,65,50,30
S01008681,No qualifications,134,129,5,1,0,0,4
S01008681,Level 1,114,86,28,12,12,3,1
S01008681,Level 2,311,238,73,42,14,12,5
S01008681,Level 3,42,27,15,9,1,3,2
S01008681,Level 4 and above,332,169,163,75,38,32,18
S01008682,All people aged 16 and over,717,468,249,112,65,33,39
S01008682,No qualifications,81,69,12,2,2,1,7
S01008682,Level 1,104,66,38,16,14,3,5
S01008682,Level 2,130,98,32,19,10,2,1
S01008682,Level 3,30,23,7,1,3,1,2
S01008682,Level 4 and above,372,212,160,74,36,26,24
S01008683,All people aged 16 and over,1370,680,690,477,82,61,70
S01008683,No qualifications,231,191,40,19,7,1,13
S01008683,Level 1,218,142,76,57,6,5,8
S01008683,Level 2,193,143,50,24,11,3,12
S01008683,Level 3,90,44,46,18,5,9,14
S01008683,Level 4 and above,638,160,478,359,53,43,23
S01008684,All people aged 16 and over,862,570,292,134,48,43,67
S01008684,No qualifications,182,158,24,2,5,5,12
S01008684,Level 1,165,119,46,23,7,6,10
S01008684,Level 2,130,102,28,14,2,5,7
S01008684,Level 3,62,41,21,4,6,6,5
S01008684,Level 4 and above,323,150,173,91,28,21,33
S01008685,All people aged 16 and over,975,683,292,147,52,36,57
S01008685,No qualifications,153,145,8,2,0,2,4
S01008685,Level 1,180,114,66,42,11,6,7
S01008685,Level 2,201,178,23,9,4,4,6
S01008685,Level 3,70,50,20,10,1,2,7
S01008685,Level 4 and above,371,196,175,84,36,22,33
S01008686,All people aged 16 and over,878,690,188,46,46,52,44
S01008686,No qualifications,219,207,12,1,0,6,5
S01008686,Level 1,143,121,22,7,4,7,4
S01008686,Level 2,130,115,15,2,5,5,3
S01008686,Level 3,74,51,23,3,5,12,3
S01008686,Level 4 and above,312,196,116,33,32,22,29
S01008687,All people aged 16 and over,621,417,204,60,59,43,42
S01008687,No qualifications,49,46,3,0,3,0,0
S01008687,Level 1,65,42,23,3,9,9,2
S01008687,Level 2,76,63,13,3,2,1,7
S01008687,Level 3,50,28,22,13,4,2,3
S01008687,Level 4 and above,381,238,143,41,41,31,30
S01008688,All people aged 16 and over,811,584,227,65,58,51,53
S01008688,No qualifications,124,112,12,6,2,2,2
S01008688,Level 1,90,60,30,6,10,6,8
S01008688,Level 2,84,68,16,1,5,2,8
S01008688,Level 3,73,54,19,3,9,3,4
S01008688,Level 4 and above,440,290,150,49,32,38,31
S01008689,All people aged 16 and over,805,612,193,42,58,54,39
S01008689,No qualifications,105,99,6,2,1,1,2
S01008689,Level 1,107,93,14,3,8,3,0
S01008689,Level 2,110,100,10,2,1,3,4
S01008689,Level 3,61,44,17,2,5,6,4
S01008689,Level 4 and above,422,276,146,33,43,41,29
S01008690,All people aged 16 and over,910,661,249,70,71,66,42
S01008690,No qualifications,113,96,17,4,4,5,4
S01008690,Level 1,123,94,29,7,14,6,2
S01008690,Level 2,77,69,8,1,2,4,1
S01008690,Level 3,76,52,24,4,4,11,5
S01008690,Level 4 and above,521,350,171,54,47,40,30
S01008691,All people aged 16 and over,989,728,261,75,69,67,50
S01008691,No qualifications,96,85,11,2,2,2,5
S01008691,Level 1,116,97,19,4,4,7,4
S01008691,Level 2,121,105,16,3,6,2,5
S01008691,Level 3,107,81,26,2,9,12,3
S01008691,Level 4 and above,549,360,189,64,48,44,33
S01008692,All people aged 16 and over,656,518,138,34,38,40,26
S01008692,No qualifications,120,111,9,1,4,1,3
S01008692,Level 1,115,95,20,8,6,5,1
S01008692,Level 2,79,75,4,0,1,1,2
S01008692,Level 3,38,31,7,0,3,3,1
S01008692,Level 4 and above,304,206,98,25,24,30,19
S01008693,All people aged 16 and over,422,408,14,0,2,4,8
S01008693,No qualifications,128,123,5,0,0,0,5
S01008693,Level 1,121,120,1,0,0,1,0
S01008693,Level 2,54,53,1,0,0,0,1
S01008693,Level 3,33,30,3,0,1,0,2
S01008693,Level 4 and above,86,82,4,0,1,3,0
S01008694,All people aged 16 and over,898,696,202,44,56,52,50
S01008694,No qualifications,107,91,16,1,3,2,10
S01008694,Level 1,126,103,23,3,12,5,3
S01008694,Level 2,97,88,9,0,2,4,3
S01008694,Level 3,87,69,18,7,4,6,1
S01008694,Level 4 and above,481,345,136,33,35,35,33
S01008695,All people aged 16 and over,578,498,80,9,6,26,39
S01008695,No qualifications,74,63,11,1,1,2,7
S01008695,Level 1,70,58,12,2,1,6,3
S01008695,Level 2,74,65,9,2,0,1,6
S01008695,Level 3,58,53,5,1,0,3,1
S01008695,Level 4 and above,302,259,43,3,4,14,22
S01008696,All people aged 16 and over,550,503,47,4,11,8,24
S01008696,No qualifications,72,64,8,0,2,1,5
S01008696,Level 1,99,96,3,0,2,0,1
S01008696,Level 2,72,70,2,0,2,0,0
S01008696,Level 3,58,51,7,0,1,3,3
S01008696,Level 4 and above,249,222,27,4,4,4,15
S01008697,All people aged 16 and over,907,819,88,11,18,18,41
S01008697,No qualifications,123,106,17,2,1,2,12
S01008697,Level 1,168,159,9,0,5,1,3
S01008697,Level 2,161,154,7,1,1,0,5
S01008697,Level 3,65,59,6,0,2,2,2
S01008697,Level 4 and above,390,341,49,8,9,13,19
S01008698,All people aged 16 and over,420,389,31,2,10,4,15
S01008698,No qualifications,52,48,4,0,1,0,3
S01008698,Level 1,95,89,6,0,2,0,4
S01008698,Level 2,71,68,3,0,3,0,0
S01008698,Level 3,40,37,3,0,1,1,1
S01008698,Level 4 and above,162,147,15,2,3,3,7
S01008699,All people aged 16 and over,762,683,79,12,18,20,29
S01008699,No qualifications,241,229,12,2,1,2,7
S01008699,Level 1,185,171,14,2,5,3,4
S01008699,Level 2,97,90,7,0,1,1,5
S01008699,Level 3,52,43,9,3,0,4,2
S01008699,Level 4 and above,187,150,37,5,11,10,11
S01008700,All people aged 16 and over,469,409,60,6,6,5,43
S01008700,No qualifications,78,65,13,1,1,4,7
S01008700,Level 1,78,70,8,0,1,0,7
S01008700,Level 2,56,55,1,0,0,0,1
S01008700,Level 3,31,29,2,0,1,0,1
S01008700,Level 4 and above,226,190,36,5,3,1,27
S01008701,All people aged 16 and over,304,251,53,0,13,19,21
S01008701,No qualifications,113,101,12,0,2,0,10
S01008701,Level 1,87,80,7,0,2,4,1
S01008701,Level 2,20,19,1,0,1,0,0
S01008701,Level 3,20,17,3,0,0,2,1
S01008701,Level 4 and above,64,34,30,0,8,13,9
S01008702,All people aged 16 and over,496,355,141,36,35,37,33
S01008702,No qualifications,83,75,8,2,2,1,3
S01008702,Level 1,107,81,26,5,6,9,6
S01008702,Level 2,84,64,20,2,9,2,7
S01008702,Level 3,40,29,11,0,4,5,2
S01008702,Level 4 and above,182,106,76,27,14,20,15
S01008703,All people aged 16 and over,757,560,197,27,57,55,58
S01008703,No qualifications,291,262,29,1,3,5,20
S01008703,Level 1,191,153,38,4,17,6,11
S01008703,Level 2,69,54,15,0,3,8,4
S01008703,Level 3,51,30,21,3,7,3,8
S01008703,Level 4 and above,155,61,94,19,27,33,15
S01008704,All people aged 16 and over,535,426,109,16,25,33,35
S01008704,No qualifications,186,165,21,1,1,7,12
S01008704,Level 1,141,121,20,5,2,5,8
S01008704,Level 2,45,43,2,0,0,2,0
S01008704,Level 3,36,25,11,2,4,2,3
S01008704,Level 4 and above,127,72,55,8,18,17,12
S01008705,All people aged 16 and over,395,308,87,9,19,31,28
S01008705,No qualifications,157,144,13,0,1,4,8
S01008705,Level 1,91,76,15,1,4,7,3
S01008705,Level 2,37,28,9,0,1,2,6
S01008705,Level 3,23,17,6,0,2,3,1
S01008705,Level 4 and above,87,43,44,8,11,15,10
S01008706,All people aged 16 and over,404,341,63,6,18,27,12
S01008706,No qualifications,153,142,11,0,3,4,4
S01008706,Level 1,122,107,15,1,6,5,3
S01008706,Level 2,34,29,5,0,0,3,2
S01008706,Level 3,34,25,9,2,3,4,0
S01008706,Level 4 and above,61,38,23,3,6,11,3
S01008707,All people aged 16 and over,604,501,103,11,30,38,24
S01008707,No qualifications,242,217,25,1,8,8,8
S01008707,Level 1,188,162,26,2,7,12,5
S01008707,Level 2,63,57,6,1,2,2,1
S01008707,Level 3,32,23,9,0,2,4,3
S01008707,Level 4 and above,79,42,37,7,11,12,7
S01008708,All people aged 16 and over,733,628,105,7,22,42,34
S01008708,No qualifications,294,269,25,1,10,5,9
S01008708,Level 1,222,201,21,2,3,7,9
S01008708,Level 2,66,64,2,0,0,0,2
S01008708,Level 3,55,38,17,0,1,12,4
S01008708,Level 4 and above,96,56,40,4,8,18,10
S01008709,All people aged 16 and over,546,475,71,1,11,30,29
S01008709,No qualifications,238,211,27,0,2,9,16
S01008709,Level 1,163,148,15,0,4,9,2
S01008709,Level 2,61,57,4,0,0,2,2
S01008709,Level 3,19,16,3,0,0,0,3
S01008709,Level 4 and above,65,43,22,1,5,10,6
S01008710,All people aged 16 and over,365,274,91,11,25,35,20
S01008710,No qualifications,114,96,18,0,3,7,8
S01008710,Level 1,106,89,17,1,8,2,6
S01008710,Level 2,42,38,4,0,2,0,2
S01008710,Level 3,26,18,8,2,2,3,1
S01008710,Level 4 and above,77,33,44,8,10,23,3
S01008711,All people aged 16 and over,570,482,88,13,18,31,26
S01008711,No qualifications,262,248,14,2,0,1,11
S01008711,Level 1,143,130,13,2,2,5,4
S01008711,Level 2,44,36,8,1,1,5,1
S01008711,Level 3,36,22,14,3,4,7,0
S01008711,Level 4 and above,85,46,39,5,11,13,10
S01008712,All people aged 16 and over,928,827,101,9,21,35,36
S01008712,No qualifications,481,467,14,0,3,4,7
S01008712,Level 1,224,193,31,1,10,10,10
S01008712,Level 2,60,55,5,0,0,1,4
S01008712,Level 3,59,46,13,1,3,4,5
S01008712,Level 4 and above,104,66,38,7,5,16,10
S01008713,All people aged 16 and over,470,433,37,2,14,9,12
S01008713,No qualifications,179,171,8,0,1,1,6
S01008713,Level 1,171,163,8,1,5,0,2
S01008713,Level 2,54,51,3,0,1,1,1
S01008713,Level 3,39,29,10,0,4,4,2
S01008713,Level 4 and above,27,19,8,1,3,3,1
S01008714,All people aged 16 and over,485,444,41,3,7,11,20
S01008714,No qualifications,177,166,11,0,0,2,9
S01008714,Level 1,125,114,11,1,4,3,3
S01008714,Level 2,61,59,2,0,0,1,1
S01008714,Level 3,40,35,5,1,0,2,2
S01008714,Level 4 and above,82,70,12,1,3,3,5
S01008715,All people aged 16 and over,648,623,25,3,8,11,3
S01008715,No qualifications,281,274,7,0,4,2,1
S01008715,Level 1,192,186,6,1,0,5,0
S01008715,Level 2,65,63,2,0,0,1,1
S01008715,Level 3,35,33,2,0,1,0,1
S01008715,Level 4 and above,75,67,8,2,3,3,0
S01008716,All people aged 16 and over,468,436,32,1,13,4,14
S01008716,No qualifications,209,198,11,1,3,0,7
S01008716,Level 1,110,100,10,0,5,2,3
S01008716,Level 2,67,64,3,0,2,0,1
S01008716,Level 3,23,21,2,0,0,1,1
S01008716,Level 4 and above,59,53,6,0,3,1,2
S01008717,All people aged 16 and over,339,306,33,1,7,3,22
S01008717,No qualifications,70,56,14,0,2,0,12
S01008717,Level 1,122,116,6,0,3,0,3
S01008717,Level 2,57,57,0,0,0,0,0
S01008717,Level 3,25,23,2,0,0,0,2
S01008717,Level 4 and above,65,54,11,1,2,3,5
S01008718,All people aged 16 and over,429,382,47,5,14,10,18
S01008718,No qualifications,116,109,7,0,2,0,5
S01008718,Level 1,159,144,15,1,3,4,7
S01008718,Level 2,46,43,3,2,0,0,1
S01008718,Level 3,35,29,6,0,1,1,4
S01008718,Level 4 and above,73,57,16,2,8,5,1
S01008719,All people aged 16 and over,783,675,108,17,24,24,43
S01008719,No qualifications,210,187,23,0,5,3,15
S01008719,Level 1,265,245,20,1,5,7,7
S01008719,Level 2,104,101,3,1,0,0,2
S01008719,Level 3,59,49,10,1,2,4,3
S01008719,Level 4 and above,145,93,52,14,12,10,16
S01008720,All people aged 16 and over,443,418,25,9,1,2,13
S01008720,No qualifications,151,146,5,0,0,0,5
S01008720,Level 1,115,110,5,0,1,1,3
S01008720,Level 2,63,57,6,5,0,1,0
S01008720,Level 3,27,25,2,0,0,0,2
S01008720,Level 4 and above,87,80,7,4,0,0,3
S01008721,All people aged 16 and over,641,610,31,2,1,2,26
S01008721,No qualifications,96,88,8,0,0,0,8
S01008721,Level 1,189,182,7,0,0,0,7
S01008721,Level 2,113,113,0,0,0,0,0
S01008721,Level 3,74,70,4,0,0,1,3
S01008721,Level 4 and above,169,157,12,2,1,1,8
S01008722,All people aged 16 and over,903,849,54,3,8,4,39
S01008722,No qualifications,216,207,9,0,0,0,9
S01008722,Level 1,162,155,7,0,1,1,5
S01008722,Level 2,139,137,2,0,0,0,2
S01008722,Level 3,59,58,1,0,0,0,1
S01008722,Level 4 and above,327,292,35,3,7,3,22
S01008723,All people aged 16 and over,581,531,50,7,5,4,34
S01008723,No qualifications,86,79,7,0,1,0,6
S01008723,Level 1,143,131,12,1,1,3,7
S01008723,Level 2,118,115,3,0,0,1,2
S01008723,Level 3,68,63,5,0,0,0,5
S01008723,Level 4 and above,166,143,23,6,3,0,14
S01008724,All people aged 16 and over,780,722,58,4,10,8,36
S01008724,No qualifications,155,148,7,0,0,3,4
S01008724,Level 1,119,114,5,0,1,1,3
S01008724,Level 2,112,108,4,0,1,0,3
S01008724,Level 3,54,52,2,0,0,0,2
S01008724,Level 4 and above,340,300,40,4,8,4,24
S01008725,All people aged 16 and over,614,565,49,0,6,13,30
S01008725,No qualifications,112,107,5,0,2,2,1
S01008725,Level 1,97,92,5,0,1,1,3
S01008725,Level 2,75,73,2,0,0,0,2
S01008725,Level 3,52,46,6,0,2,2,2
S01008725,Level 4 and above,278,247,31,0,1,8,22
S01008726,All people aged 16 and over,452,427,25,1,0,2,22
S01008726,No qualifications,30,28,2,0,0,0,2
S01008726,Level 1,60,59,1,0,0,0,1
S01008726,Level 2,61,60,1,0,0,0,1
S01008726,Level 3,29,28,1,0,0,0,1
S01008726,Level 4 and above,272,252,20,1,0,2,17
S01008727,All people aged 16 and over,910,816,94,7,11,14,62
S01008727,No qualifications,131,120,11,1,2,0,8
S01008727,Level 1,123,115,8,0,0,0,8
S01008727,Level 2,118,111,7,0,1,1,5
S01008727,Level 3,70,60,10,1,1,3,5
S01008727,Level 4 and above,468,410,58,5,7,10,36
S01008728,All people aged 16 and over,400,369,31,0,4,10,17
S01008728,No qualifications,107,104,3,0,0,1,2
S01008728,Level 1,93,87,6,0,0,2,4
S01008728,Level 2,39,38,1,0,0,0,1
S01008728,Level 3,29,28,1,0,0,1,0
S01008728,Level 4 and above,132,112,20,0,4,6,10
S01008729,All people aged 16 and over,551,510,41,3,5,3,30
S01008729,No qualifications,62,56,6,1,2,1,2
S01008729,Level 1,76,73,3,1,0,1,1
S01008729,Level 2,82,79,3,0,0,0,3
S01008729,Level 3,24,22,2,0,0,0,2
S01008729,Level 4 and above,307,280,27,1,3,1,22
S01008730,All people aged 16 and over,649,554,95,19,18,16,42
S01008730,No qualifications,99,95,4,0,2,1,1
S01008730,Level 1,104,91,13,5,2,2,4
S01008730,Level 2,69,65,4,1,1,0,2
S01008730,Level 3,49,45,4,0,1,2,1
S01008730,Level 4 and above,328,258,70,13,12,11,34
S01008731,All people aged 16 and over,386,356,30,2,4,8,16
S01008731,No qualifications,153,150,3,0,1,1,1
S01008731,Level 1,76,72,4,0,0,1,3
S01008731,Level 2,32,30,2,0,0,1,1
S01008731,Level 3,23,20,3,0,1,0,2
S01008731,Level 4 and above,102,84,18,2,2,5,9
S01008732,All people aged 16 and over,503,453,50,11,8,12,19
S01008732,No qualifications,115,103,12,5,1,0,6
S01008732,Level 1,122,113,9,4,0,4,1
S01008732,Level 2,80,79,1,1,0,0,0
S01008732,Level 3,42,39,3,0,1,1,1
S01008732,Level 4 and above,144,119,25,1,6,7,11
S01008733,All people aged 16 and over,716,608,108,11,36,19,42
S01008733,No qualifications,167,148,19,4,7,2,6
S01008733,Level 1,129,117,12,3,4,2,3
S01008733,Level 2,85,79,6,0,1,0,5
S01008733,Level 3,80,70,10,1,1,5,3
S01008733,Level 4 and above,255,194,61,3,23,10,25
S01008734,All people aged 16 and over,467,423,44,4,8,5,27
S01008734,No qualifications,89,84,5,0,1,1,3
S01008734,Level 1,83,73,10,2,4,1,3
S01008734,Level 2,75,75,0,0,0,0,0
S01008734,Level 3,37,33,4,0,0,0,4
S01008734,Level 4 and above,183,158,25,2,3,3,17
S01008735,All people aged 16 and over,806,720,86,11,11,13,51
S01008735,No qualifications,127,106,21,1,2,0,18
S01008735,Level 1,148,136,12,2,1,3,6
S01008735,Level 2,150,147,3,1,1,0,1
S01008735,Level 3,57,52,5,0,0,1,4
S01008735,Level 4 and above,324,279,45,7,7,9,22
S01008736,All people aged 16 and over,606,534,72,3,4,12,53
S01008736,No qualifications,133,104,29,0,1,1,27
S01008736,Level 1,144,133,11,1,1,1,8
S01008736,Level 2,117,112,5,0,0,3,2
S01008736,Level 3,39,36,3,0,0,0,3
S01008736,Level 4 and above,173,149,24,2,2,7,13
S01008737,All people aged 16 and over,674,631,43,3,8,7,25
S01008737,No qualifications,124,112,12,0,1,1,10
S01008737,Level 1,168,161,7,0,3,0,4
S01008737,Level 2,122,121,1,0,0,0,1
S01008737,Level 3,59,53,6,1,2,2,1
S01008737,Level 4 and above,201,184,17,2,2,4,9
S01008738,All people aged 16 and over,648,605,43,1,0,3,39
S01008738,No qualifications,124,109,15,1,0,0,14
S01008738,Level 1,136,130,6,0,0,0,6
S01008738,Level 2,117,112,5,0,0,0,5
S01008738,Level 3,64,60,4,0,0,2,2
S01008738,Level 4 and above,207,194,13,0,0,1,12
S01008739,All people aged 16 and over,471,449,22,0,4,3,15
S01008739,No qualifications,93,87,6,0,0,0,6
S01008739,Level 1,151,146,5,0,2,0,3
S01008739,Level 2,97,95,2,0,1,1,0
S01008739,Level 3,45,42,3,0,1,1,1
S01008739,Level 4 and above,85,79,6,0,0,1,5
S01008740,All people aged 16 and over,465,433,32,1,4,4,23
S01008740,No qualifications,98,87,11,0,0,0,11
S01008740,Level 1,148,143,5,0,0,2,3
S01008740,Level 2,83,81,2,0,0,0,2
S01008740,Level 3,41,37,4,1,1,2,0
S01008740,Level 4 and above,95,85,10,0,3,0,7
S01008741,All people aged 16 and over,792,749,43,7,1,5,30
S01008741,No qualifications,194,184,10,1,0,0,9
S01008741,Level 1,236,221,15,4,1,2,8
S01008741,Level 2,130,127,3,0,0,0,3
S01008741,Level 3,70,68,2,0,0,1,1
S01008741,Level 4 and above,162,149,13,2,0,2,9
S01008742,All people aged 16 and over,446,411,35,8,8,5,14
S01008742,No qualifications,138,131,7,4,1,0,2
S01008742,Level 1,130,123,7,1,2,0,4
S01008742,Level 2,46,45,1,0,0,0,1
S01008742,Level 3,34,30,4,0,0,2,2
S01008742,Level 4 and above,98,82,16,3,5,3,5
S01008743,All people aged 16 and over,773,679,94,11,27,22,34
S01008743,No qualifications,221,209,12,0,3,2,7
S01008743,Level 1,208,196,12,0,3,5,4
S01008743,Level 2,127,114,13,1,3,1,8
S01008743,Level 3,49,39,10,4,3,2,1
S01008743,Level 4 and above,168,121,47,6,15,12,14
S01008744,All people aged 16 and over,881,813,68,14,17,17,20
S01008744,No qualifications,259,248,11,0,1,3,7
S01008744,Level 1,229,221,8,1,4,2,1
S01008744,Level 2,114,110,4,0,0,3,1
S01008744,Level 3,84,75,9,3,5,0,1
S01008744,Level 4 and above,195,159,36,10,7,9,10
S01008745,All people aged 16 and over,402,351,51,6,8,16,21
S01008745,No qualifications,79,75,4,0,0,0,4
S01008745,Level 1,78,72,6,1,2,3,0
S01008745,Level 2,57,47,10,0,0,4,6
S01008745,Level 3,32,30,2,0,2,0,0
S01008745,Level 4 and above,156,127,29,5,4,9,11
S01008746,All people aged 16 and over,895,697,198,49,50,46,53
S01008746,No qualifications,259,233,26,3,1,6,16
S01008746,Level 1,221,189,32,12,3,7,10
S01008746,Level 2,96,85,11,2,2,1,6
S01008746,Level 3,70,46,24,3,9,8,4
S01008746,Level 4 and above,249,144,105,29,35,24,17
S01008747,All people aged 16 and over,421,387,34,11,6,5,12
S01008747,No qualifications,80,77,3,0,0,0,3
S01008747,Level 1,121,115,6,1,1,0,4
S01008747,Level 2,52,48,4,4,0,0,0
S01008747,Level 3,36,35,1,0,1,0,0
S01008747,Level 4 and above,132,112,20,6,4,5,5
S01008748,All people aged 16 and over,567,532,35,3,6,0,26
S01008748,No qualifications,111,101,10,0,0,0,10
S01008748,Level 1,159,152,7,1,1,0,5
S01008748,Level 2,83,82,1,0,0,0,1
S01008748,Level 3,50,49,1,0,1,0,0
S01008748,Level 4 and above,164,148,16,2,4,0,10
S01008749,All people aged 16 and over,841,757,84,3,7,3,71
S01008749,No qualifications,195,175,20,0,0,0,20
S01008749,Level 1,225,199,26,1,0,2,23
S01008749,Level 2,134,129,5,0,0,0,5
S01008749,Level 3,77,67,10,0,1,0,9
S01008749,Level 4 and above,210,187,23,2,6,1,14
S01008750,All people aged 16 and over,611,579,32,0,1,2,29
S01008750,No qualifications,137,125,12,0,0,0,12
S01008750,Level 1,155,151,4,0,0,0,4
S01008750,Level 2,112,106,6,0,0,1,5
S01008750,Level 3,51,49,2,0,0,0,2
S01008750,Level 4 and above,156,148,8,0,1,1,6
S01008751,All people aged 16 and over,504,467,37,7,1,17,12
S01008751,No qualifications,159,149,10,1,1,3,5
S01008751,Level 1,145,136,9,4,0,5,0
S01008751,Level 2,60,60,0,0,0,0,0
S01008751,Level 3,36,36,0,0,0,0,0
S01008751,Level 4 and above,104,86,18,2,0,9,7
S01008752,All people aged 16 and over,664,615,49,11,4,10,24
S01008752,No qualifications,272,257,15,4,1,2,8
S01008752,Level 1,177,171,6,0,1,1,4
S01008752,Level 2,76,74,2,0,0,1,1
S01008752,Level 3,42,39,3,0,1,0,2
S01008752,Level 4 and above,97,74,23,7,1,6,9
S01008753,All people aged 16 and over,458,418,40,7,9,8,16
S01008753,No qualifications,179,171,8,1,2,1,4
S01008753,Level 1,136,125,11,4,1,2,4
S01008753,Level 2,50,47,3,0,0,0,3
S01008753,Level 3,17,17,0,0,0,0,0
S01008753,Level 4 and above,76,58,18,2,6,5,5
S01008754,All people aged 16 and over,543,459,84,17,20,30,17
S01008754,No qualifications,144,136,8,0,4,1,3
S01008754,Level 1,143,124,19,4,3,6,6
S01008754,Level 2,64,60,4,1,1,0,2
S01008754,Level 3,39,31,8,1,3,3,1
S01008754,Level 4 and above,153,108,45,11,9,20,5
S01008755,All people aged 16 and over,815,640,175,41,60,45,29
S01008755,No qualifications,241,218,23,7,8,3,5
S01008755,Level 1,224,192,32,3,12,9,8
S01008755,Level 2,83,77,6,2,1,3,0
S01008755,Level 3,68,42,26,3,11,7,5
S01008755,Level 4 and above,199,111,88,26,28,23,11
S01008756,All people aged 16 and over,624,518,106,32,13,28,33
S01008756,No qualifications,240,224,16,1,3,4,8
S01008756,Level 1,148,132,16,2,0,1,13
S01008756,Level 2,55,53,2,0,0,0,2
S01008756,Level 3,47,39,8,2,0,5,1
S01008756,Level 4 and above,134,70,64,27,10,18,9
S01008757,All people aged 16 and over,539,493,46,4,8,10,24
S01008757,No qualifications,264,257,7,0,0,1,6
S01008757,Level 1,138,130,8,1,3,1,3
S01008757,Level 2,45,39,6,1,0,2,3
S01008757,Level 3,31,21,10,0,5,1,4
S01008757,Level 4 and above,61,46,15,2,0,5,8
S01008758,All people aged 16 and over,694,603,91,15,18,22,36
S01008758,No qualifications,265,245,20,2,0,5,13
S01008758,Level 1,182,171,11,2,2,1,6
S01008758,Level 2,70,65,5,0,0,2,3
S01008758,Level 3,58,47,11,1,5,3,2
S01008758,Level 4 and above,119,75,44,10,11,11,12
S01008759,All people aged 16 and over,464,430,34,2,8,7,17
S01008759,No qualifications,185,178,7,0,5,1,1
S01008759,Level 1,139,136,3,0,0,0,3
S01008759,Level 2,42,42,0,0,0,0,0
S01008759,Level 3,38,33,5,0,0,0,5
S01008759,Level 4 and above,60,41,19,2,3,6,8
S01008760,All people aged 16 and over,763,667,96,14,17,21,44
S01008760,No qualifications,287,264,23,1,3,3,16
S01008760,Level 1,237,211,26,6,4,3,13
S01008760,Level 2,80,77,3,0,0,1,2
S01008760,Level 3,56,49,7,2,0,3,2
S01008760,Level 4 and above,103,66,37,5,10,11,11
S01008761,All people aged 16 and over,599,411,188,33,66,64,25
S01008761,No qualifications,151,114,37,12,14,5,6
S01008761,Level 1,126,99,27,2,10,9,6
S01008761,Level 2,86,72,14,2,4,5,3
S01008761,Level 3,68,41,27,1,13,11,2
S01008761,Level 4 and above,168,85,83,16,25,34,8
S01008762,All people aged 16 and over,527,495,32,8,8,7,9
S01008762,No qualifications,166,162,4,0,1,1,2
S01008762,Level 1,141,132,9,0,3,3,3
S01008762,Level 2,72,71,1,1,0,0,0
S01008762,Level 3,31,26,5,2,0,0,3
S01008762,Level 4 and above,117,104,13,5,4,3,1
S01008763,All people aged 16 and over,766,672,94,18,16,26,34
S01008763,No qualifications,121,113,8,3,0,5,0
S01008763,Level 1,147,136,11,2,3,2,4
S01008763,Level 2,106,99,7,0,0,3,4
S01008763,Level 3,52,46,6,1,0,2,3
S01008763,Level 4 and above,340,278,62,12,13,14,23
S01008764,All people aged 16 and over,586,524,62,9,11,8,34
S01008764,No qualifications,107,101,6,1,1,0,4
S01008764,Level 1,125,115,10,1,2,3,4
S01008764,Level 2,67,64,3,0,0,0,3
S01008764,Level 3,44,40,4,0,3,0,1
S01008764,Level 4 and above,243,204,39,7,5,5,22
S01008765,All people aged 16 and over,688,619,69,6,11,19,33
S01008765,No qualifications,92,87,5,0,1,1,3
S01008765,Level 1,131,125,6,1,2,1,2
S01008765,Level 2,85,78,7,0,0,2,5
S01008765,Level 3,76,65,11,0,3,2,6
S01008765,Level 4 and above,304,264,40,5,5,13,17
S01008766,All people aged 16 and over,863,808,55,9,10,8,28
S01008766,No qualifications,195,185,10,0,1,0,9
S01008766,Level 1,195,186,9,3,2,3,1
S01008766,Level 2,136,129,7,1,2,1,3
S01008766,Level 3,68,65,3,0,0,1,2
S01008766,Level 4 and above,269,243,26,5,5,3,13
S01008767,All people aged 16 and over,462,428,34,10,4,6,14
S01008767,No qualifications,85,85,0,0,0,0,0
S01008767,Level 1,133,128,5,0,3,1,1
S01008767,Level 2,76,74,2,0,0,0,2
S01008767,Level 3,48,45,3,2,0,1,0
S01008767,Level 4 and above,120,96,24,8,1,4,11
S01008768,All people aged 16 and over,453,394,59,5,13,24,17
S01008768,No qualifications,131,125,6,0,0,1,5
S01008768,Level 1,81,80,1,0,0,1,0
S01008768,Level 2,40,38,2,1,0,0,1
S01008768,Level 3,56,40,16,0,2,11,3
S01008768,Level 4 and above,145,111,34,4,11,11,8
S01008769,All people aged 16 and over,621,496,125,25,28,31,41
S01008769,No qualifications,18,16,2,0,1,1,0
S01008769,Level 1,68,54,14,2,6,5,1
S01008769,Level 2,76,63,13,1,0,1,11
S01008769,Level 3,65,51,14,5,1,1,7
S01008769,Level 4 and above,394,312,82,17,20,23,22
S01008770,All people aged 16 and over,725,506,219,45,66,53,55
S01008770,No qualifications,38,21,17,8,5,0,4
S01008770,Level 1,86,57,29,6,15,2,6
S01008770,Level 2,110,89,21,6,4,4,7
S01008770,Level 3,85,66,19,6,6,2,5
S01008770,Level 4 and above,406,273,133,19,36,45,33
S01008771,All people aged 16 and over,644,507,137,16,43,34,44
S01008771,No qualifications,90,78,12,0,0,4,8
S01008771,Level 1,86,74,12,2,4,4,2
S01008771,Level 2,78,69,9,2,4,1,2
S01008771,Level 3,64,56,8,2,1,4,1
S01008771,Level 4 and above,326,230,96,10,34,21,31
S01008772,All people aged 16 and over,669,592,77,9,23,23,22
S01008772,No qualifications,135,130,5,0,1,0,4
S01008772,Level 1,115,106,9,1,3,5,0
S01008772,Level 2,73,67,6,0,2,1,3
S01008772,Level 3,54,40,14,4,5,2,3
S01008772,Level 4 and above,292,249,43,4,12,15,12
S01008773,All people aged 16 and over,908,770,138,27,47,28,36
S01008773,No qualifications,167,163,4,1,1,0,2
S01008773,Level 1,181,161,20,6,4,6,4
S01008773,Level 2,121,106,15,6,2,4,3
S01008773,Level 3,96,70,26,4,11,4,7
S01008773,Level 4 and above,343,270,73,10,29,14,20
S01008774,All people aged 16 and over,789,606,183,27,71,49,36
S01008774,No qualifications,139,121,18,2,9,3,4
S01008774,Level 1,191,165,26,6,8,9,3
S01008774,Level 2,112,91,21,1,9,4,7
S01008774,Level 3,66,49,17,0,9,4,4
S01008774,Level 4 and above,281,180,101,18,36,29,18
S01008775,All people aged 16 and over,412,359,53,16,10,5,22
S01008775,No qualifications,57,50,7,1,4,1,1
S01008775,Level 1,80,74,6,3,0,0,3
S01008775,Level 2,53,50,3,1,0,0,2
S01008775,Level 3,22,19,3,1,0,0,2
S01008775,Level 4 and above,200,166,34,10,6,4,14
S01008776,All people aged 16 and over,755,607,148,32,37,34,45
S01008776,No qualifications,144,136,8,0,3,0,5
S01008776,Level 1,149,124,25,3,9,6,7
S01008776,Level 2,94,81,13,5,3,1,4
S01008776,Level 3,69,58,11,4,1,2,4
S01008776,Level 4 and above,299,208,91,20,21,25,25
S01008777,All people aged 16 and over,949,752,197,36,52,52,57
S01008777,No qualifications,310,277,33,5,12,10,6
S01008777,Level 1,195,163,32,8,8,6,10
S01008777,Level 2,88,74,14,2,0,4,8
S01008777,Level 3,78,56,22,2,5,9,6
S01008777,Level 4 and above,278,182,96,19,27,23,27
S01008778,All people aged 16 and over,999,763,236,44,74,64,54
S01008778,No qualifications,84,74,10,1,4,4,1
S01008778,Level 1,146,105,41,7,13,13,8
S01008778,Level 2,128,115,13,2,5,3,3
S01008778,Level 3,94,82,12,0,4,7,1
S01008778,Level 4 and above,547,387,160,34,48,37,41
S01008779,All people aged 16 and over,662,522,140,23,39,42,36
S01008779,No qualifications,42,29,13,3,1,2,7
S01008779,Level 1,80,55,25,7,5,9,4
S01008779,Level 2,78,70,8,2,1,1,4
S01008779,Level 3,67,56,11,0,2,8,1
S01008779,Level 4 and above,395,312,83,11,30,22,20
S01008780,All people aged 16 and over,529,398,131,29,48,26,28
S01008780,No qualifications,37,28,9,1,4,2,2
S01008780,Level 1,77,54,23,3,14,3,3
S01008780,Level 2,74,59,15,1,7,0,7
S01008780,Level 3,64,50,14,8,0,4,2
S01008780,Level 4 and above,277,207,70,16,23,17,14
S01008781,All people aged 16 and over,787,592,195,29,73,53,40
S01008781,No qualifications,93,73,20,4,8,4,4
S01008781,Level 1,143,123,20,3,11,3,3
S01008781,Level 2,98,85,13,2,4,3,4
S01008781,Level 3,83,70,13,1,5,4,3
S01008781,Level 4 and above,370,241,129,19,45,39,26
S01008782,All people aged 16 and over,697,551,146,30,33,49,34
S01008782,No qualifications,103,96,7,1,2,2,2
S01008782,Level 1,79,64,15,4,5,1,5
S01008782,Level 2,81,72,9,3,0,2,4
S01008782,Level 3,75,61,14,3,2,6,3
S01008782,Level 4 and above,359,258,101,19,24,38,20
S01008783,All people aged 16 and over,366,308,58,0,22,16,20
S01008783,No qualifications,24,16,8,0,4,2,2
S01008783,Level 1,65,57,8,0,4,3,1
S01008783,Level 2,56,53,3,0,0,0,3
S01008783,Level 3,24,19,5,0,2,3,0
S01008783,Level 4 and above,197,163,34,0,12,8,14
S01008784,All people aged 16 and over,395,311,84,15,19,26,24
S01008784,No qualifications,37,34,3,0,2,0,1
S01008784,Level 1,69,59,10,2,2,3,3
S01008784,Level 2,43,38,5,0,1,2,2
S01008784,Level 3,35,25,10,4,1,2,3
S01008784,Level 4 and above,211,155,56,9,13,19,15
S01008785,All people aged 16 and over,732,556,176,30,48,63,35
S01008785,No qualifications,221,199,22,1,9,6,6
S01008785,Level 1,154,125,29,8,6,10,5
S01008785,Level 2,62,49,13,1,4,6,2
S01008785,Level 3,54,36,18,6,6,4,2
S01008785,Level 4 and above,241,147,94,14,23,37,20
S01008786,All people aged 16 and over,857,660,197,46,50,41,60
S01008786,No qualifications,97,87,10,2,1,1,6
S01008786,Level 1,136,113,23,4,7,4,8
S01008786,Level 2,89,79,10,3,4,1,2
S01008786,Level 3,83,59,24,6,4,8,6
S01008786,Level 4 and above,452,322,130,31,34,27,38
S01008787,All people aged 16 and over,280,227,53,18,4,21,10
S01008787,No qualifications,103,98,5,0,1,2,2
S01008787,Level 1,71,59,12,3,1,5,3
S01008787,Level 2,21,19,2,0,0,2,0
S01008787,Level 3,31,20,11,3,2,5,1
S01008787,Level 4 and above,54,31,23,12,0,7,4
S01008788,All people aged 16 and over,614,471,143,43,42,35,23
S01008788,No qualifications,58,48,10,0,8,2,0
S01008788,Level 1,91,72,19,6,7,3,3
S01008788,Level 2,72,64,8,4,1,2,1
S01008788,Level 3,56,38,18,2,5,8,3
S01008788,Level 4 and above,337,249,88,31,21,20,16
S01008789,All people aged 16 and over,582,497,85,13,26,21,25
S01008789,No qualifications,192,186,6,1,1,1,3
S01008789,Level 1,127,110,17,3,5,2,7
S01008789,Level 2,64,59,5,0,0,2,3
S01008789,Level 3,35,24,11,4,5,0,2
S01008789,Level 4 and above,164,118,46,5,15,16,10
S01008790,All people aged 16 and over,576,444,132,30,37,36,29
S01008790,No qualifications,108,95,13,1,4,6,2
S01008790,Level 1,98,77,21,2,5,8,6
S01008790,Level 2,75,69,6,1,2,2,1
S01008790,Level 3,66,47,19,6,5,2,6
S01008790,Level 4 and above,229,156,73,20,21,18,14
S01008791,All people aged 16 and over,779,428,351,91,114,91,55
S01008791,No qualifications,118,66,52,11,17,7,17
S01008791,Level 1,135,82,53,15,21,13,4
S01008791,Level 2,77,56,21,5,7,3,6
S01008791,Level 3,89,40,49,7,22,14,6
S01008791,Level 4 and above,360,184,176,53,47,54,22
S01008792,All people aged 16 and over,685,524,161,44,36,37,44
S01008792,No qualifications,123,106,17,0,6,3,8
S01008792,Level 1,120,95,25,4,9,6,6
S01008792,Level 2,82,68,14,4,4,1,5
S01008792,Level 3,60,41,19,9,2,5,3
S01008792,Level 4 and above,300,214,86,27,15,22,22
S01008793,All people aged 16 and over,388,289,99,38,23,15,23
S01008793,No qualifications,104,99,5,1,0,0,4
S01008793,Level 1,71,57,14,4,5,2,3
S01008793,Level 2,40,34,6,2,1,0,3
S01008793,Level 3,41,28,13,3,4,4,2
S01008793,Level 4 and above,132,71,61,28,13,9,11
S01008794,All people aged 16 and over,773,639,134,36,28,49,21
S01008794,No qualifications,248,239,9,2,2,2,3
S01008794,Level 1,165,136,29,11,3,11,4
S01008794,Level 2,63,59,4,0,2,1,1
S01008794,Level 3,69,50,19,3,7,8,1
S01008794,Level 4 and above,228,155,73,20,14,27,12
S01008795,All people aged 16 and over,1000,694,306,90,74,86,56
S01008795,No qualifications,118,89,29,2,9,3,15
S01008795,Level 1,158,109,49,23,13,7,6
S01008795,Level 2,139,123,16,0,8,5,3
S01008795,Level 3,97,60,37,9,12,13,3
S01008795,Level 4 and above,488,313,175,56,32,58,29
S01008796,All people aged 16 and over,950,716,234,49,86,51,48
S01008796,No qualifications,226,189,37,4,19,5,9
S01008796,Level 1,160,123,37,13,10,8,6
S01008796,Level 2,104,90,14,2,3,6,3
S01008796,Level 3,89,64,25,7,10,4,4
S01008796,Level 4 and above,371,250,121,23,44,28,26
S01008797,All people aged 16 and over,888,647,241,83,56,58,44
S01008797,No qualifications,153,140,13,2,2,2,7
S01008797,Level 1,134,108,26,8,7,6,5
S01008797,Level 2,117,105,12,1,3,4,4
S01008797,Level 3,79,50,29,7,7,11,4
S01008797,Level 4 and above,405,244,161,65,37,35,24
S01008798,All people aged 16 and over,724,546,178,52,47,41,38
S01008798,No qualifications,151,137,14,3,2,3,6
S01008798,Level 1,102,83,19,4,6,3,6
S01008798,Level 2,98,85,13,3,1,3,6
S01008798,Level 3,64,49,15,5,3,7,0
S01008798,Level 4 and above,309,192,117,37,35,25,20
S01008799,All people aged 16 and over,565,335,230,42,94,73,21
S01008799,No qualifications,85,63,22,6,10,3,3
S01008799,Level 1,121,67,54,6,22,22,4
S01008799,Level 2,89,66,23,5,10,7,1
S01008799,Level 3,63,37,26,7,9,9,1
S01008799,Level 4 and above,207,102,105,18,43,32,12
S01008800,All people aged 16 and over,970,663,307,68,109,91,39
S01008800,No qualifications,82,54,28,5,13,7,3
S01008800,Level 1,145,104,41,9,21,10,1
S01008800,Level 2,127,102,25,3,8,5,9
S01008800,Level 3,103,69,34,7,8,15,4
S01008800,Level 4 and above,513,334,179,44,59,54,22
S01008801,All people aged 16 and over,870,584,286,74,73,73,66
S01008801,No qualifications,120,77,43,9,9,11,14
S01008801,Level 1,120,75,45,12,16,13,4
S01008801,Level 2,103,92,11,1,2,5,3
S01008801,Level 3,82,61,21,3,5,8,5
S01008801,Level 4 and above,445,279,166,49,41,36,40
S01008802,All people aged 16 and over,892,647,245,74,75,50,46
S01008802,No qualifications,140,116,24,8,5,3,8
S01008802,Level 1,156,110,46,13,16,10,7
S01008802,Level 2,98,90,8,4,2,0,2
S01008802,Level 3,102,72,30,8,9,7,6
S01008802,Level 4 and above,396,259,137,41,43,30,23
S01008803,All people aged 16 and over,862,655,207,65,56,40,46
S01008803,No qualifications,145,119,26,3,3,8,12
S01008803,Level 1,163,129,34,4,11,11,8
S01008803,Level 2,99,87,12,2,4,2,4
S01008803,Level 3,90,72,18,7,5,0,6
S01008803,Level 4 and above,365,248,117,49,33,19,16
S01008804,All people aged 16 and over,608,370,238,76,69,47,46
S01008804,No qualifications,145,115,30,6,6,3,15
S01008804,Level 1,107,62,45,8,18,13,6
S01008804,Level 2,53,42,11,5,2,1,3
S01008804,Level 3,63,26,37,17,10,3,7
S01008804,Level 4 and above,240,125,115,40,33,27,15
S01008805,All people aged 16 and over,589,352,237,114,76,22,25
S01008805,No qualifications,42,26,16,4,8,2,2
S01008805,Level 1,65,42,23,10,9,2,2
S01008805,Level 2,77,70,7,5,2,0,0
S01008805,Level 3,66,41,25,9,11,5,0
S01008805,Level 4 and above,339,173,166,86,46,13,21
S01008806,All people aged 16 and over,919,604,315,87,87,81,60
S01008806,No qualifications,76,52,24,7,8,3,6
S01008806,Level 1,121,83,38,7,16,8,7
S01008806,Level 2,104,91,13,2,2,5,4
S01008806,Level 3,74,48,26,5,12,5,4
S01008806,Level 4 and above,544,330,214,66,49,60,39
S01008807,All people aged 16 and over,742,539,203,52,46,49,56
S01008807,No qualifications,102,80,22,2,9,0,11
S01008807,Level 1,98,75,23,5,6,8,4
S01008807,Level 2,90,76,14,0,2,2,10
S01008807,Level 3,70,52,18,4,8,4,2
S01008807,Level 4 and above,382,256,126,41,21,35,29
S01008808,All people aged 16 and over,614,469,145,23,34,28,60
S01008808,No qualifications,105,91,14,0,2,0,12
S01008808,Level 1,68,55,13,1,0,2,10
S01008808,Level 2,75,67,8,0,2,1,5
S01008808,Level 3,39,33,6,1,1,3,1
S01008808,Level 4 and above,327,223,104,21,29,22,32
S01008809,All people aged 16 and over,570,423,147,30,40,28,49
S01008809,No qualifications,42,36,6,1,0,2,3
S01008809,Level 1,48,32,16,2,7,3,4
S01008809,Level 2,88,78,10,2,4,2,2
S01008809,Level 3,42,30,12,2,5,2,3
S01008809,Level 4 and above,350,247,103,23,24,19,37
S01008810,All people aged 16 and over,654,467,187,63,46,28,50
S01008810,No qualifications,35,29,6,0,2,0,4
S01008810,Level 1,68,42,26,16,5,1,4
S01008810,Level 2,80,72,8,3,1,0,4
S01008810,Level 3,41,31,10,1,1,2,6
S01008810,Level 4 and above,430,293,137,43,37,25,32
S01008811,All people aged 16 and over,794,558,236,69,60,41,66
S01008811,No qualifications,68,43,25,2,5,2,16
S01008811,Level 1,99,65,34,12,9,7,6
S01008811,Level 2,135,116,19,6,7,0,6
S01008811,Level 3,51,36,15,6,2,5,2
S01008811,Level 4 and above,441,298,143,43,37,27,36
S01008812,All people aged 16 and over,436,319,117,38,24,26,29
S01008812,No qualifications,31,25,6,0,0,1,5
S01008812,Level 1,48,34,14,8,2,2,2
S01008812,Level 2,53,45,8,2,2,1,3
S01008812,Level 3,36,26,10,6,3,1,0
S01008812,Level 4 and above,268,189,79,22,17,21,19
S01008813,All people aged 16 and over,828,608,220,59,53,36,72
S01008813,No qualifications,176,150,26,6,3,0,17
S01008813,Level 1,150,102,48,7,10,9,22
S01008813,Level 2,98,88,10,3,2,1,4
S01008813,Level 3,77,58,19,4,3,6,6
S01008813,Level 4 and above,327,210,117,39,35,20,23
S01008814,All people aged 16 and over,732,501,231,63,61,55,52
S01008814,No qualifications,99,79,20,4,4,4,8
S01008814,Level 1,109,72,37,9,10,12,6
S01008814,Level 2,104,80,24,7,5,3,9
S01008814,Level 3,49,28,21,5,7,6,3
S01008814,Level 4 and above,371,242,129,38,35,30,26
S01008815,All people aged 16 and over,806,574,232,67,66,56,43
S01008815,No qualifications,115,93,22,4,8,1,9
S01008815,Level 1,125,90,35,6,12,11,6
S01008815,Level 2,91,79,12,4,5,1,2
S01008815,Level 3,91,63,28,10,9,7,2
S01008815,Level 4 and above,384,249,135,43,32,36,24
S01008816,All people aged 16 and over,473,400,73,26,12,17,18
S01008816,No qualifications,87,77,10,6,1,2,1
S01008816,Level 1,75,63,12,5,1,2,4
S01008816,Level 2,69,66,3,0,2,1,0
S01008816,Level 3,40,30,10,1,2,3,4
S01008816,Level 4 and above,202,164,38,14,6,9,9
S01008817,All people aged 16 and over,658,505,153,32,57,33,31
S01008817,No qualifications,114,99,15,2,7,4,2
S01008817,Level 1,121,108,13,2,7,2,2
S01008817,Level 2,79,68,11,4,4,1,2
S01008817,Level 3,66,49,17,1,5,7,4
S01008817,Level 4 and above,278,181,97,23,34,19,21
S01008818,All people aged 16 and over,641,556,85,6,19,27,33
S01008818,No qualifications,54,49,5,2,0,1,2
S01008818,Level 1,139,127,12,0,3,4,5
S01008818,Level 2,73,71,2,0,1,0,1
S01008818,Level 3,61,52,9,0,1,3,5
S01008818,Level 4 and above,314,257,57,4,14,19,20
S01008819,All people aged 16 and over,646,560,86,13,19,19,35
S01008819,No qualifications,94,91,3,0,0,0,3
S01008819,Level 1,100,90,10,6,3,0,1
S01008819,Level 2,68,66,2,0,0,0,2
S01008819,Level 3,38,34,4,0,2,1,1
S01008819,Level 4 and above,346,279,67,7,14,18,28
S01008820,All people aged 16 and over,962,790,172,23,47,41,61
S01008820,No qualifications,197,176,21,2,5,1,13
S01008820,Level 1,173,151,22,3,7,5,7
S01008820,Level 2,100,90,10,1,0,2,7
S01008820,Level 3,82,65,17,3,4,8,2
S01008820,Level 4 and above,410,308,102,14,31,25,32
S01008821,All people aged 16 and over,550,458,92,12,7,13,60
S01008821,No qualifications,49,37,12,0,3,0,9
S01008821,Level 1,83,69,14,4,2,2,6
S01008821,Level 2,68,62,6,2,0,0,4
S01008821,Level 3,39,30,9,1,1,2,5
S01008821,Level 4 and above,311,260,51,5,1,9,36
S01008822,All people aged 16 and over,585,528,57,10,8,4,35
S01008822,No qualifications,63,57,6,0,1,1,4
S01008822,Level 1,61,56,5,1,2,0,2
S01008822,Level 2,75,74,1,0,0,0,1
S01008822,Level 3,41,33,8,1,2,0,5
S01008822,Level 4 and above,345,308,37,8,3,3,23
S01008823,All people aged 16 and over,556,494,62,5,8,10,39
S01008823,No qualifications,101,92,9,0,0,1,8
S01008823,Level 1,70,67,3,1,0,0,2
S01008823,Level 2,55,50,5,0,0,0,5
S01008823,Level 3,31,28,3,0,1,0,2
S01008823,Level 4 and above,299,257,42,4,7,9,22
S01008824,All people aged 16 and over,833,750,83,2,17,23,41
S01008824,No qualifications,115,110,5,0,1,0,4
S01008824,Level 1,104,97,7,0,4,1,2
S01008824,Level 2,85,82,3,0,0,2,1
S01008824,Level 3,74,64,10,0,4,2,4
S01008824,Level 4 and above,455,397,58,2,8,18,30
S01008825,All people aged 16 and over,512,460,52,8,12,10,22
S01008825,No qualifications,62,61,1,0,0,0,1
S01008825,Level 1,69,67,2,0,0,1,1
S01008825,Level 2,55,49,6,2,2,0,2
S01008825,Level 3,30,28,2,0,1,1,0
S01008825,Level 4 and above,296,255,41,6,9,8,18
S01008826,All people aged 16 and over,589,520,69,12,18,10,29
S01008826,No qualifications,78,71,7,2,1,1,3
S01008826,Level 1,106,95,11,2,6,0,3
S01008826,Level 2,62,54,8,0,0,2,6
S01008826,Level 3,42,42,0,0,0,0,0
S01008826,Level 4 and above,301,258,43,8,11,7,17
S01008827,All people aged 16 and over,570,517,53,2,4,9,38
S01008827,No qualifications,26,25,1,0,0,0,1
S01008827,Level 1,62,56,6,0,0,1,5
S01008827,Level 2,47,42,5,0,1,1,3
S01008827,Level 3,37,35,2,0,0,1,1
S01008827,Level 4 and above,398,359,39,2,3,6,28
S01008828,All people aged 16 and over,751,674,77,11,13,13,40
S01008828,No qualifications,86,84,2,0,0,0,2
S01008828,Level 1,103,92,11,2,4,2,3
S01008828,Level 2,99,96,3,0,0,1,2
S01008828,Level 3,65,58,7,0,3,0,4
S01008828,Level 4 and above,398,344,54,9,6,10,29
S01008829,All people aged 16 and over,564,490,74,24,15,14,21
S01008829,No qualifications,111,96,15,9,0,1,5
S01008829,Level 1,95,89,6,0,3,1,2
S01008829,Level 2,62,53,9,3,4,1,1
S01008829,Level 3,38,34,4,1,1,2,0
S01008829,Level 4 and above,258,218,40,11,7,9,13
S01008830,All people aged 16 and over,561,505,56,9,7,8,32
S01008830,No qualifications,71,69,2,0,0,1,1
S01008830,Level 1,62,60,2,0,2,0,0
S01008830,Level 2,71,69,2,1,0,0,1
S01008830,Level 3,37,37,0,0,0,0,0
S01008830,Level 4 and above,320,270,50,8,5,7,30
S01008831,All people aged 16 and over,658,620,38,4,1,8,25
S01008831,No qualifications,74,72,2,0,0,0,2
S01008831,Level 1,96,91,5,0,0,0,5
S01008831,Level 2,92,86,6,2,0,0,4
S01008831,Level 3,60,57,3,0,0,1,2
S01008831,Level 4 and above,336,314,22,2,1,7,12
S01008832,All people aged 16 and over,655,561,94,12,13,20,49
S01008832,No qualifications,102,86,16,0,0,5,11
S01008832,Level 1,76,66,10,2,0,4,4
S01008832,Level 2,71,69,2,0,1,1,0
S01008832,Level 3,31,28,3,0,1,2,0
S01008832,Level 4 and above,375,312,63,10,11,8,34
S01008833,All people aged 16 and over,863,732,131,32,20,17,62
S01008833,No qualifications,94,87,7,3,0,0,4
S01008833,Level 1,81,72,9,2,0,2,5
S01008833,Level 2,110,100,10,3,2,0,5
S01008833,Level 3,52,39,13,8,1,1,3
S01008833,Level 4 and above,526,434,92,16,17,14,45
S01008834,All people aged 16 and over,977,828,149,13,26,22,88
S01008834,No qualifications,122,108,14,0,1,1,12
S01008834,Level 1,116,106,10,3,1,1,5
S01008834,Level 2,116,106,10,0,4,1,5
S01008834,Level 3,56,49,7,0,2,0,5
S01008834,Level 4 and above,567,459,108,10,18,19,61
S01008835,All people aged 16 and over,695,643,52,10,4,14,24
S01008835,No qualifications,148,142,6,2,0,2,2
S01008835,Level 1,126,121,5,1,1,0,3
S01008835,Level 2,103,99,4,1,0,2,1
S01008835,Level 3,45,44,1,0,0,0,1
S01008835,Level 4 and above,273,237,36,6,3,10,17
S01008836,All people aged 16 and over,606,479,127,23,22,43,39
S01008836,No qualifications,128,123,5,0,1,1,3
S01008836,Level 1,108,86,22,6,2,5,9
S01008836,Level 2,73,66,7,0,1,1,5
S01008836,Level 3,49,37,12,5,2,2,3
S01008836,Level 4 and above,248,167,81,12,16,34,19
S01008837,All people aged 16 and over,939,723,216,57,54,56,49
S01008837,No qualifications,85,74,11,2,0,1,8
S01008837,Level 1,104,82,22,7,4,6,5
S01008837,Level 2,110,103,7,2,1,1,3
S01008837,Level 3,72,54,18,5,4,8,1
S01008837,Level 4 and above,568,410,158,41,45,40,32
S01008838,All people aged 16 and over,933,737,196,57,38,40,61
S01008838,No qualifications,94,76,18,2,0,1,15
S01008838,Level 1,109,89,20,3,5,7,5
S01008838,Level 2,122,114,8,2,1,2,3
S01008838,Level 3,81,64,17,2,7,3,5
S01008838,Level 4 and above,527,394,133,48,25,27,33
S01008839,All people aged 16 and over,918,735,183,42,47,30,64
S01008839,No qualifications,75,65,10,1,0,1,8
S01008839,Level 1,118,100,18,4,5,3,6
S01008839,Level 2,140,131,9,1,4,0,4
S01008839,Level 3,77,63,14,5,7,0,2
S01008839,Level 4 and above,508,376,132,31,31,26,44
S01008840,All people aged 16 and over,934,753,181,45,39,37,60
S01008840,No qualifications,89,76,13,3,3,2,5
S01008840,Level 1,121,97,24,7,5,1,11
S01008840,Level 2,129,116,13,4,5,2,2
S01008840,Level 3,61,49,12,2,1,3,6
S01008840,Level 4 and above,534,415,119,29,25,29,36
S01008841,All people aged 16 and over,502,373,129,43,32,20,34
S01008841,No qualifications,54,43,11,1,4,2,4
S01008841,Level 1,73,56,17,6,6,1,4
S01008841,Level 2,51,45,6,0,3,0,3
S01008841,Level 3,54,46,8,5,2,0,1
S01008841,Level 4 and above,270,183,87,31,17,17,22
S01008842,All people aged 16 and over,789,517,272,86,85,60,41
S01008842,No qualifications,53,32,21,1,4,3,13
S01008842,Level 1,114,77,37,6,18,9,4
S01008842,Level 2,87,74,13,4,6,3,0
S01008842,Level 3,71,50,21,4,3,12,2
S01008842,Level 4 and above,464,284,180,71,54,33,22
S01008843,All people aged 16 and over,912,593,319,131,59,59,70
S01008843,No qualifications,62,36,26,6,2,3,15
S01008843,Level 1,101,60,41,22,7,3,9
S01008843,Level 2,111,96,15,7,5,1,2
S01008843,Level 3,77,50,27,14,4,6,3
S01008843,Level 4 and above,561,351,210,82,41,46,41
S01008844,All people aged 16 and over,617,440,177,33,65,38,41
S01008844,No qualifications,28,18,10,0,0,3,7
S01008844,Level 1,74,47,27,2,17,5,3
S01008844,Level 2,79,73,6,0,3,1,2
S01008844,Level 3,45,29,16,3,8,3,2
S01008844,Level 4 and above,391,273,118,28,37,26,27
S01008845,All people aged 16 and over,795,542,253,80,72,41,60
S01008845,No qualifications,31,18,13,0,4,1,8
S01008845,Level 1,54,31,23,11,4,5,3
S01008845,Level 2,168,146,22,8,6,2,6
S01008845,Level 3,50,36,14,5,4,3,2
S01008845,Level 4 and above,492,311,181,56,54,30,41
S01008846,All people aged 16 and over,741,563,178,73,23,31,51
S01008846,No qualifications,45,40,5,0,0,0,5
S01008846,Level 1,82,55,27,14,5,3,5
S01008846,Level 2,137,123,14,6,2,1,5
S01008846,Level 3,48,34,14,4,2,1,7
S01008846,Level 4 and above,429,311,118,49,14,26,29
S01008847,All people aged 16 and over,537,394,143,60,19,28,36
S01008847,No qualifications,20,14,6,1,0,0,5
S01008847,Level 1,44,22,22,10,5,5,2
S01008847,Level 2,95,83,12,4,0,1,7
S01008847,Level 3,34,26,8,3,3,1,1
S01008847,Level 4 and above,344,249,95,42,11,21,21
S01008848,All people aged 16 and over,711,579,132,35,18,16,63
S01008848,No qualifications,32,30,2,0,0,0,2
S01008848,Level 1,54,43,11,3,3,2,3
S01008848,Level 2,149,132,17,4,2,1,10
S01008848,Level 3,44,36,8,2,2,1,3
S01008848,Level 4 and above,432,338,94,26,11,12,45
S01008849,All people aged 16 and over,663,491,172,64,35,26,47
S01008849,No qualifications,11,9,2,0,0,1,1
S01008849,Level 1,51,34,17,7,6,1,3
S01008849,Level 2,110,107,3,1,2,0,0
S01008849,Level 3,25,17,8,2,3,1,2
S01008849,Level 4 and above,466,324,142,54,24,23,41
S01008850,All people aged 16 and over,739,609,130,50,23,12,45
S01008850,No qualifications,27,24,3,0,0,0,3
S01008850,Level 1,41,29,12,6,2,1,3
S01008850,Level 2,157,141,16,8,3,0,5
S01008850,Level 3,28,22,6,0,3,0,3
S01008850,Level 4 and above,486,393,93,36,15,11,31
S01008851,All people aged 16 and over,952,752,200,49,35,36,80
S01008851,No qualifications,109,93,16,6,1,2,7
S01008851,Level 1,93,65,28,13,4,5,6
S01008851,Level 2,120,99,21,3,1,4,13
S01008851,Level 3,63,46,17,3,6,3,5
S01008851,Level 4 and above,567,449,118,24,23,22,49
S01008852,All people aged 16 and over,884,689,195,46,33,31,85
S01008852,No qualifications,37,26,11,2,6,1,2
S01008852,Level 1,56,36,20,8,4,2,6
S01008852,Level 2,110,83,27,3,3,7,14
S01008852,Level 3,42,31,11,3,2,1,5
S01008852,Level 4 and above,639,513,126,30,18,20,58
S01008853,All people aged 16 and over,607,409,198,62,43,38,55
S01008853,No qualifications,5,2,3,0,0,2,1
S01008853,Level 1,49,33,16,5,6,0,5
S01008853,Level 2,95,74,21,11,6,1,3
S01008853,Level 3,22,19,3,0,1,0,2
S01008853,Level 4 and above,436,281,155,46,30,35,44
S01008854,All people aged 16 and over,846,651,195,68,39,28,60
S01008854,No qualifications,19,13,6,2,0,0,4
S01008854,Level 1,65,42,23,9,2,5,7
S01008854,Level 2,153,128,25,8,6,1,10
S01008854,Level 3,36,29,7,3,0,2,2
S01008854,Level 4 and above,573,439,134,46,31,20,37
S01008855,All people aged 16 and over,985,772,213,65,44,36,68
S01008855,No qualifications,36,29,7,2,0,1,4
S01008855,Level 1,61,48,13,5,2,3,3
S01008855,Level 2,107,89,18,6,3,0,9
S01008855,Level 3,58,51,7,2,1,2,2
S01008855,Level 4 and above,723,555,168,50,38,30,50
S01008856,All people aged 16 and over,507,352,155,56,31,29,39
S01008856,No qualifications,22,15,7,0,1,1,5
S01008856,Level 1,58,32,26,6,8,7,5
S01008856,Level 2,49,40,9,4,1,0,4
S01008856,Level 3,39,28,11,3,2,2,4
S01008856,Level 4 and above,339,237,102,43,19,19,21
S01008857,All people aged 16 and over,693,575,118,22,20,24,52
S01008857,No qualifications,38,29,9,3,0,0,6
S01008857,Level 1,64,56,8,2,1,1,4
S01008857,Level 2,76,69,7,0,2,2,3
S01008857,Level 3,48,37,11,1,3,3,4
S01008857,Level 4 and above,467,384,83,16,14,18,35
S01008858,All people aged 16 and over,499,418,81,10,18,11,42
S01008858,No qualifications,25,22,3,1,0,0,2
S01008858,Level 1,37,31,6,1,4,0,1
S01008858,Level 2,41,38,3,0,1,0,2
S01008858,Level 3,23,19,4,0,0,2,2
S01008858,Level 4 and above,373,308,65,8,13,9,35
S01008859,All people aged 16 and over,1041,819,222,46,51,38,87
S01008859,No qualifications,115,109,6,1,1,0,4
S01008859,Level 1,94,71,23,1,10,4,8
S01008859,Level 2,101,90,11,2,1,1,7
S01008859,Level 3,68,46,22,8,3,5,6
S01008859,Level 4 and above,663,503,160,34,36,28,62
S01008860,All people aged 16 and over,806,658,148,35,23,30,60
S01008860,No qualifications,71,58,13,2,0,1,10
S01008860,Level 1,76,68,8,2,1,1,4
S01008860,Level 2,88,78,10,3,1,1,5
S01008860,Level 3,58,49,9,1,1,0,7
S01008860,Level 4 and above,513,405,108,27,20,27,34
S01008861,All people aged 16 and over,639,552,87,12,7,11,57
S01008861,No qualifications,28,26,2,0,0,1,1
S01008861,Level 1,43,39,4,0,0,1,3
S01008861,Level 2,69,62,7,1,0,0,6
S01008861,Level 3,34,32,2,0,0,1,1
S01008861,Level 4 and above,465,393,72,11,7,8,46
S01008862,All people aged 16 and over,828,673,155,49,31,29,46
S01008862,No qualifications,49,43,6,3,0,1,2
S01008862,Level 1,78,55,23,2,9,4,8
S01008862,Level 2,88,79,9,2,2,2,3
S01008862,Level 3,45,34,11,3,1,4,3
S01008862,Level 4 and above,568,462,106,39,19,18,30
S01008863,All people aged 16 and over,641,518,123,30,27,21,45
S01008863,No qualifications,54,50,4,0,0,0,4
S01008863,Level 1,58,52,6,3,1,0,2
S01008863,Level 2,52,48,4,1,2,0,1
S01008863,Level 3,37,31,6,2,2,1,1
S01008863,Level 4 and above,440,337,103,24,22,20,37
S01008864,All people aged 16 and over,880,646,234,79,55,41,59
S01008864,No qualifications,78,62,16,7,3,3,3
S01008864,Level 1,197,114,83,50,18,6,9
S01008864,Level 2,137,97,40,9,14,9,8
S01008864,Level 3,34,29,5,0,0,3,2
S01008864,Level 4 and above,434,344,90,13,20,20,37
S01008865,All people aged 16 and over,744,604,140,31,30,32,47
S01008865,No qualifications,64,55,9,1,1,1,6
S01008865,Level 1,76,67,9,1,1,3,4
S01008865,Level 2,66,61,5,1,2,1,1
S01008865,Level 3,48,36,12,1,1,2,8
S01008865,Level 4 and above,490,385,105,27,25,25,28
S01008866,All people aged 16 and over,711,561,150,18,28,29,75
S01008866,No qualifications,41,28,13,0,1,1,11
S01008866,Level 1,34,23,11,1,1,1,8
S01008866,Level 2,62,53,9,4,0,1,4
S01008866,Level 3,51,43,8,0,2,1,5
S01008866,Level 4 and above,523,414,109,13,24,25,47
S01008867,All people aged 16 and over,697,575,122,24,24,17,57
S01008867,No qualifications,29,26,3,0,1,0,2
S01008867,Level 1,50,43,7,3,1,1,2
S01008867,Level 2,62,52,10,0,2,3,5
S01008867,Level 3,40,33,7,2,1,1,3
S01008867,Level 4 and above,516,421,95,19,19,12,45
S01008868,All people aged 16 and over,728,458,270,115,68,34,53
S01008868,No qualifications,17,12,5,0,1,2,2
S01008868,Level 1,68,45,23,11,8,1,3
S01008868,Level 2,90,58,32,14,8,3,7
S01008868,Level 3,73,40,33,17,14,2,0
S01008868,Level 4 and above,480,303,177,73,37,26,41
S01008869,All people aged 16 and over,937,720,217,68,51,21,77
S01008869,No qualifications,47,44,3,0,0,0,3
S01008869,Level 1,79,65,14,6,2,2,4
S01008869,Level 2,83,71,12,3,2,2,5
S01008869,Level 3,54,48,6,1,4,0,1
S01008869,Level 4 and above,674,492,182,58,43,17,64
S01008870,All people aged 16 and over,697,565,132,26,25,26,55
S01008870,No qualifications,50,46,4,0,0,0,4
S01008870,Level 1,60,46,14,4,5,3,2
S01008870,Level 2,54,47,7,0,0,3,4
S01008870,Level 3,46,35,11,2,2,2,5
S01008870,Level 4 and above,487,391,96,20,18,18,40
S01008871,All people aged 16 and over,973,761,212,67,47,25,73
S01008871,No qualifications,29,22,7,2,1,1,3
S01008871,Level 1,68,54,14,9,3,1,1
S01008871,Level 2,187,159,28,14,4,1,9
S01008871,Level 3,73,45,28,1,11,7,9
S01008871,Level 4 and above,616,481,135,41,28,15,51
S01008872,All people aged 16 and over,767,603,164,62,26,23,53
S01008872,No qualifications,45,33,12,2,0,1,9
S01008872,Level 1,58,38,20,6,5,3,6
S01008872,Level 2,167,152,15,7,6,1,1
S01008872,Level 3,36,28,8,3,0,1,4
S01008872,Level 4 and above,461,352,109,44,15,17,33
S01008873,All people aged 16 and over,588,494,94,29,13,7,45
S01008873,No qualifications,23,23,0,0,0,0,0
S01008873,Level 1,48,42,6,4,1,0,1
S01008873,Level 2,72,66,6,1,0,0,5
S01008873,Level 3,37,32,5,0,1,2,2
S01008873,Level 4 and above,408,331,77,24,11,5,37
S01008874,All people aged 16 and over,774,619,155,49,39,38,29
S01008874,No qualifications,93,87,6,1,1,2,2
S01008874,Level 1,83,65,18,3,9,3,3
S01008874,Level 2,92,81,11,3,2,4,2
S01008874,Level 3,52,48,4,0,2,1,1
S01008874,Level 4 and above,454,338,116,42,25,28,21
S01008875,All people aged 16 and over,756,588,168,63,51,30,24
S01008875,No qualifications,83,78,5,0,0,1,4
S01008875,Level 1,121,103,18,8,5,2,3
S01008875,Level 2,109,98,11,4,2,2,3
S01008875,Level 3,49,39,10,3,3,2,2
S01008875,Level 4 and above,394,270,124,48,41,23,12
S01008876,All people aged 16 and over,497,459,38,2,7,3,26
S01008876,No qualifications,84,80,4,0,0,0,4
S01008876,Level 1,80,76,4,0,0,0,4
S01008876,Level 2,72,67,5,0,1,2,2
S01008876,Level 3,42,41,1,0,0,0,1
S01008876,Level 4 and above,219,195,24,2,6,1,15
S01008877,All people aged 16 and over,444,394,50,8,13,10,19
S01008877,No qualifications,43,38,5,1,0,0,4
S01008877,Level 1,79,74,5,0,1,1,3
S01008877,Level 2,60,57,3,1,1,1,0
S01008877,Level 3,45,41,4,1,1,0,2
S01008877,Level 4 and above,217,184,33,5,10,8,10
S01008878,All people aged 16 and over,778,713,65,10,8,15,32
S01008878,No qualifications,251,245,6,0,0,0,6
S01008878,Level 1,152,144,8,0,1,3,4
S01008878,Level 2,98,95,3,1,1,0,1
S01008878,Level 3,60,50,10,1,0,5,4
S01008878,Level 4 and above,217,179,38,8,6,7,17
S01008879,All people aged 16 and over,696,621,75,4,11,20,40
S01008879,No qualifications,159,146,13,1,1,3,8
S01008879,Level 1,131,120,11,1,0,3,7
S01008879,Level 2,103,98,5,0,1,0,4
S01008879,Level 3,61,55,6,0,3,2,1
S01008879,Level 4 and above,242,202,40,2,6,12,20
S01008880,All people aged 16 and over,533,477,56,8,13,13,22
S01008880,No qualifications,85,82,3,0,0,0,3
S01008880,Level 1,74,68,6,1,0,3,2
S01008880,Level 2,72,68,4,1,1,1,1
S01008880,Level 3,51,46,5,0,2,1,2
S01008880,Level 4 and above,251,213,38,6,10,8,14
S01008881,All people aged 16 and over,518,448,70,9,7,18,36
S01008881,No qualifications,58,52,6,0,0,0,6
S01008881,Level 1,71,63,8,0,1,5,2
S01008881,Level 2,63,55,8,3,0,2,3
S01008881,Level 3,36,32,4,0,1,2,1
S01008881,Level 4 and above,290,246,44,6,5,9,24
S01008882,All people aged 16 and over,851,761,90,20,14,7,49
S01008882,No qualifications,55,52,3,2,0,0,1
S01008882,Level 1,87,69,18,6,7,2,3
S01008882,Level 2,122,105,17,5,5,1,6
S01008882,Level 3,32,29,3,0,0,1,2
S01008882,Level 4 and above,555,506,49,7,2,3,37
S01008883,All people aged 16 and over,790,729,61,5,5,9,42
S01008883,No qualifications,80,78,2,0,0,1,1
S01008883,Level 1,68,62,6,0,0,1,5
S01008883,Level 2,79,74,5,0,0,0,5
S01008883,Level 3,34,33,1,0,0,0,1
S01008883,Level 4 and above,529,482,47,5,5,7,30
S01008884,All people aged 16 and over,590,530,60,1,5,6,48
S01008884,No qualifications,32,27,5,0,0,0,5
S01008884,Level 1,77,67,10,0,0,2,8
S01008884,Level 2,73,65,8,1,4,1,2
S01008884,Level 3,37,35,2,0,0,0,2
S01008884,Level 4 and above,371,336,35,0,1,3,31
S01008885,All people aged 16 and over,680,609,71,0,7,14,50
S01008885,No qualifications,50,42,8,0,2,1,5
S01008885,Level 1,74,66,8,0,1,2,5
S01008885,Level 2,93,84,9,0,1,3,5
S01008885,Level 3,40,40,0,0,0,0,0
S01008885,Level 4 and above,423,377,46,0,3,8,35
S01008886,All people aged 16 and over,712,587,125,35,21,15,54
S01008886,No qualifications,62,55,7,1,1,1,4
S01008886,Level 1,87,71,16,7,3,1,5
S01008886,Level 2,106,100,6,1,1,0,4
S01008886,Level 3,52,46,6,0,1,3,2
S01008886,Level 4 and above,405,315,90,26,15,10,39
S01008887,All people aged 16 and over,643,568,75,13,13,15,34
S01008887,No qualifications,83,76,7,0,0,1,6
S01008887,Level 1,103,94,9,4,0,0,5
S01008887,Level 2,80,77,3,0,0,0,3
S01008887,Level 3,68,59,9,0,1,4,4
S01008887,Level 4 and above,309,262,47,9,12,10,16
S01008888,All people aged 16 and over,542,436,106,23,26,29,28
S01008888,No qualifications,24,23,1,0,0,1,0
S01008888,Level 1,64,53,11,4,1,5,1
S01008888,Level 2,72,63,9,0,4,0,5
S01008888,Level 3,34,28,6,0,3,2,1
S01008888,Level 4 and above,348,269,79,19,18,21,21
S01008889,All people aged 16 and over,459,401,58,10,10,5,33
S01008889,No qualifications,68,57,11,0,0,0,11
S01008889,Level 1,83,74,9,3,1,2,3
S01008889,Level 2,55,53,2,0,1,0,1
S01008889,Level 3,42,38,4,0,2,1,1
S01008889,Level 4 and above,211,179,32,7,6,2,17
S01008890,All people aged 16 and over,599,550,49,0,3,6,40
S01008890,No qualifications,105,93,12,0,1,0,11
S01008890,Level 1,97,93,4,0,0,0,4
S01008890,Level 2,97,91,6,0,0,0,6
S01008890,Level 3,48,43,5,0,1,0,4
S01008890,Level 4 and above,252,230,22,0,1,6,15
S01008891,All people aged 16 and over,628,576,52,0,2,6,44
S01008891,No qualifications,71,64,7,0,0,0,7
S01008891,Level 1,124,112,12,0,0,0,12
S01008891,Level 2,86,82,4,0,0,1,3
S01008891,Level 3,45,41,4,0,0,0,4
S01008891,Level 4 and above,302,277,25,0,2,5,18
S01008892,All people aged 16 and over,837,740,97,20,18,24,35
S01008892,No qualifications,115,106,9,1,1,1,6
S01008892,Level 1,136,119,17,2,3,8,4
S01008892,Level 2,92,87,5,0,1,0,4
S01008892,Level 3,64,56,8,4,0,0,4
S01008892,Level 4 and above,430,372,58,13,13,15,17
S01008893,All people aged 16 and over,724,651,73,8,11,5,49
S01008893,No qualifications,56,46,10,0,1,0,9
S01008893,Level 1,80,69,11,0,4,1,6
S01008893,Level 2,92,91,1,0,0,0,1
S01008893,Level 3,60,54,6,0,1,0,5
S01008893,Level 4 and above,436,391,45,8,5,4,28
S01008894,All people aged 16 and over,688,639,49,1,3,3,42
S01008894,No qualifications,43,40,3,0,1,0,2
S01008894,Level 1,89,81,8,1,1,1,5
S01008894,Level 2,99,97,2,0,0,0,2
S01008894,Level 3,50,48,2,0,0,0,2
S01008894,Level 4 and above,407,373,34,0,1,2,31
S01008895,All people aged 16 and over,632,564,68,8,9,10,41
S01008895,No qualifications,68,64,4,0,1,1,2
S01008895,Level 1,72,60,12,3,2,1,6
S01008895,Level 2,85,81,4,1,1,0,2
S01008895,Level 3,43,39,4,0,0,0,4
S01008895,Level 4 and above,364,320,44,4,5,8,27
S01008896,All people aged 16 and over,410,360,50,7,13,2,28
S01008896,No qualifications,33,25,8,3,0,0,5
S01008896,Level 1,51,45,6,1,1,0,4
S01008896,Level 2,58,57,1,1,0,0,0
S01008896,Level 3,32,30,2,0,1,0,1
S01008896,Level 4 and above,236,203,33,2,11,2,18
S01008897,All people aged 16 and over,551,482,69,3,15,9,42
S01008897,No qualifications,79,65,14,0,1,0,13
S01008897,Level 1,76,65,11,2,2,0,7
S01008897,Level 2,55,53,2,1,0,0,1
S01008897,Level 3,32,27,5,0,1,1,3
S01008897,Level 4 and above,309,272,37,0,11,8,18
S01008898,All people aged 16 and over,689,610,79,13,7,13,46
S01008898,No qualifications,76,64,12,0,0,2,10
S01008898,Level 1,109,91,18,6,3,3,6
S01008898,Level 2,111,102,9,0,2,4,3
S01008898,Level 3,52,45,7,5,0,1,1
S01008898,Level 4 and above,341,308,33,2,2,3,26
S01008899,All people aged 16 and over,669,612,57,3,9,23,22
S01008899,No qualifications,249,242,7,1,0,3,3
S01008899,Level 1,206,199,7,0,0,2,5
S01008899,Level 2,68,59,9,0,0,3,6
S01008899,Level 3,51,40,11,1,4,3,3
S01008899,Level 4 and above,95,72,23,1,5,12,5
S01008900,All people aged 16 and over,789,696,93,18,16,26,33
S01008900,No qualifications,250,236,14,3,0,3,8
S01008900,Level 1,240,223,17,1,3,8,5
S01008900,Level 2,98,88,10,0,2,2,6
S01008900,Level 3,43,34,9,3,2,2,2
S01008900,Level 4 and above,158,115,43,11,9,11,12
S01008901,All people aged 16 and over,685,618,67,7,13,19,28
S01008901,No qualifications,267,249,18,4,3,2,9
S01008901,Level 1,184,172,12,1,4,3,4
S01008901,Level 2,76,72,4,0,0,1,3
S01008901,Level 3,53,46,7,0,1,2,4
S01008901,Level 4 and above,105,79,26,2,5,11,8
S01008902,All people aged 16 and over,831,686,145,22,29,33,61
S01008902,No qualifications,258,237,21,3,5,4,9
S01008902,Level 1,251,223,28,4,4,4,16
S01008902,Level 2,89,78,11,1,2,1,7
S01008902,Level 3,65,42,23,2,3,8,10
S01008902,Level 4 and above,168,106,62,12,15,16,19
S01008903,All people aged 16 and over,811,752,59,4,11,20,24
S01008903,No qualifications,297,286,11,0,2,0,9
S01008903,Level 1,240,230,10,0,3,3,4
S01008903,Level 2,73,71,2,0,1,1,0
S01008903,Level 3,60,56,4,0,0,2,2
S01008903,Level 4 and above,141,109,32,4,5,14,9
S01008904,All people aged 16 and over,810,512,298,100,60,71,67
S01008904,No qualifications,204,177,27,4,5,3,15
S01008904,Level 1,222,159,63,35,9,13,6
S01008904,Level 2,68,57,11,0,1,5,5
S01008904,Level 3,85,41,44,18,8,10,8
S01008904,Level 4 and above,231,78,153,43,37,40,33
S01008905,All people aged 16 and over,843,682,161,48,34,44,35
S01008905,No qualifications,302,276,26,12,1,4,9
S01008905,Level 1,263,238,25,4,8,8,5
S01008905,Level 2,87,69,18,3,4,8,3
S01008905,Level 3,60,42,18,5,6,4,3
S01008905,Level 4 and above,131,57,74,24,15,20,15
S01008906,All people aged 16 and over,616,454,162,32,40,58,32
S01008906,No qualifications,165,145,20,1,8,3,8
S01008906,Level 1,185,152,33,7,8,10,8
S01008906,Level 2,72,63,9,1,3,3,2
S01008906,Level 3,63,35,28,5,3,13,7
S01008906,Level 4 and above,131,59,72,18,18,29,7
S01008907,All people aged 16 and over,437,338,99,6,47,31,15
S01008907,No qualifications,169,151,18,2,8,1,7
S01008907,Level 1,152,125,27,2,13,7,5
S01008907,Level 2,30,27,3,0,2,1,0
S01008907,Level 3,30,13,17,0,9,6,2
S01008907,Level 4 and above,56,22,34,2,15,16,1
S01008908,All people aged 16 and over,717,568,149,20,48,35,46
S01008908,No qualifications,229,203,26,4,12,1,9
S01008908,Level 1,203,171,32,3,10,5,14
S01008908,Level 2,67,59,8,1,2,1,4
S01008908,Level 3,55,42,13,2,7,2,2
S01008908,Level 4 and above,163,93,70,10,17,26,17
S01008909,All people aged 16 and over,639,569,70,13,21,20,16
S01008909,No qualifications,184,171,13,4,4,1,4
S01008909,Level 1,220,200,20,6,4,4,6
S01008909,Level 2,98,94,4,0,1,2,1
S01008909,Level 3,57,45,12,2,6,3,1
S01008909,Level 4 and above,80,59,21,1,6,10,4
S01008910,All people aged 16 and over,374,327,47,11,11,10,15
S01008910,No qualifications,96,88,8,3,0,1,4
S01008910,Level 1,119,106,13,2,6,2,3
S01008910,Level 2,38,36,2,0,0,0,2
S01008910,Level 3,39,34,5,1,1,1,2
S01008910,Level 4 and above,82,63,19,5,4,6,4
S01008911,All people aged 16 and over,787,602,185,26,65,47,47
S01008911,No qualifications,90,70,20,2,9,5,4
S01008911,Level 1,112,96,16,0,7,6,3
S01008911,Level 2,102,93,9,2,1,2,4
S01008911,Level 3,72,56,16,2,6,5,3
S01008911,Level 4 and above,411,287,124,20,42,29,33
S01008912,All people aged 16 and over,640,579,61,6,12,12,31
S01008912,No qualifications,119,110,9,1,2,1,5
S01008912,Level 1,141,129,12,2,3,1,6
S01008912,Level 2,101,96,5,0,2,1,2
S01008912,Level 3,48,43,5,0,1,1,3
S01008912,Level 4 and above,231,201,30,3,4,8,15
S01008913,All people aged 16 and over,514,446,68,17,9,19,23
S01008913,No qualifications,97,91,6,2,2,0,2
S01008913,Level 1,117,112,5,2,0,1,2
S01008913,Level 2,69,66,3,1,0,1,1
S01008913,Level 3,36,27,9,3,1,1,4
S01008913,Level 4 and above,195,150,45,9,6,16,14
S01008914,All people aged 16 and over,739,685,54,5,13,13,23
S01008914,No qualifications,225,218,7,0,2,2,3
S01008914,Level 1,188,181,7,0,3,0,4
S01008914,Level 2,89,86,3,0,0,0,3
S01008914,Level 3,51,48,3,1,0,1,1
S01008914,Level 4 and above,186,152,34,4,8,10,12
S01008915,All people aged 16 and over,463,415,48,9,5,9,25
S01008915,No qualifications,73,69,4,2,0,1,1
S01008915,Level 1,109,100,9,1,2,2,4
S01008915,Level 2,72,70,2,0,0,1,1
S01008915,Level 3,38,34,4,2,0,1,1
S01008915,Level 4 and above,171,142,29,4,3,4,18
S01008916,All people aged 16 and over,906,811,95,13,14,35,33
S01008916,No qualifications,395,379,16,0,3,4,9
S01008916,Level 1,199,179,20,4,2,7,7
S01008916,Level 2,106,90,16,3,2,6,5
S01008916,Level 3,63,54,9,1,2,4,2
S01008916,Level 4 and above,143,109,34,5,5,14,10
S01008917,All people aged 16 and over,562,486,76,12,15,26,23
S01008917,No qualifications,193,178,15,1,5,4,5
S01008917,Level 1,164,152,12,0,1,5,6
S01008917,Level 2,61,53,8,3,1,3,1
S01008917,Level 3,47,39,8,0,2,5,1
S01008917,Level 4 and above,97,64,33,8,6,9,10
S01008918,All people aged 16 and over,423,285,138,15,57,40,26
S01008918,No qualifications,149,122,27,5,9,8,5
S01008918,Level 1,116,89,27,2,14,7,4
S01008918,Level 2,31,26,5,1,1,1,2
S01008918,Level 3,45,22,23,1,13,5,4
S01008918,Level 4 and above,82,26,56,6,20,19,11
S01008919,All people aged 16 and over,404,301,103,21,29,28,25
S01008919,No qualifications,131,112,19,0,9,5,5
S01008919,Level 1,115,91,24,3,7,7,7
S01008919,Level 2,39,34,5,0,2,2,1
S01008919,Level 3,50,32,18,2,6,5,5
S01008919,Level 4 and above,69,32,37,16,5,9,7
S01008920,All people aged 16 and over,948,731,217,39,65,57,56
S01008920,No qualifications,81,75,6,1,1,1,3
S01008920,Level 1,172,130,42,9,16,7,10
S01008920,Level 2,128,115,13,2,3,3,5
S01008920,Level 3,89,67,22,6,6,6,4
S01008920,Level 4 and above,478,344,134,21,39,40,34
S01008921,All people aged 16 and over,589,465,124,16,45,42,21
S01008921,No qualifications,263,229,34,4,7,14,9
S01008921,Level 1,171,142,29,3,13,10,3
S01008921,Level 2,37,30,7,2,4,0,1
S01008921,Level 3,38,27,11,2,3,5,1
S01008921,Level 4 and above,80,37,43,5,18,13,7
S01008922,All people aged 16 and over,648,568,80,9,17,28,26
S01008922,No qualifications,222,213,9,1,2,1,5
S01008922,Level 1,218,205,13,1,4,5,3
S01008922,Level 2,58,50,8,0,1,2,5
S01008922,Level 3,52,38,14,6,1,5,2
S01008922,Level 4 and above,98,62,36,1,9,15,11
S01008923,All people aged 16 and over,611,528,83,11,23,28,21
S01008923,No qualifications,227,214,13,2,2,4,5
S01008923,Level 1,168,159,9,2,3,3,1
S01008923,Level 2,67,57,10,0,1,6,3
S01008923,Level 3,56,42,14,2,5,4,3
S01008923,Level 4 and above,93,56,37,5,12,11,9
S01008924,All people aged 16 and over,704,585,119,24,31,41,23
S01008924,No qualifications,262,241,21,6,2,3,10
S01008924,Level 1,243,214,29,4,8,13,4
S01008924,Level 2,65,55,10,4,1,4,1
S01008924,Level 3,44,31,13,1,8,4,0
S01008924,Level 4 and above,90,44,46,9,12,17,8
S01008925,All people aged 16 and over,502,376,126,21,36,37,32
S01008925,No qualifications,106,91,15,2,2,1,10
S01008925,Level 1,188,157,31,7,5,10,9
S01008925,Level 2,68,60,8,0,4,2,2
S01008925,Level 3,57,26,31,3,15,9,4
S01008925,Level 4 and above,83,42,41,9,10,15,7
S01008926,All people aged 16 and over,475,414,61,11,11,17,22
S01008926,No qualifications,133,121,12,1,4,2,5
S01008926,Level 1,164,154,10,1,1,3,5
S01008926,Level 2,47,45,2,0,0,0,2
S01008926,Level 3,26,18,8,1,3,3,1
S01008926,Level 4 and above,105,76,29,8,3,9,9
S01008927,All people aged 16 and over,657,458,199,24,80,77,18
S01008927,No qualifications,75,54,21,1,9,7,4
S01008927,Level 1,161,133,28,6,9,10,3
S01008927,Level 2,83,74,9,1,2,3,3
S01008927,Level 3,93,56,37,5,18,13,1
S01008927,Level 4 and above,245,141,104,11,42,44,7
S01008928,All people aged 16 and over,628,534,94,15,24,33,22
S01008928,No qualifications,211,202,9,1,0,2,6
S01008928,Level 1,130,115,15,2,2,8,3
S01008928,Level 2,87,73,14,5,1,6,2
S01008928,Level 3,52,37,15,2,8,3,2
S01008928,Level 4 and above,148,107,41,5,13,14,9
S01008929,All people aged 16 and over,631,521,110,15,29,34,32
S01008929,No qualifications,254,230,24,0,5,10,9
S01008929,Level 1,195,162,33,4,11,9,9
S01008929,Level 2,65,57,8,0,1,4,3
S01008929,Level 3,50,31,19,2,8,6,3
S01008929,Level 4 and above,67,41,26,9,4,5,8
S01008930,All people aged 16 and over,683,584,99,13,19,44,23
S01008930,No qualifications,308,291,17,1,4,4,8
S01008930,Level 1,213,180,33,2,8,18,5
S01008930,Level 2,51,47,4,1,1,0,2
S01008930,Level 3,38,25,13,3,2,5,3
S01008930,Level 4 and above,73,41,32,6,4,17,5
S01008931,All people aged 16 and over,594,533,61,5,21,20,15
S01008931,No qualifications,253,243,10,0,7,1,2
S01008931,Level 1,204,193,11,1,3,3,4
S01008931,Level 2,41,39,2,0,1,0,1
S01008931,Level 3,31,22,9,1,2,1,5
S01008931,Level 4 and above,65,36,29,3,8,15,3
S01008932,All people aged 16 and over,694,535,159,15,66,39,39
S01008932,No qualifications,143,125,18,0,9,1,8
S01008932,Level 1,199,161,38,4,20,5,9
S01008932,Level 2,82,72,10,0,3,2,5
S01008932,Level 3,50,34,16,2,6,4,4
S01008932,Level 4 and above,220,143,77,9,28,27,13
S01008933,All people aged 16 and over,505,391,114,9,28,52,25
S01008933,No qualifications,167,151,16,1,4,4,7
S01008933,Level 1,163,138,25,0,7,10,8
S01008933,Level 2,46,39,7,0,3,4,0
S01008933,Level 3,39,25,14,1,4,8,1
S01008933,Level 4 and above,90,38,52,7,10,26,9
S01008934,All people aged 16 and over,594,468,126,22,31,34,39
S01008934,No qualifications,185,154,31,6,6,6,13
S01008934,Level 1,168,140,28,6,6,6,10
S01008934,Level 2,82,71,11,2,3,5,1
S01008934,Level 3,36,30,6,0,4,1,1
S01008934,Level 4 and above,123,73,50,8,12,16,14
S01008935,All people aged 16 and over,732,659,73,6,8,10,49
S01008935,No qualifications,110,97,13,0,1,0,12
S01008935,Level 1,183,167,16,2,2,1,11
S01008935,Level 2,131,126,5,0,0,1,4
S01008935,Level 3,78,72,6,1,0,1,4
S01008935,Level 4 and above,230,197,33,3,5,7,18
S01008936,All people aged 16 and over,300,280,20,0,1,2,17
S01008936,No qualifications,36,33,3,0,0,0,3
S01008936,Level 1,50,48,2,0,0,0,2
S01008936,Level 2,39,39,0,0,0,0,0
S01008936,Level 3,21,20,1,0,0,0,1
S01008936,Level 4 and above,154,140,14,0,1,2,11
S01008937,All people aged 16 and over,694,631,63,2,11,7,43
S01008937,No qualifications,138,126,12,0,3,1,8
S01008937,Level 1,150,136,14,2,1,0,11
S01008937,Level 2,99,91,8,0,1,2,5
S01008937,Level 3,52,48,4,0,2,1,1
S01008937,Level 4 and above,255,230,25,0,4,3,18
S01008938,All people aged 16 and over,583,557,26,5,3,2,16
S01008938,No qualifications,74,71,3,2,0,0,1
S01008938,Level 1,132,130,2,0,0,0,2
S01008938,Level 2,84,81,3,1,1,1,0
S01008938,Level 3,53,52,1,0,0,0,1
S01008938,Level 4 and above,240,223,17,2,2,1,12
S01008939,All people aged 16 and over,659,621,38,2,4,5,27
S01008939,No qualifications,111,108,3,0,0,0,3
S01008939,Level 1,136,125,11,1,2,2,6
S01008939,Level 2,128,127,1,0,0,0,1
S01008939,Level 3,72,70,2,0,0,0,2
S01008939,Level 4 and above,212,191,21,1,2,3,15
S01008940,All people aged 16 and over,508,461,47,2,3,11,31
S01008940,No qualifications,43,40,3,0,0,1,2
S01008940,Level 1,57,54,3,1,0,1,1
S01008940,Level 2,61,57,4,0,1,0,3
S01008940,Level 3,24,20,4,0,0,1,3
S01008940,Level 4 and above,323,290,33,1,2,8,22
S01008941,All people aged 16 and over,659,615,44,0,3,6,35
S01008941,No qualifications,57,55,2,0,0,0,2
S01008941,Level 1,92,83,9,0,0,1,8
S01008941,Level 2,90,87,3,0,0,1,2
S01008941,Level 3,45,43,2,0,1,0,1
S01008941,Level 4 and above,375,347,28,0,2,4,22
S01008942,All people aged 16 and over,581,532,49,1,4,3,41
S01008942,No qualifications,47,45,2,0,1,0,1
S01008942,Level 1,109,95,14,1,1,0,12
S01008942,Level 2,92,87,5,0,0,0,5
S01008942,Level 3,52,48,4,0,1,0,3
S01008942,Level 4 and above,281,257,24,0,1,3,20
S01008943,All people aged 16 and over,672,616,56,7,2,6,41
S01008943,No qualifications,51,49,2,0,0,0,2
S01008943,Level 1,91,82,9,3,1,3,2
S01008943,Level 2,82,74,8,1,0,1,6
S01008943,Level 3,60,54,6,0,0,0,6
S01008943,Level 4 and above,388,357,31,3,1,2,25
S01008944,All people aged 16 and over,809,727,82,4,4,16,58
S01008944,No qualifications,73,64,9,1,0,1,7
S01008944,Level 1,114,102,12,0,2,2,8
S01008944,Level 2,119,112,7,1,1,2,3
S01008944,Level 3,45,39,6,0,1,1,4
S01008944,Level 4 and above,458,410,48,2,0,10,36
S01008945,All people aged 16 and over,630,574,56,3,6,3,44
S01008945,No qualifications,43,39,4,0,1,0,3
S01008945,Level 1,75,67,8,2,0,0,6
S01008945,Level 2,96,94,2,0,0,0,2
S01008945,Level 3,46,44,2,0,1,0,1
S01008945,Level 4 and above,370,330,40,1,4,3,32
S01008946,All people aged 16 and over,769,702,67,5,5,10,47
S01008946,No qualifications,89,76,13,1,0,0,12
S01008946,Level 1,123,111,12,1,1,3,7
S01008946,Level 2,99,96,3,0,0,0,3
S01008946,Level 3,56,44,12,1,0,3,8
S01008946,Level 4 and above,402,375,27,2,4,4,17
S01008947,All people aged 16 and over,870,772,98,8,7,9,74
S01008947,No qualifications,94,86,8,1,0,0,7
S01008947,Level 1,140,127,13,2,3,1,7
S01008947,Level 2,124,115,9,0,1,1,7
S01008947,Level 3,69,63,6,2,0,0,4
S01008947,Level 4 and above,443,381,62,3,3,7,49
S01008948,All people aged 16 and over,573,489,84,4,9,12,59
S01008948,No qualifications,63,54,9,0,1,2,6
S01008948,Level 1,97,84,13,1,3,0,9
S01008948,Level 2,108,100,8,0,0,2,6
S01008948,Level 3,52,45,7,0,1,3,3
S01008948,Level 4 and above,253,206,47,3,4,5,35
S01008949,All people aged 16 and over,752,709,43,4,9,7,23
S01008949,No qualifications,234,228,6,0,1,0,5
S01008949,Level 1,223,219,4,1,0,0,3
S01008949,Level 2,92,86,6,0,2,2,2
S01008949,Level 3,64,59,5,0,2,0,3
S01008949,Level 4 and above,139,117,22,3,4,5,10
S01008950,All people aged 16 and over,775,717,58,4,11,8,35
S01008950,No qualifications,229,215,14,0,2,0,12
S01008950,Level 1,198,192,6,2,0,1,3
S01008950,Level 2,123,115,8,1,3,2,2
S01008950,Level 3,64,61,3,0,1,0,2
S01008950,Level 4 and above,161,134,27,1,5,5,16
S01008951,All people aged 16 and over,708,614,94,19,25,22,28
S01008951,No qualifications,218,207,11,2,0,3,6
S01008951,Level 1,214,194,20,5,7,1,7
S01008951,Level 2,81,71,10,1,2,2,5
S01008951,Level 3,61,49,12,0,6,6,0
S01008951,Level 4 and above,134,93,41,11,10,10,10
S01008952,All people aged 16 and over,663,579,84,19,26,22,17
S01008952,No qualifications,199,189,10,4,3,1,2
S01008952,Level 1,209,195,14,4,4,3,3
S01008952,Level 2,86,78,8,1,3,2,2
S01008952,Level 3,52,37,15,0,7,4,4
S01008952,Level 4 and above,117,80,37,10,9,12,6
S01008953,All people aged 16 and over,752,676,76,8,9,20,39
S01008953,No qualifications,253,236,17,0,0,2,15
S01008953,Level 1,215,204,11,1,2,2,6
S01008953,Level 2,95,91,4,1,0,1,2
S01008953,Level 3,56,49,7,1,0,4,2
S01008953,Level 4 and above,133,96,37,5,7,11,14
S01008954,All people aged 16 and over,747,682,65,4,13,13,35
S01008954,No qualifications,274,260,14,0,1,2,11
S01008954,Level 1,174,166,8,0,1,0,7
S01008954,Level 2,104,99,5,0,1,1,3
S01008954,Level 3,57,51,6,0,3,0,3
S01008954,Level 4 and above,138,106,32,4,7,10,11
S01008955,All people aged 16 and over,527,483,44,4,1,1,38
S01008955,No qualifications,59,46,13,3,0,0,10
S01008955,Level 1,111,101,10,0,0,1,9
S01008955,Level 2,106,102,4,0,0,0,4
S01008955,Level 3,58,55,3,1,0,0,2
S01008955,Level 4 and above,193,179,14,0,1,0,13
S01008956,All people aged 16 and over,727,663,64,12,14,9,29
S01008956,No qualifications,94,92,2,1,0,1,0
S01008956,Level 1,185,178,7,0,2,1,4
S01008956,Level 2,132,126,6,1,2,0,3
S01008956,Level 3,62,57,5,1,1,0,3
S01008956,Level 4 and above,254,210,44,9,9,7,19
S01008957,All people aged 16 and over,809,722,87,10,8,28,41
S01008957,No qualifications,131,119,12,2,1,3,6
S01008957,Level 1,204,191,13,0,1,5,7
S01008957,Level 2,137,128,9,2,1,2,4
S01008957,Level 3,62,60,2,0,1,0,1
S01008957,Level 4 and above,275,224,51,6,4,18,23
S01008958,All people aged 16 and over,605,532,73,7,13,15,38
S01008958,No qualifications,150,138,12,1,0,1,10
S01008958,Level 1,148,134,14,1,2,2,9
S01008958,Level 2,92,84,8,1,2,2,3
S01008958,Level 3,46,43,3,0,1,0,2
S01008958,Level 4 and above,169,133,36,4,8,10,14
S01008959,All people aged 16 and over,719,676,43,2,8,1,32
S01008959,No qualifications,161,152,9,1,0,0,8
S01008959,Level 1,211,201,10,0,1,0,9
S01008959,Level 2,116,112,4,0,2,0,2
S01008959,Level 3,58,55,3,0,0,0,3
S01008959,Level 4 and above,173,156,17,1,5,1,10
S01008960,All people aged 16 and over,672,598,74,5,6,21,42
S01008960,No qualifications,50,38,12,0,0,2,10
S01008960,Level 1,115,106,9,0,2,1,6
S01008960,Level 2,89,84,5,1,0,2,2
S01008960,Level 3,61,55,6,0,0,3,3
S01008960,Level 4 and above,357,315,42,4,4,13,21
S01008961,All people aged 16 and over,601,545,56,7,12,8,29
S01008961,No qualifications,72,67,5,0,1,0,4
S01008961,Level 1,128,120,8,1,1,1,5
S01008961,Level 2,118,113,5,0,2,0,3
S01008961,Level 3,63,54,9,3,2,1,3
S01008961,Level 4 and above,220,191,29,3,6,6,14
S01008962,All people aged 16 and over,530,489,41,3,3,7,28
S01008962,No qualifications,88,79,9,0,0,2,7
S01008962,Level 1,96,90,6,0,1,0,5
S01008962,Level 2,99,97,2,0,0,1,1
S01008962,Level 3,48,47,1,0,1,0,0
S01008962,Level 4 and above,199,176,23,3,1,4,15
S01008963,All people aged 16 and over,670,628,42,10,5,10,17
S01008963,No qualifications,105,103,2,0,0,2,0
S01008963,Level 1,133,128,5,1,0,3,1
S01008963,Level 2,126,120,6,0,1,2,3
S01008963,Level 3,57,54,3,0,1,0,2
S01008963,Level 4 and above,249,223,26,9,3,3,11
S01008964,All people aged 16 and over,437,412,25,1,2,2,20
S01008964,No qualifications,59,57,2,0,0,0,2
S01008964,Level 1,85,82,3,0,0,0,3
S01008964,Level 2,74,72,2,0,0,0,2
S01008964,Level 3,42,38,4,0,0,0,4
S01008964,Level 4 and above,177,163,14,1,2,2,9
S01008965,All people aged 16 and over,628,596,32,2,1,3,26
S01008965,No qualifications,81,76,5,0,0,0,5
S01008965,Level 1,126,120,6,0,0,0,6
S01008965,Level 2,101,100,1,0,0,1,0
S01008965,Level 3,59,57,2,0,0,0,2
S01008965,Level 4 and above,261,243,18,2,1,2,13
S01008966,All people aged 16 and over,483,456,27,1,3,3,20
S01008966,No qualifications,71,68,3,0,0,0,3
S01008966,Level 1,100,96,4,0,1,0,3
S01008966,Level 2,79,78,1,0,0,0,1
S01008966,Level 3,42,40,2,0,1,1,0
S01008966,Level 4 and above,191,174,17,1,1,2,13
S01008967,All people aged 16 and over,848,792,56,2,0,10,44
S01008967,No qualifications,107,96,11,0,0,0,11
S01008967,Level 1,158,148,10,0,0,2,8
S01008967,Level 2,130,126,4,1,0,0,3
S01008967,Level 3,76,72,4,0,0,1,3
S01008967,Level 4 and above,377,350,27,1,0,7,19
S01008968,All people aged 16 and over,824,781,43,3,3,7,30
S01008968,No qualifications,91,86,5,0,0,0,5
S01008968,Level 1,151,144,7,0,1,1,5
S01008968,Level 2,151,145,6,1,0,1,4
S01008968,Level 3,71,67,4,0,0,0,4
S01008968,Level 4 and above,360,339,21,2,2,5,12
S01008969,All people aged 16 and over,897,813,84,6,12,24,42
S01008969,No qualifications,166,157,9,0,0,2,7
S01008969,Level 1,200,193,7,0,4,0,3
S01008969,Level 2,120,111,9,0,2,3,4
S01008969,Level 3,87,78,9,0,0,2,7
S01008969,Level 4 and above,324,274,50,6,6,17,21
S01008970,All people aged 16 and over,838,774,64,8,9,12,35
S01008970,No qualifications,74,66,8,2,2,2,2
S01008970,Level 1,117,112,5,1,1,0,3
S01008970,Level 2,125,120,5,0,0,2,3
S01008970,Level 3,64,59,5,0,0,0,5
S01008970,Level 4 and above,458,417,41,5,6,8,22
S01008971,All people aged 16 and over,568,517,51,1,1,7,42
S01008971,No qualifications,32,28,4,0,0,0,4
S01008971,Level 1,96,87,9,0,0,1,8
S01008971,Level 2,72,66,6,0,1,0,5
S01008971,Level 3,35,33,2,0,0,1,1
S01008971,Level 4 and above,333,303,30,1,0,5,24
S01008972,All people aged 16 and over,633,575,58,5,6,14,33
S01008972,No qualifications,55,52,3,0,0,2,1
S01008972,Level 1,56,53,3,1,0,1,1
S01008972,Level 2,83,79,4,0,0,1,3
S01008972,Level 3,44,40,4,1,1,0,2
S01008972,Level 4 and above,395,351,44,3,5,10,26
S01008973,All people aged 16 and over,727,644,83,12,20,11,40
S01008973,No qualifications,167,161,6,1,1,2,2
S01008973,Level 1,110,106,4,1,1,0,2
S01008973,Level 2,75,65,10,0,1,0,9
S01008973,Level 3,59,57,2,0,1,0,1
S01008973,Level 4 and above,316,255,61,10,16,9,26
S01008974,All people aged 16 and over,652,585,67,21,15,7,24
S01008974,No qualifications,107,101,6,1,0,0,5
S01008974,Level 1,117,112,5,1,2,1,1
S01008974,Level 2,100,95,5,1,0,2,2
S01008974,Level 3,50,47,3,1,0,1,1
S01008974,Level 4 and above,278,230,48,17,13,3,15
S01008975,All people aged 16 and over,657,607,50,14,3,6,27
S01008975,No qualifications,201,197,4,2,0,0,2
S01008975,Level 1,145,133,12,3,1,3,5
S01008975,Level 2,79,73,6,0,0,1,5
S01008975,Level 3,39,36,3,1,0,0,2
S01008975,Level 4 and above,193,168,25,8,2,2,13
S01008976,All people aged 16 and over,426,390,36,3,2,3,28
S01008976,No qualifications,45,41,4,0,0,0,4
S01008976,Level 1,80,78,2,0,0,0,2
S01008976,Level 2,68,64,4,0,1,0,3
S01008976,Level 3,34,31,3,0,1,0,2
S01008976,Level 4 and above,199,176,23,3,0,3,17
S01008977,All people aged 16 and over,514,488,26,2,8,4,12
S01008977,No qualifications,62,61,1,0,0,0,1
S01008977,Level 1,100,97,3,0,3,0,0
S01008977,Level 2,83,80,3,0,0,1,2
S01008977,Level 3,45,41,4,0,0,0,4
S01008977,Level 4 and above,224,209,15,2,5,3,5
S01008978,All people aged 16 and over,473,426,47,5,13,14,15
S01008978,No qualifications,100,96,4,0,0,0,4
S01008978,Level 1,142,133,9,1,0,6,2
S01008978,Level 2,80,79,1,0,0,0,1
S01008978,Level 3,36,34,2,0,1,0,1
S01008978,Level 4 and above,115,84,31,4,12,8,7
S01008979,All people aged 16 and over,573,489,84,21,15,24,24
S01008979,No qualifications,70,62,8,0,0,0,8
S01008979,Level 1,165,158,7,2,1,1,3
S01008979,Level 2,101,98,3,0,0,1,2
S01008979,Level 3,46,43,3,0,1,2,0
S01008979,Level 4 and above,191,128,63,19,13,20,11
S01008980,All people aged 16 and over,620,523,97,17,14,24,42
S01008980,No qualifications,108,99,9,0,2,3,4
S01008980,Level 1,189,167,22,8,3,2,9
S01008980,Level 2,110,101,9,1,0,0,8
S01008980,Level 3,62,50,12,1,2,5,4
S01008980,Level 4 and above,151,106,45,7,7,14,17
S01008981,All people aged 16 and over,601,577,24,1,4,2,17
S01008981,No qualifications,133,127,6,0,0,0,6
S01008981,Level 1,152,147,5,1,0,0,4
S01008981,Level 2,98,96,2,0,0,0,2
S01008981,Level 3,50,47,3,0,1,0,2
S01008981,Level 4 and above,168,160,8,0,3,2,3
S01008982,All people aged 16 and over,629,570,59,15,19,6,19
S01008982,No qualifications,128,124,4,0,1,0,3
S01008982,Level 1,209,198,11,1,3,1,6
S01008982,Level 2,103,97,6,0,2,0,4
S01008982,Level 3,44,40,4,1,1,0,2
S01008982,Level 4 and above,145,111,34,13,12,5,4
S01008983,All people aged 16 and over,529,449,80,21,33,8,18
S01008983,No qualifications,83,69,14,3,6,1,4
S01008983,Level 1,162,152,10,1,3,2,4
S01008983,Level 2,92,88,4,0,1,0,3
S01008983,Level 3,55,50,5,0,2,1,2
S01008983,Level 4 and above,137,90,47,17,21,4,5
S01008984,All people aged 16 and over,390,364,26,5,5,6,10
S01008984,No qualifications,83,78,5,1,0,0,4
S01008984,Level 1,125,124,1,0,0,0,1
S01008984,Level 2,53,51,2,1,0,0,1
S01008984,Level 3,34,31,3,0,1,0,2
S01008984,Level 4 and above,95,80,15,3,4,6,2
S01008985,All people aged 16 and over,585,543,42,13,10,9,10
S01008985,No qualifications,115,113,2,0,1,0,1
S01008985,Level 1,209,199,10,0,2,4,4
S01008985,Level 2,86,85,1,0,0,0,1
S01008985,Level 3,57,54,3,1,2,0,0
S01008985,Level 4 and above,118,92,26,12,5,5,4
S01008986,All people aged 16 and over,661,622,39,8,5,6,20
S01008986,No qualifications,155,149,6,0,0,1,5
S01008986,Level 1,190,183,7,1,2,1,3
S01008986,Level 2,120,119,1,0,0,0,1
S01008986,Level 3,52,45,7,0,0,3,4
S01008986,Level 4 and above,144,126,18,7,3,1,7
S01008987,All people aged 16 and over,710,689,21,3,7,0,11
S01008987,No qualifications,142,139,3,0,0,0,3
S01008987,Level 1,211,204,7,1,1,0,5
S01008987,Level 2,138,135,3,1,1,0,1
S01008987,Level 3,73,73,0,0,0,0,0
S01008987,Level 4 and above,146,138,8,1,5,0,2
S01008988,All people aged 16 and over,928,824,104,22,16,28,38
S01008988,No qualifications,247,236,11,1,4,2,4
S01008988,Level 1,210,202,8,1,0,3,4
S01008988,Level 2,120,110,10,1,1,1,7
S01008988,Level 3,73,59,14,3,2,5,4
S01008988,Level 4 and above,278,217,61,16,9,17,19
S01008989,All people aged 16 and over,557,488,69,23,17,17,12
S01008989,No qualifications,64,59,5,0,1,0,4
S01008989,Level 1,170,164,6,0,2,4,0
S01008989,Level 2,93,91,2,0,0,0,2
S01008989,Level 3,54,47,7,0,2,4,1
S01008989,Level 4 and above,176,127,49,23,12,9,5
S01008990,All people aged 16 and over,643,555,88,27,30,20,11
S01008990,No qualifications,80,74,6,0,3,2,1
S01008990,Level 1,160,152,8,1,3,1,3
S01008990,Level 2,124,123,1,0,0,0,1
S01008990,Level 3,79,71,8,1,3,2,2
S01008990,Level 4 and above,200,135,65,25,21,15,4
S01008991,All people aged 16 and over,758,674,84,8,14,11,51
S01008991,No qualifications,93,71,22,0,1,2,19
S01008991,Level 1,199,186,13,1,3,3,6
S01008991,Level 2,145,137,8,0,1,1,6
S01008991,Level 3,82,77,5,0,1,1,3
S01008991,Level 4 and above,239,203,36,7,8,4,17
S01008992,All people aged 16 and over,487,425,62,13,10,22,17
S01008992,No qualifications,116,108,8,0,1,1,6
S01008992,Level 1,138,125,13,2,3,8,0
S01008992,Level 2,63,63,0,0,0,0,0
S01008992,Level 3,36,30,6,4,1,1,0
S01008992,Level 4 and above,134,99,35,7,5,12,11
S01008993,All people aged 16 and over,880,794,86,16,6,12,52
S01008993,No qualifications,150,141,9,0,2,0,7
S01008993,Level 1,221,202,19,1,0,1,17
S01008993,Level 2,126,118,8,0,0,2,6
S01008993,Level 3,87,78,9,2,0,0,7
S01008993,Level 4 and above,296,255,41,13,4,9,15
S01008994,All people aged 16 and over,628,598,30,3,7,4,16
S01008994,No qualifications,217,214,3,0,0,0,3
S01008994,Level 1,184,179,5,0,0,1,4
S01008994,Level 2,64,60,4,0,3,0,1
S01008994,Level 3,40,40,0,0,0,0,0
S01008994,Level 4 and above,123,105,18,3,4,3,8
S01008995,All people aged 16 and over,699,650,49,6,6,7,30
S01008995,No qualifications,88,80,8,2,2,0,4
S01008995,Level 1,112,111,1,0,0,0,1
S01008995,Level 2,115,112,3,0,1,0,2
S01008995,Level 3,66,64,2,1,0,0,1
S01008995,Level 4 and above,318,283,35,3,3,7,22
S01008996,All people aged 16 and over,483,456,27,3,2,5,17
S01008996,No qualifications,171,165,6,1,0,0,5
S01008996,Level 1,120,115,5,0,1,0,4
S01008996,Level 2,72,70,2,0,0,0,2
S01008996,Level 3,30,28,2,0,0,0,2
S01008996,Level 4 and above,90,78,12,2,1,5,4
S01008997,All people aged 16 and over,780,737,43,1,1,10,31
S01008997,No qualifications,167,164,3,0,1,0,2
S01008997,Level 1,185,177,8,0,0,1,7
S01008997,Level 2,112,101,11,1,0,1,9
S01008997,Level 3,70,67,3,0,0,1,2
S01008997,Level 4 and above,246,228,18,0,0,7,11
S01008998,All people aged 16 and over,464,445,19,1,2,0,16
S01008998,No qualifications,103,97,6,1,2,0,3
S01008998,Level 1,183,178,5,0,0,0,5
S01008998,Level 2,67,66,1,0,0,0,1
S01008998,Level 3,44,43,1,0,0,0,1
S01008998,Level 4 and above,67,61,6,0,0,0,6
S01008999,All people aged 16 and over,708,672,36,1,4,10,21
S01008999,No qualifications,228,227,1,0,0,0,1
S01008999,Level 1,171,163,8,0,1,4,3
S01008999,Level 2,91,87,4,1,0,2,1
S01008999,Level 3,52,49,3,0,0,1,2
S01008999,Level 4 and above,166,146,20,0,3,3,14
S01009000,All people aged 16 and over,757,731,26,3,2,3,18
S01009000,No qualifications,140,134,6,0,1,0,5
S01009000,Level 1,154,154,0,0,0,0,0
S01009000,Level 2,140,137,3,0,0,0,3
S01009000,Level 3,74,72,2,0,0,0,2
S01009000,Level 4 and above,249,234,15,3,1,3,8
S01009001,All people aged 16 and over,653,618,35,2,5,7,21
S01009001,No qualifications,112,109,3,0,0,2,1
S01009001,Level 1,125,120,5,0,1,0,4
S01009001,Level 2,129,127,2,1,0,0,1
S01009001,Level 3,62,59,3,0,0,1,2
S01009001,Level 4 and above,225,203,22,1,4,4,13
S01009002,All people aged 16 and over,657,622,35,1,4,5,25
S01009002,No qualifications,98,95,3,0,0,0,3
S01009002,Level 1,135,133,2,1,0,0,1
S01009002,Level 2,92,89,3,0,0,2,1
S01009002,Level 3,58,54,4,0,2,0,2
S01009002,Level 4 and above,274,251,23,0,2,3,18
S01009003,All people aged 16 and over,751,677,74,7,12,13,42
S01009003,No qualifications,96,88,8,0,3,0,5
S01009003,Level 1,112,103,9,0,0,1,8
S01009003,Level 2,97,89,8,0,2,2,4
S01009003,Level 3,49,48,1,0,0,0,1
S01009003,Level 4 and above,397,349,48,7,7,10,24
S01009004,All people aged 16 and over,534,516,18,0,2,2,14
S01009004,No qualifications,100,97,3,0,1,0,2
S01009004,Level 1,167,161,6,0,0,1,5
S01009004,Level 2,94,93,1,0,0,0,1
S01009004,Level 3,60,58,2,0,0,0,2
S01009004,Level 4 and above,113,107,6,0,1,1,4
S01009005,All people aged 16 and over,590,553,37,1,11,5,20
S01009005,No qualifications,104,104,0,0,0,0,0
S01009005,Level 1,145,138,7,0,3,1,3
S01009005,Level 2,102,99,3,0,1,0,2
S01009005,Level 3,68,66,2,0,1,0,1
S01009005,Level 4 and above,171,146,25,1,6,4,14
S01009006,All people aged 16 and over,602,557,45,7,9,12,17
S01009006,No qualifications,141,136,5,0,2,1,2
S01009006,Level 1,182,174,8,2,1,2,3
S01009006,Level 2,87,84,3,0,0,1,2
S01009006,Level 3,51,45,6,0,3,2,1
S01009006,Level 4 and above,141,118,23,5,3,6,9
S01009007,All people aged 16 and over,552,517,35,2,1,5,27
S01009007,No qualifications,146,141,5,0,0,0,5
S01009007,Level 1,183,175,8,0,0,4,4
S01009007,Level 2,86,77,9,0,0,0,9
S01009007,Level 3,47,45,2,0,0,0,2
S01009007,Level 4 and above,90,79,11,2,1,1,7
S01009008,All people aged 16 and over,780,733,47,0,6,7,34
S01009008,No qualifications,124,121,3,0,0,0,3
S01009008,Level 1,159,156,3,0,0,0,3
S01009008,Level 2,107,105,2,0,0,0,2
S01009008,Level 3,69,66,3,0,0,0,3
S01009008,Level 4 and above,321,285,36,0,6,7,23
S01009009,All people aged 16 and over,381,363,18,2,0,6,10
S01009009,No qualifications,120,118,2,0,0,1,1
S01009009,Level 1,115,109,6,1,0,1,4
S01009009,Level 2,35,34,1,0,0,0,1
S01009009,Level 3,41,40,1,0,0,1,0
S01009009,Level 4 and above,70,62,8,1,0,3,4
S01009010,All people aged 16 and over,820,773,47,8,2,11,26
S01009010,No qualifications,94,90,4,0,1,1,2
S01009010,Level 1,210,196,14,2,0,0,12
S01009010,Level 2,150,145,5,1,0,1,3
S01009010,Level 3,64,62,2,0,0,0,2
S01009010,Level 4 and above,302,280,22,5,1,9,7
S01009011,All people aged 16 and over,692,666,26,3,2,5,16
S01009011,No qualifications,63,61,2,0,0,0,2
S01009011,Level 1,152,144,8,2,0,2,4
S01009011,Level 2,143,141,2,0,1,1,0
S01009011,Level 3,98,96,2,0,0,0,2
S01009011,Level 4 and above,236,224,12,1,1,2,8
S01009012,All people aged 16 and over,609,576,33,7,0,3,23
S01009012,No qualifications,67,65,2,0,0,0,2
S01009012,Level 1,135,128,7,1,0,0,6
S01009012,Level 2,98,95,3,1,0,1,1
S01009012,Level 3,70,69,1,0,0,0,1
S01009012,Level 4 and above,239,219,20,5,0,2,13
S01009013,All people aged 16 and over,739,681,58,7,8,1,42
S01009013,No qualifications,115,109,6,0,0,0,6
S01009013,Level 1,160,147,13,1,4,0,8
S01009013,Level 2,128,126,2,0,1,0,1
S01009013,Level 3,78,71,7,0,2,0,5
S01009013,Level 4 and above,258,228,30,6,1,1,22
S01009014,All people aged 16 and over,497,486,11,0,1,2,8
S01009014,No qualifications,159,158,1,0,0,1,0
S01009014,Level 1,119,117,2,0,0,0,2
S01009014,Level 2,63,61,2,0,0,0,2
S01009014,Level 3,43,40,3,0,0,0,3
S01009014,Level 4 and above,113,110,3,0,1,1,1
S01009015,All people aged 16 and over,511,504,7,2,0,2,3
S01009015,No qualifications,165,165,0,0,0,0,0
S01009015,Level 1,100,99,1,0,0,0,1
S01009015,Level 2,70,69,1,0,0,0,1
S01009015,Level 3,41,38,3,2,0,1,0
S01009015,Level 4 and above,135,133,2,0,0,1,1
S01009016,All people aged 16 and over,436,429,7,0,3,0,4
S01009016,No qualifications,149,148,1,0,0,0,1
S01009016,Level 1,93,92,1,0,0,0,1
S01009016,Level 2,49,49,0,0,0,0,0
S01009016,Level 3,30,29,1,0,1,0,0
S01009016,Level 4 and above,115,111,4,0,2,0,2
S01009017,All people aged 16 and over,499,489,10,3,0,2,5
S01009017,No qualifications,180,180,0,0,0,0,0
S01009017,Level 1,113,111,2,0,0,0,2
S01009017,Level 2,78,76,2,0,0,1,1
S01009017,Level 3,31,31,0,0,0,0,0
S01009017,Level 4 and above,97,91,6,3,0,1,2
S01009018,All people aged 16 and over,601,588,13,2,0,0,11
S01009018,No qualifications,204,204,0,0,0,0,0
S01009018,Level 1,130,126,4,0,0,0,4
S01009018,Level 2,73,72,1,0,0,0,1
S01009018,Level 3,36,35,1,0,0,0,1
S01009018,Level 4 and above,158,151,7,2,0,0,5
S01009019,All people aged 16 and over,421,402,19,3,1,3,12
S01009019,No qualifications,142,136,6,0,1,0,5
S01009019,Level 1,82,81,1,0,0,0,1
S01009019,Level 2,64,63,1,0,0,0,1
S01009019,Level 3,27,27,0,0,0,0,0
S01009019,Level 4 and above,106,95,11,3,0,3,5
S01009020,All people aged 16 and over,635,590,45,5,4,9,27
S01009020,No qualifications,134,128,6,0,0,0,6
S01009020,Level 1,161,152,9,1,0,2,6
S01009020,Level 2,96,95,1,1,0,0,0
S01009020,Level 3,56,51,5,0,2,0,3
S01009020,Level 4 and above,188,164,24,3,2,7,12
S01009021,All people aged 16 and over,634,616,18,2,2,4,10
S01009021,No qualifications,179,179,0,0,0,0,0
S01009021,Level 1,136,134,2,0,0,1,1
S01009021,Level 2,80,79,1,0,0,0,1
S01009021,Level 3,48,47,1,0,0,1,0
S01009021,Level 4 and above,191,177,14,2,2,2,8
S01009022,All people aged 16 and over,788,764,24,0,5,1,18
S01009022,No qualifications,234,230,4,0,1,0,3
S01009022,Level 1,165,164,1,0,1,0,0
S01009022,Level 2,119,119,0,0,0,0,0
S01009022,Level 3,58,52,6,0,1,1,4
S01009022,Level 4 and above,212,199,13,0,2,0,11
S01009023,All people aged 16 and over,810,786,24,1,3,2,18
S01009023,No qualifications,248,244,4,0,0,0,4
S01009023,Level 1,170,165,5,0,1,0,4
S01009023,Level 2,103,102,1,0,0,0,1
S01009023,Level 3,47,47,0,0,0,0,0
S01009023,Level 4 and above,242,228,14,1,2,2,9
S01009024,All people aged 16 and over,844,825,19,0,2,5,12
S01009024,No qualifications,326,322,4,0,0,0,4
S01009024,Level 1,159,157,2,0,0,0,2
S01009024,Level 2,108,107,1,0,0,1,0
S01009024,Level 3,56,56,0,0,0,0,0
S01009024,Level 4 and above,195,183,12,0,2,4,6
S01009025,All people aged 16 and over,761,736,25,4,0,2,19
S01009025,No qualifications,208,200,8,2,0,1,5
S01009025,Level 1,165,162,3,0,0,0,3
S01009025,Level 2,101,99,2,0,0,0,2
S01009025,Level 3,72,71,1,0,0,1,0
S01009025,Level 4 and above,215,204,11,2,0,0,9
S01009026,All people aged 16 and over,770,742,28,1,3,5,19
S01009026,No qualifications,219,215,4,0,1,0,3
S01009026,Level 1,151,145,6,0,1,2,3
S01009026,Level 2,101,96,5,1,0,0,4
S01009026,Level 3,82,79,3,0,0,1,2
S01009026,Level 4 and above,217,207,10,0,1,2,7
S01009027,All people aged 16 and over,670,647,23,0,0,2,21
S01009027,No qualifications,209,204,5,0,0,0,5
S01009027,Level 1,110,108,2,0,0,0,2
S01009027,Level 2,92,90,2,0,0,0,2
S01009027,Level 3,45,41,4,0,0,0,4
S01009027,Level 4 and above,214,204,10,0,0,2,8
S01009028,All people aged 16 and over,430,422,8,2,0,0,6
S01009028,No qualifications,123,122,1,0,0,0,1
S01009028,Level 1,86,86,0,0,0,0,0
S01009028,Level 2,58,58,0,0,0,0,0
S01009028,Level 3,40,39,1,0,0,0,1
S01009028,Level 4 and above,123,117,6,2,0,0,4
S01009029,All people aged 16 and over,529,507,22,7,4,0,11
S01009029,No qualifications,161,161,0,0,0,0,0
S01009029,Level 1,97,90,7,0,2,0,5
S01009029,Level 2,70,69,1,0,0,0,1
S01009029,Level 3,41,36,5,3,1,0,1
S01009029,Level 4 and above,160,151,9,4,1,0,4
S01009030,All people aged 16 and over,611,596,15,0,1,4,10
S01009030,No qualifications,213,210,3,0,1,0,2
S01009030,Level 1,122,120,2,0,0,0,2
S01009030,Level 2,71,70,1,0,0,0,1
S01009030,Level 3,58,57,1,0,0,0,1
S01009030,Level 4 and above,147,139,8,0,0,4,4
S01009031,All people aged 16 and over,656,643,13,1,3,0,9
S01009031,No qualifications,235,229,6,0,0,0,6
S01009031,Level 1,121,121,0,0,0,0,0
S01009031,Level 2,83,81,2,0,0,0,2
S01009031,Level 3,66,64,2,0,1,0,1
S01009031,Level 4 and above,151,148,3,1,2,0,0
S01009032,All people aged 16 and over,559,553,6,0,0,0,6
S01009032,No qualifications,211,209,2,0,0,0,2
S01009032,Level 1,98,96,2,0,0,0,2
S01009032,Level 2,81,80,1,0,0,0,1
S01009032,Level 3,37,37,0,0,0,0,0
S01009032,Level 4 and above,132,131,1,0,0,0,1
S01009033,All people aged 16 and over,657,638,19,0,1,1,17
S01009033,No qualifications,225,221,4,0,0,0,4
S01009033,Level 1,144,141,3,0,1,1,1
S01009033,Level 2,74,73,1,0,0,0,1
S01009033,Level 3,60,60,0,0,0,0,0
S01009033,Level 4 and above,154,143,11,0,0,0,11
S01009034,All people aged 16 and over,558,544,14,0,1,4,9
S01009034,No qualifications,172,171,1,0,0,0,1
S01009034,Level 1,107,104,3,0,0,0,3
S01009034,Level 2,72,71,1,0,0,0,1
S01009034,Level 3,51,49,2,0,1,1,0
S01009034,Level 4 and above,156,149,7,0,0,3,4
S01009035,All people aged 16 and over,760,739,21,2,5,1,13
S01009035,No qualifications,208,206,2,0,0,1,1
S01009035,Level 1,139,139,0,0,0,0,0
S01009035,Level 2,114,112,2,0,0,0,2
S01009035,Level 3,85,84,1,1,0,0,0
S01009035,Level 4 and above,214,198,16,1,5,0,10
S01009036,All people aged 16 and over,814,786,28,2,1,4,21
S01009036,No qualifications,186,179,7,0,1,1,5
S01009036,Level 1,180,176,4,0,0,0,4
S01009036,Level 2,124,120,4,0,0,1,3
S01009036,Level 3,103,101,2,0,0,0,2
S01009036,Level 4 and above,221,210,11,2,0,2,7
S01009037,All people aged 16 and over,705,689,16,1,3,5,7
S01009037,No qualifications,156,150,6,0,1,1,4
S01009037,Level 1,167,165,2,1,0,1,0
S01009037,Level 2,113,112,1,0,1,0,0
S01009037,Level 3,95,95,0,0,0,0,0
S01009037,Level 4 and above,174,167,7,0,1,3,3
S01009038,All people aged 16 and over,868,846,22,2,4,0,16
S01009038,No qualifications,228,220,8,0,2,0,6
S01009038,Level 1,205,201,4,0,2,0,2
S01009038,Level 2,132,130,2,0,0,0,2
S01009038,Level 3,93,91,2,1,0,0,1
S01009038,Level 4 and above,210,204,6,1,0,0,5
S01009039,All people aged 16 and over,535,511,24,8,6,6,4
S01009039,No qualifications,172,164,8,2,2,1,3
S01009039,Level 1,115,110,5,1,3,1,0
S01009039,Level 2,84,83,1,0,0,1,0
S01009039,Level 3,55,55,0,0,0,0,0
S01009039,Level 4 and above,109,99,10,5,1,3,1
S01009040,All people aged 16 and over,560,527,33,8,6,6,13
S01009040,No qualifications,185,177,8,3,3,0,2
S01009040,Level 1,121,113,8,2,1,1,4
S01009040,Level 2,81,76,5,1,1,1,2
S01009040,Level 3,59,59,0,0,0,0,0
S01009040,Level 4 and above,114,102,12,2,1,4,5
S01009041,All people aged 16 and over,765,710,55,4,12,11,28
S01009041,No qualifications,203,190,13,1,2,2,8
S01009041,Level 1,131,114,17,0,5,6,6
S01009041,Level 2,107,105,2,0,0,0,2
S01009041,Level 3,77,71,6,0,3,0,3
S01009041,Level 4 and above,247,230,17,3,2,3,9
S01009042,All people aged 16 and over,724,698,26,2,6,6,12
S01009042,No qualifications,223,221,2,0,0,0,2
S01009042,Level 1,167,160,7,2,1,1,3
S01009042,Level 2,97,95,2,0,2,0,0
S01009042,Level 3,78,77,1,0,1,0,0
S01009042,Level 4 and above,159,145,14,0,2,5,7
S01009043,All people aged 16 and over,547,523,24,0,6,9,9
S01009043,No qualifications,197,191,6,0,2,2,2
S01009043,Level 1,110,107,3,0,2,1,0
S01009043,Level 2,63,60,3,0,0,2,1
S01009043,Level 3,51,48,3,0,1,2,0
S01009043,Level 4 and above,126,117,9,0,1,2,6
S01009044,All people aged 16 and over,749,726,23,4,2,4,13
S01009044,No qualifications,273,264,9,0,0,2,7
S01009044,Level 1,139,134,5,0,1,1,3
S01009044,Level 2,84,84,0,0,0,0,0
S01009044,Level 3,73,72,1,1,0,0,0
S01009044,Level 4 and above,180,172,8,3,1,1,3
S01009045,All people aged 16 and over,556,533,23,1,1,8,13
S01009045,No qualifications,147,143,4,0,1,0,3
S01009045,Level 1,119,115,4,1,0,1,2
S01009045,Level 2,88,86,2,0,0,0,2
S01009045,Level 3,64,63,1,0,0,0,1
S01009045,Level 4 and above,138,126,12,0,0,7,5
S01009046,All people aged 16 and over,710,691,19,0,4,6,9
S01009046,No qualifications,179,178,1,0,0,0,1
S01009046,Level 1,153,145,8,0,3,2,3
S01009046,Level 2,97,96,1,0,0,1,0
S01009046,Level 3,79,77,2,0,0,1,1
S01009046,Level 4 and above,202,195,7,0,1,2,4
S01009047,All people aged 16 and over,648,634,14,0,0,4,10
S01009047,No qualifications,138,134,4,0,0,2,2
S01009047,Level 1,148,146,2,0,0,0,2
S01009047,Level 2,92,92,0,0,0,0,0
S01009047,Level 3,82,80,2,0,0,0,2
S01009047,Level 4 and above,188,182,6,0,0,2,4
S01009048,All people aged 16 and over,686,675,11,1,1,0,9
S01009048,No qualifications,180,179,1,0,1,0,0
S01009048,Level 1,118,117,1,0,0,0,1
S01009048,Level 2,97,96,1,0,0,0,1
S01009048,Level 3,70,70,0,0,0,0,0
S01009048,Level 4 and above,221,213,8,1,0,0,7
S01009049,All people aged 16 and over,502,483,19,3,1,5,10
S01009049,No qualifications,136,134,2,0,0,1,1
S01009049,Level 1,94,89,5,1,0,1,3
S01009049,Level 2,64,62,2,0,1,0,1
S01009049,Level 3,55,55,0,0,0,0,0
S01009049,Level 4 and above,153,143,10,2,0,3,5
S01009050,All people aged 16 and over,676,668,8,0,2,0,6
S01009050,No qualifications,209,207,2,0,0,0,2
S01009050,Level 1,168,166,2,0,1,0,1
S01009050,Level 2,94,92,2,0,0,0,2
S01009050,Level 3,64,62,2,0,1,0,1
S01009050,Level 4 and above,141,141,0,0,0,0,0
S01009051,All people aged 16 and over,564,553,11,0,2,1,8
S01009051,No qualifications,158,153,5,0,1,1,3
S01009051,Level 1,177,176,1,0,1,0,0
S01009051,Level 2,95,94,1,0,0,0,1
S01009051,Level 3,56,55,1,0,0,0,1
S01009051,Level 4 and above,78,75,3,0,0,0,3
S01009052,All people aged 16 and over,539,527,12,1,4,2,5
S01009052,No qualifications,159,156,3,0,0,0,3
S01009052,Level 1,141,135,6,1,3,1,1
S01009052,Level 2,90,88,2,0,0,1,1
S01009052,Level 3,65,65,0,0,0,0,0
S01009052,Level 4 and above,84,83,1,0,1,0,0
S01009053,All people aged 16 and over,424,412,12,0,4,0,8
S01009053,No qualifications,157,151,6,0,2,0,4
S01009053,Level 1,149,148,1,0,0,0,1
S01009053,Level 2,51,51,0,0,0,0,0
S01009053,Level 3,35,32,3,0,2,0,1
S01009053,Level 4 and above,32,30,2,0,0,0,2
S01009054,All people aged 16 and over,480,457,23,5,1,2,15
S01009054,No qualifications,166,162,4,0,0,0,4
S01009054,Level 1,154,148,6,1,1,0,4
S01009054,Level 2,59,56,3,0,0,0,3
S01009054,Level 3,34,31,3,3,0,0,0
S01009054,Level 4 and above,67,60,7,1,0,2,4
S01009055,All people aged 16 and over,693,683,10,0,2,2,6
S01009055,No qualifications,167,165,2,0,0,0,2
S01009055,Level 1,185,185,0,0,0,0,0
S01009055,Level 2,116,115,1,0,0,0,1
S01009055,Level 3,75,75,0,0,0,0,0
S01009055,Level 4 and above,150,143,7,0,2,2,3
S01009056,All people aged 16 and over,432,415,17,1,1,4,11
S01009056,No qualifications,168,163,5,1,1,0,3
S01009056,Level 1,146,139,7,0,0,2,5
S01009056,Level 2,59,58,1,0,0,0,1
S01009056,Level 3,30,27,3,0,0,2,1
S01009056,Level 4 and above,29,28,1,0,0,0,1
S01009057,All people aged 16 and over,461,438,23,6,2,2,13
S01009057,No qualifications,161,152,9,2,1,1,5
S01009057,Level 1,133,128,5,1,0,1,3
S01009057,Level 2,64,62,2,0,0,0,2
S01009057,Level 3,47,45,2,1,0,0,1
S01009057,Level 4 and above,56,51,5,2,1,0,2
S01009058,All people aged 16 and over,674,635,39,9,8,7,15
S01009058,No qualifications,232,226,6,0,1,1,4
S01009058,Level 1,182,166,16,4,4,4,4
S01009058,Level 2,94,91,3,1,1,0,1
S01009058,Level 3,70,67,3,0,2,0,1
S01009058,Level 4 and above,96,85,11,4,0,2,5
S01009059,All people aged 16 and over,700,663,37,4,7,7,19
S01009059,No qualifications,140,130,10,0,1,0,9
S01009059,Level 1,177,170,7,1,2,0,4
S01009059,Level 2,121,117,4,0,1,1,2
S01009059,Level 3,93,88,5,3,1,1,0
S01009059,Level 4 and above,169,158,11,0,2,5,4
S01009060,All people aged 16 and over,411,396,15,1,0,5,9
S01009060,No qualifications,57,53,4,1,0,0,3
S01009060,Level 1,108,107,1,0,0,1,0
S01009060,Level 2,70,68,2,0,0,0,2
S01009060,Level 3,63,58,5,0,0,3,2
S01009060,Level 4 and above,113,110,3,0,0,1,2
S01009061,All people aged 16 and over,650,630,20,1,5,5,9
S01009061,No qualifications,196,190,6,1,2,0,3
S01009061,Level 1,194,187,7,0,1,2,4
S01009061,Level 2,115,114,1,0,1,0,0
S01009061,Level 3,52,52,0,0,0,0,0
S01009061,Level 4 and above,93,87,6,0,1,3,2
S01009062,All people aged 16 and over,538,528,10,0,0,0,10
S01009062,No qualifications,204,201,3,0,0,0,3
S01009062,Level 1,152,150,2,0,0,0,2
S01009062,Level 2,68,67,1,0,0,0,1
S01009062,Level 3,53,50,3,0,0,0,3
S01009062,Level 4 and above,61,60,1,0,0,0,1
S01009063,All people aged 16 and over,614,597,17,2,4,3,8
S01009063,No qualifications,136,131,5,0,2,2,1
S01009063,Level 1,174,171,3,0,2,1,0
S01009063,Level 2,108,105,3,0,0,0,3
S01009063,Level 3,62,62,0,0,0,0,0
S01009063,Level 4 and above,134,128,6,2,0,0,4
S01009064,All people aged 16 and over,473,465,8,0,0,0,8
S01009064,No qualifications,157,156,1,0,0,0,1
S01009064,Level 1,144,140,4,0,0,0,4
S01009064,Level 2,63,63,0,0,0,0,0
S01009064,Level 3,38,37,1,0,0,0,1
S01009064,Level 4 and above,71,69,2,0,0,0,2
S01009065,All people aged 16 and over,544,533,11,2,4,1,4
S01009065,No qualifications,190,187,3,0,0,0,3
S01009065,Level 1,174,171,3,2,0,1,0
S01009065,Level 2,71,70,1,0,1,0,0
S01009065,Level 3,51,50,1,0,1,0,0
S01009065,Level 4 and above,58,55,3,0,2,0,1
S01009066,All people aged 16 and over,594,584,10,1,1,2,6
S01009066,No qualifications,207,206,1,0,0,0,1
S01009066,Level 1,183,181,2,0,0,1,1
S01009066,Level 2,68,67,1,0,0,0,1
S01009066,Level 3,59,57,2,0,0,0,2
S01009066,Level 4 and above,77,73,4,1,1,1,1
S01009067,All people aged 16 and over,649,637,12,0,0,2,10
S01009067,No qualifications,97,95,2,0,0,0,2
S01009067,Level 1,153,152,1,0,0,0,1
S01009067,Level 2,128,127,1,0,0,0,1
S01009067,Level 3,100,99,1,0,0,1,0
S01009067,Level 4 and above,171,164,7,0,0,1,6
S01009068,All people aged 16 and over,732,716,16,1,3,4,8
S01009068,No qualifications,197,195,2,0,0,0,2
S01009068,Level 1,221,214,7,1,1,4,1
S01009068,Level 2,111,109,2,0,0,0,2
S01009068,Level 3,80,79,1,0,0,0,1
S01009068,Level 4 and above,123,119,4,0,2,0,2
S01009069,All people aged 16 and over,525,513,12,1,0,3,8
S01009069,No qualifications,83,80,3,0,0,0,3
S01009069,Level 1,121,120,1,0,0,1,0
S01009069,Level 2,88,88,0,0,0,0,0
S01009069,Level 3,77,77,0,0,0,0,0
S01009069,Level 4 and above,156,148,8,1,0,2,5
S01009070,All people aged 16 and over,525,508,17,3,4,1,9
S01009070,No qualifications,107,103,4,0,2,0,2
S01009070,Level 1,142,141,1,0,0,0,1
S01009070,Level 2,111,109,2,1,0,0,1
S01009070,Level 3,57,54,3,1,0,0,2
S01009070,Level 4 and above,108,101,7,1,2,1,3
S01009071,All people aged 16 and over,413,404,9,0,0,0,9
S01009071,No qualifications,142,139,3,0,0,0,3
S01009071,Level 1,100,98,2,0,0,0,2
S01009071,Level 2,45,44,1,0,0,0,1
S01009071,Level 3,45,45,0,0,0,0,0
S01009071,Level 4 and above,81,78,3,0,0,0,3
S01009072,All people aged 16 and over,413,394,19,4,1,8,6
S01009072,No qualifications,109,105,4,0,0,1,3
S01009072,Level 1,124,121,3,0,0,1,2
S01009072,Level 2,55,55,0,0,0,0,0
S01009072,Level 3,43,41,2,0,0,2,0
S01009072,Level 4 and above,82,72,10,4,1,4,1
S01009073,All people aged 16 and over,539,529,10,1,0,3,6
S01009073,No qualifications,253,251,2,0,0,0,2
S01009073,Level 1,143,142,1,0,0,0,1
S01009073,Level 2,61,61,0,0,0,0,0
S01009073,Level 3,32,29,3,1,0,0,2
S01009073,Level 4 and above,50,46,4,0,0,3,1
S01009074,All people aged 16 and over,582,567,15,0,0,1,14
S01009074,No qualifications,234,230,4,0,0,0,4
S01009074,Level 1,161,156,5,0,0,1,4
S01009074,Level 2,63,60,3,0,0,0,3
S01009074,Level 3,64,64,0,0,0,0,0
S01009074,Level 4 and above,60,57,3,0,0,0,3
S01009075,All people aged 16 and over,453,448,5,0,1,1,3
S01009075,No qualifications,179,176,3,0,1,0,2
S01009075,Level 1,112,112,0,0,0,0,0
S01009075,Level 2,59,59,0,0,0,0,0
S01009075,Level 3,38,38,0,0,0,0,0
S01009075,Level 4 and above,65,63,2,0,0,1,1
S01009076,All people aged 16 and over,768,735,33,4,4,7,18
S01009076,No qualifications,155,150,5,0,0,2,3
S01009076,Level 1,196,190,6,1,0,1,4
S01009076,Level 2,140,134,6,0,2,1,3
S01009076,Level 3,116,110,6,1,1,2,2
S01009076,Level 4 and above,161,151,10,2,1,1,6
S01009077,All people aged 16 and over,521,504,17,0,2,1,14
S01009077,No qualifications,112,106,6,0,0,0,6
S01009077,Level 1,163,160,3,0,1,0,2
S01009077,Level 2,89,87,2,0,0,0,2
S01009077,Level 3,49,49,0,0,0,0,0
S01009077,Level 4 and above,108,102,6,0,1,1,4
S01009078,All people aged 16 and over,571,552,19,1,5,2,11
S01009078,No qualifications,52,49,3,0,0,1,2
S01009078,Level 1,139,137,2,0,1,0,1
S01009078,Level 2,103,100,3,0,1,0,2
S01009078,Level 3,73,71,2,0,0,0,2
S01009078,Level 4 and above,204,195,9,1,3,1,4
S01009079,All people aged 16 and over,757,735,22,0,2,5,15
S01009079,No qualifications,292,287,5,0,0,0,5
S01009079,Level 1,227,218,9,0,1,3,5
S01009079,Level 2,80,80,0,0,0,0,0
S01009079,Level 3,56,55,1,0,0,0,1
S01009079,Level 4 and above,102,95,7,0,1,2,4
S01009080,All people aged 16 and over,775,763,12,0,0,0,12
S01009080,No qualifications,290,285,5,0,0,0,5
S01009080,Level 1,239,237,2,0,0,0,2
S01009080,Level 2,84,84,0,0,0,0,0
S01009080,Level 3,81,79,2,0,0,0,2
S01009080,Level 4 and above,81,78,3,0,0,0,3
S01009081,All people aged 16 and over,565,556,9,0,1,3,5
S01009081,No qualifications,181,177,4,0,0,2,2
S01009081,Level 1,131,129,2,0,0,0,2
S01009081,Level 2,92,92,0,0,0,0,0
S01009081,Level 3,56,55,1,0,1,0,0
S01009081,Level 4 and above,105,103,2,0,0,1,1
S01009082,All people aged 16 and over,832,812,20,2,1,1,16
S01009082,No qualifications,284,280,4,0,0,0,4
S01009082,Level 1,282,278,4,1,0,1,2
S01009082,Level 2,102,99,3,0,1,0,2
S01009082,Level 3,58,56,2,0,0,0,2
S01009082,Level 4 and above,106,99,7,1,0,0,6
S01009083,All people aged 16 and over,625,601,24,0,2,7,15
S01009083,No qualifications,193,186,7,0,0,0,7
S01009083,Level 1,195,190,5,0,1,0,4
S01009083,Level 2,79,78,1,0,0,0,1
S01009083,Level 3,70,67,3,0,1,1,1
S01009083,Level 4 and above,88,80,8,0,0,6,2
S01009084,All people aged 16 and over,385,374,11,0,1,4,6
S01009084,No qualifications,110,108,2,0,0,0,2
S01009084,Level 1,99,98,1,0,0,0,1
S01009084,Level 2,55,53,2,0,0,1,1
S01009084,Level 3,33,31,2,0,1,1,0
S01009084,Level 4 and above,88,84,4,0,0,2,2
S01009085,All people aged 16 and over,575,552,23,1,3,3,16
S01009085,No qualifications,51,50,1,0,0,0,1
S01009085,Level 1,158,152,6,1,0,1,4
S01009085,Level 2,115,110,5,0,1,0,4
S01009085,Level 3,97,95,2,0,0,0,2
S01009085,Level 4 and above,154,145,9,0,2,2,5
S01009086,All people aged 16 and over,564,551,13,1,3,1,8
S01009086,No qualifications,177,175,2,0,0,0,2
S01009086,Level 1,139,137,2,0,0,0,2
S01009086,Level 2,79,78,1,0,0,0,1
S01009086,Level 3,68,66,2,0,1,1,0
S01009086,Level 4 and above,101,95,6,1,2,0,3
S01009087,All people aged 16 and over,474,458,16,1,4,2,9
S01009087,No qualifications,159,155,4,1,1,0,2
S01009087,Level 1,163,156,7,0,1,0,6
S01009087,Level 2,57,55,2,0,1,1,0
S01009087,Level 3,48,47,1,0,1,0,0
S01009087,Level 4 and above,47,45,2,0,0,1,1
S01009088,All people aged 16 and over,838,807,31,3,6,1,21
S01009088,No qualifications,164,152,12,0,1,1,10
S01009088,Level 1,225,219,6,3,0,0,3
S01009088,Level 2,141,140,1,0,0,0,1
S01009088,Level 3,82,78,4,0,2,0,2
S01009088,Level 4 and above,226,218,8,0,3,0,5
S01009089,All people aged 16 and over,692,639,53,3,2,7,41
S01009089,No qualifications,58,40,18,1,0,1,16
S01009089,Level 1,157,152,5,0,2,1,2
S01009089,Level 2,120,114,6,0,0,1,5
S01009089,Level 3,84,78,6,1,0,0,5
S01009089,Level 4 and above,273,255,18,1,0,4,13
S01009090,All people aged 16 and over,643,615,28,2,3,10,13
S01009090,No qualifications,56,56,0,0,0,0,0
S01009090,Level 1,115,110,5,0,0,1,4
S01009090,Level 2,97,94,3,1,0,2,0
S01009090,Level 3,89,88,1,0,0,1,0
S01009090,Level 4 and above,286,267,19,1,3,6,9
S01009091,All people aged 16 and over,476,453,23,1,2,3,17
S01009091,No qualifications,25,24,1,0,0,0,1
S01009091,Level 1,94,89,5,0,1,1,3
S01009091,Level 2,79,79,0,0,0,0,0
S01009091,Level 3,68,64,4,0,0,0,4
S01009091,Level 4 and above,210,197,13,1,1,2,9
S01009092,All people aged 16 and over,872,846,26,1,6,7,12
S01009092,No qualifications,209,206,3,0,0,0,3
S01009092,Level 1,219,212,7,0,4,0,3
S01009092,Level 2,122,121,1,0,0,0,1
S01009092,Level 3,84,83,1,0,0,0,1
S01009092,Level 4 and above,238,224,14,1,2,7,4
S01009093,All people aged 16 and over,600,581,19,1,2,4,12
S01009093,No qualifications,135,131,4,0,1,0,3
S01009093,Level 1,205,202,3,0,0,1,2
S01009093,Level 2,89,87,2,0,0,0,2
S01009093,Level 3,61,60,1,0,0,0,1
S01009093,Level 4 and above,110,101,9,1,1,3,4
S01009094,All people aged 16 and over,576,562,14,1,3,0,10
S01009094,No qualifications,67,62,5,0,1,0,4
S01009094,Level 1,112,108,4,0,1,0,3
S01009094,Level 2,97,97,0,0,0,0,0
S01009094,Level 3,61,60,1,1,0,0,0
S01009094,Level 4 and above,239,235,4,0,1,0,3
S01009095,All people aged 16 and over,664,643,21,1,2,4,14
S01009095,No qualifications,162,160,2,0,0,1,1
S01009095,Level 1,134,131,3,1,0,0,2
S01009095,Level 2,103,102,1,0,0,0,1
S01009095,Level 3,73,69,4,0,1,0,3
S01009095,Level 4 and above,192,181,11,0,1,3,7
S01009096,All people aged 16 and over,779,748,31,6,3,2,20
S01009096,No qualifications,149,146,3,0,1,0,2
S01009096,Level 1,149,146,3,1,0,0,2
S01009096,Level 2,132,127,5,0,1,0,4
S01009096,Level 3,86,83,3,1,0,0,2
S01009096,Level 4 and above,263,246,17,4,1,2,10
S01009097,All people aged 16 and over,699,685,14,2,1,2,9
S01009097,No qualifications,92,91,1,0,0,0,1
S01009097,Level 1,161,161,0,0,0,0,0
S01009097,Level 2,135,132,3,0,0,0,3
S01009097,Level 3,86,86,0,0,0,0,0
S01009097,Level 4 and above,225,215,10,2,1,2,5
S01009098,All people aged 16 and over,426,417,9,0,0,1,8
S01009098,No qualifications,67,65,2,0,0,0,2
S01009098,Level 1,69,69,0,0,0,0,0
S01009098,Level 2,83,82,1,0,0,0,1
S01009098,Level 3,43,41,2,0,0,0,2
S01009098,Level 4 and above,164,160,4,0,0,1,3
S01009099,All people aged 16 and over,662,647,15,0,0,4,11
S01009099,No qualifications,202,200,2,0,0,0,2
S01009099,Level 1,163,161,2,0,0,0,2
S01009099,Level 2,96,93,3,0,0,1,2
S01009099,Level 3,64,62,2,0,0,0,2
S01009099,Level 4 and above,137,131,6,0,0,3,3
S01009100,All people aged 16 and over,651,635,16,0,2,0,14
S01009100,No qualifications,260,255,5,0,0,0,5
S01009100,Level 1,163,158,5,0,1,0,4
S01009100,Level 2,73,70,3,0,0,0,3
S01009100,Level 3,60,59,1,0,0,0,1
S01009100,Level 4 and above,95,93,2,0,1,0,1
S01009101,All people aged 16 and over,763,745,18,1,5,2,10
S01009101,No qualifications,272,269,3,0,1,0,2
S01009101,Level 1,268,258,10,0,2,1,7
S01009101,Level 2,82,82,0,0,0,0,0
S01009101,Level 3,61,61,0,0,0,0,0
S01009101,Level 4 and above,80,75,5,1,2,1,1
S01009102,All people aged 16 and over,600,584,16,0,1,2,13
S01009102,No qualifications,205,200,5,0,1,0,4
S01009102,Level 1,229,227,2,0,0,0,2
S01009102,Level 2,60,58,2,0,0,0,2
S01009102,Level 3,42,41,1,0,0,0,1
S01009102,Level 4 and above,64,58,6,0,0,2,4
S01009103,All people aged 16 and over,487,481,6,0,0,1,5
S01009103,No qualifications,95,95,0,0,0,0,0
S01009103,Level 1,134,132,2,0,0,0,2
S01009103,Level 2,97,95,2,0,0,0,2
S01009103,Level 3,50,50,0,0,0,0,0
S01009103,Level 4 and above,111,109,2,0,0,1,1
S01009104,All people aged 16 and over,650,634,16,3,2,4,7
S01009104,No qualifications,164,164,0,0,0,0,0
S01009104,Level 1,218,217,1,0,1,0,0
S01009104,Level 2,92,87,5,0,1,1,3
S01009104,Level 3,61,57,4,1,0,2,1
S01009104,Level 4 and above,115,109,6,2,0,1,3
S01009105,All people aged 16 and over,639,616,23,2,5,2,14
S01009105,No qualifications,128,126,2,0,0,0,2
S01009105,Level 1,182,179,3,1,0,0,2
S01009105,Level 2,88,85,3,0,2,0,1
S01009105,Level 3,83,81,2,0,0,0,2
S01009105,Level 4 and above,158,145,13,1,3,2,7
S01009106,All people aged 16 and over,457,444,13,1,3,0,9
S01009106,No qualifications,138,138,0,0,0,0,0
S01009106,Level 1,109,109,0,0,0,0,0
S01009106,Level 2,66,64,2,0,1,0,1
S01009106,Level 3,44,42,2,0,1,0,1
S01009106,Level 4 and above,100,91,9,1,1,0,7
S01009107,All people aged 16 and over,672,649,23,2,5,1,15
S01009107,No qualifications,115,112,3,0,0,0,3
S01009107,Level 1,181,176,5,0,1,0,4
S01009107,Level 2,112,109,3,0,1,0,2
S01009107,Level 3,87,83,4,1,0,1,2
S01009107,Level 4 and above,177,169,8,1,3,0,4
S01009108,All people aged 16 and over,612,597,15,0,2,0,13
S01009108,No qualifications,110,108,2,0,0,0,2
S01009108,Level 1,154,153,1,0,0,0,1
S01009108,Level 2,89,87,2,0,0,0,2
S01009108,Level 3,87,84,3,0,0,0,3
S01009108,Level 4 and above,172,165,7,0,2,0,5
S01009109,All people aged 16 and over,569,561,8,0,0,2,6
S01009109,No qualifications,100,99,1,0,0,0,1
S01009109,Level 1,147,145,2,0,0,0,2
S01009109,Level 2,90,89,1,0,0,1,0
S01009109,Level 3,64,64,0,0,0,0,0
S01009109,Level 4 and above,168,164,4,0,0,1,3
S01009110,All people aged 16 and over,499,488,11,0,0,3,8
S01009110,No qualifications,124,121,3,0,0,1,2
S01009110,Level 1,157,156,1,0,0,0,1
S01009110,Level 2,56,55,1,0,0,0,1
S01009110,Level 3,44,43,1,0,0,0,1
S01009110,Level 4 and above,118,113,5,0,0,2,3
S01009111,All people aged 16 and over,698,678,20,1,0,1,18
S01009111,No qualifications,96,92,4,0,0,1,3
S01009111,Level 1,230,225,5,1,0,0,4
S01009111,Level 2,115,112,3,0,0,0,3
S01009111,Level 3,95,91,4,0,0,0,4
S01009111,Level 4 and above,162,158,4,0,0,0,4
S01009112,All people aged 16 and over,470,460,10,0,1,0,9
S01009112,No qualifications,76,72,4,0,0,0,4
S01009112,Level 1,109,107,2,0,0,0,2
S01009112,Level 2,66,66,0,0,0,0,0
S01009112,Level 3,61,60,1,0,0,0,1
S01009112,Level 4 and above,158,155,3,0,1,0,2
S01009113,All people aged 16 and over,790,764,26,1,4,4,17
S01009113,No qualifications,203,192,11,0,0,2,9
S01009113,Level 1,197,195,2,0,2,0,0
S01009113,Level 2,129,126,3,1,1,0,1
S01009113,Level 3,88,83,5,0,1,0,4
S01009113,Level 4 and above,173,168,5,0,0,2,3
S01009114,All people aged 16 and over,615,578,37,4,4,8,21
S01009114,No qualifications,129,122,7,1,0,1,5
S01009114,Level 1,178,170,8,0,0,5,3
S01009114,Level 2,123,118,5,1,0,0,4
S01009114,Level 3,73,68,5,0,1,0,4
S01009114,Level 4 and above,112,100,12,2,3,2,5
S01009115,All people aged 16 and over,474,460,14,1,3,2,8
S01009115,No qualifications,74,73,1,0,0,0,1
S01009115,Level 1,133,130,3,0,0,2,1
S01009115,Level 2,81,79,2,0,0,0,2
S01009115,Level 3,68,66,2,0,1,0,1
S01009115,Level 4 and above,118,112,6,1,2,0,3
S01009116,All people aged 16 and over,405,394,11,0,0,0,11
S01009116,No qualifications,71,70,1,0,0,0,1
S01009116,Level 1,97,94,3,0,0,0,3
S01009116,Level 2,88,85,3,0,0,0,3
S01009116,Level 3,51,49,2,0,0,0,2
S01009116,Level 4 and above,98,96,2,0,0,0,2
S01009117,All people aged 16 and over,671,649,22,0,5,2,15
S01009117,No qualifications,176,172,4,0,2,0,2
S01009117,Level 1,217,210,7,0,2,1,4
S01009117,Level 2,100,99,1,0,0,0,1
S01009117,Level 3,69,65,4,0,1,0,3
S01009117,Level 4 and above,109,103,6,0,0,1,5
S01009118,All people aged 16 and over,471,449,22,0,0,2,20
S01009118,No qualifications,61,54,7,0,0,1,6
S01009118,Level 1,118,111,7,0,0,0,7
S01009118,Level 2,100,98,2,0,0,0,2
S01009118,Level 3,81,80,1,0,0,0,1
S01009118,Level 4 and above,111,106,5,0,0,1,4
S01009119,All people aged 16 and over,600,579,21,3,3,2,13
S01009119,No qualifications,244,241,3,2,0,0,1
S01009119,Level 1,185,180,5,0,1,0,4
S01009119,Level 2,61,61,0,0,0,0,0
S01009119,Level 3,55,51,4,0,0,2,2
S01009119,Level 4 and above,55,46,9,1,2,0,6
S01009120,All people aged 16 and over,444,434,10,0,2,2,6
S01009120,No qualifications,162,161,1,0,0,0,1
S01009120,Level 1,119,116,3,0,0,1,2
S01009120,Level 2,68,65,3,0,0,1,2
S01009120,Level 3,43,42,1,0,0,0,1
S01009120,Level 4 and above,52,50,2,0,2,0,0
S01009121,All people aged 16 and over,690,674,16,1,2,1,12
S01009121,No qualifications,231,227,4,0,0,0,4
S01009121,Level 1,228,224,4,0,1,0,3
S01009121,Level 2,107,104,3,0,0,0,3
S01009121,Level 3,63,63,0,0,0,0,0
S01009121,Level 4 and above,61,56,5,1,1,1,2
S01009122,All people aged 16 and over,778,763,15,0,0,1,14
S01009122,No qualifications,219,215,4,0,0,0,4
S01009122,Level 1,202,199,3,0,0,0,3
S01009122,Level 2,117,114,3,0,0,1,2
S01009122,Level 3,92,90,2,0,0,0,2
S01009122,Level 4 and above,148,145,3,0,0,0,3
S01009123,All people aged 16 and over,446,430,16,1,1,2,12
S01009123,No qualifications,72,69,3,0,0,0,3
S01009123,Level 1,125,122,3,1,1,0,1
S01009123,Level 2,61,60,1,0,0,0,1
S01009123,Level 3,46,42,4,0,0,0,4
S01009123,Level 4 and above,142,137,5,0,0,2,3
S01009124,All people aged 16 and over,407,395,12,1,0,3,8
S01009124,No qualifications,90,89,1,0,0,0,1
S01009124,Level 1,133,132,1,0,0,0,1
S01009124,Level 2,58,56,2,0,0,0,2
S01009124,Level 3,52,50,2,0,0,0,2
S01009124,Level 4 and above,74,68,6,1,0,3,2
S01009125,All people aged 16 and over,608,591,17,0,3,4,10
S01009125,No qualifications,285,279,6,0,1,1,4
S01009125,Level 1,131,125,6,0,1,1,4
S01009125,Level 2,54,53,1,0,0,0,1
S01009125,Level 3,38,38,0,0,0,0,0
S01009125,Level 4 and above,100,96,4,0,1,2,1
S01009126,All people aged 16 and over,461,438,23,3,5,9,6
S01009126,No qualifications,164,158,6,0,2,1,3
S01009126,Level 1,169,159,10,3,1,5,1
S01009126,Level 2,51,50,1,0,0,0,1
S01009126,Level 3,40,40,0,0,0,0,0
S01009126,Level 4 and above,37,31,6,0,2,3,1
S01009127,All people aged 16 and over,463,423,40,0,17,14,9
S01009127,No qualifications,143,135,8,0,2,4,2
S01009127,Level 1,158,142,16,0,11,1,4
S01009127,Level 2,59,57,2,0,0,1,1
S01009127,Level 3,48,46,2,0,0,2,0
S01009127,Level 4 and above,55,43,12,0,4,6,2
S01009128,All people aged 16 and over,687,651,36,4,6,7,19
S01009128,No qualifications,299,289,10,1,1,1,7
S01009128,Level 1,200,189,11,3,1,3,4
S01009128,Level 2,62,58,4,0,1,0,3
S01009128,Level 3,63,60,3,0,2,0,1
S01009128,Level 4 and above,63,55,8,0,1,3,4
S01009129,All people aged 16 and over,386,374,12,0,4,4,4
S01009129,No qualifications,146,143,3,0,0,1,2
S01009129,Level 1,111,109,2,0,1,1,0
S01009129,Level 2,46,45,1,0,0,0,1
S01009129,Level 3,30,30,0,0,0,0,0
S01009129,Level 4 and above,53,47,6,0,3,2,1
S01009130,All people aged 16 and over,504,467,37,2,12,12,11
S01009130,No qualifications,133,130,3,1,0,1,1
S01009130,Level 1,154,148,6,0,3,1,2
S01009130,Level 2,74,71,3,0,0,2,1
S01009130,Level 3,54,49,5,0,3,0,2
S01009130,Level 4 and above,89,69,20,1,6,8,5
S01009131,All people aged 16 and over,413,391,22,3,5,11,3
S01009131,No qualifications,145,141,4,1,0,3,0
S01009131,Level 1,127,123,4,2,1,1,0
S01009131,Level 2,48,47,1,0,0,0,1
S01009131,Level 3,36,33,3,0,1,2,0
S01009131,Level 4 and above,57,47,10,0,3,5,2
S01009132,All people aged 16 and over,633,592,41,3,6,11,21
S01009132,No qualifications,96,89,7,0,1,0,6
S01009132,Level 1,170,162,8,1,2,4,1
S01009132,Level 2,113,113,0,0,0,0,0
S01009132,Level 3,81,77,4,0,1,1,2
S01009132,Level 4 and above,173,151,22,2,2,6,12
S01009133,All people aged 16 and over,480,437,43,8,20,10,5
S01009133,No qualifications,155,148,7,1,4,0,2
S01009133,Level 1,157,135,22,2,9,8,3
S01009133,Level 2,64,62,2,2,0,0,0
S01009133,Level 3,43,39,4,1,3,0,0
S01009133,Level 4 and above,61,53,8,2,4,2,0
S01009134,All people aged 16 and over,764,724,40,6,10,8,16
S01009134,No qualifications,160,152,8,2,0,0,6
S01009134,Level 1,221,210,11,1,3,4,3
S01009134,Level 2,107,107,0,0,0,0,0
S01009134,Level 3,91,89,2,0,1,1,0
S01009134,Level 4 and above,185,166,19,3,6,3,7
S01009135,All people aged 16 and over,447,414,33,3,13,7,10
S01009135,No qualifications,58,55,3,1,1,0,1
S01009135,Level 1,107,96,11,0,5,2,4
S01009135,Level 2,73,72,1,0,0,1,0
S01009135,Level 3,72,71,1,0,0,0,1
S01009135,Level 4 and above,137,120,17,2,7,4,4
S01009136,All people aged 16 and over,620,567,53,5,13,15,20
S01009136,No qualifications,150,120,30,4,3,6,17
S01009136,Level 1,139,129,10,0,3,6,1
S01009136,Level 2,95,92,3,0,1,1,1
S01009136,Level 3,77,76,1,1,0,0,0
S01009136,Level 4 and above,159,150,9,0,6,2,1
S01009137,All people aged 16 and over,437,419,18,0,2,5,11
S01009137,No qualifications,31,26,5,0,0,0,5
S01009137,Level 1,87,84,3,0,2,1,0
S01009137,Level 2,81,78,3,0,0,1,2
S01009137,Level 3,73,72,1,0,0,0,1
S01009137,Level 4 and above,165,159,6,0,0,3,3
S01009138,All people aged 16 and over,712,648,64,16,20,12,16
S01009138,No qualifications,110,102,8,4,1,0,3
S01009138,Level 1,179,168,11,4,1,2,4
S01009138,Level 2,110,104,6,2,2,1,1
S01009138,Level 3,84,76,8,3,3,1,1
S01009138,Level 4 and above,229,198,31,3,13,8,7
S01009139,All people aged 16 and over,350,318,32,8,11,4,9
S01009139,No qualifications,93,87,6,1,3,1,1
S01009139,Level 1,99,89,10,2,4,2,2
S01009139,Level 2,38,35,3,1,2,0,0
S01009139,Level 3,55,52,3,0,0,0,3
S01009139,Level 4 and above,65,55,10,4,2,1,3
S01009140,All people aged 16 and over,616,558,58,9,22,10,17
S01009140,No qualifications,172,159,13,1,6,1,5
S01009140,Level 1,144,135,9,3,1,2,3
S01009140,Level 2,105,102,3,0,1,0,2
S01009140,Level 3,70,61,9,3,4,0,2
S01009140,Level 4 and above,125,101,24,2,10,7,5
S01009141,All people aged 16 and over,719,674,45,1,14,14,16
S01009141,No qualifications,234,218,16,1,4,2,9
S01009141,Level 1,184,181,3,0,0,2,1
S01009141,Level 2,96,91,5,0,2,2,1
S01009141,Level 3,79,77,2,0,1,0,1
S01009141,Level 4 and above,126,107,19,0,7,8,4
S01009142,All people aged 16 and over,548,485,63,14,21,8,20
S01009142,No qualifications,166,144,22,4,7,3,8
S01009142,Level 1,155,145,10,2,5,0,3
S01009142,Level 2,81,76,5,1,0,0,4
S01009142,Level 3,47,43,4,0,2,1,1
S01009142,Level 4 and above,99,77,22,7,7,4,4
S01009143,All people aged 16 and over,501,482,19,1,4,1,13
S01009143,No qualifications,200,189,11,0,2,0,9
S01009143,Level 1,147,146,1,0,0,0,1
S01009143,Level 2,59,57,2,0,1,1,0
S01009143,Level 3,48,46,2,0,0,0,2
S01009143,Level 4 and above,47,44,3,1,1,0,1
S01009144,All people aged 16 and over,542,487,55,14,12,24,5
S01009144,No qualifications,62,50,12,4,3,5,0
S01009144,Level 1,146,135,11,4,2,3,2
S01009144,Level 2,100,98,2,0,1,0,1
S01009144,Level 3,66,64,2,1,0,1,0
S01009144,Level 4 and above,168,140,28,5,6,15,2
S01009145,All people aged 16 and over,883,839,44,3,13,9,19
S01009145,No qualifications,332,323,9,1,0,1,7
S01009145,Level 1,247,238,9,1,1,3,4
S01009145,Level 2,123,116,7,1,4,0,2
S01009145,Level 3,89,81,8,0,3,1,4
S01009145,Level 4 and above,92,81,11,0,5,4,2
S01009146,All people aged 16 and over,758,699,59,14,9,22,14
S01009146,No qualifications,253,242,11,5,2,2,2
S01009146,Level 1,235,219,16,6,1,6,3
S01009146,Level 2,79,76,3,0,0,1,2
S01009146,Level 3,87,81,6,0,1,5,0
S01009146,Level 4 and above,104,81,23,3,5,8,7
S01009147,All people aged 16 and over,648,612,36,6,9,8,13
S01009147,No qualifications,250,236,14,4,1,3,6
S01009147,Level 1,197,187,10,1,3,2,4
S01009147,Level 2,67,67,0,0,0,0,0
S01009147,Level 3,57,53,4,0,2,0,2
S01009147,Level 4 and above,77,69,8,1,3,3,1
S01009148,All people aged 16 and over,549,530,19,3,6,5,5
S01009148,No qualifications,203,203,0,0,0,0,0
S01009148,Level 1,188,179,9,2,3,4,0
S01009148,Level 2,65,63,2,0,1,0,1
S01009148,Level 3,48,46,2,0,1,0,1
S01009148,Level 4 and above,45,39,6,1,1,1,3
S01009149,All people aged 16 and over,682,637,45,6,11,12,16
S01009149,No qualifications,133,122,11,1,3,3,4
S01009149,Level 1,172,158,14,2,3,5,4
S01009149,Level 2,105,104,1,0,0,0,1
S01009149,Level 3,89,85,4,0,1,1,2
S01009149,Level 4 and above,183,168,15,3,4,3,5
S01009150,All people aged 16 and over,745,731,14,2,0,0,12
S01009150,No qualifications,483,475,8,1,0,0,7
S01009150,Level 1,148,147,1,0,0,0,1
S01009150,Level 2,30,26,4,1,0,0,3
S01009150,Level 3,29,29,0,0,0,0,0
S01009150,Level 4 and above,55,54,1,0,0,0,1
S01009151,All people aged 16 and over,766,736,30,1,3,8,18
S01009151,No qualifications,261,252,9,0,2,1,6
S01009151,Level 1,166,160,6,0,0,1,5
S01009151,Level 2,82,80,2,0,0,1,1
S01009151,Level 3,60,57,3,0,0,2,1
S01009151,Level 4 and above,197,187,10,1,1,3,5
S01009152,All people aged 16 and over,625,573,52,14,13,11,14
S01009152,No qualifications,216,209,7,3,0,0,4
S01009152,Level 1,150,129,21,7,6,4,4
S01009152,Level 2,77,72,5,1,1,2,1
S01009152,Level 3,59,49,10,0,4,3,3
S01009152,Level 4 and above,123,114,9,3,2,2,2
S01009153,All people aged 16 and over,420,366,54,6,19,13,16
S01009153,No qualifications,66,58,8,0,2,2,4
S01009153,Level 1,81,76,5,1,2,1,1
S01009153,Level 2,65,63,2,0,1,0,1
S01009153,Level 3,58,49,9,1,4,2,2
S01009153,Level 4 and above,150,120,30,4,10,8,8
S01009154,All people aged 16 and over,852,802,50,10,5,10,25
S01009154,No qualifications,171,163,8,0,2,4,2
S01009154,Level 1,172,163,9,0,1,1,7
S01009154,Level 2,111,105,6,0,1,0,5
S01009154,Level 3,102,99,3,0,0,0,3
S01009154,Level 4 and above,296,272,24,10,1,5,8
S01009155,All people aged 16 and over,450,429,21,3,4,1,13
S01009155,No qualifications,49,48,1,0,0,0,1
S01009155,Level 1,82,78,4,2,0,0,2
S01009155,Level 2,59,57,2,0,0,0,2
S01009155,Level 3,62,60,2,0,0,0,2
S01009155,Level 4 and above,198,186,12,1,4,1,6
S01009156,All people aged 16 and over,461,445,16,1,1,0,14
S01009156,No qualifications,60,60,0,0,0,0,0
S01009156,Level 1,79,76,3,0,0,0,3
S01009156,Level 2,77,74,3,0,1,0,2
S01009156,Level 3,28,28,0,0,0,0,0
S01009156,Level 4 and above,217,207,10,1,0,0,9
S01009157,All people aged 16 and over,684,660,24,2,3,3,16
S01009157,No qualifications,195,188,7,0,0,1,6
S01009157,Level 1,202,195,7,2,1,0,4
S01009157,Level 2,101,100,1,0,0,0,1
S01009157,Level 3,57,56,1,0,0,1,0
S01009157,Level 4 and above,129,121,8,0,2,1,5
S01009158,All people aged 16 and over,465,454,11,2,4,3,2
S01009158,No qualifications,150,149,1,0,1,0,0
S01009158,Level 1,131,124,7,2,2,1,2
S01009158,Level 2,59,59,0,0,0,0,0
S01009158,Level 3,40,40,0,0,0,0,0
S01009158,Level 4 and above,85,82,3,0,1,2,0
S01009159,All people aged 16 and over,399,385,14,1,2,2,9
S01009159,No qualifications,165,158,7,0,1,0,6
S01009159,Level 1,124,120,4,0,0,2,2
S01009159,Level 2,46,45,1,1,0,0,0
S01009159,Level 3,37,35,2,0,1,0,1
S01009159,Level 4 and above,27,27,0,0,0,0,0
S01009160,All people aged 16 and over,583,548,35,4,13,14,4
S01009160,No qualifications,223,216,7,0,5,1,1
S01009160,Level 1,162,154,8,0,4,4,0
S01009160,Level 2,69,68,1,0,0,0,1
S01009160,Level 3,50,46,4,0,1,2,1
S01009160,Level 4 and above,79,64,15,4,3,7,1
S01009161,All people aged 16 and over,543,510,33,5,2,11,15
S01009161,No qualifications,237,226,11,2,0,1,8
S01009161,Level 1,158,152,6,3,0,0,3
S01009161,Level 2,46,45,1,0,0,0,1
S01009161,Level 3,48,44,4,0,0,4,0
S01009161,Level 4 and above,54,43,11,0,2,6,3
S01009162,All people aged 16 and over,643,603,40,5,10,9,16
S01009162,No qualifications,240,231,9,0,3,2,4
S01009162,Level 1,203,193,10,1,3,1,5
S01009162,Level 2,65,60,5,0,0,4,1
S01009162,Level 3,54,50,4,2,0,0,2
S01009162,Level 4 and above,81,69,12,2,4,2,4
S01009163,All people aged 16 and over,440,418,22,2,3,4,13
S01009163,No qualifications,123,119,4,0,0,0,4
S01009163,Level 1,95,93,2,0,1,0,1
S01009163,Level 2,59,58,1,0,0,1,0
S01009163,Level 3,64,60,4,0,0,1,3
S01009163,Level 4 and above,99,88,11,2,2,2,5
S01009164,All people aged 16 and over,598,581,17,1,3,3,10
S01009164,No qualifications,200,195,5,0,2,1,2
S01009164,Level 1,196,191,5,1,0,0,4
S01009164,Level 2,76,75,1,0,0,0,1
S01009164,Level 3,57,55,2,0,0,0,2
S01009164,Level 4 and above,69,65,4,0,1,2,1
S01009165,All people aged 16 and over,591,554,37,4,10,5,18
S01009165,No qualifications,206,197,9,0,2,0,7
S01009165,Level 1,181,174,7,1,3,2,1
S01009165,Level 2,71,70,1,0,0,1,0
S01009165,Level 3,58,46,12,2,5,0,5
S01009165,Level 4 and above,75,67,8,1,0,2,5
S01009166,All people aged 16 and over,673,650,23,1,8,6,8
S01009166,No qualifications,254,244,10,0,5,1,4
S01009166,Level 1,222,217,5,0,2,2,1
S01009166,Level 2,68,66,2,0,0,0,2
S01009166,Level 3,67,63,4,1,1,1,1
S01009166,Level 4 and above,62,60,2,0,0,2,0
S01009167,All people aged 16 and over,410,392,18,3,4,5,6
S01009167,No qualifications,140,137,3,0,0,0,3
S01009167,Level 1,151,146,5,1,1,3,0
S01009167,Level 2,43,42,1,0,1,0,0
S01009167,Level 3,38,35,3,0,1,0,2
S01009167,Level 4 and above,38,32,6,2,1,2,1
S01009168,All people aged 16 and over,562,552,10,0,2,1,7
S01009168,No qualifications,114,113,1,0,0,0,1
S01009168,Level 1,126,125,1,0,0,0,1
S01009168,Level 2,91,88,3,0,2,0,1
S01009168,Level 3,68,68,0,0,0,0,0
S01009168,Level 4 and above,163,158,5,0,0,1,4
S01009169,All people aged 16 and over,689,669,20,4,4,3,9
S01009169,No qualifications,288,285,3,0,0,1,2
S01009169,Level 1,178,174,4,0,3,0,1
S01009169,Level 2,77,75,2,0,1,0,1
S01009169,Level 3,52,50,2,0,0,1,1
S01009169,Level 4 and above,94,85,9,4,0,1,4
S01009170,All people aged 16 and over,529,518,11,1,2,3,5
S01009170,No qualifications,164,161,3,1,0,1,1
S01009170,Level 1,198,197,1,0,0,0,1
S01009170,Level 2,61,61,0,0,0,0,0
S01009170,Level 3,40,40,0,0,0,0,0
S01009170,Level 4 and above,66,59,7,0,2,2,3
S01009171,All people aged 16 and over,529,506,23,1,8,4,10
S01009171,No qualifications,147,141,6,0,1,0,5
S01009171,Level 1,177,171,6,0,5,0,1
S01009171,Level 2,64,61,3,0,0,1,2
S01009171,Level 3,52,52,0,0,0,0,0
S01009171,Level 4 and above,89,81,8,1,2,3,2
S01009172,All people aged 16 and over,556,532,24,0,6,4,14
S01009172,No qualifications,50,44,6,0,4,1,1
S01009172,Level 1,71,68,3,0,0,0,3
S01009172,Level 2,87,86,1,0,0,0,1
S01009172,Level 3,47,47,0,0,0,0,0
S01009172,Level 4 and above,301,287,14,0,2,3,9
S01009173,All people aged 16 and over,626,601,25,1,1,7,16
S01009173,No qualifications,71,66,5,0,0,0,5
S01009173,Level 1,155,153,2,0,0,1,1
S01009173,Level 2,116,114,2,0,1,1,0
S01009173,Level 3,66,62,4,1,0,1,2
S01009173,Level 4 and above,218,206,12,0,0,4,8
S01009174,All people aged 16 and over,346,329,17,0,7,3,7
S01009174,No qualifications,16,12,4,0,0,0,4
S01009174,Level 1,79,73,6,0,4,1,1
S01009174,Level 2,47,47,0,0,0,0,0
S01009174,Level 3,51,51,0,0,0,0,0
S01009174,Level 4 and above,153,146,7,0,3,2,2
S01009175,All people aged 16 and over,637,615,22,0,0,4,18
S01009175,No qualifications,38,36,2,0,0,0,2
S01009175,Level 1,112,107,5,0,0,0,5
S01009175,Level 2,111,110,1,0,0,0,1
S01009175,Level 3,90,88,2,0,0,0,2
S01009175,Level 4 and above,286,274,12,0,0,4,8
S01009176,All people aged 16 and over,801,771,30,2,2,4,22
S01009176,No qualifications,115,109,6,0,1,1,4
S01009176,Level 1,125,123,2,0,0,0,2
S01009176,Level 2,126,124,2,0,0,0,2
S01009176,Level 3,84,83,1,0,0,0,1
S01009176,Level 4 and above,351,332,19,2,1,3,13
S01009177,All people aged 16 and over,648,609,39,5,12,3,19
S01009177,No qualifications,178,168,10,0,0,0,10
S01009177,Level 1,215,213,2,1,0,0,1
S01009177,Level 2,93,86,7,1,3,1,2
S01009177,Level 3,72,66,6,0,2,0,4
S01009177,Level 4 and above,90,76,14,3,7,2,2
S01009178,All people aged 16 and over,568,542,26,2,7,5,12
S01009178,No qualifications,124,120,4,0,0,0,4
S01009178,Level 1,201,195,6,1,0,2,3
S01009178,Level 2,82,79,3,0,1,0,2
S01009178,Level 3,65,64,1,0,1,0,0
S01009178,Level 4 and above,96,84,12,1,5,3,3
S01009179,All people aged 16 and over,539,517,22,2,2,6,12
S01009179,No qualifications,154,147,7,1,1,0,5
S01009179,Level 1,173,165,8,0,1,3,4
S01009179,Level 2,84,83,1,0,0,0,1
S01009179,Level 3,55,53,2,0,0,1,1
S01009179,Level 4 and above,73,69,4,1,0,2,1
S01009180,All people aged 16 and over,805,790,15,1,1,4,9
S01009180,No qualifications,291,285,6,0,0,1,5
S01009180,Level 1,268,266,2,0,1,0,1
S01009180,Level 2,91,91,0,0,0,0,0
S01009180,Level 3,73,73,0,0,0,0,0
S01009180,Level 4 and above,82,75,7,1,0,3,3
S01009181,All people aged 16 and over,691,670,21,0,3,4,14
S01009181,No qualifications,249,243,6,0,2,1,3
S01009181,Level 1,239,234,5,0,1,0,4
S01009181,Level 2,74,72,2,0,0,0,2
S01009181,Level 3,48,46,2,0,0,1,1
S01009181,Level 4 and above,81,75,6,0,0,2,4
S01009182,All people aged 16 and over,808,784,24,1,0,4,19
S01009182,No qualifications,174,169,5,0,0,0,5
S01009182,Level 1,242,236,6,0,0,1,5
S01009182,Level 2,135,133,2,0,0,0,2
S01009182,Level 3,95,91,4,0,0,1,3
S01009182,Level 4 and above,162,155,7,1,0,2,4
S01009183,All people aged 16 and over,598,576,22,8,2,3,9
S01009183,No qualifications,56,52,4,0,0,1,3
S01009183,Level 1,169,168,1,1,0,0,0
S01009183,Level 2,109,109,0,0,0,0,0
S01009183,Level 3,94,91,3,2,1,0,0
S01009183,Level 4 and above,170,156,14,5,1,2,6
S01009184,All people aged 16 and over,693,671,22,1,5,1,15
S01009184,No qualifications,255,248,7,0,0,1,6
S01009184,Level 1,197,188,9,0,4,0,5
S01009184,Level 2,73,73,0,0,0,0,0
S01009184,Level 3,50,50,0,0,0,0,0
S01009184,Level 4 and above,118,112,6,1,1,0,4
S01009185,All people aged 16 and over,696,671,25,4,0,10,11
S01009185,No qualifications,228,223,5,0,0,1,4
S01009185,Level 1,211,206,5,0,0,3,2
S01009185,Level 2,95,92,3,0,0,2,1
S01009185,Level 3,59,58,1,1,0,0,0
S01009185,Level 4 and above,103,92,11,3,0,4,4
S01009186,All people aged 16 and over,656,623,33,5,9,8,11
S01009186,No qualifications,179,174,5,2,0,2,1
S01009186,Level 1,190,181,9,1,1,3,4
S01009186,Level 2,96,92,4,0,2,0,2
S01009186,Level 3,90,85,5,1,2,0,2
S01009186,Level 4 and above,101,91,10,1,4,3,2
S01009187,All people aged 16 and over,418,395,23,1,3,6,13
S01009187,No qualifications,79,77,2,0,1,0,1
S01009187,Level 1,88,86,2,0,0,2,0
S01009187,Level 2,58,53,5,0,1,2,2
S01009187,Level 3,40,36,4,1,0,0,3
S01009187,Level 4 and above,153,143,10,0,1,2,7
S01009188,All people aged 16 and over,713,689,24,3,2,3,16
S01009188,No qualifications,208,205,3,0,0,0,3
S01009188,Level 1,215,212,3,0,1,1,1
S01009188,Level 2,101,96,5,0,1,1,3
S01009188,Level 3,50,48,2,0,0,0,2
S01009188,Level 4 and above,139,128,11,3,0,1,7
S01009189,All people aged 16 and over,610,591,19,1,1,2,15
S01009189,No qualifications,241,238,3,1,0,0,2
S01009189,Level 1,224,220,4,0,0,0,4
S01009189,Level 2,60,56,4,0,0,1,3
S01009189,Level 3,33,32,1,0,0,0,1
S01009189,Level 4 and above,52,45,7,0,1,1,5
S01009190,All people aged 16 and over,639,614,25,0,2,11,12
S01009190,No qualifications,86,86,0,0,0,0,0
S01009190,Level 1,165,160,5,0,1,0,4
S01009190,Level 2,118,116,2,0,0,2,0
S01009190,Level 3,93,90,3,0,0,1,2
S01009190,Level 4 and above,177,162,15,0,1,8,6
S01009191,All people aged 16 and over,499,478,21,5,2,4,10
S01009191,No qualifications,23,20,3,0,0,0,3
S01009191,Level 1,118,116,2,0,1,1,0
S01009191,Level 2,98,96,2,1,0,0,1
S01009191,Level 3,62,62,0,0,0,0,0
S01009191,Level 4 and above,198,184,14,4,1,3,6
S01009192,All people aged 16 and over,994,976,18,0,4,0,14
S01009192,No qualifications,330,325,5,0,1,0,4
S01009192,Level 1,376,371,5,0,3,0,2
S01009192,Level 2,103,102,1,0,0,0,1
S01009192,Level 3,55,53,2,0,0,0,2
S01009192,Level 4 and above,130,125,5,0,0,0,5
S01009193,All people aged 16 and over,240,230,10,0,1,3,6
S01009193,No qualifications,20,19,1,0,0,0,1
S01009193,Level 1,54,52,2,0,0,0,2
S01009193,Level 2,55,53,2,0,0,1,1
S01009193,Level 3,41,39,2,0,1,0,1
S01009193,Level 4 and above,70,67,3,0,0,2,1
S01009194,All people aged 16 and over,673,657,16,0,2,1,13
S01009194,No qualifications,93,92,1,0,0,0,1
S01009194,Level 1,166,161,5,0,2,1,2
S01009194,Level 2,101,99,2,0,0,0,2
S01009194,Level 3,90,89,1,0,0,0,1
S01009194,Level 4 and above,223,216,7,0,0,0,7
S01009195,All people aged 16 and over,679,643,36,2,8,1,25
S01009195,No qualifications,84,83,1,0,0,0,1
S01009195,Level 1,132,124,8,0,4,0,4
S01009195,Level 2,122,118,4,0,2,0,2
S01009195,Level 3,74,69,5,0,0,0,5
S01009195,Level 4 and above,267,249,18,2,2,1,13
S01009196,All people aged 16 and over,584,562,22,4,2,5,11
S01009196,No qualifications,154,147,7,2,0,3,2
S01009196,Level 1,181,175,6,2,0,0,4
S01009196,Level 2,77,75,2,0,1,0,1
S01009196,Level 3,49,49,0,0,0,0,0
S01009196,Level 4 and above,123,116,7,0,1,2,4
S01009197,All people aged 16 and over,794,762,32,1,2,1,28
S01009197,No qualifications,95,92,3,0,0,0,3
S01009197,Level 1,164,161,3,0,0,0,3
S01009197,Level 2,126,124,2,0,1,0,1
S01009197,Level 3,104,97,7,0,0,0,7
S01009197,Level 4 and above,305,288,17,1,1,1,14
S01009198,All people aged 16 and over,612,602,10,2,1,0,7
S01009198,No qualifications,107,104,3,1,0,0,2
S01009198,Level 1,122,121,1,0,0,0,1
S01009198,Level 2,122,122,0,0,0,0,0
S01009198,Level 3,71,70,1,1,0,0,0
S01009198,Level 4 and above,190,185,5,0,1,0,4
S01009199,All people aged 16 and over,486,471,15,0,1,2,12
S01009199,No qualifications,86,86,0,0,0,0,0
S01009199,Level 1,121,114,7,0,0,1,6
S01009199,Level 2,77,76,1,0,0,0,1
S01009199,Level 3,66,64,2,0,1,0,1
S01009199,Level 4 and above,136,131,5,0,0,1,4
S01009200,All people aged 16 and over,892,848,44,4,5,5,30
S01009200,No qualifications,163,161,2,0,0,2,0
S01009200,Level 1,193,186,7,1,2,0,4
S01009200,Level 2,132,126,6,0,0,0,6
S01009200,Level 3,106,103,3,0,0,1,2
S01009200,Level 4 and above,298,272,26,3,3,2,18
S01009201,All people aged 16 and over,513,468,45,2,10,9,24
S01009201,No qualifications,120,109,11,1,2,3,5
S01009201,Level 1,161,150,11,1,4,0,6
S01009201,Level 2,93,85,8,0,4,1,3
S01009201,Level 3,58,54,4,0,0,0,4
S01009201,Level 4 and above,81,70,11,0,0,5,6
S01009202,All people aged 16 and over,402,380,22,7,5,0,10
S01009202,No qualifications,43,42,1,0,0,0,1
S01009202,Level 1,114,105,9,4,0,0,5
S01009202,Level 2,69,68,1,0,1,0,0
S01009202,Level 3,46,41,5,0,2,0,3
S01009202,Level 4 and above,130,124,6,3,2,0,1
S01009203,All people aged 16 and over,485,471,14,1,2,0,11
S01009203,No qualifications,214,211,3,1,0,0,2
S01009203,Level 1,142,138,4,0,0,0,4
S01009203,Level 2,42,41,1,0,0,0,1
S01009203,Level 3,39,39,0,0,0,0,0
S01009203,Level 4 and above,48,42,6,0,2,0,4
S01009204,All people aged 16 and over,685,653,32,3,4,5,20
S01009204,No qualifications,185,178,7,1,0,0,6
S01009204,Level 1,185,178,7,1,1,2,3
S01009204,Level 2,114,111,3,0,0,0,3
S01009204,Level 3,85,83,2,0,2,0,0
S01009204,Level 4 and above,116,103,13,1,1,3,8
S01009205,All people aged 16 and over,610,595,15,0,0,4,11
S01009205,No qualifications,76,72,4,0,0,2,2
S01009205,Level 1,153,151,2,0,0,0,2
S01009205,Level 2,137,136,1,0,0,0,1
S01009205,Level 3,87,83,4,0,0,1,3
S01009205,Level 4 and above,157,153,4,0,0,1,3
S01009206,All people aged 16 and over,689,676,13,0,2,1,10
S01009206,No qualifications,91,91,0,0,0,0,0
S01009206,Level 1,153,150,3,0,0,0,3
S01009206,Level 2,125,124,1,0,0,0,1
S01009206,Level 3,95,92,3,0,1,0,2
S01009206,Level 4 and above,225,219,6,0,1,1,4
S01009207,All people aged 16 and over,686,667,19,0,2,3,14
S01009207,No qualifications,101,96,5,0,0,0,5
S01009207,Level 1,166,165,1,0,0,0,1
S01009207,Level 2,101,100,1,0,0,0,1
S01009207,Level 3,101,101,0,0,0,0,0
S01009207,Level 4 and above,217,205,12,0,2,3,7
S01009208,All people aged 16 and over,540,528,12,0,3,1,8
S01009208,No qualifications,126,123,3,0,0,1,2
S01009208,Level 1,124,121,3,0,1,0,2
S01009208,Level 2,82,81,1,0,0,0,1
S01009208,Level 3,65,65,0,0,0,0,0
S01009208,Level 4 and above,143,138,5,0,2,0,3
S01009209,All people aged 16 and over,593,577,16,3,0,4,9
S01009209,No qualifications,157,154,3,0,0,1,2
S01009209,Level 1,122,122,0,0,0,0,0
S01009209,Level 2,77,73,4,0,0,1,3
S01009209,Level 3,52,51,1,0,0,0,1
S01009209,Level 4 and above,185,177,8,3,0,2,3
S01009210,All people aged 16 and over,472,456,16,0,2,1,13
S01009210,No qualifications,87,85,2,0,0,0,2
S01009210,Level 1,116,110,6,0,0,0,6
S01009210,Level 2,70,67,3,0,0,0,3
S01009210,Level 3,57,56,1,0,0,0,1
S01009210,Level 4 and above,142,138,4,0,2,1,1
S01009211,All people aged 16 and over,502,489,13,1,1,0,11
S01009211,No qualifications,117,116,1,0,0,0,1
S01009211,Level 1,137,131,6,1,0,0,5
S01009211,Level 2,83,83,0,0,0,0,0
S01009211,Level 3,63,62,1,0,0,0,1
S01009211,Level 4 and above,102,97,5,0,1,0,4
S01009212,All people aged 16 and over,683,660,23,1,0,3,19
S01009212,No qualifications,255,252,3,0,0,0,3
S01009212,Level 1,210,199,11,0,0,3,8
S01009212,Level 2,87,84,3,0,0,0,3
S01009212,Level 3,62,60,2,0,0,0,2
S01009212,Level 4 and above,69,65,4,1,0,0,3
S01009213,All people aged 16 and over,746,726,20,3,4,3,10
S01009213,No qualifications,264,259,5,0,1,1,3
S01009213,Level 1,226,222,4,0,0,0,4
S01009213,Level 2,100,97,3,1,0,0,2
S01009213,Level 3,57,54,3,1,0,1,1
S01009213,Level 4 and above,99,94,5,1,3,1,0
S01009214,All people aged 16 and over,825,800,25,1,1,7,16
S01009214,No qualifications,164,161,3,0,0,0,3
S01009214,Level 1,214,211,3,0,0,1,2
S01009214,Level 2,136,133,3,1,0,0,2
S01009214,Level 3,94,90,4,0,0,1,3
S01009214,Level 4 and above,217,205,12,0,1,5,6
S01009215,All people aged 16 and over,761,736,25,1,5,6,13
S01009215,No qualifications,213,203,10,1,0,1,8
S01009215,Level 1,252,246,6,0,3,1,2
S01009215,Level 2,118,116,2,0,1,1,0
S01009215,Level 3,71,70,1,0,0,1,0
S01009215,Level 4 and above,107,101,6,0,1,2,3
S01009216,All people aged 16 and over,755,733,22,5,3,0,14
S01009216,No qualifications,251,244,7,0,1,0,6
S01009216,Level 1,248,243,5,2,1,0,2
S01009216,Level 2,113,113,0,0,0,0,0
S01009216,Level 3,51,49,2,0,0,0,2
S01009216,Level 4 and above,92,84,8,3,1,0,4
S01009217,All people aged 16 and over,488,472,16,0,5,7,4
S01009217,No qualifications,201,198,3,0,0,0,3
S01009217,Level 1,158,158,0,0,0,0,0
S01009217,Level 2,42,41,1,0,0,1,0
S01009217,Level 3,37,36,1,0,0,1,0
S01009217,Level 4 and above,50,39,11,0,5,5,1
S01009218,All people aged 16 and over,717,705,12,0,0,3,9
S01009218,No qualifications,200,198,2,0,0,0,2
S01009218,Level 1,208,205,3,0,0,1,2
S01009218,Level 2,101,99,2,0,0,0,2
S01009218,Level 3,67,66,1,0,0,0,1
S01009218,Level 4 and above,141,137,4,0,0,2,2
S01009219,All people aged 16 and over,548,532,16,1,4,1,10
S01009219,No qualifications,199,194,5,0,0,0,5
S01009219,Level 1,187,186,1,0,0,0,1
S01009219,Level 2,57,57,0,0,0,0,0
S01009219,Level 3,48,45,3,0,3,0,0
S01009219,Level 4 and above,57,50,7,1,1,1,4
S01009220,All people aged 16 and over,446,426,20,2,5,2,11
S01009220,No qualifications,159,151,8,0,1,1,6
S01009220,Level 1,140,137,3,0,2,0,1
S01009220,Level 2,54,52,2,0,1,0,1
S01009220,Level 3,35,33,2,0,0,0,2
S01009220,Level 4 and above,58,53,5,2,1,1,1
S01009221,All people aged 16 and over,460,450,10,1,4,1,4
S01009221,No qualifications,179,178,1,0,1,0,0
S01009221,Level 1,132,127,5,1,2,1,1
S01009221,Level 2,58,58,0,0,0,0,0
S01009221,Level 3,47,45,2,0,0,0,2
S01009221,Level 4 and above,44,42,2,0,1,0,1
S01009222,All people aged 16 and over,414,398,16,3,3,3,7
S01009222,No qualifications,149,144,5,1,1,2,1
S01009222,Level 1,132,128,4,0,1,0,3
S01009222,Level 2,57,56,1,0,0,0,1
S01009222,Level 3,33,31,2,1,0,0,1
S01009222,Level 4 and above,43,39,4,1,1,1,1
S01009223,All people aged 16 and over,463,445,18,0,2,5,11
S01009223,No qualifications,178,171,7,0,0,1,6
S01009223,Level 1,128,127,1,0,0,0,1
S01009223,Level 2,59,54,5,0,0,3,2
S01009223,Level 3,46,44,2,0,1,0,1
S01009223,Level 4 and above,52,49,3,0,1,1,1
S01009224,All people aged 16 and over,519,506,13,0,2,1,10
S01009224,No qualifications,192,187,5,0,1,0,4
S01009224,Level 1,181,178,3,0,0,0,3
S01009224,Level 2,69,68,1,0,0,0,1
S01009224,Level 3,39,38,1,0,0,0,1
S01009224,Level 4 and above,38,35,3,0,1,1,1
S01009225,All people aged 16 and over,458,443,15,0,4,3,8
S01009225,No qualifications,174,172,2,0,1,0,1
S01009225,Level 1,136,133,3,0,1,1,1
S01009225,Level 2,57,55,2,0,1,0,1
S01009225,Level 3,46,42,4,0,0,2,2
S01009225,Level 4 and above,45,41,4,0,1,0,3
S01009226,All people aged 16 and over,796,777,19,2,1,3,13
S01009226,No qualifications,328,321,7,0,0,0,7
S01009226,Level 1,228,224,4,1,0,0,3
S01009226,Level 2,99,97,2,0,1,0,1
S01009226,Level 3,61,60,1,0,0,0,1
S01009226,Level 4 and above,80,75,5,1,0,3,1
S01009227,All people aged 16 and over,529,516,13,0,2,2,9
S01009227,No qualifications,195,191,4,0,0,0,4
S01009227,Level 1,151,149,2,0,0,1,1
S01009227,Level 2,76,73,3,0,0,0,3
S01009227,Level 3,44,44,0,0,0,0,0
S01009227,Level 4 and above,63,59,4,0,2,1,1
S01009228,All people aged 16 and over,499,491,8,0,2,1,5
S01009228,No qualifications,196,193,3,0,0,1,2
S01009228,Level 1,147,146,1,0,0,0,1
S01009228,Level 2,71,71,0,0,0,0,0
S01009228,Level 3,46,45,1,0,1,0,0
S01009228,Level 4 and above,39,36,3,0,1,0,2
S01009229,All people aged 16 and over,486,468,18,2,7,3,6
S01009229,No qualifications,152,144,8,0,3,2,3
S01009229,Level 1,120,119,1,1,0,0,0
S01009229,Level 2,80,79,1,0,0,0,1
S01009229,Level 3,64,61,3,0,3,0,0
S01009229,Level 4 and above,70,65,5,1,1,1,2
S01009230,All people aged 16 and over,491,473,18,2,10,2,4
S01009230,No qualifications,113,111,2,0,0,0,2
S01009230,Level 1,127,126,1,0,1,0,0
S01009230,Level 2,88,87,1,0,0,0,1
S01009230,Level 3,85,79,6,0,4,1,1
S01009230,Level 4 and above,78,70,8,2,5,1,0
S01009231,All people aged 16 and over,810,792,18,3,3,2,10
S01009231,No qualifications,206,199,7,2,1,1,3
S01009231,Level 1,221,217,4,1,0,1,2
S01009231,Level 2,134,132,2,0,1,0,1
S01009231,Level 3,102,100,2,0,0,0,2
S01009231,Level 4 and above,147,144,3,0,1,0,2
S01009232,All people aged 16 and over,466,447,19,5,1,5,8
S01009232,No qualifications,152,150,2,1,0,1,0
S01009232,Level 1,183,176,7,2,0,1,4
S01009232,Level 2,47,45,2,1,0,0,1
S01009232,Level 3,46,41,5,1,1,2,1
S01009232,Level 4 and above,38,35,3,0,0,1,2
S01009233,All people aged 16 and over,488,479,9,0,2,1,6
S01009233,No qualifications,202,199,3,0,1,0,2
S01009233,Level 1,135,133,2,0,0,1,1
S01009233,Level 2,57,56,1,0,0,0,1
S01009233,Level 3,39,38,1,0,1,0,0
S01009233,Level 4 and above,55,53,2,0,0,0,2
S01009234,All people aged 16 and over,781,701,80,14,30,20,16
S01009234,No qualifications,275,255,20,2,5,6,7
S01009234,Level 1,274,256,18,4,6,6,2
S01009234,Level 2,82,76,6,0,2,0,4
S01009234,Level 3,72,61,11,2,4,3,2
S01009234,Level 4 and above,78,53,25,6,13,5,1
S01009235,All people aged 16 and over,759,712,47,6,17,9,15
S01009235,No qualifications,231,213,18,2,9,3,4
S01009235,Level 1,272,266,6,1,3,0,2
S01009235,Level 2,74,72,2,0,0,0,2
S01009235,Level 3,83,77,6,0,3,2,1
S01009235,Level 4 and above,99,84,15,3,2,4,6
S01009236,All people aged 16 and over,419,409,10,0,0,1,9
S01009236,No qualifications,103,98,5,0,0,0,5
S01009236,Level 1,125,125,0,0,0,0,0
S01009236,Level 2,54,52,2,0,0,1,1
S01009236,Level 3,56,56,0,0,0,0,0
S01009236,Level 4 and above,81,78,3,0,0,0,3
S01009237,All people aged 16 and over,750,726,24,1,2,3,18
S01009237,No qualifications,128,121,7,1,1,0,5
S01009237,Level 1,190,187,3,0,0,1,2
S01009237,Level 2,135,132,3,0,0,0,3
S01009237,Level 3,108,106,2,0,0,0,2
S01009237,Level 4 and above,189,180,9,0,1,2,6
S01009238,All people aged 16 and over,630,618,12,0,2,2,8
S01009238,No qualifications,214,212,2,0,0,1,1
S01009238,Level 1,216,213,3,0,0,0,3
S01009238,Level 2,85,84,1,0,0,0,1
S01009238,Level 3,49,49,0,0,0,0,0
S01009238,Level 4 and above,66,60,6,0,2,1,3
S01009239,All people aged 16 and over,702,668,34,4,7,4,19
S01009239,No qualifications,197,192,5,2,0,0,3
S01009239,Level 1,228,217,11,0,2,2,7
S01009239,Level 2,116,113,3,0,0,0,3
S01009239,Level 3,71,69,2,1,0,0,1
S01009239,Level 4 and above,90,77,13,1,5,2,5
S01009240,All people aged 16 and over,541,529,12,1,4,2,5
S01009240,No qualifications,180,178,2,0,0,2,0
S01009240,Level 1,199,197,2,0,0,0,2
S01009240,Level 2,64,63,1,0,0,0,1
S01009240,Level 3,47,45,2,0,2,0,0
S01009240,Level 4 and above,51,46,5,1,2,0,2
S01009241,All people aged 16 and over,721,693,28,1,1,3,23
S01009241,No qualifications,259,250,9,0,0,0,9
S01009241,Level 1,242,232,10,0,0,1,9
S01009241,Level 2,92,91,1,0,0,0,1
S01009241,Level 3,51,49,2,0,0,0,2
S01009241,Level 4 and above,77,71,6,1,1,2,2
S01009242,All people aged 16 and over,633,622,11,1,3,0,7
S01009242,No qualifications,146,144,2,0,0,0,2
S01009242,Level 1,194,190,4,0,1,0,3
S01009242,Level 2,118,118,0,0,0,0,0
S01009242,Level 3,77,75,2,1,1,0,0
S01009242,Level 4 and above,98,95,3,0,1,0,2
S01009243,All people aged 16 and over,770,729,41,1,5,11,24
S01009243,No qualifications,228,220,8,0,1,1,6
S01009243,Level 1,249,235,14,1,2,5,6
S01009243,Level 2,132,131,1,0,0,0,1
S01009243,Level 3,59,50,9,0,2,1,6
S01009243,Level 4 and above,102,93,9,0,0,4,5
S01009244,All people aged 16 and over,694,677,17,1,0,2,14
S01009244,No qualifications,152,151,1,1,0,0,0
S01009244,Level 1,167,163,4,0,0,0,4
S01009244,Level 2,117,114,3,0,0,1,2
S01009244,Level 3,94,91,3,0,0,0,3
S01009244,Level 4 and above,164,158,6,0,0,1,5
S01009245,All people aged 16 and over,711,689,22,0,2,2,18
S01009245,No qualifications,164,160,4,0,0,0,4
S01009245,Level 1,195,191,4,0,1,0,3
S01009245,Level 2,117,115,2,0,0,0,2
S01009245,Level 3,89,86,3,0,0,1,2
S01009245,Level 4 and above,146,137,9,0,1,1,7
S01009246,All people aged 16 and over,687,651,36,4,8,10,14
S01009246,No qualifications,281,277,4,0,2,2,0
S01009246,Level 1,195,182,13,2,2,2,7
S01009246,Level 2,77,74,3,0,1,1,1
S01009246,Level 3,61,57,4,0,0,1,3
S01009246,Level 4 and above,73,61,12,2,3,4,3
S01009247,All people aged 16 and over,822,803,19,1,10,2,6
S01009247,No qualifications,284,281,3,0,1,1,1
S01009247,Level 1,266,263,3,0,2,1,0
S01009247,Level 2,100,98,2,0,0,0,2
S01009247,Level 3,70,68,2,0,1,0,1
S01009247,Level 4 and above,102,93,9,1,6,0,2
S01009248,All people aged 16 and over,589,577,12,2,0,1,9
S01009248,No qualifications,168,166,2,1,0,0,1
S01009248,Level 1,153,148,5,0,0,0,5
S01009248,Level 2,96,96,0,0,0,0,0
S01009248,Level 3,54,54,0,0,0,0,0
S01009248,Level 4 and above,118,113,5,1,0,1,3
S01009249,All people aged 16 and over,655,618,37,11,4,8,14
S01009249,No qualifications,249,242,7,3,0,0,4
S01009249,Level 1,199,194,5,0,0,0,5
S01009249,Level 2,66,64,2,0,1,0,1
S01009249,Level 3,52,47,5,2,0,1,2
S01009249,Level 4 and above,89,71,18,6,3,7,2
S01009250,All people aged 16 and over,523,508,15,3,3,4,5
S01009250,No qualifications,198,195,3,1,0,1,1
S01009250,Level 1,152,147,5,1,0,1,3
S01009250,Level 2,64,64,0,0,0,0,0
S01009250,Level 3,51,50,1,0,1,0,0
S01009250,Level 4 and above,58,52,6,1,2,2,1
S01009251,All people aged 16 and over,462,448,14,1,3,4,6
S01009251,No qualifications,144,142,2,0,0,1,1
S01009251,Level 1,142,142,0,0,0,0,0
S01009251,Level 2,54,53,1,0,0,1,0
S01009251,Level 3,45,42,3,1,0,0,2
S01009251,Level 4 and above,77,69,8,0,3,2,3
S01009252,All people aged 16 and over,359,352,7,0,1,2,4
S01009252,No qualifications,48,47,1,0,0,0,1
S01009252,Level 1,86,83,3,0,0,2,1
S01009252,Level 2,78,78,0,0,0,0,0
S01009252,Level 3,45,45,0,0,0,0,0
S01009252,Level 4 and above,102,99,3,0,1,0,2
S01009253,All people aged 16 and over,399,392,7,0,2,2,3
S01009253,No qualifications,199,197,2,0,0,0,2
S01009253,Level 1,105,105,0,0,0,0,0
S01009253,Level 2,36,35,1,0,0,1,0
S01009253,Level 3,28,27,1,0,1,0,0
S01009253,Level 4 and above,31,28,3,0,1,1,1
S01009254,All people aged 16 and over,656,618,38,2,17,8,11
S01009254,No qualifications,278,271,7,1,2,1,3
S01009254,Level 1,188,179,9,1,3,3,2
S01009254,Level 2,63,61,2,0,2,0,0
S01009254,Level 3,42,39,3,0,0,2,1
S01009254,Level 4 and above,85,68,17,0,10,2,5
S01009255,All people aged 16 and over,549,464,85,29,34,13,9
S01009255,No qualifications,166,147,19,8,9,1,1
S01009255,Level 1,125,105,20,5,11,1,3
S01009255,Level 2,65,62,3,2,1,0,0
S01009255,Level 3,57,48,9,1,3,4,1
S01009255,Level 4 and above,136,102,34,13,10,7,4
S01009256,All people aged 16 and over,412,398,14,3,2,0,9
S01009256,No qualifications,127,123,4,0,2,0,2
S01009256,Level 1,81,80,1,0,0,0,1
S01009256,Level 2,57,56,1,0,0,0,1
S01009256,Level 3,50,48,2,1,0,0,1
S01009256,Level 4 and above,97,91,6,2,0,0,4
S01009257,All people aged 16 and over,598,558,40,11,13,5,11
S01009257,No qualifications,166,160,6,0,4,1,1
S01009257,Level 1,146,131,15,4,6,1,4
S01009257,Level 2,81,78,3,0,0,0,3
S01009257,Level 3,71,67,4,2,2,0,0
S01009257,Level 4 and above,134,122,12,5,1,3,3
S01009258,All people aged 16 and over,540,516,24,4,3,6,11
S01009258,No qualifications,134,131,3,1,0,1,1
S01009258,Level 1,103,96,7,2,2,2,1
S01009258,Level 2,55,55,0,0,0,0,0
S01009258,Level 3,61,60,1,0,0,0,1
S01009258,Level 4 and above,187,174,13,1,1,3,8
S01009259,All people aged 16 and over,763,735,28,0,5,5,18
S01009259,No qualifications,183,180,3,0,2,0,1
S01009259,Level 1,153,147,6,0,1,1,4
S01009259,Level 2,118,115,3,0,0,0,3
S01009259,Level 3,82,78,4,0,0,0,4
S01009259,Level 4 and above,227,215,12,0,2,4,6
S01009260,All people aged 16 and over,965,887,78,15,26,18,19
S01009260,No qualifications,263,244,19,6,9,1,3
S01009260,Level 1,269,253,16,4,5,4,3
S01009260,Level 2,139,132,7,0,1,3,3
S01009260,Level 3,84,79,5,1,1,1,2
S01009260,Level 4 and above,210,179,31,4,10,9,8
S01009261,All people aged 16 and over,626,565,61,11,24,9,17
S01009261,No qualifications,243,229,14,5,8,0,1
S01009261,Level 1,160,149,11,0,6,4,1
S01009261,Level 2,70,68,2,0,0,1,1
S01009261,Level 3,39,32,7,1,5,0,1
S01009261,Level 4 and above,114,87,27,5,5,4,13
S01009262,All people aged 16 and over,459,429,30,3,11,7,9
S01009262,No qualifications,200,189,11,2,4,3,2
S01009262,Level 1,129,124,5,1,1,2,1
S01009262,Level 2,54,50,4,0,0,0,4
S01009262,Level 3,34,34,0,0,0,0,0
S01009262,Level 4 and above,42,32,10,0,6,2,2
S01009263,All people aged 16 and over,649,594,55,14,16,10,15
S01009263,No qualifications,72,70,2,1,0,0,1
S01009263,Level 1,138,126,12,6,3,2,1
S01009263,Level 2,97,90,7,2,4,0,1
S01009263,Level 3,88,83,5,1,1,1,2
S01009263,Level 4 and above,254,225,29,4,8,7,10
S01009264,All people aged 16 and over,465,439,26,0,1,3,22
S01009264,No qualifications,106,101,5,0,0,0,5
S01009264,Level 1,120,115,5,0,0,1,4
S01009264,Level 2,71,65,6,0,0,0,6
S01009264,Level 3,58,57,1,0,0,0,1
S01009264,Level 4 and above,110,101,9,0,1,2,6
S01009265,All people aged 16 and over,671,650,21,2,1,1,17
S01009265,No qualifications,208,202,6,0,0,0,6
S01009265,Level 1,168,167,1,0,0,0,1
S01009265,Level 2,108,104,4,0,1,0,3
S01009265,Level 3,66,65,1,0,0,0,1
S01009265,Level 4 and above,121,112,9,2,0,1,6
S01009266,All people aged 16 and over,710,685,25,0,4,1,20
S01009266,No qualifications,257,249,8,0,0,0,8
S01009266,Level 1,177,175,2,0,0,0,2
S01009266,Level 2,84,83,1,0,1,0,0
S01009266,Level 3,86,83,3,0,1,0,2
S01009266,Level 4 and above,106,95,11,0,2,1,8
S01009267,All people aged 16 and over,715,682,33,2,7,1,23
S01009267,No qualifications,210,203,7,0,0,0,7
S01009267,Level 1,165,159,6,0,3,1,2
S01009267,Level 2,98,96,2,0,1,0,1
S01009267,Level 3,70,65,5,0,1,0,4
S01009267,Level 4 and above,172,159,13,2,2,0,9
S01009268,All people aged 16 and over,774,748,26,3,1,5,17
S01009268,No qualifications,230,230,0,0,0,0,0
S01009268,Level 1,224,215,9,1,0,0,8
S01009268,Level 2,106,104,2,1,0,1,0
S01009268,Level 3,77,75,2,0,0,0,2
S01009268,Level 4 and above,137,124,13,1,1,4,7
S01009269,All people aged 16 and over,671,664,7,0,0,2,5
S01009269,No qualifications,273,271,2,0,0,0,2
S01009269,Level 1,212,211,1,0,0,0,1
S01009269,Level 2,70,69,1,0,0,0,1
S01009269,Level 3,59,59,0,0,0,0,0
S01009269,Level 4 and above,57,54,3,0,0,2,1
S01009270,All people aged 16 and over,501,490,11,0,2,0,9
S01009270,No qualifications,225,223,2,0,0,0,2
S01009270,Level 1,142,138,4,0,1,0,3
S01009270,Level 2,52,49,3,0,0,0,3
S01009270,Level 3,35,34,1,0,1,0,0
S01009270,Level 4 and above,47,46,1,0,0,0,1
S01009271,All people aged 16 and over,744,710,34,3,0,2,29
S01009271,No qualifications,147,139,8,1,0,0,7
S01009271,Level 1,185,179,6,0,0,0,6
S01009271,Level 2,129,127,2,0,0,0,2
S01009271,Level 3,95,94,1,0,0,0,1
S01009271,Level 4 and above,188,171,17,2,0,2,13
S01009272,All people aged 16 and over,552,529,23,5,6,4,8
S01009272,No qualifications,211,207,4,0,1,0,3
S01009272,Level 1,175,170,5,0,2,2,1
S01009272,Level 2,59,57,2,1,0,0,1
S01009272,Level 3,49,45,4,0,0,1,3
S01009272,Level 4 and above,58,50,8,4,3,1,0
S01009273,All people aged 16 and over,416,406,10,0,1,0,9
S01009273,No qualifications,62,59,3,0,0,0,3
S01009273,Level 1,80,79,1,0,0,0,1
S01009273,Level 2,67,66,1,0,0,0,1
S01009273,Level 3,48,48,0,0,0,0,0
S01009273,Level 4 and above,159,154,5,0,1,0,4
S01009274,All people aged 16 and over,514,494,20,0,0,3,17
S01009274,No qualifications,129,124,5,0,0,0,5
S01009274,Level 1,119,114,5,0,0,0,5
S01009274,Level 2,72,71,1,0,0,0,1
S01009274,Level 3,51,50,1,0,0,0,1
S01009274,Level 4 and above,143,135,8,0,0,3,5
S01009275,All people aged 16 and over,563,541,22,0,3,4,15
S01009275,No qualifications,163,159,4,0,1,1,2
S01009275,Level 1,107,104,3,0,0,0,3
S01009275,Level 2,80,76,4,0,0,0,4
S01009275,Level 3,56,55,1,0,0,0,1
S01009275,Level 4 and above,157,147,10,0,2,3,5
S01009276,All people aged 16 and over,756,734,22,0,2,3,17
S01009276,No qualifications,179,176,3,0,0,0,3
S01009276,Level 1,159,153,6,0,1,1,4
S01009276,Level 2,102,98,4,0,1,0,3
S01009276,Level 3,94,92,2,0,0,0,2
S01009276,Level 4 and above,222,215,7,0,0,2,5
S01009277,All people aged 16 and over,445,431,14,0,0,1,13
S01009277,No qualifications,61,60,1,0,0,0,1
S01009277,Level 1,94,93,1,0,0,0,1
S01009277,Level 2,76,73,3,0,0,0,3
S01009277,Level 3,54,52,2,0,0,0,2
S01009277,Level 4 and above,160,153,7,0,0,1,6
S01009278,All people aged 16 and over,437,418,19,0,0,3,16
S01009278,No qualifications,80,77,3,0,0,0,3
S01009278,Level 1,85,82,3,0,0,0,3
S01009278,Level 2,53,51,2,0,0,0,2
S01009278,Level 3,42,41,1,0,0,0,1
S01009278,Level 4 and above,177,167,10,0,0,3,7
S01009279,All people aged 16 and over,500,479,21,0,0,2,19
S01009279,No qualifications,136,131,5,0,0,0,5
S01009279,Level 1,109,107,2,0,0,0,2
S01009279,Level 2,72,71,1,0,0,0,1
S01009279,Level 3,61,58,3,0,0,0,3
S01009279,Level 4 and above,122,112,10,0,0,2,8
S01009280,All people aged 16 and over,698,685,13,0,2,4,7
S01009280,No qualifications,354,350,4,0,0,1,3
S01009280,Level 1,199,198,1,0,0,0,1
S01009280,Level 2,54,53,1,0,0,0,1
S01009280,Level 3,43,41,2,0,0,1,1
S01009280,Level 4 and above,48,43,5,0,2,2,1
S01009281,All people aged 16 and over,668,656,12,0,0,4,8
S01009281,No qualifications,315,314,1,0,0,0,1
S01009281,Level 1,152,150,2,0,0,0,2
S01009281,Level 2,66,66,0,0,0,0,0
S01009281,Level 3,46,44,2,0,0,1,1
S01009281,Level 4 and above,89,82,7,0,0,3,4
S01009282,All people aged 16 and over,625,583,42,1,9,7,25
S01009282,No qualifications,131,127,4,0,2,0,2
S01009282,Level 1,122,116,6,0,0,1,5
S01009282,Level 2,94,89,5,0,0,2,3
S01009282,Level 3,62,59,3,0,1,1,1
S01009282,Level 4 and above,216,192,24,1,6,3,14
S01009283,All people aged 16 and over,356,336,20,0,4,3,13
S01009283,No qualifications,75,74,1,0,0,0,1
S01009283,Level 1,68,67,1,0,0,0,1
S01009283,Level 2,47,44,3,0,1,0,2
S01009283,Level 3,58,55,3,0,1,0,2
S01009283,Level 4 and above,108,96,12,0,2,3,7
S01009284,All people aged 16 and over,650,625,25,3,1,1,20
S01009284,No qualifications,83,79,4,1,0,0,3
S01009284,Level 1,155,149,6,0,0,1,5
S01009284,Level 2,102,101,1,0,0,0,1
S01009284,Level 3,89,85,4,0,0,0,4
S01009284,Level 4 and above,221,211,10,2,1,0,7
S01009285,All people aged 16 and over,705,666,39,1,4,5,29
S01009285,No qualifications,100,96,4,0,0,0,4
S01009285,Level 1,190,182,8,0,2,1,5
S01009285,Level 2,156,150,6,0,0,0,6
S01009285,Level 3,116,110,6,0,0,0,6
S01009285,Level 4 and above,143,128,15,1,2,4,8
S01009286,All people aged 16 and over,653,630,23,0,2,4,17
S01009286,No qualifications,134,130,4,0,0,0,4
S01009286,Level 1,158,153,5,0,0,1,4
S01009286,Level 2,97,97,0,0,0,0,0
S01009286,Level 3,97,94,3,0,1,0,2
S01009286,Level 4 and above,167,156,11,0,1,3,7
S01009287,All people aged 16 and over,627,597,30,4,4,3,19
S01009287,No qualifications,86,85,1,0,0,0,1
S01009287,Level 1,82,77,5,0,2,1,2
S01009287,Level 2,83,82,1,0,0,0,1
S01009287,Level 3,73,69,4,1,0,0,3
S01009287,Level 4 and above,303,284,19,3,2,2,12
S01009288,All people aged 16 and over,700,669,31,3,0,2,26
S01009288,No qualifications,113,109,4,0,0,0,4
S01009288,Level 1,110,106,4,0,0,0,4
S01009288,Level 2,94,94,0,0,0,0,0
S01009288,Level 3,92,88,4,0,0,0,4
S01009288,Level 4 and above,291,272,19,3,0,2,14
S01009289,All people aged 16 and over,762,733,29,2,2,2,23
S01009289,No qualifications,144,139,5,0,0,0,5
S01009289,Level 1,161,154,7,1,2,1,3
S01009289,Level 2,121,118,3,0,0,0,3
S01009289,Level 3,74,72,2,0,0,1,1
S01009289,Level 4 and above,262,250,12,1,0,0,11
S01009290,All people aged 16 and over,538,520,18,0,0,1,17
S01009290,No qualifications,84,84,0,0,0,0,0
S01009290,Level 1,83,77,6,0,0,0,6
S01009290,Level 2,78,73,5,0,0,0,5
S01009290,Level 3,77,77,0,0,0,0,0
S01009290,Level 4 and above,216,209,7,0,0,1,6
S01009291,All people aged 16 and over,810,792,18,2,2,3,11
S01009291,No qualifications,142,139,3,1,1,1,0
S01009291,Level 1,200,196,4,0,0,0,4
S01009291,Level 2,156,155,1,0,0,0,1
S01009291,Level 3,97,94,3,0,0,0,3
S01009291,Level 4 and above,215,208,7,1,1,2,3
S01009292,All people aged 16 and over,425,412,13,1,0,0,12
S01009292,No qualifications,152,147,5,0,0,0,5
S01009292,Level 1,140,139,1,0,0,0,1
S01009292,Level 2,50,50,0,0,0,0,0
S01009292,Level 3,31,30,1,0,0,0,1
S01009292,Level 4 and above,52,46,6,1,0,0,5
S01009293,All people aged 16 and over,574,550,24,4,0,1,19
S01009293,No qualifications,141,136,5,1,0,0,4
S01009293,Level 1,112,105,7,1,0,0,6
S01009293,Level 2,94,93,1,0,0,0,1
S01009293,Level 3,82,79,3,1,0,0,2
S01009293,Level 4 and above,145,137,8,1,0,1,6
S01009294,All people aged 16 and over,401,386,15,0,2,0,13
S01009294,No qualifications,62,59,3,0,0,0,3
S01009294,Level 1,68,64,4,0,0,0,4
S01009294,Level 2,59,58,1,0,1,0,0
S01009294,Level 3,62,62,0,0,0,0,0
S01009294,Level 4 and above,150,143,7,0,1,0,6
S01009295,All people aged 16 and over,530,506,24,1,2,2,19
S01009295,No qualifications,89,88,1,0,0,0,1
S01009295,Level 1,139,131,8,1,2,0,5
S01009295,Level 2,105,102,3,0,0,0,3
S01009295,Level 3,60,58,2,0,0,0,2
S01009295,Level 4 and above,137,127,10,0,0,2,8
S01009296,All people aged 16 and over,426,416,10,2,0,0,8
S01009296,No qualifications,88,86,2,1,0,0,1
S01009296,Level 1,100,100,0,0,0,0,0
S01009296,Level 2,74,71,3,0,0,0,3
S01009296,Level 3,52,50,2,0,0,0,2
S01009296,Level 4 and above,112,109,3,1,0,0,2
S01009297,All people aged 16 and over,675,650,25,0,0,5,20
S01009297,No qualifications,78,74,4,0,0,1,3
S01009297,Level 1,121,117,4,0,0,0,4
S01009297,Level 2,119,116,3,0,0,0,3
S01009297,Level 3,94,94,0,0,0,0,0
S01009297,Level 4 and above,263,249,14,0,0,4,10
S01009298,All people aged 16 and over,845,797,48,6,4,14,24
S01009298,No qualifications,325,317,8,0,0,1,7
S01009298,Level 1,185,178,7,1,0,2,4
S01009298,Level 2,108,104,4,2,0,1,1
S01009298,Level 3,85,81,4,0,0,2,2
S01009298,Level 4 and above,142,117,25,3,4,8,10
S01009299,All people aged 16 and over,811,760,51,5,4,12,30
S01009299,No qualifications,157,151,6,0,1,0,5
S01009299,Level 1,155,142,13,1,0,3,9
S01009299,Level 2,104,103,1,0,0,0,1
S01009299,Level 3,116,109,7,0,1,2,4
S01009299,Level 4 and above,279,255,24,4,2,7,11
S01009300,All people aged 16 and over,444,410,34,6,3,11,14
S01009300,No qualifications,104,104,0,0,0,0,0
S01009300,Level 1,94,83,11,3,2,3,3
S01009300,Level 2,70,66,4,0,0,0,4
S01009300,Level 3,60,56,4,0,0,1,3
S01009300,Level 4 and above,116,101,15,3,1,7,4
S01009301,All people aged 16 and over,834,792,42,6,4,13,19
S01009301,No qualifications,226,222,4,0,0,1,3
S01009301,Level 1,202,193,9,0,2,1,6
S01009301,Level 2,112,106,6,1,0,2,3
S01009301,Level 3,103,97,6,1,0,2,3
S01009301,Level 4 and above,191,174,17,4,2,7,4
S01009302,All people aged 16 and over,690,636,54,2,5,11,36
S01009302,No qualifications,202,195,7,0,0,0,7
S01009302,Level 1,221,208,13,0,2,3,8
S01009302,Level 2,78,73,5,0,1,1,3
S01009302,Level 3,79,74,5,0,0,1,4
S01009302,Level 4 and above,110,86,24,2,2,6,14
S01009303,All people aged 16 and over,666,613,53,7,7,9,30
S01009303,No qualifications,138,126,12,0,3,0,9
S01009303,Level 1,123,114,9,2,1,3,3
S01009303,Level 2,109,105,4,0,1,0,3
S01009303,Level 3,70,68,2,0,0,1,1
S01009303,Level 4 and above,226,200,26,5,2,5,14
S01009304,All people aged 16 and over,770,754,16,0,0,1,15
S01009304,No qualifications,195,189,6,0,0,0,6
S01009304,Level 1,204,200,4,0,0,1,3
S01009304,Level 2,108,108,0,0,0,0,0
S01009304,Level 3,95,91,4,0,0,0,4
S01009304,Level 4 and above,168,166,2,0,0,0,2
S01009305,All people aged 16 and over,652,621,31,5,6,2,18
S01009305,No qualifications,167,159,8,0,0,0,8
S01009305,Level 1,148,146,2,0,0,0,2
S01009305,Level 2,103,100,3,0,0,0,3
S01009305,Level 3,71,70,1,0,0,0,1
S01009305,Level 4 and above,163,146,17,5,6,2,4
S01009306,All people aged 16 and over,897,834,63,14,14,10,25
S01009306,No qualifications,179,170,9,4,0,1,4
S01009306,Level 1,189,182,7,1,1,2,3
S01009306,Level 2,148,146,2,0,0,0,2
S01009306,Level 3,127,115,12,3,2,0,7
S01009306,Level 4 and above,254,221,33,6,11,7,9
S01009307,All people aged 16 and over,900,811,89,16,18,16,39
S01009307,No qualifications,168,153,15,4,2,3,6
S01009307,Level 1,179,165,14,2,3,3,6
S01009307,Level 2,130,125,5,0,0,0,5
S01009307,Level 3,114,103,11,3,4,2,2
S01009307,Level 4 and above,309,265,44,7,9,8,20
S01009308,All people aged 16 and over,436,371,65,15,10,22,18
S01009308,No qualifications,64,61,3,0,1,1,1
S01009308,Level 1,93,82,11,3,3,2,3
S01009308,Level 2,82,76,6,1,0,1,4
S01009308,Level 3,52,44,8,0,0,5,3
S01009308,Level 4 and above,145,108,37,11,6,13,7
S01009309,All people aged 16 and over,625,579,46,6,11,8,21
S01009309,No qualifications,89,83,6,2,0,0,4
S01009309,Level 1,94,92,2,0,0,0,2
S01009309,Level 2,112,109,3,0,2,0,1
S01009309,Level 3,84,74,10,1,1,4,4
S01009309,Level 4 and above,246,221,25,3,8,4,10
S01009310,All people aged 16 and over,804,755,49,7,3,8,31
S01009310,No qualifications,140,140,0,0,0,0,0
S01009310,Level 1,174,163,11,2,1,0,8
S01009310,Level 2,112,109,3,0,0,1,2
S01009310,Level 3,87,80,7,0,0,3,4
S01009310,Level 4 and above,291,263,28,5,2,4,17
S01009311,All people aged 16 and over,570,545,25,0,4,5,16
S01009311,No qualifications,208,203,5,0,0,0,5
S01009311,Level 1,181,176,5,0,1,1,3
S01009311,Level 2,62,60,2,0,0,0,2
S01009311,Level 3,55,54,1,0,0,0,1
S01009311,Level 4 and above,64,52,12,0,3,4,5
S01009312,All people aged 16 and over,578,511,67,9,21,11,26
S01009312,No qualifications,98,94,4,0,1,1,2
S01009312,Level 1,120,105,15,1,2,3,9
S01009312,Level 2,89,85,4,0,1,2,1
S01009312,Level 3,76,71,5,0,0,0,5
S01009312,Level 4 and above,195,156,39,8,17,5,9
S01009313,All people aged 16 and over,460,432,28,1,5,6,16
S01009313,No qualifications,149,145,4,0,0,0,4
S01009313,Level 1,120,112,8,0,0,3,5
S01009313,Level 2,57,56,1,0,1,0,0
S01009313,Level 3,55,52,3,0,1,1,1
S01009313,Level 4 and above,79,67,12,1,3,2,6
S01009314,All people aged 16 and over,541,515,26,2,1,9,14
S01009314,No qualifications,101,95,6,1,0,2,3
S01009314,Level 1,121,114,7,1,1,3,2
S01009314,Level 2,69,66,3,0,0,1,2
S01009314,Level 3,77,75,2,0,0,1,1
S01009314,Level 4 and above,173,165,8,0,0,2,6
S01009315,All people aged 16 and over,542,513,29,11,6,2,10
S01009315,No qualifications,174,166,8,2,2,0,4
S01009315,Level 1,154,148,6,1,0,1,4
S01009315,Level 2,78,77,1,1,0,0,0
S01009315,Level 3,54,49,5,2,2,0,1
S01009315,Level 4 and above,82,73,9,5,2,1,1
S01009316,All people aged 16 and over,621,590,31,1,8,5,17
S01009316,No qualifications,75,70,5,0,0,1,4
S01009316,Level 1,105,102,3,1,2,0,0
S01009316,Level 2,93,91,2,0,0,0,2
S01009316,Level 3,66,61,5,0,0,2,3
S01009316,Level 4 and above,282,266,16,0,6,2,8
S01009317,All people aged 16 and over,710,672,38,1,6,2,29
S01009317,No qualifications,96,89,7,1,1,0,5
S01009317,Level 1,140,138,2,0,0,0,2
S01009317,Level 2,120,117,3,0,0,0,3
S01009317,Level 3,92,86,6,0,1,1,4
S01009317,Level 4 and above,262,242,20,0,4,1,15
S01009318,All people aged 16 and over,500,480,20,0,0,2,18
S01009318,No qualifications,52,50,2,0,0,1,1
S01009318,Level 1,71,68,3,0,0,0,3
S01009318,Level 2,95,93,2,0,0,0,2
S01009318,Level 3,55,55,0,0,0,0,0
S01009318,Level 4 and above,227,214,13,0,0,1,12
S01009319,All people aged 16 and over,776,743,33,1,2,3,27
S01009319,No qualifications,149,141,8,0,1,0,7
S01009319,Level 1,141,134,7,1,0,0,6
S01009319,Level 2,127,123,4,0,0,0,4
S01009319,Level 3,93,87,6,0,0,2,4
S01009319,Level 4 and above,266,258,8,0,1,1,6
S01009320,All people aged 16 and over,599,566,33,2,4,0,27
S01009320,No qualifications,210,198,12,0,1,0,11
S01009320,Level 1,122,116,6,0,0,0,6
S01009320,Level 2,79,78,1,0,0,0,1
S01009320,Level 3,49,44,5,1,1,0,3
S01009320,Level 4 and above,139,130,9,1,2,0,6
S01009321,All people aged 16 and over,566,536,30,0,2,8,20
S01009321,No qualifications,103,97,6,0,1,1,4
S01009321,Level 1,121,115,6,0,1,0,5
S01009321,Level 2,83,81,2,0,0,0,2
S01009321,Level 3,73,70,3,0,0,3,0
S01009321,Level 4 and above,186,173,13,0,0,4,9
S01009322,All people aged 16 and over,673,654,19,1,0,3,15
S01009322,No qualifications,183,178,5,0,0,0,5
S01009322,Level 1,144,143,1,0,0,1,0
S01009322,Level 2,100,98,2,0,0,1,1
S01009322,Level 3,90,87,3,0,0,1,2
S01009322,Level 4 and above,156,148,8,1,0,0,7
S01009323,All people aged 16 and over,557,546,11,0,1,0,10
S01009323,No qualifications,195,193,2,0,0,0,2
S01009323,Level 1,135,131,4,0,1,0,3
S01009323,Level 2,72,71,1,0,0,0,1
S01009323,Level 3,52,51,1,0,0,0,1
S01009323,Level 4 and above,103,100,3,0,0,0,3
S01009324,All people aged 16 and over,448,427,21,1,5,8,7
S01009324,No qualifications,140,138,2,1,0,0,1
S01009324,Level 1,118,114,4,0,2,1,1
S01009324,Level 2,72,69,3,0,0,2,1
S01009324,Level 3,42,40,2,0,0,2,0
S01009324,Level 4 and above,76,66,10,0,3,3,4
S01009325,All people aged 16 and over,618,593,25,4,2,2,17
S01009325,No qualifications,100,99,1,0,0,1,0
S01009325,Level 1,134,127,7,0,1,0,6
S01009325,Level 2,94,92,2,0,0,0,2
S01009325,Level 3,64,60,4,0,0,1,3
S01009325,Level 4 and above,226,215,11,4,1,0,6
S01009326,All people aged 16 and over,448,431,17,0,4,8,5
S01009326,No qualifications,82,81,1,0,1,0,0
S01009326,Level 1,109,106,3,0,0,3,0
S01009326,Level 2,57,56,1,0,1,0,0
S01009326,Level 3,66,64,2,0,0,0,2
S01009326,Level 4 and above,134,124,10,0,2,5,3
S01009327,All people aged 16 and over,486,472,14,1,0,3,10
S01009327,No qualifications,139,138,1,0,0,0,1
S01009327,Level 1,89,89,0,0,0,0,0
S01009327,Level 2,53,52,1,0,0,1,0
S01009327,Level 3,51,48,3,0,0,1,2
S01009327,Level 4 and above,154,145,9,1,0,1,7
S01009328,All people aged 16 and over,478,438,40,5,8,10,17
S01009328,No qualifications,26,20,6,1,2,0,3
S01009328,Level 1,88,80,8,0,1,1,6
S01009328,Level 2,71,67,4,0,1,1,2
S01009328,Level 3,76,75,1,1,0,0,0
S01009328,Level 4 and above,217,196,21,3,4,8,6
S01009329,All people aged 16 and over,337,313,24,1,2,6,15
S01009329,No qualifications,20,16,4,0,0,1,3
S01009329,Level 1,66,62,4,0,0,2,2
S01009329,Level 2,65,63,2,0,0,1,1
S01009329,Level 3,49,48,1,0,0,0,1
S01009329,Level 4 and above,137,124,13,1,2,2,8
S01009330,All people aged 16 and over,353,321,32,2,12,9,9
S01009330,No qualifications,39,37,2,0,0,1,1
S01009330,Level 1,100,96,4,0,1,1,2
S01009330,Level 2,55,52,3,1,1,0,1
S01009330,Level 3,54,47,7,1,2,0,4
S01009330,Level 4 and above,105,89,16,0,8,7,1
S01009331,All people aged 16 and over,399,379,20,0,4,4,12
S01009331,No qualifications,30,29,1,0,0,0,1
S01009331,Level 1,84,82,2,0,0,0,2
S01009331,Level 2,70,69,1,0,0,0,1
S01009331,Level 3,66,63,3,0,2,0,1
S01009331,Level 4 and above,149,136,13,0,2,4,7
S01009332,All people aged 16 and over,750,716,34,1,4,8,21
S01009332,No qualifications,131,130,1,0,0,0,1
S01009332,Level 1,133,130,3,0,0,1,2
S01009332,Level 2,107,104,3,0,0,1,2
S01009332,Level 3,97,92,5,0,0,0,5
S01009332,Level 4 and above,282,260,22,1,4,6,11
S01009333,All people aged 16 and over,589,557,32,2,10,4,16
S01009333,No qualifications,179,172,7,2,0,1,4
S01009333,Level 1,188,183,5,0,0,1,4
S01009333,Level 2,84,82,2,0,0,0,2
S01009333,Level 3,63,59,4,0,2,0,2
S01009333,Level 4 and above,75,61,14,0,8,2,4
S01009334,All people aged 16 and over,511,489,22,0,6,3,13
S01009334,No qualifications,179,173,6,0,0,0,6
S01009334,Level 1,147,142,5,0,2,0,3
S01009334,Level 2,60,60,0,0,0,0,0
S01009334,Level 3,57,55,2,0,1,1,0
S01009334,Level 4 and above,68,59,9,0,3,2,4
S01009335,All people aged 16 and over,634,604,30,1,9,9,11
S01009335,No qualifications,241,236,5,0,2,1,2
S01009335,Level 1,183,175,8,0,1,2,5
S01009335,Level 2,75,74,1,0,1,0,0
S01009335,Level 3,56,54,2,0,1,1,0
S01009335,Level 4 and above,79,65,14,1,4,5,4
S01009336,All people aged 16 and over,518,483,35,8,12,4,11
S01009336,No qualifications,169,165,4,1,0,0,3
S01009336,Level 1,167,158,9,0,4,2,3
S01009336,Level 2,60,57,3,1,1,0,1
S01009336,Level 3,60,58,2,0,0,0,2
S01009336,Level 4 and above,62,45,17,6,7,2,2
S01009337,All people aged 16 and over,564,540,24,1,7,1,15
S01009337,No qualifications,194,191,3,0,0,0,3
S01009337,Level 1,180,175,5,0,0,0,5
S01009337,Level 2,66,64,2,0,1,0,1
S01009337,Level 3,50,47,3,0,1,0,2
S01009337,Level 4 and above,74,63,11,1,5,1,4
S01009338,All people aged 16 and over,626,594,32,2,7,9,14
S01009338,No qualifications,266,259,7,0,0,0,7
S01009338,Level 1,187,177,10,2,3,3,2
S01009338,Level 2,70,69,1,0,0,1,0
S01009338,Level 3,42,39,3,0,0,0,3
S01009338,Level 4 and above,61,50,11,0,4,5,2
S01009339,All people aged 16 and over,638,599,39,0,10,9,20
S01009339,No qualifications,221,213,8,0,2,2,4
S01009339,Level 1,220,211,9,0,2,1,6
S01009339,Level 2,79,72,7,0,2,0,5
S01009339,Level 3,48,48,0,0,0,0,0
S01009339,Level 4 and above,70,55,15,0,4,6,5
S01009340,All people aged 16 and over,483,464,19,2,5,3,9
S01009340,No qualifications,192,188,4,0,0,0,4
S01009340,Level 1,140,137,3,0,2,0,1
S01009340,Level 2,51,51,0,0,0,0,0
S01009340,Level 3,49,49,0,0,0,0,0
S01009340,Level 4 and above,51,39,12,2,3,3,4
S01009341,All people aged 16 and over,495,474,21,1,3,4,13
S01009341,No qualifications,176,170,6,0,0,1,5
S01009341,Level 1,142,138,4,0,1,1,2
S01009341,Level 2,63,61,2,0,0,0,2
S01009341,Level 3,47,46,1,0,1,0,0
S01009341,Level 4 and above,67,59,8,1,1,2,4
S01009342,All people aged 16 and over,609,572,37,0,11,4,22
S01009342,No qualifications,187,183,4,0,0,0,4
S01009342,Level 1,191,176,15,0,7,2,6
S01009342,Level 2,78,75,3,0,0,0,3
S01009342,Level 3,71,68,3,0,1,0,2
S01009342,Level 4 and above,82,70,12,0,3,2,7
S01009343,All people aged 16 and over,453,435,18,0,4,5,9
S01009343,No qualifications,109,109,0,0,0,0,0
S01009343,Level 1,151,144,7,0,1,3,3
S01009343,Level 2,68,68,0,0,0,0,0
S01009343,Level 3,56,52,4,0,1,0,3
S01009343,Level 4 and above,69,62,7,0,2,2,3
S01009344,All people aged 16 and over,530,511,19,0,0,6,13
S01009344,No qualifications,206,202,4,0,0,1,3
S01009344,Level 1,161,153,8,0,0,3,5
S01009344,Level 2,61,58,3,0,0,1,2
S01009344,Level 3,56,56,0,0,0,0,0
S01009344,Level 4 and above,46,42,4,0,0,1,3
S01009345,All people aged 16 and over,742,713,29,1,4,5,19
S01009345,No qualifications,189,183,6,0,1,2,3
S01009345,Level 1,213,208,5,0,1,1,3
S01009345,Level 2,131,126,5,0,1,0,4
S01009345,Level 3,106,99,7,0,0,1,6
S01009345,Level 4 and above,103,97,6,1,1,1,3
S01009346,All people aged 16 and over,479,429,50,5,4,11,30
S01009346,No qualifications,25,22,3,2,0,0,1
S01009346,Level 1,80,75,5,0,1,0,4
S01009346,Level 2,69,64,5,0,1,0,4
S01009346,Level 3,75,70,5,0,1,0,4
S01009346,Level 4 and above,230,198,32,3,1,11,17
S01009347,All people aged 16 and over,462,431,31,0,3,5,23
S01009347,No qualifications,31,29,2,0,0,0,2
S01009347,Level 1,70,67,3,0,0,0,3
S01009347,Level 2,78,75,3,0,0,1,2
S01009347,Level 3,53,52,1,0,0,0,1
S01009347,Level 4 and above,230,208,22,0,3,4,15
S01009348,All people aged 16 and over,351,326,25,0,5,3,17
S01009348,No qualifications,27,25,2,0,0,0,2
S01009348,Level 1,83,76,7,0,1,2,4
S01009348,Level 2,61,59,2,0,0,0,2
S01009348,Level 3,54,48,6,0,3,1,2
S01009348,Level 4 and above,126,118,8,0,1,0,7
S01009349,All people aged 16 and over,564,514,50,3,6,9,32
S01009349,No qualifications,41,41,0,0,0,0,0
S01009349,Level 1,124,118,6,0,0,2,4
S01009349,Level 2,82,77,5,0,0,0,5
S01009349,Level 3,70,66,4,0,0,0,4
S01009349,Level 4 and above,247,212,35,3,6,7,19
S01009350,All people aged 16 and over,446,408,38,1,5,8,24
S01009350,No qualifications,39,32,7,0,0,0,7
S01009350,Level 1,128,119,9,0,1,1,7
S01009350,Level 2,83,81,2,0,0,0,2
S01009350,Level 3,60,55,5,1,2,1,1
S01009350,Level 4 and above,136,121,15,0,2,6,7
S01009351,All people aged 16 and over,391,344,47,2,13,12,20
S01009351,No qualifications,38,33,5,0,2,0,3
S01009351,Level 1,79,72,7,0,2,2,3
S01009351,Level 2,67,60,7,0,2,1,4
S01009351,Level 3,56,50,6,1,0,2,3
S01009351,Level 4 and above,151,129,22,1,7,7,7
S01009352,All people aged 16 and over,563,523,40,2,8,9,21
S01009352,No qualifications,22,19,3,0,0,0,3
S01009352,Level 1,109,100,9,1,1,3,4
S01009352,Level 2,81,79,2,0,0,1,1
S01009352,Level 3,78,75,3,0,0,0,3
S01009352,Level 4 and above,273,250,23,1,7,5,10
S01009353,All people aged 16 and over,295,274,21,2,0,3,16
S01009353,No qualifications,28,20,8,0,0,2,6
S01009353,Level 1,68,64,4,0,0,0,4
S01009353,Level 2,48,48,0,0,0,0,0
S01009353,Level 3,40,38,2,2,0,0,0
S01009353,Level 4 and above,111,104,7,0,0,1,6
S01009354,All people aged 16 and over,635,592,43,2,5,10,26
S01009354,No qualifications,43,34,9,0,1,0,8
S01009354,Level 1,144,136,8,0,0,4,4
S01009354,Level 2,90,82,8,1,1,0,6
S01009354,Level 3,100,96,4,0,2,1,1
S01009354,Level 4 and above,258,244,14,1,1,5,7
S01009355,All people aged 16 and over,734,704,30,1,1,2,26
S01009355,No qualifications,125,121,4,0,0,0,4
S01009355,Level 1,173,168,5,0,0,0,5
S01009355,Level 2,135,133,2,0,0,0,2
S01009355,Level 3,95,88,7,1,0,0,6
S01009355,Level 4 and above,206,194,12,0,1,2,9
S01009356,All people aged 16 and over,828,797,31,1,0,5,25
S01009356,No qualifications,161,153,8,1,0,0,7
S01009356,Level 1,175,169,6,0,0,1,5
S01009356,Level 2,146,143,3,0,0,1,2
S01009356,Level 3,109,107,2,0,0,1,1
S01009356,Level 4 and above,237,225,12,0,0,2,10
S01009357,All people aged 16 and over,363,326,37,3,4,5,25
S01009357,No qualifications,33,29,4,0,0,0,4
S01009357,Level 1,74,69,5,0,0,0,5
S01009357,Level 2,72,64,8,0,1,0,7
S01009357,Level 3,42,41,1,0,0,1,0
S01009357,Level 4 and above,142,123,19,3,3,4,9
S01009358,All people aged 16 and over,556,512,44,2,5,5,32
S01009358,No qualifications,50,43,7,0,2,0,5
S01009358,Level 1,100,93,7,0,1,2,4
S01009358,Level 2,76,73,3,0,0,0,3
S01009358,Level 3,75,73,2,1,0,0,1
S01009358,Level 4 and above,255,230,25,1,2,3,19
S01009359,All people aged 16 and over,577,528,49,0,7,9,33
S01009359,No qualifications,67,55,12,0,1,1,10
S01009359,Level 1,112,104,8,0,0,2,6
S01009359,Level 2,90,88,2,0,0,0,2
S01009359,Level 3,103,99,4,0,0,2,2
S01009359,Level 4 and above,205,182,23,0,6,4,13
S01009360,All people aged 16 and over,704,647,57,3,7,15,32
S01009360,No qualifications,132,125,7,0,2,2,3
S01009360,Level 1,151,143,8,0,2,2,4
S01009360,Level 2,118,109,9,1,0,3,5
S01009360,Level 3,84,81,3,0,0,0,3
S01009360,Level 4 and above,219,189,30,2,3,8,17
S01009361,All people aged 16 and over,651,629,22,1,0,3,18
S01009361,No qualifications,149,143,6,0,0,0,6
S01009361,Level 1,164,158,6,1,0,1,4
S01009361,Level 2,108,107,1,0,0,0,1
S01009361,Level 3,87,87,0,0,0,0,0
S01009361,Level 4 and above,143,134,9,0,0,2,7
S01009362,All people aged 16 and over,868,842,26,1,3,5,17
S01009362,No qualifications,139,135,4,0,0,0,4
S01009362,Level 1,224,220,4,1,0,0,3
S01009362,Level 2,147,147,0,0,0,0,0
S01009362,Level 3,134,129,5,0,1,0,4
S01009362,Level 4 and above,224,211,13,0,2,5,6
S01009363,All people aged 16 and over,686,660,26,0,3,3,20
S01009363,No qualifications,214,210,4,0,0,0,4
S01009363,Level 1,210,200,10,0,0,2,8
S01009363,Level 2,106,102,4,0,1,0,3
S01009363,Level 3,74,69,5,0,2,1,2
S01009363,Level 4 and above,82,79,3,0,0,0,3
S01009364,All people aged 16 and over,694,664,30,0,4,7,19
S01009364,No qualifications,149,147,2,0,0,0,2
S01009364,Level 1,232,222,10,0,0,1,9
S01009364,Level 2,111,110,1,0,0,0,1
S01009364,Level 3,93,91,2,0,0,0,2
S01009364,Level 4 and above,109,94,15,0,4,6,5
S01009365,All people aged 16 and over,479,464,15,0,4,3,8
S01009365,No qualifications,147,145,2,0,0,0,2
S01009365,Level 1,139,135,4,0,1,1,2
S01009365,Level 2,71,71,0,0,0,0,0
S01009365,Level 3,52,48,4,0,1,1,2
S01009365,Level 4 and above,70,65,5,0,2,1,2
S01009366,All people aged 16 and over,628,593,35,8,5,9,13
S01009366,No qualifications,230,221,9,5,0,1,3
S01009366,Level 1,170,163,7,2,2,0,3
S01009366,Level 2,81,79,2,0,0,1,1
S01009366,Level 3,66,61,5,0,1,1,3
S01009366,Level 4 and above,81,69,12,1,2,6,3
S01009367,All people aged 16 and over,513,482,31,3,13,5,10
S01009367,No qualifications,161,152,9,0,4,1,4
S01009367,Level 1,136,132,4,3,0,1,0
S01009367,Level 2,91,88,3,0,0,0,3
S01009367,Level 3,49,47,2,0,1,0,1
S01009367,Level 4 and above,76,63,13,0,8,3,2
S01009368,All people aged 16 and over,445,431,14,1,2,3,8
S01009368,No qualifications,136,131,5,0,0,1,4
S01009368,Level 1,150,147,3,0,2,0,1
S01009368,Level 2,68,65,3,1,0,1,1
S01009368,Level 3,44,43,1,0,0,0,1
S01009368,Level 4 and above,47,45,2,0,0,1,1
S01009369,All people aged 16 and over,485,460,25,2,1,2,20
S01009369,No qualifications,135,128,7,0,1,1,5
S01009369,Level 1,154,149,5,0,0,1,4
S01009369,Level 2,68,68,0,0,0,0,0
S01009369,Level 3,63,56,7,0,0,0,7
S01009369,Level 4 and above,65,59,6,2,0,0,4
S01009370,All people aged 16 and over,737,703,34,1,11,4,18
S01009370,No qualifications,222,217,5,0,1,1,3
S01009370,Level 1,200,193,7,1,2,0,4
S01009370,Level 2,101,98,3,0,1,0,2
S01009370,Level 3,84,81,3,0,0,1,2
S01009370,Level 4 and above,130,114,16,0,7,2,7
S01009371,All people aged 16 and over,438,423,15,0,1,1,13
S01009371,No qualifications,135,132,3,0,0,0,3
S01009371,Level 1,134,128,6,0,1,0,5
S01009371,Level 2,59,57,2,0,0,0,2
S01009371,Level 3,47,44,3,0,0,1,2
S01009371,Level 4 and above,63,62,1,0,0,0,1
S01009372,All people aged 16 and over,428,415,13,0,3,0,10
S01009372,No qualifications,121,120,1,0,0,0,1
S01009372,Level 1,133,129,4,0,0,0,4
S01009372,Level 2,65,65,0,0,0,0,0
S01009372,Level 3,51,49,2,0,0,0,2
S01009372,Level 4 and above,58,52,6,0,3,0,3
S01009373,All people aged 16 and over,645,624,21,5,2,5,9
S01009373,No qualifications,203,200,3,1,0,0,2
S01009373,Level 1,196,192,4,1,0,1,2
S01009373,Level 2,89,87,2,1,1,0,0
S01009373,Level 3,57,55,2,0,1,0,1
S01009373,Level 4 and above,100,90,10,2,0,4,4
S01009374,All people aged 16 and over,745,719,26,3,0,9,14
S01009374,No qualifications,284,278,6,0,0,0,6
S01009374,Level 1,210,198,12,2,0,6,4
S01009374,Level 2,93,92,1,0,0,0,1
S01009374,Level 3,78,77,1,0,0,1,0
S01009374,Level 4 and above,80,74,6,1,0,2,3
S01009375,All people aged 16 and over,631,616,15,0,2,2,11
S01009375,No qualifications,189,187,2,0,0,0,2
S01009375,Level 1,212,209,3,0,0,1,2
S01009375,Level 2,75,72,3,0,0,0,3
S01009375,Level 3,65,60,5,0,2,0,3
S01009375,Level 4 and above,90,88,2,0,0,1,1
S01009376,All people aged 16 and over,479,463,16,0,2,2,12
S01009376,No qualifications,185,179,6,0,0,0,6
S01009376,Level 1,114,113,1,0,0,0,1
S01009376,Level 2,74,74,0,0,0,0,0
S01009376,Level 3,56,53,3,0,0,0,3
S01009376,Level 4 and above,50,44,6,0,2,2,2
S01009377,All people aged 16 and over,1016,937,79,7,22,14,36
S01009377,No qualifications,107,100,7,2,3,1,1
S01009377,Level 1,366,346,20,0,2,1,17
S01009377,Level 2,168,158,10,0,1,3,6
S01009377,Level 3,109,99,10,0,5,2,3
S01009377,Level 4 and above,266,234,32,5,11,7,9
S01009378,All people aged 16 and over,741,712,29,0,7,3,19
S01009378,No qualifications,149,143,6,0,0,1,5
S01009378,Level 1,267,258,9,0,2,0,7
S01009378,Level 2,105,104,1,0,0,0,1
S01009378,Level 3,92,90,2,0,0,1,1
S01009378,Level 4 and above,128,117,11,0,5,1,5
S01009379,All people aged 16 and over,688,656,32,6,1,5,20
S01009379,No qualifications,92,84,8,5,0,1,2
S01009379,Level 1,201,200,1,0,0,1,0
S01009379,Level 2,107,102,5,0,0,0,5
S01009379,Level 3,109,103,6,0,0,0,6
S01009379,Level 4 and above,179,167,12,1,1,3,7
S01009380,All people aged 16 and over,471,434,37,9,8,8,12
S01009380,No qualifications,91,86,5,0,2,1,2
S01009380,Level 1,151,145,6,1,3,2,0
S01009380,Level 2,71,68,3,0,1,1,1
S01009380,Level 3,55,52,3,0,0,1,2
S01009380,Level 4 and above,103,83,20,8,2,3,7
S01009381,All people aged 16 and over,539,505,34,2,5,10,17
S01009381,No qualifications,84,81,3,0,0,0,3
S01009381,Level 1,146,142,4,0,3,1,0
S01009381,Level 2,88,84,4,0,1,1,2
S01009381,Level 3,61,58,3,0,0,1,2
S01009381,Level 4 and above,160,140,20,2,1,7,10
S01009382,All people aged 16 and over,678,656,22,2,1,1,18
S01009382,No qualifications,236,224,12,1,0,1,10
S01009382,Level 1,187,184,3,0,0,0,3
S01009382,Level 2,90,90,0,0,0,0,0
S01009382,Level 3,59,58,1,0,0,0,1
S01009382,Level 4 and above,106,100,6,1,1,0,4
S01009383,All people aged 16 and over,686,651,35,6,4,11,14
S01009383,No qualifications,195,188,7,1,0,2,4
S01009383,Level 1,204,195,9,2,1,1,5
S01009383,Level 2,90,89,1,0,0,1,0
S01009383,Level 3,68,66,2,0,0,1,1
S01009383,Level 4 and above,129,113,16,3,3,6,4
S01009384,All people aged 16 and over,466,426,40,4,0,5,31
S01009384,No qualifications,68,63,5,1,0,0,4
S01009384,Level 1,72,65,7,0,0,3,4
S01009384,Level 2,64,61,3,0,0,0,3
S01009384,Level 3,41,41,0,0,0,0,0
S01009384,Level 4 and above,221,196,25,3,0,2,20
S01009385,All people aged 16 and over,413,390,23,1,3,3,16
S01009385,No qualifications,82,81,1,0,0,0,1
S01009385,Level 1,82,80,2,0,1,0,1
S01009385,Level 2,59,58,1,0,0,0,1
S01009385,Level 3,55,50,5,1,1,1,2
S01009385,Level 4 and above,135,121,14,0,1,2,11
S01009386,All people aged 16 and over,535,518,17,1,2,3,11
S01009386,No qualifications,172,169,3,0,0,0,3
S01009386,Level 1,139,133,6,0,0,0,6
S01009386,Level 2,75,74,1,0,0,0,1
S01009386,Level 3,54,53,1,0,1,0,0
S01009386,Level 4 and above,95,89,6,1,1,3,1
S01009387,All people aged 16 and over,481,448,33,1,9,7,16
S01009387,No qualifications,138,133,5,0,1,0,4
S01009387,Level 1,143,136,7,0,3,3,1
S01009387,Level 2,71,67,4,0,1,0,3
S01009387,Level 3,52,49,3,0,0,2,1
S01009387,Level 4 and above,77,63,14,1,4,2,7
S01009388,All people aged 16 and over,683,626,57,10,19,10,18
S01009388,No qualifications,214,211,3,0,1,1,1
S01009388,Level 1,222,212,10,1,4,0,5
S01009388,Level 2,85,79,6,3,0,2,1
S01009388,Level 3,58,51,7,1,2,2,2
S01009388,Level 4 and above,104,73,31,5,12,5,9
S01009389,All people aged 16 and over,807,767,40,1,12,7,20
S01009389,No qualifications,194,190,4,0,2,0,2
S01009389,Level 1,173,169,4,0,0,3,1
S01009389,Level 2,125,124,1,0,0,0,1
S01009389,Level 3,88,84,4,0,0,0,4
S01009389,Level 4 and above,227,200,27,1,10,4,12
S01009390,All people aged 16 and over,558,512,46,1,2,6,37
S01009390,No qualifications,32,31,1,0,0,0,1
S01009390,Level 1,102,91,11,0,0,1,10
S01009390,Level 2,94,89,5,0,0,0,5
S01009390,Level 3,86,82,4,0,0,0,4
S01009390,Level 4 and above,244,219,25,1,2,5,17
S01009391,All people aged 16 and over,513,474,39,2,6,3,28
S01009391,No qualifications,36,32,4,0,1,0,3
S01009391,Level 1,140,128,12,2,1,0,9
S01009391,Level 2,87,86,1,0,0,1,0
S01009391,Level 3,70,68,2,0,0,0,2
S01009391,Level 4 and above,180,160,20,0,4,2,14
S01009392,All people aged 16 and over,379,341,38,3,9,5,21
S01009392,No qualifications,28,28,0,0,0,0,0
S01009392,Level 1,70,67,3,1,0,0,2
S01009392,Level 2,74,68,6,1,1,1,3
S01009392,Level 3,50,46,4,0,1,0,3
S01009392,Level 4 and above,157,132,25,1,7,4,13
S01009393,All people aged 16 and over,562,539,23,1,1,7,14
S01009393,No qualifications,101,98,3,0,0,0,3
S01009393,Level 1,144,141,3,1,0,0,2
S01009393,Level 2,98,97,1,0,0,0,1
S01009393,Level 3,68,64,4,0,0,3,1
S01009393,Level 4 and above,151,139,12,0,1,4,7
S01009394,All people aged 16 and over,792,723,69,3,15,16,35
S01009394,No qualifications,110,101,9,0,0,1,8
S01009394,Level 1,139,132,7,1,0,2,4
S01009394,Level 2,121,116,5,0,2,2,1
S01009394,Level 3,119,110,9,0,0,2,7
S01009394,Level 4 and above,303,264,39,2,13,9,15
S01009395,All people aged 16 and over,581,554,27,0,0,2,25
S01009395,No qualifications,97,95,2,0,0,0,2
S01009395,Level 1,78,74,4,0,0,0,4
S01009395,Level 2,89,88,1,0,0,0,1
S01009395,Level 3,75,71,4,0,0,0,4
S01009395,Level 4 and above,242,226,16,0,0,2,14
S01009396,All people aged 16 and over,613,574,39,4,2,5,28
S01009396,No qualifications,61,56,5,1,0,0,4
S01009396,Level 1,95,92,3,0,0,0,3
S01009396,Level 2,92,87,5,0,0,0,5
S01009396,Level 3,79,75,4,1,0,0,3
S01009396,Level 4 and above,286,264,22,2,2,5,13
S01009397,All people aged 16 and over,597,565,32,2,4,3,23
S01009397,No qualifications,94,91,3,0,0,0,3
S01009397,Level 1,127,116,11,0,4,1,6
S01009397,Level 2,89,88,1,0,0,0,1
S01009397,Level 3,55,52,3,0,0,1,2
S01009397,Level 4 and above,232,218,14,2,0,1,11
S01009398,All people aged 16 and over,561,533,28,0,10,2,16
S01009398,No qualifications,95,93,2,0,0,0,2
S01009398,Level 1,138,131,7,0,6,0,1
S01009398,Level 2,107,102,5,0,2,0,3
S01009398,Level 3,70,68,2,0,0,1,1
S01009398,Level 4 and above,151,139,12,0,2,1,9
S01009399,All people aged 16 and over,596,573,23,2,3,2,16
S01009399,No qualifications,106,102,4,0,0,0,4
S01009399,Level 1,138,135,3,0,1,0,2
S01009399,Level 2,88,86,2,0,0,1,1
S01009399,Level 3,76,74,2,1,0,0,1
S01009399,Level 4 and above,188,176,12,1,2,1,8
S01009400,All people aged 16 and over,427,405,22,0,3,3,16
S01009400,No qualifications,109,103,6,0,2,0,4
S01009400,Level 1,117,114,3,0,0,0,3
S01009400,Level 2,70,67,3,0,0,0,3
S01009400,Level 3,42,41,1,0,0,0,1
S01009400,Level 4 and above,89,80,9,0,1,3,5
S01009401,All people aged 16 and over,577,543,34,0,4,3,27
S01009401,No qualifications,85,85,0,0,0,0,0
S01009401,Level 1,122,117,5,0,2,0,3
S01009401,Level 2,89,85,4,0,0,1,3
S01009401,Level 3,71,67,4,0,1,0,3
S01009401,Level 4 and above,210,189,21,0,1,2,18
S01009402,All people aged 16 and over,781,739,42,2,2,3,35
S01009402,No qualifications,120,111,9,0,0,0,9
S01009402,Level 1,178,173,5,0,0,0,5
S01009402,Level 2,120,118,2,0,0,0,2
S01009402,Level 3,87,83,4,0,0,1,3
S01009402,Level 4 and above,276,254,22,2,2,2,16
S01009403,All people aged 16 and over,419,399,20,0,2,2,16
S01009403,No qualifications,68,66,2,0,0,0,2
S01009403,Level 1,94,89,5,0,0,0,5
S01009403,Level 2,82,81,1,0,0,1,0
S01009403,Level 3,60,59,1,0,0,0,1
S01009403,Level 4 and above,115,104,11,0,2,1,8
S01009404,All people aged 16 and over,445,414,31,2,5,7,17
S01009404,No qualifications,168,165,3,0,0,0,3
S01009404,Level 1,112,102,10,0,1,4,5
S01009404,Level 2,54,49,5,1,1,0,3
S01009404,Level 3,48,46,2,0,1,0,1
S01009404,Level 4 and above,63,52,11,1,2,3,5
S01009405,All people aged 16 and over,331,320,11,0,1,1,9
S01009405,No qualifications,84,80,4,0,1,0,3
S01009405,Level 1,94,90,4,0,0,1,3
S01009405,Level 2,46,46,0,0,0,0,0
S01009405,Level 3,37,36,1,0,0,0,1
S01009405,Level 4 and above,70,68,2,0,0,0,2
S01009406,All people aged 16 and over,822,793,29,3,2,3,21
S01009406,No qualifications,298,289,9,0,2,0,7
S01009406,Level 1,202,199,3,0,0,0,3
S01009406,Level 2,87,86,1,0,0,0,1
S01009406,Level 3,91,88,3,0,0,0,3
S01009406,Level 4 and above,144,131,13,3,0,3,7
S01009407,All people aged 16 and over,427,414,13,0,0,2,11
S01009407,No qualifications,127,123,4,0,0,0,4
S01009407,Level 1,105,101,4,0,0,0,4
S01009407,Level 2,67,66,1,0,0,0,1
S01009407,Level 3,49,49,0,0,0,0,0
S01009407,Level 4 and above,79,75,4,0,0,2,2
S01009408,All people aged 16 and over,599,579,20,1,2,0,17
S01009408,No qualifications,107,104,3,0,0,0,3
S01009408,Level 1,139,131,8,0,0,0,8
S01009408,Level 2,99,99,0,0,0,0,0
S01009408,Level 3,101,97,4,0,0,0,4
S01009408,Level 4 and above,153,148,5,1,2,0,2
S01009409,All people aged 16 and over,557,543,14,1,3,4,6
S01009409,No qualifications,226,221,5,0,1,2,2
S01009409,Level 1,159,157,2,0,0,1,1
S01009409,Level 2,56,55,1,0,0,0,1
S01009409,Level 3,57,55,2,0,0,1,1
S01009409,Level 4 and above,59,55,4,1,2,0,1
S01009410,All people aged 16 and over,698,689,9,1,2,0,6
S01009410,No qualifications,261,256,5,0,2,0,3
S01009410,Level 1,218,218,0,0,0,0,0
S01009410,Level 2,85,85,0,0,0,0,0
S01009410,Level 3,65,65,0,0,0,0,0
S01009410,Level 4 and above,69,65,4,1,0,0,3
S01009411,All people aged 16 and over,693,680,13,0,0,1,12
S01009411,No qualifications,277,270,7,0,0,0,7
S01009411,Level 1,185,181,4,0,0,0,4
S01009411,Level 2,99,99,0,0,0,0,0
S01009411,Level 3,67,65,2,0,0,1,1
S01009411,Level 4 and above,65,65,0,0,0,0,0
S01009412,All people aged 16 and over,712,699,13,1,0,0,12
S01009412,No qualifications,304,302,2,0,0,0,2
S01009412,Level 1,203,197,6,1,0,0,5
S01009412,Level 2,85,84,1,0,0,0,1
S01009412,Level 3,71,69,2,0,0,0,2
S01009412,Level 4 and above,49,47,2,0,0,0,2
S01009413,All people aged 16 and over,848,821,27,1,2,2,22
S01009413,No qualifications,298,287,11,0,0,0,11
S01009413,Level 1,222,218,4,0,0,0,4
S01009413,Level 2,114,111,3,0,0,1,2
S01009413,Level 3,93,91,2,0,0,0,2
S01009413,Level 4 and above,121,114,7,1,2,1,3
S01009414,All people aged 16 and over,559,550,9,0,2,2,5
S01009414,No qualifications,214,212,2,0,1,0,1
S01009414,Level 1,132,131,1,0,0,0,1
S01009414,Level 2,77,75,2,0,0,0,2
S01009414,Level 3,64,63,1,0,0,0,1
S01009414,Level 4 and above,72,69,3,0,1,2,0
S01009415,All people aged 16 and over,686,657,29,3,6,9,11
S01009415,No qualifications,230,225,5,0,0,1,4
S01009415,Level 1,183,179,4,1,0,2,1
S01009415,Level 2,100,97,3,0,0,2,1
S01009415,Level 3,67,61,6,0,3,1,2
S01009415,Level 4 and above,106,95,11,2,3,3,3
S01009416,All people aged 16 and over,440,427,13,0,3,1,9
S01009416,No qualifications,98,94,4,0,0,1,3
S01009416,Level 1,134,133,1,0,1,0,0
S01009416,Level 2,68,67,1,0,1,0,0
S01009416,Level 3,66,62,4,0,1,0,3
S01009416,Level 4 and above,74,71,3,0,0,0,3
S01009417,All people aged 16 and over,229,219,10,1,1,1,7
S01009417,No qualifications,31,28,3,0,1,0,2
S01009417,Level 1,55,54,1,0,0,0,1
S01009417,Level 2,41,40,1,0,0,1,0
S01009417,Level 3,41,39,2,1,0,0,1
S01009417,Level 4 and above,61,58,3,0,0,0,3
S01009418,All people aged 16 and over,935,901,34,6,6,6,16
S01009418,No qualifications,405,393,12,4,1,1,6
S01009418,Level 1,223,214,9,1,3,1,4
S01009418,Level 2,104,101,3,0,0,0,3
S01009418,Level 3,90,89,1,0,0,1,0
S01009418,Level 4 and above,113,104,9,1,2,3,3
S01009419,All people aged 16 and over,458,446,12,0,0,4,8
S01009419,No qualifications,161,160,1,0,0,0,1
S01009419,Level 1,116,113,3,0,0,0,3
S01009419,Level 2,77,75,2,0,0,1,1
S01009419,Level 3,57,56,1,0,0,1,0
S01009419,Level 4 and above,47,42,5,0,0,2,3
S01009420,All people aged 16 and over,477,467,10,0,1,0,9
S01009420,No qualifications,206,201,5,0,1,0,4
S01009420,Level 1,153,151,2,0,0,0,2
S01009420,Level 2,67,65,2,0,0,0,2
S01009420,Level 3,27,27,0,0,0,0,0
S01009420,Level 4 and above,24,23,1,0,0,0,1
S01009421,All people aged 16 and over,553,537,16,0,0,5,11
S01009421,No qualifications,193,185,8,0,0,1,7
S01009421,Level 1,166,163,3,0,0,2,1
S01009421,Level 2,64,62,2,0,0,0,2
S01009421,Level 3,57,56,1,0,0,1,0
S01009421,Level 4 and above,73,71,2,0,0,1,1
S01009422,All people aged 16 and over,675,658,17,1,3,2,11
S01009422,No qualifications,243,237,6,1,0,0,5
S01009422,Level 1,194,193,1,0,0,0,1
S01009422,Level 2,79,78,1,0,0,0,1
S01009422,Level 3,72,70,2,0,0,0,2
S01009422,Level 4 and above,87,80,7,0,3,2,2
S01009423,All people aged 16 and over,703,657,46,3,5,15,23
S01009423,No qualifications,74,71,3,0,0,1,2
S01009423,Level 1,196,185,11,0,1,4,6
S01009423,Level 2,139,129,10,0,1,4,5
S01009423,Level 3,98,93,5,0,1,1,3
S01009423,Level 4 and above,196,179,17,3,2,5,7
S01009424,All people aged 16 and over,511,495,16,1,1,2,12
S01009424,No qualifications,153,147,6,0,1,1,4
S01009424,Level 1,127,124,3,0,0,0,3
S01009424,Level 2,68,65,3,0,0,0,3
S01009424,Level 3,54,54,0,0,0,0,0
S01009424,Level 4 and above,109,105,4,1,0,1,2
S01009425,All people aged 16 and over,649,623,26,2,1,2,21
S01009425,No qualifications,224,214,10,0,0,0,10
S01009425,Level 1,154,150,4,0,0,0,4
S01009425,Level 2,85,85,0,0,0,0,0
S01009425,Level 3,81,80,1,0,1,0,0
S01009425,Level 4 and above,105,94,11,2,0,2,7
S01009426,All people aged 16 and over,655,631,24,1,2,11,10
S01009426,No qualifications,268,267,1,0,0,0,1
S01009426,Level 1,178,171,7,0,0,4,3
S01009426,Level 2,84,82,2,0,0,0,2
S01009426,Level 3,59,58,1,0,0,0,1
S01009426,Level 4 and above,66,53,13,1,2,7,3
S01009427,All people aged 16 and over,504,491,13,0,0,0,13
S01009427,No qualifications,221,217,4,0,0,0,4
S01009427,Level 1,112,108,4,0,0,0,4
S01009427,Level 2,76,75,1,0,0,0,1
S01009427,Level 3,52,50,2,0,0,0,2
S01009427,Level 4 and above,43,41,2,0,0,0,2
S01009428,All people aged 16 and over,522,506,16,0,2,2,12
S01009428,No qualifications,251,246,5,0,0,0,5
S01009428,Level 1,123,119,4,0,0,0,4
S01009428,Level 2,44,43,1,0,0,0,1
S01009428,Level 3,51,49,2,0,0,1,1
S01009428,Level 4 and above,53,49,4,0,2,1,1
S01009429,All people aged 16 and over,590,579,11,2,0,0,9
S01009429,No qualifications,305,297,8,2,0,0,6
S01009429,Level 1,134,134,0,0,0,0,0
S01009429,Level 2,51,51,0,0,0,0,0
S01009429,Level 3,49,47,2,0,0,0,2
S01009429,Level 4 and above,51,50,1,0,0,0,1
S01009430,All people aged 16 and over,604,591,13,0,0,2,11
S01009430,No qualifications,268,260,8,0,0,0,8
S01009430,Level 1,168,167,1,0,0,0,1
S01009430,Level 2,60,60,0,0,0,0,0
S01009430,Level 3,42,41,1,0,0,1,0
S01009430,Level 4 and above,66,63,3,0,0,1,2
S01009431,All people aged 16 and over,553,539,14,2,1,2,9
S01009431,No qualifications,221,216,5,1,0,1,3
S01009431,Level 1,139,138,1,0,0,0,1
S01009431,Level 2,62,62,0,0,0,0,0
S01009431,Level 3,52,51,1,0,0,0,1
S01009431,Level 4 and above,79,72,7,1,1,1,4
S01009432,All people aged 16 and over,626,616,10,1,1,0,8
S01009432,No qualifications,308,302,6,0,1,0,5
S01009432,Level 1,191,190,1,1,0,0,0
S01009432,Level 2,51,50,1,0,0,0,1
S01009432,Level 3,44,44,0,0,0,0,0
S01009432,Level 4 and above,32,30,2,0,0,0,2
S01009433,All people aged 16 and over,632,618,14,1,1,8,4
S01009433,No qualifications,265,262,3,0,0,2,1
S01009433,Level 1,195,191,4,0,0,1,3
S01009433,Level 2,75,71,4,0,0,4,0
S01009433,Level 3,56,53,3,1,1,1,0
S01009433,Level 4 and above,41,41,0,0,0,0,0
S01009434,All people aged 16 and over,444,434,10,0,2,0,8
S01009434,No qualifications,202,200,2,0,0,0,2
S01009434,Level 1,146,140,6,0,2,0,4
S01009434,Level 2,31,31,0,0,0,0,0
S01009434,Level 3,36,35,1,0,0,0,1
S01009434,Level 4 and above,29,28,1,0,0,0,1
S01009435,All people aged 16 and over,585,576,9,0,0,2,7
S01009435,No qualifications,266,261,5,0,0,0,5
S01009435,Level 1,153,152,1,0,0,0,1
S01009435,Level 2,59,59,0,0,0,0,0
S01009435,Level 3,46,45,1,0,0,0,1
S01009435,Level 4 and above,61,59,2,0,0,2,0
S01009436,All people aged 16 and over,542,527,15,0,2,3,10
S01009436,No qualifications,186,184,2,0,0,0,2
S01009436,Level 1,169,164,5,0,0,1,4
S01009436,Level 2,66,66,0,0,0,0,0
S01009436,Level 3,52,50,2,0,0,1,1
S01009436,Level 4 and above,69,63,6,0,2,1,3
S01009437,All people aged 16 and over,568,557,11,2,0,1,8
S01009437,No qualifications,224,221,3,0,0,0,3
S01009437,Level 1,165,161,4,0,0,1,3
S01009437,Level 2,59,58,1,0,0,0,1
S01009437,Level 3,64,64,0,0,0,0,0
S01009437,Level 4 and above,56,53,3,2,0,0,1
S01009438,All people aged 16 and over,721,693,28,0,5,2,21
S01009438,No qualifications,315,311,4,0,0,0,4
S01009438,Level 1,174,166,8,0,1,1,6
S01009438,Level 2,84,81,3,0,0,1,2
S01009438,Level 3,83,77,6,0,1,0,5
S01009438,Level 4 and above,65,58,7,0,3,0,4
S01009439,All people aged 16 and over,734,713,21,1,0,0,20
S01009439,No qualifications,311,304,7,0,0,0,7
S01009439,Level 1,208,203,5,0,0,0,5
S01009439,Level 2,86,84,2,1,0,0,1
S01009439,Level 3,64,63,1,0,0,0,1
S01009439,Level 4 and above,65,59,6,0,0,0,6
S01009440,All people aged 16 and over,566,551,15,3,2,1,9
S01009440,No qualifications,265,260,5,0,1,0,4
S01009440,Level 1,148,146,2,1,0,0,1
S01009440,Level 2,58,58,0,0,0,0,0
S01009440,Level 3,44,44,0,0,0,0,0
S01009440,Level 4 and above,51,43,8,2,1,1,4
S01009441,All people aged 16 and over,634,619,15,1,2,0,12
S01009441,No qualifications,236,233,3,0,0,0,3
S01009441,Level 1,230,227,3,1,0,0,2
S01009441,Level 2,78,76,2,0,0,0,2
S01009441,Level 3,54,49,5,0,1,0,4
S01009441,Level 4 and above,36,34,2,0,1,0,1
S01009442,All people aged 16 and over,433,422,11,0,3,3,5
S01009442,No qualifications,101,101,0,0,0,0,0
S01009442,Level 1,118,117,1,0,0,0,1
S01009442,Level 2,60,57,3,0,1,0,2
S01009442,Level 3,53,52,1,0,1,0,0
S01009442,Level 4 and above,101,95,6,0,1,3,2
S01009443,All people aged 16 and over,568,546,22,0,4,1,17
S01009443,No qualifications,186,179,7,0,2,0,5
S01009443,Level 1,130,127,3,0,1,0,2
S01009443,Level 2,77,74,3,0,0,1,2
S01009443,Level 3,62,58,4,0,1,0,3
S01009443,Level 4 and above,113,108,5,0,0,0,5
S01009444,All people aged 16 and over,672,641,31,0,3,2,26
S01009444,No qualifications,151,138,13,0,0,1,12
S01009444,Level 1,197,190,7,0,2,1,4
S01009444,Level 2,106,105,1,0,0,0,1
S01009444,Level 3,89,84,5,0,0,0,5
S01009444,Level 4 and above,129,124,5,0,1,0,4
S01009445,All people aged 16 and over,642,626,16,0,1,2,13
S01009445,No qualifications,251,246,5,0,0,0,5
S01009445,Level 1,190,185,5,0,0,1,4
S01009445,Level 2,74,73,1,0,0,0,1
S01009445,Level 3,71,67,4,0,1,0,3
S01009445,Level 4 and above,56,55,1,0,0,1,0
S01009446,All people aged 16 and over,751,722,29,5,4,1,19
S01009446,No qualifications,346,335,11,0,0,1,10
S01009446,Level 1,195,190,5,0,3,0,2
S01009446,Level 2,74,72,2,0,0,0,2
S01009446,Level 3,56,56,0,0,0,0,0
S01009446,Level 4 and above,80,69,11,5,1,0,5
S01009447,All people aged 16 and over,421,410,11,0,1,1,9
S01009447,No qualifications,163,161,2,0,0,0,2
S01009447,Level 1,110,106,4,0,1,0,3
S01009447,Level 2,56,54,2,0,0,0,2
S01009447,Level 3,39,39,0,0,0,0,0
S01009447,Level 4 and above,53,50,3,0,0,1,2
S01009448,All people aged 16 and over,668,653,15,1,0,3,11
S01009448,No qualifications,185,181,4,1,0,0,3
S01009448,Level 1,202,199,3,0,0,0,3
S01009448,Level 2,87,86,1,0,0,1,0
S01009448,Level 3,93,90,3,0,0,1,2
S01009448,Level 4 and above,101,97,4,0,0,1,3
S01009449,All people aged 16 and over,426,422,4,0,0,1,3
S01009449,No qualifications,183,182,1,0,0,0,1
S01009449,Level 1,101,100,1,0,0,0,1
S01009449,Level 2,49,49,0,0,0,0,0
S01009449,Level 3,42,42,0,0,0,0,0
S01009449,Level 4 and above,51,49,2,0,0,1,1
S01009450,All people aged 16 and over,479,468,11,0,3,3,5
S01009450,No qualifications,197,193,4,0,1,1,2
S01009450,Level 1,151,147,4,0,0,2,2
S01009450,Level 2,48,46,2,0,1,0,1
S01009450,Level 3,47,46,1,0,1,0,0
S01009450,Level 4 and above,36,36,0,0,0,0,0
S01009451,All people aged 16 and over,775,752,23,2,5,5,11
S01009451,No qualifications,311,305,6,0,2,0,4
S01009451,Level 1,244,238,6,0,0,1,5
S01009451,Level 2,92,91,1,0,0,0,1
S01009451,Level 3,72,70,2,0,1,0,1
S01009451,Level 4 and above,56,48,8,2,2,4,0
S01009452,All people aged 16 and over,429,421,8,1,1,0,6
S01009452,No qualifications,185,183,2,0,0,0,2
S01009452,Level 1,122,121,1,0,0,0,1
S01009452,Level 2,45,45,0,0,0,0,0
S01009452,Level 3,41,40,1,0,0,0,1
S01009452,Level 4 and above,36,32,4,1,1,0,2
S01009453,All people aged 16 and over,877,849,28,1,6,1,20
S01009453,No qualifications,338,326,12,0,3,0,9
S01009453,Level 1,251,247,4,0,1,0,3
S01009453,Level 2,111,109,2,0,0,0,2
S01009453,Level 3,88,83,5,0,2,1,2
S01009453,Level 4 and above,89,84,5,1,0,0,4
S01009454,All people aged 16 and over,716,674,42,3,1,7,31
S01009454,No qualifications,103,97,6,0,0,0,6
S01009454,Level 1,114,106,8,1,0,3,4
S01009454,Level 2,93,90,3,0,0,2,1
S01009454,Level 3,79,78,1,0,0,1,0
S01009454,Level 4 and above,327,303,24,2,1,1,20
S01009455,All people aged 16 and over,717,678,39,1,3,4,31
S01009455,No qualifications,73,70,3,0,0,0,3
S01009455,Level 1,99,98,1,0,0,0,1
S01009455,Level 2,96,93,3,0,0,1,2
S01009455,Level 3,69,65,4,0,0,0,4
S01009455,Level 4 and above,380,352,28,1,3,3,21
S01009456,All people aged 16 and over,581,563,18,0,0,5,13
S01009456,No qualifications,222,219,3,0,0,0,3
S01009456,Level 1,147,139,8,0,0,3,5
S01009456,Level 2,72,70,2,0,0,1,1
S01009456,Level 3,57,54,3,0,0,1,2
S01009456,Level 4 and above,83,81,2,0,0,0,2
S01009457,All people aged 16 and over,522,503,19,0,7,4,8
S01009457,No qualifications,140,136,4,0,0,0,4
S01009457,Level 1,112,107,5,0,5,0,0
S01009457,Level 2,62,61,1,0,0,1,0
S01009457,Level 3,64,62,2,0,0,1,1
S01009457,Level 4 and above,144,137,7,0,2,2,3
S01009458,All people aged 16 and over,568,545,23,0,4,0,19
S01009458,No qualifications,158,152,6,0,0,0,6
S01009458,Level 1,112,109,3,0,2,0,1
S01009458,Level 2,75,73,2,0,1,0,1
S01009458,Level 3,66,61,5,0,1,0,4
S01009458,Level 4 and above,157,150,7,0,0,0,7
S01009459,All people aged 16 and over,718,681,37,4,5,5,23
S01009459,No qualifications,222,211,11,3,2,2,4
S01009459,Level 1,145,140,5,0,0,0,5
S01009459,Level 2,99,96,3,0,0,0,3
S01009459,Level 3,77,75,2,0,1,0,1
S01009459,Level 4 and above,175,159,16,1,2,3,10
S01009460,All people aged 16 and over,650,633,17,2,1,6,8
S01009460,No qualifications,222,221,1,0,0,0,1
S01009460,Level 1,214,208,6,0,1,2,3
S01009460,Level 2,59,58,1,0,0,0,1
S01009460,Level 3,68,65,3,2,0,0,1
S01009460,Level 4 and above,87,81,6,0,0,4,2
S01009461,All people aged 16 and over,413,400,13,2,2,1,8
S01009461,No qualifications,38,37,1,0,0,0,1
S01009461,Level 1,68,66,2,0,0,0,2
S01009461,Level 2,63,63,0,0,0,0,0
S01009461,Level 3,57,56,1,0,0,0,1
S01009461,Level 4 and above,187,178,9,2,2,1,4
S01009462,All people aged 16 and over,555,533,22,1,8,2,11
S01009462,No qualifications,167,165,2,0,0,0,2
S01009462,Level 1,145,138,7,1,2,1,3
S01009462,Level 2,75,75,0,0,0,0,0
S01009462,Level 3,64,60,4,0,3,0,1
S01009462,Level 4 and above,104,95,9,0,3,1,5
S01009463,All people aged 16 and over,560,536,24,1,1,6,16
S01009463,No qualifications,134,133,1,0,0,0,1
S01009463,Level 1,141,136,5,0,0,1,4
S01009463,Level 2,72,69,3,0,0,2,1
S01009463,Level 3,69,64,5,0,0,0,5
S01009463,Level 4 and above,144,134,10,1,1,3,5
S01009464,All people aged 16 and over,691,656,35,6,2,10,17
S01009464,No qualifications,121,116,5,0,0,0,5
S01009464,Level 1,193,181,12,1,2,4,5
S01009464,Level 2,114,113,1,0,0,0,1
S01009464,Level 3,75,73,2,1,0,1,0
S01009464,Level 4 and above,188,173,15,4,0,5,6
S01009465,All people aged 16 and over,489,472,17,0,2,3,12
S01009465,No qualifications,153,149,4,0,0,0,4
S01009465,Level 1,143,138,5,0,1,0,4
S01009465,Level 2,61,60,1,0,0,0,1
S01009465,Level 3,50,47,3,0,1,1,1
S01009465,Level 4 and above,82,78,4,0,0,2,2
S01009466,All people aged 16 and over,493,465,28,2,4,4,18
S01009466,No qualifications,84,76,8,1,0,0,7
S01009466,Level 1,98,97,1,0,0,0,1
S01009466,Level 2,73,72,1,0,0,0,1
S01009466,Level 3,50,48,2,0,0,0,2
S01009466,Level 4 and above,188,172,16,1,4,4,7
S01009467,All people aged 16 and over,656,631,25,1,2,3,19
S01009467,No qualifications,107,99,8,0,1,1,6
S01009467,Level 1,108,102,6,0,0,1,5
S01009467,Level 2,83,82,1,0,0,0,1
S01009467,Level 3,73,73,0,0,0,0,0
S01009467,Level 4 and above,285,275,10,1,1,1,7
S01009468,All people aged 16 and over,638,611,27,2,2,7,16
S01009468,No qualifications,200,190,10,0,1,3,6
S01009468,Level 1,156,151,5,1,0,0,4
S01009468,Level 2,73,71,2,0,0,1,1
S01009468,Level 3,69,68,1,0,0,0,1
S01009468,Level 4 and above,140,131,9,1,1,3,4
S01009469,All people aged 16 and over,692,660,32,5,1,8,18
S01009469,No qualifications,131,125,6,0,0,0,6
S01009469,Level 1,144,139,5,0,0,1,4
S01009469,Level 2,103,101,2,0,0,1,1
S01009469,Level 3,75,72,3,1,0,0,2
S01009469,Level 4 and above,239,223,16,4,1,6,5
S01009470,All people aged 16 and over,399,391,8,0,1,1,6
S01009470,No qualifications,103,102,1,0,0,0,1
S01009470,Level 1,101,100,1,0,0,0,1
S01009470,Level 2,60,59,1,0,0,0,1
S01009470,Level 3,50,46,4,0,1,1,2
S01009470,Level 4 and above,85,84,1,0,0,0,1
S01009471,All people aged 16 and over,595,531,64,15,22,12,15
S01009471,No qualifications,270,258,12,2,4,1,5
S01009471,Level 1,100,89,11,3,4,2,2
S01009471,Level 2,64,61,3,0,1,1,1
S01009471,Level 3,52,46,6,1,3,0,2
S01009471,Level 4 and above,109,77,32,9,10,8,5
S01009472,All people aged 16 and over,730,638,92,4,21,11,56
S01009472,No qualifications,198,157,41,0,4,3,34
S01009472,Level 1,172,157,15,0,6,1,8
S01009472,Level 2,102,99,3,0,1,0,2
S01009472,Level 3,75,65,10,3,5,0,2
S01009472,Level 4 and above,183,160,23,1,5,7,10
S01009473,All people aged 16 and over,739,570,169,27,91,29,22
S01009473,No qualifications,258,233,25,5,14,1,5
S01009473,Level 1,197,146,51,11,23,9,8
S01009473,Level 2,76,69,7,1,5,0,1
S01009473,Level 3,73,54,19,4,8,2,5
S01009473,Level 4 and above,135,68,67,6,41,17,3
S01009474,All people aged 16 and over,685,649,36,5,11,7,13
S01009474,No qualifications,164,157,7,2,0,0,5
S01009474,Level 1,205,198,7,1,4,1,1
S01009474,Level 2,79,74,5,0,1,1,3
S01009474,Level 3,95,88,7,1,0,3,3
S01009474,Level 4 and above,142,132,10,1,6,2,1
S01009475,All people aged 16 and over,447,407,40,2,9,6,23
S01009475,No qualifications,72,61,11,0,1,2,8
S01009475,Level 1,87,82,5,0,1,0,4
S01009475,Level 2,58,56,2,0,2,0,0
S01009475,Level 3,53,51,2,0,0,1,1
S01009475,Level 4 and above,177,157,20,2,5,3,10
S01009476,All people aged 16 and over,355,321,34,3,10,3,18
S01009476,No qualifications,35,30,5,0,2,0,3
S01009476,Level 1,74,70,4,0,2,0,2
S01009476,Level 2,43,39,4,1,1,0,2
S01009476,Level 3,63,59,4,0,1,0,3
S01009476,Level 4 and above,140,123,17,2,4,3,8
S01009477,All people aged 16 and over,629,577,52,4,17,5,26
S01009477,No qualifications,139,134,5,0,3,0,2
S01009477,Level 1,101,94,7,0,1,1,5
S01009477,Level 2,78,74,4,0,0,1,3
S01009477,Level 3,76,68,8,1,2,1,4
S01009477,Level 4 and above,235,207,28,3,11,2,12
S01009478,All people aged 16 and over,736,627,109,20,37,25,27
S01009478,No qualifications,163,148,15,1,3,5,6
S01009478,Level 1,160,136,24,7,6,5,6
S01009478,Level 2,109,101,8,2,1,2,3
S01009478,Level 3,98,79,19,3,9,6,1
S01009478,Level 4 and above,206,163,43,7,18,7,11
S01009479,All people aged 16 and over,750,657,93,23,23,16,31
S01009479,No qualifications,182,173,9,2,1,1,5
S01009479,Level 1,153,131,22,7,8,1,6
S01009479,Level 2,89,82,7,2,1,1,3
S01009479,Level 3,80,73,7,2,4,0,1
S01009479,Level 4 and above,246,198,48,10,9,13,16
S01009480,All people aged 16 and over,720,679,41,3,11,2,25
S01009480,No qualifications,162,156,6,0,0,0,6
S01009480,Level 1,119,117,2,0,1,0,1
S01009480,Level 2,91,89,2,0,0,0,2
S01009480,Level 3,77,67,10,0,7,1,2
S01009480,Level 4 and above,271,250,21,3,3,1,14
S01009481,All people aged 16 and over,801,703,98,15,34,20,29
S01009481,No qualifications,192,173,19,5,6,2,6
S01009481,Level 1,168,142,26,4,12,5,5
S01009481,Level 2,123,112,11,0,1,4,6
S01009481,Level 3,114,104,10,3,1,4,2
S01009481,Level 4 and above,204,172,32,3,14,5,10
S01009482,All people aged 16 and over,566,475,91,20,33,21,17
S01009482,No qualifications,131,118,13,8,0,2,3
S01009482,Level 1,121,100,21,4,8,7,2
S01009482,Level 2,72,67,5,0,3,1,1
S01009482,Level 3,89,72,17,2,12,3,0
S01009482,Level 4 and above,153,118,35,6,10,8,11
S01009483,All people aged 16 and over,614,543,71,13,19,21,18
S01009483,No qualifications,85,76,9,2,3,1,3
S01009483,Level 1,125,106,19,7,7,3,2
S01009483,Level 2,94,85,9,1,3,2,3
S01009483,Level 3,96,87,9,0,3,3,3
S01009483,Level 4 and above,214,189,25,3,3,12,7
S01009484,All people aged 16 and over,683,625,58,12,19,6,21
S01009484,No qualifications,177,171,6,1,4,0,1
S01009484,Level 1,140,129,11,3,2,2,4
S01009484,Level 2,112,102,10,0,3,2,5
S01009484,Level 3,84,79,5,2,0,0,3
S01009484,Level 4 and above,170,144,26,6,10,2,8
S01009485,All people aged 16 and over,654,613,41,3,19,4,15
S01009485,No qualifications,214,200,14,2,6,1,5
S01009485,Level 1,144,142,2,0,1,1,0
S01009485,Level 2,102,99,3,1,0,0,2
S01009485,Level 3,77,70,7,0,4,1,2
S01009485,Level 4 and above,117,102,15,0,8,1,6
S01009486,All people aged 16 and over,569,535,34,6,9,2,17
S01009486,No qualifications,161,156,5,1,1,0,3
S01009486,Level 1,104,96,8,1,2,2,3
S01009486,Level 2,77,75,2,0,1,0,1
S01009486,Level 3,59,52,7,1,1,0,5
S01009486,Level 4 and above,168,156,12,3,4,0,5
S01009487,All people aged 16 and over,668,618,50,8,15,10,17
S01009487,No qualifications,243,234,9,0,0,1,8
S01009487,Level 1,178,167,11,2,5,2,2
S01009487,Level 2,72,67,5,2,1,1,1
S01009487,Level 3,66,59,7,1,3,2,1
S01009487,Level 4 and above,109,91,18,3,6,4,5
S01009488,All people aged 16 and over,536,510,26,4,8,3,11
S01009488,No qualifications,156,150,6,1,1,1,3
S01009488,Level 1,165,157,8,2,3,1,2
S01009488,Level 2,68,67,1,0,0,0,1
S01009488,Level 3,57,56,1,0,0,1,0
S01009488,Level 4 and above,90,80,10,1,4,0,5
S01009489,All people aged 16 and over,673,648,25,0,1,6,18
S01009489,No qualifications,292,286,6,0,1,0,5
S01009489,Level 1,159,154,5,0,0,1,4
S01009489,Level 2,75,73,2,0,0,0,2
S01009489,Level 3,56,55,1,0,0,1,0
S01009489,Level 4 and above,91,80,11,0,0,4,7
S01009490,All people aged 16 and over,655,640,15,2,1,0,12
S01009490,No qualifications,250,248,2,0,0,0,2
S01009490,Level 1,207,201,6,0,0,0,6
S01009490,Level 2,79,78,1,0,0,0,1
S01009490,Level 3,57,55,2,0,1,0,1
S01009490,Level 4 and above,62,58,4,2,0,0,2
S01009491,All people aged 16 and over,594,584,10,0,2,1,7
S01009491,No qualifications,276,272,4,0,0,0,4
S01009491,Level 1,138,136,2,0,1,0,1
S01009491,Level 2,75,75,0,0,0,0,0
S01009491,Level 3,40,39,1,0,1,0,0
S01009491,Level 4 and above,65,62,3,0,0,1,2
S01009492,All people aged 16 and over,613,599,14,0,4,1,9
S01009492,No qualifications,238,235,3,0,0,0,3
S01009492,Level 1,198,194,4,0,0,1,3
S01009492,Level 2,62,62,0,0,0,0,0
S01009492,Level 3,50,47,3,0,1,0,2
S01009492,Level 4 and above,65,61,4,0,3,0,1
S01009493,All people aged 16 and over,737,692,45,2,6,4,33
S01009493,No qualifications,130,120,10,0,0,2,8
S01009493,Level 1,83,80,3,1,0,1,1
S01009493,Level 2,98,94,4,0,1,0,3
S01009493,Level 3,75,70,5,0,1,0,4
S01009493,Level 4 and above,351,328,23,1,4,1,17
S01009494,All people aged 16 and over,743,705,38,1,8,6,23
S01009494,No qualifications,118,113,5,0,0,0,5
S01009494,Level 1,146,141,5,0,0,2,3
S01009494,Level 2,133,131,2,0,0,1,1
S01009494,Level 3,94,88,6,0,0,2,4
S01009494,Level 4 and above,252,232,20,1,8,1,10
S01009495,All people aged 16 and over,727,695,32,1,12,1,18
S01009495,No qualifications,105,104,1,0,0,0,1
S01009495,Level 1,162,152,10,1,4,1,4
S01009495,Level 2,122,117,5,0,1,0,4
S01009495,Level 3,107,105,2,0,0,0,2
S01009495,Level 4 and above,231,217,14,0,7,0,7
S01009496,All people aged 16 and over,660,633,27,1,9,4,13
S01009496,No qualifications,263,255,8,0,2,1,5
S01009496,Level 1,184,180,4,1,1,0,2
S01009496,Level 2,96,95,1,0,1,0,0
S01009496,Level 3,63,58,5,0,0,1,4
S01009496,Level 4 and above,54,45,9,0,5,2,2
S01009497,All people aged 16 and over,808,782,26,2,3,3,18
S01009497,No qualifications,271,270,1,0,0,0,1
S01009497,Level 1,205,197,8,1,0,0,7
S01009497,Level 2,118,117,1,0,1,0,0
S01009497,Level 3,86,82,4,1,0,0,3
S01009497,Level 4 and above,128,116,12,0,2,3,7
S01009498,All people aged 16 and over,554,535,19,2,0,0,17
S01009498,No qualifications,103,96,7,1,0,0,6
S01009498,Level 1,102,99,3,0,0,0,3
S01009498,Level 2,101,101,0,0,0,0,0
S01009498,Level 3,81,79,2,0,0,0,2
S01009498,Level 4 and above,167,160,7,1,0,0,6
S01009499,All people aged 16 and over,665,641,24,1,4,7,12
S01009499,No qualifications,187,179,8,0,0,2,6
S01009499,Level 1,164,158,6,0,2,2,2
S01009499,Level 2,83,81,2,1,0,0,1
S01009499,Level 3,88,87,1,0,0,0,1
S01009499,Level 4 and above,143,136,7,0,2,3,2
S01009500,All people aged 16 and over,634,607,27,3,10,7,7
S01009500,No qualifications,236,234,2,1,0,0,1
S01009500,Level 1,199,191,8,0,3,2,3
S01009500,Level 2,70,68,2,0,1,0,1
S01009500,Level 3,60,53,7,0,3,3,1
S01009500,Level 4 and above,69,61,8,2,3,2,1
S01009501,All people aged 16 and over,570,545,25,5,6,1,13
S01009501,No qualifications,240,233,7,0,1,0,6
S01009501,Level 1,145,135,10,3,3,0,4
S01009501,Level 2,72,72,0,0,0,0,0
S01009501,Level 3,61,57,4,2,1,0,1
S01009501,Level 4 and above,52,48,4,0,1,1,2
S01009502,All people aged 16 and over,668,643,25,1,6,4,14
S01009502,No qualifications,252,246,6,0,0,0,6
S01009502,Level 1,202,196,6,0,3,1,2
S01009502,Level 2,65,64,1,0,1,0,0
S01009502,Level 3,85,80,5,0,0,1,4
S01009502,Level 4 and above,64,57,7,1,2,2,2
S01009503,All people aged 16 and over,591,579,12,0,2,1,9
S01009503,No qualifications,210,205,5,0,0,0,5
S01009503,Level 1,164,163,1,0,1,0,0
S01009503,Level 2,67,67,0,0,0,0,0
S01009503,Level 3,62,60,2,0,0,0,2
S01009503,Level 4 and above,88,84,4,0,1,1,2
S01009504,All people aged 16 and over,527,503,24,0,3,8,13
S01009504,No qualifications,197,196,1,0,0,0,1
S01009504,Level 1,160,153,7,0,0,1,6
S01009504,Level 2,52,51,1,0,0,0,1
S01009504,Level 3,61,57,4,0,0,3,1
S01009504,Level 4 and above,57,46,11,0,3,4,4
S01009505,All people aged 16 and over,595,558,37,2,12,8,15
S01009505,No qualifications,197,189,8,0,2,1,5
S01009505,Level 1,226,217,9,0,4,2,3
S01009505,Level 2,56,55,1,0,0,0,1
S01009505,Level 3,61,55,6,0,3,1,2
S01009505,Level 4 and above,55,42,13,2,3,4,4
S01009506,All people aged 16 and over,570,535,35,0,11,11,13
S01009506,No qualifications,217,209,8,0,4,2,2
S01009506,Level 1,161,151,10,0,3,2,5
S01009506,Level 2,71,69,2,0,2,0,0
S01009506,Level 3,61,56,5,0,2,1,2
S01009506,Level 4 and above,60,50,10,0,0,6,4
S01009507,All people aged 16 and over,664,627,37,4,5,11,17
S01009507,No qualifications,155,145,10,0,0,1,9
S01009507,Level 1,213,203,10,2,1,4,3
S01009507,Level 2,99,98,1,0,0,0,1
S01009507,Level 3,94,90,4,0,0,1,3
S01009507,Level 4 and above,103,91,12,2,4,5,1
S01009508,All people aged 16 and over,676,632,44,6,16,9,13
S01009508,No qualifications,249,242,7,3,0,1,3
S01009508,Level 1,228,216,12,0,6,2,4
S01009508,Level 2,63,63,0,0,0,0,0
S01009508,Level 3,76,67,9,0,4,5,0
S01009508,Level 4 and above,60,44,16,3,6,1,6
S01009509,All people aged 16 and over,797,735,62,7,14,24,17
S01009509,No qualifications,261,255,6,1,1,1,3
S01009509,Level 1,230,213,17,1,5,7,4
S01009509,Level 2,93,88,5,2,1,0,2
S01009509,Level 3,99,87,12,1,2,6,3
S01009509,Level 4 and above,114,92,22,2,5,10,5
S01009510,All people aged 16 and over,602,577,25,2,3,8,12
S01009510,No qualifications,118,113,5,0,0,2,3
S01009510,Level 1,139,131,8,0,1,4,3
S01009510,Level 2,84,81,3,1,0,1,1
S01009510,Level 3,82,82,0,0,0,0,0
S01009510,Level 4 and above,179,170,9,1,2,1,5
S01009511,All people aged 16 and over,526,499,27,1,4,5,17
S01009511,No qualifications,121,113,8,0,1,0,7
S01009511,Level 1,107,98,9,1,1,3,4
S01009511,Level 2,79,78,1,0,0,0,1
S01009511,Level 3,66,64,2,0,0,0,2
S01009511,Level 4 and above,153,146,7,0,2,2,3
S01009512,All people aged 16 and over,632,604,28,3,5,4,16
S01009512,No qualifications,133,124,9,1,1,1,6
S01009512,Level 1,161,154,7,1,1,2,3
S01009512,Level 2,90,88,2,1,0,0,1
S01009512,Level 3,108,105,3,0,2,0,1
S01009512,Level 4 and above,140,133,7,0,1,1,5
S01009513,All people aged 16 and over,487,475,12,0,1,2,9
S01009513,No qualifications,81,80,1,0,0,0,1
S01009513,Level 1,108,105,3,0,1,0,2
S01009513,Level 2,78,77,1,0,0,0,1
S01009513,Level 3,76,74,2,0,0,0,2
S01009513,Level 4 and above,144,139,5,0,0,2,3
S01009514,All people aged 16 and over,584,552,32,0,7,3,22
S01009514,No qualifications,116,110,6,0,2,1,3
S01009514,Level 1,131,128,3,0,0,0,3
S01009514,Level 2,97,93,4,0,0,1,3
S01009514,Level 3,86,82,4,0,1,0,3
S01009514,Level 4 and above,154,139,15,0,4,1,10
S01009515,All people aged 16 and over,615,591,24,3,5,3,13
S01009515,No qualifications,273,267,6,1,1,0,4
S01009515,Level 1,154,148,6,1,1,1,3
S01009515,Level 2,62,57,5,1,1,1,2
S01009515,Level 3,60,59,1,0,0,0,1
S01009515,Level 4 and above,66,60,6,0,2,1,3
S01009516,All people aged 16 and over,758,734,24,1,0,7,16
S01009516,No qualifications,319,310,9,0,0,4,5
S01009516,Level 1,174,169,5,0,0,1,4
S01009516,Level 2,87,84,3,0,0,0,3
S01009516,Level 3,76,75,1,0,0,0,1
S01009516,Level 4 and above,102,96,6,1,0,2,3
S01009517,All people aged 16 and over,703,633,70,12,6,13,39
S01009517,No qualifications,58,50,8,2,0,0,6
S01009517,Level 1,175,162,13,2,0,1,10
S01009517,Level 2,117,112,5,2,1,0,2
S01009517,Level 3,118,108,10,1,1,4,4
S01009517,Level 4 and above,235,201,34,5,4,8,17
S01009518,All people aged 16 and over,661,609,52,2,9,16,25
S01009518,No qualifications,61,54,7,0,0,2,5
S01009518,Level 1,137,124,13,1,0,1,11
S01009518,Level 2,109,107,2,0,2,0,0
S01009518,Level 3,125,118,7,0,1,3,3
S01009518,Level 4 and above,229,206,23,1,6,10,6
S01009519,All people aged 16 and over,401,374,27,2,1,2,22
S01009519,No qualifications,105,96,9,0,0,1,8
S01009519,Level 1,102,97,5,0,0,1,4
S01009519,Level 2,60,58,2,0,0,0,2
S01009519,Level 3,61,56,5,0,0,0,5
S01009519,Level 4 and above,73,67,6,2,1,0,3
S01009520,All people aged 16 and over,659,609,50,4,6,10,30
S01009520,No qualifications,137,125,12,0,1,1,10
S01009520,Level 1,168,160,8,1,0,3,4
S01009520,Level 2,91,87,4,1,0,0,3
S01009520,Level 3,112,105,7,1,2,2,2
S01009520,Level 4 and above,151,132,19,1,3,4,11
S01009521,All people aged 16 and over,702,663,39,4,7,15,13
S01009521,No qualifications,326,312,14,2,3,3,6
S01009521,Level 1,195,193,2,0,1,1,0
S01009521,Level 2,58,55,3,2,1,0,0
S01009521,Level 3,51,44,7,0,0,4,3
S01009521,Level 4 and above,72,59,13,0,2,7,4
S01009522,All people aged 16 and over,758,676,82,4,25,32,21
S01009522,No qualifications,258,247,11,1,3,0,7
S01009522,Level 1,210,194,16,0,7,6,3
S01009522,Level 2,95,91,4,0,1,1,2
S01009522,Level 3,80,66,14,1,2,7,4
S01009522,Level 4 and above,115,78,37,2,12,18,5
S01009523,All people aged 16 and over,482,437,45,6,16,13,10
S01009523,No qualifications,181,178,3,0,2,0,1
S01009523,Level 1,143,129,14,2,5,3,4
S01009523,Level 2,37,36,1,0,0,0,1
S01009523,Level 3,51,45,6,0,3,2,1
S01009523,Level 4 and above,70,49,21,4,6,8,3
S01009524,All people aged 16 and over,531,464,67,15,20,17,15
S01009524,No qualifications,163,149,14,2,3,3,6
S01009524,Level 1,133,124,9,1,4,2,2
S01009524,Level 2,55,53,2,0,0,1,1
S01009524,Level 3,70,54,16,5,6,5,0
S01009524,Level 4 and above,110,84,26,7,7,6,6
S01009525,All people aged 16 and over,447,406,41,7,9,7,18
S01009525,No qualifications,159,148,11,3,0,2,6
S01009525,Level 1,133,119,14,1,5,2,6
S01009525,Level 2,43,42,1,0,0,0,1
S01009525,Level 3,50,43,7,1,4,1,1
S01009525,Level 4 and above,62,54,8,2,0,2,4
S01009526,All people aged 16 and over,576,516,60,12,23,11,14
S01009526,No qualifications,85,79,6,2,2,0,2
S01009526,Level 1,107,95,12,2,6,1,3
S01009526,Level 2,81,80,1,0,1,0,0
S01009526,Level 3,96,82,14,2,8,1,3
S01009526,Level 4 and above,207,180,27,6,6,9,6
S01009527,All people aged 16 and over,573,518,55,9,17,14,15
S01009527,No qualifications,164,151,13,2,5,2,4
S01009527,Level 1,116,110,6,0,4,1,1
S01009527,Level 2,83,73,10,2,3,3,2
S01009527,Level 3,73,67,6,0,1,3,2
S01009527,Level 4 and above,137,117,20,5,4,5,6
S01009528,All people aged 16 and over,491,452,39,7,12,6,14
S01009528,No qualifications,209,198,11,1,2,1,7
S01009528,Level 1,102,94,8,2,2,3,1
S01009528,Level 2,44,38,6,1,3,2,0
S01009528,Level 3,45,40,5,2,1,0,2
S01009528,Level 4 and above,91,82,9,1,4,0,4
S01009529,All people aged 16 and over,505,481,24,0,3,6,15
S01009529,No qualifications,130,127,3,0,0,0,3
S01009529,Level 1,85,83,2,0,0,1,1
S01009529,Level 2,79,75,4,0,1,0,3
S01009529,Level 3,57,53,4,0,0,1,3
S01009529,Level 4 and above,154,143,11,0,2,4,5
S01009530,All people aged 16 and over,497,479,18,1,5,3,9
S01009530,No qualifications,83,80,3,1,0,0,2
S01009530,Level 1,114,111,3,0,1,1,1
S01009530,Level 2,74,73,1,0,0,0,1
S01009530,Level 3,48,48,0,0,0,0,0
S01009530,Level 4 and above,178,167,11,0,4,2,5
S01009531,All people aged 16 and over,680,636,44,7,13,9,15
S01009531,No qualifications,318,303,15,2,3,2,8
S01009531,Level 1,182,171,11,4,3,0,4
S01009531,Level 2,53,52,1,0,0,1,0
S01009531,Level 3,58,57,1,0,0,0,1
S01009531,Level 4 and above,69,53,16,1,7,6,2
S01009532,All people aged 16 and over,706,679,27,2,12,7,6
S01009532,No qualifications,366,361,5,0,2,1,2
S01009532,Level 1,151,147,4,0,1,1,2
S01009532,Level 2,59,57,2,0,0,1,1
S01009532,Level 3,60,56,4,1,1,2,0
S01009532,Level 4 and above,70,58,12,1,8,2,1
S01009533,All people aged 16 and over,653,592,61,9,20,13,19
S01009533,No qualifications,240,234,6,1,3,0,2
S01009533,Level 1,163,147,16,2,3,4,7
S01009533,Level 2,82,76,6,3,0,1,2
S01009533,Level 3,69,57,12,1,6,1,4
S01009533,Level 4 and above,99,78,21,2,8,7,4
S01009534,All people aged 16 and over,651,595,56,3,14,14,25
S01009534,No qualifications,249,233,16,0,5,3,8
S01009534,Level 1,180,172,8,1,2,0,5
S01009534,Level 2,67,63,4,1,2,0,1
S01009534,Level 3,66,62,4,0,0,3,1
S01009534,Level 4 and above,89,65,24,1,5,8,10
S01009535,All people aged 16 and over,486,457,29,3,7,4,15
S01009535,No qualifications,172,167,5,2,0,0,3
S01009535,Level 1,153,153,0,0,0,0,0
S01009535,Level 2,57,51,6,1,1,0,4
S01009535,Level 3,54,45,9,0,4,1,4
S01009535,Level 4 and above,50,41,9,0,2,3,4
S01009536,All people aged 16 and over,417,387,30,3,11,3,13
S01009536,No qualifications,152,147,5,0,2,0,3
S01009536,Level 1,117,112,5,1,1,0,3
S01009536,Level 2,37,36,1,0,1,0,0
S01009536,Level 3,51,44,7,1,2,0,4
S01009536,Level 4 and above,60,48,12,1,5,3,3
S01009537,All people aged 16 and over,451,418,33,4,2,4,23
S01009537,No qualifications,146,145,1,0,0,0,1
S01009537,Level 1,102,92,10,2,0,1,7
S01009537,Level 2,62,57,5,1,0,0,4
S01009537,Level 3,46,42,4,1,0,0,3
S01009537,Level 4 and above,95,82,13,0,2,3,8
S01009538,All people aged 16 and over,671,628,43,2,7,8,26
S01009538,No qualifications,208,199,9,0,1,1,7
S01009538,Level 1,153,144,9,1,3,1,4
S01009538,Level 2,80,76,4,0,0,0,4
S01009538,Level 3,82,80,2,0,1,0,1
S01009538,Level 4 and above,148,129,19,1,2,6,10
S01009539,All people aged 16 and over,738,694,44,3,16,6,19
S01009539,No qualifications,250,245,5,0,0,1,4
S01009539,Level 1,214,201,13,2,6,1,4
S01009539,Level 2,77,70,7,0,5,0,2
S01009539,Level 3,88,82,6,0,2,0,4
S01009539,Level 4 and above,109,96,13,1,3,4,5
S01009540,All people aged 16 and over,716,671,45,13,17,10,5
S01009540,No qualifications,269,253,16,5,7,1,3
S01009540,Level 1,176,170,6,4,2,0,0
S01009540,Level 2,84,84,0,0,0,0,0
S01009540,Level 3,89,77,12,1,6,3,2
S01009540,Level 4 and above,98,87,11,3,2,6,0
S01009541,All people aged 16 and over,639,627,12,3,0,3,6
S01009541,No qualifications,200,199,1,0,0,0,1
S01009541,Level 1,141,138,3,1,0,1,1
S01009541,Level 2,93,93,0,0,0,0,0
S01009541,Level 3,74,70,4,1,0,0,3
S01009541,Level 4 and above,131,127,4,1,0,2,1
S01009542,All people aged 16 and over,586,569,17,2,3,2,10
S01009542,No qualifications,206,202,4,0,0,0,4
S01009542,Level 1,204,201,3,2,1,0,0
S01009542,Level 2,55,51,4,0,1,1,2
S01009542,Level 3,52,51,1,0,0,0,1
S01009542,Level 4 and above,69,64,5,0,1,1,3
S01009543,All people aged 16 and over,480,461,19,3,5,2,9
S01009543,No qualifications,183,179,4,0,0,1,3
S01009543,Level 1,112,109,3,0,1,1,1
S01009543,Level 2,52,50,2,0,0,0,2
S01009543,Level 3,47,45,2,0,1,0,1
S01009543,Level 4 and above,86,78,8,3,3,0,2
S01009544,All people aged 16 and over,724,693,31,1,4,5,21
S01009544,No qualifications,252,247,5,0,0,1,4
S01009544,Level 1,166,161,5,0,2,0,3
S01009544,Level 2,87,84,3,0,0,1,2
S01009544,Level 3,80,77,3,0,0,0,3
S01009544,Level 4 and above,139,124,15,1,2,3,9
S01009545,All people aged 16 and over,646,633,13,0,0,5,8
S01009545,No qualifications,216,213,3,0,0,1,2
S01009545,Level 1,187,183,4,0,0,2,2
S01009545,Level 2,70,69,1,0,0,1,0
S01009545,Level 3,75,73,2,0,0,1,1
S01009545,Level 4 and above,98,95,3,0,0,0,3
S01009546,All people aged 16 and over,792,761,31,0,7,9,15
S01009546,No qualifications,243,234,9,0,2,2,5
S01009546,Level 1,202,195,7,0,3,2,2
S01009546,Level 2,121,120,1,0,0,1,0
S01009546,Level 3,97,92,5,0,0,0,5
S01009546,Level 4 and above,129,120,9,0,2,4,3
S01009547,All people aged 16 and over,600,563,37,2,13,9,13
S01009547,No qualifications,193,191,2,0,0,0,2
S01009547,Level 1,155,152,3,0,1,0,2
S01009547,Level 2,79,70,9,1,4,3,1
S01009547,Level 3,83,70,13,0,7,3,3
S01009547,Level 4 and above,90,80,10,1,1,3,5
S01009548,All people aged 16 and over,572,562,10,2,1,0,7
S01009548,No qualifications,180,178,2,0,0,0,2
S01009548,Level 1,153,151,2,0,1,0,1
S01009548,Level 2,72,71,1,0,0,0,1
S01009548,Level 3,74,72,2,0,0,0,2
S01009548,Level 4 and above,93,90,3,2,0,0,1
S01009549,All people aged 16 and over,649,627,22,1,3,4,14
S01009549,No qualifications,176,174,2,0,0,1,1
S01009549,Level 1,176,166,10,1,1,1,7
S01009549,Level 2,88,87,1,0,0,0,1
S01009549,Level 3,91,87,4,0,0,1,3
S01009549,Level 4 and above,118,113,5,0,2,1,2
S01009550,All people aged 16 and over,415,395,20,0,0,2,18
S01009550,No qualifications,86,83,3,0,0,0,3
S01009550,Level 1,92,88,4,0,0,1,3
S01009550,Level 2,73,69,4,0,0,0,4
S01009550,Level 3,75,72,3,0,0,0,3
S01009550,Level 4 and above,89,83,6,0,0,1,5
S01009551,All people aged 16 and over,421,387,34,6,4,7,17
S01009551,No qualifications,94,83,11,0,4,0,7
S01009551,Level 1,118,114,4,0,0,3,1
S01009551,Level 2,61,58,3,0,0,2,1
S01009551,Level 3,60,55,5,1,0,0,4
S01009551,Level 4 and above,88,77,11,5,0,2,4
S01009552,All people aged 16 and over,776,752,24,0,2,3,19
S01009552,No qualifications,241,234,7,0,1,2,4
S01009552,Level 1,199,195,4,0,1,0,3
S01009552,Level 2,104,100,4,0,0,0,4
S01009552,Level 3,88,85,3,0,0,0,3
S01009552,Level 4 and above,144,138,6,0,0,1,5
S01009553,All people aged 16 and over,701,681,20,2,2,0,16
S01009553,No qualifications,270,263,7,0,1,0,6
S01009553,Level 1,185,182,3,0,0,0,3
S01009553,Level 2,86,82,4,0,0,0,4
S01009553,Level 3,75,73,2,0,0,0,2
S01009553,Level 4 and above,85,81,4,2,1,0,1
S01009554,All people aged 16 and over,554,538,16,0,0,0,16
S01009554,No qualifications,164,159,5,0,0,0,5
S01009554,Level 1,157,155,2,0,0,0,2
S01009554,Level 2,52,52,0,0,0,0,0
S01009554,Level 3,91,85,6,0,0,0,6
S01009554,Level 4 and above,90,87,3,0,0,0,3
S01009555,All people aged 16 and over,633,609,24,0,3,0,21
S01009555,No qualifications,178,166,12,0,0,0,12
S01009555,Level 1,148,145,3,0,0,0,3
S01009555,Level 2,100,98,2,0,1,0,1
S01009555,Level 3,90,88,2,0,0,0,2
S01009555,Level 4 and above,117,112,5,0,2,0,3
S01009556,All people aged 16 and over,605,567,38,9,8,4,17
S01009556,No qualifications,168,161,7,0,1,0,6
S01009556,Level 1,208,195,13,5,3,0,5
S01009556,Level 2,65,61,4,1,1,0,2
S01009556,Level 3,82,79,3,0,2,1,0
S01009556,Level 4 and above,82,71,11,3,1,3,4
S01009557,All people aged 16 and over,526,501,25,2,7,1,15
S01009557,No qualifications,166,158,8,1,2,0,5
S01009557,Level 1,169,161,8,1,1,0,6
S01009557,Level 2,62,62,0,0,0,0,0
S01009557,Level 3,63,59,4,0,1,0,3
S01009557,Level 4 and above,66,61,5,0,3,1,1
S01009558,All people aged 16 and over,513,485,28,3,8,4,13
S01009558,No qualifications,190,181,9,0,2,0,7
S01009558,Level 1,159,155,4,0,3,0,1
S01009558,Level 2,59,58,1,0,0,1,0
S01009558,Level 3,61,54,7,1,3,2,1
S01009558,Level 4 and above,44,37,7,2,0,1,4
S01009559,All people aged 16 and over,682,639,43,4,9,10,20
S01009559,No qualifications,226,211,15,0,3,5,7
S01009559,Level 1,249,236,13,2,5,1,5
S01009559,Level 2,59,55,4,0,0,1,3
S01009559,Level 3,84,82,2,0,0,0,2
S01009559,Level 4 and above,64,55,9,2,1,3,3
S01009560,All people aged 16 and over,594,550,44,6,13,4,21
S01009560,No qualifications,195,184,11,2,4,1,4
S01009560,Level 1,178,165,13,2,3,1,7
S01009560,Level 2,70,67,3,0,0,0,3
S01009560,Level 3,68,61,7,1,2,1,3
S01009560,Level 4 and above,83,73,10,1,4,1,4
S01009561,All people aged 16 and over,423,386,37,10,2,6,19
S01009561,No qualifications,127,119,8,1,0,1,6
S01009561,Level 1,142,126,16,3,1,3,9
S01009561,Level 2,48,47,1,1,0,0,0
S01009561,Level 3,56,53,3,1,1,0,1
S01009561,Level 4 and above,50,41,9,4,0,2,3
S01009562,All people aged 16 and over,612,583,29,3,8,7,11
S01009562,No qualifications,192,191,1,0,0,0,1
S01009562,Level 1,154,153,1,0,0,0,1
S01009562,Level 2,77,72,5,0,0,1,4
S01009562,Level 3,89,85,4,1,1,0,2
S01009562,Level 4 and above,100,82,18,2,7,6,3
S01009563,All people aged 16 and over,643,607,36,7,9,3,17
S01009563,No qualifications,229,225,4,0,1,0,3
S01009563,Level 1,171,166,5,0,1,0,4
S01009563,Level 2,68,65,3,0,1,0,2
S01009563,Level 3,80,73,7,1,2,1,3
S01009563,Level 4 and above,95,78,17,6,4,2,5
S01009564,All people aged 16 and over,566,548,18,0,1,3,14
S01009564,No qualifications,152,145,7,0,0,1,6
S01009564,Level 1,132,128,4,0,0,0,4
S01009564,Level 2,73,73,0,0,0,0,0
S01009564,Level 3,90,89,1,0,0,1,0
S01009564,Level 4 and above,119,113,6,0,1,1,4
S01009565,All people aged 16 and over,457,441,16,0,0,2,14
S01009565,No qualifications,118,116,2,0,0,0,2
S01009565,Level 1,153,147,6,0,0,1,5
S01009565,Level 2,71,70,1,0,0,0,1
S01009565,Level 3,52,49,3,0,0,0,3
S01009565,Level 4 and above,63,59,4,0,0,1,3
S01009566,All people aged 16 and over,816,776,40,2,7,7,24
S01009566,No qualifications,178,165,13,0,1,0,12
S01009566,Level 1,256,245,11,1,5,0,5
S01009566,Level 2,119,118,1,0,0,0,1
S01009566,Level 3,118,111,7,0,1,2,4
S01009566,Level 4 and above,145,137,8,1,0,5,2
S01009567,All people aged 16 and over,715,680,35,7,5,4,19
S01009567,No qualifications,198,189,9,2,2,2,3
S01009567,Level 1,191,185,6,3,0,0,3
S01009567,Level 2,100,93,7,0,1,1,5
S01009567,Level 3,110,103,7,1,0,0,6
S01009567,Level 4 and above,116,110,6,1,2,1,2
S01009568,All people aged 16 and over,584,554,30,0,2,7,21
S01009568,No qualifications,188,180,8,0,0,2,6
S01009568,Level 1,147,142,5,0,0,0,5
S01009568,Level 2,81,77,4,0,1,0,3
S01009568,Level 3,89,84,5,0,0,2,3
S01009568,Level 4 and above,79,71,8,0,1,3,4
S01009569,All people aged 16 and over,666,639,27,1,7,5,14
S01009569,No qualifications,236,230,6,1,1,0,4
S01009569,Level 1,184,176,8,0,3,0,5
S01009569,Level 2,83,82,1,0,0,0,1
S01009569,Level 3,83,78,5,0,1,1,3
S01009569,Level 4 and above,80,73,7,0,2,4,1
S01009570,All people aged 16 and over,449,429,20,0,5,5,10
S01009570,No qualifications,161,156,5,0,0,1,4
S01009570,Level 1,122,119,3,0,2,0,1
S01009570,Level 2,53,50,3,0,1,0,2
S01009570,Level 3,58,54,4,0,0,1,3
S01009570,Level 4 and above,55,50,5,0,2,3,0
S01009571,All people aged 16 and over,540,495,45,9,24,6,6
S01009571,No qualifications,193,182,11,1,7,1,2
S01009571,Level 1,158,149,9,2,5,0,2
S01009571,Level 2,70,70,0,0,0,0,0
S01009571,Level 3,58,54,4,0,4,0,0
S01009571,Level 4 and above,61,40,21,6,8,5,2
S01009572,All people aged 16 and over,842,764,78,6,28,18,26
S01009572,No qualifications,296,282,14,1,3,1,9
S01009572,Level 1,256,241,15,1,6,1,7
S01009572,Level 2,92,84,8,0,1,1,6
S01009572,Level 3,102,89,13,0,4,7,2
S01009572,Level 4 and above,96,68,28,4,14,8,2
S01009573,All people aged 16 and over,585,538,47,5,11,11,20
S01009573,No qualifications,257,243,14,1,2,4,7
S01009573,Level 1,169,162,7,0,2,0,5
S01009573,Level 2,49,47,2,0,0,0,2
S01009573,Level 3,51,46,5,0,0,2,3
S01009573,Level 4 and above,59,40,19,4,7,5,3
S01009574,All people aged 16 and over,860,797,63,9,9,13,32
S01009574,No qualifications,351,337,14,0,2,0,12
S01009574,Level 1,212,195,17,4,5,2,6
S01009574,Level 2,92,87,5,0,0,1,4
S01009574,Level 3,91,84,7,2,0,1,4
S01009574,Level 4 and above,114,94,20,3,2,9,6
S01009575,All people aged 16 and over,429,418,11,0,0,0,11
S01009575,No qualifications,119,117,2,0,0,0,2
S01009575,Level 1,105,102,3,0,0,0,3
S01009575,Level 2,70,69,1,0,0,0,1
S01009575,Level 3,72,70,2,0,0,0,2
S01009575,Level 4 and above,63,60,3,0,0,0,3
S01009576,All people aged 16 and over,459,436,23,4,3,2,14
S01009576,No qualifications,118,109,9,3,1,1,4
S01009576,Level 1,86,79,7,1,1,0,5
S01009576,Level 2,58,57,1,0,0,0,1
S01009576,Level 3,63,62,1,0,0,0,1
S01009576,Level 4 and above,134,129,5,0,1,1,3
S01009577,All people aged 16 and over,598,557,41,0,1,2,38
S01009577,No qualifications,130,111,19,0,0,0,19
S01009577,Level 1,127,122,5,0,0,0,5
S01009577,Level 2,100,99,1,0,1,0,0
S01009577,Level 3,77,72,5,0,0,0,5
S01009577,Level 4 and above,164,153,11,0,0,2,9
S01009578,All people aged 16 and over,613,589,24,1,7,2,14
S01009578,No qualifications,165,159,6,1,0,0,5
S01009578,Level 1,167,161,6,0,3,0,3
S01009578,Level 2,100,99,1,0,0,0,1
S01009578,Level 3,80,80,0,0,0,0,0
S01009578,Level 4 and above,101,90,11,0,4,2,5
S01009579,All people aged 16 and over,842,802,40,1,2,9,28
S01009579,No qualifications,180,171,9,1,0,1,7
S01009579,Level 1,199,190,9,0,0,2,7
S01009579,Level 2,134,131,3,0,0,0,3
S01009579,Level 3,144,140,4,0,1,1,2
S01009579,Level 4 and above,185,170,15,0,1,5,9
S01009580,All people aged 16 and over,748,707,41,6,3,5,27
S01009580,No qualifications,101,95,6,0,0,1,5
S01009580,Level 1,191,179,12,5,0,2,5
S01009580,Level 2,129,123,6,0,1,1,4
S01009580,Level 3,135,128,7,1,0,0,6
S01009580,Level 4 and above,192,182,10,0,2,1,7
S01009581,All people aged 16 and over,473,452,21,2,10,1,8
S01009581,No qualifications,134,129,5,0,3,0,2
S01009581,Level 1,146,135,11,1,5,1,4
S01009581,Level 2,55,54,1,0,0,0,1
S01009581,Level 3,67,66,1,0,0,0,1
S01009581,Level 4 and above,71,68,3,1,2,0,0
S01009582,All people aged 16 and over,414,390,24,0,4,5,15
S01009582,No qualifications,105,99,6,0,0,1,5
S01009582,Level 1,127,121,6,0,0,2,4
S01009582,Level 2,59,56,3,0,0,1,2
S01009582,Level 3,53,48,5,0,2,0,3
S01009582,Level 4 and above,70,66,4,0,2,1,1
S01009583,All people aged 16 and over,623,599,24,1,3,7,13
S01009583,No qualifications,173,171,2,0,1,0,1
S01009583,Level 1,205,201,4,0,1,1,2
S01009583,Level 2,79,75,4,0,0,1,3
S01009583,Level 3,74,70,4,0,0,0,4
S01009583,Level 4 and above,92,82,10,1,1,5,3
S01009584,All people aged 16 and over,432,403,29,4,6,4,15
S01009584,No qualifications,87,77,10,1,2,3,4
S01009584,Level 1,91,88,3,1,0,0,2
S01009584,Level 2,70,70,0,0,0,0,0
S01009584,Level 3,57,51,6,2,1,0,3
S01009584,Level 4 and above,127,117,10,0,3,1,6
S01009585,All people aged 16 and over,775,758,17,2,2,0,13
S01009585,No qualifications,220,214,6,0,0,0,6
S01009585,Level 1,253,250,3,1,1,0,1
S01009585,Level 2,112,108,4,0,1,0,3
S01009585,Level 3,100,97,3,1,0,0,2
S01009585,Level 4 and above,90,89,1,0,0,0,1
S01009586,All people aged 16 and over,589,569,20,0,0,6,14
S01009586,No qualifications,228,224,4,0,0,1,3
S01009586,Level 1,139,135,4,0,0,0,4
S01009586,Level 2,76,74,2,0,0,0,2
S01009586,Level 3,70,67,3,0,0,2,1
S01009586,Level 4 and above,76,69,7,0,0,3,4
S01009587,All people aged 16 and over,619,590,29,1,2,4,22
S01009587,No qualifications,227,222,5,0,0,0,5
S01009587,Level 1,133,124,9,0,1,1,7
S01009587,Level 2,74,69,5,0,0,2,3
S01009587,Level 3,78,74,4,0,1,0,3
S01009587,Level 4 and above,107,101,6,1,0,1,4
S01009588,All people aged 16 and over,897,873,24,0,1,1,22
S01009588,No qualifications,344,334,10,0,0,0,10
S01009588,Level 1,225,222,3,0,1,0,2
S01009588,Level 2,106,104,2,0,0,1,1
S01009588,Level 3,112,110,2,0,0,0,2
S01009588,Level 4 and above,110,103,7,0,0,0,7
S01009589,All people aged 16 and over,744,717,27,0,10,8,9
S01009589,No qualifications,239,236,3,0,0,0,3
S01009589,Level 1,211,204,7,0,2,2,3
S01009589,Level 2,88,87,1,0,0,0,1
S01009589,Level 3,115,109,6,0,4,1,1
S01009589,Level 4 and above,91,81,10,0,4,5,1
S01009590,All people aged 16 and over,582,556,26,2,1,3,20
S01009590,No qualifications,96,90,6,0,1,2,3
S01009590,Level 1,142,136,6,0,0,1,5
S01009590,Level 2,83,82,1,0,0,0,1
S01009590,Level 3,87,86,1,0,0,0,1
S01009590,Level 4 and above,174,162,12,2,0,0,10
S01009591,All people aged 16 and over,567,539,28,0,9,1,18
S01009591,No qualifications,85,82,3,0,1,1,1
S01009591,Level 1,147,141,6,0,2,0,4
S01009591,Level 2,89,86,3,0,0,0,3
S01009591,Level 3,82,78,4,0,1,0,3
S01009591,Level 4 and above,164,152,12,0,5,0,7
S01009592,All people aged 16 and over,493,471,22,4,1,1,16
S01009592,No qualifications,102,99,3,0,0,0,3
S01009592,Level 1,102,97,5,0,1,0,4
S01009592,Level 2,65,65,0,0,0,0,0
S01009592,Level 3,48,48,0,0,0,0,0
S01009592,Level 4 and above,176,162,14,4,0,1,9
S01009593,All people aged 16 and over,492,470,22,3,1,4,14
S01009593,No qualifications,75,68,7,1,0,2,4
S01009593,Level 1,107,103,4,1,0,2,1
S01009593,Level 2,76,74,2,0,0,0,2
S01009593,Level 3,74,72,2,0,0,0,2
S01009593,Level 4 and above,160,153,7,1,1,0,5
S01009594,All people aged 16 and over,543,521,22,1,1,5,15
S01009594,No qualifications,80,78,2,0,0,0,2
S01009594,Level 1,135,132,3,0,0,0,3
S01009594,Level 2,69,68,1,0,0,1,0
S01009594,Level 3,98,95,3,0,0,2,1
S01009594,Level 4 and above,161,148,13,1,1,2,9
S01009595,All people aged 16 and over,398,356,42,4,4,6,28
S01009595,No qualifications,52,43,9,2,1,0,6
S01009595,Level 1,101,96,5,0,0,2,3
S01009595,Level 2,64,57,7,0,1,1,5
S01009595,Level 3,66,60,6,0,0,1,5
S01009595,Level 4 and above,115,100,15,2,2,2,9
S01009596,All people aged 16 and over,640,619,21,0,2,3,16
S01009596,No qualifications,156,153,3,0,1,0,2
S01009596,Level 1,216,209,7,0,0,0,7
S01009596,Level 2,82,81,1,0,0,0,1
S01009596,Level 3,86,83,3,0,1,0,2
S01009596,Level 4 and above,100,93,7,0,0,3,4
S01009597,All people aged 16 and over,633,593,40,2,4,14,20
S01009597,No qualifications,159,154,5,0,0,1,4
S01009597,Level 1,199,187,12,0,0,4,8
S01009597,Level 2,82,80,2,0,0,1,1
S01009597,Level 3,112,107,5,1,0,1,3
S01009597,Level 4 and above,81,65,16,1,4,7,4
S01009598,All people aged 16 and over,518,508,10,0,0,0,10
S01009598,No qualifications,143,140,3,0,0,0,3
S01009598,Level 1,170,168,2,0,0,0,2
S01009598,Level 2,62,61,1,0,0,0,1
S01009598,Level 3,75,75,0,0,0,0,0
S01009598,Level 4 and above,68,64,4,0,0,0,4
S01009599,All people aged 16 and over,723,696,27,3,5,2,17
S01009599,No qualifications,226,217,9,1,2,0,6
S01009599,Level 1,183,180,3,0,1,0,2
S01009599,Level 2,94,93,1,0,0,0,1
S01009599,Level 3,101,96,5,1,0,0,4
S01009599,Level 4 and above,119,110,9,1,2,2,4
S01009600,All people aged 16 and over,511,494,17,0,2,1,14
S01009600,No qualifications,155,147,8,0,0,1,7
S01009600,Level 1,151,149,2,0,0,0,2
S01009600,Level 2,52,51,1,0,0,0,1
S01009600,Level 3,72,69,3,0,1,0,2
S01009600,Level 4 and above,81,78,3,0,1,0,2
S01009601,All people aged 16 and over,534,508,26,4,4,4,14
S01009601,No qualifications,136,132,4,3,0,0,1
S01009601,Level 1,156,151,5,1,0,1,3
S01009601,Level 2,67,64,3,0,0,0,3
S01009601,Level 3,86,82,4,0,0,1,3
S01009601,Level 4 and above,89,79,10,0,4,2,4
S01009602,All people aged 16 and over,614,588,26,1,7,2,16
S01009602,No qualifications,85,82,3,0,0,0,3
S01009602,Level 1,124,122,2,0,1,0,1
S01009602,Level 2,94,90,4,0,2,0,2
S01009602,Level 3,106,103,3,0,1,0,2
S01009602,Level 4 and above,205,191,14,1,3,2,8
S01009603,All people aged 16 and over,471,440,31,1,2,2,26
S01009603,No qualifications,70,67,3,0,0,0,3
S01009603,Level 1,109,104,5,0,0,0,5
S01009603,Level 2,86,82,4,0,1,0,3
S01009603,Level 3,72,67,5,0,0,1,4
S01009603,Level 4 and above,134,120,14,1,1,1,11
S01009604,All people aged 16 and over,704,673,31,3,8,4,16
S01009604,No qualifications,165,159,6,2,1,0,3
S01009604,Level 1,179,172,7,1,1,2,3
S01009604,Level 2,95,93,2,0,0,0,2
S01009604,Level 3,102,100,2,0,0,0,2
S01009604,Level 4 and above,163,149,14,0,6,2,6
S01009605,All people aged 16 and over,644,610,34,3,10,0,21
S01009605,No qualifications,188,186,2,0,0,0,2
S01009605,Level 1,174,163,11,2,2,0,7
S01009605,Level 2,92,90,2,0,0,0,2
S01009605,Level 3,83,79,4,0,3,0,1
S01009605,Level 4 and above,107,92,15,1,5,0,9
S01009606,All people aged 16 and over,468,445,23,2,4,2,15
S01009606,No qualifications,91,86,5,0,1,0,4
S01009606,Level 1,80,80,0,0,0,0,0
S01009606,Level 2,61,58,3,0,0,0,3
S01009606,Level 3,73,69,4,0,0,0,4
S01009606,Level 4 and above,163,152,11,2,3,2,4
S01009607,All people aged 16 and over,445,428,17,3,5,1,8
S01009607,No qualifications,78,71,7,2,2,1,2
S01009607,Level 1,92,92,0,0,0,0,0
S01009607,Level 2,58,55,3,1,0,0,2
S01009607,Level 3,61,58,3,0,1,0,2
S01009607,Level 4 and above,156,152,4,0,2,0,2
S01009608,All people aged 16 and over,489,471,18,3,1,1,13
S01009608,No qualifications,127,124,3,0,0,0,3
S01009608,Level 1,143,138,5,2,0,0,3
S01009608,Level 2,67,64,3,0,0,0,3
S01009608,Level 3,53,52,1,0,0,1,0
S01009608,Level 4 and above,99,93,6,1,1,0,4
S01009609,All people aged 16 and over,665,646,19,2,2,4,11
S01009609,No qualifications,151,150,1,0,0,0,1
S01009609,Level 1,146,139,7,1,2,3,1
S01009609,Level 2,88,88,0,0,0,0,0
S01009609,Level 3,112,107,5,1,0,1,3
S01009609,Level 4 and above,168,162,6,0,0,0,6
S01009610,All people aged 16 and over,835,816,19,1,2,4,12
S01009610,No qualifications,239,237,2,0,1,0,1
S01009610,Level 1,207,202,5,1,0,1,3
S01009610,Level 2,109,107,2,0,0,0,2
S01009610,Level 3,115,112,3,0,0,1,2
S01009610,Level 4 and above,165,158,7,0,1,2,4
S01009611,All people aged 16 and over,447,434,13,1,0,1,11
S01009611,No qualifications,91,90,1,0,0,0,1
S01009611,Level 1,101,95,6,1,0,1,4
S01009611,Level 2,60,58,2,0,0,0,2
S01009611,Level 3,70,69,1,0,0,0,1
S01009611,Level 4 and above,125,122,3,0,0,0,3
S01009612,All people aged 16 and over,506,488,18,0,4,2,12
S01009612,No qualifications,156,154,2,0,0,0,2
S01009612,Level 1,128,124,4,0,0,0,4
S01009612,Level 2,84,79,5,0,2,0,3
S01009612,Level 3,75,71,4,0,2,1,1
S01009612,Level 4 and above,63,60,3,0,0,1,2
S01009613,All people aged 16 and over,380,366,14,1,1,1,11
S01009613,No qualifications,83,74,9,0,1,1,7
S01009613,Level 1,85,84,1,0,0,0,1
S01009613,Level 2,38,38,0,0,0,0,0
S01009613,Level 3,53,52,1,1,0,0,0
S01009613,Level 4 and above,121,118,3,0,0,0,3
S01009614,All people aged 16 and over,434,425,9,1,0,1,7
S01009614,No qualifications,112,108,4,0,0,0,4
S01009614,Level 1,118,118,0,0,0,0,0
S01009614,Level 2,55,54,1,0,0,0,1
S01009614,Level 3,53,52,1,1,0,0,0
S01009614,Level 4 and above,96,93,3,0,0,1,2
S01009615,All people aged 16 and over,344,339,5,0,0,0,5
S01009615,No qualifications,129,127,2,0,0,0,2
S01009615,Level 1,75,74,1,0,0,0,1
S01009615,Level 2,41,41,0,0,0,0,0
S01009615,Level 3,46,45,1,0,0,0,1
S01009615,Level 4 and above,53,52,1,0,0,0,1
S01009616,All people aged 16 and over,611,594,17,0,3,2,12
S01009616,No qualifications,166,163,3,0,0,0,3
S01009616,Level 1,174,168,6,0,1,0,5
S01009616,Level 2,102,101,1,0,1,0,0
S01009616,Level 3,73,72,1,0,0,1,0
S01009616,Level 4 and above,96,90,6,0,1,1,4
S01009617,All people aged 16 and over,597,576,21,0,2,3,16
S01009617,No qualifications,129,127,2,0,0,0,2
S01009617,Level 1,166,161,5,0,1,0,4
S01009617,Level 2,98,97,1,0,0,0,1
S01009617,Level 3,74,74,0,0,0,0,0
S01009617,Level 4 and above,130,117,13,0,1,3,9
S01009618,All people aged 16 and over,569,551,18,2,2,1,13
S01009618,No qualifications,213,208,5,0,0,0,5
S01009618,Level 1,153,146,7,1,2,0,4
S01009618,Level 2,85,84,1,1,0,0,0
S01009618,Level 3,59,57,2,0,0,0,2
S01009618,Level 4 and above,59,56,3,0,0,1,2
S01009619,All people aged 16 and over,520,512,8,1,0,0,7
S01009619,No qualifications,197,195,2,0,0,0,2
S01009619,Level 1,130,127,3,1,0,0,2
S01009619,Level 2,70,69,1,0,0,0,1
S01009619,Level 3,59,58,1,0,0,0,1
S01009619,Level 4 and above,64,63,1,0,0,0,1
S01009620,All people aged 16 and over,662,634,28,3,4,6,15
S01009620,No qualifications,265,258,7,1,1,0,5
S01009620,Level 1,202,194,8,1,0,1,6
S01009620,Level 2,64,62,2,0,0,1,1
S01009620,Level 3,63,61,2,0,0,0,2
S01009620,Level 4 and above,68,59,9,1,3,4,1
S01009621,All people aged 16 and over,655,635,20,1,3,6,10
S01009621,No qualifications,272,262,10,1,3,3,3
S01009621,Level 1,145,141,4,0,0,0,4
S01009621,Level 2,79,79,0,0,0,0,0
S01009621,Level 3,74,71,3,0,0,2,1
S01009621,Level 4 and above,85,82,3,0,0,1,2
S01009622,All people aged 16 and over,587,574,13,0,1,4,8
S01009622,No qualifications,218,210,8,0,1,2,5
S01009622,Level 1,199,196,3,0,0,0,3
S01009622,Level 2,62,61,1,0,0,1,0
S01009622,Level 3,56,56,0,0,0,0,0
S01009622,Level 4 and above,52,51,1,0,0,1,0
S01009623,All people aged 16 and over,410,397,13,5,0,3,5
S01009623,No qualifications,154,150,4,2,0,0,2
S01009623,Level 1,117,113,4,2,0,0,2
S01009623,Level 2,45,45,0,0,0,0,0
S01009623,Level 3,42,42,0,0,0,0,0
S01009623,Level 4 and above,52,47,5,1,0,3,1
S01009624,All people aged 16 and over,733,714,19,0,2,4,13
S01009624,No qualifications,320,310,10,0,0,0,10
S01009624,Level 1,202,201,1,0,0,1,0
S01009624,Level 2,83,82,1,0,0,0,1
S01009624,Level 3,64,63,1,0,0,0,1
S01009624,Level 4 and above,64,58,6,0,2,3,1
S01009625,All people aged 16 and over,685,674,11,0,2,3,6
S01009625,No qualifications,284,282,2,0,0,0,2
S01009625,Level 1,227,222,5,0,1,1,3
S01009625,Level 2,61,60,1,0,0,1,0
S01009625,Level 3,51,51,0,0,0,0,0
S01009625,Level 4 and above,62,59,3,0,1,1,1
S01009626,All people aged 16 and over,452,436,16,2,5,0,9
S01009626,No qualifications,196,191,5,0,1,0,4
S01009626,Level 1,140,138,2,0,0,0,2
S01009626,Level 2,40,39,1,0,0,0,1
S01009626,Level 3,34,32,2,0,0,0,2
S01009626,Level 4 and above,42,36,6,2,4,0,0
S01009627,All people aged 16 and over,656,643,13,1,1,1,10
S01009627,No qualifications,284,278,6,0,0,0,6
S01009627,Level 1,187,185,2,0,0,0,2
S01009627,Level 2,75,74,1,0,0,1,0
S01009627,Level 3,56,55,1,0,0,0,1
S01009627,Level 4 and above,54,51,3,1,1,0,1
S01009628,All people aged 16 and over,473,463,10,0,1,0,9
S01009628,No qualifications,283,278,5,0,0,0,5
S01009628,Level 1,100,98,2,0,1,0,1
S01009628,Level 2,26,25,1,0,0,0,1
S01009628,Level 3,37,36,1,0,0,0,1
S01009628,Level 4 and above,27,26,1,0,0,0,1
S01009629,All people aged 16 and over,827,803,24,1,0,4,19
S01009629,No qualifications,316,311,5,0,0,0,5
S01009629,Level 1,241,234,7,0,0,1,6
S01009629,Level 2,109,106,3,1,0,1,1
S01009629,Level 3,87,83,4,0,0,0,4
S01009629,Level 4 and above,74,69,5,0,0,2,3
S01009630,All people aged 16 and over,632,622,10,4,0,1,5
S01009630,No qualifications,262,259,3,1,0,1,1
S01009630,Level 1,201,198,3,1,0,0,2
S01009630,Level 2,62,62,0,0,0,0,0
S01009630,Level 3,57,56,1,1,0,0,0
S01009630,Level 4 and above,50,47,3,1,0,0,2
S01009631,All people aged 16 and over,587,573,14,2,2,3,7
S01009631,No qualifications,277,270,7,0,1,0,6
S01009631,Level 1,162,159,3,2,0,1,0
S01009631,Level 2,55,55,0,0,0,0,0
S01009631,Level 3,56,54,2,0,0,1,1
S01009631,Level 4 and above,37,35,2,0,1,1,0
S01009632,All people aged 16 and over,452,433,19,3,3,0,13
S01009632,No qualifications,215,208,7,3,0,0,4
S01009632,Level 1,147,140,7,0,2,0,5
S01009632,Level 2,33,33,0,0,0,0,0
S01009632,Level 3,26,25,1,0,0,0,1
S01009632,Level 4 and above,31,27,4,0,1,0,3
S01009633,All people aged 16 and over,548,532,16,5,2,0,9
S01009633,No qualifications,234,231,3,2,0,0,1
S01009633,Level 1,161,159,2,0,0,0,2
S01009633,Level 2,57,54,3,0,0,0,3
S01009633,Level 3,40,39,1,0,0,0,1
S01009633,Level 4 and above,56,49,7,3,2,0,2
S01009634,All people aged 16 and over,469,466,3,0,1,0,2
S01009634,No qualifications,251,251,0,0,0,0,0
S01009634,Level 1,124,122,2,0,1,0,1
S01009634,Level 2,33,33,0,0,0,0,0
S01009634,Level 3,31,30,1,0,0,0,1
S01009634,Level 4 and above,30,30,0,0,0,0,0
S01009635,All people aged 16 and over,706,688,18,4,1,1,12
S01009635,No qualifications,238,234,4,0,0,1,3
S01009635,Level 1,210,204,6,2,1,0,3
S01009635,Level 2,82,80,2,0,0,0,2
S01009635,Level 3,74,73,1,0,0,0,1
S01009635,Level 4 and above,102,97,5,2,0,0,3
S01009636,All people aged 16 and over,752,725,27,8,1,1,17
S01009636,No qualifications,307,298,9,2,0,0,7
S01009636,Level 1,248,245,3,1,0,0,2
S01009636,Level 2,73,71,2,1,1,0,0
S01009636,Level 3,63,61,2,0,0,0,2
S01009636,Level 4 and above,61,50,11,4,0,1,6
S01009637,All people aged 16 and over,615,594,21,1,3,3,14
S01009637,No qualifications,210,205,5,0,0,1,4
S01009637,Level 1,184,180,4,0,0,0,4
S01009637,Level 2,82,80,2,0,0,0,2
S01009637,Level 3,65,62,3,0,0,1,2
S01009637,Level 4 and above,74,67,7,1,3,1,2
S01009638,All people aged 16 and over,555,540,15,6,0,0,9
S01009638,No qualifications,225,222,3,1,0,0,2
S01009638,Level 1,157,153,4,1,0,0,3
S01009638,Level 2,70,68,2,0,0,0,2
S01009638,Level 3,48,45,3,1,0,0,2
S01009638,Level 4 and above,55,52,3,3,0,0,0
S01009639,All people aged 16 and over,694,661,33,3,1,3,26
S01009639,No qualifications,162,155,7,0,0,1,6
S01009639,Level 1,160,151,9,1,0,1,7
S01009639,Level 2,87,85,2,0,0,0,2
S01009639,Level 3,89,87,2,1,0,0,1
S01009639,Level 4 and above,196,183,13,1,1,1,10
S01009640,All people aged 16 and over,512,496,16,1,2,2,11
S01009640,No qualifications,214,211,3,0,0,1,2
S01009640,Level 1,124,118,6,1,0,0,5
S01009640,Level 2,59,59,0,0,0,0,0
S01009640,Level 3,43,43,0,0,0,0,0
S01009640,Level 4 and above,72,65,7,0,2,1,4
S01009641,All people aged 16 and over,684,653,31,1,9,7,14
S01009641,No qualifications,255,249,6,0,0,0,6
S01009641,Level 1,164,158,6,0,1,1,4
S01009641,Level 2,106,102,4,0,4,0,0
S01009641,Level 3,55,54,1,0,0,0,1
S01009641,Level 4 and above,104,90,14,1,4,6,3
S01009642,All people aged 16 and over,782,743,39,6,7,3,23
S01009642,No qualifications,194,186,8,1,0,1,6
S01009642,Level 1,199,192,7,0,2,0,5
S01009642,Level 2,123,121,2,0,1,0,1
S01009642,Level 3,106,101,5,0,0,0,5
S01009642,Level 4 and above,160,143,17,5,4,2,6
S01009643,All people aged 16 and over,436,423,13,1,1,1,10
S01009643,No qualifications,68,66,2,0,0,0,2
S01009643,Level 1,139,136,3,1,0,0,2
S01009643,Level 2,69,67,2,0,1,0,1
S01009643,Level 3,74,72,2,0,0,0,2
S01009643,Level 4 and above,86,82,4,0,0,1,3
S01009644,All people aged 16 and over,661,641,20,2,2,3,13
S01009644,No qualifications,245,243,2,0,0,0,2
S01009644,Level 1,197,191,6,0,1,0,5
S01009644,Level 2,69,68,1,0,0,0,1
S01009644,Level 3,64,62,2,0,0,1,1
S01009644,Level 4 and above,86,77,9,2,1,2,4
S01009645,All people aged 16 and over,532,513,19,0,2,6,11
S01009645,No qualifications,192,188,4,0,0,0,4
S01009645,Level 1,143,136,7,0,0,1,6
S01009645,Level 2,77,76,1,0,0,0,1
S01009645,Level 3,62,59,3,0,1,2,0
S01009645,Level 4 and above,58,54,4,0,1,3,0
S01009646,All people aged 16 and over,471,457,14,0,2,1,11
S01009646,No qualifications,172,169,3,0,0,0,3
S01009646,Level 1,142,140,2,0,1,0,1
S01009646,Level 2,56,54,2,0,0,0,2
S01009646,Level 3,49,48,1,0,0,0,1
S01009646,Level 4 and above,52,46,6,0,1,1,4
S01009647,All people aged 16 and over,512,497,15,1,3,5,6
S01009647,No qualifications,199,196,3,0,1,0,2
S01009647,Level 1,131,128,3,0,0,1,2
S01009647,Level 2,64,62,2,0,2,0,0
S01009647,Level 3,57,57,0,0,0,0,0
S01009647,Level 4 and above,61,54,7,1,0,4,2
S01009648,All people aged 16 and over,717,697,20,1,2,1,16
S01009648,No qualifications,258,254,4,0,0,0,4
S01009648,Level 1,211,202,9,1,1,1,6
S01009648,Level 2,93,92,1,0,1,0,0
S01009648,Level 3,66,64,2,0,0,0,2
S01009648,Level 4 and above,89,85,4,0,0,0,4
S01009649,All people aged 16 and over,845,824,21,1,1,0,19
S01009649,No qualifications,255,250,5,0,0,0,5
S01009649,Level 1,226,224,2,0,0,0,2
S01009649,Level 2,132,128,4,0,0,0,4
S01009649,Level 3,91,87,4,0,0,0,4
S01009649,Level 4 and above,141,135,6,1,1,0,4
S01009650,All people aged 16 and over,692,668,24,1,6,1,16
S01009650,No qualifications,159,155,4,0,1,0,3
S01009650,Level 1,138,134,4,0,1,0,3
S01009650,Level 2,102,100,2,0,0,0,2
S01009650,Level 3,99,95,4,0,1,0,3
S01009650,Level 4 and above,194,184,10,1,3,1,5
S01009651,All people aged 16 and over,790,745,45,3,14,4,24
S01009651,No qualifications,173,170,3,0,2,0,1
S01009651,Level 1,137,133,4,0,3,0,1
S01009651,Level 2,112,106,6,2,1,0,3
S01009651,Level 3,83,74,9,0,3,1,5
S01009651,Level 4 and above,285,262,23,1,5,3,14
S01009652,All people aged 16 and over,699,676,23,0,2,1,20
S01009652,No qualifications,127,125,2,0,0,0,2
S01009652,Level 1,107,103,4,0,1,0,3
S01009652,Level 2,96,93,3,0,0,1,2
S01009652,Level 3,72,70,2,0,0,0,2
S01009652,Level 4 and above,297,285,12,0,1,0,11
S01009653,All people aged 16 and over,445,430,15,1,3,0,11
S01009653,No qualifications,83,82,1,0,0,0,1
S01009653,Level 1,79,77,2,0,0,0,2
S01009653,Level 2,64,61,3,0,0,0,3
S01009653,Level 3,54,51,3,0,1,0,2
S01009653,Level 4 and above,165,159,6,1,2,0,3
S01009654,All people aged 16 and over,475,466,9,0,1,0,8
S01009654,No qualifications,99,99,0,0,0,0,0
S01009654,Level 1,105,105,0,0,0,0,0
S01009654,Level 2,56,55,1,0,0,0,1
S01009654,Level 3,51,50,1,0,0,0,1
S01009654,Level 4 and above,164,157,7,0,1,0,6
S01009655,All people aged 16 and over,686,671,15,0,3,1,11
S01009655,No qualifications,325,320,5,0,0,0,5
S01009655,Level 1,177,173,4,0,1,0,3
S01009655,Level 2,75,74,1,0,0,0,1
S01009655,Level 3,43,42,1,0,0,0,1
S01009655,Level 4 and above,66,62,4,0,2,1,1
S01009656,All people aged 16 and over,613,598,15,1,5,0,9
S01009656,No qualifications,314,313,1,0,0,0,1
S01009656,Level 1,166,162,4,0,2,0,2
S01009656,Level 2,53,48,5,0,1,0,4
S01009656,Level 3,33,32,1,0,1,0,0
S01009656,Level 4 and above,47,43,4,1,1,0,2
S01009657,All people aged 16 and over,657,636,21,2,0,2,17
S01009657,No qualifications,162,156,6,0,0,0,6
S01009657,Level 1,186,180,6,1,0,0,5
S01009657,Level 2,118,117,1,0,0,0,1
S01009657,Level 3,86,84,2,0,0,1,1
S01009657,Level 4 and above,105,99,6,1,0,1,4
S01009658,All people aged 16 and over,567,551,16,0,1,5,10
S01009658,No qualifications,207,200,7,0,0,2,5
S01009658,Level 1,187,184,3,0,1,0,2
S01009658,Level 2,55,55,0,0,0,0,0
S01009658,Level 3,62,61,1,0,0,0,1
S01009658,Level 4 and above,56,51,5,0,0,3,2
S01009659,All people aged 16 and over,415,410,5,0,0,0,5
S01009659,No qualifications,111,109,2,0,0,0,2
S01009659,Level 1,132,132,0,0,0,0,0
S01009659,Level 2,50,50,0,0,0,0,0
S01009659,Level 3,48,47,1,0,0,0,1
S01009659,Level 4 and above,74,72,2,0,0,0,2
S01009660,All people aged 16 and over,845,822,23,2,2,3,16
S01009660,No qualifications,280,273,7,0,0,0,7
S01009660,Level 1,223,216,7,1,1,0,5
S01009660,Level 2,136,136,0,0,0,0,0
S01009660,Level 3,104,101,3,0,1,2,0
S01009660,Level 4 and above,102,96,6,1,0,1,4
S01009661,All people aged 16 and over,708,680,28,1,3,6,18
S01009661,No qualifications,156,153,3,0,0,1,2
S01009661,Level 1,122,121,1,0,0,1,0
S01009661,Level 2,102,98,4,0,2,1,1
S01009661,Level 3,82,80,2,0,1,0,1
S01009661,Level 4 and above,246,228,18,1,0,3,14
S01009662,All people aged 16 and over,588,564,24,2,1,2,19
S01009662,No qualifications,138,136,2,1,0,0,1
S01009662,Level 1,136,131,5,0,0,1,4
S01009662,Level 2,82,78,4,0,0,0,4
S01009662,Level 3,80,79,1,0,0,0,1
S01009662,Level 4 and above,152,140,12,1,1,1,9
S01009663,All people aged 16 and over,531,518,13,0,0,2,11
S01009663,No qualifications,92,92,0,0,0,0,0
S01009663,Level 1,106,103,3,0,0,1,2
S01009663,Level 2,80,78,2,0,0,0,2
S01009663,Level 3,58,55,3,0,0,1,2
S01009663,Level 4 and above,195,190,5,0,0,0,5
S01009664,All people aged 16 and over,734,697,37,2,4,5,26
S01009664,No qualifications,163,158,5,1,1,1,2
S01009664,Level 1,133,129,4,1,1,0,2
S01009664,Level 2,93,89,4,0,1,0,3
S01009664,Level 3,75,75,0,0,0,0,0
S01009664,Level 4 and above,270,246,24,0,1,4,19
S01009665,All people aged 16 and over,535,520,15,1,0,1,13
S01009665,No qualifications,152,150,2,0,0,0,2
S01009665,Level 1,121,116,5,0,0,0,5
S01009665,Level 2,72,71,1,0,0,0,1
S01009665,Level 3,49,48,1,0,0,0,1
S01009665,Level 4 and above,141,135,6,1,0,1,4
S01009666,All people aged 16 and over,640,618,22,1,3,2,16
S01009666,No qualifications,162,160,2,0,0,0,2
S01009666,Level 1,150,146,4,0,0,0,4
S01009666,Level 2,94,91,3,0,0,1,2
S01009666,Level 3,67,66,1,1,0,0,0
S01009666,Level 4 and above,167,155,12,0,3,1,8
S01009667,All people aged 16 and over,437,426,11,0,0,1,10
S01009667,No qualifications,70,69,1,0,0,0,1
S01009667,Level 1,86,85,1,0,0,0,1
S01009667,Level 2,62,61,1,0,0,0,1
S01009667,Level 3,54,53,1,0,0,0,1
S01009667,Level 4 and above,165,158,7,0,0,1,6
S01009668,All people aged 16 and over,463,440,23,0,2,2,19
S01009668,No qualifications,62,61,1,0,0,0,1
S01009668,Level 1,111,107,4,0,1,0,3
S01009668,Level 2,62,60,2,0,0,0,2
S01009668,Level 3,49,48,1,0,1,0,0
S01009668,Level 4 and above,179,164,15,0,0,2,13
S01009669,All people aged 16 and over,438,425,13,0,0,3,10
S01009669,No qualifications,129,127,2,0,0,0,2
S01009669,Level 1,77,75,2,0,0,1,1
S01009669,Level 2,60,58,2,0,0,0,2
S01009669,Level 3,51,51,0,0,0,0,0
S01009669,Level 4 and above,121,114,7,0,0,2,5
S01009670,All people aged 16 and over,651,625,26,1,1,3,21
S01009670,No qualifications,130,124,6,0,0,0,6
S01009670,Level 1,146,143,3,0,0,1,2
S01009670,Level 2,83,78,5,0,0,1,4
S01009670,Level 3,68,65,3,0,0,1,2
S01009670,Level 4 and above,224,215,9,1,1,0,7
S01009671,All people aged 16 and over,524,501,23,1,1,4,17
S01009671,No qualifications,86,82,4,0,0,1,3
S01009671,Level 1,96,93,3,0,0,0,3
S01009671,Level 2,70,69,1,0,0,0,1
S01009671,Level 3,72,69,3,0,0,0,3
S01009671,Level 4 and above,200,188,12,1,1,3,7
S01009672,All people aged 16 and over,650,636,14,1,1,1,11
S01009672,No qualifications,178,176,2,0,0,0,2
S01009672,Level 1,170,167,3,0,1,0,2
S01009672,Level 2,76,75,1,0,0,0,1
S01009672,Level 3,75,74,1,0,0,0,1
S01009672,Level 4 and above,151,144,7,1,0,1,5
S01009673,All people aged 16 and over,674,639,35,0,6,4,25
S01009673,No qualifications,190,182,8,0,2,2,4
S01009673,Level 1,143,141,2,0,0,0,2
S01009673,Level 2,73,64,9,0,1,0,8
S01009673,Level 3,64,63,1,0,1,0,0
S01009673,Level 4 and above,204,189,15,0,2,2,11
S01009674,All people aged 16 and over,728,699,29,0,1,1,27
S01009674,No qualifications,166,160,6,0,0,0,6
S01009674,Level 1,139,136,3,0,0,1,2
S01009674,Level 2,81,79,2,0,0,0,2
S01009674,Level 3,69,67,2,0,0,0,2
S01009674,Level 4 and above,273,257,16,0,1,0,15
S01009675,All people aged 16 and over,748,718,30,0,1,2,27
S01009675,No qualifications,188,182,6,0,0,0,6
S01009675,Level 1,123,118,5,0,0,1,4
S01009675,Level 2,90,88,2,0,0,0,2
S01009675,Level 3,111,108,3,0,0,0,3
S01009675,Level 4 and above,236,222,14,0,1,1,12
S01009676,All people aged 16 and over,659,637,22,1,1,4,16
S01009676,No qualifications,181,178,3,1,0,0,2
S01009676,Level 1,135,131,4,0,0,1,3
S01009676,Level 2,104,103,1,0,0,1,0
S01009676,Level 3,53,49,4,0,1,1,2
S01009676,Level 4 and above,186,176,10,0,0,1,9
S01009677,All people aged 16 and over,484,446,38,3,6,1,28
S01009677,No qualifications,77,72,5,0,0,0,5
S01009677,Level 1,90,84,6,0,2,0,4
S01009677,Level 2,57,55,2,0,0,0,2
S01009677,Level 3,55,50,5,2,0,0,3
S01009677,Level 4 and above,205,185,20,1,4,1,14
S01009678,All people aged 16 and over,509,481,28,7,1,3,17
S01009678,No qualifications,166,165,1,0,0,0,1
S01009678,Level 1,116,106,10,4,1,0,5
S01009678,Level 2,78,76,2,1,0,0,1
S01009678,Level 3,50,50,0,0,0,0,0
S01009678,Level 4 and above,99,84,15,2,0,3,10
S01009679,All people aged 16 and over,752,717,35,2,4,3,26
S01009679,No qualifications,241,233,8,0,0,0,8
S01009679,Level 1,198,194,4,0,1,0,3
S01009679,Level 2,82,80,2,0,0,1,1
S01009679,Level 3,75,67,8,2,2,0,4
S01009679,Level 4 and above,156,143,13,0,1,2,10
S01009680,All people aged 16 and over,667,640,27,0,1,8,18
S01009680,No qualifications,188,183,5,0,0,0,5
S01009680,Level 1,174,170,4,0,0,1,3
S01009680,Level 2,80,76,4,0,0,1,3
S01009680,Level 3,71,66,5,0,1,2,2
S01009680,Level 4 and above,154,145,9,0,0,4,5
S01009681,All people aged 16 and over,592,557,35,3,2,3,27
S01009681,No qualifications,181,175,6,0,0,0,6
S01009681,Level 1,130,125,5,1,0,0,4
S01009681,Level 2,81,76,5,0,0,0,5
S01009681,Level 3,40,35,5,1,2,0,2
S01009681,Level 4 and above,160,146,14,1,0,3,10
S01009682,All people aged 16 and over,505,473,32,1,10,5,16
S01009682,No qualifications,68,67,1,0,1,0,0
S01009682,Level 1,90,80,10,0,5,1,4
S01009682,Level 2,65,62,3,0,0,0,3
S01009682,Level 3,85,82,3,0,2,0,1
S01009682,Level 4 and above,197,182,15,1,2,4,8
S01009683,All people aged 16 and over,759,706,53,18,1,3,31
S01009683,No qualifications,146,138,8,2,0,0,6
S01009683,Level 1,133,128,5,1,0,0,4
S01009683,Level 2,106,102,4,2,1,0,1
S01009683,Level 3,84,74,10,8,0,0,2
S01009683,Level 4 and above,290,264,26,5,0,3,18
S01009684,All people aged 16 and over,840,805,35,1,1,4,29
S01009684,No qualifications,122,118,4,0,0,0,4
S01009684,Level 1,148,146,2,0,0,0,2
S01009684,Level 2,108,103,5,1,0,0,4
S01009684,Level 3,92,90,2,0,0,0,2
S01009684,Level 4 and above,370,348,22,0,1,4,17
S01009685,All people aged 16 and over,523,500,23,5,2,0,16
S01009685,No qualifications,133,128,5,3,0,0,2
S01009685,Level 1,115,113,2,0,0,0,2
S01009685,Level 2,73,71,2,0,0,0,2
S01009685,Level 3,66,61,5,2,0,0,3
S01009685,Level 4 and above,136,127,9,0,2,0,7
S01009686,All people aged 16 and over,923,810,113,28,31,18,36
S01009686,No qualifications,223,203,20,9,6,1,4
S01009686,Level 1,198,189,9,0,5,3,1
S01009686,Level 2,128,121,7,2,0,0,5
S01009686,Level 3,120,102,18,5,9,2,2
S01009686,Level 4 and above,254,195,59,12,11,12,24
S01009687,All people aged 16 and over,572,546,26,2,5,1,18
S01009687,No qualifications,119,118,1,0,0,0,1
S01009687,Level 1,141,135,6,0,0,0,6
S01009687,Level 2,103,99,4,0,1,1,2
S01009687,Level 3,69,64,5,0,1,0,4
S01009687,Level 4 and above,140,130,10,2,3,0,5
S01009688,All people aged 16 and over,706,639,67,10,15,9,33
S01009688,No qualifications,200,188,12,0,2,0,10
S01009688,Level 1,211,199,12,1,3,1,7
S01009688,Level 2,101,87,14,2,6,0,6
S01009688,Level 3,78,69,9,0,1,4,4
S01009688,Level 4 and above,116,96,20,7,3,4,6
S01009689,All people aged 16 and over,519,443,76,13,20,15,28
S01009689,No qualifications,114,106,8,1,4,0,3
S01009689,Level 1,93,80,13,1,7,1,4
S01009689,Level 2,75,71,4,0,0,3,1
S01009689,Level 3,58,49,9,3,0,2,4
S01009689,Level 4 and above,179,137,42,8,9,9,16
S01009690,All people aged 16 and over,593,547,46,3,5,12,26
S01009690,No qualifications,110,106,4,0,1,0,3
S01009690,Level 1,135,131,4,1,1,0,2
S01009690,Level 2,68,65,3,1,0,0,2
S01009690,Level 3,77,69,8,1,0,3,4
S01009690,Level 4 and above,203,176,27,0,3,9,15
S01009691,All people aged 16 and over,502,471,31,1,5,4,21
S01009691,No qualifications,91,84,7,0,0,1,6
S01009691,Level 1,104,97,7,0,2,1,4
S01009691,Level 2,67,63,4,0,1,0,3
S01009691,Level 3,51,47,4,0,1,0,3
S01009691,Level 4 and above,189,180,9,1,1,2,5
S01009692,All people aged 16 and over,918,870,48,8,4,4,32
S01009692,No qualifications,222,219,3,0,0,0,3
S01009692,Level 1,186,178,8,2,0,1,5
S01009692,Level 2,121,115,6,0,0,0,6
S01009692,Level 3,94,89,5,1,0,1,3
S01009692,Level 4 and above,295,269,26,5,4,2,15
S01009693,All people aged 16 and over,522,501,21,0,2,0,19
S01009693,No qualifications,66,63,3,0,0,0,3
S01009693,Level 1,111,106,5,0,0,0,5
S01009693,Level 2,86,84,2,0,0,0,2
S01009693,Level 3,71,67,4,0,1,0,3
S01009693,Level 4 and above,188,181,7,0,1,0,6
S01009694,All people aged 16 and over,874,816,58,7,6,6,39
S01009694,No qualifications,199,194,5,0,0,1,4
S01009694,Level 1,155,151,4,1,0,0,3
S01009694,Level 2,95,93,2,0,1,0,1
S01009694,Level 3,95,85,10,1,2,1,6
S01009694,Level 4 and above,330,293,37,5,3,4,25
S01009695,All people aged 16 and over,521,487,34,3,1,6,24
S01009695,No qualifications,99,99,0,0,0,0,0
S01009695,Level 1,91,84,7,0,0,2,5
S01009695,Level 2,58,55,3,0,0,0,3
S01009695,Level 3,60,57,3,0,0,1,2
S01009695,Level 4 and above,213,192,21,3,1,3,14
S01009696,All people aged 16 and over,793,749,44,1,7,6,30
S01009696,No qualifications,154,149,5,0,0,0,5
S01009696,Level 1,122,117,5,0,2,0,3
S01009696,Level 2,95,91,4,0,1,0,3
S01009696,Level 3,79,77,2,0,1,0,1
S01009696,Level 4 and above,343,315,28,1,3,6,18
S01009697,All people aged 16 and over,589,525,64,2,17,5,40
S01009697,No qualifications,99,96,3,1,1,0,1
S01009697,Level 1,95,88,7,0,3,0,4
S01009697,Level 2,62,59,3,0,0,0,3
S01009697,Level 3,71,61,10,0,4,1,5
S01009697,Level 4 and above,262,221,41,1,9,4,27
S01009698,All people aged 16 and over,486,432,54,9,7,5,33
S01009698,No qualifications,74,68,6,3,0,0,3
S01009698,Level 1,78,73,5,2,1,0,2
S01009698,Level 2,69,67,2,1,0,0,1
S01009698,Level 3,51,44,7,1,1,0,5
S01009698,Level 4 and above,214,180,34,2,5,5,22
S01009699,All people aged 16 and over,412,392,20,2,3,2,13
S01009699,No qualifications,83,81,2,0,0,1,1
S01009699,Level 1,70,67,3,0,1,0,2
S01009699,Level 2,58,54,4,0,0,0,4
S01009699,Level 3,37,36,1,0,0,0,1
S01009699,Level 4 and above,164,154,10,2,2,1,5
S01009700,All people aged 16 and over,551,513,38,5,8,3,22
S01009700,No qualifications,149,144,5,0,2,0,3
S01009700,Level 1,105,97,8,1,1,1,5
S01009700,Level 2,78,70,8,0,5,0,3
S01009700,Level 3,55,52,3,1,0,1,1
S01009700,Level 4 and above,164,150,14,3,0,1,10
S01009701,All people aged 16 and over,405,384,21,2,3,3,13
S01009701,No qualifications,87,84,3,1,0,0,2
S01009701,Level 1,73,70,3,1,1,0,1
S01009701,Level 2,57,55,2,0,0,1,1
S01009701,Level 3,24,22,2,0,1,0,1
S01009701,Level 4 and above,164,153,11,0,1,2,8
S01009702,All people aged 16 and over,518,496,22,2,0,4,16
S01009702,No qualifications,90,88,2,1,0,0,1
S01009702,Level 1,93,87,6,0,0,1,5
S01009702,Level 2,77,74,3,1,0,1,1
S01009702,Level 3,74,72,2,0,0,1,1
S01009702,Level 4 and above,184,175,9,0,0,1,8
S01009703,All people aged 16 and over,485,461,24,5,4,2,13
S01009703,No qualifications,141,139,2,0,0,0,2
S01009703,Level 1,112,111,1,0,0,0,1
S01009703,Level 2,61,57,4,0,0,0,4
S01009703,Level 3,44,40,4,0,1,1,2
S01009703,Level 4 and above,127,114,13,5,3,1,4
S01009704,All people aged 16 and over,784,747,37,4,4,2,27
S01009704,No qualifications,184,182,2,0,0,0,2
S01009704,Level 1,157,154,3,0,0,0,3
S01009704,Level 2,98,97,1,0,0,0,1
S01009704,Level 3,66,62,4,1,2,0,1
S01009704,Level 4 and above,279,252,27,3,2,2,20
S01009705,All people aged 16 and over,618,590,28,1,2,3,22
S01009705,No qualifications,196,191,5,0,0,0,5
S01009705,Level 1,155,149,6,0,0,1,5
S01009705,Level 2,76,74,2,0,0,0,2
S01009705,Level 3,65,60,5,0,2,0,3
S01009705,Level 4 and above,126,116,10,1,0,2,7
S01009706,All people aged 16 and over,509,470,39,8,2,5,24
S01009706,No qualifications,122,119,3,0,0,1,2
S01009706,Level 1,117,113,4,1,0,0,3
S01009706,Level 2,64,59,5,1,0,0,4
S01009706,Level 3,48,48,0,0,0,0,0
S01009706,Level 4 and above,158,131,27,6,2,4,15
S01009707,All people aged 16 and over,404,379,25,0,5,5,15
S01009707,No qualifications,75,71,4,0,1,1,2
S01009707,Level 1,77,75,2,0,0,0,2
S01009707,Level 2,59,59,0,0,0,0,0
S01009707,Level 3,42,38,4,0,0,2,2
S01009707,Level 4 and above,151,136,15,0,4,2,9
S01009708,All people aged 16 and over,519,499,20,7,0,0,13
S01009708,No qualifications,139,135,4,1,0,0,3
S01009708,Level 1,110,106,4,1,0,0,3
S01009708,Level 2,61,60,1,0,0,0,1
S01009708,Level 3,43,43,0,0,0,0,0
S01009708,Level 4 and above,166,155,11,5,0,0,6
S01009709,All people aged 16 and over,693,653,40,10,12,3,15
S01009709,No qualifications,207,199,8,1,2,0,5
S01009709,Level 1,140,135,5,1,0,1,3
S01009709,Level 2,90,88,2,0,1,0,1
S01009709,Level 3,69,66,3,2,0,1,0
S01009709,Level 4 and above,187,165,22,6,9,1,6
S01009710,All people aged 16 and over,442,419,23,4,4,4,11
S01009710,No qualifications,88,85,3,2,0,0,1
S01009710,Level 1,103,101,2,0,0,0,2
S01009710,Level 2,77,77,0,0,0,0,0
S01009710,Level 3,45,44,1,0,0,1,0
S01009710,Level 4 and above,129,112,17,2,4,3,8
S01009711,All people aged 16 and over,659,608,51,6,9,7,29
S01009711,No qualifications,224,217,7,0,0,1,6
S01009711,Level 1,144,138,6,1,2,0,3
S01009711,Level 2,81,77,4,0,0,1,3
S01009711,Level 3,62,55,7,0,4,0,3
S01009711,Level 4 and above,148,121,27,5,3,5,14
S01009712,All people aged 16 and over,502,459,43,5,9,9,20
S01009712,No qualifications,114,106,8,1,1,3,3
S01009712,Level 1,105,104,1,0,0,0,1
S01009712,Level 2,67,59,8,1,3,0,4
S01009712,Level 3,46,42,4,0,1,1,2
S01009712,Level 4 and above,170,148,22,3,4,5,10
S01009713,All people aged 16 and over,775,715,60,8,10,6,36
S01009713,No qualifications,182,177,5,0,0,0,5
S01009713,Level 1,148,138,10,1,4,0,5
S01009713,Level 2,109,102,7,2,2,0,3
S01009713,Level 3,61,56,5,0,1,0,4
S01009713,Level 4 and above,275,242,33,5,3,6,19
S01009714,All people aged 16 and over,802,731,71,8,16,14,33
S01009714,No qualifications,146,144,2,0,0,0,2
S01009714,Level 1,147,137,10,0,2,1,7
S01009714,Level 2,108,103,5,1,0,0,4
S01009714,Level 3,62,56,6,1,1,2,2
S01009714,Level 4 and above,339,291,48,6,13,11,18
S01009715,All people aged 16 and over,564,505,59,8,10,8,33
S01009715,No qualifications,86,83,3,0,1,0,2
S01009715,Level 1,95,87,8,2,2,3,1
S01009715,Level 2,67,61,6,1,0,1,4
S01009715,Level 3,51,46,5,0,1,0,4
S01009715,Level 4 and above,265,228,37,5,6,4,22
S01009716,All people aged 16 and over,651,556,95,29,30,10,26
S01009716,No qualifications,110,102,8,4,2,0,2
S01009716,Level 1,91,78,13,5,5,1,2
S01009716,Level 2,118,105,13,4,4,1,4
S01009716,Level 3,45,42,3,0,1,0,2
S01009716,Level 4 and above,287,229,58,16,18,8,16
S01009717,All people aged 16 and over,905,619,286,177,69,8,32
S01009717,No qualifications,123,114,9,4,3,0,2
S01009717,Level 1,170,106,64,39,22,3,0
S01009717,Level 2,283,230,53,25,16,2,10
S01009717,Level 3,66,42,24,16,6,0,2
S01009717,Level 4 and above,263,127,136,93,22,3,18
S01009718,All people aged 16 and over,626,528,98,25,30,23,20
S01009718,No qualifications,157,154,3,0,1,1,1
S01009718,Level 1,138,121,17,3,7,2,5
S01009718,Level 2,119,102,17,3,6,4,4
S01009718,Level 3,43,35,8,1,2,2,3
S01009718,Level 4 and above,169,116,53,18,14,14,7
S01009719,All people aged 16 and over,647,596,51,16,8,7,20
S01009719,No qualifications,207,204,3,0,0,0,3
S01009719,Level 1,141,135,6,1,1,0,4
S01009719,Level 2,117,112,5,0,1,3,1
S01009719,Level 3,56,51,5,0,1,0,4
S01009719,Level 4 and above,126,94,32,15,5,4,8
S01009720,All people aged 16 and over,711,590,121,36,50,20,15
S01009720,No qualifications,238,228,10,4,4,0,2
S01009720,Level 1,120,99,21,5,8,6,2
S01009720,Level 2,123,112,11,4,3,1,3
S01009720,Level 3,64,50,14,5,9,0,0
S01009720,Level 4 and above,166,101,65,18,26,13,8
S01009721,All people aged 16 and over,564,291,273,113,104,22,34
S01009721,No qualifications,7,5,2,0,0,1,1
S01009721,Level 1,75,10,65,28,34,1,2
S01009721,Level 2,289,211,78,28,26,2,22
S01009721,Level 3,29,11,18,1,12,2,3
S01009721,Level 4 and above,164,54,110,56,32,16,6
S01009722,All people aged 16 and over,1078,653,425,234,116,31,44
S01009722,No qualifications,49,29,20,8,6,3,3
S01009722,Level 1,215,64,151,101,43,4,3
S01009722,Level 2,444,362,82,34,22,10,16
S01009722,Level 3,45,24,21,8,7,2,4
S01009722,Level 4 and above,325,174,151,83,38,12,18
S01009723,All people aged 16 and over,756,435,321,183,88,18,32
S01009723,No qualifications,50,41,9,1,0,0,8
S01009723,Level 1,78,36,42,17,20,2,3
S01009723,Level 2,255,213,42,17,18,3,4
S01009723,Level 3,23,15,8,4,4,0,0
S01009723,Level 4 and above,350,130,220,144,46,13,17
S01009724,All people aged 16 and over,891,658,233,95,84,22,32
S01009724,No qualifications,207,193,14,3,2,0,9
S01009724,Level 1,160,108,52,17,27,3,5
S01009724,Level 2,199,178,21,6,7,3,5
S01009724,Level 3,53,38,15,3,7,2,3
S01009724,Level 4 and above,272,141,131,66,41,14,10
S01009725,All people aged 16 and over,659,491,168,73,60,17,18
S01009725,No qualifications,54,49,5,1,0,1,3
S01009725,Level 1,96,44,52,25,21,3,3
S01009725,Level 2,336,296,40,18,8,5,9
S01009725,Level 3,26,13,13,4,7,2,0
S01009725,Level 4 and above,147,89,58,25,24,6,3
S01009726,All people aged 16 and over,1026,621,405,246,102,20,37
S01009726,No qualifications,34,26,8,3,0,0,5
S01009726,Level 1,190,42,148,104,38,1,5
S01009726,Level 2,480,403,77,33,22,9,13
S01009726,Level 3,54,25,29,21,6,0,2
S01009726,Level 4 and above,268,125,143,85,36,10,12
S01009727,All people aged 16 and over,675,582,93,22,24,14,33
S01009727,No qualifications,74,72,2,0,1,0,1
S01009727,Level 1,126,107,19,8,5,1,5
S01009727,Level 2,121,115,6,1,1,1,3
S01009727,Level 3,62,53,9,2,1,2,4
S01009727,Level 4 and above,292,235,57,11,16,10,20
S01009728,All people aged 16 and over,640,557,83,16,13,18,36
S01009728,No qualifications,67,63,4,1,0,0,3
S01009728,Level 1,93,89,4,0,1,1,2
S01009728,Level 2,64,58,6,3,0,0,3
S01009728,Level 3,67,62,5,0,2,0,3
S01009728,Level 4 and above,349,285,64,12,10,17,25
S01009729,All people aged 16 and over,554,490,64,13,6,8,37
S01009729,No qualifications,69,65,4,0,0,0,4
S01009729,Level 1,61,57,4,0,2,2,0
S01009729,Level 2,61,56,5,0,1,0,4
S01009729,Level 3,43,42,1,0,0,0,1
S01009729,Level 4 and above,320,270,50,13,3,6,28
S01009730,All people aged 16 and over,510,432,78,19,20,14,25
S01009730,No qualifications,81,78,3,0,0,0,3
S01009730,Level 1,102,93,9,2,4,0,3
S01009730,Level 2,105,89,16,3,1,3,9
S01009730,Level 3,35,33,2,0,0,0,2
S01009730,Level 4 and above,187,139,48,14,15,11,8
S01009731,All people aged 16 and over,530,453,77,14,16,6,41
S01009731,No qualifications,63,55,8,0,0,1,7
S01009731,Level 1,68,57,11,3,5,2,1
S01009731,Level 2,92,82,10,3,2,0,5
S01009731,Level 3,30,24,6,1,2,0,3
S01009731,Level 4 and above,277,235,42,7,7,3,25
S01009732,All people aged 16 and over,745,561,184,65,60,21,38
S01009732,No qualifications,65,58,7,2,0,1,4
S01009732,Level 1,97,51,46,14,25,4,3
S01009732,Level 2,234,201,33,9,13,4,7
S01009732,Level 3,36,27,9,5,3,0,1
S01009732,Level 4 and above,313,224,89,35,19,12,23
S01009733,All people aged 16 and over,421,384,37,5,10,2,20
S01009733,No qualifications,97,92,5,0,2,0,3
S01009733,Level 1,74,69,5,0,0,0,5
S01009733,Level 2,49,44,5,1,1,1,2
S01009733,Level 3,29,28,1,0,1,0,0
S01009733,Level 4 and above,172,151,21,4,6,1,10
S01009734,All people aged 16 and over,734,639,95,19,17,19,40
S01009734,No qualifications,87,83,4,1,0,0,3
S01009734,Level 1,123,109,14,4,3,2,5
S01009734,Level 2,99,96,3,0,0,1,2
S01009734,Level 3,70,63,7,1,2,1,3
S01009734,Level 4 and above,355,288,67,13,12,15,27
S01009735,All people aged 16 and over,1133,687,446,326,55,17,48
S01009735,No qualifications,53,47,6,1,1,0,4
S01009735,Level 1,157,65,92,74,12,2,4
S01009735,Level 2,192,163,29,8,10,3,8
S01009735,Level 3,48,37,11,7,2,0,2
S01009735,Level 4 and above,683,375,308,236,30,12,30
S01009736,All people aged 16 and over,2635,1479,1156,857,192,43,64
S01009736,No qualifications,99,80,19,14,2,0,3
S01009736,Level 1,501,83,418,344,64,5,5
S01009736,Level 2,1325,1060,265,140,66,27,32
S01009736,Level 3,119,36,83,66,14,1,2
S01009736,Level 4 and above,591,220,371,293,46,10,22
S01009737,All people aged 16 and over,636,607,29,1,6,3,19
S01009737,No qualifications,145,142,3,0,0,0,3
S01009737,Level 1,166,160,6,1,1,1,3
S01009737,Level 2,105,101,4,0,0,0,4
S01009737,Level 3,80,77,3,0,0,1,2
S01009737,Level 4 and above,140,127,13,0,5,1,7
S01009738,All people aged 16 and over,371,345,26,2,6,5,13
S01009738,No qualifications,87,87,0,0,0,0,0
S01009738,Level 1,91,87,4,0,1,0,3
S01009738,Level 2,61,56,5,0,1,0,4
S01009738,Level 3,39,38,1,0,0,0,1
S01009738,Level 4 and above,93,77,16,2,4,5,5
S01009739,All people aged 16 and over,572,527,45,4,8,4,29
S01009739,No qualifications,35,32,3,0,0,0,3
S01009739,Level 1,136,130,6,1,0,0,5
S01009739,Level 2,118,109,9,0,3,1,5
S01009739,Level 3,68,64,4,0,0,0,4
S01009739,Level 4 and above,215,192,23,3,5,3,12
S01009740,All people aged 16 and over,447,408,39,2,3,9,25
S01009740,No qualifications,124,119,5,0,0,0,5
S01009740,Level 1,128,115,13,0,1,2,10
S01009740,Level 2,61,56,5,0,1,2,2
S01009740,Level 3,54,48,6,0,0,1,5
S01009740,Level 4 and above,80,70,10,2,1,4,3
S01009741,All people aged 16 and over,704,667,37,3,4,6,24
S01009741,No qualifications,57,55,2,0,2,0,0
S01009741,Level 1,218,209,9,1,1,0,7
S01009741,Level 2,185,175,10,1,0,3,6
S01009741,Level 3,90,83,7,0,1,1,5
S01009741,Level 4 and above,154,145,9,1,0,2,6
S01009742,All people aged 16 and over,418,393,25,2,2,1,20
S01009742,No qualifications,49,48,1,0,0,0,1
S01009742,Level 1,74,73,1,0,0,0,1
S01009742,Level 2,44,42,2,1,0,0,1
S01009742,Level 3,46,42,4,0,0,0,4
S01009742,Level 4 and above,205,188,17,1,2,1,13
S01009743,All people aged 16 and over,795,752,43,9,6,2,26
S01009743,No qualifications,143,141,2,0,0,0,2
S01009743,Level 1,147,140,7,1,0,0,6
S01009743,Level 2,108,105,3,0,0,0,3
S01009743,Level 3,79,75,4,1,0,0,3
S01009743,Level 4 and above,318,291,27,7,6,2,12
S01009744,All people aged 16 and over,594,570,24,2,1,3,18
S01009744,No qualifications,86,83,3,0,0,0,3
S01009744,Level 1,136,129,7,2,1,1,3
S01009744,Level 2,85,85,0,0,0,0,0
S01009744,Level 3,65,64,1,0,0,0,1
S01009744,Level 4 and above,222,209,13,0,0,2,11
S01009745,All people aged 16 and over,871,824,47,1,7,10,29
S01009745,No qualifications,129,127,2,0,0,0,2
S01009745,Level 1,190,183,7,0,1,1,5
S01009745,Level 2,133,128,5,0,1,1,3
S01009745,Level 3,98,91,7,0,1,0,6
S01009745,Level 4 and above,321,295,26,1,4,8,13
S01009746,All people aged 16 and over,457,431,26,5,1,4,16
S01009746,No qualifications,61,60,1,0,0,0,1
S01009746,Level 1,81,79,2,0,0,1,1
S01009746,Level 2,56,53,3,0,0,2,1
S01009746,Level 3,53,49,4,1,0,0,3
S01009746,Level 4 and above,206,190,16,4,1,1,10
S01009747,All people aged 16 and over,558,511,47,3,5,10,29
S01009747,No qualifications,101,90,11,0,1,0,10
S01009747,Level 1,143,139,4,0,0,0,4
S01009747,Level 2,80,77,3,0,0,1,2
S01009747,Level 3,60,59,1,0,0,0,1
S01009747,Level 4 and above,174,146,28,3,4,9,12
S01009748,All people aged 16 and over,588,539,49,5,5,2,37
S01009748,No qualifications,114,109,5,0,0,0,5
S01009748,Level 1,118,111,7,2,0,1,4
S01009748,Level 2,77,72,5,0,0,0,5
S01009748,Level 3,62,57,5,1,1,0,3
S01009748,Level 4 and above,217,190,27,2,4,1,20
S01009749,All people aged 16 and over,815,777,38,3,8,3,24
S01009749,No qualifications,159,155,4,0,0,1,3
S01009749,Level 1,154,152,2,0,0,0,2
S01009749,Level 2,118,112,6,0,0,1,5
S01009749,Level 3,77,76,1,0,0,0,1
S01009749,Level 4 and above,307,282,25,3,8,1,13
S01009750,All people aged 16 and over,560,526,34,1,4,4,25
S01009750,No qualifications,142,137,5,0,0,0,5
S01009750,Level 1,140,134,6,1,0,2,3
S01009750,Level 2,69,65,4,0,0,1,3
S01009750,Level 3,62,59,3,0,0,0,3
S01009750,Level 4 and above,147,131,16,0,4,1,11
S01009751,All people aged 16 and over,680,650,30,6,2,6,16
S01009751,No qualifications,172,169,3,1,0,0,2
S01009751,Level 1,183,180,3,0,0,2,1
S01009751,Level 2,87,85,2,0,0,1,1
S01009751,Level 3,74,69,5,1,0,1,3
S01009751,Level 4 and above,164,147,17,4,2,2,9
S01009752,All people aged 16 and over,495,450,45,1,0,8,36
S01009752,No qualifications,46,43,3,1,0,0,2
S01009752,Level 1,52,48,4,0,0,1,3
S01009752,Level 2,64,61,3,0,0,0,3
S01009752,Level 3,27,26,1,0,0,0,1
S01009752,Level 4 and above,306,272,34,0,0,7,27
S01009753,All people aged 16 and over,602,557,45,8,2,6,29
S01009753,No qualifications,126,122,4,1,0,1,2
S01009753,Level 1,79,79,0,0,0,0,0
S01009753,Level 2,70,64,6,1,0,1,4
S01009753,Level 3,58,57,1,0,0,0,1
S01009753,Level 4 and above,269,235,34,6,2,4,22
S01009754,All people aged 16 and over,720,671,49,3,8,4,34
S01009754,No qualifications,132,126,6,1,0,0,5
S01009754,Level 1,121,115,6,0,1,0,5
S01009754,Level 2,88,83,5,0,1,0,4
S01009754,Level 3,63,58,5,0,0,2,3
S01009754,Level 4 and above,316,289,27,2,6,2,17
S01009755,All people aged 16 and over,547,503,44,3,8,6,27
S01009755,No qualifications,65,61,4,1,0,0,3
S01009755,Level 1,93,91,2,0,0,1,1
S01009755,Level 2,77,75,2,0,0,0,2
S01009755,Level 3,53,51,2,0,1,0,1
S01009755,Level 4 and above,259,225,34,2,7,5,20
S01009756,All people aged 16 and over,622,581,41,3,5,6,27
S01009756,No qualifications,81,78,3,0,0,0,3
S01009756,Level 1,113,107,6,0,2,2,2
S01009756,Level 2,69,66,3,0,1,0,2
S01009756,Level 3,54,52,2,0,0,1,1
S01009756,Level 4 and above,305,278,27,3,2,3,19
S01009757,All people aged 16 and over,539,497,42,1,10,3,28
S01009757,No qualifications,52,49,3,1,0,0,2
S01009757,Level 1,81,77,4,0,0,1,3
S01009757,Level 2,55,52,3,0,0,0,3
S01009757,Level 3,47,44,3,0,1,0,2
S01009757,Level 4 and above,304,275,29,0,9,2,18
S01009758,All people aged 16 and over,514,487,27,1,2,1,23
S01009758,No qualifications,141,134,7,0,1,0,6
S01009758,Level 1,122,115,7,0,0,0,7
S01009758,Level 2,97,96,1,0,0,0,1
S01009758,Level 3,51,48,3,0,0,1,2
S01009758,Level 4 and above,103,94,9,1,1,0,7
S01009759,All people aged 16 and over,683,465,218,37,89,73,19
S01009759,No qualifications,237,198,39,6,15,11,7
S01009759,Level 1,222,160,62,11,25,17,9
S01009759,Level 2,72,58,14,4,6,4,0
S01009759,Level 3,58,28,30,4,13,12,1
S01009759,Level 4 and above,94,21,73,12,30,29,2
S01009760,All people aged 16 and over,682,574,108,14,45,30,19
S01009760,No qualifications,297,282,15,0,6,5,4
S01009760,Level 1,185,155,30,3,11,10,6
S01009760,Level 2,60,53,7,0,1,3,3
S01009760,Level 3,50,36,14,0,6,5,3
S01009760,Level 4 and above,90,48,42,11,21,7,3
S01009761,All people aged 16 and over,741,679,62,1,11,8,42
S01009761,No qualifications,243,217,26,0,5,3,18
S01009761,Level 1,191,178,13,1,4,2,6
S01009761,Level 2,131,128,3,0,1,0,2
S01009761,Level 3,61,55,6,0,1,2,3
S01009761,Level 4 and above,115,101,14,0,0,1,13
S01009762,All people aged 16 and over,734,563,171,34,65,61,11
S01009762,No qualifications,304,285,19,4,5,5,5
S01009762,Level 1,180,134,46,8,19,15,4
S01009762,Level 2,85,66,19,7,3,8,1
S01009762,Level 3,74,47,27,1,14,11,1
S01009762,Level 4 and above,91,31,60,14,24,22,0
S01009763,All people aged 16 and over,587,516,71,10,8,8,45
S01009763,No qualifications,83,63,20,0,2,2,16
S01009763,Level 1,125,106,19,0,4,3,12
S01009763,Level 2,101,95,6,3,0,1,2
S01009763,Level 3,62,60,2,0,0,0,2
S01009763,Level 4 and above,216,192,24,7,2,2,13
S01009764,All people aged 16 and over,499,451,48,3,3,8,34
S01009764,No qualifications,188,168,20,0,1,5,14
S01009764,Level 1,134,119,15,2,1,1,11
S01009764,Level 2,58,55,3,0,0,0,3
S01009764,Level 3,50,49,1,0,0,1,0
S01009764,Level 4 and above,69,60,9,1,1,1,6
S01009765,All people aged 16 and over,767,673,94,3,10,16,65
S01009765,No qualifications,286,255,31,1,0,2,28
S01009765,Level 1,195,178,17,2,1,2,12
S01009765,Level 2,93,90,3,0,0,0,3
S01009765,Level 3,81,65,16,0,3,3,10
S01009765,Level 4 and above,112,85,27,0,6,9,12
S01009766,All people aged 16 and over,458,432,26,8,5,3,10
S01009766,No qualifications,119,112,7,1,1,0,5
S01009766,Level 1,119,115,4,1,1,0,2
S01009766,Level 2,76,74,2,0,0,1,1
S01009766,Level 3,58,53,5,3,1,1,0
S01009766,Level 4 and above,86,78,8,3,2,1,2
S01009767,All people aged 16 and over,470,451,19,2,2,6,9
S01009767,No qualifications,223,216,7,0,0,0,7
S01009767,Level 1,122,117,5,1,0,3,1
S01009767,Level 2,43,43,0,0,0,0,0
S01009767,Level 3,34,34,0,0,0,0,0
S01009767,Level 4 and above,48,41,7,1,2,3,1
S01009768,All people aged 16 and over,465,427,38,6,5,14,13
S01009768,No qualifications,149,140,9,2,0,3,4
S01009768,Level 1,133,126,7,2,1,0,4
S01009768,Level 2,53,50,3,0,2,1,0
S01009768,Level 3,53,49,4,0,0,2,2
S01009768,Level 4 and above,77,62,15,2,2,8,3
S01009769,All people aged 16 and over,567,508,59,4,11,21,23
S01009769,No qualifications,132,120,12,1,2,3,6
S01009769,Level 1,138,127,11,1,3,4,3
S01009769,Level 2,81,75,6,0,2,1,3
S01009769,Level 3,79,74,5,1,0,2,2
S01009769,Level 4 and above,137,112,25,1,4,11,9
S01009770,All people aged 16 and over,562,453,109,10,12,14,73
S01009770,No qualifications,145,98,47,2,4,4,37
S01009770,Level 1,150,129,21,1,4,6,10
S01009770,Level 2,79,72,7,2,2,0,3
S01009770,Level 3,68,61,7,0,0,0,7
S01009770,Level 4 and above,120,93,27,5,2,4,16
S01009771,All people aged 16 and over,671,526,145,6,12,35,92
S01009771,No qualifications,151,111,40,0,1,3,36
S01009771,Level 1,176,147,29,1,2,9,17
S01009771,Level 2,102,93,9,1,0,2,6
S01009771,Level 3,85,72,13,0,2,5,6
S01009771,Level 4 and above,157,103,54,4,7,16,27
S01009772,All people aged 16 and over,503,469,34,1,2,11,20
S01009772,No qualifications,130,126,4,0,1,0,3
S01009772,Level 1,142,135,7,0,0,2,5
S01009772,Level 2,79,74,5,0,0,2,3
S01009772,Level 3,58,57,1,0,0,0,1
S01009772,Level 4 and above,94,77,17,1,1,7,8
S01009773,All people aged 16 and over,421,281,140,7,20,37,76
S01009773,No qualifications,70,38,32,1,2,3,26
S01009773,Level 1,94,68,26,1,8,5,12
S01009773,Level 2,73,56,17,1,4,5,7
S01009773,Level 3,53,35,18,1,3,3,11
S01009773,Level 4 and above,131,84,47,3,3,21,20
S01009774,All people aged 16 and over,355,259,96,5,5,27,59
S01009774,No qualifications,56,26,30,1,1,4,24
S01009774,Level 1,76,59,17,3,1,4,9
S01009774,Level 2,46,40,6,0,0,1,5
S01009774,Level 3,43,34,9,1,0,2,6
S01009774,Level 4 and above,134,100,34,0,3,16,15
S01009775,All people aged 16 and over,682,642,40,15,10,6,9
S01009775,No qualifications,371,364,7,2,1,0,4
S01009775,Level 1,152,146,6,2,1,0,3
S01009775,Level 2,76,66,10,0,6,4,0
S01009775,Level 3,38,30,8,3,2,1,2
S01009775,Level 4 and above,45,36,9,8,0,1,0
S01009776,All people aged 16 and over,529,510,19,5,0,5,9
S01009776,No qualifications,259,252,7,0,0,4,3
S01009776,Level 1,159,155,4,1,0,1,2
S01009776,Level 2,55,51,4,4,0,0,0
S01009776,Level 3,32,30,2,0,0,0,2
S01009776,Level 4 and above,24,22,2,0,0,0,2
S01009777,All people aged 16 and over,387,350,37,5,8,12,12
S01009777,No qualifications,147,144,3,3,0,0,0
S01009777,Level 1,123,108,15,0,4,6,5
S01009777,Level 2,45,39,6,0,1,2,3
S01009777,Level 3,36,32,4,0,1,1,2
S01009777,Level 4 and above,36,27,9,2,2,3,2
S01009778,All people aged 16 and over,711,675,36,8,3,11,14
S01009778,No qualifications,418,406,12,0,1,3,8
S01009778,Level 1,155,151,4,2,0,1,1
S01009778,Level 2,44,40,4,0,0,2,2
S01009778,Level 3,45,42,3,0,0,2,1
S01009778,Level 4 and above,49,36,13,6,2,3,2
S01009779,All people aged 16 and over,449,425,24,4,2,7,11
S01009779,No qualifications,246,241,5,0,0,0,5
S01009779,Level 1,94,93,1,0,0,1,0
S01009779,Level 2,45,40,5,0,2,1,2
S01009779,Level 3,34,31,3,1,0,2,0
S01009779,Level 4 and above,30,20,10,3,0,3,4
S01009780,All people aged 16 and over,445,393,52,7,13,18,14
S01009780,No qualifications,220,205,15,3,3,2,7
S01009780,Level 1,98,90,8,0,2,3,3
S01009780,Level 2,52,48,4,0,1,3,0
S01009780,Level 3,38,33,5,0,1,4,0
S01009780,Level 4 and above,37,17,20,4,6,6,4
S01009781,All people aged 16 and over,426,413,13,0,2,6,5
S01009781,No qualifications,226,225,1,0,0,1,0
S01009781,Level 1,113,110,3,0,1,1,1
S01009781,Level 2,28,26,2,0,0,1,1
S01009781,Level 3,31,29,2,0,0,1,1
S01009781,Level 4 and above,28,23,5,0,1,2,2
S01009782,All people aged 16 and over,396,347,49,10,7,12,20
S01009782,No qualifications,106,100,6,0,1,0,5
S01009782,Level 1,114,105,9,3,2,1,3
S01009782,Level 2,53,52,1,1,0,0,0
S01009782,Level 3,51,42,9,0,1,5,3
S01009782,Level 4 and above,72,48,24,6,3,6,9
S01009783,All people aged 16 and over,566,544,22,3,1,7,11
S01009783,No qualifications,260,249,11,1,1,4,5
S01009783,Level 1,147,145,2,0,0,1,1
S01009783,Level 2,61,59,2,1,0,0,1
S01009783,Level 3,48,48,0,0,0,0,0
S01009783,Level 4 and above,50,43,7,1,0,2,4
S01009784,All people aged 16 and over,591,563,28,6,2,9,11
S01009784,No qualifications,273,265,8,0,0,3,5
S01009784,Level 1,166,160,6,3,0,0,3
S01009784,Level 2,58,56,2,0,0,1,1
S01009784,Level 3,48,43,5,0,1,3,1
S01009784,Level 4 and above,46,39,7,3,1,2,1
S01009785,All people aged 16 and over,652,622,30,3,5,7,15
S01009785,No qualifications,320,312,8,0,0,2,6
S01009785,Level 1,183,177,6,1,0,1,4
S01009785,Level 2,62,61,1,0,0,1,0
S01009785,Level 3,42,38,4,0,1,1,2
S01009785,Level 4 and above,45,34,11,2,4,2,3
S01009786,All people aged 16 and over,746,712,34,3,6,15,10
S01009786,No qualifications,366,358,8,0,0,4,4
S01009786,Level 1,194,190,4,0,1,0,3
S01009786,Level 2,68,64,4,0,1,3,0
S01009786,Level 3,60,56,4,0,1,1,2
S01009786,Level 4 and above,58,44,14,3,3,7,1
S01009787,All people aged 16 and over,700,687,13,3,0,3,7
S01009787,No qualifications,358,356,2,0,0,0,2
S01009787,Level 1,169,168,1,0,0,0,1
S01009787,Level 2,71,69,2,0,0,0,2
S01009787,Level 3,52,49,3,0,0,3,0
S01009787,Level 4 and above,50,45,5,3,0,0,2
S01009788,All people aged 16 and over,717,699,18,1,3,3,11
S01009788,No qualifications,362,357,5,1,0,0,4
S01009788,Level 1,158,158,0,0,0,0,0
S01009788,Level 2,79,77,2,0,0,2,0
S01009788,Level 3,47,45,2,0,1,0,1
S01009788,Level 4 and above,71,62,9,0,2,1,6
S01009789,All people aged 16 and over,748,710,38,3,9,6,20
S01009789,No qualifications,348,336,12,0,1,1,10
S01009789,Level 1,181,175,6,2,0,1,3
S01009789,Level 2,83,78,5,1,0,3,1
S01009789,Level 3,55,50,5,0,3,1,1
S01009789,Level 4 and above,81,71,10,0,5,0,5
S01009790,All people aged 16 and over,519,498,21,0,3,4,14
S01009790,No qualifications,234,227,7,0,2,1,4
S01009790,Level 1,139,135,4,0,0,0,4
S01009790,Level 2,61,59,2,0,0,1,1
S01009790,Level 3,39,36,3,0,0,0,3
S01009790,Level 4 and above,46,41,5,0,1,2,2
S01009791,All people aged 16 and over,531,507,24,0,4,5,15
S01009791,No qualifications,243,236,7,0,0,1,6
S01009791,Level 1,154,150,4,0,0,2,2
S01009791,Level 2,53,51,2,0,1,0,1
S01009791,Level 3,33,32,1,0,1,0,0
S01009791,Level 4 and above,48,38,10,0,2,2,6
S01009792,All people aged 16 and over,718,607,111,12,6,23,70
S01009792,No qualifications,119,86,33,1,1,5,26
S01009792,Level 1,147,125,22,4,1,0,17
S01009792,Level 2,125,111,14,3,1,4,6
S01009792,Level 3,84,77,7,0,1,1,5
S01009792,Level 4 and above,243,208,35,4,2,13,16
S01009793,All people aged 16 and over,761,715,46,8,2,11,25
S01009793,No qualifications,198,189,9,0,0,2,7
S01009793,Level 1,198,189,9,2,1,1,5
S01009793,Level 2,113,110,3,1,1,0,1
S01009793,Level 3,83,76,7,0,0,2,5
S01009793,Level 4 and above,169,151,18,5,0,6,7
S01009794,All people aged 16 and over,399,375,24,6,1,6,11
S01009794,No qualifications,60,55,5,2,0,0,3
S01009794,Level 1,103,99,4,0,0,3,1
S01009794,Level 2,69,67,2,0,0,0,2
S01009794,Level 3,52,49,3,0,0,2,1
S01009794,Level 4 and above,115,105,10,4,1,1,4
S01009795,All people aged 16 and over,645,612,33,1,2,8,22
S01009795,No qualifications,93,85,8,0,0,0,8
S01009795,Level 1,161,153,8,0,1,3,4
S01009795,Level 2,103,102,1,0,0,0,1
S01009795,Level 3,94,93,1,0,0,0,1
S01009795,Level 4 and above,194,179,15,1,1,5,8
S01009796,All people aged 16 and over,623,558,65,6,4,7,48
S01009796,No qualifications,179,156,23,2,0,1,20
S01009796,Level 1,112,106,6,0,0,1,5
S01009796,Level 2,106,100,6,0,0,1,5
S01009796,Level 3,71,64,7,0,1,0,6
S01009796,Level 4 and above,155,132,23,4,3,4,12
S01009797,All people aged 16 and over,630,562,68,5,2,20,41
S01009797,No qualifications,136,124,12,0,0,3,9
S01009797,Level 1,152,134,18,0,1,4,13
S01009797,Level 2,104,99,5,0,0,0,5
S01009797,Level 3,83,77,6,0,0,2,4
S01009797,Level 4 and above,155,128,27,5,1,11,10
S01009798,All people aged 16 and over,555,531,24,1,1,3,19
S01009798,No qualifications,98,92,6,0,0,0,6
S01009798,Level 1,127,124,3,0,0,0,3
S01009798,Level 2,106,103,3,0,0,0,3
S01009798,Level 3,85,83,2,0,0,1,1
S01009798,Level 4 and above,139,129,10,1,1,2,6
S01009799,All people aged 16 and over,676,642,34,4,7,7,16
S01009799,No qualifications,339,334,5,0,0,2,3
S01009799,Level 1,171,161,10,0,2,1,7
S01009799,Level 2,58,56,2,0,0,0,2
S01009799,Level 3,57,55,2,1,0,0,1
S01009799,Level 4 and above,51,36,15,3,5,4,3
S01009800,All people aged 16 and over,846,810,36,2,6,14,14
S01009800,No qualifications,305,302,3,0,0,0,3
S01009800,Level 1,261,250,11,0,2,4,5
S01009800,Level 2,112,108,4,0,0,1,3
S01009800,Level 3,77,76,1,0,0,1,0
S01009800,Level 4 and above,91,74,17,2,4,8,3
S01009801,All people aged 16 and over,698,665,33,0,4,13,16
S01009801,No qualifications,305,296,9,0,0,2,7
S01009801,Level 1,228,220,8,0,4,1,3
S01009801,Level 2,62,56,6,0,0,4,2
S01009801,Level 3,43,42,1,0,0,1,0
S01009801,Level 4 and above,60,51,9,0,0,5,4
S01009802,All people aged 16 and over,772,724,48,2,9,22,15
S01009802,No qualifications,259,250,9,0,1,2,6
S01009802,Level 1,244,231,13,1,4,5,3
S01009802,Level 2,76,74,2,0,0,1,1
S01009802,Level 3,79,76,3,0,1,2,0
S01009802,Level 4 and above,114,93,21,1,3,12,5
S01009803,All people aged 16 and over,636,594,42,11,5,6,20
S01009803,No qualifications,279,265,14,5,0,0,9
S01009803,Level 1,174,166,8,2,1,1,4
S01009803,Level 2,76,69,7,1,0,3,3
S01009803,Level 3,39,35,4,2,0,0,2
S01009803,Level 4 and above,68,59,9,1,4,2,2
S01009804,All people aged 16 and over,456,428,28,2,3,11,12
S01009804,No qualifications,130,122,8,2,1,1,4
S01009804,Level 1,92,84,8,0,0,4,4
S01009804,Level 2,41,39,2,0,0,0,2
S01009804,Level 3,49,48,1,0,0,1,0
S01009804,Level 4 and above,144,135,9,0,2,5,2
S01009805,All people aged 16 and over,743,693,50,5,13,18,14
S01009805,No qualifications,312,295,17,1,5,3,8
S01009805,Level 1,219,212,7,0,1,5,1
S01009805,Level 2,71,64,7,1,1,3,2
S01009805,Level 3,56,50,6,1,1,3,1
S01009805,Level 4 and above,85,72,13,2,5,4,2
S01009806,All people aged 16 and over,786,724,62,7,9,16,30
S01009806,No qualifications,300,277,23,0,4,4,15
S01009806,Level 1,178,164,14,4,2,6,2
S01009806,Level 2,107,101,6,1,1,0,4
S01009806,Level 3,81,75,6,0,1,3,2
S01009806,Level 4 and above,120,107,13,2,1,3,7
S01009807,All people aged 16 and over,795,716,79,7,22,19,31
S01009807,No qualifications,272,251,21,0,4,4,13
S01009807,Level 1,212,193,19,0,5,4,10
S01009807,Level 2,96,94,2,1,0,1,0
S01009807,Level 3,95,84,11,0,5,2,4
S01009807,Level 4 and above,120,94,26,6,8,8,4
S01009808,All people aged 16 and over,693,512,181,29,49,79,24
S01009808,No qualifications,240,195,45,10,15,11,9
S01009808,Level 1,205,137,68,14,13,33,8
S01009808,Level 2,80,65,15,0,3,9,3
S01009808,Level 3,81,53,28,1,15,11,1
S01009808,Level 4 and above,87,62,25,4,3,15,3
S01009809,All people aged 16 and over,562,533,29,0,10,12,7
S01009809,No qualifications,177,170,7,0,0,5,2
S01009809,Level 1,144,139,5,0,2,2,1
S01009809,Level 2,74,74,0,0,0,0,0
S01009809,Level 3,80,73,7,0,3,3,1
S01009809,Level 4 and above,87,77,10,0,5,2,3
S01009810,All people aged 16 and over,671,623,48,8,7,11,22
S01009810,No qualifications,292,278,14,3,0,3,8
S01009810,Level 1,162,155,7,0,1,0,6
S01009810,Level 2,74,70,4,1,0,0,3
S01009810,Level 3,50,43,7,1,3,1,2
S01009810,Level 4 and above,93,77,16,3,3,7,3
S01009811,All people aged 16 and over,908,882,26,2,3,8,13
S01009811,No qualifications,410,398,12,0,0,2,10
S01009811,Level 1,215,213,2,0,1,0,1
S01009811,Level 2,113,112,1,0,0,1,0
S01009811,Level 3,81,78,3,0,0,2,1
S01009811,Level 4 and above,89,81,8,2,2,3,1
S01009812,All people aged 16 and over,627,608,19,2,3,5,9
S01009812,No qualifications,256,254,2,0,1,0,1
S01009812,Level 1,146,145,1,0,0,0,1
S01009812,Level 2,76,74,2,0,0,0,2
S01009812,Level 3,58,55,3,0,0,2,1
S01009812,Level 4 and above,91,80,11,2,2,3,4
S01009813,All people aged 16 and over,562,440,122,11,40,45,26
S01009813,No qualifications,250,218,32,4,8,12,8
S01009813,Level 1,138,109,29,3,6,13,7
S01009813,Level 2,52,39,13,2,4,5,2
S01009813,Level 3,57,32,25,1,11,8,5
S01009813,Level 4 and above,65,42,23,1,11,7,4
S01009814,All people aged 16 and over,696,652,44,12,3,7,22
S01009814,No qualifications,219,203,16,1,1,2,12
S01009814,Level 1,130,125,5,1,0,2,2
S01009814,Level 2,95,94,1,1,0,0,0
S01009814,Level 3,81,75,6,1,2,1,2
S01009814,Level 4 and above,171,155,16,8,0,2,6
S01009815,All people aged 16 and over,590,574,16,3,0,4,9
S01009815,No qualifications,174,170,4,0,0,0,4
S01009815,Level 1,131,128,3,1,0,0,2
S01009815,Level 2,92,92,0,0,0,0,0
S01009815,Level 3,80,80,0,0,0,0,0
S01009815,Level 4 and above,113,104,9,2,0,4,3
S01009816,All people aged 16 and over,587,557,30,5,1,5,19
S01009816,No qualifications,158,152,6,0,0,1,5
S01009816,Level 1,144,137,7,1,0,0,6
S01009816,Level 2,94,94,0,0,0,0,0
S01009816,Level 3,69,68,1,0,0,0,1
S01009816,Level 4 and above,122,106,16,4,1,4,7
S01009817,All people aged 16 and over,585,571,14,0,1,2,11
S01009817,No qualifications,238,231,7,0,0,0,7
S01009817,Level 1,137,134,3,0,0,1,2
S01009817,Level 2,64,63,1,0,0,0,1
S01009817,Level 3,61,60,1,0,1,0,0
S01009817,Level 4 and above,85,83,2,0,0,1,1
S01009818,All people aged 16 and over,852,822,30,4,3,7,16
S01009818,No qualifications,231,220,11,0,2,3,6
S01009818,Level 1,166,162,4,0,0,0,4
S01009818,Level 2,144,141,3,0,0,1,2
S01009818,Level 3,77,74,3,0,0,1,2
S01009818,Level 4 and above,234,225,9,4,1,2,2
S01009819,All people aged 16 and over,566,548,18,0,0,0,18
S01009819,No qualifications,202,193,9,0,0,0,9
S01009819,Level 1,100,97,3,0,0,0,3
S01009819,Level 2,82,81,1,0,0,0,1
S01009819,Level 3,44,44,0,0,0,0,0
S01009819,Level 4 and above,138,133,5,0,0,0,5
S01009820,All people aged 16 and over,790,764,26,7,1,8,10
S01009820,No qualifications,236,228,8,1,0,2,5
S01009820,Level 1,218,211,7,3,0,3,1
S01009820,Level 2,109,108,1,1,0,0,0
S01009820,Level 3,70,68,2,1,0,1,0
S01009820,Level 4 and above,157,149,8,1,1,2,4
S01009821,All people aged 16 and over,533,500,33,2,4,2,25
S01009821,No qualifications,126,119,7,0,1,0,6
S01009821,Level 1,111,107,4,1,0,0,3
S01009821,Level 2,81,76,5,0,1,0,4
S01009821,Level 3,51,51,0,0,0,0,0
S01009821,Level 4 and above,164,147,17,1,2,2,12
S01009822,All people aged 16 and over,360,335,25,2,5,13,5
S01009822,No qualifications,112,108,4,0,0,1,3
S01009822,Level 1,100,98,2,0,1,1,0
S01009822,Level 2,50,48,2,1,0,0,1
S01009822,Level 3,35,33,2,0,1,1,0
S01009822,Level 4 and above,63,48,15,1,3,10,1
S01009823,All people aged 16 and over,600,570,30,3,3,8,16
S01009823,No qualifications,286,279,7,0,0,0,7
S01009823,Level 1,157,153,4,0,0,2,2
S01009823,Level 2,71,70,1,1,0,0,0
S01009823,Level 3,37,35,2,0,0,1,1
S01009823,Level 4 and above,49,33,16,2,3,5,6
S01009824,All people aged 16 and over,659,600,59,5,8,28,18
S01009824,No qualifications,281,271,10,2,1,0,7
S01009824,Level 1,147,134,13,1,4,4,4
S01009824,Level 2,88,84,4,0,0,3,1
S01009824,Level 3,53,45,8,0,0,5,3
S01009824,Level 4 and above,90,66,24,2,3,16,3
S01009825,All people aged 16 and over,806,762,44,6,8,11,19
S01009825,No qualifications,336,325,11,0,2,0,9
S01009825,Level 1,225,217,8,1,2,2,3
S01009825,Level 2,78,76,2,0,0,0,2
S01009825,Level 3,78,75,3,0,0,2,1
S01009825,Level 4 and above,89,69,20,5,4,7,4
S01009826,All people aged 16 and over,456,429,27,0,7,7,13
S01009826,No qualifications,203,195,8,0,1,2,5
S01009826,Level 1,138,129,9,0,3,2,4
S01009826,Level 2,49,45,4,0,0,2,2
S01009826,Level 3,30,27,3,0,1,1,1
S01009826,Level 4 and above,36,33,3,0,2,0,1
S01009827,All people aged 16 and over,695,667,28,2,5,4,17
S01009827,No qualifications,312,307,5,0,0,2,3
S01009827,Level 1,187,181,6,0,2,0,4
S01009827,Level 2,74,69,5,1,1,0,3
S01009827,Level 3,48,46,2,0,0,0,2
S01009827,Level 4 and above,74,64,10,1,2,2,5
S01009828,All people aged 16 and over,658,618,40,8,6,9,17
S01009828,No qualifications,331,318,13,1,1,4,7
S01009828,Level 1,136,126,10,2,3,2,3
S01009828,Level 2,65,65,0,0,0,0,0
S01009828,Level 3,52,50,2,1,0,0,1
S01009828,Level 4 and above,74,59,15,4,2,3,6
S01009829,All people aged 16 and over,793,731,62,18,13,12,19
S01009829,No qualifications,243,230,13,2,4,0,7
S01009829,Level 1,221,207,14,1,0,6,7
S01009829,Level 2,97,95,2,0,2,0,0
S01009829,Level 3,92,86,6,0,2,2,2
S01009829,Level 4 and above,140,113,27,15,5,4,3
S01009830,All people aged 16 and over,619,591,28,2,7,6,13
S01009830,No qualifications,218,210,8,0,1,0,7
S01009830,Level 1,193,187,6,1,0,1,4
S01009830,Level 2,69,69,0,0,0,0,0
S01009830,Level 3,65,63,2,1,0,1,0
S01009830,Level 4 and above,74,62,12,0,6,4,2
S01009831,All people aged 16 and over,594,566,28,6,3,8,11
S01009831,No qualifications,163,155,8,0,0,3,5
S01009831,Level 1,146,138,8,2,1,2,3
S01009831,Level 2,109,108,1,0,0,0,1
S01009831,Level 3,64,62,2,0,0,1,1
S01009831,Level 4 and above,112,103,9,4,2,2,1
S01009832,All people aged 16 and over,825,765,60,6,15,11,28
S01009832,No qualifications,244,229,15,1,2,2,10
S01009832,Level 1,196,185,11,1,4,2,4
S01009832,Level 2,103,99,4,0,0,1,3
S01009832,Level 3,103,96,7,1,0,2,4
S01009832,Level 4 and above,179,156,23,3,9,4,7
S01009833,All people aged 16 and over,462,432,30,7,3,12,8
S01009833,No qualifications,145,142,3,0,0,1,2
S01009833,Level 1,104,95,9,1,2,4,2
S01009833,Level 2,62,61,1,0,0,0,1
S01009833,Level 3,47,44,3,1,0,1,1
S01009833,Level 4 and above,104,90,14,5,1,6,2
S01009834,All people aged 16 and over,630,579,51,7,12,15,17
S01009834,No qualifications,209,196,13,3,1,2,7
S01009834,Level 1,174,165,9,1,1,2,5
S01009834,Level 2,72,66,6,1,2,3,0
S01009834,Level 3,72,68,4,1,1,1,1
S01009834,Level 4 and above,103,84,19,1,7,7,4
S01009835,All people aged 16 and over,417,406,11,2,4,3,2
S01009835,No qualifications,213,210,3,2,0,0,1
S01009835,Level 1,91,89,2,0,1,1,0
S01009835,Level 2,44,43,1,0,0,0,1
S01009835,Level 3,30,30,0,0,0,0,0
S01009835,Level 4 and above,39,34,5,0,3,2,0
S01009836,All people aged 16 and over,815,779,36,2,7,9,18
S01009836,No qualifications,341,329,12,0,0,1,11
S01009836,Level 1,187,184,3,0,2,1,0
S01009836,Level 2,92,90,2,0,1,0,1
S01009836,Level 3,79,74,5,1,1,1,2
S01009836,Level 4 and above,116,102,14,1,3,6,4
S01009837,All people aged 16 and over,610,586,24,2,9,1,12
S01009837,No qualifications,336,330,6,0,2,0,4
S01009837,Level 1,117,112,5,0,0,0,5
S01009837,Level 2,52,52,0,0,0,0,0
S01009837,Level 3,49,48,1,0,0,0,1
S01009837,Level 4 and above,56,44,12,2,7,1,2
S01009838,All people aged 16 and over,635,579,56,5,8,24,19
S01009838,No qualifications,258,243,15,0,2,7,6
S01009838,Level 1,135,128,7,1,1,1,4
S01009838,Level 2,63,59,4,0,0,3,1
S01009838,Level 3,55,55,0,0,0,0,0
S01009838,Level 4 and above,124,94,30,4,5,13,8
S01009839,All people aged 16 and over,818,741,77,14,15,29,19
S01009839,No qualifications,268,256,12,5,2,3,2
S01009839,Level 1,234,211,23,4,5,7,7
S01009839,Level 2,111,102,9,0,2,4,3
S01009839,Level 3,92,85,7,1,2,3,1
S01009839,Level 4 and above,113,87,26,4,4,12,6
S01009840,All people aged 16 and over,848,828,20,2,3,1,14
S01009840,No qualifications,427,418,9,0,1,0,8
S01009840,Level 1,186,184,2,0,0,1,1
S01009840,Level 2,82,81,1,1,0,0,0
S01009840,Level 3,59,57,2,1,0,0,1
S01009840,Level 4 and above,94,88,6,0,2,0,4
S01009841,All people aged 16 and over,695,508,187,21,86,57,23
S01009841,No qualifications,225,189,36,6,19,7,4
S01009841,Level 1,172,130,42,6,21,10,5
S01009841,Level 2,74,67,7,1,2,3,1
S01009841,Level 3,86,56,30,2,16,10,2
S01009841,Level 4 and above,138,66,72,6,28,27,11
S01009842,All people aged 16 and over,524,378,146,27,52,47,20
S01009842,No qualifications,169,131,38,3,8,19,8
S01009842,Level 1,160,127,33,6,18,7,2
S01009842,Level 2,41,31,10,2,6,2,0
S01009842,Level 3,53,36,17,2,7,6,2
S01009842,Level 4 and above,101,53,48,14,13,13,8
S01009843,All people aged 16 and over,496,436,60,1,23,27,9
S01009843,No qualifications,229,214,15,1,3,7,4
S01009843,Level 1,140,119,21,0,7,11,3
S01009843,Level 2,50,48,2,0,1,1,0
S01009843,Level 3,29,25,4,0,3,1,0
S01009843,Level 4 and above,48,30,18,0,9,7,2
S01009844,All people aged 16 and over,477,358,119,26,44,27,22
S01009844,No qualifications,206,172,34,13,5,6,10
S01009844,Level 1,139,105,34,8,18,3,5
S01009844,Level 2,39,33,6,0,1,3,2
S01009844,Level 3,27,20,7,1,2,3,1
S01009844,Level 4 and above,66,28,38,4,18,12,4
S01009845,All people aged 16 and over,612,376,236,39,110,58,29
S01009845,No qualifications,198,142,56,9,24,12,11
S01009845,Level 1,162,102,60,6,23,22,9
S01009845,Level 2,62,51,11,0,4,3,4
S01009845,Level 3,54,27,27,1,16,8,2
S01009845,Level 4 and above,136,54,82,23,43,13,3
S01009846,All people aged 16 and over,714,582,132,19,47,35,31
S01009846,No qualifications,284,255,29,3,10,7,9
S01009846,Level 1,177,149,28,5,11,6,6
S01009846,Level 2,70,62,8,1,1,3,3
S01009846,Level 3,66,50,16,0,8,5,3
S01009846,Level 4 and above,117,66,51,10,17,14,10
S01009847,All people aged 16 and over,469,400,69,12,29,23,5
S01009847,No qualifications,166,150,16,2,8,2,4
S01009847,Level 1,124,108,16,6,6,4,0
S01009847,Level 2,62,58,4,0,1,3,0
S01009847,Level 3,50,42,8,1,1,6,0
S01009847,Level 4 and above,67,42,25,3,13,8,1
S01009848,All people aged 16 and over,738,693,45,9,10,14,12
S01009848,No qualifications,354,346,8,0,2,2,4
S01009848,Level 1,179,172,7,2,1,1,3
S01009848,Level 2,65,61,4,1,1,2,0
S01009848,Level 3,57,50,7,2,4,1,0
S01009848,Level 4 and above,83,64,19,4,2,8,5
S01009849,All people aged 16 and over,662,628,34,7,9,6,12
S01009849,No qualifications,301,290,11,3,1,0,7
S01009849,Level 1,127,121,6,1,0,1,4
S01009849,Level 2,74,69,5,2,2,1,0
S01009849,Level 3,56,53,3,0,2,1,0
S01009849,Level 4 and above,104,95,9,1,4,3,1
S01009850,All people aged 16 and over,765,727,38,4,3,11,20
S01009850,No qualifications,327,315,12,0,0,2,10
S01009850,Level 1,165,159,6,2,0,3,1
S01009850,Level 2,78,76,2,0,0,0,2
S01009850,Level 3,75,72,3,0,0,1,2
S01009850,Level 4 and above,120,105,15,2,3,5,5
S01009851,All people aged 16 and over,739,713,26,2,5,4,15
S01009851,No qualifications,356,350,6,0,1,1,4
S01009851,Level 1,153,150,3,0,0,0,3
S01009851,Level 2,75,74,1,0,1,0,0
S01009851,Level 3,64,63,1,1,0,0,0
S01009851,Level 4 and above,91,76,15,1,3,3,8
S01009852,All people aged 16 and over,495,462,33,3,3,9,18
S01009852,No qualifications,193,182,11,0,1,1,9
S01009852,Level 1,114,107,7,2,0,2,3
S01009852,Level 2,48,48,0,0,0,0,0
S01009852,Level 3,57,55,2,1,0,1,0
S01009852,Level 4 and above,83,70,13,0,2,5,6
S01009853,All people aged 16 and over,708,676,32,3,3,7,19
S01009853,No qualifications,270,262,8,0,0,0,8
S01009853,Level 1,172,169,3,0,0,0,3
S01009853,Level 2,74,74,0,0,0,0,0
S01009853,Level 3,68,65,3,0,2,0,1
S01009853,Level 4 and above,124,106,18,3,1,7,7
S01009854,All people aged 16 and over,690,644,46,8,8,14,16
S01009854,No qualifications,265,249,16,4,2,5,5
S01009854,Level 1,171,169,2,0,1,1,0
S01009854,Level 2,70,68,2,0,1,0,1
S01009854,Level 3,62,58,4,0,0,1,3
S01009854,Level 4 and above,122,100,22,4,4,7,7
S01009855,All people aged 16 and over,490,463,27,5,1,5,16
S01009855,No qualifications,136,130,6,0,0,0,6
S01009855,Level 1,105,99,6,4,0,1,1
S01009855,Level 2,74,72,2,0,0,0,2
S01009855,Level 3,65,62,3,0,0,1,2
S01009855,Level 4 and above,110,100,10,1,1,3,5
S01009856,All people aged 16 and over,548,504,44,9,4,9,22
S01009856,No qualifications,202,188,14,0,0,3,11
S01009856,Level 1,113,100,13,4,3,3,3
S01009856,Level 2,78,76,2,0,0,0,2
S01009856,Level 3,53,52,1,0,0,0,1
S01009856,Level 4 and above,102,88,14,5,1,3,5
S01009857,All people aged 16 and over,732,696,36,3,3,11,19
S01009857,No qualifications,239,227,12,0,1,2,9
S01009857,Level 1,163,156,7,0,1,3,3
S01009857,Level 2,103,99,4,0,0,2,2
S01009857,Level 3,73,72,1,0,0,1,0
S01009857,Level 4 and above,154,142,12,3,1,3,5
S01009858,All people aged 16 and over,633,600,33,2,5,6,20
S01009858,No qualifications,224,212,12,0,3,0,9
S01009858,Level 1,158,153,5,0,1,2,2
S01009858,Level 2,83,81,2,0,0,1,1
S01009858,Level 3,71,68,3,0,0,1,2
S01009858,Level 4 and above,97,86,11,2,1,2,6
S01009859,All people aged 16 and over,884,786,98,16,24,25,33
S01009859,No qualifications,452,413,39,4,8,5,22
S01009859,Level 1,194,178,16,3,5,3,5
S01009859,Level 2,72,70,2,0,1,1,0
S01009859,Level 3,60,45,15,5,2,8,0
S01009859,Level 4 and above,106,80,26,4,8,8,6
S01009860,All people aged 16 and over,793,716,77,21,13,19,24
S01009860,No qualifications,406,392,14,0,0,1,13
S01009860,Level 1,166,153,13,4,5,3,1
S01009860,Level 2,79,74,5,1,3,0,1
S01009860,Level 3,46,35,11,1,2,3,5
S01009860,Level 4 and above,96,62,34,15,3,12,4
S01009861,All people aged 16 and over,896,740,156,22,43,40,51
S01009861,No qualifications,358,317,41,0,7,9,25
S01009861,Level 1,189,157,32,4,14,11,3
S01009861,Level 2,97,89,8,1,3,0,4
S01009861,Level 3,90,73,17,2,8,1,6
S01009861,Level 4 and above,162,104,58,15,11,19,13
S01009862,All people aged 16 and over,961,764,197,39,47,61,50
S01009862,No qualifications,379,342,37,5,4,9,19
S01009862,Level 1,181,140,41,14,13,7,7
S01009862,Level 2,85,77,8,2,2,3,1
S01009862,Level 3,98,76,22,1,7,10,4
S01009862,Level 4 and above,218,129,89,17,21,32,19
S01009863,All people aged 16 and over,686,461,225,39,78,56,52
S01009863,No qualifications,219,145,74,13,17,18,26
S01009863,Level 1,137,96,41,7,14,7,13
S01009863,Level 2,70,60,10,0,4,3,3
S01009863,Level 3,63,48,15,5,7,2,1
S01009863,Level 4 and above,197,112,85,14,36,26,9
S01009864,All people aged 16 and over,513,430,83,25,18,18,22
S01009864,No qualifications,131,121,10,2,2,1,5
S01009864,Level 1,94,86,8,3,2,1,2
S01009864,Level 2,64,58,6,1,1,1,3
S01009864,Level 3,65,48,17,5,2,6,4
S01009864,Level 4 and above,159,117,42,14,11,9,8
S01009865,All people aged 16 and over,395,321,74,16,18,9,31
S01009865,No qualifications,108,86,22,1,3,1,17
S01009865,Level 1,85,69,16,4,7,1,4
S01009865,Level 2,56,53,3,0,0,0,3
S01009865,Level 3,48,43,5,3,1,0,1
S01009865,Level 4 and above,98,70,28,8,7,7,6
S01009866,All people aged 16 and over,782,665,117,10,31,26,50
S01009866,No qualifications,250,221,29,0,3,1,25
S01009866,Level 1,178,158,20,1,4,7,8
S01009866,Level 2,102,95,7,0,2,2,3
S01009866,Level 3,68,58,10,2,2,4,2
S01009866,Level 4 and above,184,133,51,7,20,12,12
S01009867,All people aged 16 and over,948,773,175,46,30,47,52
S01009867,No qualifications,191,169,22,1,1,5,15
S01009867,Level 1,124,111,13,0,4,4,5
S01009867,Level 2,121,102,19,1,4,5,9
S01009867,Level 3,104,77,27,16,3,6,2
S01009867,Level 4 and above,408,314,94,28,18,27,21
S01009868,All people aged 16 and over,622,449,173,39,57,38,39
S01009868,No qualifications,138,112,26,0,5,4,17
S01009868,Level 1,103,76,27,2,6,7,12
S01009868,Level 2,79,72,7,1,2,3,1
S01009868,Level 3,71,55,16,7,0,8,1
S01009868,Level 4 and above,231,134,97,29,44,16,8
S01009869,All people aged 16 and over,464,278,186,51,48,31,56
S01009869,No qualifications,76,40,36,5,7,4,20
S01009869,Level 1,75,56,19,4,6,2,7
S01009869,Level 2,59,46,13,5,4,1,3
S01009869,Level 3,73,40,33,13,5,9,6
S01009869,Level 4 and above,181,96,85,24,26,15,20
S01009870,All people aged 16 and over,498,354,144,30,21,29,64
S01009870,No qualifications,145,110,35,5,3,3,24
S01009870,Level 1,122,90,32,5,6,7,14
S01009870,Level 2,47,39,8,2,0,2,4
S01009870,Level 3,49,38,11,5,0,0,6
S01009870,Level 4 and above,135,77,58,13,12,17,16
S01009871,All people aged 16 and over,853,684,169,29,33,42,65
S01009871,No qualifications,293,254,39,6,6,4,23
S01009871,Level 1,150,118,32,2,7,11,12
S01009871,Level 2,83,68,15,0,5,6,4
S01009871,Level 3,90,58,32,17,0,5,10
S01009871,Level 4 and above,237,186,51,4,15,16,16
S01009872,All people aged 16 and over,605,425,180,41,26,36,77
S01009872,No qualifications,135,75,60,8,4,8,40
S01009872,Level 1,103,79,24,6,1,4,13
S01009872,Level 2,85,73,12,5,2,1,4
S01009872,Level 3,83,58,25,3,7,5,10
S01009872,Level 4 and above,199,140,59,19,12,18,10
S01009873,All people aged 16 and over,788,654,134,12,19,19,84
S01009873,No qualifications,232,198,34,3,4,1,26
S01009873,Level 1,112,81,31,1,6,7,17
S01009873,Level 2,73,67,6,0,0,0,6
S01009873,Level 3,83,73,10,0,1,2,7
S01009873,Level 4 and above,288,235,53,8,8,9,28
S01009874,All people aged 16 and over,868,763,105,10,15,13,67
S01009874,No qualifications,227,198,29,1,0,2,26
S01009874,Level 1,158,139,19,4,1,1,13
S01009874,Level 2,115,111,4,0,0,1,3
S01009874,Level 3,87,77,10,1,1,4,4
S01009874,Level 4 and above,281,238,43,4,13,5,21
S01009875,All people aged 16 and over,517,285,232,33,37,78,84
S01009875,No qualifications,146,80,66,6,7,16,37
S01009875,Level 1,94,58,36,3,8,12,13
S01009875,Level 2,77,54,23,2,3,12,6
S01009875,Level 3,55,30,25,8,2,2,13
S01009875,Level 4 and above,145,63,82,14,17,36,15
S01009876,All people aged 16 and over,526,317,209,36,42,75,56
S01009876,No qualifications,149,110,39,6,4,14,15
S01009876,Level 1,139,91,48,4,16,16,12
S01009876,Level 2,67,41,26,1,8,13,4
S01009876,Level 3,56,35,21,2,3,11,5
S01009876,Level 4 and above,115,40,75,23,11,21,20
S01009877,All people aged 16 and over,761,589,172,10,15,27,120
S01009877,No qualifications,120,76,44,2,0,3,39
S01009877,Level 1,96,71,25,0,2,1,22
S01009877,Level 2,96,88,8,1,0,2,5
S01009877,Level 3,62,54,8,0,0,3,5
S01009877,Level 4 and above,387,300,87,7,13,18,49
S01009878,All people aged 16 and over,542,291,251,31,30,54,136
S01009878,No qualifications,174,70,104,4,8,13,79
S01009878,Level 1,94,54,40,9,2,7,22
S01009878,Level 2,50,38,12,2,3,2,5
S01009878,Level 3,45,24,21,1,3,10,7
S01009878,Level 4 and above,179,105,74,15,14,22,23
S01009879,All people aged 16 and over,733,614,119,11,2,17,89
S01009879,No qualifications,89,50,39,2,1,4,32
S01009879,Level 1,76,59,17,1,1,1,14
S01009879,Level 2,111,103,8,1,0,3,4
S01009879,Level 3,41,37,4,1,0,0,3
S01009879,Level 4 and above,416,365,51,6,0,9,36
S01009880,All people aged 16 and over,612,399,213,10,12,19,172
S01009880,No qualifications,127,51,76,0,0,7,69
S01009880,Level 1,114,67,47,1,2,6,38
S01009880,Level 2,73,64,9,1,0,1,7
S01009880,Level 3,62,48,14,2,3,2,7
S01009880,Level 4 and above,236,169,67,6,7,3,51
S01009881,All people aged 16 and over,402,227,175,19,24,31,101
S01009881,No qualifications,130,45,85,4,11,18,52
S01009881,Level 1,70,37,33,3,2,7,21
S01009881,Level 2,38,29,9,2,3,0,4
S01009881,Level 3,33,25,8,1,2,2,3
S01009881,Level 4 and above,131,91,40,9,6,4,21
S01009882,All people aged 16 and over,936,677,259,57,64,79,59
S01009882,No qualifications,102,62,40,2,11,10,17
S01009882,Level 1,121,80,41,4,12,11,14
S01009882,Level 2,119,100,19,5,4,6,4
S01009882,Level 3,109,86,23,4,6,6,7
S01009882,Level 4 and above,485,349,136,42,31,46,17
S01009883,All people aged 16 and over,602,286,316,64,48,59,145
S01009883,No qualifications,154,31,123,6,13,21,83
S01009883,Level 1,87,47,40,9,6,7,18
S01009883,Level 2,62,38,24,10,2,5,7
S01009883,Level 3,57,30,27,4,7,0,16
S01009883,Level 4 and above,242,140,102,35,20,26,21
S01009884,All people aged 16 and over,634,414,220,23,41,37,119
S01009884,No qualifications,149,67,82,3,9,11,59
S01009884,Level 1,98,66,32,3,5,6,18
S01009884,Level 2,53,47,6,0,2,1,3
S01009884,Level 3,72,54,18,4,5,1,8
S01009884,Level 4 and above,262,180,82,13,20,18,31
S01009885,All people aged 16 and over,663,403,260,29,16,42,173
S01009885,No qualifications,166,49,117,5,4,12,96
S01009885,Level 1,113,80,33,3,2,7,21
S01009885,Level 2,69,56,13,0,2,2,9
S01009885,Level 3,84,46,38,17,1,6,14
S01009885,Level 4 and above,231,172,59,4,7,15,33
S01009886,All people aged 16 and over,626,417,209,22,22,30,135
S01009886,No qualifications,168,72,96,5,1,6,84
S01009886,Level 1,106,77,29,3,3,5,18
S01009886,Level 2,76,65,11,2,2,0,7
S01009886,Level 3,74,48,26,10,6,7,3
S01009886,Level 4 and above,202,155,47,2,10,12,23
S01009887,All people aged 16 and over,774,429,345,91,89,66,99
S01009887,No qualifications,221,125,96,11,23,18,44
S01009887,Level 1,141,81,60,13,19,16,12
S01009887,Level 2,99,66,33,15,6,5,7
S01009887,Level 3,102,52,50,27,8,4,11
S01009887,Level 4 and above,211,105,106,25,33,23,25
S01009888,All people aged 16 and over,527,259,268,44,48,56,120
S01009888,No qualifications,168,50,118,12,16,27,63
S01009888,Level 1,89,41,48,7,2,7,32
S01009888,Level 2,50,35,15,2,5,1,7
S01009888,Level 3,53,35,18,3,8,2,5
S01009888,Level 4 and above,167,98,69,20,17,19,13
S01009889,All people aged 16 and over,652,401,251,39,60,45,107
S01009889,No qualifications,189,97,92,6,24,9,53
S01009889,Level 1,124,78,46,5,14,10,17
S01009889,Level 2,63,49,14,2,2,2,8
S01009889,Level 3,69,48,21,4,2,10,5
S01009889,Level 4 and above,207,129,78,22,18,14,24
S01009890,All people aged 16 and over,439,317,122,17,42,23,40
S01009890,No qualifications,150,113,37,3,5,6,23
S01009890,Level 1,95,75,20,4,7,2,7
S01009890,Level 2,55,46,9,1,5,2,1
S01009890,Level 3,38,25,13,3,9,0,1
S01009890,Level 4 and above,101,58,43,6,16,13,8
S01009891,All people aged 16 and over,635,492,143,23,45,30,45
S01009891,No qualifications,214,170,44,2,6,10,26
S01009891,Level 1,87,71,16,2,8,3,3
S01009891,Level 2,70,61,9,1,2,2,4
S01009891,Level 3,68,54,14,2,4,5,3
S01009891,Level 4 and above,196,136,60,16,25,10,9
S01009892,All people aged 16 and over,708,499,209,53,54,51,51
S01009892,No qualifications,266,202,64,11,4,24,25
S01009892,Level 1,136,113,23,4,4,6,9
S01009892,Level 2,56,50,6,2,2,1,1
S01009892,Level 3,62,44,18,6,4,2,6
S01009892,Level 4 and above,188,90,98,30,40,18,10
S01009893,All people aged 16 and over,672,422,250,44,69,46,91
S01009893,No qualifications,148,66,82,5,15,21,41
S01009893,Level 1,128,86,42,8,13,6,15
S01009893,Level 2,81,69,12,3,4,1,4
S01009893,Level 3,66,45,21,1,6,4,10
S01009893,Level 4 and above,249,156,93,27,31,14,21
S01009894,All people aged 16 and over,689,530,159,23,42,39,55
S01009894,No qualifications,283,227,56,3,11,7,35
S01009894,Level 1,124,100,24,2,8,8,6
S01009894,Level 2,57,49,8,0,1,1,6
S01009894,Level 3,77,65,12,7,2,2,1
S01009894,Level 4 and above,148,89,59,11,20,21,7
S01009895,All people aged 16 and over,620,436,184,35,28,50,71
S01009895,No qualifications,224,165,59,4,3,13,39
S01009895,Level 1,124,98,26,5,3,10,8
S01009895,Level 2,57,50,7,0,3,2,2
S01009895,Level 3,76,52,24,6,5,6,7
S01009895,Level 4 and above,139,71,68,20,14,19,15
S01009896,All people aged 16 and over,769,573,196,30,48,41,77
S01009896,No qualifications,330,254,76,11,12,9,44
S01009896,Level 1,176,142,34,2,4,12,16
S01009896,Level 2,67,57,10,0,0,3,7
S01009896,Level 3,74,43,31,8,13,5,5
S01009896,Level 4 and above,122,77,45,9,19,12,5
S01009897,All people aged 16 and over,810,633,177,26,24,33,94
S01009897,No qualifications,276,204,72,4,5,10,53
S01009897,Level 1,150,123,27,4,5,8,10
S01009897,Level 2,106,98,8,2,1,1,4
S01009897,Level 3,72,52,20,4,5,2,9
S01009897,Level 4 and above,206,156,50,12,8,12,18
S01009898,All people aged 16 and over,490,366,124,25,15,30,54
S01009898,No qualifications,213,181,32,1,0,6,25
S01009898,Level 1,122,94,28,5,3,9,11
S01009898,Level 2,33,31,2,0,0,0,2
S01009898,Level 3,53,27,26,10,2,3,11
S01009898,Level 4 and above,69,33,36,9,10,12,5
S01009899,All people aged 16 and over,684,620,64,3,17,16,28
S01009899,No qualifications,114,110,4,1,0,0,3
S01009899,Level 1,96,91,5,0,1,2,2
S01009899,Level 2,90,87,3,0,2,0,1
S01009899,Level 3,80,68,12,0,5,3,4
S01009899,Level 4 and above,304,264,40,2,9,11,18
S01009900,All people aged 16 and over,741,683,58,11,8,16,23
S01009900,No qualifications,73,62,11,3,2,2,4
S01009900,Level 1,78,75,3,0,0,1,2
S01009900,Level 2,102,99,3,0,1,2,0
S01009900,Level 3,88,84,4,0,1,2,1
S01009900,Level 4 and above,400,363,37,8,4,9,16
S01009901,All people aged 16 and over,741,655,86,7,11,17,51
S01009901,No qualifications,66,53,13,1,0,2,10
S01009901,Level 1,83,67,16,1,3,1,11
S01009901,Level 2,96,89,7,0,0,2,5
S01009901,Level 3,90,86,4,0,2,1,1
S01009901,Level 4 and above,406,360,46,5,6,11,24
S01009902,All people aged 16 and over,804,697,107,10,12,18,67
S01009902,No qualifications,342,296,46,4,2,4,36
S01009902,Level 1,128,113,15,2,5,0,8
S01009902,Level 2,76,72,4,0,1,2,1
S01009902,Level 3,67,62,5,0,0,2,3
S01009902,Level 4 and above,191,154,37,4,4,10,19
S01009903,All people aged 16 and over,652,459,193,16,30,28,119
S01009903,No qualifications,115,48,67,1,4,5,57
S01009903,Level 1,90,56,34,2,6,4,22
S01009903,Level 2,79,71,8,1,0,2,5
S01009903,Level 3,67,41,26,5,4,6,11
S01009903,Level 4 and above,301,243,58,7,16,11,24
S01009904,All people aged 16 and over,696,602,94,10,10,22,52
S01009904,No qualifications,150,118,32,3,0,2,27
S01009904,Level 1,66,57,9,0,1,2,6
S01009904,Level 2,84,80,4,0,0,1,3
S01009904,Level 3,62,52,10,0,4,0,6
S01009904,Level 4 and above,334,295,39,7,5,17,10
S01009905,All people aged 16 and over,622,399,223,81,51,37,54
S01009905,No qualifications,102,53,49,7,11,11,20
S01009905,Level 1,77,40,37,11,9,5,12
S01009905,Level 2,111,69,42,32,4,3,3
S01009905,Level 3,63,47,16,9,3,2,2
S01009905,Level 4 and above,269,190,79,22,24,16,17
S01009906,All people aged 16 and over,557,384,173,43,28,52,50
S01009906,No qualifications,115,65,50,6,7,13,24
S01009906,Level 1,72,51,21,5,3,10,3
S01009906,Level 2,70,58,12,4,2,2,4
S01009906,Level 3,65,43,22,11,1,4,6
S01009906,Level 4 and above,235,167,68,17,15,23,13
S01009907,All people aged 16 and over,730,494,236,68,73,45,50
S01009907,No qualifications,147,107,40,8,15,0,17
S01009907,Level 1,115,79,36,12,10,5,9
S01009907,Level 2,70,62,8,5,0,2,1
S01009907,Level 3,116,69,47,12,9,19,7
S01009907,Level 4 and above,282,177,105,31,39,19,16
S01009908,All people aged 16 and over,856,709,147,21,38,20,68
S01009908,No qualifications,113,79,34,3,5,2,24
S01009908,Level 1,99,86,13,1,5,3,4
S01009908,Level 2,112,100,12,1,5,1,5
S01009908,Level 3,82,66,16,4,3,2,7
S01009908,Level 4 and above,450,378,72,12,20,12,28
S01009909,All people aged 16 and over,767,634,133,31,25,33,44
S01009909,No qualifications,107,74,33,4,2,8,19
S01009909,Level 1,116,99,17,6,6,1,4
S01009909,Level 2,90,87,3,1,0,1,1
S01009909,Level 3,92,77,15,1,5,5,4
S01009909,Level 4 and above,362,297,65,19,12,18,16
S01009910,All people aged 16 and over,455,348,107,16,20,22,49
S01009910,No qualifications,52,34,18,1,3,0,14
S01009910,Level 1,49,36,13,0,3,2,8
S01009910,Level 2,46,39,7,0,1,2,4
S01009910,Level 3,53,39,14,3,1,5,5
S01009910,Level 4 and above,255,200,55,12,12,13,18
S01009911,All people aged 16 and over,840,744,96,11,8,11,66
S01009911,No qualifications,174,136,38,0,3,2,33
S01009911,Level 1,89,82,7,2,0,0,5
S01009911,Level 2,90,88,2,0,0,0,2
S01009911,Level 3,80,68,12,2,1,3,6
S01009911,Level 4 and above,407,370,37,7,4,6,20
S01009912,All people aged 16 and over,790,641,149,11,13,20,105
S01009912,No qualifications,145,93,52,1,3,3,45
S01009912,Level 1,84,63,21,0,3,3,15
S01009912,Level 2,96,89,7,0,1,0,6
S01009912,Level 3,49,43,6,2,0,0,4
S01009912,Level 4 and above,416,353,63,8,6,14,35
S01009913,All people aged 16 and over,591,430,161,7,6,19,129
S01009913,No qualifications,112,41,71,4,0,7,60
S01009913,Level 1,105,77,28,0,3,8,17
S01009913,Level 2,87,80,7,0,1,1,5
S01009913,Level 3,53,43,10,0,1,2,7
S01009913,Level 4 and above,234,189,45,3,1,1,40
S01009914,All people aged 16 and over,819,702,117,6,9,8,94
S01009914,No qualifications,123,74,49,2,4,0,43
S01009914,Level 1,107,92,15,0,1,1,13
S01009914,Level 2,115,113,2,0,0,1,1
S01009914,Level 3,60,56,4,0,1,0,3
S01009914,Level 4 and above,414,367,47,4,3,6,34
S01009915,All people aged 16 and over,752,645,107,9,6,12,80
S01009915,No qualifications,103,74,29,1,0,0,28
S01009915,Level 1,87,77,10,0,0,1,9
S01009915,Level 2,107,99,8,0,0,1,7
S01009915,Level 3,56,49,7,2,0,1,4
S01009915,Level 4 and above,399,346,53,6,6,9,32
S01009916,All people aged 16 and over,776,549,227,5,18,15,189
S01009916,No qualifications,204,102,102,1,8,2,91
S01009916,Level 1,136,93,43,2,4,3,34
S01009916,Level 2,94,80,14,1,0,0,13
S01009916,Level 3,78,56,22,0,0,4,18
S01009916,Level 4 and above,264,218,46,1,6,6,33
S01009917,All people aged 16 and over,592,512,80,10,8,15,47
S01009917,No qualifications,84,62,22,2,3,3,14
S01009917,Level 1,67,55,12,0,2,4,6
S01009917,Level 2,75,69,6,1,1,2,2
S01009917,Level 3,45,39,6,1,0,0,5
S01009917,Level 4 and above,321,287,34,6,2,6,20
S01009918,All people aged 16 and over,578,518,60,6,7,7,40
S01009918,No qualifications,88,69,19,0,0,1,18
S01009918,Level 1,62,55,7,1,2,0,4
S01009918,Level 2,69,66,3,1,0,0,2
S01009918,Level 3,38,37,1,0,0,1,0
S01009918,Level 4 and above,321,291,30,4,5,5,16
S01009919,All people aged 16 and over,948,781,167,24,62,39,42
S01009919,No qualifications,256,217,39,2,9,6,22
S01009919,Level 1,140,121,19,3,5,7,4
S01009919,Level 2,117,95,22,7,8,6,1
S01009919,Level 3,93,80,13,4,5,3,1
S01009919,Level 4 and above,342,268,74,8,35,17,14
S01009920,All people aged 16 and over,782,692,90,14,15,15,46
S01009920,No qualifications,98,87,11,0,0,0,11
S01009920,Level 1,80,74,6,0,1,0,5
S01009920,Level 2,80,77,3,2,0,0,1
S01009920,Level 3,84,77,7,0,1,1,5
S01009920,Level 4 and above,440,377,63,12,13,14,24
S01009921,All people aged 16 and over,593,512,81,12,19,24,26
S01009921,No qualifications,67,56,11,1,0,4,6
S01009921,Level 1,54,46,8,2,1,1,4
S01009921,Level 2,78,72,6,0,3,1,2
S01009921,Level 3,65,62,3,0,0,3,0
S01009921,Level 4 and above,329,276,53,9,15,15,14
S01009922,All people aged 16 and over,940,839,101,18,23,24,36
S01009922,No qualifications,91,76,15,2,1,5,7
S01009922,Level 1,101,91,10,1,2,3,4
S01009922,Level 2,125,114,11,4,2,1,4
S01009922,Level 3,106,95,11,2,2,3,4
S01009922,Level 4 and above,517,463,54,9,16,12,17
S01009923,All people aged 16 and over,788,695,93,7,16,17,53
S01009923,No qualifications,148,130,18,1,2,2,13
S01009923,Level 1,104,95,9,0,1,1,7
S01009923,Level 2,97,89,8,0,2,1,5
S01009923,Level 3,109,102,7,0,1,2,4
S01009923,Level 4 and above,330,279,51,6,10,11,24
S01009924,All people aged 16 and over,896,757,139,23,30,23,63
S01009924,No qualifications,148,121,27,2,4,3,18
S01009924,Level 1,118,98,20,1,2,0,17
S01009924,Level 2,105,102,3,0,0,3,0
S01009924,Level 3,113,95,18,5,2,4,7
S01009924,Level 4 and above,412,341,71,15,22,13,21
S01009925,All people aged 16 and over,602,516,86,20,13,17,36
S01009925,No qualifications,55,42,13,2,1,1,9
S01009925,Level 1,63,53,10,2,0,3,5
S01009925,Level 2,66,65,1,0,1,0,0
S01009925,Level 3,71,63,8,0,1,2,5
S01009925,Level 4 and above,347,293,54,16,10,11,17
S01009926,All people aged 16 and over,660,560,100,11,19,20,50
S01009926,No qualifications,127,101,26,0,2,7,17
S01009926,Level 1,84,67,17,3,3,4,7
S01009926,Level 2,76,71,5,0,0,1,4
S01009926,Level 3,68,56,12,0,2,2,8
S01009926,Level 4 and above,305,265,40,8,12,6,14
S01009927,All people aged 16 and over,443,389,54,8,15,10,21
S01009927,No qualifications,107,99,8,0,0,0,8
S01009927,Level 1,67,60,7,0,4,1,2
S01009927,Level 2,38,36,2,0,0,0,2
S01009927,Level 3,44,38,6,2,2,0,2
S01009927,Level 4 and above,187,156,31,6,9,9,7
S01009928,All people aged 16 and over,763,717,46,2,7,9,28
S01009928,No qualifications,81,74,7,1,0,0,6
S01009928,Level 1,77,75,2,0,0,1,1
S01009928,Level 2,74,71,3,0,1,1,1
S01009928,Level 3,79,76,3,0,3,0,0
S01009928,Level 4 and above,452,421,31,1,3,7,20
S01009929,All people aged 16 and over,423,367,56,3,7,15,31
S01009929,No qualifications,57,48,9,1,1,1,6
S01009929,Level 1,48,40,8,0,2,2,4
S01009929,Level 2,56,52,4,0,1,1,2
S01009929,Level 3,55,48,7,0,0,4,3
S01009929,Level 4 and above,207,179,28,2,3,7,16
S01009930,All people aged 16 and over,758,660,98,11,13,18,56
S01009930,No qualifications,90,71,19,0,0,1,18
S01009930,Level 1,101,91,10,1,1,4,4
S01009930,Level 2,89,80,9,1,3,1,4
S01009930,Level 3,97,80,17,2,1,2,12
S01009930,Level 4 and above,381,338,43,7,8,10,18
S01009931,All people aged 16 and over,692,641,51,5,7,10,29
S01009931,No qualifications,45,37,8,0,0,0,8
S01009931,Level 1,63,61,2,0,1,1,0
S01009931,Level 2,80,78,2,0,0,0,2
S01009931,Level 3,77,71,6,0,4,1,1
S01009931,Level 4 and above,427,394,33,5,2,8,18
S01009932,All people aged 16 and over,576,517,59,3,15,21,20
S01009932,No qualifications,89,85,4,0,1,0,3
S01009932,Level 1,70,64,6,0,0,4,2
S01009932,Level 2,67,63,4,1,0,0,3
S01009932,Level 3,59,51,8,1,4,1,2
S01009932,Level 4 and above,291,254,37,1,10,16,10
S01009933,All people aged 16 and over,762,562,200,19,67,65,49
S01009933,No qualifications,207,173,34,3,7,12,12
S01009933,Level 1,160,113,47,5,20,14,8
S01009933,Level 2,71,62,9,0,4,4,1
S01009933,Level 3,99,73,26,1,12,8,5
S01009933,Level 4 and above,225,141,84,10,24,27,23
S01009934,All people aged 16 and over,753,648,105,16,20,37,32
S01009934,No qualifications,132,113,19,0,5,6,8
S01009934,Level 1,113,87,26,2,3,12,9
S01009934,Level 2,116,110,6,1,0,3,2
S01009934,Level 3,66,55,11,1,1,5,4
S01009934,Level 4 and above,326,283,43,12,11,11,9
S01009935,All people aged 16 and over,502,476,26,4,5,8,9
S01009935,No qualifications,259,254,5,0,0,2,3
S01009935,Level 1,94,84,10,2,0,5,3
S01009935,Level 2,40,39,1,1,0,0,0
S01009935,Level 3,31,30,1,0,0,0,1
S01009935,Level 4 and above,78,69,9,1,5,1,2
S01009936,All people aged 16 and over,568,486,82,10,12,25,35
S01009936,No qualifications,181,160,21,1,1,2,17
S01009936,Level 1,105,89,16,2,1,7,6
S01009936,Level 2,76,68,8,1,0,3,4
S01009936,Level 3,52,44,8,0,0,6,2
S01009936,Level 4 and above,154,125,29,6,10,7,6
S01009937,All people aged 16 and over,401,277,124,17,23,52,32
S01009937,No qualifications,168,126,42,4,10,12,16
S01009937,Level 1,92,61,31,2,3,16,10
S01009937,Level 2,45,38,7,1,0,5,1
S01009937,Level 3,40,25,15,2,2,9,2
S01009937,Level 4 and above,56,27,29,8,8,10,3
S01009938,All people aged 16 and over,818,747,71,2,12,15,42
S01009938,No qualifications,388,358,30,1,2,5,22
S01009938,Level 1,150,142,8,1,4,0,3
S01009938,Level 2,72,63,9,0,2,1,6
S01009938,Level 3,65,57,8,0,4,4,0
S01009938,Level 4 and above,143,127,16,0,0,5,11
S01009939,All people aged 16 and over,687,469,218,54,64,70,30
S01009939,No qualifications,328,237,91,28,23,26,14
S01009939,Level 1,176,136,40,11,13,11,5
S01009939,Level 2,42,32,10,1,1,6,2
S01009939,Level 3,64,34,30,2,13,13,2
S01009939,Level 4 and above,77,30,47,12,14,14,7
S01009940,All people aged 16 and over,678,663,15,1,4,4,6
S01009940,No qualifications,369,363,6,0,0,1,5
S01009940,Level 1,170,168,2,0,1,1,0
S01009940,Level 2,51,51,0,0,0,0,0
S01009940,Level 3,48,46,2,0,1,1,0
S01009940,Level 4 and above,40,35,5,1,2,1,1
S01009941,All people aged 16 and over,754,563,191,5,24,29,133
S01009941,No qualifications,193,113,80,3,5,8,64
S01009941,Level 1,193,161,32,0,3,9,20
S01009941,Level 2,130,118,12,0,3,2,7
S01009941,Level 3,81,68,13,0,3,2,8
S01009941,Level 4 and above,157,103,54,2,10,8,34
S01009942,All people aged 16 and over,836,759,77,11,15,23,28
S01009942,No qualifications,423,392,31,3,2,5,21
S01009942,Level 1,216,201,15,4,4,5,2
S01009942,Level 2,86,84,2,0,0,1,1
S01009942,Level 3,47,39,8,3,1,4,0
S01009942,Level 4 and above,64,43,21,1,8,8,4
S01009943,All people aged 16 and over,671,625,46,3,13,17,13
S01009943,No qualifications,348,331,17,1,5,4,7
S01009943,Level 1,153,147,6,0,1,2,3
S01009943,Level 2,65,62,3,0,1,2,0
S01009943,Level 3,50,45,5,0,0,4,1
S01009943,Level 4 and above,55,40,15,2,6,5,2
S01009944,All people aged 16 and over,658,592,66,7,8,17,34
S01009944,No qualifications,224,206,18,0,3,2,13
S01009944,Level 1,159,144,15,5,2,3,5
S01009944,Level 2,92,86,6,0,0,0,6
S01009944,Level 3,60,54,6,0,0,6,0
S01009944,Level 4 and above,123,102,21,2,3,6,10
S01009945,All people aged 16 and over,790,720,70,19,3,20,28
S01009945,No qualifications,294,276,18,7,0,2,9
S01009945,Level 1,182,165,17,4,0,8,5
S01009945,Level 2,96,95,1,1,0,0,0
S01009945,Level 3,85,74,11,1,1,3,6
S01009945,Level 4 and above,133,110,23,6,2,7,8
S01009946,All people aged 16 and over,672,611,61,11,9,11,30
S01009946,No qualifications,238,230,8,1,2,0,5
S01009946,Level 1,144,136,8,2,0,3,3
S01009946,Level 2,93,86,7,2,1,0,4
S01009946,Level 3,69,55,14,2,5,1,6
S01009946,Level 4 and above,128,104,24,4,1,7,12
S01009947,All people aged 16 and over,470,427,43,5,2,14,22
S01009947,No qualifications,168,151,17,0,0,2,15
S01009947,Level 1,115,105,10,2,0,5,3
S01009947,Level 2,53,48,5,0,0,4,1
S01009947,Level 3,43,40,3,0,0,1,2
S01009947,Level 4 and above,91,83,8,3,2,2,1
S01009948,All people aged 16 and over,671,581,90,14,7,45,24
S01009948,No qualifications,278,262,16,1,1,6,8
S01009948,Level 1,152,135,17,5,1,7,4
S01009948,Level 2,67,56,11,0,0,9,2
S01009948,Level 3,82,57,25,3,4,15,3
S01009948,Level 4 and above,92,71,21,5,1,8,7
S01009949,All people aged 16 and over,667,597,70,8,10,20,32
S01009949,No qualifications,215,199,16,1,0,4,11
S01009949,Level 1,154,137,17,1,4,3,9
S01009949,Level 2,95,88,7,2,0,3,2
S01009949,Level 3,62,52,10,4,1,0,5
S01009949,Level 4 and above,141,121,20,0,5,10,5
S01009950,All people aged 16 and over,593,515,78,8,2,14,54
S01009950,No qualifications,74,44,30,3,0,1,26
S01009950,Level 1,70,60,10,0,1,3,6
S01009950,Level 2,99,93,6,0,0,3,3
S01009950,Level 3,34,29,5,0,0,3,2
S01009950,Level 4 and above,316,289,27,5,1,4,17
S01009951,All people aged 16 and over,615,546,69,5,4,4,56
S01009951,No qualifications,74,53,21,1,2,1,17
S01009951,Level 1,63,56,7,0,0,1,6
S01009951,Level 2,72,69,3,0,0,0,3
S01009951,Level 3,42,36,6,0,0,0,6
S01009951,Level 4 and above,364,332,32,4,2,2,24
S01009952,All people aged 16 and over,599,555,44,6,2,6,30
S01009952,No qualifications,104,96,8,3,0,0,5
S01009952,Level 1,84,76,8,0,0,2,6
S01009952,Level 2,82,79,3,0,0,0,3
S01009952,Level 3,59,53,6,1,0,2,3
S01009952,Level 4 and above,270,251,19,2,2,2,13
S01009953,All people aged 16 and over,734,661,73,2,8,10,53
S01009953,No qualifications,131,107,24,0,2,0,22
S01009953,Level 1,112,102,10,0,0,2,8
S01009953,Level 2,103,100,3,0,1,0,2
S01009953,Level 3,59,51,8,1,1,0,6
S01009953,Level 4 and above,329,301,28,1,4,8,15
S01009954,All people aged 16 and over,511,411,100,7,12,14,67
S01009954,No qualifications,90,70,20,1,0,1,18
S01009954,Level 1,92,74,18,3,2,1,12
S01009954,Level 2,83,71,12,0,4,1,7
S01009954,Level 3,45,42,3,0,0,0,3
S01009954,Level 4 and above,201,154,47,3,6,11,27
S01009955,All people aged 16 and over,854,781,73,4,2,6,61
S01009955,No qualifications,259,235,24,1,0,0,23
S01009955,Level 1,134,123,11,0,0,2,9
S01009955,Level 2,111,109,2,0,0,0,2
S01009955,Level 3,72,69,3,0,0,1,2
S01009955,Level 4 and above,278,245,33,3,2,3,25
S01009956,All people aged 16 and over,617,558,59,3,10,10,36
S01009956,No qualifications,170,152,18,0,1,3,14
S01009956,Level 1,133,129,4,0,2,1,1
S01009956,Level 2,85,82,3,0,0,1,2
S01009956,Level 3,56,49,7,0,2,1,4
S01009956,Level 4 and above,173,146,27,3,5,4,15
S01009957,All people aged 16 and over,611,569,42,0,4,3,35
S01009957,No qualifications,74,66,8,0,2,0,6
S01009957,Level 1,64,60,4,0,0,0,4
S01009957,Level 2,81,76,5,0,0,3,2
S01009957,Level 3,47,42,5,0,0,0,5
S01009957,Level 4 and above,345,325,20,0,2,0,18
S01009958,All people aged 16 and over,747,700,47,0,4,5,38
S01009958,No qualifications,103,96,7,0,0,0,7
S01009958,Level 1,109,97,12,0,2,1,9
S01009958,Level 2,96,95,1,0,0,0,1
S01009958,Level 3,64,62,2,0,1,0,1
S01009958,Level 4 and above,375,350,25,0,1,4,20
S01009959,All people aged 16 and over,556,515,41,7,1,3,30
S01009959,No qualifications,91,73,18,1,0,0,17
S01009959,Level 1,87,78,9,4,1,2,2
S01009959,Level 2,81,81,0,0,0,0,0
S01009959,Level 3,42,41,1,0,0,0,1
S01009959,Level 4 and above,255,242,13,2,0,1,10
S01009960,All people aged 16 and over,758,698,60,2,7,7,44
S01009960,No qualifications,161,139,22,0,1,2,19
S01009960,Level 1,101,98,3,0,1,0,2
S01009960,Level 2,111,105,6,1,0,2,3
S01009960,Level 3,57,54,3,0,2,0,1
S01009960,Level 4 and above,328,302,26,1,3,3,19
S01009961,All people aged 16 and over,580,550,30,1,3,5,21
S01009961,No qualifications,155,138,17,0,2,1,14
S01009961,Level 1,122,118,4,0,0,2,2
S01009961,Level 2,97,96,1,0,0,0,1
S01009961,Level 3,59,56,3,0,0,2,1
S01009961,Level 4 and above,147,142,5,1,1,0,3
S01009962,All people aged 16 and over,888,838,50,7,10,9,24
S01009962,No qualifications,188,182,6,0,1,2,3
S01009962,Level 1,152,140,12,0,2,1,9
S01009962,Level 2,147,143,4,0,1,0,3
S01009962,Level 3,113,105,8,5,0,2,1
S01009962,Level 4 and above,288,268,20,2,6,4,8
S01009963,All people aged 16 and over,665,626,39,8,2,2,27
S01009963,No qualifications,120,110,10,1,0,0,9
S01009963,Level 1,131,126,5,3,0,0,2
S01009963,Level 2,138,131,7,2,0,0,5
S01009963,Level 3,60,57,3,0,0,1,2
S01009963,Level 4 and above,216,202,14,2,2,1,9
S01009964,All people aged 16 and over,743,670,73,6,5,17,45
S01009964,No qualifications,116,99,17,2,0,0,15
S01009964,Level 1,106,92,14,0,3,3,8
S01009964,Level 2,121,111,10,1,0,3,6
S01009964,Level 3,76,72,4,0,0,0,4
S01009964,Level 4 and above,324,296,28,3,2,11,12
S01009965,All people aged 16 and over,613,575,38,0,3,1,34
S01009965,No qualifications,168,155,13,0,0,0,13
S01009965,Level 1,132,126,6,0,1,0,5
S01009965,Level 2,101,98,3,0,0,1,2
S01009965,Level 3,57,57,0,0,0,0,0
S01009965,Level 4 and above,155,139,16,0,2,0,14
S01009966,All people aged 16 and over,645,610,35,4,2,6,23
S01009966,No qualifications,156,145,11,0,1,0,10
S01009966,Level 1,172,163,9,1,0,2,6
S01009966,Level 2,121,117,4,1,0,1,2
S01009966,Level 3,69,68,1,0,0,1,0
S01009966,Level 4 and above,127,117,10,2,1,2,5
S01009967,All people aged 16 and over,700,668,32,4,1,1,26
S01009967,No qualifications,106,101,5,0,0,0,5
S01009967,Level 1,98,92,6,0,0,1,5
S01009967,Level 2,95,89,6,3,1,0,2
S01009967,Level 3,68,68,0,0,0,0,0
S01009967,Level 4 and above,333,318,15,1,0,0,14
S01009968,All people aged 16 and over,523,491,32,1,1,3,27
S01009968,No qualifications,152,136,16,0,0,0,16
S01009968,Level 1,123,116,7,0,0,0,7
S01009968,Level 2,91,89,2,1,0,0,1
S01009968,Level 3,45,42,3,0,0,1,2
S01009968,Level 4 and above,112,108,4,0,1,2,1
S01009969,All people aged 16 and over,700,668,32,4,5,1,22
S01009969,No qualifications,144,139,5,0,0,0,5
S01009969,Level 1,124,119,5,0,1,1,3
S01009969,Level 2,108,107,1,0,0,0,1
S01009969,Level 3,81,78,3,0,2,0,1
S01009969,Level 4 and above,243,225,18,4,2,0,12
S01009970,All people aged 16 and over,733,687,46,6,11,10,19
S01009970,No qualifications,325,315,10,0,0,2,8
S01009970,Level 1,207,194,13,1,6,3,3
S01009970,Level 2,75,71,4,1,0,0,3
S01009970,Level 3,71,66,5,1,1,2,1
S01009970,Level 4 and above,55,41,14,3,4,3,4
S01009971,All people aged 16 and over,860,822,38,2,10,8,18
S01009971,No qualifications,376,364,12,0,0,3,9
S01009971,Level 1,238,226,12,1,3,1,7
S01009971,Level 2,77,77,0,0,0,0,0
S01009971,Level 3,75,67,8,0,4,3,1
S01009971,Level 4 and above,94,88,6,1,3,1,1
S01009972,All people aged 16 and over,680,643,37,2,6,13,16
S01009972,No qualifications,243,230,13,0,1,5,7
S01009972,Level 1,154,144,10,0,3,4,3
S01009972,Level 2,85,84,1,0,0,0,1
S01009972,Level 3,69,65,4,0,0,3,1
S01009972,Level 4 and above,129,120,9,2,2,1,4
S01009973,All people aged 16 and over,565,547,18,0,4,2,12
S01009973,No qualifications,195,186,9,0,0,0,9
S01009973,Level 1,180,178,2,0,1,0,1
S01009973,Level 2,67,65,2,0,0,1,1
S01009973,Level 3,52,51,1,0,1,0,0
S01009973,Level 4 and above,71,67,4,0,2,1,1
S01009974,All people aged 16 and over,468,457,11,0,1,5,5
S01009974,No qualifications,233,227,6,0,0,3,3
S01009974,Level 1,130,129,1,0,0,1,0
S01009974,Level 2,49,49,0,0,0,0,0
S01009974,Level 3,41,38,3,0,1,1,1
S01009974,Level 4 and above,15,14,1,0,0,0,1
S01009975,All people aged 16 and over,629,618,11,0,4,0,7
S01009975,No qualifications,334,331,3,0,0,0,3
S01009975,Level 1,157,152,5,0,3,0,2
S01009975,Level 2,54,54,0,0,0,0,0
S01009975,Level 3,42,41,1,0,0,0,1
S01009975,Level 4 and above,42,40,2,0,1,0,1
S01009976,All people aged 16 and over,385,379,6,2,0,2,2
S01009976,No qualifications,184,182,2,0,0,1,1
S01009976,Level 1,114,113,1,0,0,1,0
S01009976,Level 2,27,27,0,0,0,0,0
S01009976,Level 3,33,32,1,0,0,0,1
S01009976,Level 4 and above,27,25,2,2,0,0,0
S01009977,All people aged 16 and over,813,793,20,2,9,3,6
S01009977,No qualifications,487,481,6,1,0,0,5
S01009977,Level 1,184,183,1,0,0,0,1
S01009977,Level 2,49,49,0,0,0,0,0
S01009977,Level 3,43,41,2,0,1,1,0
S01009977,Level 4 and above,50,39,11,1,8,2,0
S01009978,All people aged 16 and over,773,724,49,7,18,16,8
S01009978,No qualifications,339,329,10,0,2,3,5
S01009978,Level 1,217,203,14,1,7,5,1
S01009978,Level 2,85,80,5,1,2,1,1
S01009978,Level 3,66,65,1,0,0,1,0
S01009978,Level 4 and above,66,47,19,5,7,6,1
S01009979,All people aged 16 and over,516,505,11,1,1,5,4
S01009979,No qualifications,328,326,2,1,0,0,1
S01009979,Level 1,92,88,4,0,1,1,2
S01009979,Level 2,37,37,0,0,0,0,0
S01009979,Level 3,24,24,0,0,0,0,0
S01009979,Level 4 and above,35,30,5,0,0,4,1
S01009980,All people aged 16 and over,541,526,15,5,0,1,9
S01009980,No qualifications,261,256,5,0,0,0,5
S01009980,Level 1,170,169,1,1,0,0,0
S01009980,Level 2,53,48,5,0,0,1,4
S01009980,Level 3,28,28,0,0,0,0,0
S01009980,Level 4 and above,29,25,4,4,0,0,0
S01009981,All people aged 16 and over,532,516,16,1,2,8,5
S01009981,No qualifications,248,246,2,0,0,1,1
S01009981,Level 1,159,157,2,0,0,2,0
S01009981,Level 2,52,51,1,0,0,1,0
S01009981,Level 3,36,34,2,0,0,1,1
S01009981,Level 4 and above,37,28,9,1,2,3,3
S01009982,All people aged 16 and over,767,708,59,6,7,18,28
S01009982,No qualifications,277,260,17,2,3,1,11
S01009982,Level 1,242,229,13,2,3,6,2
S01009982,Level 2,94,89,5,0,1,3,1
S01009982,Level 3,62,55,7,0,0,2,5
S01009982,Level 4 and above,92,75,17,2,0,6,9
S01009983,All people aged 16 and over,426,325,101,22,31,31,17
S01009983,No qualifications,194,167,27,3,7,11,6
S01009983,Level 1,123,93,30,5,10,8,7
S01009983,Level 2,29,26,3,0,2,1,0
S01009983,Level 3,32,21,11,1,5,5,0
S01009983,Level 4 and above,48,18,30,13,7,6,4
S01009984,All people aged 16 and over,580,514,66,9,24,23,10
S01009984,No qualifications,214,201,13,1,2,5,5
S01009984,Level 1,157,142,15,2,5,6,2
S01009984,Level 2,74,70,4,0,3,1,0
S01009984,Level 3,57,53,4,0,1,2,1
S01009984,Level 4 and above,78,48,30,6,13,9,2
S01009985,All people aged 16 and over,467,419,48,6,9,17,16
S01009985,No qualifications,192,179,13,3,3,2,5
S01009985,Level 1,147,140,7,0,1,1,5
S01009985,Level 2,62,54,8,0,2,2,4
S01009985,Level 3,32,25,7,0,0,7,0
S01009985,Level 4 and above,34,21,13,3,3,5,2
S01009986,All people aged 16 and over,446,434,12,6,0,0,6
S01009986,No qualifications,222,215,7,3,0,0,4
S01009986,Level 1,116,115,1,0,0,0,1
S01009986,Level 2,37,36,1,0,0,0,1
S01009986,Level 3,36,36,0,0,0,0,0
S01009986,Level 4 and above,35,32,3,3,0,0,0
S01009987,All people aged 16 and over,747,703,44,4,9,7,24
S01009987,No qualifications,401,385,16,0,2,1,13
S01009987,Level 1,170,161,9,0,3,2,4
S01009987,Level 2,76,74,2,0,1,0,1
S01009987,Level 3,45,40,5,0,0,3,2
S01009987,Level 4 and above,55,43,12,4,3,1,4
S01009988,All people aged 16 and over,447,427,20,0,3,7,10
S01009988,No qualifications,247,235,12,0,1,3,8
S01009988,Level 1,85,84,1,0,1,0,0
S01009988,Level 2,45,44,1,0,0,0,1
S01009988,Level 3,36,34,2,0,1,1,0
S01009988,Level 4 and above,34,30,4,0,0,3,1
S01009989,All people aged 16 and over,670,631,39,3,3,8,25
S01009989,No qualifications,223,212,11,0,1,0,10
S01009989,Level 1,175,168,7,1,1,1,4
S01009989,Level 2,89,85,4,1,1,0,2
S01009989,Level 3,81,77,4,0,0,0,4
S01009989,Level 4 and above,102,89,13,1,0,7,5
S01009990,All people aged 16 and over,553,526,27,1,2,7,17
S01009990,No qualifications,147,139,8,0,0,0,8
S01009990,Level 1,161,158,3,0,0,0,3
S01009990,Level 2,94,90,4,0,0,3,1
S01009990,Level 3,73,71,2,0,0,0,2
S01009990,Level 4 and above,78,68,10,1,2,4,3
S01009991,All people aged 16 and over,625,591,34,6,0,10,18
S01009991,No qualifications,150,139,11,1,0,1,9
S01009991,Level 1,184,180,4,0,0,2,2
S01009991,Level 2,104,100,4,0,0,2,2
S01009991,Level 3,81,81,0,0,0,0,0
S01009991,Level 4 and above,106,91,15,5,0,5,5
S01009992,All people aged 16 and over,573,548,25,3,2,4,16
S01009992,No qualifications,303,291,12,1,0,1,10
S01009992,Level 1,139,137,2,0,0,1,1
S01009992,Level 2,57,55,2,0,0,1,1
S01009992,Level 3,32,28,4,0,0,0,4
S01009992,Level 4 and above,42,37,5,2,2,1,0
S01009993,All people aged 16 and over,659,626,33,4,9,4,16
S01009993,No qualifications,162,159,3,1,0,0,2
S01009993,Level 1,167,160,7,0,1,0,6
S01009993,Level 2,104,102,2,0,0,0,2
S01009993,Level 3,92,88,4,0,2,0,2
S01009993,Level 4 and above,134,117,17,3,6,4,4
S01009994,All people aged 16 and over,532,512,20,2,13,1,4
S01009994,No qualifications,119,116,3,1,0,0,2
S01009994,Level 1,144,139,5,0,4,0,1
S01009994,Level 2,92,92,0,0,0,0,0
S01009994,Level 3,58,56,2,0,1,0,1
S01009994,Level 4 and above,119,109,10,1,8,1,0
S01009995,All people aged 16 and over,535,493,42,7,11,11,13
S01009995,No qualifications,122,117,5,0,2,1,2
S01009995,Level 1,161,151,10,3,1,4,2
S01009995,Level 2,90,88,2,0,2,0,0
S01009995,Level 3,72,64,8,1,1,1,5
S01009995,Level 4 and above,90,73,17,3,5,5,4
S01009996,All people aged 16 and over,572,538,34,9,8,10,7
S01009996,No qualifications,149,146,3,0,0,2,1
S01009996,Level 1,158,150,8,2,2,1,3
S01009996,Level 2,84,81,3,1,1,0,1
S01009996,Level 3,70,64,6,3,1,1,1
S01009996,Level 4 and above,111,97,14,3,4,6,1
S01009997,All people aged 16 and over,470,439,31,5,3,10,13
S01009997,No qualifications,117,114,3,0,1,0,2
S01009997,Level 1,116,108,8,2,0,3,3
S01009997,Level 2,82,81,1,0,0,0,1
S01009997,Level 3,60,55,5,0,0,1,4
S01009997,Level 4 and above,95,81,14,3,2,6,3
S01009998,All people aged 16 and over,524,470,54,3,5,6,40
S01009998,No qualifications,130,107,23,1,0,1,21
S01009998,Level 1,95,87,8,0,0,2,6
S01009998,Level 2,104,102,2,0,0,1,1
S01009998,Level 3,46,43,3,0,0,1,2
S01009998,Level 4 and above,149,131,18,2,5,1,10
S01009999,All people aged 16 and over,597,566,31,0,3,6,22
S01009999,No qualifications,133,124,9,0,0,1,8
S01009999,Level 1,125,118,7,0,0,3,4
S01009999,Level 2,109,109,0,0,0,0,0
S01009999,Level 3,67,63,4,0,0,1,3
S01009999,Level 4 and above,163,152,11,0,3,1,7
S01010000,All people aged 16 and over,491,458,33,2,7,8,16
S01010000,No qualifications,120,112,8,0,0,1,7
S01010000,Level 1,125,121,4,0,2,0,2
S01010000,Level 2,74,73,1,0,0,0,1
S01010000,Level 3,67,66,1,0,0,1,0
S01010000,Level 4 and above,105,86,19,2,5,6,6
S01010001,All people aged 16 and over,617,558,59,6,8,13,32
S01010001,No qualifications,161,150,11,1,1,1,8
S01010001,Level 1,136,127,9,0,0,0,9
S01010001,Level 2,109,103,6,0,0,2,4
S01010001,Level 3,61,58,3,0,1,0,2
S01010001,Level 4 and above,150,120,30,5,6,10,9
S01010002,All people aged 16 and over,644,557,87,11,18,7,51
S01010002,No qualifications,175,142,33,3,2,1,27
S01010002,Level 1,178,154,24,5,6,0,13
S01010002,Level 2,106,100,6,0,2,2,2
S01010002,Level 3,72,67,5,1,2,1,1
S01010002,Level 4 and above,113,94,19,2,6,3,8
S01010003,All people aged 16 and over,571,548,23,0,1,1,21
S01010003,No qualifications,144,134,10,0,0,1,9
S01010003,Level 1,146,141,5,0,0,0,5
S01010003,Level 2,96,95,1,0,0,0,1
S01010003,Level 3,56,56,0,0,0,0,0
S01010003,Level 4 and above,129,122,7,0,1,0,6
S01010004,All people aged 16 and over,617,566,51,5,1,9,36
S01010004,No qualifications,109,86,23,0,0,2,21
S01010004,Level 1,121,109,12,1,0,4,7
S01010004,Level 2,120,117,3,0,0,1,2
S01010004,Level 3,55,51,4,2,0,2,0
S01010004,Level 4 and above,212,203,9,2,1,0,6
S01010005,All people aged 16 and over,682,635,47,9,6,8,24
S01010005,No qualifications,185,175,10,0,0,2,8
S01010005,Level 1,123,118,5,2,0,0,3
S01010005,Level 2,84,80,4,0,0,1,3
S01010005,Level 3,89,88,1,0,0,0,1
S01010005,Level 4 and above,201,174,27,7,6,5,9
S01010006,All people aged 16 and over,810,731,79,13,12,17,37
S01010006,No qualifications,196,176,20,1,1,4,14
S01010006,Level 1,126,115,11,2,1,4,4
S01010006,Level 2,114,110,4,0,0,2,2
S01010006,Level 3,94,84,10,1,3,3,3
S01010006,Level 4 and above,280,246,34,9,7,4,14
S01010007,All people aged 16 and over,805,754,51,8,1,5,37
S01010007,No qualifications,142,131,11,4,0,0,7
S01010007,Level 1,140,130,10,0,0,0,10
S01010007,Level 2,137,133,4,1,0,0,3
S01010007,Level 3,89,85,4,0,1,0,3
S01010007,Level 4 and above,297,275,22,3,0,5,14
S01010008,All people aged 16 and over,567,528,39,6,4,8,21
S01010008,No qualifications,99,96,3,0,0,0,3
S01010008,Level 1,96,90,6,2,1,1,2
S01010008,Level 2,77,75,2,0,0,2,0
S01010008,Level 3,66,60,6,2,0,1,3
S01010008,Level 4 and above,229,207,22,2,3,4,13
S01010009,All people aged 16 and over,528,481,47,4,11,12,20
S01010009,No qualifications,83,78,5,0,2,0,3
S01010009,Level 1,103,97,6,1,0,0,5
S01010009,Level 2,80,73,7,0,3,0,4
S01010009,Level 3,70,60,10,1,0,7,2
S01010009,Level 4 and above,192,173,19,2,6,5,6
S01010010,All people aged 16 and over,858,794,64,11,3,9,41
S01010010,No qualifications,127,109,18,3,0,1,14
S01010010,Level 1,139,130,9,0,1,0,8
S01010010,Level 2,133,129,4,0,2,1,1
S01010010,Level 3,82,79,3,0,0,0,3
S01010010,Level 4 and above,377,347,30,8,0,7,15
S01010011,All people aged 16 and over,703,655,48,5,3,16,24
S01010011,No qualifications,236,222,14,0,1,5,8
S01010011,Level 1,80,77,3,0,0,0,3
S01010011,Level 2,63,61,2,0,0,0,2
S01010011,Level 3,72,69,3,0,0,1,2
S01010011,Level 4 and above,252,226,26,5,2,10,9
S01010012,All people aged 16 and over,685,613,72,3,8,8,53
S01010012,No qualifications,183,151,32,0,2,2,28
S01010012,Level 1,150,134,16,0,3,4,9
S01010012,Level 2,108,105,3,0,0,0,3
S01010012,Level 3,73,67,6,1,0,1,4
S01010012,Level 4 and above,171,156,15,2,3,1,9
S01010013,All people aged 16 and over,698,650,48,3,16,5,24
S01010013,No qualifications,126,124,2,0,0,0,2
S01010013,Level 1,108,100,8,0,4,0,4
S01010013,Level 2,103,101,2,0,0,0,2
S01010013,Level 3,81,74,7,0,5,0,2
S01010013,Level 4 and above,280,251,29,3,7,5,14
S01010014,All people aged 16 and over,874,763,111,7,15,23,66
S01010014,No qualifications,198,162,36,0,2,7,27
S01010014,Level 1,101,89,12,3,2,2,5
S01010014,Level 2,116,109,7,0,1,2,4
S01010014,Level 3,101,90,11,1,1,1,8
S01010014,Level 4 and above,358,313,45,3,9,11,22
S01010015,All people aged 16 and over,711,623,88,19,13,16,40
S01010015,No qualifications,81,59,22,5,2,0,15
S01010015,Level 1,102,95,7,1,1,2,3
S01010015,Level 2,110,100,10,2,4,0,4
S01010015,Level 3,74,66,8,2,1,1,4
S01010015,Level 4 and above,344,303,41,9,5,13,14
S01010016,All people aged 16 and over,611,555,56,3,14,6,33
S01010016,No qualifications,258,234,24,0,4,0,20
S01010016,Level 1,165,155,10,0,3,2,5
S01010016,Level 2,82,78,4,1,1,0,2
S01010016,Level 3,39,34,5,0,1,1,3
S01010016,Level 4 and above,67,54,13,2,5,3,3
S01010017,All people aged 16 and over,606,569,37,0,8,14,15
S01010017,No qualifications,266,241,25,0,5,6,14
S01010017,Level 1,172,170,2,0,2,0,0
S01010017,Level 2,76,75,1,0,1,0,0
S01010017,Level 3,36,36,0,0,0,0,0
S01010017,Level 4 and above,56,47,9,0,0,8,1
S01010018,All people aged 16 and over,798,707,91,10,20,17,44
S01010018,No qualifications,368,335,33,2,1,2,28
S01010018,Level 1,175,157,18,0,7,4,7
S01010018,Level 2,88,78,10,0,2,4,4
S01010018,Level 3,72,64,8,1,4,2,1
S01010018,Level 4 and above,95,73,22,7,6,5,4
S01010019,All people aged 16 and over,586,527,59,3,15,14,27
S01010019,No qualifications,290,266,24,0,5,0,19
S01010019,Level 1,157,147,10,0,3,1,6
S01010019,Level 2,52,47,5,1,1,2,1
S01010019,Level 3,36,32,4,0,2,1,1
S01010019,Level 4 and above,51,35,16,2,4,10,0
S01010020,All people aged 16 and over,627,576,51,5,3,3,40
S01010020,No qualifications,293,260,33,1,1,0,31
S01010020,Level 1,145,139,6,0,0,1,5
S01010020,Level 2,76,75,1,0,0,0,1
S01010020,Level 3,52,50,2,0,1,0,1
S01010020,Level 4 and above,61,52,9,4,1,2,2
S01010021,All people aged 16 and over,624,436,188,17,50,78,43
S01010021,No qualifications,274,221,53,4,11,14,24
S01010021,Level 1,164,102,62,8,19,27,8
S01010021,Level 2,52,45,7,1,2,2,2
S01010021,Level 3,42,20,22,0,8,11,3
S01010021,Level 4 and above,92,48,44,4,10,24,6
S01010022,All people aged 16 and over,773,668,105,28,16,34,27
S01010022,No qualifications,319,293,26,2,4,6,14
S01010022,Level 1,175,161,14,1,5,4,4
S01010022,Level 2,68,63,5,0,1,4,0
S01010022,Level 3,85,64,21,16,0,1,4
S01010022,Level 4 and above,126,87,39,9,6,19,5
S01010023,All people aged 16 and over,536,494,42,1,4,13,24
S01010023,No qualifications,311,287,24,0,2,4,18
S01010023,Level 1,110,106,4,1,2,0,1
S01010023,Level 2,44,43,1,0,0,0,1
S01010023,Level 3,45,39,6,0,0,4,2
S01010023,Level 4 and above,26,19,7,0,0,5,2
S01010024,All people aged 16 and over,625,532,93,15,14,29,35
S01010024,No qualifications,244,219,25,1,2,7,15
S01010024,Level 1,105,95,10,3,1,0,6
S01010024,Level 2,66,58,8,1,2,5,0
S01010024,Level 3,64,53,11,4,3,4,0
S01010024,Level 4 and above,146,107,39,6,6,13,14
S01010025,All people aged 16 and over,471,368,103,11,30,41,21
S01010025,No qualifications,209,181,28,1,8,12,7
S01010025,Level 1,85,78,7,0,0,3,4
S01010025,Level 2,41,34,7,0,0,7,0
S01010025,Level 3,50,31,19,2,7,5,5
S01010025,Level 4 and above,86,44,42,8,15,14,5
S01010026,All people aged 16 and over,758,628,130,14,39,45,32
S01010026,No qualifications,248,227,21,1,5,5,10
S01010026,Level 1,144,117,27,4,10,9,4
S01010026,Level 2,101,91,10,5,1,1,3
S01010026,Level 3,82,59,23,0,10,11,2
S01010026,Level 4 and above,183,134,49,4,13,19,13
S01010027,All people aged 16 and over,761,629,132,41,26,31,34
S01010027,No qualifications,217,192,25,4,2,3,16
S01010027,Level 1,111,91,20,9,5,3,3
S01010027,Level 2,103,92,11,4,1,3,3
S01010027,Level 3,83,69,14,9,1,4,0
S01010027,Level 4 and above,247,185,62,15,17,18,12
S01010028,All people aged 16 and over,547,473,74,14,13,30,17
S01010028,No qualifications,239,223,16,1,0,1,14
S01010028,Level 1,95,82,13,2,3,8,0
S01010028,Level 2,37,36,1,1,0,0,0
S01010028,Level 3,37,32,5,0,1,3,1
S01010028,Level 4 and above,139,100,39,10,9,18,2
S01010029,All people aged 16 and over,574,511,63,5,6,19,33
S01010029,No qualifications,311,274,37,2,3,3,29
S01010029,Level 1,115,110,5,1,1,1,2
S01010029,Level 2,43,42,1,0,0,1,0
S01010029,Level 3,45,32,13,0,2,9,2
S01010029,Level 4 and above,60,53,7,2,0,5,0
S01010030,All people aged 16 and over,704,576,128,36,26,18,48
S01010030,No qualifications,130,107,23,4,3,4,12
S01010030,Level 1,119,106,13,5,4,3,1
S01010030,Level 2,78,69,9,0,2,1,6
S01010030,Level 3,88,70,18,9,2,2,5
S01010030,Level 4 and above,289,224,65,18,15,8,24
S01010031,All people aged 16 and over,730,541,189,76,37,37,39
S01010031,No qualifications,70,50,20,7,4,4,5
S01010031,Level 1,81,66,15,4,5,2,4
S01010031,Level 2,119,108,11,3,2,3,3
S01010031,Level 3,70,55,15,10,1,4,0
S01010031,Level 4 and above,390,262,128,52,25,24,27
S01010032,All people aged 16 and over,804,527,277,219,28,18,12
S01010032,No qualifications,99,87,12,4,1,4,3
S01010032,Level 1,113,87,26,22,2,1,1
S01010032,Level 2,124,103,21,13,5,0,3
S01010032,Level 3,201,69,132,123,4,4,1
S01010032,Level 4 and above,267,181,86,57,16,9,4
S01010033,All people aged 16 and over,769,546,223,53,59,57,54
S01010033,No qualifications,241,188,53,6,5,12,30
S01010033,Level 1,135,95,40,4,16,10,10
S01010033,Level 2,86,69,17,6,4,6,1
S01010033,Level 3,77,63,14,8,3,3,0
S01010033,Level 4 and above,230,131,99,29,31,26,13
S01010034,All people aged 16 and over,882,722,160,52,21,36,51
S01010034,No qualifications,342,302,40,3,3,5,29
S01010034,Level 1,146,118,28,9,5,7,7
S01010034,Level 2,111,108,3,2,0,1,0
S01010034,Level 3,121,90,31,16,1,8,6
S01010034,Level 4 and above,162,104,58,22,12,15,9
S01010035,All people aged 16 and over,573,341,232,41,52,77,62
S01010035,No qualifications,235,176,59,7,14,6,32
S01010035,Level 1,96,55,41,6,6,25,4
S01010035,Level 2,53,35,18,1,3,10,4
S01010035,Level 3,49,23,26,3,8,8,7
S01010035,Level 4 and above,140,52,88,24,21,28,15
S01010036,All people aged 16 and over,767,449,318,157,91,46,24
S01010036,No qualifications,39,15,24,7,12,4,1
S01010036,Level 1,63,42,21,7,9,3,2
S01010036,Level 2,160,140,20,4,8,1,7
S01010036,Level 3,129,99,30,14,7,4,5
S01010036,Level 4 and above,376,153,223,125,55,34,9
S01010037,All people aged 16 and over,565,511,54,11,17,12,14
S01010037,No qualifications,326,314,12,1,3,0,8
S01010037,Level 1,92,84,8,1,5,1,1
S01010037,Level 2,44,42,2,0,0,1,1
S01010037,Level 3,37,29,8,1,2,3,2
S01010037,Level 4 and above,66,42,24,8,7,7,2
S01010038,All people aged 16 and over,867,764,103,29,39,26,9
S01010038,No qualifications,380,371,9,4,1,1,3
S01010038,Level 1,149,135,14,2,2,8,2
S01010038,Level 2,103,92,11,3,5,3,0
S01010038,Level 3,89,64,25,3,12,10,0
S01010038,Level 4 and above,146,102,44,17,19,4,4
S01010039,All people aged 16 and over,931,703,228,85,61,42,40
S01010039,No qualifications,57,48,9,3,1,2,3
S01010039,Level 1,89,58,31,9,9,6,7
S01010039,Level 2,207,184,23,6,5,5,7
S01010039,Level 3,83,76,7,1,0,4,2
S01010039,Level 4 and above,495,337,158,66,46,25,21
S01010040,All people aged 16 and over,666,535,131,24,33,45,29
S01010040,No qualifications,137,126,11,0,3,3,5
S01010040,Level 1,115,91,24,4,5,10,5
S01010040,Level 2,104,92,12,3,2,4,3
S01010040,Level 3,84,62,22,5,6,7,4
S01010040,Level 4 and above,226,164,62,12,17,21,12
S01010041,All people aged 16 and over,627,514,113,31,31,23,28
S01010041,No qualifications,125,115,10,3,4,1,2
S01010041,Level 1,57,48,9,5,4,0,0
S01010041,Level 2,118,111,7,1,0,3,3
S01010041,Level 3,62,54,8,2,4,1,1
S01010041,Level 4 and above,265,186,79,20,19,18,22
S01010042,All people aged 16 and over,974,704,270,96,92,66,16
S01010042,No qualifications,174,150,24,9,6,8,1
S01010042,Level 1,184,143,41,8,12,17,4
S01010042,Level 2,127,114,13,4,4,3,2
S01010042,Level 3,137,97,40,10,23,4,3
S01010042,Level 4 and above,352,200,152,65,47,34,6
S01010043,All people aged 16 and over,656,545,111,26,32,22,31
S01010043,No qualifications,269,243,26,2,6,3,15
S01010043,Level 1,121,105,16,5,3,1,7
S01010043,Level 2,67,64,3,0,2,1,0
S01010043,Level 3,68,51,17,4,7,3,3
S01010043,Level 4 and above,131,82,49,15,14,14,6
S01010044,All people aged 16 and over,993,870,123,19,43,41,20
S01010044,No qualifications,388,369,19,1,3,10,5
S01010044,Level 1,204,181,23,6,4,10,3
S01010044,Level 2,89,84,5,0,0,1,4
S01010044,Level 3,92,75,17,1,7,7,2
S01010044,Level 4 and above,220,161,59,11,29,13,6
S01010045,All people aged 16 and over,418,392,26,4,9,9,4
S01010045,No qualifications,228,221,7,1,1,2,3
S01010045,Level 1,96,92,4,0,3,1,0
S01010045,Level 2,38,34,4,1,2,0,1
S01010045,Level 3,31,30,1,1,0,0,0
S01010045,Level 4 and above,25,15,10,1,3,6,0
S01010046,All people aged 16 and over,647,604,43,5,12,16,10
S01010046,No qualifications,292,285,7,1,0,5,1
S01010046,Level 1,177,165,12,1,1,7,3
S01010046,Level 2,48,44,4,0,2,0,2
S01010046,Level 3,44,39,5,1,2,0,2
S01010046,Level 4 and above,86,71,15,2,7,4,2
S01010047,All people aged 16 and over,694,651,43,5,21,13,4
S01010047,No qualifications,404,402,2,0,1,0,1
S01010047,Level 1,132,118,14,2,10,2,0
S01010047,Level 2,59,56,3,0,1,2,0
S01010047,Level 3,40,34,6,2,1,2,1
S01010047,Level 4 and above,59,41,18,1,8,7,2
S01010048,All people aged 16 and over,810,728,82,7,35,27,13
S01010048,No qualifications,422,406,16,1,8,4,3
S01010048,Level 1,180,165,15,2,5,8,0
S01010048,Level 2,84,73,11,2,4,3,2
S01010048,Level 3,52,42,10,0,5,3,2
S01010048,Level 4 and above,72,42,30,2,13,9,6
S01010049,All people aged 16 and over,604,514,90,15,49,22,4
S01010049,No qualifications,324,306,18,3,7,6,2
S01010049,Level 1,134,116,18,1,10,7,0
S01010049,Level 2,40,36,4,1,0,3,0
S01010049,Level 3,40,33,7,1,4,1,1
S01010049,Level 4 and above,66,23,43,9,28,5,1
S01010050,All people aged 16 and over,807,724,83,15,37,15,16
S01010050,No qualifications,424,410,14,2,0,3,9
S01010050,Level 1,164,147,17,1,13,1,2
S01010050,Level 2,67,56,11,5,5,1,0
S01010050,Level 3,54,45,9,2,2,3,2
S01010050,Level 4 and above,98,66,32,5,17,7,3
S01010051,All people aged 16 and over,606,506,100,38,27,28,7
S01010051,No qualifications,345,315,30,9,10,8,3
S01010051,Level 1,105,86,19,8,2,7,2
S01010051,Level 2,43,40,3,0,0,3,0
S01010051,Level 3,31,23,8,2,3,2,1
S01010051,Level 4 and above,82,42,40,19,12,8,1
S01010052,All people aged 16 and over,555,457,98,21,35,30,12
S01010052,No qualifications,266,248,18,5,3,8,2
S01010052,Level 1,114,95,19,5,4,10,0
S01010052,Level 2,47,40,7,0,2,3,2
S01010052,Level 3,40,24,16,1,9,4,2
S01010052,Level 4 and above,88,50,38,10,17,5,6
S01010053,All people aged 16 and over,700,553,147,28,63,37,19
S01010053,No qualifications,275,261,14,1,6,4,3
S01010053,Level 1,160,132,28,6,10,9,3
S01010053,Level 2,58,49,9,0,6,2,1
S01010053,Level 3,70,53,17,1,4,8,4
S01010053,Level 4 and above,137,58,79,20,37,14,8
S01010054,All people aged 16 and over,411,374,37,1,13,16,7
S01010054,No qualifications,247,239,8,0,3,2,3
S01010054,Level 1,99,87,12,0,3,8,1
S01010054,Level 2,17,17,0,0,0,0,0
S01010054,Level 3,21,18,3,0,1,2,0
S01010054,Level 4 and above,27,13,14,1,6,4,3
S01010055,All people aged 16 and over,961,875,86,19,22,26,19
S01010055,No qualifications,454,433,21,5,4,3,9
S01010055,Level 1,215,200,15,0,6,5,4
S01010055,Level 2,101,95,6,0,0,3,3
S01010055,Level 3,61,53,8,1,3,3,1
S01010055,Level 4 and above,130,94,36,13,9,12,2
S01010056,All people aged 16 and over,360,336,24,3,11,6,4
S01010056,No qualifications,178,178,0,0,0,0,0
S01010056,Level 1,115,104,11,1,4,4,2
S01010056,Level 2,23,21,2,0,1,0,1
S01010056,Level 3,25,22,3,0,1,2,0
S01010056,Level 4 and above,19,11,8,2,5,0,1
S01010057,All people aged 16 and over,334,286,48,16,15,14,3
S01010057,No qualifications,140,130,10,4,3,2,1
S01010057,Level 1,75,66,9,3,3,3,0
S01010057,Level 2,30,29,1,0,0,1,0
S01010057,Level 3,31,23,8,3,2,3,0
S01010057,Level 4 and above,58,38,20,6,7,5,2
S01010058,All people aged 16 and over,613,559,54,11,15,13,15
S01010058,No qualifications,274,262,12,2,6,2,2
S01010058,Level 1,154,146,8,1,0,4,3
S01010058,Level 2,61,59,2,1,1,0,0
S01010058,Level 3,46,43,3,2,1,0,0
S01010058,Level 4 and above,78,49,29,5,7,7,10
S01010059,All people aged 16 and over,548,489,59,11,29,10,9
S01010059,No qualifications,178,168,10,0,7,1,2
S01010059,Level 1,127,119,8,2,1,1,4
S01010059,Level 2,59,57,2,0,1,0,1
S01010059,Level 3,62,52,10,4,2,2,2
S01010059,Level 4 and above,122,93,29,5,18,6,0
S01010060,All people aged 16 and over,768,698,70,8,26,11,25
S01010060,No qualifications,345,323,22,2,9,1,10
S01010060,Level 1,164,151,13,2,3,4,4
S01010060,Level 2,91,86,5,0,5,0,0
S01010060,Level 3,60,48,12,2,2,4,4
S01010060,Level 4 and above,108,90,18,2,7,2,7
S01010061,All people aged 16 and over,419,389,30,13,4,0,13
S01010061,No qualifications,125,113,12,4,1,0,7
S01010061,Level 1,107,102,5,2,0,0,3
S01010061,Level 2,62,60,2,2,0,0,0
S01010061,Level 3,56,51,5,4,0,0,1
S01010061,Level 4 and above,69,63,6,1,3,0,2
S01010062,All people aged 16 and over,594,554,40,4,20,8,8
S01010062,No qualifications,253,246,7,2,3,1,1
S01010062,Level 1,155,148,7,0,4,2,1
S01010062,Level 2,62,57,5,0,1,0,4
S01010062,Level 3,59,53,6,0,6,0,0
S01010062,Level 4 and above,65,50,15,2,6,5,2
S01010063,All people aged 16 and over,854,784,70,25,23,10,12
S01010063,No qualifications,390,377,13,4,5,2,2
S01010063,Level 1,212,198,14,4,5,3,2
S01010063,Level 2,77,74,3,0,0,1,2
S01010063,Level 3,66,56,10,3,2,2,3
S01010063,Level 4 and above,109,79,30,14,11,2,3
S01010064,All people aged 16 and over,442,404,38,4,12,16,6
S01010064,No qualifications,174,168,6,2,1,3,0
S01010064,Level 1,109,103,6,0,0,3,3
S01010064,Level 2,63,61,2,0,0,2,0
S01010064,Level 3,44,41,3,1,1,1,0
S01010064,Level 4 and above,52,31,21,1,10,7,3
S01010065,All people aged 16 and over,709,674,35,3,16,9,7
S01010065,No qualifications,373,359,14,1,9,0,4
S01010065,Level 1,170,161,9,2,2,3,2
S01010065,Level 2,66,65,1,0,0,1,0
S01010065,Level 3,42,39,3,0,0,3,0
S01010065,Level 4 and above,58,50,8,0,5,2,1
S01010066,All people aged 16 and over,608,555,53,12,17,7,17
S01010066,No qualifications,297,290,7,1,1,0,5
S01010066,Level 1,161,139,22,3,8,2,9
S01010066,Level 2,55,53,2,2,0,0,0
S01010066,Level 3,45,37,8,3,3,0,2
S01010066,Level 4 and above,50,36,14,3,5,5,1
S01010067,All people aged 16 and over,468,440,28,4,8,4,12
S01010067,No qualifications,246,241,5,1,0,0,4
S01010067,Level 1,109,107,2,0,1,0,1
S01010067,Level 2,39,37,2,0,1,1,0
S01010067,Level 3,39,34,5,0,1,1,3
S01010067,Level 4 and above,35,21,14,3,5,2,4
S01010068,All people aged 16 and over,524,428,96,22,35,23,16
S01010068,No qualifications,189,178,11,1,3,1,6
S01010068,Level 1,114,93,21,8,8,4,1
S01010068,Level 2,67,58,9,4,2,2,1
S01010068,Level 3,48,40,8,1,5,2,0
S01010068,Level 4 and above,106,59,47,8,17,14,8
S01010069,All people aged 16 and over,698,664,34,2,4,4,24
S01010069,No qualifications,203,189,14,0,2,0,12
S01010069,Level 1,183,176,7,0,0,0,7
S01010069,Level 2,117,116,1,0,0,0,1
S01010069,Level 3,84,83,1,1,0,0,0
S01010069,Level 4 and above,111,100,11,1,2,4,4
S01010070,All people aged 16 and over,556,525,31,11,1,3,16
S01010070,No qualifications,140,128,12,0,0,1,11
S01010070,Level 1,174,168,6,2,0,2,2
S01010070,Level 2,109,107,2,0,1,0,1
S01010070,Level 3,55,54,1,0,0,0,1
S01010070,Level 4 and above,78,68,10,9,0,0,1
S01010071,All people aged 16 and over,680,649,31,10,0,2,19
S01010071,No qualifications,254,244,10,0,0,0,10
S01010071,Level 1,173,166,7,4,0,0,3
S01010071,Level 2,84,81,3,1,0,1,1
S01010071,Level 3,68,65,3,0,0,0,3
S01010071,Level 4 and above,101,93,8,5,0,1,2
S01010072,All people aged 16 and over,693,675,18,1,2,7,8
S01010072,No qualifications,296,292,4,1,0,0,3
S01010072,Level 1,152,149,3,0,1,2,0
S01010072,Level 2,105,103,2,0,0,1,1
S01010072,Level 3,52,51,1,0,0,0,1
S01010072,Level 4 and above,88,80,8,0,1,4,3
S01010073,All people aged 16 and over,671,652,19,6,0,3,10
S01010073,No qualifications,241,234,7,3,0,2,2
S01010073,Level 1,138,137,1,0,0,0,1
S01010073,Level 2,108,108,0,0,0,0,0
S01010073,Level 3,53,53,0,0,0,0,0
S01010073,Level 4 and above,131,120,11,3,0,1,7
S01010074,All people aged 16 and over,694,673,21,6,0,2,13
S01010074,No qualifications,228,219,9,1,0,1,7
S01010074,Level 1,153,150,3,0,0,0,3
S01010074,Level 2,96,96,0,0,0,0,0
S01010074,Level 3,69,68,1,1,0,0,0
S01010074,Level 4 and above,148,140,8,4,0,1,3
S01010075,All people aged 16 and over,541,538,3,0,0,1,2
S01010075,No qualifications,291,290,1,0,0,0,1
S01010075,Level 1,114,113,1,0,0,1,0
S01010075,Level 2,51,50,1,0,0,0,1
S01010075,Level 3,42,42,0,0,0,0,0
S01010075,Level 4 and above,43,43,0,0,0,0,0
S01010076,All people aged 16 and over,553,543,10,2,1,2,5
S01010076,No qualifications,226,224,2,0,0,0,2
S01010076,Level 1,163,163,0,0,0,0,0
S01010076,Level 2,66,64,2,1,0,0,1
S01010076,Level 3,41,40,1,0,0,0,1
S01010076,Level 4 and above,57,52,5,1,1,2,1
S01010077,All people aged 16 and over,511,499,12,5,2,3,2
S01010077,No qualifications,259,258,1,0,1,0,0
S01010077,Level 1,116,111,5,0,1,3,1
S01010077,Level 2,54,54,0,0,0,0,0
S01010077,Level 3,28,27,1,0,0,0,1
S01010077,Level 4 and above,54,49,5,5,0,0,0
S01010078,All people aged 16 and over,510,472,38,2,5,1,30
S01010078,No qualifications,133,122,11,0,0,0,11
S01010078,Level 1,138,130,8,0,1,0,7
S01010078,Level 2,98,97,1,0,0,1,0
S01010078,Level 3,45,41,4,0,0,0,4
S01010078,Level 4 and above,96,82,14,2,4,0,8
S01010079,All people aged 16 and over,793,775,18,1,1,4,12
S01010079,No qualifications,201,196,5,0,0,0,5
S01010079,Level 1,157,156,1,0,0,0,1
S01010079,Level 2,144,141,3,0,0,2,1
S01010079,Level 3,70,70,0,0,0,0,0
S01010079,Level 4 and above,221,212,9,1,1,2,5
S01010080,All people aged 16 and over,577,561,16,3,2,1,10
S01010080,No qualifications,175,168,7,0,0,0,7
S01010080,Level 1,131,128,3,2,0,0,1
S01010080,Level 2,75,74,1,0,0,0,1
S01010080,Level 3,71,71,0,0,0,0,0
S01010080,Level 4 and above,125,120,5,1,2,1,1
S01010081,All people aged 16 and over,617,589,28,6,4,2,16
S01010081,No qualifications,185,172,13,1,1,2,9
S01010081,Level 1,115,112,3,1,1,0,1
S01010081,Level 2,95,92,3,1,0,0,2
S01010081,Level 3,77,75,2,0,2,0,0
S01010081,Level 4 and above,145,138,7,3,0,0,4
S01010082,All people aged 16 and over,742,702,40,5,9,10,16
S01010082,No qualifications,202,196,6,0,1,0,5
S01010082,Level 1,188,176,12,2,4,2,4
S01010082,Level 2,103,99,4,1,0,1,2
S01010082,Level 3,82,74,8,1,3,3,1
S01010082,Level 4 and above,167,157,10,1,1,4,4
S01010083,All people aged 16 and over,609,582,27,4,1,10,12
S01010083,No qualifications,277,274,3,0,0,0,3
S01010083,Level 1,157,147,10,2,0,4,4
S01010083,Level 2,88,87,1,0,0,0,1
S01010083,Level 3,46,42,4,0,1,2,1
S01010083,Level 4 and above,41,32,9,2,0,4,3
S01010084,All people aged 16 and over,750,733,17,2,3,3,9
S01010084,No qualifications,337,332,5,0,1,0,4
S01010084,Level 1,197,194,3,0,0,1,2
S01010084,Level 2,87,85,2,0,0,0,2
S01010084,Level 3,69,68,1,1,0,0,0
S01010084,Level 4 and above,60,54,6,1,2,2,1
S01010085,All people aged 16 and over,657,642,15,1,4,0,10
S01010085,No qualifications,201,194,7,0,1,0,6
S01010085,Level 1,135,134,1,0,0,0,1
S01010085,Level 2,120,119,1,1,0,0,0
S01010085,Level 3,75,73,2,0,1,0,1
S01010085,Level 4 and above,126,122,4,0,2,0,2
S01010086,All people aged 16 and over,778,763,15,1,0,5,9
S01010086,No qualifications,393,388,5,1,0,0,4
S01010086,Level 1,217,211,6,0,0,2,4
S01010086,Level 2,81,79,2,0,0,1,1
S01010086,Level 3,51,51,0,0,0,0,0
S01010086,Level 4 and above,36,34,2,0,0,2,0
S01010087,All people aged 16 and over,506,497,9,0,0,0,9
S01010087,No qualifications,150,144,6,0,0,0,6
S01010087,Level 1,131,129,2,0,0,0,2
S01010087,Level 2,72,71,1,0,0,0,1
S01010087,Level 3,56,56,0,0,0,0,0
S01010087,Level 4 and above,97,97,0,0,0,0,0
S01010088,All people aged 16 and over,612,575,37,2,4,8,23
S01010088,No qualifications,95,81,14,0,2,2,10
S01010088,Level 1,150,145,5,0,0,2,3
S01010088,Level 2,76,75,1,0,0,0,1
S01010088,Level 3,77,75,2,0,1,0,1
S01010088,Level 4 and above,214,199,15,2,1,4,8
S01010089,All people aged 16 and over,618,576,42,13,5,6,18
S01010089,No qualifications,247,239,8,0,0,2,6
S01010089,Level 1,165,157,8,0,2,1,5
S01010089,Level 2,69,61,8,5,0,2,1
S01010089,Level 3,63,58,5,1,0,1,3
S01010089,Level 4 and above,74,61,13,7,3,0,3
S01010090,All people aged 16 and over,875,847,28,5,3,7,13
S01010090,No qualifications,240,232,8,1,0,2,5
S01010090,Level 1,211,208,3,0,0,1,2
S01010090,Level 2,158,154,4,0,2,1,1
S01010090,Level 3,95,94,1,0,0,1,0
S01010090,Level 4 and above,171,159,12,4,1,2,5
S01010091,All people aged 16 and over,674,648,26,4,4,3,15
S01010091,No qualifications,167,162,5,0,0,0,5
S01010091,Level 1,174,172,2,1,0,0,1
S01010091,Level 2,99,98,1,0,0,0,1
S01010091,Level 3,85,82,3,0,2,0,1
S01010091,Level 4 and above,149,134,15,3,2,3,7
S01010092,All people aged 16 and over,822,792,30,5,8,7,10
S01010092,No qualifications,420,415,5,0,1,0,4
S01010092,Level 1,181,176,5,2,2,0,1
S01010092,Level 2,75,74,1,0,1,0,0
S01010092,Level 3,55,52,3,0,1,1,1
S01010092,Level 4 and above,91,75,16,3,3,6,4
S01010093,All people aged 16 and over,731,701,30,1,1,10,18
S01010093,No qualifications,231,222,9,0,0,2,7
S01010093,Level 1,171,163,8,0,1,3,4
S01010093,Level 2,115,110,5,0,0,1,4
S01010093,Level 3,87,82,5,0,0,4,1
S01010093,Level 4 and above,127,124,3,1,0,0,2
S01010094,All people aged 16 and over,564,550,14,2,0,1,11
S01010094,No qualifications,175,170,5,0,0,0,5
S01010094,Level 1,141,141,0,0,0,0,0
S01010094,Level 2,73,73,0,0,0,0,0
S01010094,Level 3,62,59,3,0,0,0,3
S01010094,Level 4 and above,113,107,6,2,0,1,3
S01010095,All people aged 16 and over,594,585,9,1,1,0,7
S01010095,No qualifications,151,149,2,1,0,0,1
S01010095,Level 1,162,160,2,0,0,0,2
S01010095,Level 2,100,99,1,0,1,0,0
S01010095,Level 3,65,64,1,0,0,0,1
S01010095,Level 4 and above,116,113,3,0,0,0,3
S01010096,All people aged 16 and over,617,600,17,0,3,2,12
S01010096,No qualifications,138,134,4,0,0,0,4
S01010096,Level 1,187,182,5,0,0,1,4
S01010096,Level 2,116,113,3,0,1,0,2
S01010096,Level 3,56,55,1,0,1,0,0
S01010096,Level 4 and above,120,116,4,0,1,1,2
S01010097,All people aged 16 and over,603,576,27,0,0,11,16
S01010097,No qualifications,176,164,12,0,0,4,8
S01010097,Level 1,162,156,6,0,0,2,4
S01010097,Level 2,97,96,1,0,0,0,1
S01010097,Level 3,70,69,1,0,0,1,0
S01010097,Level 4 and above,98,91,7,0,0,4,3
S01010098,All people aged 16 and over,600,590,10,1,1,1,7
S01010098,No qualifications,164,159,5,0,0,0,5
S01010098,Level 1,159,157,2,0,1,0,1
S01010098,Level 2,109,109,0,0,0,0,0
S01010098,Level 3,59,59,0,0,0,0,0
S01010098,Level 4 and above,109,106,3,1,0,1,1
S01010099,All people aged 16 and over,592,585,7,0,0,1,6
S01010099,No qualifications,156,152,4,0,0,1,3
S01010099,Level 1,124,124,0,0,0,0,0
S01010099,Level 2,115,115,0,0,0,0,0
S01010099,Level 3,72,72,0,0,0,0,0
S01010099,Level 4 and above,125,122,3,0,0,0,3
S01010100,All people aged 16 and over,766,735,31,0,1,3,27
S01010100,No qualifications,277,261,16,0,1,1,14
S01010100,Level 1,197,193,4,0,0,1,3
S01010100,Level 2,109,109,0,0,0,0,0
S01010100,Level 3,74,72,2,0,0,0,2
S01010100,Level 4 and above,109,100,9,0,0,1,8
S01010101,All people aged 16 and over,644,616,28,6,5,4,13
S01010101,No qualifications,252,245,7,0,1,1,5
S01010101,Level 1,158,151,7,2,0,2,3
S01010101,Level 2,93,90,3,0,1,0,2
S01010101,Level 3,56,54,2,0,2,0,0
S01010101,Level 4 and above,85,76,9,4,1,1,3
S01010102,All people aged 16 and over,749,701,48,3,4,10,31
S01010102,No qualifications,146,126,20,0,0,2,18
S01010102,Level 1,193,186,7,0,3,2,2
S01010102,Level 2,157,156,1,0,0,1,0
S01010102,Level 3,72,72,0,0,0,0,0
S01010102,Level 4 and above,181,161,20,3,1,5,11
S01010103,All people aged 16 and over,774,740,34,0,4,4,26
S01010103,No qualifications,158,147,11,0,1,0,10
S01010103,Level 1,235,229,6,0,2,0,4
S01010103,Level 2,143,141,2,0,0,0,2
S01010103,Level 3,89,86,3,0,1,0,2
S01010103,Level 4 and above,149,137,12,0,0,4,8
S01010104,All people aged 16 and over,554,534,20,3,0,0,17
S01010104,No qualifications,102,93,9,0,0,0,9
S01010104,Level 1,159,155,4,0,0,0,4
S01010104,Level 2,99,99,0,0,0,0,0
S01010104,Level 3,80,78,2,2,0,0,0
S01010104,Level 4 and above,114,109,5,1,0,0,4
S01010105,All people aged 16 and over,313,292,21,4,3,12,2
S01010105,No qualifications,133,130,3,0,0,3,0
S01010105,Level 1,90,81,9,4,2,3,0
S01010105,Level 2,41,39,2,0,0,0,2
S01010105,Level 3,28,28,0,0,0,0,0
S01010105,Level 4 and above,21,14,7,0,1,6,0
S01010106,All people aged 16 and over,357,345,12,5,4,0,3
S01010106,No qualifications,190,183,7,5,0,0,2
S01010106,Level 1,97,93,4,0,4,0,0
S01010106,Level 2,34,34,0,0,0,0,0
S01010106,Level 3,14,14,0,0,0,0,0
S01010106,Level 4 and above,22,21,1,0,0,0,1
S01010107,All people aged 16 and over,647,610,37,6,9,10,12
S01010107,No qualifications,270,260,10,4,1,2,3
S01010107,Level 1,183,177,6,0,0,3,3
S01010107,Level 2,113,112,1,0,1,0,0
S01010107,Level 3,33,28,5,1,2,1,1
S01010107,Level 4 and above,48,33,15,1,5,4,5
S01010108,All people aged 16 and over,623,608,15,4,3,4,4
S01010108,No qualifications,340,337,3,0,0,0,3
S01010108,Level 1,126,124,2,0,0,1,1
S01010108,Level 2,55,55,0,0,0,0,0
S01010108,Level 3,61,58,3,1,1,1,0
S01010108,Level 4 and above,41,34,7,3,2,2,0
S01010109,All people aged 16 and over,659,626,33,6,9,6,12
S01010109,No qualifications,266,259,7,0,1,1,5
S01010109,Level 1,161,153,8,1,2,0,5
S01010109,Level 2,73,70,3,2,1,0,0
S01010109,Level 3,58,57,1,0,0,0,1
S01010109,Level 4 and above,101,87,14,3,5,5,1
S01010110,All people aged 16 and over,684,666,18,6,6,4,2
S01010110,No qualifications,412,410,2,0,1,0,1
S01010110,Level 1,144,140,4,0,2,1,1
S01010110,Level 2,46,44,2,1,1,0,0
S01010110,Level 3,48,47,1,0,1,0,0
S01010110,Level 4 and above,34,25,9,5,1,3,0
S01010111,All people aged 16 and over,754,723,31,3,11,5,12
S01010111,No qualifications,394,384,10,3,2,1,4
S01010111,Level 1,206,200,6,0,1,2,3
S01010111,Level 2,62,61,1,0,0,0,1
S01010111,Level 3,50,47,3,0,2,1,0
S01010111,Level 4 and above,42,31,11,0,6,1,4
S01010112,All people aged 16 and over,728,705,23,2,11,5,5
S01010112,No qualifications,344,342,2,0,2,0,0
S01010112,Level 1,208,202,6,0,3,0,3
S01010112,Level 2,73,72,1,0,0,1,0
S01010112,Level 3,57,49,8,0,4,4,0
S01010112,Level 4 and above,46,40,6,2,2,0,2
S01010113,All people aged 16 and over,395,370,25,8,6,10,1
S01010113,No qualifications,179,179,0,0,0,0,0
S01010113,Level 1,115,104,11,5,1,4,1
S01010113,Level 2,44,40,4,0,1,3,0
S01010113,Level 3,25,24,1,1,0,0,0
S01010113,Level 4 and above,32,23,9,2,4,3,0
S01010114,All people aged 16 and over,614,574,40,7,23,2,8
S01010114,No qualifications,334,323,11,3,5,0,3
S01010114,Level 1,164,161,3,0,3,0,0
S01010114,Level 2,52,50,2,0,0,0,2
S01010114,Level 3,31,25,6,0,3,1,2
S01010114,Level 4 and above,33,15,18,4,12,1,1
S01010115,All people aged 16 and over,486,469,17,7,0,2,8
S01010115,No qualifications,182,174,8,2,0,0,6
S01010115,Level 1,147,146,1,0,0,0,1
S01010115,Level 2,58,58,0,0,0,0,0
S01010115,Level 3,58,57,1,0,0,1,0
S01010115,Level 4 and above,41,34,7,5,0,1,1
S01010116,All people aged 16 and over,794,706,88,27,19,24,18
S01010116,No qualifications,204,186,18,4,6,3,5
S01010116,Level 1,224,204,20,7,4,3,6
S01010116,Level 2,121,117,4,3,1,0,0
S01010116,Level 3,108,98,10,1,0,5,4
S01010116,Level 4 and above,137,101,36,12,8,13,3
S01010117,All people aged 16 and over,502,452,50,7,10,14,19
S01010117,No qualifications,96,91,5,0,2,0,3
S01010117,Level 1,130,123,7,1,0,3,3
S01010117,Level 2,58,53,5,0,1,2,2
S01010117,Level 3,56,49,7,1,1,3,2
S01010117,Level 4 and above,162,136,26,5,6,6,9
S01010118,All people aged 16 and over,478,459,19,2,4,8,5
S01010118,No qualifications,281,279,2,0,0,1,1
S01010118,Level 1,108,101,7,2,3,0,2
S01010118,Level 2,35,32,3,0,0,2,1
S01010118,Level 3,29,28,1,0,0,1,0
S01010118,Level 4 and above,25,19,6,0,1,4,1
S01010119,All people aged 16 and over,389,365,24,0,5,11,8
S01010119,No qualifications,164,160,4,0,0,2,2
S01010119,Level 1,110,109,1,0,0,0,1
S01010119,Level 2,44,40,4,0,1,3,0
S01010119,Level 3,33,29,4,0,0,3,1
S01010119,Level 4 and above,38,27,11,0,4,3,4
S01010120,All people aged 16 and over,772,737,35,3,7,13,12
S01010120,No qualifications,411,400,11,0,2,3,6
S01010120,Level 1,187,176,11,0,2,5,4
S01010120,Level 2,71,70,1,0,1,0,0
S01010120,Level 3,58,54,4,3,0,1,0
S01010120,Level 4 and above,45,37,8,0,2,4,2
S01010121,All people aged 16 and over,532,516,16,2,7,3,4
S01010121,No qualifications,286,280,6,0,3,0,3
S01010121,Level 1,140,137,3,2,0,1,0
S01010121,Level 2,45,44,1,0,1,0,0
S01010121,Level 3,40,37,3,0,3,0,0
S01010121,Level 4 and above,21,18,3,0,0,2,1
S01010122,All people aged 16 and over,380,369,11,2,3,1,5
S01010122,No qualifications,234,230,4,0,0,0,4
S01010122,Level 1,74,71,3,1,1,0,1
S01010122,Level 2,33,32,1,1,0,0,0
S01010122,Level 3,20,20,0,0,0,0,0
S01010122,Level 4 and above,19,16,3,0,2,1,0
S01010123,All people aged 16 and over,535,476,59,9,16,21,13
S01010123,No qualifications,228,210,18,3,7,2,6
S01010123,Level 1,147,134,13,2,3,4,4
S01010123,Level 2,61,58,3,2,0,1,0
S01010123,Level 3,51,43,8,1,1,6,0
S01010123,Level 4 and above,48,31,17,1,5,8,3
S01010124,All people aged 16 and over,506,475,31,11,5,7,8
S01010124,No qualifications,138,131,7,4,1,1,1
S01010124,Level 1,164,159,5,3,0,0,2
S01010124,Level 2,77,73,4,1,1,2,0
S01010124,Level 3,56,52,4,1,0,2,1
S01010124,Level 4 and above,71,60,11,2,3,2,4
S01010125,All people aged 16 and over,402,360,42,7,17,12,6
S01010125,No qualifications,159,154,5,2,1,0,2
S01010125,Level 1,110,103,7,2,2,2,1
S01010125,Level 2,49,46,3,0,3,0,0
S01010125,Level 3,35,28,7,1,4,0,2
S01010125,Level 4 and above,49,29,20,2,7,10,1
S01010126,All people aged 16 and over,593,581,12,2,2,3,5
S01010126,No qualifications,244,240,4,0,0,1,3
S01010126,Level 1,177,173,4,2,1,0,1
S01010126,Level 2,79,78,1,0,0,0,1
S01010126,Level 3,53,53,0,0,0,0,0
S01010126,Level 4 and above,40,37,3,0,1,2,0
S01010127,All people aged 16 and over,526,522,4,1,1,0,2
S01010127,No qualifications,268,266,2,1,0,0,1
S01010127,Level 1,118,117,1,0,0,0,1
S01010127,Level 2,61,61,0,0,0,0,0
S01010127,Level 3,37,37,0,0,0,0,0
S01010127,Level 4 and above,42,41,1,0,1,0,0
S01010128,All people aged 16 and over,343,315,28,4,11,12,1
S01010128,No qualifications,157,152,5,2,2,1,0
S01010128,Level 1,104,93,11,2,3,6,0
S01010128,Level 2,30,28,2,0,0,1,1
S01010128,Level 3,31,27,4,0,2,2,0
S01010128,Level 4 and above,21,15,6,0,4,2,0
S01010129,All people aged 16 and over,550,522,28,12,8,3,5
S01010129,No qualifications,275,270,5,0,1,1,3
S01010129,Level 1,155,147,8,3,5,0,0
S01010129,Level 2,40,40,0,0,0,0,0
S01010129,Level 3,37,34,3,0,1,0,2
S01010129,Level 4 and above,43,31,12,9,1,2,0
S01010130,All people aged 16 and over,341,335,6,2,3,0,1
S01010130,No qualifications,180,178,2,0,1,0,1
S01010130,Level 1,88,87,1,0,1,0,0
S01010130,Level 2,30,30,0,0,0,0,0
S01010130,Level 3,23,22,1,1,0,0,0
S01010130,Level 4 and above,20,18,2,1,1,0,0
S01010131,All people aged 16 and over,840,803,37,2,1,3,31
S01010131,No qualifications,295,276,19,1,1,1,16
S01010131,Level 1,209,207,2,0,0,0,2
S01010131,Level 2,126,122,4,1,0,0,3
S01010131,Level 3,89,88,1,0,0,0,1
S01010131,Level 4 and above,121,110,11,0,0,2,9
S01010132,All people aged 16 and over,809,758,51,11,21,10,9
S01010132,No qualifications,425,418,7,1,4,1,1
S01010132,Level 1,197,181,16,2,6,3,5
S01010132,Level 2,70,68,2,0,0,2,0
S01010132,Level 3,48,41,7,2,2,3,0
S01010132,Level 4 and above,69,50,19,6,9,1,3
S01010133,All people aged 16 and over,607,580,27,6,6,3,12
S01010133,No qualifications,322,316,6,0,0,0,6
S01010133,Level 1,126,125,1,0,0,0,1
S01010133,Level 2,61,56,5,0,2,1,2
S01010133,Level 3,40,37,3,0,0,0,3
S01010133,Level 4 and above,58,46,12,6,4,2,0
S01010134,All people aged 16 and over,840,816,24,6,4,4,10
S01010134,No qualifications,438,430,8,4,0,1,3
S01010134,Level 1,194,187,7,0,1,3,3
S01010134,Level 2,82,81,1,0,0,0,1
S01010134,Level 3,50,50,0,0,0,0,0
S01010134,Level 4 and above,76,68,8,2,3,0,3
S01010135,All people aged 16 and over,639,620,19,10,1,1,7
S01010135,No qualifications,340,337,3,0,0,0,3
S01010135,Level 1,151,149,2,0,0,0,2
S01010135,Level 2,60,59,1,0,0,0,1
S01010135,Level 3,39,39,0,0,0,0,0
S01010135,Level 4 and above,49,36,13,10,1,1,1
S01010136,All people aged 16 and over,679,664,15,1,0,5,9
S01010136,No qualifications,260,255,5,0,0,2,3
S01010136,Level 1,197,194,3,1,0,2,0
S01010136,Level 2,78,75,3,0,0,1,2
S01010136,Level 3,57,56,1,0,0,0,1
S01010136,Level 4 and above,87,84,3,0,0,0,3
S01010137,All people aged 16 and over,849,828,21,4,5,3,9
S01010137,No qualifications,399,393,6,1,0,1,4
S01010137,Level 1,176,175,1,0,1,0,0
S01010137,Level 2,92,90,2,0,0,0,2
S01010137,Level 3,74,72,2,0,0,0,2
S01010137,Level 4 and above,108,98,10,3,4,2,1
S01010138,All people aged 16 and over,841,779,62,20,17,10,15
S01010138,No qualifications,417,404,13,5,5,0,3
S01010138,Level 1,195,180,15,4,4,4,3
S01010138,Level 2,69,67,2,0,0,0,2
S01010138,Level 3,59,53,6,2,1,2,1
S01010138,Level 4 and above,101,75,26,9,7,4,6
S01010139,All people aged 16 and over,897,862,35,9,7,10,9
S01010139,No qualifications,419,412,7,1,1,0,5
S01010139,Level 1,203,196,7,1,1,3,2
S01010139,Level 2,108,105,3,1,1,0,1
S01010139,Level 3,74,68,6,1,1,4,0
S01010139,Level 4 and above,93,81,12,5,3,3,1
S01010140,All people aged 16 and over,596,543,53,13,17,10,13
S01010140,No qualifications,159,152,7,1,3,0,3
S01010140,Level 1,208,197,11,5,3,0,3
S01010140,Level 2,70,67,3,0,2,1,0
S01010140,Level 3,53,46,7,0,3,1,3
S01010140,Level 4 and above,106,81,25,7,6,8,4
S01010141,All people aged 16 and over,662,621,41,11,12,12,6
S01010141,No qualifications,341,328,13,5,4,3,1
S01010141,Level 1,139,132,7,3,2,1,1
S01010141,Level 2,64,64,0,0,0,0,0
S01010141,Level 3,45,42,3,1,1,1,0
S01010141,Level 4 and above,73,55,18,2,5,7,4
S01010142,All people aged 16 and over,491,470,21,6,6,6,3
S01010142,No qualifications,198,192,6,0,4,1,1
S01010142,Level 1,122,118,4,0,1,2,1
S01010142,Level 2,68,68,0,0,0,0,0
S01010142,Level 3,53,50,3,1,1,0,1
S01010142,Level 4 and above,50,42,8,5,0,3,0
S01010143,All people aged 16 and over,632,618,14,2,4,0,8
S01010143,No qualifications,335,327,8,1,2,0,5
S01010143,Level 1,139,139,0,0,0,0,0
S01010143,Level 2,55,55,0,0,0,0,0
S01010143,Level 3,51,46,5,1,2,0,2
S01010143,Level 4 and above,52,51,1,0,0,0,1
S01010144,All people aged 16 and over,575,488,87,20,42,16,9
S01010144,No qualifications,179,170,9,4,4,0,1
S01010144,Level 1,158,132,26,5,16,3,2
S01010144,Level 2,71,69,2,0,2,0,0
S01010144,Level 3,62,50,12,3,5,0,4
S01010144,Level 4 and above,105,67,38,8,15,13,2
S01010145,All people aged 16 and over,650,547,103,20,50,18,15
S01010145,No qualifications,245,216,29,7,10,1,11
S01010145,Level 1,189,153,36,9,20,5,2
S01010145,Level 2,60,60,0,0,0,0,0
S01010145,Level 3,62,56,6,1,0,3,2
S01010145,Level 4 and above,94,62,32,3,20,9,0
S01010146,All people aged 16 and over,627,546,81,29,26,14,12
S01010146,No qualifications,271,250,21,7,9,1,4
S01010146,Level 1,176,156,20,6,6,3,5
S01010146,Level 2,59,55,4,0,0,4,0
S01010146,Level 3,58,53,5,1,2,1,1
S01010146,Level 4 and above,63,32,31,15,9,5,2
S01010147,All people aged 16 and over,746,699,47,14,20,5,8
S01010147,No qualifications,350,343,7,3,2,1,1
S01010147,Level 1,228,214,14,5,6,2,1
S01010147,Level 2,69,64,5,0,2,0,3
S01010147,Level 3,48,43,5,3,2,0,0
S01010147,Level 4 and above,51,35,16,3,8,2,3
S01010148,All people aged 16 and over,601,563,38,2,15,9,12
S01010148,No qualifications,322,314,8,1,3,1,3
S01010148,Level 1,132,123,9,1,1,3,4
S01010148,Level 2,43,41,2,0,1,0,1
S01010148,Level 3,46,37,9,0,9,0,0
S01010148,Level 4 and above,58,48,10,0,1,5,4
S01010149,All people aged 16 and over,496,459,37,4,14,5,14
S01010149,No qualifications,205,188,17,3,5,0,9
S01010149,Level 1,111,102,9,1,4,2,2
S01010149,Level 2,58,56,2,0,1,1,0
S01010149,Level 3,43,42,1,0,0,0,1
S01010149,Level 4 and above,79,71,8,0,4,2,2
S01010150,All people aged 16 and over,540,517,23,3,4,10,6
S01010150,No qualifications,324,318,6,0,0,3,3
S01010150,Level 1,103,97,6,1,3,1,1
S01010150,Level 2,58,55,3,0,0,2,1
S01010150,Level 3,26,23,3,0,1,1,1
S01010150,Level 4 and above,29,24,5,2,0,3,0
S01010151,All people aged 16 and over,550,532,18,5,5,2,6
S01010151,No qualifications,322,317,5,0,1,0,4
S01010151,Level 1,121,119,2,0,2,0,0
S01010151,Level 2,39,39,0,0,0,0,0
S01010151,Level 3,33,31,2,0,1,0,1
S01010151,Level 4 and above,35,26,9,5,1,2,1
S01010152,All people aged 16 and over,736,692,44,3,25,5,11
S01010152,No qualifications,353,343,10,0,1,4,5
S01010152,Level 1,153,151,2,1,1,0,0
S01010152,Level 2,93,87,6,0,6,0,0
S01010152,Level 3,59,55,4,0,3,0,1
S01010152,Level 4 and above,78,56,22,2,14,1,5
S01010153,All people aged 16 and over,825,792,33,7,5,8,13
S01010153,No qualifications,422,411,11,0,0,2,9
S01010153,Level 1,176,173,3,0,3,0,0
S01010153,Level 2,72,69,3,0,0,0,3
S01010153,Level 3,67,64,3,1,0,1,1
S01010153,Level 4 and above,88,75,13,6,2,5,0
S01010154,All people aged 16 and over,783,762,21,3,3,7,8
S01010154,No qualifications,431,427,4,0,0,1,3
S01010154,Level 1,164,162,2,0,0,1,1
S01010154,Level 2,68,68,0,0,0,0,0
S01010154,Level 3,49,47,2,0,1,0,1
S01010154,Level 4 and above,71,58,13,3,2,5,3
S01010155,All people aged 16 and over,664,651,13,2,2,2,7
S01010155,No qualifications,346,343,3,1,0,0,2
S01010155,Level 1,167,164,3,1,0,0,2
S01010155,Level 2,58,57,1,0,0,0,1
S01010155,Level 3,31,30,1,0,1,0,0
S01010155,Level 4 and above,62,57,5,0,1,2,2
S01010156,All people aged 16 and over,477,453,24,3,10,3,8
S01010156,No qualifications,259,255,4,0,0,0,4
S01010156,Level 1,93,89,4,0,3,1,0
S01010156,Level 2,48,46,2,1,1,0,0
S01010156,Level 3,25,24,1,0,0,0,1
S01010156,Level 4 and above,52,39,13,2,6,2,3
S01010157,All people aged 16 and over,487,472,15,0,6,5,4
S01010157,No qualifications,282,275,7,0,2,2,3
S01010157,Level 1,121,118,3,0,3,0,0
S01010157,Level 2,35,35,0,0,0,0,0
S01010157,Level 3,23,22,1,0,0,1,0
S01010157,Level 4 and above,26,22,4,0,1,2,1
S01010158,All people aged 16 and over,790,751,39,10,6,14,9
S01010158,No qualifications,390,388,2,0,0,0,2
S01010158,Level 1,184,178,6,4,1,1,0
S01010158,Level 2,69,65,4,0,0,3,1
S01010158,Level 3,62,59,3,1,0,2,0
S01010158,Level 4 and above,85,61,24,5,5,8,6
S01010159,All people aged 16 and over,628,608,20,3,3,4,10
S01010159,No qualifications,328,318,10,0,0,0,10
S01010159,Level 1,123,120,3,2,0,1,0
S01010159,Level 2,72,72,0,0,0,0,0
S01010159,Level 3,47,45,2,0,2,0,0
S01010159,Level 4 and above,58,53,5,1,1,3,0
S01010160,All people aged 16 and over,473,254,219,43,89,69,18
S01010160,No qualifications,187,143,44,9,17,7,11
S01010160,Level 1,90,50,40,7,18,13,2
S01010160,Level 2,39,24,15,4,8,3,0
S01010160,Level 3,67,15,52,4,23,24,1
S01010160,Level 4 and above,90,22,68,19,23,22,4
S01010161,All people aged 16 and over,484,456,28,2,9,9,8
S01010161,No qualifications,191,186,5,0,3,0,2
S01010161,Level 1,151,142,9,1,2,4,2
S01010161,Level 2,64,61,3,1,0,0,2
S01010161,Level 3,29,27,2,0,2,0,0
S01010161,Level 4 and above,49,40,9,0,2,5,2
S01010162,All people aged 16 and over,639,590,49,9,16,19,5
S01010162,No qualifications,325,318,7,2,1,2,2
S01010162,Level 1,173,154,19,2,4,13,0
S01010162,Level 2,44,44,0,0,0,0,0
S01010162,Level 3,50,38,12,4,3,3,2
S01010162,Level 4 and above,47,36,11,1,8,1,1
S01010163,All people aged 16 and over,465,449,16,0,6,5,5
S01010163,No qualifications,216,208,8,0,3,0,5
S01010163,Level 1,123,121,2,0,1,1,0
S01010163,Level 2,48,48,0,0,0,0,0
S01010163,Level 3,43,42,1,0,0,1,0
S01010163,Level 4 and above,35,30,5,0,2,3,0
S01010164,All people aged 16 and over,628,607,21,4,1,1,15
S01010164,No qualifications,324,313,11,4,1,0,6
S01010164,Level 1,153,151,2,0,0,0,2
S01010164,Level 2,66,64,2,0,0,0,2
S01010164,Level 3,39,39,0,0,0,0,0
S01010164,Level 4 and above,46,40,6,0,0,1,5
S01010165,All people aged 16 and over,490,468,22,5,6,5,6
S01010165,No qualifications,242,236,6,0,0,3,3
S01010165,Level 1,121,120,1,0,0,1,0
S01010165,Level 2,45,44,1,0,0,0,1
S01010165,Level 3,37,35,2,0,1,1,0
S01010165,Level 4 and above,45,33,12,5,5,0,2
S01010166,All people aged 16 and over,606,582,24,0,6,8,10
S01010166,No qualifications,329,320,9,0,1,3,5
S01010166,Level 1,135,134,1,0,0,1,0
S01010166,Level 2,65,65,0,0,0,0,0
S01010166,Level 3,40,35,5,0,3,1,1
S01010166,Level 4 and above,37,28,9,0,2,3,4
S01010167,All people aged 16 and over,692,675,17,0,10,2,5
S01010167,No qualifications,414,409,5,0,1,1,3
S01010167,Level 1,150,147,3,0,3,0,0
S01010167,Level 2,50,50,0,0,0,0,0
S01010167,Level 3,43,43,0,0,0,0,0
S01010167,Level 4 and above,35,26,9,0,6,1,2
S01010168,All people aged 16 and over,397,392,5,1,1,0,3
S01010168,No qualifications,163,161,2,0,0,0,2
S01010168,Level 1,114,114,0,0,0,0,0
S01010168,Level 2,52,50,2,1,0,0,1
S01010168,Level 3,31,31,0,0,0,0,0
S01010168,Level 4 and above,37,36,1,0,1,0,0
S01010169,All people aged 16 and over,666,605,61,17,12,16,16
S01010169,No qualifications,296,286,10,4,1,2,3
S01010169,Level 1,202,187,15,4,3,5,3
S01010169,Level 2,56,54,2,0,0,1,1
S01010169,Level 3,55,47,8,3,2,2,1
S01010169,Level 4 and above,57,31,26,6,6,6,8
S01010170,All people aged 16 and over,435,417,18,8,4,3,3
S01010170,No qualifications,210,208,2,0,0,1,1
S01010170,Level 1,120,114,6,1,3,1,1
S01010170,Level 2,41,40,1,1,0,0,0
S01010170,Level 3,34,31,3,1,0,1,1
S01010170,Level 4 and above,30,24,6,5,1,0,0
S01010171,All people aged 16 and over,783,767,16,3,3,4,6
S01010171,No qualifications,440,437,3,0,0,1,2
S01010171,Level 1,188,185,3,1,0,1,1
S01010171,Level 2,63,62,1,0,0,0,1
S01010171,Level 3,51,46,5,2,1,0,2
S01010171,Level 4 and above,41,37,4,0,2,2,0
S01010172,All people aged 16 and over,624,592,32,2,10,6,14
S01010172,No qualifications,341,331,10,0,2,1,7
S01010172,Level 1,94,88,6,0,4,2,0
S01010172,Level 2,58,55,3,1,0,0,2
S01010172,Level 3,39,37,2,0,2,0,0
S01010172,Level 4 and above,92,81,11,1,2,3,5
S01010173,All people aged 16 and over,639,618,21,7,5,5,4
S01010173,No qualifications,283,273,10,6,1,0,3
S01010173,Level 1,149,149,0,0,0,0,0
S01010173,Level 2,77,75,2,1,0,1,0
S01010173,Level 3,45,42,3,0,1,2,0
S01010173,Level 4 and above,85,79,6,0,3,2,1
S01010174,All people aged 16 and over,1309,1272,37,8,7,8,14
S01010174,No qualifications,588,576,12,3,3,2,4
S01010174,Level 1,391,381,10,1,1,2,6
S01010174,Level 2,134,132,2,0,1,0,1
S01010174,Level 3,91,88,3,1,0,1,1
S01010174,Level 4 and above,105,95,10,3,2,3,2
S01010175,All people aged 16 and over,384,372,12,2,0,2,8
S01010175,No qualifications,169,166,3,0,0,0,3
S01010175,Level 1,103,98,5,2,0,0,3
S01010175,Level 2,37,37,0,0,0,0,0
S01010175,Level 3,31,30,1,0,0,1,0
S01010175,Level 4 and above,44,41,3,0,0,1,2
S01010176,All people aged 16 and over,590,561,29,6,7,8,8
S01010176,No qualifications,292,283,9,0,0,3,6
S01010176,Level 1,122,118,4,0,1,3,0
S01010176,Level 2,50,49,1,0,1,0,0
S01010176,Level 3,51,48,3,2,1,0,0
S01010176,Level 4 and above,75,63,12,4,4,2,2
S01010177,All people aged 16 and over,571,531,40,9,13,15,3
S01010177,No qualifications,283,275,8,1,2,3,2
S01010177,Level 1,173,162,11,1,6,3,1
S01010177,Level 2,47,44,3,1,1,1,0
S01010177,Level 3,32,28,4,1,0,3,0
S01010177,Level 4 and above,36,22,14,5,4,5,0
S01010178,All people aged 16 and over,739,669,70,7,25,23,15
S01010178,No qualifications,359,344,15,3,3,4,5
S01010178,Level 1,198,184,14,0,6,4,4
S01010178,Level 2,72,65,7,0,4,2,1
S01010178,Level 3,59,41,18,0,6,9,3
S01010178,Level 4 and above,51,35,16,4,6,4,2
S01010179,All people aged 16 and over,690,653,37,2,6,18,11
S01010179,No qualifications,412,410,2,0,0,0,2
S01010179,Level 1,139,136,3,0,0,1,2
S01010179,Level 2,48,48,0,0,0,0,0
S01010179,Level 3,31,25,6,0,0,4,2
S01010179,Level 4 and above,60,34,26,2,6,13,5
S01010180,All people aged 16 and over,399,312,87,7,26,36,18
S01010180,No qualifications,141,120,21,1,6,9,5
S01010180,Level 1,80,67,13,0,2,8,3
S01010180,Level 2,36,35,1,0,1,0,0
S01010180,Level 3,54,43,11,0,4,2,5
S01010180,Level 4 and above,88,47,41,6,13,17,5
S01010181,All people aged 16 and over,489,477,12,0,2,2,8
S01010181,No qualifications,263,259,4,0,0,0,4
S01010181,Level 1,122,119,3,0,0,0,3
S01010181,Level 2,43,43,0,0,0,0,0
S01010181,Level 3,26,24,2,0,1,1,0
S01010181,Level 4 and above,35,32,3,0,1,1,1
S01010182,All people aged 16 and over,580,537,43,4,4,8,27
S01010182,No qualifications,196,183,13,1,0,0,12
S01010182,Level 1,129,118,11,1,2,1,7
S01010182,Level 2,79,77,2,1,1,0,0
S01010182,Level 3,69,66,3,0,0,1,2
S01010182,Level 4 and above,107,93,14,1,1,6,6
S01010183,All people aged 16 and over,391,387,4,1,1,1,1
S01010183,No qualifications,215,213,2,0,0,1,1
S01010183,Level 1,91,90,1,0,1,0,0
S01010183,Level 2,33,32,1,1,0,0,0
S01010183,Level 3,23,23,0,0,0,0,0
S01010183,Level 4 and above,29,29,0,0,0,0,0
S01010184,All people aged 16 and over,517,499,18,5,7,1,5
S01010184,No qualifications,268,265,3,1,1,0,1
S01010184,Level 1,132,129,3,0,1,0,2
S01010184,Level 2,42,38,4,1,3,0,0
S01010184,Level 3,32,31,1,1,0,0,0
S01010184,Level 4 and above,43,36,7,2,2,1,2
S01010185,All people aged 16 and over,487,464,23,3,9,6,5
S01010185,No qualifications,254,247,7,1,4,0,2
S01010185,Level 1,138,129,9,2,2,2,3
S01010185,Level 2,42,42,0,0,0,0,0
S01010185,Level 3,29,28,1,0,1,0,0
S01010185,Level 4 and above,24,18,6,0,2,4,0
S01010186,All people aged 16 and over,523,447,76,4,7,9,56
S01010186,No qualifications,160,128,32,1,1,3,27
S01010186,Level 1,147,134,13,2,1,2,8
S01010186,Level 2,75,69,6,0,1,1,4
S01010186,Level 3,36,32,4,0,0,0,4
S01010186,Level 4 and above,105,84,21,1,4,3,13
S01010187,All people aged 16 and over,548,533,15,2,4,1,8
S01010187,No qualifications,158,151,7,1,3,0,3
S01010187,Level 1,154,152,2,0,0,0,2
S01010187,Level 2,95,92,3,0,0,0,3
S01010187,Level 3,59,58,1,0,0,1,0
S01010187,Level 4 and above,82,80,2,1,1,0,0
S01010188,All people aged 16 and over,610,578,32,3,6,4,19
S01010188,No qualifications,158,151,7,0,0,0,7
S01010188,Level 1,125,122,3,0,0,1,2
S01010188,Level 2,103,100,3,0,0,0,3
S01010188,Level 3,80,76,4,0,1,0,3
S01010188,Level 4 and above,144,129,15,3,5,3,4
S01010189,All people aged 16 and over,739,673,66,2,4,12,48
S01010189,No qualifications,124,110,14,0,0,4,10
S01010189,Level 1,196,184,12,0,0,2,10
S01010189,Level 2,117,111,6,0,1,0,5
S01010189,Level 3,104,93,11,0,0,0,11
S01010189,Level 4 and above,198,175,23,2,3,6,12
S01010190,All people aged 16 and over,581,484,97,6,8,7,76
S01010190,No qualifications,85,62,23,0,3,1,19
S01010190,Level 1,112,96,16,2,1,0,13
S01010190,Level 2,103,97,6,0,0,0,6
S01010190,Level 3,56,48,8,1,0,3,4
S01010190,Level 4 and above,225,181,44,3,4,3,34
S01010191,All people aged 16 and over,531,490,41,0,3,7,31
S01010191,No qualifications,119,107,12,0,0,1,11
S01010191,Level 1,142,130,12,0,1,1,10
S01010191,Level 2,80,78,2,0,0,2,0
S01010191,Level 3,70,68,2,0,1,0,1
S01010191,Level 4 and above,120,107,13,0,1,3,9
S01010192,All people aged 16 and over,631,517,114,4,8,16,86
S01010192,No qualifications,134,86,48,2,4,8,34
S01010192,Level 1,156,133,23,0,3,1,19
S01010192,Level 2,100,93,7,0,0,2,5
S01010192,Level 3,85,78,7,0,0,0,7
S01010192,Level 4 and above,156,127,29,2,1,5,21
S01010193,All people aged 16 and over,685,633,52,1,12,9,30
S01010193,No qualifications,179,169,10,0,1,0,9
S01010193,Level 1,158,151,7,1,1,2,3
S01010193,Level 2,90,84,6,0,1,2,3
S01010193,Level 3,79,71,8,0,3,3,2
S01010193,Level 4 and above,179,158,21,0,6,2,13
S01010194,All people aged 16 and over,548,536,12,0,3,0,9
S01010194,No qualifications,262,256,6,0,1,0,5
S01010194,Level 1,129,126,3,0,0,0,3
S01010194,Level 2,68,68,0,0,0,0,0
S01010194,Level 3,48,47,1,0,1,0,0
S01010194,Level 4 and above,41,39,2,0,1,0,1
S01010195,All people aged 16 and over,431,418,13,2,4,1,6
S01010195,No qualifications,200,195,5,0,2,0,3
S01010195,Level 1,99,97,2,1,1,0,0
S01010195,Level 2,63,63,0,0,0,0,0
S01010195,Level 3,28,27,1,0,0,0,1
S01010195,Level 4 and above,41,36,5,1,1,1,2
S01010196,All people aged 16 and over,634,620,14,2,1,1,10
S01010196,No qualifications,320,315,5,0,0,0,5
S01010196,Level 1,145,140,5,0,1,1,3
S01010196,Level 2,56,56,0,0,0,0,0
S01010196,Level 3,60,59,1,0,0,0,1
S01010196,Level 4 and above,53,50,3,2,0,0,1
S01010197,All people aged 16 and over,548,533,15,1,1,5,8
S01010197,No qualifications,282,271,11,0,0,3,8
S01010197,Level 1,113,112,1,0,0,1,0
S01010197,Level 2,72,71,1,0,1,0,0
S01010197,Level 3,42,42,0,0,0,0,0
S01010197,Level 4 and above,39,37,2,1,0,1,0
S01010198,All people aged 16 and over,850,812,38,2,2,9,25
S01010198,No qualifications,474,451,23,2,1,3,17
S01010198,Level 1,189,182,7,0,1,3,3
S01010198,Level 2,73,72,1,0,0,1,0
S01010198,Level 3,62,58,4,0,0,1,3
S01010198,Level 4 and above,52,49,3,0,0,1,2
S01010199,All people aged 16 and over,412,389,23,0,2,11,10
S01010199,No qualifications,213,202,11,0,1,4,6
S01010199,Level 1,105,98,7,0,0,5,2
S01010199,Level 2,41,40,1,0,1,0,0
S01010199,Level 3,28,27,1,0,0,0,1
S01010199,Level 4 and above,25,22,3,0,0,2,1
S01010200,All people aged 16 and over,580,569,11,0,1,2,8
S01010200,No qualifications,313,308,5,0,0,0,5
S01010200,Level 1,153,150,3,0,1,2,0
S01010200,Level 2,51,51,0,0,0,0,0
S01010200,Level 3,31,30,1,0,0,0,1
S01010200,Level 4 and above,32,30,2,0,0,0,2
S01010201,All people aged 16 and over,511,501,10,0,0,0,10
S01010201,No qualifications,222,217,5,0,0,0,5
S01010201,Level 1,160,157,3,0,0,0,3
S01010201,Level 2,51,49,2,0,0,0,2
S01010201,Level 3,50,50,0,0,0,0,0
S01010201,Level 4 and above,28,28,0,0,0,0,0
S01010202,All people aged 16 and over,535,447,88,6,32,34,16
S01010202,No qualifications,262,215,47,5,20,10,12
S01010202,Level 1,152,136,16,0,8,6,2
S01010202,Level 2,44,40,4,0,1,2,1
S01010202,Level 3,34,27,7,1,2,4,0
S01010202,Level 4 and above,43,29,14,0,1,12,1
S01010203,All people aged 16 and over,517,460,57,5,13,22,17
S01010203,No qualifications,146,133,13,0,1,5,7
S01010203,Level 1,152,137,15,0,5,5,5
S01010203,Level 2,83,76,7,3,1,2,1
S01010203,Level 3,55,51,4,1,2,1,0
S01010203,Level 4 and above,81,63,18,1,4,9,4
S01010204,All people aged 16 and over,628,588,40,7,3,16,14
S01010204,No qualifications,342,326,16,3,1,6,6
S01010204,Level 1,139,136,3,0,0,1,2
S01010204,Level 2,59,57,2,0,1,0,1
S01010204,Level 3,39,34,5,1,0,1,3
S01010204,Level 4 and above,49,35,14,3,1,8,2
S01010205,All people aged 16 and over,568,510,58,2,16,26,14
S01010205,No qualifications,263,251,12,0,1,0,11
S01010205,Level 1,130,120,10,0,2,7,1
S01010205,Level 2,57,57,0,0,0,0,0
S01010205,Level 3,39,35,4,0,0,4,0
S01010205,Level 4 and above,79,47,32,2,13,15,2
S01010206,All people aged 16 and over,341,66,275,92,90,64,29
S01010206,No qualifications,151,25,126,39,44,34,9
S01010206,Level 1,61,21,40,8,15,9,8
S01010206,Level 2,19,5,14,7,5,1,1
S01010206,Level 3,34,5,29,7,8,9,5
S01010206,Level 4 and above,76,10,66,31,18,11,6
S01010207,All people aged 16 and over,476,228,248,52,69,97,30
S01010207,No qualifications,203,120,83,22,20,28,13
S01010207,Level 1,125,61,64,9,21,30,4
S01010207,Level 2,33,17,16,3,4,7,2
S01010207,Level 3,49,13,36,7,12,12,5
S01010207,Level 4 and above,66,17,49,11,12,20,6
S01010208,All people aged 16 and over,794,712,82,7,21,31,23
S01010208,No qualifications,281,262,19,2,4,5,8
S01010208,Level 1,161,145,16,1,4,10,1
S01010208,Level 2,97,94,3,0,0,0,3
S01010208,Level 3,92,80,12,0,6,6,0
S01010208,Level 4 and above,163,131,32,4,7,10,11
S01010209,All people aged 16 and over,820,766,54,5,6,16,27
S01010209,No qualifications,397,379,18,0,1,8,9
S01010209,Level 1,177,164,13,3,1,0,9
S01010209,Level 2,62,60,2,0,1,0,1
S01010209,Level 3,57,49,8,1,2,1,4
S01010209,Level 4 and above,127,114,13,1,1,7,4
S01010210,All people aged 16 and over,753,725,28,6,3,4,15
S01010210,No qualifications,325,318,7,1,0,0,6
S01010210,Level 1,164,162,2,0,0,1,1
S01010210,Level 2,83,77,6,0,1,1,4
S01010210,Level 3,72,70,2,0,0,1,1
S01010210,Level 4 and above,109,98,11,5,2,1,3
S01010211,All people aged 16 and over,713,682,31,6,9,8,8
S01010211,No qualifications,393,389,4,0,2,0,2
S01010211,Level 1,149,143,6,2,2,1,1
S01010211,Level 2,66,60,6,1,2,1,2
S01010211,Level 3,49,47,2,0,0,1,1
S01010211,Level 4 and above,56,43,13,3,3,5,2
S01010212,All people aged 16 and over,877,774,103,19,16,44,24
S01010212,No qualifications,434,415,19,2,1,5,11
S01010212,Level 1,221,198,23,1,5,11,6
S01010212,Level 2,72,67,5,0,2,2,1
S01010212,Level 3,53,39,14,6,0,6,2
S01010212,Level 4 and above,97,55,42,10,8,20,4
S01010213,All people aged 16 and over,796,760,36,4,6,8,18
S01010213,No qualifications,435,425,10,0,1,2,7
S01010213,Level 1,188,182,6,1,0,3,2
S01010213,Level 2,60,56,4,1,2,0,1
S01010213,Level 3,54,50,4,1,1,0,2
S01010213,Level 4 and above,59,47,12,1,2,3,6
S01010214,All people aged 16 and over,800,718,82,5,8,19,50
S01010214,No qualifications,302,270,32,1,0,6,25
S01010214,Level 1,200,187,13,0,4,2,7
S01010214,Level 2,106,100,6,0,1,3,2
S01010214,Level 3,70,65,5,0,0,3,2
S01010214,Level 4 and above,122,96,26,4,3,5,14
S01010215,All people aged 16 and over,705,635,70,9,19,23,19
S01010215,No qualifications,376,362,14,4,2,2,6
S01010215,Level 1,164,146,18,0,8,6,4
S01010215,Level 2,45,40,5,0,0,4,1
S01010215,Level 3,58,50,8,0,3,2,3
S01010215,Level 4 and above,62,37,25,5,6,9,5
S01010216,All people aged 16 and over,528,454,74,11,16,32,15
S01010216,No qualifications,279,261,18,2,3,7,6
S01010216,Level 1,111,98,13,4,4,4,1
S01010216,Level 2,37,29,8,2,0,4,2
S01010216,Level 3,41,28,13,1,5,3,4
S01010216,Level 4 and above,60,38,22,2,4,14,2
S01010217,All people aged 16 and over,622,525,97,13,31,36,17
S01010217,No qualifications,238,214,24,0,9,10,5
S01010217,Level 1,165,150,15,2,5,4,4
S01010217,Level 2,56,49,7,0,4,1,2
S01010217,Level 3,49,35,14,4,1,5,4
S01010217,Level 4 and above,114,77,37,7,12,16,2
S01010218,All people aged 16 and over,839,710,129,19,27,53,30
S01010218,No qualifications,312,280,32,5,5,13,9
S01010218,Level 1,197,169,28,6,8,11,3
S01010218,Level 2,97,91,6,1,0,3,2
S01010218,Level 3,85,74,11,1,1,6,3
S01010218,Level 4 and above,148,96,52,6,13,20,13
S01010219,All people aged 16 and over,400,186,214,37,64,79,34
S01010219,No qualifications,137,93,44,1,10,18,15
S01010219,Level 1,65,35,30,5,7,9,9
S01010219,Level 2,30,19,11,1,5,4,1
S01010219,Level 3,48,20,28,6,10,9,3
S01010219,Level 4 and above,120,19,101,24,32,39,6
S01010220,All people aged 16 and over,434,331,103,27,21,28,27
S01010220,No qualifications,32,19,13,0,4,6,3
S01010220,Level 1,45,31,14,2,1,5,6
S01010220,Level 2,52,43,9,4,2,0,3
S01010220,Level 3,65,52,13,4,1,4,4
S01010220,Level 4 and above,240,186,54,17,13,13,11
S01010221,All people aged 16 and over,470,431,39,14,8,13,4
S01010221,No qualifications,241,234,7,2,1,1,3
S01010221,Level 1,96,89,7,7,0,0,0
S01010221,Level 2,29,25,4,4,0,0,0
S01010221,Level 3,31,27,4,0,2,2,0
S01010221,Level 4 and above,73,56,17,1,5,10,1
S01010222,All people aged 16 and over,437,392,45,11,8,13,13
S01010222,No qualifications,170,161,9,1,0,2,6
S01010222,Level 1,98,89,9,6,1,1,1
S01010222,Level 2,52,45,7,4,0,2,1
S01010222,Level 3,46,40,6,0,2,3,1
S01010222,Level 4 and above,71,57,14,0,5,5,4
S01010223,All people aged 16 and over,495,436,59,12,8,19,20
S01010223,No qualifications,231,213,18,7,1,2,8
S01010223,Level 1,109,96,13,3,1,3,6
S01010223,Level 2,43,39,4,1,2,0,1
S01010223,Level 3,42,37,5,0,0,4,1
S01010223,Level 4 and above,70,51,19,1,4,10,4
S01010224,All people aged 16 and over,799,693,106,17,20,44,25
S01010224,No qualifications,396,376,20,3,5,3,9
S01010224,Level 1,197,186,11,3,5,2,1
S01010224,Level 2,47,40,7,1,0,2,4
S01010224,Level 3,64,42,22,1,4,12,5
S01010224,Level 4 and above,95,49,46,9,6,25,6
S01010225,All people aged 16 and over,664,521,143,19,28,57,39
S01010225,No qualifications,253,220,33,9,5,9,10
S01010225,Level 1,163,131,32,3,5,17,7
S01010225,Level 2,75,62,13,2,2,2,7
S01010225,Level 3,58,36,22,2,5,11,4
S01010225,Level 4 and above,115,72,43,3,11,18,11
S01010226,All people aged 16 and over,589,240,349,46,88,134,81
S01010226,No qualifications,204,118,86,7,23,34,22
S01010226,Level 1,128,52,76,9,20,27,20
S01010226,Level 2,56,31,25,2,3,12,8
S01010226,Level 3,70,15,55,6,15,20,14
S01010226,Level 4 and above,131,24,107,22,27,41,17
S01010227,All people aged 16 and over,466,194,272,34,82,110,46
S01010227,No qualifications,184,98,86,11,19,40,16
S01010227,Level 1,78,36,42,3,16,14,9
S01010227,Level 2,46,28,18,1,5,8,4
S01010227,Level 3,48,13,35,6,3,21,5
S01010227,Level 4 and above,110,19,91,13,39,27,12
S01010228,All people aged 16 and over,615,593,22,1,9,6,6
S01010228,No qualifications,365,360,5,0,0,0,5
S01010228,Level 1,131,130,1,0,0,1,0
S01010228,Level 2,49,46,3,0,3,0,0
S01010228,Level 3,32,30,2,0,0,1,1
S01010228,Level 4 and above,38,27,11,1,6,4,0
S01010229,All people aged 16 and over,827,766,61,6,7,25,23
S01010229,No qualifications,414,397,17,1,1,7,8
S01010229,Level 1,197,189,8,1,0,3,4
S01010229,Level 2,81,74,7,2,1,1,3
S01010229,Level 3,62,58,4,0,1,1,2
S01010229,Level 4 and above,73,48,25,2,4,13,6
S01010230,All people aged 16 and over,834,462,372,86,114,137,35
S01010230,No qualifications,372,295,77,14,24,28,11
S01010230,Level 1,144,93,51,20,15,12,4
S01010230,Level 2,42,30,12,0,0,9,3
S01010230,Level 3,88,25,63,9,20,32,2
S01010230,Level 4 and above,188,19,169,43,55,56,15
S01010231,All people aged 16 and over,782,606,176,21,43,74,38
S01010231,No qualifications,363,321,42,7,12,8,15
S01010231,Level 1,170,150,20,3,3,10,4
S01010231,Level 2,64,58,6,0,1,5,0
S01010231,Level 3,73,52,21,0,5,15,1
S01010231,Level 4 and above,112,25,87,11,22,36,18
S01010232,All people aged 16 and over,805,570,235,51,71,82,31
S01010232,No qualifications,297,251,46,7,18,14,7
S01010232,Level 1,209,167,42,6,10,19,7
S01010232,Level 2,73,59,14,2,6,4,2
S01010232,Level 3,81,58,23,9,1,10,3
S01010232,Level 4 and above,145,35,110,27,36,35,12
S01010233,All people aged 16 and over,738,498,240,44,73,84,39
S01010233,No qualifications,344,283,61,13,15,15,18
S01010233,Level 1,163,115,48,6,12,23,7
S01010233,Level 2,54,33,21,0,8,9,4
S01010233,Level 3,66,33,33,2,15,12,4
S01010233,Level 4 and above,111,34,77,23,23,25,6
S01010234,All people aged 16 and over,868,705,163,62,35,35,31
S01010234,No qualifications,224,206,18,2,1,3,12
S01010234,Level 1,82,70,12,5,3,1,3
S01010234,Level 2,109,104,5,2,1,1,1
S01010234,Level 3,82,65,17,11,3,2,1
S01010234,Level 4 and above,371,260,111,42,27,28,14
S01010235,All people aged 16 and over,837,673,164,39,61,35,29
S01010235,No qualifications,122,112,10,2,3,4,1
S01010235,Level 1,63,49,14,4,5,3,2
S01010235,Level 2,148,138,10,0,4,1,5
S01010235,Level 3,73,66,7,0,3,3,1
S01010235,Level 4 and above,431,308,123,33,46,24,20
S01010236,All people aged 16 and over,652,551,101,22,29,20,30
S01010236,No qualifications,105,88,17,6,0,1,10
S01010236,Level 1,92,81,11,2,3,4,2
S01010236,Level 2,95,86,9,2,3,3,1
S01010236,Level 3,79,63,16,6,4,3,3
S01010236,Level 4 and above,281,233,48,6,19,9,14
S01010237,All people aged 16 and over,575,506,69,15,13,16,25
S01010237,No qualifications,109,100,9,2,2,1,4
S01010237,Level 1,75,69,6,1,2,0,3
S01010237,Level 2,83,81,2,0,0,0,2
S01010237,Level 3,51,50,1,0,1,0,0
S01010237,Level 4 and above,257,206,51,12,8,15,16
S01010238,All people aged 16 and over,744,626,118,27,36,30,25
S01010238,No qualifications,173,163,10,0,3,2,5
S01010238,Level 1,105,93,12,2,5,3,2
S01010238,Level 2,119,110,9,2,4,1,2
S01010238,Level 3,77,68,9,2,1,3,3
S01010238,Level 4 and above,270,192,78,21,23,21,13
S01010239,All people aged 16 and over,674,580,94,33,25,15,21
S01010239,No qualifications,301,286,15,7,0,0,8
S01010239,Level 1,119,113,6,0,5,0,1
S01010239,Level 2,70,65,5,0,1,1,3
S01010239,Level 3,54,44,10,1,4,3,2
S01010239,Level 4 and above,130,72,58,25,15,11,7
S01010240,All people aged 16 and over,616,551,65,17,16,9,23
S01010240,No qualifications,174,164,10,1,1,1,7
S01010240,Level 1,100,93,7,4,2,0,1
S01010240,Level 2,86,84,2,0,1,0,1
S01010240,Level 3,56,51,5,0,0,2,3
S01010240,Level 4 and above,200,159,41,12,12,6,11
S01010241,All people aged 16 and over,936,835,101,36,25,24,16
S01010241,No qualifications,309,298,11,0,2,3,6
S01010241,Level 1,131,126,5,2,1,2,0
S01010241,Level 2,111,100,11,7,3,0,1
S01010241,Level 3,98,96,2,0,0,2,0
S01010241,Level 4 and above,287,215,72,27,19,17,9
S01010242,All people aged 16 and over,656,570,86,17,37,17,15
S01010242,No qualifications,196,181,15,1,7,4,3
S01010242,Level 1,143,129,14,2,7,4,1
S01010242,Level 2,91,87,4,1,0,0,3
S01010242,Level 3,67,61,6,1,3,0,2
S01010242,Level 4 and above,159,112,47,12,20,9,6
S01010243,All people aged 16 and over,848,670,178,50,72,41,15
S01010243,No qualifications,262,229,33,13,10,9,1
S01010243,Level 1,173,144,29,7,15,4,3
S01010243,Level 2,145,113,32,12,12,6,2
S01010243,Level 3,76,65,11,1,5,3,2
S01010243,Level 4 and above,192,119,73,17,30,19,7
S01010244,All people aged 16 and over,633,534,99,32,27,25,15
S01010244,No qualifications,287,269,18,1,5,5,7
S01010244,Level 1,120,105,15,1,7,3,4
S01010244,Level 2,60,55,5,2,1,2,0
S01010244,Level 3,56,35,21,6,8,6,1
S01010244,Level 4 and above,110,70,40,22,6,9,3
S01010245,All people aged 16 and over,784,732,52,7,19,14,12
S01010245,No qualifications,483,468,15,1,4,5,5
S01010245,Level 1,167,158,9,2,4,2,1
S01010245,Level 2,45,43,2,0,0,0,2
S01010245,Level 3,41,35,6,1,1,4,0
S01010245,Level 4 and above,48,28,20,3,10,3,4
S01010246,All people aged 16 and over,678,596,82,18,26,17,21
S01010246,No qualifications,317,309,8,2,1,2,3
S01010246,Level 1,158,138,20,9,4,2,5
S01010246,Level 2,60,53,7,3,2,1,1
S01010246,Level 3,49,35,14,0,6,6,2
S01010246,Level 4 and above,94,61,33,4,13,6,10
S01010247,All people aged 16 and over,647,608,39,3,3,9,24
S01010247,No qualifications,292,277,15,1,0,2,12
S01010247,Level 1,160,154,6,0,2,1,3
S01010247,Level 2,65,62,3,0,0,2,1
S01010247,Level 3,51,49,2,0,0,0,2
S01010247,Level 4 and above,79,66,13,2,1,4,6
S01010248,All people aged 16 and over,778,674,104,31,21,23,29
S01010248,No qualifications,134,125,9,0,2,2,5
S01010248,Level 1,74,70,4,0,0,2,2
S01010248,Level 2,125,113,12,6,3,2,1
S01010248,Level 3,75,64,11,4,1,3,3
S01010248,Level 4 and above,370,302,68,21,15,14,18
S01010249,All people aged 16 and over,634,560,74,18,21,19,16
S01010249,No qualifications,122,112,10,0,3,1,6
S01010249,Level 1,97,88,9,6,0,2,1
S01010249,Level 2,125,119,6,0,2,0,4
S01010249,Level 3,61,54,7,3,1,2,1
S01010249,Level 4 and above,229,187,42,9,15,14,4
S01010250,All people aged 16 and over,700,564,136,45,29,33,29
S01010250,No qualifications,84,73,11,2,1,3,5
S01010250,Level 1,63,47,16,7,4,1,4
S01010250,Level 2,147,138,9,3,0,1,5
S01010250,Level 3,81,69,12,2,3,4,3
S01010250,Level 4 and above,325,237,88,31,21,24,12
S01010251,All people aged 16 and over,566,437,129,19,45,45,20
S01010251,No qualifications,35,30,5,1,3,0,1
S01010251,Level 1,60,43,17,3,6,5,3
S01010251,Level 2,112,108,4,1,1,2,0
S01010251,Level 3,81,65,16,0,3,12,1
S01010251,Level 4 and above,278,191,87,14,32,26,15
S01010252,All people aged 16 and over,543,449,94,28,16,19,31
S01010252,No qualifications,101,87,14,0,1,5,8
S01010252,Level 1,84,64,20,6,4,3,7
S01010252,Level 2,70,67,3,2,1,0,0
S01010252,Level 3,53,47,6,0,0,4,2
S01010252,Level 4 and above,235,184,51,20,10,7,14
S01010253,All people aged 16 and over,527,474,53,21,16,10,6
S01010253,No qualifications,218,215,3,0,0,0,3
S01010253,Level 1,102,97,5,0,2,3,0
S01010253,Level 2,57,56,1,0,1,0,0
S01010253,Level 3,44,38,6,0,1,4,1
S01010253,Level 4 and above,106,68,38,21,12,3,2
S01010254,All people aged 16 and over,933,831,102,25,23,26,28
S01010254,No qualifications,378,366,12,2,0,0,10
S01010254,Level 1,176,165,11,4,2,3,2
S01010254,Level 2,113,108,5,0,2,0,3
S01010254,Level 3,81,65,16,2,5,5,4
S01010254,Level 4 and above,185,127,58,17,14,18,9
S01010255,All people aged 16 and over,558,453,105,28,25,41,11
S01010255,No qualifications,235,211,24,2,6,12,4
S01010255,Level 1,116,99,17,3,3,9,2
S01010255,Level 2,49,44,5,1,2,2,0
S01010255,Level 3,52,44,8,0,5,3,0
S01010255,Level 4 and above,106,55,51,22,9,15,5
S01010256,All people aged 16 and over,721,687,34,7,6,4,17
S01010256,No qualifications,296,288,8,0,0,2,6
S01010256,Level 1,187,179,8,4,0,1,3
S01010256,Level 2,73,71,2,0,0,0,2
S01010256,Level 3,74,69,5,0,1,0,4
S01010256,Level 4 and above,91,80,11,3,5,1,2
S01010257,All people aged 16 and over,793,534,259,155,60,25,19
S01010257,No qualifications,134,130,4,0,0,1,3
S01010257,Level 1,99,75,24,16,7,1,0
S01010257,Level 2,160,146,14,9,2,2,1
S01010257,Level 3,79,45,34,13,13,4,4
S01010257,Level 4 and above,321,138,183,117,38,17,11
S01010258,All people aged 16 and over,1469,716,753,568,108,35,42
S01010258,No qualifications,31,16,15,11,0,0,4
S01010258,Level 1,132,47,85,65,16,3,1
S01010258,Level 2,428,358,70,44,8,5,13
S01010258,Level 3,120,55,65,39,16,6,4
S01010258,Level 4 and above,758,240,518,409,68,21,20
S01010259,All people aged 16 and over,1163,734,429,291,54,43,41
S01010259,No qualifications,292,250,42,18,5,9,10
S01010259,Level 1,205,103,102,82,4,10,6
S01010259,Level 2,303,264,39,18,2,4,15
S01010259,Level 3,96,57,39,29,5,3,2
S01010259,Level 4 and above,267,60,207,144,38,17,8
S01010260,All people aged 16 and over,1827,1120,707,521,74,38,74
S01010260,No qualifications,170,136,34,14,3,4,13
S01010260,Level 1,209,85,124,108,7,2,7
S01010260,Level 2,638,524,114,82,6,7,19
S01010260,Level 3,148,80,68,50,7,3,8
S01010260,Level 4 and above,662,295,367,267,51,22,27
S01010261,All people aged 16 and over,2469,1639,830,607,101,55,67
S01010261,No qualifications,327,279,48,18,4,8,18
S01010261,Level 1,256,117,139,114,14,7,4
S01010261,Level 2,1047,958,89,47,9,11,22
S01010261,Level 3,236,161,75,58,4,6,7
S01010261,Level 4 and above,603,124,479,370,70,23,16
S01010262,All people aged 16 and over,811,711,100,35,18,15,32
S01010262,No qualifications,411,393,18,2,2,0,14
S01010262,Level 1,113,103,10,4,2,2,2
S01010262,Level 2,120,110,10,4,3,0,3
S01010262,Level 3,35,28,7,2,2,3,0
S01010262,Level 4 and above,132,77,55,23,9,10,13
S01010263,All people aged 16 and over,721,464,257,154,48,30,25
S01010263,No qualifications,49,45,4,0,1,2,1
S01010263,Level 1,42,30,12,6,2,1,3
S01010263,Level 2,108,96,12,3,4,2,3
S01010263,Level 3,55,48,7,5,1,1,0
S01010263,Level 4 and above,467,245,222,140,40,24,18
S01010264,All people aged 16 and over,815,616,199,91,39,34,35
S01010264,No qualifications,121,111,10,2,2,1,5
S01010264,Level 1,95,76,19,10,5,0,4
S01010264,Level 2,142,130,12,4,2,2,4
S01010264,Level 3,77,58,19,9,6,1,3
S01010264,Level 4 and above,380,241,139,66,24,30,19
S01010265,All people aged 16 and over,1019,707,312,174,62,38,38
S01010265,No qualifications,24,12,12,11,0,0,1
S01010265,Level 1,69,46,23,19,3,1,0
S01010265,Level 2,287,265,22,10,3,3,6
S01010265,Level 3,78,50,28,19,7,1,1
S01010265,Level 4 and above,561,334,227,115,49,33,30
S01010266,All people aged 16 and over,490,352,138,55,21,12,50
S01010266,No qualifications,53,27,26,2,5,4,15
S01010266,Level 1,40,26,14,8,1,0,5
S01010266,Level 2,113,101,12,7,1,2,2
S01010266,Level 3,43,36,7,3,0,0,4
S01010266,Level 4 and above,241,162,79,35,14,6,24
S01010267,All people aged 16 and over,583,370,213,103,56,35,19
S01010267,No qualifications,20,10,10,3,1,3,3
S01010267,Level 1,61,23,38,14,13,8,3
S01010267,Level 2,186,172,14,2,4,5,3
S01010267,Level 3,41,30,11,3,4,3,1
S01010267,Level 4 and above,275,135,140,81,34,16,9
S01010268,All people aged 16 and over,773,533,240,97,49,26,68
S01010268,No qualifications,99,56,43,10,11,2,20
S01010268,Level 1,77,47,30,16,2,1,11
S01010268,Level 2,193,174,19,7,3,2,7
S01010268,Level 3,81,60,21,8,6,3,4
S01010268,Level 4 and above,323,196,127,56,27,18,26
S01010269,All people aged 16 and over,506,318,188,86,34,39,29
S01010269,No qualifications,69,43,26,2,4,12,8
S01010269,Level 1,46,30,16,7,1,5,3
S01010269,Level 2,90,82,8,4,1,0,3
S01010269,Level 3,48,32,16,10,3,1,2
S01010269,Level 4 and above,253,131,122,63,25,21,13
S01010270,All people aged 16 and over,1122,920,202,72,41,16,73
S01010270,No qualifications,480,429,51,6,6,1,38
S01010270,Level 1,132,111,21,10,3,3,5
S01010270,Level 2,136,124,12,2,3,1,6
S01010270,Level 3,55,44,11,2,2,3,4
S01010270,Level 4 and above,319,212,107,52,27,8,20
S01010271,All people aged 16 and over,722,499,223,100,24,35,64
S01010271,No qualifications,120,73,47,6,1,7,33
S01010271,Level 1,67,36,31,13,6,6,6
S01010271,Level 2,212,197,15,5,3,2,5
S01010271,Level 3,71,52,19,12,2,3,2
S01010271,Level 4 and above,252,141,111,64,12,17,18
S01010272,All people aged 16 and over,928,677,251,89,44,57,61
S01010272,No qualifications,254,218,36,6,5,2,23
S01010272,Level 1,123,98,25,6,6,8,5
S01010272,Level 2,134,118,16,0,0,9,7
S01010272,Level 3,83,58,25,6,5,8,6
S01010272,Level 4 and above,334,185,149,71,28,30,20
S01010273,All people aged 16 and over,643,420,223,126,43,19,35
S01010273,No qualifications,30,25,5,2,0,1,2
S01010273,Level 1,56,33,23,9,10,0,4
S01010273,Level 2,155,135,20,10,0,0,10
S01010273,Level 3,76,62,14,9,2,0,3
S01010273,Level 4 and above,326,165,161,96,31,18,16
S01010274,All people aged 16 and over,552,398,154,75,30,23,26
S01010274,No qualifications,47,38,9,2,2,1,4
S01010274,Level 1,37,25,12,4,2,4,2
S01010274,Level 2,108,102,6,1,1,3,1
S01010274,Level 3,58,42,16,14,1,1,0
S01010274,Level 4 and above,302,191,111,54,24,14,19
S01010275,All people aged 16 and over,579,404,175,77,38,36,24
S01010275,No qualifications,29,19,10,3,2,3,2
S01010275,Level 1,48,29,19,7,6,4,2
S01010275,Level 2,140,120,20,5,4,5,6
S01010275,Level 3,57,49,8,5,0,1,2
S01010275,Level 4 and above,305,187,118,57,26,23,12
S01010276,All people aged 16 and over,926,662,264,103,59,53,49
S01010276,No qualifications,62,40,22,10,2,3,7
S01010276,Level 1,94,77,17,6,1,5,5
S01010276,Level 2,114,101,13,1,1,2,9
S01010276,Level 3,109,90,19,4,7,1,7
S01010276,Level 4 and above,547,354,193,82,48,42,21
S01010277,All people aged 16 and over,521,449,72,22,11,14,25
S01010277,No qualifications,209,199,10,1,0,0,9
S01010277,Level 1,101,85,16,5,1,2,8
S01010277,Level 2,63,59,4,0,2,1,1
S01010277,Level 3,54,46,8,3,0,1,4
S01010277,Level 4 and above,94,60,34,13,8,10,3
S01010278,All people aged 16 and over,508,363,145,19,23,43,60
S01010278,No qualifications,158,122,36,2,2,8,24
S01010278,Level 1,111,88,23,4,4,7,8
S01010278,Level 2,58,47,11,0,2,6,3
S01010278,Level 3,52,38,14,0,2,4,8
S01010278,Level 4 and above,129,68,61,13,13,18,17
S01010279,All people aged 16 and over,537,394,143,38,35,40,30
S01010279,No qualifications,97,85,12,0,3,3,6
S01010279,Level 1,91,55,36,9,12,8,7
S01010279,Level 2,114,103,11,4,1,3,3
S01010279,Level 3,53,42,11,4,1,3,3
S01010279,Level 4 and above,182,109,73,21,18,23,11
S01010280,All people aged 16 and over,730,568,162,58,40,23,41
S01010280,No qualifications,60,47,13,4,3,2,4
S01010280,Level 1,75,53,22,5,10,2,5
S01010280,Level 2,165,147,18,7,3,0,8
S01010280,Level 3,76,64,12,2,3,2,5
S01010280,Level 4 and above,354,257,97,40,21,17,19
S01010281,All people aged 16 and over,731,492,239,109,45,54,31
S01010281,No qualifications,48,35,13,5,0,1,7
S01010281,Level 1,65,41,24,9,4,9,2
S01010281,Level 2,138,125,13,5,1,5,2
S01010281,Level 3,65,54,11,6,2,1,2
S01010281,Level 4 and above,415,237,178,84,38,38,18
S01010282,All people aged 16 and over,902,726,176,60,39,34,43
S01010282,No qualifications,186,169,17,0,3,2,12
S01010282,Level 1,108,89,19,5,6,4,4
S01010282,Level 2,128,111,17,7,3,3,4
S01010282,Level 3,69,57,12,2,2,3,5
S01010282,Level 4 and above,411,300,111,46,25,22,18
S01010283,All people aged 16 and over,496,387,109,24,31,23,31
S01010283,No qualifications,70,50,20,1,3,1,15
S01010283,Level 1,38,33,5,0,1,2,2
S01010283,Level 2,75,71,4,1,1,0,2
S01010283,Level 3,42,38,4,1,1,1,1
S01010283,Level 4 and above,271,195,76,21,25,19,11
S01010284,All people aged 16 and over,1354,751,603,455,60,41,47
S01010284,No qualifications,77,61,16,6,0,4,6
S01010284,Level 1,97,50,47,42,4,1,0
S01010284,Level 2,147,120,27,9,9,0,9
S01010284,Level 3,93,69,24,16,2,2,4
S01010284,Level 4 and above,940,451,489,382,45,34,28
S01010285,All people aged 16 and over,736,552,184,50,44,29,61
S01010285,No qualifications,79,62,17,0,2,2,13
S01010285,Level 1,67,45,22,11,5,3,3
S01010285,Level 2,210,184,26,9,4,4,9
S01010285,Level 3,66,48,18,2,6,4,6
S01010285,Level 4 and above,314,213,101,28,27,16,30
S01010286,All people aged 16 and over,1455,680,775,593,76,47,59
S01010286,No qualifications,71,39,32,14,2,4,12
S01010286,Level 1,165,42,123,104,7,3,9
S01010286,Level 2,332,273,59,32,12,6,9
S01010286,Level 3,130,70,60,50,2,2,6
S01010286,Level 4 and above,757,256,501,393,53,32,23
S01010287,All people aged 16 and over,827,633,194,98,33,18,45
S01010287,No qualifications,54,39,15,1,3,3,8
S01010287,Level 1,67,40,27,18,4,4,1
S01010287,Level 2,246,229,17,6,4,0,7
S01010287,Level 3,45,36,9,3,2,2,2
S01010287,Level 4 and above,415,289,126,70,20,9,27
S01010288,All people aged 16 and over,754,564,190,78,41,30,41
S01010288,No qualifications,36,26,10,2,1,0,7
S01010288,Level 1,75,27,48,35,7,1,5
S01010288,Level 2,200,184,16,4,3,3,6
S01010288,Level 3,56,48,8,3,3,0,2
S01010288,Level 4 and above,387,279,108,34,27,26,21
S01010289,All people aged 16 and over,689,541,148,65,27,24,32
S01010289,No qualifications,32,23,9,1,5,0,3
S01010289,Level 1,62,46,16,16,0,0,0
S01010289,Level 2,98,86,12,8,1,2,1
S01010289,Level 3,44,32,12,7,4,0,1
S01010289,Level 4 and above,453,354,99,33,17,22,27
S01010290,All people aged 16 and over,493,370,123,35,23,12,53
S01010290,No qualifications,45,22,23,0,1,1,21
S01010290,Level 1,51,28,23,6,9,1,7
S01010290,Level 2,120,107,13,2,3,1,7
S01010290,Level 3,38,33,5,1,1,0,3
S01010290,Level 4 and above,239,180,59,26,9,9,15
S01010291,All people aged 16 and over,997,693,304,130,50,23,101
S01010291,No qualifications,117,74,43,2,4,7,30
S01010291,Level 1,101,57,44,24,11,0,9
S01010291,Level 2,299,262,37,13,5,1,18
S01010291,Level 3,75,47,28,11,6,2,9
S01010291,Level 4 and above,405,253,152,80,24,13,35
S01010292,All people aged 16 and over,844,646,198,53,30,33,82
S01010292,No qualifications,51,20,31,0,1,5,25
S01010292,Level 1,51,26,25,9,5,1,10
S01010292,Level 2,235,209,26,5,6,6,9
S01010292,Level 3,63,53,10,3,3,0,4
S01010292,Level 4 and above,444,338,106,36,15,21,34
S01010293,All people aged 16 and over,756,527,229,53,44,37,95
S01010293,No qualifications,87,30,57,6,4,8,39
S01010293,Level 1,67,34,33,5,4,6,18
S01010293,Level 2,225,211,14,5,3,0,6
S01010293,Level 3,69,51,18,4,5,4,5
S01010293,Level 4 and above,308,201,107,33,28,19,27
S01010294,All people aged 16 and over,643,491,152,35,16,23,78
S01010294,No qualifications,58,22,36,0,2,7,27
S01010294,Level 1,39,23,16,4,0,1,11
S01010294,Level 2,271,247,24,6,0,4,14
S01010294,Level 3,44,32,12,1,3,0,8
S01010294,Level 4 and above,231,167,64,24,11,11,18
S01010295,All people aged 16 and over,892,612,280,98,51,22,109
S01010295,No qualifications,83,22,61,1,5,4,51
S01010295,Level 1,73,38,35,14,8,1,12
S01010295,Level 2,255,228,27,8,8,0,11
S01010295,Level 3,88,61,27,11,4,4,8
S01010295,Level 4 and above,393,263,130,64,26,13,27
S01010296,All people aged 16 and over,575,410,165,35,16,18,96
S01010296,No qualifications,91,43,48,3,4,1,40
S01010296,Level 1,65,49,16,4,1,2,9
S01010296,Level 2,149,121,28,11,2,3,12
S01010296,Level 3,53,45,8,3,1,0,4
S01010296,Level 4 and above,217,152,65,14,8,12,31
S01010297,All people aged 16 and over,989,770,219,56,45,39,79
S01010297,No qualifications,330,279,51,3,1,9,38
S01010297,Level 1,129,96,33,10,7,8,8
S01010297,Level 2,129,114,15,1,2,0,12
S01010297,Level 3,102,85,17,5,5,5,2
S01010297,Level 4 and above,299,196,103,37,30,17,19
S01010298,All people aged 16 and over,820,681,139,26,30,15,68
S01010298,No qualifications,247,209,38,2,2,3,31
S01010298,Level 1,91,75,16,2,8,2,4
S01010298,Level 2,134,125,9,3,1,2,3
S01010298,Level 3,59,54,5,0,0,1,4
S01010298,Level 4 and above,289,218,71,19,19,7,26
S01010299,All people aged 16 and over,456,353,103,12,13,12,66
S01010299,No qualifications,201,145,56,4,4,5,43
S01010299,Level 1,86,75,11,1,2,4,4
S01010299,Level 2,43,40,3,1,0,1,1
S01010299,Level 3,29,26,3,0,0,1,2
S01010299,Level 4 and above,97,67,30,6,7,1,16
S01010300,All people aged 16 and over,837,645,192,87,39,19,47
S01010300,No qualifications,230,190,40,4,4,2,30
S01010300,Level 1,109,78,31,10,11,3,7
S01010300,Level 2,130,119,11,1,3,4,3
S01010300,Level 3,64,51,13,2,4,4,3
S01010300,Level 4 and above,304,207,97,70,17,6,4
S01010301,All people aged 16 and over,466,300,166,57,45,29,35
S01010301,No qualifications,50,25,25,4,2,7,12
S01010301,Level 1,50,26,24,6,11,2,5
S01010301,Level 2,96,88,8,3,0,3,2
S01010301,Level 3,49,28,21,7,7,4,3
S01010301,Level 4 and above,221,133,88,37,25,13,13
S01010302,All people aged 16 and over,557,408,149,28,30,44,47
S01010302,No qualifications,244,197,47,6,2,17,22
S01010302,Level 1,117,85,32,4,7,9,12
S01010302,Level 2,46,36,10,4,1,1,4
S01010302,Level 3,47,36,11,1,5,3,2
S01010302,Level 4 and above,103,54,49,13,15,14,7
S01010303,All people aged 16 and over,398,216,182,19,56,54,53
S01010303,No qualifications,157,79,78,11,22,20,25
S01010303,Level 1,95,44,51,4,16,13,18
S01010303,Level 2,40,31,9,1,3,3,2
S01010303,Level 3,40,25,15,0,4,8,3
S01010303,Level 4 and above,66,37,29,3,11,10,5
S01010304,All people aged 16 and over,481,386,95,32,28,22,13
S01010304,No qualifications,157,148,9,0,1,2,6
S01010304,Level 1,72,57,15,4,4,6,1
S01010304,Level 2,67,58,9,3,5,1,0
S01010304,Level 3,49,42,7,1,3,3,0
S01010304,Level 4 and above,136,81,55,24,15,10,6
S01010305,All people aged 16 and over,766,646,120,42,28,18,32
S01010305,No qualifications,231,214,17,0,1,2,14
S01010305,Level 1,87,74,13,6,3,1,3
S01010305,Level 2,102,95,7,1,5,0,1
S01010305,Level 3,67,55,12,1,4,4,3
S01010305,Level 4 and above,279,208,71,34,15,11,11
S01010306,All people aged 16 and over,692,520,172,60,40,34,38
S01010306,No qualifications,76,64,12,1,1,2,8
S01010306,Level 1,66,52,14,6,3,5,0
S01010306,Level 2,131,104,27,14,3,7,3
S01010306,Level 3,63,47,16,6,8,0,2
S01010306,Level 4 and above,356,253,103,33,25,20,25
S01010307,All people aged 16 and over,754,637,117,21,35,23,38
S01010307,No qualifications,57,46,11,4,0,3,4
S01010307,Level 1,46,35,11,2,4,1,4
S01010307,Level 2,148,141,7,2,1,1,3
S01010307,Level 3,35,32,3,0,1,0,2
S01010307,Level 4 and above,468,383,85,13,29,18,25
S01010308,All people aged 16 and over,876,661,215,96,45,26,48
S01010308,No qualifications,56,41,15,4,1,2,8
S01010308,Level 1,68,51,17,9,2,2,4
S01010308,Level 2,138,110,28,14,8,2,4
S01010308,Level 3,61,52,9,4,3,0,2
S01010308,Level 4 and above,553,407,146,65,31,20,30
S01010309,All people aged 16 and over,388,348,40,6,16,10,8
S01010309,No qualifications,237,217,20,2,6,7,5
S01010309,Level 1,67,63,4,1,2,1,0
S01010309,Level 2,27,25,2,0,2,0,0
S01010309,Level 3,22,18,4,1,2,0,1
S01010309,Level 4 and above,35,25,10,2,4,2,2
S01010310,All people aged 16 and over,556,407,149,37,46,38,28
S01010310,No qualifications,234,198,36,5,8,10,13
S01010310,Level 1,139,96,43,9,22,7,5
S01010310,Level 2,45,35,10,5,1,1,3
S01010310,Level 3,50,40,10,2,2,4,2
S01010310,Level 4 and above,88,38,50,16,13,16,5
S01010311,All people aged 16 and over,582,512,70,24,11,20,15
S01010311,No qualifications,318,310,8,2,0,3,3
S01010311,Level 1,125,95,30,12,6,7,5
S01010311,Level 2,39,35,4,3,0,0,1
S01010311,Level 3,38,32,6,1,2,2,1
S01010311,Level 4 and above,62,40,22,6,3,8,5
S01010312,All people aged 16 and over,676,618,58,8,19,16,15
S01010312,No qualifications,368,355,13,3,4,3,3
S01010312,Level 1,178,158,20,0,11,5,4
S01010312,Level 2,51,47,4,1,1,2,0
S01010312,Level 3,37,32,5,0,2,3,0
S01010312,Level 4 and above,42,26,16,4,1,3,8
S01010313,All people aged 16 and over,548,500,48,5,21,11,11
S01010313,No qualifications,281,272,9,1,4,1,3
S01010313,Level 1,133,125,8,0,4,2,2
S01010313,Level 2,56,50,6,0,2,0,4
S01010313,Level 3,30,23,7,0,5,2,0
S01010313,Level 4 and above,48,30,18,4,6,6,2
S01010314,All people aged 16 and over,1112,853,259,138,54,37,30
S01010314,No qualifications,389,343,46,30,9,0,7
S01010314,Level 1,203,169,34,10,9,5,10
S01010314,Level 2,139,116,23,6,6,7,4
S01010314,Level 3,93,72,21,8,5,4,4
S01010314,Level 4 and above,288,153,135,84,25,21,5
S01010315,All people aged 16 and over,703,598,105,15,15,34,41
S01010315,No qualifications,198,179,19,3,2,5,9
S01010315,Level 1,191,173,18,1,1,9,7
S01010315,Level 2,76,74,2,0,0,2,0
S01010315,Level 3,67,58,9,1,3,2,3
S01010315,Level 4 and above,171,114,57,10,9,16,22
S01010316,All people aged 16 and over,422,354,68,7,24,16,21
S01010316,No qualifications,123,111,12,2,2,2,6
S01010316,Level 1,106,89,17,3,12,1,1
S01010316,Level 2,60,52,8,0,1,3,4
S01010316,Level 3,45,37,8,1,3,2,2
S01010316,Level 4 and above,88,65,23,1,6,8,8
S01010317,All people aged 16 and over,690,579,111,21,30,20,40
S01010317,No qualifications,70,62,8,0,0,1,7
S01010317,Level 1,41,31,10,2,2,1,5
S01010317,Level 2,151,138,13,2,1,2,8
S01010317,Level 3,53,41,12,4,5,1,2
S01010317,Level 4 and above,375,307,68,13,22,15,18
S01010318,All people aged 16 and over,1513,1161,352,250,43,16,43
S01010318,No qualifications,127,114,13,4,4,1,4
S01010318,Level 1,170,74,96,85,5,4,2
S01010318,Level 2,873,803,70,33,12,5,20
S01010318,Level 3,118,65,53,38,6,4,5
S01010318,Level 4 and above,225,105,120,90,16,2,12
S01010319,All people aged 16 and over,647,522,125,28,30,25,42
S01010319,No qualifications,135,118,17,2,1,3,11
S01010319,Level 1,63,55,8,1,4,2,1
S01010319,Level 2,96,86,10,5,3,1,1
S01010319,Level 3,57,51,6,0,0,1,5
S01010319,Level 4 and above,296,212,84,20,22,18,24
S01010320,All people aged 16 and over,624,481,143,23,48,45,27
S01010320,No qualifications,150,129,21,0,4,10,7
S01010320,Level 1,70,56,14,1,7,3,3
S01010320,Level 2,92,80,12,1,8,2,1
S01010320,Level 3,54,43,11,0,3,6,2
S01010320,Level 4 and above,258,173,85,21,26,24,14
S01010321,All people aged 16 and over,784,687,97,23,23,20,31
S01010321,No qualifications,247,239,8,1,0,0,7
S01010321,Level 1,115,109,6,4,1,0,1
S01010321,Level 2,99,93,6,0,0,4,2
S01010321,Level 3,49,40,9,2,3,1,3
S01010321,Level 4 and above,274,206,68,16,19,15,18
S01010322,All people aged 16 and over,952,803,149,44,41,25,39
S01010322,No qualifications,77,70,7,0,0,3,4
S01010322,Level 1,69,61,8,4,2,1,1
S01010322,Level 2,152,144,8,4,0,0,4
S01010322,Level 3,53,47,6,0,3,2,1
S01010322,Level 4 and above,601,481,120,36,36,19,29
S01010323,All people aged 16 and over,512,454,58,13,23,18,4
S01010323,No qualifications,306,299,7,3,2,0,2
S01010323,Level 1,82,67,15,1,8,5,1
S01010323,Level 2,30,27,3,0,2,0,1
S01010323,Level 3,37,27,10,0,3,7,0
S01010323,Level 4 and above,57,34,23,9,8,6,0
S01010324,All people aged 16 and over,663,638,25,11,2,3,9
S01010324,No qualifications,391,383,8,1,0,0,7
S01010324,Level 1,140,136,4,1,0,2,1
S01010324,Level 2,60,60,0,0,0,0,0
S01010324,Level 3,43,40,3,1,1,1,0
S01010324,Level 4 and above,29,19,10,8,1,0,1
S01010325,All people aged 16 and over,824,810,14,0,2,3,9
S01010325,No qualifications,505,501,4,0,1,0,3
S01010325,Level 1,147,146,1,0,0,0,1
S01010325,Level 2,70,70,0,0,0,0,0
S01010325,Level 3,43,40,3,0,0,0,3
S01010325,Level 4 and above,59,53,6,0,1,3,2
S01010326,All people aged 16 and over,742,696,46,9,14,14,9
S01010326,No qualifications,398,384,14,1,4,5,4
S01010326,Level 1,176,169,7,2,2,1,2
S01010326,Level 2,59,59,0,0,0,0,0
S01010326,Level 3,39,33,6,2,0,2,2
S01010326,Level 4 and above,70,51,19,4,8,6,1
S01010327,All people aged 16 and over,770,687,83,17,15,20,31
S01010327,No qualifications,381,365,16,3,2,1,10
S01010327,Level 1,156,141,15,2,3,3,7
S01010327,Level 2,59,55,4,0,1,2,1
S01010327,Level 3,54,46,8,0,2,3,3
S01010327,Level 4 and above,120,80,40,12,7,11,10
S01010328,All people aged 16 and over,811,731,80,12,19,24,25
S01010328,No qualifications,356,334,22,2,6,3,11
S01010328,Level 1,201,185,16,5,2,7,2
S01010328,Level 2,93,78,15,4,5,5,1
S01010328,Level 3,71,65,6,0,3,2,1
S01010328,Level 4 and above,90,69,21,1,3,7,10
S01010329,All people aged 16 and over,495,464,31,4,5,6,16
S01010329,No qualifications,242,228,14,0,2,1,11
S01010329,Level 1,104,102,2,0,1,0,1
S01010329,Level 2,48,47,1,0,0,1,0
S01010329,Level 3,38,33,5,1,0,1,3
S01010329,Level 4 and above,63,54,9,3,2,3,1
S01010330,All people aged 16 and over,506,477,29,4,2,8,15
S01010330,No qualifications,263,252,11,1,0,2,8
S01010330,Level 1,124,119,5,1,0,0,4
S01010330,Level 2,42,41,1,0,0,0,1
S01010330,Level 3,33,30,3,1,1,0,1
S01010330,Level 4 and above,44,35,9,1,1,6,1
S01010331,All people aged 16 and over,776,732,44,4,4,14,22
S01010331,No qualifications,449,436,13,2,2,0,9
S01010331,Level 1,158,154,4,0,0,2,2
S01010331,Level 2,48,42,6,0,1,3,2
S01010331,Level 3,60,56,4,0,0,1,3
S01010331,Level 4 and above,61,44,17,2,1,8,6
S01010332,All people aged 16 and over,578,561,17,3,0,0,14
S01010332,No qualifications,303,297,6,0,0,0,6
S01010332,Level 1,150,148,2,0,0,0,2
S01010332,Level 2,48,46,2,0,0,0,2
S01010332,Level 3,33,32,1,0,0,0,1
S01010332,Level 4 and above,44,38,6,3,0,0,3
S01010333,All people aged 16 and over,793,746,47,10,11,10,16
S01010333,No qualifications,359,344,15,3,4,2,6
S01010333,Level 1,201,190,11,3,0,4,4
S01010333,Level 2,78,73,5,1,1,0,3
S01010333,Level 3,80,71,9,0,5,1,3
S01010333,Level 4 and above,75,68,7,3,1,3,0
S01010334,All people aged 16 and over,736,721,15,0,5,2,8
S01010334,No qualifications,324,321,3,0,0,0,3
S01010334,Level 1,193,190,3,0,2,0,1
S01010334,Level 2,80,78,2,0,0,0,2
S01010334,Level 3,71,69,2,0,0,2,0
S01010334,Level 4 and above,68,63,5,0,3,0,2
S01010335,All people aged 16 and over,695,658,37,6,4,11,16
S01010335,No qualifications,385,371,14,0,0,4,10
S01010335,Level 1,152,145,7,2,0,3,2
S01010335,Level 2,58,54,4,3,0,1,0
S01010335,Level 3,59,54,5,0,1,2,2
S01010335,Level 4 and above,41,34,7,1,3,1,2
S01010336,All people aged 16 and over,502,485,17,1,2,2,12
S01010336,No qualifications,251,249,2,0,1,1,0
S01010336,Level 1,142,139,3,0,0,0,3
S01010336,Level 2,41,37,4,1,1,1,1
S01010336,Level 3,33,30,3,0,0,0,3
S01010336,Level 4 and above,35,30,5,0,0,0,5
S01010337,All people aged 16 and over,529,511,18,2,7,2,7
S01010337,No qualifications,284,278,6,0,1,0,5
S01010337,Level 1,112,110,2,0,1,1,0
S01010337,Level 2,61,58,3,0,2,0,1
S01010337,Level 3,34,32,2,1,0,1,0
S01010337,Level 4 and above,38,33,5,1,3,0,1
S01010338,All people aged 16 and over,570,539,31,5,11,7,8
S01010338,No qualifications,293,283,10,0,4,2,4
S01010338,Level 1,144,136,8,3,3,1,1
S01010338,Level 2,52,49,3,1,2,0,0
S01010338,Level 3,42,42,0,0,0,0,0
S01010338,Level 4 and above,39,29,10,1,2,4,3
S01010339,All people aged 16 and over,552,526,26,2,9,5,10
S01010339,No qualifications,287,278,9,2,3,0,4
S01010339,Level 1,134,129,5,0,2,0,3
S01010339,Level 2,44,44,0,0,0,0,0
S01010339,Level 3,39,39,0,0,0,0,0
S01010339,Level 4 and above,48,36,12,0,4,5,3
S01010340,All people aged 16 and over,595,542,53,6,15,29,3
S01010340,No qualifications,257,252,5,0,0,3,2
S01010340,Level 1,168,155,13,1,5,7,0
S01010340,Level 2,58,53,5,0,2,3,0
S01010340,Level 3,56,46,10,1,3,6,0
S01010340,Level 4 and above,56,36,20,4,5,10,1
S01010341,All people aged 16 and over,468,449,19,1,3,2,13
S01010341,No qualifications,177,173,4,1,0,0,3
S01010341,Level 1,119,115,4,0,1,1,2
S01010341,Level 2,67,65,2,0,0,0,2
S01010341,Level 3,54,53,1,0,0,0,1
S01010341,Level 4 and above,51,43,8,0,2,1,5
S01010342,All people aged 16 and over,532,503,29,5,3,4,17
S01010342,No qualifications,151,144,7,0,0,1,6
S01010342,Level 1,161,154,7,2,2,0,3
S01010342,Level 2,86,86,0,0,0,0,0
S01010342,Level 3,47,43,4,1,1,2,0
S01010342,Level 4 and above,87,76,11,2,0,1,8
S01010343,All people aged 16 and over,757,721,36,4,2,4,26
S01010343,No qualifications,168,159,9,1,0,0,8
S01010343,Level 1,229,224,5,0,1,1,3
S01010343,Level 2,146,142,4,1,0,2,1
S01010343,Level 3,82,76,6,2,0,0,4
S01010343,Level 4 and above,132,120,12,0,1,1,10
S01010344,All people aged 16 and over,584,572,12,3,0,3,6
S01010344,No qualifications,283,278,5,0,0,1,4
S01010344,Level 1,170,166,4,2,0,0,2
S01010344,Level 2,59,57,2,1,0,1,0
S01010344,Level 3,40,40,0,0,0,0,0
S01010344,Level 4 and above,32,31,1,0,0,1,0
S01010345,All people aged 16 and over,350,299,51,5,6,18,22
S01010345,No qualifications,48,41,7,0,0,0,7
S01010345,Level 1,94,84,10,1,0,2,7
S01010345,Level 2,46,42,4,1,2,1,0
S01010345,Level 3,35,32,3,0,0,3,0
S01010345,Level 4 and above,127,100,27,3,4,12,8
S01010346,All people aged 16 and over,876,813,63,1,3,5,54
S01010346,No qualifications,276,246,30,1,0,0,29
S01010346,Level 1,164,163,1,0,0,0,1
S01010346,Level 2,107,104,3,0,0,0,3
S01010346,Level 3,72,68,4,0,1,1,2
S01010346,Level 4 and above,257,232,25,0,2,4,19
S01010347,All people aged 16 and over,939,787,152,90,29,18,15
S01010347,No qualifications,284,271,13,4,0,4,5
S01010347,Level 1,226,180,46,36,6,3,1
S01010347,Level 2,188,162,26,13,9,0,4
S01010347,Level 3,81,66,15,8,2,4,1
S01010347,Level 4 and above,160,108,52,29,12,7,4
S01010348,All people aged 16 and over,806,777,29,0,4,6,19
S01010348,No qualifications,367,353,14,0,0,1,13
S01010348,Level 1,197,192,5,0,3,1,1
S01010348,Level 2,86,83,3,0,0,1,2
S01010348,Level 3,53,53,0,0,0,0,0
S01010348,Level 4 and above,103,96,7,0,1,3,3
S01010349,All people aged 16 and over,745,729,16,4,1,1,10
S01010349,No qualifications,349,342,7,1,0,0,6
S01010349,Level 1,216,212,4,1,0,0,3
S01010349,Level 2,69,68,1,0,0,1,0
S01010349,Level 3,45,45,0,0,0,0,0
S01010349,Level 4 and above,66,62,4,2,1,0,1
S01010350,All people aged 16 and over,729,678,51,6,9,23,13
S01010350,No qualifications,344,332,12,0,0,3,9
S01010350,Level 1,191,181,10,0,1,7,2
S01010350,Level 2,64,58,6,2,0,2,2
S01010350,Level 3,65,57,8,2,2,4,0
S01010350,Level 4 and above,65,50,15,2,6,7,0
S01010351,All people aged 16 and over,691,602,89,21,17,30,21
S01010351,No qualifications,218,203,15,3,2,5,5
S01010351,Level 1,178,163,15,0,7,5,3
S01010351,Level 2,97,90,7,3,1,1,2
S01010351,Level 3,62,49,13,1,2,7,3
S01010351,Level 4 and above,136,97,39,14,5,12,8
S01010352,All people aged 16 and over,454,419,35,7,14,5,9
S01010352,No qualifications,237,221,16,0,9,1,6
S01010352,Level 1,101,99,2,0,1,0,1
S01010352,Level 2,38,38,0,0,0,0,0
S01010352,Level 3,32,27,5,0,3,1,1
S01010352,Level 4 and above,46,34,12,7,1,3,1
S01010353,All people aged 16 and over,764,626,138,16,50,47,25
S01010353,No qualifications,370,329,41,4,16,9,12
S01010353,Level 1,184,161,23,2,5,15,1
S01010353,Level 2,61,48,13,1,4,6,2
S01010353,Level 3,65,44,21,1,8,9,3
S01010353,Level 4 and above,84,44,40,8,17,8,7
S01010354,All people aged 16 and over,613,528,85,21,18,21,25
S01010354,No qualifications,247,229,18,3,1,4,10
S01010354,Level 1,147,120,27,14,3,4,6
S01010354,Level 2,55,51,4,0,2,2,0
S01010354,Level 3,61,51,10,0,2,2,6
S01010354,Level 4 and above,103,77,26,4,10,9,3
S01010355,All people aged 16 and over,621,557,64,9,14,17,24
S01010355,No qualifications,257,244,13,1,0,2,10
S01010355,Level 1,132,121,11,3,3,2,3
S01010355,Level 2,74,65,9,1,3,3,2
S01010355,Level 3,63,54,9,0,2,5,2
S01010355,Level 4 and above,95,73,22,4,6,5,7
S01010356,All people aged 16 and over,549,496,53,5,23,11,14
S01010356,No qualifications,132,129,3,0,0,1,2
S01010356,Level 1,128,125,3,0,0,2,1
S01010356,Level 2,81,77,4,0,1,1,2
S01010356,Level 3,62,52,10,0,7,2,1
S01010356,Level 4 and above,146,113,33,5,15,5,8
S01010357,All people aged 16 and over,503,448,55,9,8,14,24
S01010357,No qualifications,222,213,9,0,0,3,6
S01010357,Level 1,106,103,3,0,1,1,1
S01010357,Level 2,42,37,5,1,1,2,1
S01010357,Level 3,44,31,13,4,0,2,7
S01010357,Level 4 and above,89,64,25,4,6,6,9
S01010358,All people aged 16 and over,714,677,37,11,4,13,9
S01010358,No qualifications,348,341,7,0,2,2,3
S01010358,Level 1,156,152,4,2,0,2,0
S01010358,Level 2,61,60,1,0,0,0,1
S01010358,Level 3,45,42,3,0,0,2,1
S01010358,Level 4 and above,104,82,22,9,2,7,4
S01010359,All people aged 16 and over,648,573,75,14,22,22,17
S01010359,No qualifications,312,301,11,0,1,5,5
S01010359,Level 1,168,152,16,0,9,2,5
S01010359,Level 2,41,38,3,2,0,0,1
S01010359,Level 3,52,42,10,3,2,3,2
S01010359,Level 4 and above,75,40,35,9,10,12,4
S01010360,All people aged 16 and over,445,378,67,13,23,21,10
S01010360,No qualifications,158,145,13,0,1,5,7
S01010360,Level 1,99,87,12,1,8,3,0
S01010360,Level 2,54,51,3,0,2,1,0
S01010360,Level 3,33,24,9,0,1,8,0
S01010360,Level 4 and above,101,71,30,12,11,4,3
S01010361,All people aged 16 and over,518,426,92,15,33,31,13
S01010361,No qualifications,228,207,21,7,3,5,6
S01010361,Level 1,131,113,18,0,11,6,1
S01010361,Level 2,47,40,7,0,2,5,0
S01010361,Level 3,37,28,9,3,3,2,1
S01010361,Level 4 and above,75,38,37,5,14,13,5
S01010362,All people aged 16 and over,742,592,150,30,49,35,36
S01010362,No qualifications,339,282,57,13,11,17,16
S01010362,Level 1,167,131,36,5,23,5,3
S01010362,Level 2,80,74,6,3,1,0,2
S01010362,Level 3,47,33,14,1,3,3,7
S01010362,Level 4 and above,109,72,37,8,11,10,8
S01010363,All people aged 16 and over,655,565,90,19,18,15,38
S01010363,No qualifications,92,85,7,0,2,0,5
S01010363,Level 1,72,61,11,2,1,1,7
S01010363,Level 2,95,93,2,0,1,0,1
S01010363,Level 3,66,59,7,2,1,2,2
S01010363,Level 4 and above,330,267,63,15,13,12,23
S01010364,All people aged 16 and over,762,656,106,1,0,12,93
S01010364,No qualifications,116,88,28,0,0,1,27
S01010364,Level 1,82,69,13,0,0,3,10
S01010364,Level 2,101,89,12,0,0,1,11
S01010364,Level 3,75,71,4,1,0,1,2
S01010364,Level 4 and above,388,339,49,0,0,6,43
S01010365,All people aged 16 and over,869,769,100,16,10,15,59
S01010365,No qualifications,110,96,14,0,0,1,13
S01010365,Level 1,85,70,15,1,2,1,11
S01010365,Level 2,124,118,6,3,2,0,1
S01010365,Level 3,46,43,3,0,0,1,2
S01010365,Level 4 and above,504,442,62,12,6,12,32
S01010366,All people aged 16 and over,909,762,147,39,21,40,47
S01010366,No qualifications,96,85,11,0,3,0,8
S01010366,Level 1,105,86,19,3,2,5,9
S01010366,Level 2,130,123,7,2,0,3,2
S01010366,Level 3,64,55,9,2,2,2,3
S01010366,Level 4 and above,514,413,101,32,14,30,25
S01010367,All people aged 16 and over,1488,937,551,394,53,28,76
S01010367,No qualifications,93,76,17,6,3,0,8
S01010367,Level 1,150,65,85,70,5,5,5
S01010367,Level 2,320,273,47,26,7,3,11
S01010367,Level 3,104,61,43,28,4,3,8
S01010367,Level 4 and above,821,462,359,264,34,17,44
S01010368,All people aged 16 and over,639,562,77,14,8,11,44
S01010368,No qualifications,35,32,3,0,0,0,3
S01010368,Level 1,53,48,5,1,2,0,2
S01010368,Level 2,91,83,8,1,0,1,6
S01010368,Level 3,29,25,4,2,1,0,1
S01010368,Level 4 and above,431,374,57,10,5,10,32
S01010369,All people aged 16 and over,672,553,119,23,22,19,55
S01010369,No qualifications,85,73,12,1,0,3,8
S01010369,Level 1,67,52,15,1,3,0,11
S01010369,Level 2,78,70,8,1,3,2,2
S01010369,Level 3,62,52,10,1,4,1,4
S01010369,Level 4 and above,380,306,74,19,12,13,30
S01010370,All people aged 16 and over,630,510,120,21,31,17,51
S01010370,No qualifications,29,17,12,0,1,0,11
S01010370,Level 1,56,43,13,7,3,0,3
S01010370,Level 2,89,78,11,1,4,2,4
S01010370,Level 3,43,36,7,1,3,2,1
S01010370,Level 4 and above,413,336,77,12,20,13,32
S01010371,All people aged 16 and over,908,723,185,53,47,26,59
S01010371,No qualifications,37,27,10,3,0,2,5
S01010371,Level 1,61,49,12,3,4,1,4
S01010371,Level 2,181,158,23,5,9,2,7
S01010371,Level 3,76,63,13,4,5,2,2
S01010371,Level 4 and above,553,426,127,38,29,19,41
S01010372,All people aged 16 and over,454,375,79,12,10,8,49
S01010372,No qualifications,40,31,9,1,0,1,7
S01010372,Level 1,28,21,7,1,0,1,5
S01010372,Level 2,72,66,6,1,1,0,4
S01010372,Level 3,33,29,4,1,0,0,3
S01010372,Level 4 and above,281,228,53,8,9,6,30
S01010373,All people aged 16 and over,687,581,106,36,28,10,32
S01010373,No qualifications,76,73,3,0,2,0,1
S01010373,Level 1,47,35,12,6,5,1,0
S01010373,Level 2,97,91,6,2,1,1,2
S01010373,Level 3,36,33,3,1,1,1,0
S01010373,Level 4 and above,431,349,82,27,19,7,29
S01010374,All people aged 16 and over,830,697,133,48,24,21,40
S01010374,No qualifications,45,39,6,0,0,1,5
S01010374,Level 1,54,37,17,11,4,1,1
S01010374,Level 2,171,154,17,9,0,2,6
S01010374,Level 3,62,53,9,4,1,2,2
S01010374,Level 4 and above,498,414,84,24,19,15,26
S01010375,All people aged 16 and over,501,411,90,31,23,14,22
S01010375,No qualifications,21,13,8,3,0,0,5
S01010375,Level 1,29,10,19,5,4,5,5
S01010375,Level 2,234,220,14,2,5,2,5
S01010375,Level 3,27,16,11,4,5,2,0
S01010375,Level 4 and above,190,152,38,17,9,5,7
S01010376,All people aged 16 and over,667,468,199,121,28,15,35
S01010376,No qualifications,16,12,4,0,0,1,3
S01010376,Level 1,45,26,19,9,6,0,4
S01010376,Level 2,184,162,22,15,0,1,6
S01010376,Level 3,31,26,5,4,0,0,1
S01010376,Level 4 and above,391,242,149,93,22,13,21
S01010377,All people aged 16 and over,857,580,277,109,73,34,61
S01010377,No qualifications,59,27,32,2,8,4,18
S01010377,Level 1,76,47,29,14,9,3,3
S01010377,Level 2,310,259,51,19,20,6,6
S01010377,Level 3,56,41,15,7,4,2,2
S01010377,Level 4 and above,356,206,150,67,32,19,32
S01010378,All people aged 16 and over,689,546,143,66,28,17,32
S01010378,No qualifications,21,14,7,2,0,0,5
S01010378,Level 1,59,35,24,15,7,0,2
S01010378,Level 2,301,279,22,6,4,2,10
S01010378,Level 3,41,27,14,11,3,0,0
S01010378,Level 4 and above,267,191,76,32,14,15,15
S01010379,All people aged 16 and over,1076,788,288,159,51,31,47
S01010379,No qualifications,61,46,15,6,1,0,8
S01010379,Level 1,103,53,50,37,10,2,1
S01010379,Level 2,365,326,39,14,10,8,7
S01010379,Level 3,83,62,21,16,2,1,2
S01010379,Level 4 and above,464,301,163,86,28,20,29
S01010380,All people aged 16 and over,889,744,145,34,32,29,50
S01010380,No qualifications,77,66,11,1,4,1,5
S01010380,Level 1,59,43,16,7,5,2,2
S01010380,Level 2,167,155,12,5,2,1,4
S01010380,Level 3,63,55,8,2,2,1,3
S01010380,Level 4 and above,523,425,98,19,19,24,36
S01010381,All people aged 16 and over,569,416,153,55,50,30,18
S01010381,No qualifications,45,36,9,5,0,0,4
S01010381,Level 1,41,27,14,3,8,1,2
S01010381,Level 2,145,122,23,6,4,8,5
S01010381,Level 3,37,29,8,2,4,0,2
S01010381,Level 4 and above,301,202,99,39,34,21,5
S01010382,All people aged 16 and over,793,668,125,32,40,31,22
S01010382,No qualifications,80,71,9,2,3,1,3
S01010382,Level 1,65,58,7,2,1,3,1
S01010382,Level 2,165,149,16,5,5,4,2
S01010382,Level 3,64,60,4,0,4,0,0
S01010382,Level 4 and above,419,330,89,23,27,23,16
S01010383,All people aged 16 and over,595,462,133,55,21,17,40
S01010383,No qualifications,136,126,10,0,1,0,9
S01010383,Level 1,88,70,18,5,7,1,5
S01010383,Level 2,101,83,18,6,1,3,8
S01010383,Level 3,54,45,9,5,1,0,3
S01010383,Level 4 and above,216,138,78,39,11,13,15
S01010384,All people aged 16 and over,770,575,195,73,31,43,48
S01010384,No qualifications,79,67,12,2,1,0,9
S01010384,Level 1,65,47,18,7,8,1,2
S01010384,Level 2,130,110,20,4,3,7,6
S01010384,Level 3,49,45,4,2,0,1,1
S01010384,Level 4 and above,447,306,141,58,19,34,30
S01010385,All people aged 16 and over,783,660,123,42,35,11,35
S01010385,No qualifications,121,107,14,0,1,1,12
S01010385,Level 1,84,68,16,9,3,1,3
S01010385,Level 2,141,132,9,4,3,0,2
S01010385,Level 3,69,62,7,1,2,1,3
S01010385,Level 4 and above,368,291,77,28,26,8,15
S01010386,All people aged 16 and over,822,708,114,34,26,21,33
S01010386,No qualifications,213,199,14,1,2,0,11
S01010386,Level 1,116,107,9,1,0,6,2
S01010386,Level 2,149,139,10,1,4,2,3
S01010386,Level 3,71,66,5,1,0,1,3
S01010386,Level 4 and above,273,197,76,30,20,12,14
S01010387,All people aged 16 and over,972,772,200,84,47,40,29
S01010387,No qualifications,157,145,12,4,0,0,8
S01010387,Level 1,96,85,11,6,2,2,1
S01010387,Level 2,165,150,15,8,2,1,4
S01010387,Level 3,75,59,16,7,6,1,2
S01010387,Level 4 and above,479,333,146,59,37,36,14
S01010388,All people aged 16 and over,925,817,108,29,25,22,32
S01010388,No qualifications,259,242,17,2,3,3,9
S01010388,Level 1,162,149,13,7,2,1,3
S01010388,Level 2,117,106,11,5,2,3,1
S01010388,Level 3,83,78,5,2,1,0,2
S01010388,Level 4 and above,304,242,62,13,17,15,17
S01010389,All people aged 16 and over,973,713,260,114,72,37,37
S01010389,No qualifications,60,46,14,4,1,0,9
S01010389,Level 1,108,83,25,11,10,2,2
S01010389,Level 2,131,108,23,8,8,3,4
S01010389,Level 3,95,77,18,6,9,0,3
S01010389,Level 4 and above,579,399,180,85,44,32,19
S01010390,All people aged 16 and over,1002,873,129,35,30,39,25
S01010390,No qualifications,110,99,11,1,2,1,7
S01010390,Level 1,124,107,17,5,3,8,1
S01010390,Level 2,152,145,7,1,0,3,3
S01010390,Level 3,104,90,14,2,3,7,2
S01010390,Level 4 and above,512,432,80,26,22,20,12
S01010391,All people aged 16 and over,737,623,114,43,29,21,21
S01010391,No qualifications,104,96,8,2,2,1,3
S01010391,Level 1,105,94,11,4,2,1,4
S01010391,Level 2,96,90,6,1,0,3,2
S01010391,Level 3,76,65,11,1,9,0,1
S01010391,Level 4 and above,356,278,78,35,16,16,11
S01010392,All people aged 16 and over,634,482,152,55,30,26,41
S01010392,No qualifications,23,20,3,0,0,1,2
S01010392,Level 1,67,42,25,12,4,5,4
S01010392,Level 2,78,71,7,0,1,1,5
S01010392,Level 3,66,53,13,4,2,0,7
S01010392,Level 4 and above,400,296,104,39,23,19,23
S01010393,All people aged 16 and over,951,838,113,27,36,19,31
S01010393,No qualifications,141,129,12,3,3,1,5
S01010393,Level 1,92,83,9,2,2,1,4
S01010393,Level 2,151,142,9,0,3,1,5
S01010393,Level 3,78,69,9,0,4,1,4
S01010393,Level 4 and above,489,415,74,22,24,15,13
S01010394,All people aged 16 and over,731,661,70,23,11,5,31
S01010394,No qualifications,243,226,17,8,1,0,8
S01010394,Level 1,139,129,10,1,2,0,7
S01010394,Level 2,91,84,7,2,2,0,3
S01010394,Level 3,60,55,5,2,0,0,3
S01010394,Level 4 and above,198,167,31,10,6,5,10
S01010395,All people aged 16 and over,917,788,129,36,26,25,42
S01010395,No qualifications,175,171,4,0,0,0,4
S01010395,Level 1,95,84,11,3,3,2,3
S01010395,Level 2,136,120,16,3,4,3,6
S01010395,Level 3,74,67,7,2,1,1,3
S01010395,Level 4 and above,437,346,91,28,18,19,26
S01010396,All people aged 16 and over,945,816,129,42,25,22,40
S01010396,No qualifications,190,178,12,2,2,1,7
S01010396,Level 1,109,102,7,1,1,4,1
S01010396,Level 2,155,148,7,1,2,1,3
S01010396,Level 3,63,55,8,3,0,1,4
S01010396,Level 4 and above,428,333,95,35,20,15,25
S01010397,All people aged 16 and over,500,440,60,9,17,11,23
S01010397,No qualifications,39,36,3,0,0,1,2
S01010397,Level 1,25,20,5,1,2,1,1
S01010397,Level 2,113,109,4,1,1,1,1
S01010397,Level 3,35,31,4,0,2,0,2
S01010397,Level 4 and above,288,244,44,7,12,8,17
S01010398,All people aged 16 and over,1000,853,147,51,22,19,55
S01010398,No qualifications,103,91,12,2,0,2,8
S01010398,Level 1,76,66,10,4,2,1,3
S01010398,Level 2,165,157,8,2,0,0,6
S01010398,Level 3,68,62,6,2,2,1,1
S01010398,Level 4 and above,588,477,111,41,18,15,37
S01010399,All people aged 16 and over,979,845,134,29,36,27,42
S01010399,No qualifications,30,30,0,0,0,0,0
S01010399,Level 1,43,31,12,4,3,0,5
S01010399,Level 2,116,105,11,3,2,1,5
S01010399,Level 3,56,54,2,0,0,1,1
S01010399,Level 4 and above,734,625,109,22,31,25,31
S01010400,All people aged 16 and over,949,830,119,29,24,13,53
S01010400,No qualifications,65,54,11,0,6,1,4
S01010400,Level 1,67,60,7,4,0,0,3
S01010400,Level 2,132,125,7,3,1,0,3
S01010400,Level 3,59,53,6,1,1,1,3
S01010400,Level 4 and above,626,538,88,21,16,11,40
S01010401,All people aged 16 and over,669,572,97,28,19,14,36
S01010401,No qualifications,88,82,6,0,0,1,5
S01010401,Level 1,48,41,7,2,2,1,2
S01010401,Level 2,136,126,10,6,2,0,2
S01010401,Level 3,42,36,6,1,2,0,3
S01010401,Level 4 and above,355,287,68,19,13,12,24
S01010402,All people aged 16 and over,921,814,107,26,17,10,54
S01010402,No qualifications,57,48,9,0,2,0,7
S01010402,Level 1,42,39,3,3,0,0,0
S01010402,Level 2,133,130,3,0,0,0,3
S01010402,Level 3,44,42,2,1,0,0,1
S01010402,Level 4 and above,645,555,90,22,15,10,43
S01010403,All people aged 16 and over,930,799,131,33,26,27,45
S01010403,No qualifications,51,46,5,1,1,0,3
S01010403,Level 1,76,61,15,8,2,2,3
S01010403,Level 2,133,121,12,0,4,4,4
S01010403,Level 3,48,46,2,1,0,1,0
S01010403,Level 4 and above,622,525,97,23,19,20,35
S01010404,All people aged 16 and over,691,604,87,14,7,14,52
S01010404,No qualifications,57,54,3,0,0,1,2
S01010404,Level 1,65,52,13,2,0,2,9
S01010404,Level 2,75,73,2,0,0,0,2
S01010404,Level 3,39,33,6,1,1,0,4
S01010404,Level 4 and above,455,392,63,11,6,11,35
S01010405,All people aged 16 and over,689,593,96,15,18,9,54
S01010405,No qualifications,24,19,5,1,1,0,3
S01010405,Level 1,37,33,4,2,1,1,0
S01010405,Level 2,91,85,6,1,1,0,4
S01010405,Level 3,53,47,6,1,0,1,4
S01010405,Level 4 and above,484,409,75,10,15,7,43
S01010406,All people aged 16 and over,758,622,136,29,34,25,48
S01010406,No qualifications,45,32,13,0,0,4,9
S01010406,Level 1,61,32,29,11,7,6,5
S01010406,Level 2,164,155,9,3,2,2,2
S01010406,Level 3,49,39,10,3,2,1,4
S01010406,Level 4 and above,439,364,75,12,23,12,28
S01010407,All people aged 16 and over,844,688,156,67,39,11,39
S01010407,No qualifications,40,30,10,4,0,1,5
S01010407,Level 1,46,26,20,9,7,1,3
S01010407,Level 2,293,274,19,6,7,0,6
S01010407,Level 3,59,46,13,7,3,1,2
S01010407,Level 4 and above,406,312,94,41,22,8,23
S01010408,All people aged 16 and over,436,406,30,7,4,4,15
S01010408,No qualifications,106,102,4,0,0,0,4
S01010408,Level 1,66,62,4,1,0,1,2
S01010408,Level 2,50,48,2,0,0,1,1
S01010408,Level 3,39,34,5,2,0,0,3
S01010408,Level 4 and above,175,160,15,4,4,2,5
S01010409,All people aged 16 and over,541,493,48,3,4,5,36
S01010409,No qualifications,87,74,13,0,0,1,12
S01010409,Level 1,78,68,10,0,3,2,5
S01010409,Level 2,77,76,1,0,0,1,0
S01010409,Level 3,44,43,1,0,0,0,1
S01010409,Level 4 and above,255,232,23,3,1,1,18
S01010410,All people aged 16 and over,470,421,49,15,2,10,22
S01010410,No qualifications,34,28,6,1,1,1,3
S01010410,Level 1,68,57,11,1,1,6,3
S01010410,Level 2,69,67,2,0,0,0,2
S01010410,Level 3,33,30,3,2,0,1,0
S01010410,Level 4 and above,266,239,27,11,0,2,14
S01010411,All people aged 16 and over,798,740,58,3,8,6,41
S01010411,No qualifications,62,46,16,0,2,3,11
S01010411,Level 1,68,61,7,1,3,1,2
S01010411,Level 2,115,110,5,1,0,0,4
S01010411,Level 3,56,53,3,0,0,1,2
S01010411,Level 4 and above,497,470,27,1,3,1,22
S01010412,All people aged 16 and over,762,650,112,27,24,24,37
S01010412,No qualifications,86,77,9,1,0,4,4
S01010412,Level 1,59,54,5,0,0,2,3
S01010412,Level 2,99,90,9,1,2,4,2
S01010412,Level 3,55,53,2,0,0,2,0
S01010412,Level 4 and above,463,376,87,25,22,12,28
S01010413,All people aged 16 and over,612,535,77,17,9,10,41
S01010413,No qualifications,69,52,17,3,0,0,14
S01010413,Level 1,69,56,13,3,0,3,7
S01010413,Level 2,80,76,4,1,1,0,2
S01010413,Level 3,29,28,1,0,0,0,1
S01010413,Level 4 and above,365,323,42,10,8,7,17
S01010414,All people aged 16 and over,872,793,79,11,8,14,46
S01010414,No qualifications,127,118,9,1,1,2,5
S01010414,Level 1,96,87,9,2,1,2,4
S01010414,Level 2,123,117,6,0,0,0,6
S01010414,Level 3,64,57,7,2,0,1,4
S01010414,Level 4 and above,462,414,48,6,6,9,27
S01010415,All people aged 16 and over,886,817,69,10,9,18,32
S01010415,No qualifications,293,275,18,0,2,1,15
S01010415,Level 1,138,132,6,1,3,0,2
S01010415,Level 2,125,125,0,0,0,0,0
S01010415,Level 3,72,62,10,1,1,3,5
S01010415,Level 4 and above,258,223,35,8,3,14,10
S01010416,All people aged 16 and over,586,521,65,8,12,17,28
S01010416,No qualifications,55,49,6,0,0,0,6
S01010416,Level 1,71,63,8,0,5,1,2
S01010416,Level 2,87,84,3,0,0,0,3
S01010416,Level 3,35,31,4,0,1,1,2
S01010416,Level 4 and above,338,294,44,8,6,15,15
S01010417,All people aged 16 and over,488,443,45,4,6,8,27
S01010417,No qualifications,55,50,5,0,0,1,4
S01010417,Level 1,39,35,4,0,0,0,4
S01010417,Level 2,46,43,3,0,0,0,3
S01010417,Level 3,40,37,3,0,0,2,1
S01010417,Level 4 and above,308,278,30,4,6,5,15
S01010418,All people aged 16 and over,937,852,85,10,17,14,44
S01010418,No qualifications,77,70,7,0,1,0,6
S01010418,Level 1,77,73,4,0,1,0,3
S01010418,Level 2,86,79,7,2,0,1,4
S01010418,Level 3,60,55,5,0,2,1,2
S01010418,Level 4 and above,637,575,62,8,13,12,29
S01010419,All people aged 16 and over,836,764,72,15,12,10,35
S01010419,No qualifications,65,61,4,0,3,0,1
S01010419,Level 1,70,68,2,0,2,0,0
S01010419,Level 2,93,93,0,0,0,0,0
S01010419,Level 3,67,59,8,1,2,1,4
S01010419,Level 4 and above,541,483,58,14,5,9,30
S01010420,All people aged 16 and over,578,542,36,0,1,2,33
S01010420,No qualifications,97,86,11,0,1,0,10
S01010420,Level 1,68,64,4,0,0,0,4
S01010420,Level 2,88,82,6,0,0,1,5
S01010420,Level 3,62,56,6,0,0,1,5
S01010420,Level 4 and above,263,254,9,0,0,0,9
S01010421,All people aged 16 and over,704,648,56,4,9,10,33
S01010421,No qualifications,85,81,4,0,1,0,3
S01010421,Level 1,71,66,5,1,1,1,2
S01010421,Level 2,90,85,5,0,0,1,4
S01010421,Level 3,55,49,6,0,1,1,4
S01010421,Level 4 and above,403,367,36,3,6,7,20
S01010422,All people aged 16 and over,895,817,78,2,8,17,51
S01010422,No qualifications,162,149,13,1,1,0,11
S01010422,Level 1,133,125,8,0,3,2,3
S01010422,Level 2,112,105,7,0,1,2,4
S01010422,Level 3,75,69,6,1,1,2,2
S01010422,Level 4 and above,413,369,44,0,2,11,31
S01010423,All people aged 16 and over,702,584,118,24,29,41,24
S01010423,No qualifications,229,200,29,6,7,5,11
S01010423,Level 1,144,129,15,2,5,6,2
S01010423,Level 2,80,70,10,1,1,7,1
S01010423,Level 3,70,59,11,2,0,8,1
S01010423,Level 4 and above,179,126,53,13,16,15,9
S01010424,All people aged 16 and over,707,643,64,12,13,23,16
S01010424,No qualifications,237,221,16,0,2,4,10
S01010424,Level 1,152,141,11,3,1,7,0
S01010424,Level 2,82,78,4,1,2,0,1
S01010424,Level 3,72,65,7,2,2,3,0
S01010424,Level 4 and above,164,138,26,6,6,9,5
S01010425,All people aged 16 and over,875,788,87,18,29,22,18
S01010425,No qualifications,281,273,8,0,2,3,3
S01010425,Level 1,200,181,19,5,6,5,3
S01010425,Level 2,105,101,4,0,2,0,2
S01010425,Level 3,86,76,10,3,1,3,3
S01010425,Level 4 and above,203,157,46,10,18,11,7
S01010426,All people aged 16 and over,603,522,81,10,30,18,23
S01010426,No qualifications,153,142,11,1,3,1,6
S01010426,Level 1,141,124,17,1,8,4,4
S01010426,Level 2,70,64,6,1,1,2,2
S01010426,Level 3,58,49,9,1,2,4,2
S01010426,Level 4 and above,181,143,38,6,16,7,9
S01010427,All people aged 16 and over,802,592,210,26,58,84,42
S01010427,No qualifications,337,272,65,11,14,19,21
S01010427,Level 1,149,101,48,11,17,18,2
S01010427,Level 2,76,56,20,0,3,15,2
S01010427,Level 3,60,36,24,0,11,8,5
S01010427,Level 4 and above,180,127,53,4,13,24,12
S01010428,All people aged 16 and over,577,544,33,0,0,7,26
S01010428,No qualifications,135,128,7,0,0,2,5
S01010428,Level 1,77,71,6,0,0,1,5
S01010428,Level 2,75,72,3,0,0,0,3
S01010428,Level 3,43,40,3,0,0,1,2
S01010428,Level 4 and above,247,233,14,0,0,3,11
S01010429,All people aged 16 and over,772,708,64,7,12,10,35
S01010429,No qualifications,100,91,9,2,1,2,4
S01010429,Level 1,88,80,8,1,3,3,1
S01010429,Level 2,95,93,2,0,1,0,1
S01010429,Level 3,62,57,5,2,0,1,2
S01010429,Level 4 and above,427,387,40,2,7,4,27
S01010430,All people aged 16 and over,698,531,167,30,64,47,26
S01010430,No qualifications,255,221,34,1,9,11,13
S01010430,Level 1,169,134,35,6,16,11,2
S01010430,Level 2,71,58,13,4,5,1,3
S01010430,Level 3,67,50,17,2,9,5,1
S01010430,Level 4 and above,136,68,68,17,25,19,7
S01010431,All people aged 16 and over,549,508,41,2,0,5,34
S01010431,No qualifications,67,57,10,2,0,0,8
S01010431,Level 1,49,48,1,0,0,0,1
S01010431,Level 2,83,81,2,0,0,0,2
S01010431,Level 3,47,45,2,0,0,0,2
S01010431,Level 4 and above,303,277,26,0,0,5,21
S01010432,All people aged 16 and over,727,629,98,22,18,34,24
S01010432,No qualifications,237,214,23,3,6,7,7
S01010432,Level 1,185,161,24,7,4,10,3
S01010432,Level 2,85,77,8,0,1,4,3
S01010432,Level 3,88,80,8,1,1,1,5
S01010432,Level 4 and above,132,97,35,11,6,12,6
S01010433,All people aged 16 and over,546,230,316,57,82,102,75
S01010433,No qualifications,213,96,117,27,24,37,29
S01010433,Level 1,154,68,86,16,24,28,18
S01010433,Level 2,42,27,15,2,4,5,4
S01010433,Level 3,47,19,28,3,10,8,7
S01010433,Level 4 and above,90,20,70,9,20,24,17
S01010434,All people aged 16 and over,493,382,111,23,27,42,19
S01010434,No qualifications,182,157,25,3,4,12,6
S01010434,Level 1,86,71,15,4,5,5,1
S01010434,Level 2,72,58,14,2,1,11,0
S01010434,Level 3,57,40,17,1,7,2,7
S01010434,Level 4 and above,96,56,40,13,10,12,5
S01010435,All people aged 16 and over,528,496,32,8,2,4,18
S01010435,No qualifications,219,211,8,1,0,0,7
S01010435,Level 1,128,125,3,1,0,1,1
S01010435,Level 2,60,54,6,0,0,1,5
S01010435,Level 3,42,39,3,2,1,0,0
S01010435,Level 4 and above,79,67,12,4,1,2,5
S01010436,All people aged 16 and over,660,559,101,14,33,31,23
S01010436,No qualifications,220,209,11,1,1,6,3
S01010436,Level 1,150,125,25,6,8,5,6
S01010436,Level 2,72,64,8,0,3,1,4
S01010436,Level 3,68,51,17,0,6,9,2
S01010436,Level 4 and above,150,110,40,7,15,10,8
S01010437,All people aged 16 and over,467,436,31,6,7,7,11
S01010437,No qualifications,171,164,7,0,0,1,6
S01010437,Level 1,113,106,7,3,3,1,0
S01010437,Level 2,55,54,1,0,0,0,1
S01010437,Level 3,50,47,3,1,1,1,0
S01010437,Level 4 and above,78,65,13,2,3,4,4
S01010438,All people aged 16 and over,610,490,120,7,32,55,26
S01010438,No qualifications,195,176,19,2,6,5,6
S01010438,Level 1,171,145,26,0,9,9,8
S01010438,Level 2,72,55,17,3,5,5,4
S01010438,Level 3,54,44,10,0,2,6,2
S01010438,Level 4 and above,118,70,48,2,10,30,6
S01010439,All people aged 16 and over,798,679,119,24,45,31,19
S01010439,No qualifications,213,204,9,0,6,1,2
S01010439,Level 1,201,184,17,2,5,10,0
S01010439,Level 2,104,96,8,1,4,0,3
S01010439,Level 3,73,61,12,0,7,2,3
S01010439,Level 4 and above,207,134,73,21,23,18,11
S01010440,All people aged 16 and over,534,489,45,5,2,19,19
S01010440,No qualifications,207,195,12,4,0,3,5
S01010440,Level 1,143,135,8,0,1,1,6
S01010440,Level 2,63,54,9,0,0,4,5
S01010440,Level 3,49,43,6,0,1,5,0
S01010440,Level 4 and above,72,62,10,1,0,6,3
S01010441,All people aged 16 and over,694,639,55,10,15,15,15
S01010441,No qualifications,100,99,1,0,0,0,1
S01010441,Level 1,160,150,10,2,4,3,1
S01010441,Level 2,101,96,5,1,1,1,2
S01010441,Level 3,127,120,7,0,1,4,2
S01010441,Level 4 and above,206,174,32,7,9,7,9
S01010442,All people aged 16 and over,595,524,71,19,12,22,18
S01010442,No qualifications,158,147,11,0,2,4,5
S01010442,Level 1,156,144,12,4,1,5,2
S01010442,Level 2,92,84,8,2,2,1,3
S01010442,Level 3,68,61,7,4,2,0,1
S01010442,Level 4 and above,121,88,33,9,5,12,7
S01010443,All people aged 16 and over,436,425,11,0,2,5,4
S01010443,No qualifications,185,185,0,0,0,0,0
S01010443,Level 1,106,104,2,0,1,0,1
S01010443,Level 2,43,43,0,0,0,0,0
S01010443,Level 3,32,30,2,0,0,1,1
S01010443,Level 4 and above,70,63,7,0,1,4,2
S01010444,All people aged 16 and over,558,542,16,2,0,8,6
S01010444,No qualifications,263,257,6,0,0,3,3
S01010444,Level 1,116,114,2,2,0,0,0
S01010444,Level 2,72,70,2,0,0,1,1
S01010444,Level 3,42,41,1,0,0,0,1
S01010444,Level 4 and above,65,60,5,0,0,4,1
S01010445,All people aged 16 and over,785,743,42,4,6,11,21
S01010445,No qualifications,389,374,15,2,1,1,11
S01010445,Level 1,179,172,7,0,3,2,2
S01010445,Level 2,84,80,4,0,0,0,4
S01010445,Level 3,44,44,0,0,0,0,0
S01010445,Level 4 and above,89,73,16,2,2,8,4
S01010446,All people aged 16 and over,700,678,22,0,5,2,15
S01010446,No qualifications,234,226,8,0,0,1,7
S01010446,Level 1,159,155,4,0,1,1,2
S01010446,Level 2,109,109,0,0,0,0,0
S01010446,Level 3,67,64,3,0,2,0,1
S01010446,Level 4 and above,131,124,7,0,2,0,5
S01010447,All people aged 16 and over,816,737,79,20,8,24,27
S01010447,No qualifications,338,324,14,3,2,2,7
S01010447,Level 1,212,192,20,4,2,5,9
S01010447,Level 2,76,75,1,0,0,0,1
S01010447,Level 3,88,67,21,11,0,7,3
S01010447,Level 4 and above,102,79,23,2,4,10,7
S01010448,All people aged 16 and over,710,674,36,3,4,9,20
S01010448,No qualifications,239,231,8,0,0,1,7
S01010448,Level 1,171,167,4,0,0,0,4
S01010448,Level 2,110,104,6,0,0,1,5
S01010448,Level 3,65,60,5,0,0,2,3
S01010448,Level 4 and above,125,112,13,3,4,5,1
S01010449,All people aged 16 and over,654,619,35,7,10,10,8
S01010449,No qualifications,329,321,8,0,1,2,5
S01010449,Level 1,138,137,1,0,1,0,0
S01010449,Level 2,49,47,2,0,1,1,0
S01010449,Level 3,49,47,2,0,0,2,0
S01010449,Level 4 and above,89,67,22,7,7,5,3
S01010450,All people aged 16 and over,691,663,28,1,5,4,18
S01010450,No qualifications,297,287,10,1,1,0,8
S01010450,Level 1,160,156,4,0,1,0,3
S01010450,Level 2,80,78,2,0,1,0,1
S01010450,Level 3,47,45,2,0,0,2,0
S01010450,Level 4 and above,107,97,10,0,2,2,6
S01010451,All people aged 16 and over,703,595,108,6,44,33,25
S01010451,No qualifications,265,249,16,1,6,3,6
S01010451,Level 1,161,134,27,5,9,9,4
S01010451,Level 2,62,56,6,0,1,1,4
S01010451,Level 3,67,51,16,0,7,8,1
S01010451,Level 4 and above,148,105,43,0,21,12,10
S01010452,All people aged 16 and over,701,670,31,3,7,3,18
S01010452,No qualifications,308,296,12,2,0,0,10
S01010452,Level 1,139,135,4,0,1,2,1
S01010452,Level 2,84,84,0,0,0,0,0
S01010452,Level 3,60,58,2,0,1,1,0
S01010452,Level 4 and above,110,97,13,1,5,0,7
S01010453,All people aged 16 and over,539,419,120,22,45,39,14
S01010453,No qualifications,170,138,32,8,12,5,7
S01010453,Level 1,142,103,39,10,15,11,3
S01010453,Level 2,46,42,4,1,2,1,0
S01010453,Level 3,58,41,17,0,7,9,1
S01010453,Level 4 and above,123,95,28,3,9,13,3
S01010454,All people aged 16 and over,734,715,19,2,4,0,13
S01010454,No qualifications,335,328,7,1,0,0,6
S01010454,Level 1,162,162,0,0,0,0,0
S01010454,Level 2,87,87,0,0,0,0,0
S01010454,Level 3,65,63,2,0,0,0,2
S01010454,Level 4 and above,85,75,10,1,4,0,5
S01010455,All people aged 16 and over,833,748,85,17,20,26,22
S01010455,No qualifications,437,413,24,6,5,6,7
S01010455,Level 1,145,129,16,1,7,5,3
S01010455,Level 2,102,92,10,0,3,5,2
S01010455,Level 3,65,57,8,4,1,1,2
S01010455,Level 4 and above,84,57,27,6,4,9,8
S01010456,All people aged 16 and over,487,466,21,3,5,4,9
S01010456,No qualifications,206,200,6,1,0,0,5
S01010456,Level 1,94,92,2,0,1,0,1
S01010456,Level 2,57,57,0,0,0,0,0
S01010456,Level 3,46,43,3,1,1,1,0
S01010456,Level 4 and above,84,74,10,1,3,3,3
S01010457,All people aged 16 and over,535,467,68,13,16,30,9
S01010457,No qualifications,205,192,13,4,2,4,3
S01010457,Level 1,119,106,13,3,2,6,2
S01010457,Level 2,62,58,4,1,2,0,1
S01010457,Level 3,53,47,6,1,2,3,0
S01010457,Level 4 and above,96,64,32,4,8,17,3
S01010458,All people aged 16 and over,650,589,61,4,20,18,19
S01010458,No qualifications,279,260,19,0,9,4,6
S01010458,Level 1,153,137,16,2,4,3,7
S01010458,Level 2,71,68,3,0,1,0,2
S01010458,Level 3,63,57,6,1,1,4,0
S01010458,Level 4 and above,84,67,17,1,5,7,4
S01010459,All people aged 16 and over,474,440,34,5,14,6,9
S01010459,No qualifications,184,181,3,0,2,0,1
S01010459,Level 1,111,104,7,0,4,3,0
S01010459,Level 2,42,38,4,0,3,1,0
S01010459,Level 3,38,36,2,0,0,0,2
S01010459,Level 4 and above,99,81,18,5,5,2,6
S01010460,All people aged 16 and over,592,501,91,14,6,11,60
S01010460,No qualifications,122,104,18,3,1,1,13
S01010460,Level 1,72,67,5,0,1,0,4
S01010460,Level 2,80,74,6,1,0,0,5
S01010460,Level 3,55,50,5,1,0,1,3
S01010460,Level 4 and above,263,206,57,9,4,9,35
S01010461,All people aged 16 and over,616,548,68,17,14,23,14
S01010461,No qualifications,258,240,18,4,4,1,9
S01010461,Level 1,128,115,13,3,2,7,1
S01010461,Level 2,63,54,9,2,2,5,0
S01010461,Level 3,49,45,4,1,0,2,1
S01010461,Level 4 and above,118,94,24,7,6,8,3
S01010462,All people aged 16 and over,626,339,287,60,92,86,49
S01010462,No qualifications,262,160,102,18,41,26,17
S01010462,Level 1,156,95,61,11,14,21,15
S01010462,Level 2,42,25,17,0,8,4,5
S01010462,Level 3,60,32,28,5,6,13,4
S01010462,Level 4 and above,106,27,79,26,23,22,8
S01010463,All people aged 16 and over,665,626,39,2,3,14,20
S01010463,No qualifications,221,210,11,0,0,6,5
S01010463,Level 1,124,118,6,0,0,2,4
S01010463,Level 2,89,85,4,0,0,0,4
S01010463,Level 3,66,63,3,0,1,1,1
S01010463,Level 4 and above,165,150,15,2,2,5,6
S01010464,All people aged 16 and over,448,426,22,3,4,4,11
S01010464,No qualifications,163,154,9,2,1,1,5
S01010464,Level 1,85,82,3,0,1,0,2
S01010464,Level 2,42,42,0,0,0,0,0
S01010464,Level 3,55,53,2,0,1,0,1
S01010464,Level 4 and above,103,95,8,1,1,3,3
S01010465,All people aged 16 and over,798,723,75,2,14,25,34
S01010465,No qualifications,125,114,11,0,1,4,6
S01010465,Level 1,148,137,11,1,2,2,6
S01010465,Level 2,121,113,8,0,2,4,2
S01010465,Level 3,99,88,11,0,1,2,8
S01010465,Level 4 and above,305,271,34,1,8,13,12
S01010466,All people aged 16 and over,780,646,134,32,38,28,36
S01010466,No qualifications,83,71,12,1,4,3,4
S01010466,Level 1,108,85,23,9,7,1,6
S01010466,Level 2,104,95,9,1,3,1,4
S01010466,Level 3,82,76,6,0,1,2,3
S01010466,Level 4 and above,403,319,84,21,23,21,19
S01010467,All people aged 16 and over,786,703,83,12,15,19,37
S01010467,No qualifications,186,173,13,0,0,1,12
S01010467,Level 1,103,96,7,2,0,2,3
S01010467,Level 2,98,89,9,0,2,3,4
S01010467,Level 3,64,59,5,0,1,3,1
S01010467,Level 4 and above,335,286,49,10,12,10,17
S01010468,All people aged 16 and over,783,644,139,24,24,26,65
S01010468,No qualifications,124,91,33,0,0,5,28
S01010468,Level 1,82,70,12,4,1,3,4
S01010468,Level 2,106,95,11,2,2,0,7
S01010468,Level 3,85,71,14,2,7,4,1
S01010468,Level 4 and above,386,317,69,16,14,14,25
S01010469,All people aged 16 and over,520,457,63,15,14,16,18
S01010469,No qualifications,109,101,8,0,0,0,8
S01010469,Level 1,89,79,10,3,4,2,1
S01010469,Level 2,50,48,2,0,0,2,0
S01010469,Level 3,47,45,2,0,0,2,0
S01010469,Level 4 and above,225,184,41,12,10,10,9
S01010470,All people aged 16 and over,674,649,25,0,2,9,14
S01010470,No qualifications,270,265,5,0,0,1,4
S01010470,Level 1,132,129,3,0,0,1,2
S01010470,Level 2,72,70,2,0,0,1,1
S01010470,Level 3,63,60,3,0,1,1,1
S01010470,Level 4 and above,137,125,12,0,1,5,6
S01010471,All people aged 16 and over,536,501,35,8,7,15,5
S01010471,No qualifications,221,213,8,3,0,2,3
S01010471,Level 1,104,100,4,0,2,1,1
S01010471,Level 2,61,58,3,1,0,2,0
S01010471,Level 3,46,41,5,0,1,4,0
S01010471,Level 4 and above,104,89,15,4,4,6,1
S01010472,All people aged 16 and over,462,383,79,15,35,23,6
S01010472,No qualifications,68,66,2,0,0,0,2
S01010472,Level 1,60,51,9,3,2,3,1
S01010472,Level 2,66,58,8,5,1,2,0
S01010472,Level 3,43,41,2,0,1,1,0
S01010472,Level 4 and above,225,167,58,7,31,17,3
S01010473,All people aged 16 and over,668,594,74,11,13,11,39
S01010473,No qualifications,157,139,18,1,2,3,12
S01010473,Level 1,106,96,10,3,1,3,3
S01010473,Level 2,94,93,1,1,0,0,0
S01010473,Level 3,73,64,9,1,0,1,7
S01010473,Level 4 and above,238,202,36,5,10,4,17
S01010474,All people aged 16 and over,714,574,140,30,43,34,33
S01010474,No qualifications,134,113,21,2,1,8,10
S01010474,Level 1,115,95,20,2,7,6,5
S01010474,Level 2,110,98,12,1,6,2,3
S01010474,Level 3,66,57,9,0,5,2,2
S01010474,Level 4 and above,289,211,78,25,24,16,13
S01010475,All people aged 16 and over,591,515,76,17,21,20,18
S01010475,No qualifications,61,57,4,0,1,1,2
S01010475,Level 1,74,62,12,3,2,5,2
S01010475,Level 2,98,96,2,1,0,0,1
S01010475,Level 3,65,61,4,0,3,1,0
S01010475,Level 4 and above,293,239,54,13,15,13,13
S01010476,All people aged 16 and over,928,870,58,8,11,12,27
S01010476,No qualifications,268,256,12,2,1,1,8
S01010476,Level 1,144,130,14,2,2,1,9
S01010476,Level 2,139,136,3,0,0,0,3
S01010476,Level 3,90,84,6,0,2,2,2
S01010476,Level 4 and above,287,264,23,4,6,8,5
S01010477,All people aged 16 and over,628,596,32,1,5,12,14
S01010477,No qualifications,228,222,6,0,0,2,4
S01010477,Level 1,126,123,3,0,1,1,1
S01010477,Level 2,93,93,0,0,0,0,0
S01010477,Level 3,61,57,4,0,2,0,2
S01010477,Level 4 and above,120,101,19,1,2,9,7
S01010478,All people aged 16 and over,864,778,86,6,21,31,28
S01010478,No qualifications,319,300,19,1,7,3,8
S01010478,Level 1,190,175,15,1,2,5,7
S01010478,Level 2,105,104,1,0,0,1,0
S01010478,Level 3,105,83,22,0,6,10,6
S01010478,Level 4 and above,145,116,29,4,6,12,7
S01010479,All people aged 16 and over,839,796,43,3,7,12,21
S01010479,No qualifications,323,317,6,0,0,2,4
S01010479,Level 1,180,176,4,1,0,1,2
S01010479,Level 2,116,114,2,0,0,0,2
S01010479,Level 3,85,77,8,0,4,0,4
S01010479,Level 4 and above,135,112,23,2,3,9,9
S01010480,All people aged 16 and over,505,492,13,3,0,5,5
S01010480,No qualifications,201,198,3,2,0,1,0
S01010480,Level 1,123,123,0,0,0,0,0
S01010480,Level 2,55,52,3,0,0,1,2
S01010480,Level 3,50,47,3,1,0,1,1
S01010480,Level 4 and above,76,72,4,0,0,2,2
S01010481,All people aged 16 and over,476,455,21,4,3,4,10
S01010481,No qualifications,203,197,6,2,0,1,3
S01010481,Level 1,142,138,4,0,1,0,3
S01010481,Level 2,50,47,3,2,0,1,0
S01010481,Level 3,33,30,3,0,0,0,3
S01010481,Level 4 and above,48,43,5,0,2,2,1
S01010482,All people aged 16 and over,655,619,36,2,6,4,24
S01010482,No qualifications,265,257,8,0,1,1,6
S01010482,Level 1,132,126,6,0,0,1,5
S01010482,Level 2,96,93,3,0,0,0,3
S01010482,Level 3,54,50,4,0,3,0,1
S01010482,Level 4 and above,108,93,15,2,2,2,9
S01010483,All people aged 16 and over,858,829,29,3,5,7,14
S01010483,No qualifications,327,320,7,0,0,1,6
S01010483,Level 1,187,180,7,1,1,1,4
S01010483,Level 2,99,98,1,0,0,0,1
S01010483,Level 3,88,87,1,0,0,0,1
S01010483,Level 4 and above,157,144,13,2,4,5,2
S01010484,All people aged 16 and over,460,439,21,0,5,5,11
S01010484,No qualifications,183,178,5,0,1,1,3
S01010484,Level 1,113,109,4,0,2,0,2
S01010484,Level 2,56,56,0,0,0,0,0
S01010484,Level 3,42,42,0,0,0,0,0
S01010484,Level 4 and above,66,54,12,0,2,4,6
S01010485,All people aged 16 and over,794,746,48,3,5,5,35
S01010485,No qualifications,239,223,16,1,0,3,12
S01010485,Level 1,185,172,13,2,0,1,10
S01010485,Level 2,124,118,6,0,1,1,4
S01010485,Level 3,85,82,3,0,0,0,3
S01010485,Level 4 and above,161,151,10,0,4,0,6
S01010486,All people aged 16 and over,784,745,39,7,2,3,27
S01010486,No qualifications,179,167,12,1,2,0,9
S01010486,Level 1,178,174,4,1,0,0,3
S01010486,Level 2,143,137,6,1,0,0,5
S01010486,Level 3,88,85,3,0,0,0,3
S01010486,Level 4 and above,196,182,14,4,0,3,7
S01010487,All people aged 16 and over,815,795,20,4,3,3,10
S01010487,No qualifications,318,312,6,0,1,1,4
S01010487,Level 1,207,202,5,0,0,1,4
S01010487,Level 2,105,105,0,0,0,0,0
S01010487,Level 3,81,79,2,0,1,0,1
S01010487,Level 4 and above,104,97,7,4,1,1,1
S01010488,All people aged 16 and over,583,541,42,9,7,20,6
S01010488,No qualifications,238,228,10,4,1,3,2
S01010488,Level 1,180,165,15,1,3,10,1
S01010488,Level 2,60,58,2,0,1,1,0
S01010488,Level 3,50,45,5,1,2,1,1
S01010488,Level 4 and above,55,45,10,3,0,5,2
S01010489,All people aged 16 and over,877,813,64,7,15,16,26
S01010489,No qualifications,395,378,17,1,3,2,11
S01010489,Level 1,229,213,16,3,2,8,3
S01010489,Level 2,90,81,9,0,2,0,7
S01010489,Level 3,74,66,8,1,2,3,2
S01010489,Level 4 and above,89,75,14,2,6,3,3
S01010490,All people aged 16 and over,526,479,47,3,7,23,14
S01010490,No qualifications,202,201,1,0,0,0,1
S01010490,Level 1,166,156,10,1,2,3,4
S01010490,Level 2,49,46,3,0,1,0,2
S01010490,Level 3,55,41,14,0,3,8,3
S01010490,Level 4 and above,54,35,19,2,1,12,4
S01010491,All people aged 16 and over,633,585,48,14,11,10,13
S01010491,No qualifications,292,278,14,3,5,3,3
S01010491,Level 1,182,175,7,1,0,2,4
S01010491,Level 2,48,46,2,2,0,0,0
S01010491,Level 3,65,53,12,4,1,5,2
S01010491,Level 4 and above,46,33,13,4,5,0,4
S01010492,All people aged 16 and over,425,411,14,1,2,1,10
S01010492,No qualifications,234,226,8,0,1,0,7
S01010492,Level 1,113,110,3,1,0,0,2
S01010492,Level 2,33,32,1,0,0,0,1
S01010492,Level 3,28,28,0,0,0,0,0
S01010492,Level 4 and above,17,15,2,0,1,1,0
S01010493,All people aged 16 and over,487,458,29,8,9,7,5
S01010493,No qualifications,232,229,3,0,0,0,3
S01010493,Level 1,143,136,7,3,2,2,0
S01010493,Level 2,35,30,5,2,2,0,1
S01010493,Level 3,46,42,4,1,1,2,0
S01010493,Level 4 and above,31,21,10,2,4,3,1
S01010494,All people aged 16 and over,467,426,41,4,3,22,12
S01010494,No qualifications,172,160,12,4,1,2,5
S01010494,Level 1,150,142,8,0,1,3,4
S01010494,Level 2,50,45,5,0,0,5,0
S01010494,Level 3,45,42,3,0,0,2,1
S01010494,Level 4 and above,50,37,13,0,1,10,2
S01010495,All people aged 16 and over,644,611,33,3,18,6,6
S01010495,No qualifications,304,293,11,1,8,0,2
S01010495,Level 1,160,156,4,0,3,1,0
S01010495,Level 2,77,71,6,1,1,1,3
S01010495,Level 3,58,54,4,0,2,1,1
S01010495,Level 4 and above,45,37,8,1,4,3,0
S01010496,All people aged 16 and over,651,601,50,3,13,20,14
S01010496,No qualifications,300,279,21,1,4,9,7
S01010496,Level 1,215,210,5,1,0,3,1
S01010496,Level 2,40,38,2,0,0,1,1
S01010496,Level 3,47,36,11,0,2,6,3
S01010496,Level 4 and above,49,38,11,1,7,1,2
S01010497,All people aged 16 and over,552,527,25,6,7,6,6
S01010497,No qualifications,229,221,8,3,0,1,4
S01010497,Level 1,164,160,4,2,0,1,1
S01010497,Level 2,57,57,0,0,0,0,0
S01010497,Level 3,48,45,3,0,2,0,1
S01010497,Level 4 and above,54,44,10,1,5,4,0
S01010498,All people aged 16 and over,642,625,17,4,2,3,8
S01010498,No qualifications,337,334,3,0,1,0,2
S01010498,Level 1,153,147,6,2,1,0,3
S01010498,Level 2,58,58,0,0,0,0,0
S01010498,Level 3,46,43,3,0,0,1,2
S01010498,Level 4 and above,48,43,5,2,0,2,1
S01010499,All people aged 16 and over,692,603,89,19,23,24,23
S01010499,No qualifications,384,350,34,4,10,8,12
S01010499,Level 1,158,142,16,4,5,3,4
S01010499,Level 2,52,43,9,2,1,6,0
S01010499,Level 3,48,36,12,0,4,5,3
S01010499,Level 4 and above,50,32,18,9,3,2,4
S01010500,All people aged 16 and over,747,718,29,1,6,1,21
S01010500,No qualifications,316,306,10,0,1,0,9
S01010500,Level 1,221,214,7,0,2,0,5
S01010500,Level 2,92,91,1,0,0,0,1
S01010500,Level 3,63,58,5,1,1,1,2
S01010500,Level 4 and above,55,49,6,0,2,0,4
S01010501,All people aged 16 and over,728,692,36,5,11,5,15
S01010501,No qualifications,308,299,9,0,0,0,9
S01010501,Level 1,210,204,6,1,2,0,3
S01010501,Level 2,82,76,6,2,3,0,1
S01010501,Level 3,69,64,5,0,4,0,1
S01010501,Level 4 and above,59,49,10,2,2,5,1
S01010502,All people aged 16 and over,612,592,20,0,5,9,6
S01010502,No qualifications,223,214,9,0,2,3,4
S01010502,Level 1,198,195,3,0,0,2,1
S01010502,Level 2,78,78,0,0,0,0,0
S01010502,Level 3,47,45,2,0,1,1,0
S01010502,Level 4 and above,66,60,6,0,2,3,1
S01010503,All people aged 16 and over,547,524,23,5,2,10,6
S01010503,No qualifications,268,261,7,0,2,2,3
S01010503,Level 1,157,152,5,3,0,1,1
S01010503,Level 2,57,55,2,0,0,2,0
S01010503,Level 3,34,32,2,0,0,1,1
S01010503,Level 4 and above,31,24,7,2,0,4,1
S01010504,All people aged 16 and over,433,404,29,1,4,1,23
S01010504,No qualifications,78,76,2,0,0,0,2
S01010504,Level 1,80,75,5,0,1,0,4
S01010504,Level 2,51,49,2,0,2,0,0
S01010504,Level 3,38,37,1,0,0,0,1
S01010504,Level 4 and above,186,167,19,1,1,1,16
S01010505,All people aged 16 and over,453,432,21,1,1,2,17
S01010505,No qualifications,82,81,1,0,0,0,1
S01010505,Level 1,103,97,6,1,1,0,4
S01010505,Level 2,76,74,2,0,0,0,2
S01010505,Level 3,39,35,4,0,0,0,4
S01010505,Level 4 and above,153,145,8,0,0,2,6
S01010506,All people aged 16 and over,690,648,42,2,5,8,27
S01010506,No qualifications,157,152,5,0,0,1,4
S01010506,Level 1,143,141,2,0,0,0,2
S01010506,Level 2,101,94,7,1,1,2,3
S01010506,Level 3,62,57,5,0,1,1,3
S01010506,Level 4 and above,227,204,23,1,3,4,15
S01010507,All people aged 16 and over,649,630,19,0,1,5,13
S01010507,No qualifications,209,208,1,0,0,0,1
S01010507,Level 1,186,183,3,0,0,0,3
S01010507,Level 2,85,83,2,0,0,1,1
S01010507,Level 3,48,46,2,0,0,0,2
S01010507,Level 4 and above,121,110,11,0,1,4,6
S01010508,All people aged 16 and over,820,778,42,10,7,5,20
S01010508,No qualifications,179,175,4,0,1,0,3
S01010508,Level 1,203,190,13,7,2,1,3
S01010508,Level 2,114,113,1,0,1,0,0
S01010508,Level 3,68,65,3,0,1,0,2
S01010508,Level 4 and above,256,235,21,3,2,4,12
S01010509,All people aged 16 and over,793,721,72,11,10,11,40
S01010509,No qualifications,185,174,11,5,1,3,2
S01010509,Level 1,192,176,16,2,4,0,10
S01010509,Level 2,107,101,6,1,0,1,4
S01010509,Level 3,62,59,3,1,0,1,1
S01010509,Level 4 and above,247,211,36,2,5,6,23
S01010510,All people aged 16 and over,696,666,30,5,5,7,13
S01010510,No qualifications,247,241,6,0,1,2,3
S01010510,Level 1,148,143,5,0,0,1,4
S01010510,Level 2,92,89,3,1,0,0,2
S01010510,Level 3,53,51,2,0,0,0,2
S01010510,Level 4 and above,156,142,14,4,4,4,2
S01010511,All people aged 16 and over,669,646,23,4,4,5,10
S01010511,No qualifications,256,248,8,3,3,0,2
S01010511,Level 1,197,193,4,0,0,1,3
S01010511,Level 2,88,86,2,0,0,1,1
S01010511,Level 3,54,50,4,0,1,1,2
S01010511,Level 4 and above,74,69,5,1,0,2,2
S01010512,All people aged 16 and over,501,489,12,4,2,2,4
S01010512,No qualifications,166,165,1,0,0,0,1
S01010512,Level 1,128,127,1,0,0,0,1
S01010512,Level 2,69,65,4,2,1,1,0
S01010512,Level 3,33,33,0,0,0,0,0
S01010512,Level 4 and above,105,99,6,2,1,1,2
S01010513,All people aged 16 and over,618,580,38,3,9,7,19
S01010513,No qualifications,120,118,2,1,0,0,1
S01010513,Level 1,152,145,7,0,2,2,3
S01010513,Level 2,90,87,3,0,0,1,2
S01010513,Level 3,53,51,2,0,0,0,2
S01010513,Level 4 and above,203,179,24,2,7,4,11
S01010514,All people aged 16 and over,558,528,30,2,11,7,10
S01010514,No qualifications,218,208,10,2,4,2,2
S01010514,Level 1,166,159,7,0,3,0,4
S01010514,Level 2,73,70,3,0,1,1,1
S01010514,Level 3,34,32,2,0,1,1,0
S01010514,Level 4 and above,67,59,8,0,2,3,3
S01010515,All people aged 16 and over,662,617,45,8,12,8,17
S01010515,No qualifications,259,243,16,4,6,0,6
S01010515,Level 1,216,209,7,0,2,3,2
S01010515,Level 2,83,79,4,2,1,0,1
S01010515,Level 3,28,24,4,0,0,0,4
S01010515,Level 4 and above,76,62,14,2,3,5,4
S01010516,All people aged 16 and over,515,452,63,16,18,9,20
S01010516,No qualifications,135,122,13,3,2,2,6
S01010516,Level 1,107,97,10,5,3,0,2
S01010516,Level 2,59,57,2,0,0,1,1
S01010516,Level 3,52,48,4,2,0,0,2
S01010516,Level 4 and above,162,128,34,6,13,6,9
S01010517,All people aged 16 and over,685,629,56,11,10,18,17
S01010517,No qualifications,171,160,11,4,4,0,3
S01010517,Level 1,176,167,9,1,3,2,3
S01010517,Level 2,113,105,8,1,2,3,2
S01010517,Level 3,59,56,3,2,0,1,0
S01010517,Level 4 and above,166,141,25,3,1,12,9
S01010518,All people aged 16 and over,543,477,66,16,19,10,21
S01010518,No qualifications,117,107,10,3,0,1,6
S01010518,Level 1,146,138,8,3,4,0,1
S01010518,Level 2,93,88,5,1,0,0,4
S01010518,Level 3,51,35,16,3,8,4,1
S01010518,Level 4 and above,136,109,27,6,7,5,9
S01010519,All people aged 16 and over,568,521,47,14,8,8,17
S01010519,No qualifications,143,135,8,3,0,0,5
S01010519,Level 1,169,159,10,4,3,1,2
S01010519,Level 2,95,92,3,0,0,0,3
S01010519,Level 3,49,39,10,2,3,3,2
S01010519,Level 4 and above,112,96,16,5,2,4,5
S01010520,All people aged 16 and over,755,720,35,2,4,9,20
S01010520,No qualifications,242,236,6,0,0,2,4
S01010520,Level 1,204,195,9,1,1,2,5
S01010520,Level 2,122,120,2,0,0,0,2
S01010520,Level 3,48,44,4,0,1,0,3
S01010520,Level 4 and above,139,125,14,1,2,5,6
S01010521,All people aged 16 and over,608,567,41,8,5,10,18
S01010521,No qualifications,209,200,9,0,2,1,6
S01010521,Level 1,176,169,7,2,2,3,0
S01010521,Level 2,77,75,2,0,0,0,2
S01010521,Level 3,37,34,3,2,0,0,1
S01010521,Level 4 and above,109,89,20,4,1,6,9
S01010522,All people aged 16 and over,514,456,58,17,19,14,8
S01010522,No qualifications,171,159,12,5,2,4,1
S01010522,Level 1,147,128,19,8,5,3,3
S01010522,Level 2,73,73,0,0,0,0,0
S01010522,Level 3,37,34,3,0,3,0,0
S01010522,Level 4 and above,86,62,24,4,9,7,4
S01010523,All people aged 16 and over,457,375,82,14,26,28,14
S01010523,No qualifications,165,132,33,8,8,11,6
S01010523,Level 1,138,122,16,0,6,8,2
S01010523,Level 2,56,53,3,0,0,1,2
S01010523,Level 3,26,23,3,1,1,0,1
S01010523,Level 4 and above,72,45,27,5,11,8,3
S01010524,All people aged 16 and over,462,424,38,5,6,5,22
S01010524,No qualifications,118,114,4,0,0,0,4
S01010524,Level 1,71,65,6,1,0,1,4
S01010524,Level 2,68,63,5,0,0,0,5
S01010524,Level 3,45,41,4,1,1,1,1
S01010524,Level 4 and above,160,141,19,3,5,3,8
S01010525,All people aged 16 and over,545,506,39,5,8,4,22
S01010525,No qualifications,100,97,3,1,1,0,1
S01010525,Level 1,111,109,2,0,0,1,1
S01010525,Level 2,85,79,6,0,0,0,6
S01010525,Level 3,57,54,3,0,2,0,1
S01010525,Level 4 and above,192,167,25,4,5,3,13
S01010526,All people aged 16 and over,675,635,40,4,7,10,19
S01010526,No qualifications,167,164,3,0,0,0,3
S01010526,Level 1,150,139,11,1,3,5,2
S01010526,Level 2,98,93,5,0,0,2,3
S01010526,Level 3,56,55,1,0,1,0,0
S01010526,Level 4 and above,204,184,20,3,3,3,11
S01010527,All people aged 16 and over,742,693,49,5,8,9,27
S01010527,No qualifications,224,214,10,0,0,1,9
S01010527,Level 1,214,209,5,0,1,2,2
S01010527,Level 2,96,92,4,0,0,0,4
S01010527,Level 3,40,35,5,1,1,1,2
S01010527,Level 4 and above,168,143,25,4,6,5,10
S01010528,All people aged 16 and over,503,473,30,3,4,6,17
S01010528,No qualifications,113,113,0,0,0,0,0
S01010528,Level 1,102,97,5,0,1,1,3
S01010528,Level 2,59,58,1,0,0,1,0
S01010528,Level 3,52,46,6,1,1,1,3
S01010528,Level 4 and above,177,159,18,2,2,3,11
S01010529,All people aged 16 and over,584,555,29,2,5,4,18
S01010529,No qualifications,153,148,5,0,0,0,5
S01010529,Level 1,139,131,8,1,2,2,3
S01010529,Level 2,91,88,3,0,2,1,0
S01010529,Level 3,50,50,0,0,0,0,0
S01010529,Level 4 and above,151,138,13,1,1,1,10
S01010530,All people aged 16 and over,547,523,24,5,4,5,10
S01010530,No qualifications,140,138,2,1,0,0,1
S01010530,Level 1,116,112,4,0,0,2,2
S01010530,Level 2,81,77,4,1,1,1,1
S01010530,Level 3,49,47,2,0,0,0,2
S01010530,Level 4 and above,161,149,12,3,3,2,4
S01010531,All people aged 16 and over,930,869,61,7,13,8,33
S01010531,No qualifications,226,214,12,0,4,3,5
S01010531,Level 1,195,182,13,5,3,0,5
S01010531,Level 2,141,137,4,0,1,0,3
S01010531,Level 3,89,86,3,0,1,0,2
S01010531,Level 4 and above,279,250,29,2,4,5,18
S01010532,All people aged 16 and over,462,434,28,2,2,4,20
S01010532,No qualifications,112,111,1,0,0,1,0
S01010532,Level 1,97,92,5,0,1,2,2
S01010532,Level 2,66,66,0,0,0,0,0
S01010532,Level 3,51,48,3,2,0,0,1
S01010532,Level 4 and above,136,117,19,0,1,1,17
S01010533,All people aged 16 and over,518,469,49,20,8,2,19
S01010533,No qualifications,125,123,2,1,0,0,1
S01010533,Level 1,106,89,17,8,3,1,5
S01010533,Level 2,70,65,5,3,0,0,2
S01010533,Level 3,31,29,2,1,0,1,0
S01010533,Level 4 and above,186,163,23,7,5,0,11
S01010534,All people aged 16 and over,706,662,44,6,7,10,21
S01010534,No qualifications,158,154,4,0,0,0,4
S01010534,Level 1,183,175,8,0,4,2,2
S01010534,Level 2,114,109,5,2,0,0,3
S01010534,Level 3,55,54,1,0,1,0,0
S01010534,Level 4 and above,196,170,26,4,2,8,12
S01010535,All people aged 16 and over,572,533,39,3,0,2,34
S01010535,No qualifications,104,101,3,0,0,0,3
S01010535,Level 1,99,93,6,1,0,0,5
S01010535,Level 2,88,85,3,0,0,1,2
S01010535,Level 3,51,50,1,0,0,0,1
S01010535,Level 4 and above,230,204,26,2,0,1,23
S01010536,All people aged 16 and over,703,654,49,6,11,13,19
S01010536,No qualifications,215,208,7,2,0,1,4
S01010536,Level 1,183,169,14,2,2,4,6
S01010536,Level 2,102,98,4,1,2,1,0
S01010536,Level 3,53,50,3,0,0,2,1
S01010536,Level 4 and above,150,129,21,1,7,5,8
S01010537,All people aged 16 and over,672,536,136,54,49,12,21
S01010537,No qualifications,155,144,11,5,3,1,2
S01010537,Level 1,176,141,35,14,16,0,5
S01010537,Level 2,85,76,9,0,5,0,4
S01010537,Level 3,83,59,24,12,7,3,2
S01010537,Level 4 and above,173,116,57,23,18,8,8
S01010538,All people aged 16 and over,600,534,66,10,18,25,13
S01010538,No qualifications,82,78,4,3,0,0,1
S01010538,Level 1,150,138,12,1,6,3,2
S01010538,Level 2,99,91,8,0,2,2,4
S01010538,Level 3,71,64,7,1,1,4,1
S01010538,Level 4 and above,198,163,35,5,9,16,5
S01010539,All people aged 16 and over,962,824,138,38,51,18,31
S01010539,No qualifications,164,148,16,2,9,2,3
S01010539,Level 1,248,212,36,13,7,7,9
S01010539,Level 2,117,108,9,2,2,0,5
S01010539,Level 3,95,84,11,0,7,0,4
S01010539,Level 4 and above,338,272,66,21,26,9,10
S01010540,All people aged 16 and over,540,509,31,5,5,5,16
S01010540,No qualifications,125,123,2,0,0,1,1
S01010540,Level 1,115,109,6,1,3,1,1
S01010540,Level 2,52,51,1,0,0,0,1
S01010540,Level 3,47,41,6,0,2,1,3
S01010540,Level 4 and above,201,185,16,4,0,2,10
S01010541,All people aged 16 and over,706,658,48,8,11,5,24
S01010541,No qualifications,142,138,4,1,0,1,2
S01010541,Level 1,133,121,12,2,4,2,4
S01010541,Level 2,105,101,4,0,0,0,4
S01010541,Level 3,74,69,5,0,0,1,4
S01010541,Level 4 and above,252,229,23,5,7,1,10
S01010542,All people aged 16 and over,755,708,47,5,8,6,28
S01010542,No qualifications,150,143,7,0,1,0,6
S01010542,Level 1,159,149,10,4,2,3,1
S01010542,Level 2,100,96,4,0,2,0,2
S01010542,Level 3,62,59,3,1,0,1,1
S01010542,Level 4 and above,284,261,23,0,3,2,18
S01010543,All people aged 16 and over,508,478,30,3,12,0,15
S01010543,No qualifications,106,102,4,1,1,0,2
S01010543,Level 1,101,94,7,1,5,0,1
S01010543,Level 2,82,79,3,0,1,0,2
S01010543,Level 3,52,48,4,0,2,0,2
S01010543,Level 4 and above,167,155,12,1,3,0,8
S01010544,All people aged 16 and over,692,654,38,8,13,6,11
S01010544,No qualifications,210,204,6,1,2,0,3
S01010544,Level 1,182,169,13,5,4,2,2
S01010544,Level 2,94,93,1,0,1,0,0
S01010544,Level 3,55,52,3,0,2,1,0
S01010544,Level 4 and above,151,136,15,2,4,3,6
S01010545,All people aged 16 and over,586,537,49,7,15,8,19
S01010545,No qualifications,143,134,9,2,2,0,5
S01010545,Level 1,151,139,12,1,4,2,5
S01010545,Level 2,71,68,3,0,2,1,0
S01010545,Level 3,39,34,5,0,4,1,0
S01010545,Level 4 and above,182,162,20,4,3,4,9
S01010546,All people aged 16 and over,710,626,84,16,26,8,34
S01010546,No qualifications,226,205,21,9,4,2,6
S01010546,Level 1,142,126,16,0,8,0,8
S01010546,Level 2,90,86,4,0,0,0,4
S01010546,Level 3,49,39,10,0,6,3,1
S01010546,Level 4 and above,203,170,33,7,8,3,15
S01010547,All people aged 16 and over,622,595,27,2,2,3,20
S01010547,No qualifications,144,143,1,1,0,0,0
S01010547,Level 1,155,147,8,0,2,2,4
S01010547,Level 2,92,87,5,1,0,0,4
S01010547,Level 3,65,62,3,0,0,0,3
S01010547,Level 4 and above,166,156,10,0,0,1,9
S01010548,All people aged 16 and over,574,541,33,0,2,2,29
S01010548,No qualifications,155,148,7,0,0,1,6
S01010548,Level 1,132,125,7,0,0,1,6
S01010548,Level 2,72,66,6,0,0,0,6
S01010548,Level 3,57,55,2,0,1,0,1
S01010548,Level 4 and above,158,147,11,0,1,0,10
S01010549,All people aged 16 and over,710,668,42,1,7,10,24
S01010549,No qualifications,110,105,5,0,2,1,2
S01010549,Level 1,180,175,5,0,1,1,3
S01010549,Level 2,101,99,2,0,0,0,2
S01010549,Level 3,90,86,4,0,0,1,3
S01010549,Level 4 and above,229,203,26,1,4,7,14
S01010550,All people aged 16 and over,447,420,27,1,2,2,22
S01010550,No qualifications,116,115,1,0,0,0,1
S01010550,Level 1,105,101,4,0,0,0,4
S01010550,Level 2,72,67,5,0,0,1,4
S01010550,Level 3,38,36,2,0,0,0,2
S01010550,Level 4 and above,116,101,15,1,2,1,11
S01010551,All people aged 16 and over,511,480,31,0,4,2,25
S01010551,No qualifications,87,84,3,0,1,0,2
S01010551,Level 1,119,115,4,0,1,0,3
S01010551,Level 2,75,71,4,0,0,1,3
S01010551,Level 3,57,52,5,0,0,1,4
S01010551,Level 4 and above,173,158,15,0,2,0,13
S01010552,All people aged 16 and over,630,596,34,4,1,5,24
S01010552,No qualifications,123,121,2,1,0,0,1
S01010552,Level 1,123,118,5,0,1,1,3
S01010552,Level 2,83,80,3,0,0,0,3
S01010552,Level 3,57,53,4,1,0,0,3
S01010552,Level 4 and above,244,224,20,2,0,4,14
S01010553,All people aged 16 and over,514,479,35,3,3,5,24
S01010553,No qualifications,95,87,8,1,2,0,5
S01010553,Level 1,121,115,6,0,0,2,4
S01010553,Level 2,83,78,5,0,1,0,4
S01010553,Level 3,53,46,7,1,0,0,6
S01010553,Level 4 and above,162,153,9,1,0,3,5
S01010554,All people aged 16 and over,637,574,63,9,13,17,24
S01010554,No qualifications,158,148,10,2,1,3,4
S01010554,Level 1,158,145,13,3,2,0,8
S01010554,Level 2,79,74,5,0,2,2,1
S01010554,Level 3,53,49,4,0,0,3,1
S01010554,Level 4 and above,189,158,31,4,8,9,10
S01010555,All people aged 16 and over,771,700,71,8,7,16,40
S01010555,No qualifications,161,152,9,1,1,0,7
S01010555,Level 1,205,184,21,2,3,3,13
S01010555,Level 2,127,119,8,2,0,3,3
S01010555,Level 3,78,70,8,1,0,1,6
S01010555,Level 4 and above,200,175,25,2,3,9,11
S01010556,All people aged 16 and over,810,784,26,2,3,5,16
S01010556,No qualifications,293,282,11,2,1,1,7
S01010556,Level 1,246,239,7,0,1,1,5
S01010556,Level 2,102,102,0,0,0,0,0
S01010556,Level 3,58,56,2,0,0,1,1
S01010556,Level 4 and above,111,105,6,0,1,2,3
S01010557,All people aged 16 and over,510,496,14,0,2,0,12
S01010557,No qualifications,177,176,1,0,0,0,1
S01010557,Level 1,134,131,3,0,0,0,3
S01010557,Level 2,62,61,1,0,0,0,1
S01010557,Level 3,46,46,0,0,0,0,0
S01010557,Level 4 and above,91,82,9,0,2,0,7
S01010558,All people aged 16 and over,669,642,27,3,2,4,18
S01010558,No qualifications,218,210,8,0,0,1,7
S01010558,Level 1,155,148,7,1,0,1,5
S01010558,Level 2,103,102,1,0,0,0,1
S01010558,Level 3,41,40,1,0,0,0,1
S01010558,Level 4 and above,152,142,10,2,2,2,4
S01010559,All people aged 16 and over,674,640,34,1,1,4,28
S01010559,No qualifications,155,150,5,0,0,0,5
S01010559,Level 1,126,120,6,0,0,1,5
S01010559,Level 2,75,74,1,0,0,0,1
S01010559,Level 3,48,45,3,1,0,1,1
S01010559,Level 4 and above,270,251,19,0,1,2,16
S01010560,All people aged 16 and over,564,542,22,0,2,8,12
S01010560,No qualifications,136,133,3,0,0,1,2
S01010560,Level 1,107,105,2,0,2,0,0
S01010560,Level 2,83,80,3,0,0,3,0
S01010560,Level 3,53,51,2,0,0,0,2
S01010560,Level 4 and above,185,173,12,0,0,4,8
S01010561,All people aged 16 and over,604,572,32,0,0,8,24
S01010561,No qualifications,113,109,4,0,0,0,4
S01010561,Level 1,124,115,9,0,0,3,6
S01010561,Level 2,96,95,1,0,0,1,0
S01010561,Level 3,59,56,3,0,0,1,2
S01010561,Level 4 and above,212,197,15,0,0,3,12
S01010562,All people aged 16 and over,623,594,29,4,3,3,19
S01010562,No qualifications,133,131,2,0,0,0,2
S01010562,Level 1,185,175,10,2,1,3,4
S01010562,Level 2,109,107,2,0,0,0,2
S01010562,Level 3,61,58,3,0,0,0,3
S01010562,Level 4 and above,135,123,12,2,2,0,8
S01010563,All people aged 16 and over,415,403,12,3,1,1,7
S01010563,No qualifications,125,124,1,0,0,0,1
S01010563,Level 1,124,120,4,0,1,0,3
S01010563,Level 2,53,53,0,0,0,0,0
S01010563,Level 3,35,34,1,0,0,0,1
S01010563,Level 4 and above,78,72,6,3,0,1,2
S01010564,All people aged 16 and over,442,435,7,0,0,1,6
S01010564,No qualifications,188,186,2,0,0,0,2
S01010564,Level 1,118,116,2,0,0,1,1
S01010564,Level 2,54,53,1,0,0,0,1
S01010564,Level 3,31,30,1,0,0,0,1
S01010564,Level 4 and above,51,50,1,0,0,0,1
S01010565,All people aged 16 and over,543,531,12,0,1,1,10
S01010565,No qualifications,154,151,3,0,0,1,2
S01010565,Level 1,148,147,1,0,0,0,1
S01010565,Level 2,85,84,1,0,0,0,1
S01010565,Level 3,44,43,1,0,0,0,1
S01010565,Level 4 and above,112,106,6,0,1,0,5
S01010566,All people aged 16 and over,876,833,43,3,8,7,25
S01010566,No qualifications,138,136,2,0,0,0,2
S01010566,Level 1,229,218,11,0,3,0,8
S01010566,Level 2,115,110,5,1,1,0,3
S01010566,Level 3,95,91,4,0,1,1,2
S01010566,Level 4 and above,299,278,21,2,3,6,10
S01010567,All people aged 16 and over,885,848,37,4,4,5,24
S01010567,No qualifications,186,179,7,0,0,0,7
S01010567,Level 1,193,187,6,1,1,0,4
S01010567,Level 2,145,143,2,0,0,0,2
S01010567,Level 3,79,77,2,0,0,1,1
S01010567,Level 4 and above,282,262,20,3,3,4,10
S01010568,All people aged 16 and over,789,751,38,0,3,10,25
S01010568,No qualifications,181,174,7,0,0,5,2
S01010568,Level 1,201,193,8,0,0,2,6
S01010568,Level 2,102,99,3,0,1,0,2
S01010568,Level 3,61,58,3,0,2,0,1
S01010568,Level 4 and above,244,227,17,0,0,3,14
S01010569,All people aged 16 and over,722,676,46,5,4,3,34
S01010569,No qualifications,137,134,3,0,1,0,2
S01010569,Level 1,247,232,15,2,0,0,13
S01010569,Level 2,109,104,5,2,0,0,3
S01010569,Level 3,67,64,3,0,1,0,2
S01010569,Level 4 and above,162,142,20,1,2,3,14
S01010570,All people aged 16 and over,860,818,42,1,11,4,26
S01010570,No qualifications,285,284,1,0,0,0,1
S01010570,Level 1,234,222,12,0,2,0,10
S01010570,Level 2,115,107,8,0,2,0,6
S01010570,Level 3,64,63,1,0,1,0,0
S01010570,Level 4 and above,162,142,20,1,6,4,9
S01010571,All people aged 16 and over,655,600,55,3,12,11,29
S01010571,No qualifications,134,123,11,1,3,0,7
S01010571,Level 1,166,154,12,0,4,4,4
S01010571,Level 2,104,100,4,0,0,1,3
S01010571,Level 3,71,64,7,0,2,2,3
S01010571,Level 4 and above,180,159,21,2,3,4,12
S01010572,All people aged 16 and over,613,563,50,7,16,14,13
S01010572,No qualifications,153,146,7,0,0,5,2
S01010572,Level 1,191,180,11,1,3,2,5
S01010572,Level 2,96,94,2,0,1,0,1
S01010572,Level 3,55,48,7,1,5,1,0
S01010572,Level 4 and above,118,95,23,5,7,6,5
S01010573,All people aged 16 and over,426,406,20,1,1,6,12
S01010573,No qualifications,132,130,2,0,0,1,1
S01010573,Level 1,120,118,2,1,0,0,1
S01010573,Level 2,59,53,6,0,1,1,4
S01010573,Level 3,49,47,2,0,0,0,2
S01010573,Level 4 and above,66,58,8,0,0,4,4
S01010574,All people aged 16 and over,473,445,28,1,3,4,20
S01010574,No qualifications,104,99,5,0,1,1,3
S01010574,Level 1,107,99,8,1,0,1,6
S01010574,Level 2,87,82,5,0,0,0,5
S01010574,Level 3,51,47,4,0,0,0,4
S01010574,Level 4 and above,124,118,6,0,2,2,2
S01010575,All people aged 16 and over,577,556,21,1,2,2,16
S01010575,No qualifications,116,112,4,0,0,0,4
S01010575,Level 1,128,126,2,0,0,0,2
S01010575,Level 2,94,93,1,0,1,0,0
S01010575,Level 3,43,42,1,0,0,0,1
S01010575,Level 4 and above,196,183,13,1,1,2,9
S01010576,All people aged 16 and over,680,647,33,1,3,7,22
S01010576,No qualifications,107,105,2,0,0,1,1
S01010576,Level 1,141,135,6,0,2,0,4
S01010576,Level 2,118,113,5,1,0,0,4
S01010576,Level 3,65,62,3,0,1,0,2
S01010576,Level 4 and above,249,232,17,0,0,6,11
S01010577,All people aged 16 and over,691,649,42,6,7,10,19
S01010577,No qualifications,227,220,7,1,2,0,4
S01010577,Level 1,236,220,16,2,3,3,8
S01010577,Level 2,84,82,2,0,0,0,2
S01010577,Level 3,49,44,5,1,0,2,2
S01010577,Level 4 and above,95,83,12,2,2,5,3
S01010578,All people aged 16 and over,461,436,25,3,3,5,14
S01010578,No qualifications,117,108,9,2,1,2,4
S01010578,Level 1,165,161,4,1,0,2,1
S01010578,Level 2,67,62,5,0,0,0,5
S01010578,Level 3,32,31,1,0,1,0,0
S01010578,Level 4 and above,80,74,6,0,1,1,4
S01010579,All people aged 16 and over,631,597,34,5,3,4,22
S01010579,No qualifications,132,125,7,2,1,0,4
S01010579,Level 1,159,151,8,1,0,0,7
S01010579,Level 2,138,134,4,0,0,0,4
S01010579,Level 3,68,66,2,0,0,0,2
S01010579,Level 4 and above,134,121,13,2,2,4,5
S01010580,All people aged 16 and over,464,395,69,7,25,23,14
S01010580,No qualifications,86,82,4,0,2,0,2
S01010580,Level 1,103,93,10,2,4,3,1
S01010580,Level 2,80,76,4,0,1,0,3
S01010580,Level 3,58,49,9,0,4,2,3
S01010580,Level 4 and above,137,95,42,5,14,18,5
S01010581,All people aged 16 and over,423,382,41,4,13,9,15
S01010581,No qualifications,60,52,8,0,1,1,6
S01010581,Level 1,99,87,12,0,3,3,6
S01010581,Level 2,78,77,1,0,0,1,0
S01010581,Level 3,54,52,2,0,2,0,0
S01010581,Level 4 and above,132,114,18,4,7,4,3
S01010582,All people aged 16 and over,410,373,37,7,10,6,14
S01010582,No qualifications,91,88,3,0,1,0,2
S01010582,Level 1,82,73,9,3,2,2,2
S01010582,Level 2,61,60,1,0,0,0,1
S01010582,Level 3,36,33,3,1,0,1,1
S01010582,Level 4 and above,140,119,21,3,7,3,8
S01010583,All people aged 16 and over,810,761,49,7,6,17,19
S01010583,No qualifications,155,153,2,0,0,0,2
S01010583,Level 1,184,177,7,0,1,1,5
S01010583,Level 2,132,125,7,1,1,1,4
S01010583,Level 3,93,90,3,2,1,0,0
S01010583,Level 4 and above,246,216,30,4,3,15,8
S01010584,All people aged 16 and over,596,548,48,2,10,18,18
S01010584,No qualifications,71,68,3,0,3,0,0
S01010584,Level 1,158,145,13,0,2,3,8
S01010584,Level 2,96,91,5,0,1,2,2
S01010584,Level 3,85,77,8,1,1,3,3
S01010584,Level 4 and above,186,167,19,1,3,10,5
S01010585,All people aged 16 and over,599,571,28,2,7,6,13
S01010585,No qualifications,43,41,2,0,0,1,1
S01010585,Level 1,155,147,8,0,2,1,5
S01010585,Level 2,103,102,1,0,0,0,1
S01010585,Level 3,98,93,5,0,1,1,3
S01010585,Level 4 and above,200,188,12,2,4,3,3
S01010586,All people aged 16 and over,621,589,32,2,7,8,15
S01010586,No qualifications,78,73,5,0,3,2,0
S01010586,Level 1,124,117,7,0,0,0,7
S01010586,Level 2,98,94,4,1,0,2,1
S01010586,Level 3,79,76,3,1,0,1,1
S01010586,Level 4 and above,242,229,13,0,4,3,6
S01010587,All people aged 16 and over,588,549,39,1,7,11,20
S01010587,No qualifications,95,88,7,0,0,2,5
S01010587,Level 1,128,121,7,0,1,3,3
S01010587,Level 2,84,81,3,0,0,0,3
S01010587,Level 3,73,70,3,0,1,0,2
S01010587,Level 4 and above,208,189,19,1,5,6,7
S01010588,All people aged 16 and over,509,477,32,3,7,4,18
S01010588,No qualifications,81,76,5,0,0,1,4
S01010588,Level 1,112,108,4,0,1,0,3
S01010588,Level 2,92,90,2,1,0,0,1
S01010588,Level 3,48,41,7,1,2,0,4
S01010588,Level 4 and above,176,162,14,1,4,3,6
S01010589,All people aged 16 and over,504,469,35,1,10,9,15
S01010589,No qualifications,138,133,5,0,0,1,4
S01010589,Level 1,142,137,5,1,0,2,2
S01010589,Level 2,72,70,2,0,1,1,0
S01010589,Level 3,52,48,4,0,3,0,1
S01010589,Level 4 and above,100,81,19,0,6,5,8
S01010590,All people aged 16 and over,627,590,37,2,4,10,21
S01010590,No qualifications,77,67,10,0,3,2,5
S01010590,Level 1,116,110,6,0,0,3,3
S01010590,Level 2,93,88,5,0,0,1,4
S01010590,Level 3,82,80,2,0,1,0,1
S01010590,Level 4 and above,259,245,14,2,0,4,8
S01010591,All people aged 16 and over,540,491,49,1,26,11,11
S01010591,No qualifications,49,45,4,0,0,0,4
S01010591,Level 1,139,129,10,0,7,1,2
S01010591,Level 2,92,91,1,0,1,0,0
S01010591,Level 3,88,80,8,1,4,3,0
S01010591,Level 4 and above,172,146,26,0,14,7,5
S01010592,All people aged 16 and over,429,401,28,3,6,9,10
S01010592,No qualifications,85,82,3,0,2,0,1
S01010592,Level 1,118,112,6,0,1,1,4
S01010592,Level 2,66,64,2,0,0,1,1
S01010592,Level 3,56,51,5,1,1,2,1
S01010592,Level 4 and above,104,92,12,2,2,5,3
S01010593,All people aged 16 and over,512,464,48,5,11,8,24
S01010593,No qualifications,98,92,6,1,2,0,3
S01010593,Level 1,112,97,15,0,4,4,7
S01010593,Level 2,85,81,4,0,2,0,2
S01010593,Level 3,45,42,3,0,0,2,1
S01010593,Level 4 and above,172,152,20,4,3,2,11
S01010594,All people aged 16 and over,508,439,69,2,21,25,21
S01010594,No qualifications,73,60,13,0,2,3,8
S01010594,Level 1,114,105,9,0,4,3,2
S01010594,Level 2,90,81,9,1,3,1,4
S01010594,Level 3,75,63,12,0,3,6,3
S01010594,Level 4 and above,156,130,26,1,9,12,4
S01010595,All people aged 16 and over,561,503,58,5,15,22,16
S01010595,No qualifications,46,42,4,0,1,0,3
S01010595,Level 1,160,150,10,0,5,2,3
S01010595,Level 2,92,83,9,0,5,3,1
S01010595,Level 3,71,66,5,0,1,3,1
S01010595,Level 4 and above,192,162,30,5,3,14,8
S01010596,All people aged 16 and over,628,591,37,4,6,8,19
S01010596,No qualifications,79,79,0,0,0,0,0
S01010596,Level 1,141,135,6,1,2,0,3
S01010596,Level 2,101,96,5,1,2,0,2
S01010596,Level 3,73,70,3,0,1,1,1
S01010596,Level 4 and above,234,211,23,2,1,7,13
S01010597,All people aged 16 and over,485,451,34,3,8,7,16
S01010597,No qualifications,51,42,9,3,2,0,4
S01010597,Level 1,131,124,7,0,2,1,4
S01010597,Level 2,87,85,2,0,1,1,0
S01010597,Level 3,68,64,4,0,0,2,2
S01010597,Level 4 and above,148,136,12,0,3,3,6
S01010598,All people aged 16 and over,740,679,61,1,18,19,23
S01010598,No qualifications,58,51,7,0,3,4,0
S01010598,Level 1,203,194,9,0,3,3,3
S01010598,Level 2,124,113,11,0,3,1,7
S01010598,Level 3,119,111,8,1,1,4,2
S01010598,Level 4 and above,236,210,26,0,8,7,11
S01010599,All people aged 16 and over,474,442,32,5,10,1,16
S01010599,No qualifications,56,54,2,0,0,1,1
S01010599,Level 1,101,96,5,0,1,0,4
S01010599,Level 2,80,76,4,0,1,0,3
S01010599,Level 3,54,51,3,0,1,0,2
S01010599,Level 4 and above,183,165,18,5,7,0,6
S01010600,All people aged 16 and over,808,757,51,8,11,3,29
S01010600,No qualifications,164,153,11,1,4,1,5
S01010600,Level 1,187,175,12,3,2,1,6
S01010600,Level 2,110,107,3,1,0,0,2
S01010600,Level 3,97,91,6,0,1,0,5
S01010600,Level 4 and above,250,231,19,3,4,1,11
S01010601,All people aged 16 and over,603,560,43,0,8,10,25
S01010601,No qualifications,127,118,9,0,1,2,6
S01010601,Level 1,132,119,13,0,2,4,7
S01010601,Level 2,87,80,7,0,1,0,6
S01010601,Level 3,47,45,2,0,0,1,1
S01010601,Level 4 and above,210,198,12,0,4,3,5
S01010602,All people aged 16 and over,449,425,24,7,5,2,10
S01010602,No qualifications,76,74,2,0,0,0,2
S01010602,Level 1,88,85,3,0,2,0,1
S01010602,Level 2,83,80,3,0,0,0,3
S01010602,Level 3,58,56,2,1,1,0,0
S01010602,Level 4 and above,144,130,14,6,2,2,4
S01010603,All people aged 16 and over,697,663,34,0,2,4,28
S01010603,No qualifications,114,112,2,0,0,0,2
S01010603,Level 1,162,155,7,0,0,0,7
S01010603,Level 2,113,109,4,0,0,1,3
S01010603,Level 3,75,67,8,0,1,0,7
S01010603,Level 4 and above,233,220,13,0,1,3,9
S01010604,All people aged 16 and over,393,375,18,3,1,2,12
S01010604,No qualifications,54,51,3,0,0,2,1
S01010604,Level 1,67,67,0,0,0,0,0
S01010604,Level 2,72,69,3,0,0,0,3
S01010604,Level 3,31,31,0,0,0,0,0
S01010604,Level 4 and above,169,157,12,3,1,0,8
S01010605,All people aged 16 and over,765,713,52,3,7,8,34
S01010605,No qualifications,169,157,12,0,2,2,8
S01010605,Level 1,141,132,9,0,2,2,5
S01010605,Level 2,135,127,8,0,0,1,7
S01010605,Level 3,78,73,5,2,0,0,3
S01010605,Level 4 and above,242,224,18,1,3,3,11
S01010606,All people aged 16 and over,659,597,62,6,20,11,25
S01010606,No qualifications,211,194,17,3,7,0,7
S01010606,Level 1,172,165,7,0,1,2,4
S01010606,Level 2,92,87,5,0,1,0,4
S01010606,Level 3,58,51,7,0,5,1,1
S01010606,Level 4 and above,126,100,26,3,6,8,9
S01010607,All people aged 16 and over,695,653,42,3,13,8,18
S01010607,No qualifications,103,98,5,0,2,2,1
S01010607,Level 1,140,133,7,1,1,2,3
S01010607,Level 2,87,80,7,0,3,0,4
S01010607,Level 3,69,67,2,1,1,0,0
S01010607,Level 4 and above,296,275,21,1,6,4,10
S01010608,All people aged 16 and over,503,447,56,4,18,21,13
S01010608,No qualifications,160,152,8,1,4,0,3
S01010608,Level 1,167,146,21,1,8,5,7
S01010608,Level 2,63,58,5,0,0,2,3
S01010608,Level 3,43,36,7,0,2,5,0
S01010608,Level 4 and above,70,55,15,2,4,9,0
S01010609,All people aged 16 and over,452,411,41,4,14,10,13
S01010609,No qualifications,139,132,7,0,0,3,4
S01010609,Level 1,152,144,8,2,0,1,5
S01010609,Level 2,57,52,5,0,4,0,1
S01010609,Level 3,40,37,3,0,0,2,1
S01010609,Level 4 and above,64,46,18,2,10,4,2
S01010610,All people aged 16 and over,616,568,48,8,5,11,24
S01010610,No qualifications,108,101,7,0,1,2,4
S01010610,Level 1,105,98,7,0,1,1,5
S01010610,Level 2,97,94,3,0,1,1,1
S01010610,Level 3,44,41,3,0,0,2,1
S01010610,Level 4 and above,262,234,28,8,2,5,13
S01010611,All people aged 16 and over,779,729,50,7,12,10,21
S01010611,No qualifications,209,207,2,0,0,0,2
S01010611,Level 1,226,215,11,2,4,1,4
S01010611,Level 2,120,116,4,0,0,2,2
S01010611,Level 3,75,69,6,1,1,0,4
S01010611,Level 4 and above,149,122,27,4,7,7,9
S01010612,All people aged 16 and over,620,590,30,5,4,5,16
S01010612,No qualifications,172,167,5,2,0,0,3
S01010612,Level 1,158,151,7,0,1,1,5
S01010612,Level 2,118,116,2,0,0,1,1
S01010612,Level 3,56,51,5,0,0,1,4
S01010612,Level 4 and above,116,105,11,3,3,2,3
S01010613,All people aged 16 and over,602,560,42,3,12,10,17
S01010613,No qualifications,186,182,4,1,0,0,3
S01010613,Level 1,122,117,5,1,1,2,1
S01010613,Level 2,91,86,5,0,1,0,4
S01010613,Level 3,39,34,5,0,1,1,3
S01010613,Level 4 and above,164,141,23,1,9,7,6
S01010614,All people aged 16 and over,443,409,34,1,7,10,16
S01010614,No qualifications,177,166,11,0,0,5,6
S01010614,Level 1,138,127,11,0,3,2,6
S01010614,Level 2,48,48,0,0,0,0,0
S01010614,Level 3,36,33,3,0,0,1,2
S01010614,Level 4 and above,44,35,9,1,4,2,2
S01010615,All people aged 16 and over,658,601,57,5,16,19,17
S01010615,No qualifications,108,104,4,0,0,1,3
S01010615,Level 1,158,145,13,2,2,5,4
S01010615,Level 2,91,87,4,0,0,0,4
S01010615,Level 3,75,68,7,1,4,2,0
S01010615,Level 4 and above,226,197,29,2,10,11,6
S01010616,All people aged 16 and over,731,688,43,6,8,8,21
S01010616,No qualifications,163,158,5,1,0,1,3
S01010616,Level 1,164,151,13,1,5,1,6
S01010616,Level 2,129,126,3,0,1,0,2
S01010616,Level 3,75,67,8,3,2,2,1
S01010616,Level 4 and above,200,186,14,1,0,4,9
S01010617,All people aged 16 and over,737,716,21,1,3,5,12
S01010617,No qualifications,141,137,4,0,0,1,3
S01010617,Level 1,205,198,7,0,1,3,3
S01010617,Level 2,102,101,1,0,0,0,1
S01010617,Level 3,77,75,2,0,0,0,2
S01010617,Level 4 and above,212,205,7,1,2,1,3
S01010618,All people aged 16 and over,633,595,38,3,10,10,15
S01010618,No qualifications,119,117,2,0,1,0,1
S01010618,Level 1,171,163,8,0,1,2,5
S01010618,Level 2,118,115,3,0,0,0,3
S01010618,Level 3,73,66,7,0,1,4,2
S01010618,Level 4 and above,152,134,18,3,7,4,4
S01010619,All people aged 16 and over,519,424,95,8,49,25,13
S01010619,No qualifications,102,81,21,4,11,3,3
S01010619,Level 1,177,149,28,1,17,6,4
S01010619,Level 2,67,66,1,0,0,0,1
S01010619,Level 3,60,47,13,0,6,5,2
S01010619,Level 4 and above,113,81,32,3,15,11,3
S01010620,All people aged 16 and over,560,418,142,40,51,32,19
S01010620,No qualifications,89,71,18,10,4,2,2
S01010620,Level 1,169,139,30,5,12,9,4
S01010620,Level 2,90,71,19,2,12,2,3
S01010620,Level 3,61,46,15,7,5,2,1
S01010620,Level 4 and above,151,91,60,16,18,17,9
S01010621,All people aged 16 and over,803,691,112,19,36,32,25
S01010621,No qualifications,147,137,10,2,0,5,3
S01010621,Level 1,170,139,31,9,9,11,2
S01010621,Level 2,107,101,6,0,4,0,2
S01010621,Level 3,67,57,10,2,2,5,1
S01010621,Level 4 and above,312,257,55,6,21,11,17
S01010622,All people aged 16 and over,520,473,47,2,13,15,17
S01010622,No qualifications,165,162,3,0,0,0,3
S01010622,Level 1,156,143,13,2,5,2,4
S01010622,Level 2,60,55,5,0,1,1,3
S01010622,Level 3,56,47,9,0,2,5,2
S01010622,Level 4 and above,83,66,17,0,5,7,5
S01010623,All people aged 16 and over,554,474,80,8,21,20,31
S01010623,No qualifications,57,51,6,0,2,1,3
S01010623,Level 1,210,188,22,5,5,4,8
S01010623,Level 2,87,83,4,0,0,0,4
S01010623,Level 3,66,60,6,0,3,2,1
S01010623,Level 4 and above,134,92,42,3,11,13,15
S01010624,All people aged 16 and over,553,470,83,8,26,27,22
S01010624,No qualifications,142,135,7,0,1,3,3
S01010624,Level 1,118,105,13,0,3,5,5
S01010624,Level 2,90,79,11,1,3,4,3
S01010624,Level 3,31,27,4,0,3,0,1
S01010624,Level 4 and above,172,124,48,7,16,15,10
S01010625,All people aged 16 and over,687,647,40,1,6,9,24
S01010625,No qualifications,114,103,11,0,3,2,6
S01010625,Level 1,104,100,4,0,0,1,3
S01010625,Level 2,110,107,3,0,0,1,2
S01010625,Level 3,65,59,6,1,0,2,3
S01010625,Level 4 and above,294,278,16,0,3,3,10
S01010626,All people aged 16 and over,794,742,52,4,7,7,34
S01010626,No qualifications,194,184,10,3,0,1,6
S01010626,Level 1,125,112,13,1,4,3,5
S01010626,Level 2,88,87,1,0,0,1,0
S01010626,Level 3,51,48,3,0,0,0,3
S01010626,Level 4 and above,336,311,25,0,3,2,20
S01010627,All people aged 16 and over,729,615,114,28,31,35,20
S01010627,No qualifications,158,145,13,2,3,6,2
S01010627,Level 1,139,112,27,10,7,8,2
S01010627,Level 2,88,80,8,4,1,2,1
S01010627,Level 3,79,61,18,5,6,6,1
S01010627,Level 4 and above,265,217,48,7,14,13,14
S01010628,All people aged 16 and over,895,776,119,15,48,27,29
S01010628,No qualifications,179,164,15,4,5,2,4
S01010628,Level 1,185,162,23,2,11,4,6
S01010628,Level 2,114,107,7,0,3,2,2
S01010628,Level 3,93,80,13,1,8,2,2
S01010628,Level 4 and above,324,263,61,8,21,17,15
S01010629,All people aged 16 and over,812,744,68,7,21,12,28
S01010629,No qualifications,197,190,7,1,2,0,4
S01010629,Level 1,110,99,11,1,5,1,4
S01010629,Level 2,97,92,5,1,1,0,3
S01010629,Level 3,66,56,10,2,2,3,3
S01010629,Level 4 and above,342,307,35,2,11,8,14
S01010630,All people aged 16 and over,486,444,42,6,10,9,17
S01010630,No qualifications,134,122,12,3,5,1,3
S01010630,Level 1,132,121,11,1,4,2,4
S01010630,Level 2,66,64,2,0,0,0,2
S01010630,Level 3,50,46,4,0,0,3,1
S01010630,Level 4 and above,104,91,13,2,1,3,7
S01010631,All people aged 16 and over,558,480,78,7,22,22,27
S01010631,No qualifications,119,109,10,2,3,3,2
S01010631,Level 1,108,102,6,0,1,3,2
S01010631,Level 2,68,63,5,0,0,1,4
S01010631,Level 3,57,51,6,0,2,2,2
S01010631,Level 4 and above,206,155,51,5,16,13,17
S01010632,All people aged 16 and over,805,717,88,7,36,22,23
S01010632,No qualifications,279,268,11,0,3,1,7
S01010632,Level 1,194,168,26,4,12,8,2
S01010632,Level 2,115,103,12,0,8,1,3
S01010632,Level 3,70,59,11,0,4,4,3
S01010632,Level 4 and above,147,119,28,3,9,8,8
S01010633,All people aged 16 and over,814,760,54,3,17,19,15
S01010633,No qualifications,307,290,17,0,8,5,4
S01010633,Level 1,257,248,9,0,1,3,5
S01010633,Level 2,89,85,4,0,2,1,1
S01010633,Level 3,65,60,5,0,0,3,2
S01010633,Level 4 and above,96,77,19,3,6,7,3
S01010634,All people aged 16 and over,535,494,41,5,12,13,11
S01010634,No qualifications,219,212,7,0,0,3,4
S01010634,Level 1,144,123,21,5,7,5,4
S01010634,Level 2,67,66,1,0,1,0,0
S01010634,Level 3,42,42,0,0,0,0,0
S01010634,Level 4 and above,63,51,12,0,4,5,3
S01010635,All people aged 16 and over,641,584,57,3,24,10,20
S01010635,No qualifications,260,250,10,0,3,2,5
S01010635,Level 1,151,133,18,1,12,1,4
S01010635,Level 2,70,67,3,0,1,0,2
S01010635,Level 3,45,44,1,0,0,0,1
S01010635,Level 4 and above,115,90,25,2,8,7,8
S01010636,All people aged 16 and over,692,633,59,7,22,8,22
S01010636,No qualifications,173,165,8,0,2,2,4
S01010636,Level 1,141,128,13,2,2,5,4
S01010636,Level 2,87,86,1,0,1,0,0
S01010636,Level 3,65,57,8,1,4,0,3
S01010636,Level 4 and above,226,197,29,4,13,1,11
S01010637,All people aged 16 and over,509,435,74,9,33,16,16
S01010637,No qualifications,182,157,25,4,9,7,5
S01010637,Level 1,111,94,17,4,6,1,6
S01010637,Level 2,69,67,2,0,2,0,0
S01010637,Level 3,39,34,5,0,4,0,1
S01010637,Level 4 and above,108,83,25,1,12,8,4
S01010638,All people aged 16 and over,741,665,76,8,29,16,23
S01010638,No qualifications,308,289,19,2,5,1,11
S01010638,Level 1,155,139,16,3,10,1,2
S01010638,Level 2,80,76,4,1,2,0,1
S01010638,Level 3,55,51,4,1,1,2,0
S01010638,Level 4 and above,143,110,33,1,11,12,9
S01010639,All people aged 16 and over,952,829,123,17,63,33,10
S01010639,No qualifications,305,267,38,4,22,10,2
S01010639,Level 1,250,224,26,5,10,8,3
S01010639,Level 2,130,120,10,1,6,3,0
S01010639,Level 3,87,75,12,1,7,3,1
S01010639,Level 4 and above,180,143,37,6,18,9,4
S01010640,All people aged 16 and over,727,566,161,35,51,38,37
S01010640,No qualifications,178,141,37,9,13,5,10
S01010640,Level 1,144,117,27,5,9,4,9
S01010640,Level 2,108,101,7,0,1,4,2
S01010640,Level 3,88,64,24,7,7,6,4
S01010640,Level 4 and above,209,143,66,14,21,19,12
S01010641,All people aged 16 and over,782,671,111,10,35,33,33
S01010641,No qualifications,245,229,16,0,5,1,10
S01010641,Level 1,268,237,31,2,11,9,9
S01010641,Level 2,90,85,5,0,0,1,4
S01010641,Level 3,69,54,15,0,9,5,1
S01010641,Level 4 and above,110,66,44,8,10,17,9
S01010642,All people aged 16 and over,736,665,71,7,29,16,19
S01010642,No qualifications,293,278,15,2,6,2,5
S01010642,Level 1,209,193,16,1,6,5,4
S01010642,Level 2,74,70,4,1,0,1,2
S01010642,Level 3,74,61,13,1,7,3,2
S01010642,Level 4 and above,86,63,23,2,10,5,6
S01010643,All people aged 16 and over,520,469,51,2,27,8,14
S01010643,No qualifications,197,192,5,0,3,1,1
S01010643,Level 1,164,152,12,0,6,1,5
S01010643,Level 2,51,43,8,0,5,0,3
S01010643,Level 3,41,38,3,0,2,0,1
S01010643,Level 4 and above,67,44,23,2,11,6,4
S01010644,All people aged 16 and over,515,480,35,5,5,9,16
S01010644,No qualifications,219,209,10,1,2,2,5
S01010644,Level 1,168,157,11,0,1,3,7
S01010644,Level 2,49,47,2,1,0,0,1
S01010644,Level 3,33,31,2,1,1,0,0
S01010644,Level 4 and above,46,36,10,2,1,4,3
S01010645,All people aged 16 and over,476,435,41,1,13,13,14
S01010645,No qualifications,89,84,5,0,1,3,1
S01010645,Level 1,121,111,10,0,4,2,4
S01010645,Level 2,87,84,3,0,0,1,2
S01010645,Level 3,45,41,4,0,2,1,1
S01010645,Level 4 and above,134,115,19,1,6,6,6
S01010646,All people aged 16 and over,577,531,46,3,17,14,12
S01010646,No qualifications,119,113,6,0,1,1,4
S01010646,Level 1,130,120,10,1,3,6,0
S01010646,Level 2,106,96,10,0,8,0,2
S01010646,Level 3,51,46,5,1,2,1,1
S01010646,Level 4 and above,171,156,15,1,3,6,5
S01010647,All people aged 16 and over,633,600,33,1,9,4,19
S01010647,No qualifications,173,166,7,1,1,0,5
S01010647,Level 1,161,155,6,0,2,1,3
S01010647,Level 2,81,80,1,0,0,0,1
S01010647,Level 3,43,41,2,0,1,0,1
S01010647,Level 4 and above,175,158,17,0,5,3,9
S01010648,All people aged 16 and over,561,521,40,11,6,11,12
S01010648,No qualifications,129,122,7,3,2,0,2
S01010648,Level 1,147,140,7,4,0,1,2
S01010648,Level 2,97,91,6,0,1,2,3
S01010648,Level 3,61,57,4,1,2,1,0
S01010648,Level 4 and above,127,111,16,3,1,7,5
S01010649,All people aged 16 and over,519,481,38,4,12,9,13
S01010649,No qualifications,137,132,5,1,1,1,2
S01010649,Level 1,101,97,4,0,1,2,1
S01010649,Level 2,87,83,4,0,1,0,3
S01010649,Level 3,42,36,6,1,3,1,1
S01010649,Level 4 and above,152,133,19,2,6,5,6
S01010650,All people aged 16 and over,416,388,28,3,4,6,15
S01010650,No qualifications,105,99,6,1,2,0,3
S01010650,Level 1,112,108,4,0,1,1,2
S01010650,Level 2,71,65,6,1,0,1,4
S01010650,Level 3,38,37,1,0,0,0,1
S01010650,Level 4 and above,90,79,11,1,1,4,5
S01010651,All people aged 16 and over,566,530,36,3,9,7,17
S01010651,No qualifications,179,174,5,0,1,1,3
S01010651,Level 1,166,154,12,1,2,4,5
S01010651,Level 2,77,73,4,0,2,0,2
S01010651,Level 3,49,46,3,0,1,0,2
S01010651,Level 4 and above,95,83,12,2,3,2,5
S01010652,All people aged 16 and over,614,566,48,2,10,11,25
S01010652,No qualifications,142,139,3,0,0,1,2
S01010652,Level 1,145,131,14,1,2,1,10
S01010652,Level 2,106,101,5,0,1,1,3
S01010652,Level 3,62,59,3,0,1,0,2
S01010652,Level 4 and above,159,136,23,1,6,8,8
S01010653,All people aged 16 and over,534,511,23,3,7,4,9
S01010653,No qualifications,144,140,4,2,0,0,2
S01010653,Level 1,150,149,1,0,0,1,0
S01010653,Level 2,79,77,2,0,0,0,2
S01010653,Level 3,62,59,3,0,3,0,0
S01010653,Level 4 and above,99,86,13,1,4,3,5
S01010654,All people aged 16 and over,638,589,49,7,4,21,17
S01010654,No qualifications,184,175,9,0,0,1,8
S01010654,Level 1,210,191,19,3,1,11,4
S01010654,Level 2,105,102,3,0,0,1,2
S01010654,Level 3,58,51,7,0,2,5,0
S01010654,Level 4 and above,81,70,11,4,1,3,3
S01010655,All people aged 16 and over,729,679,50,0,3,9,38
S01010655,No qualifications,148,144,4,0,0,1,3
S01010655,Level 1,161,150,11,0,1,2,8
S01010655,Level 2,122,116,6,0,0,0,6
S01010655,Level 3,57,52,5,0,0,1,4
S01010655,Level 4 and above,241,217,24,0,2,5,17
S01010656,All people aged 16 and over,364,339,25,1,2,7,15
S01010656,No qualifications,101,99,2,0,0,0,2
S01010656,Level 1,89,83,6,0,0,2,4
S01010656,Level 2,55,53,2,0,0,0,2
S01010656,Level 3,29,29,0,0,0,0,0
S01010656,Level 4 and above,90,75,15,1,2,5,7
S01010657,All people aged 16 and over,534,512,22,0,2,0,20
S01010657,No qualifications,97,95,2,0,0,0,2
S01010657,Level 1,114,112,2,0,0,0,2
S01010657,Level 2,90,87,3,0,0,0,3
S01010657,Level 3,43,42,1,0,0,0,1
S01010657,Level 4 and above,190,176,14,0,2,0,12
S01010658,All people aged 16 and over,602,572,30,1,5,8,16
S01010658,No qualifications,121,118,3,0,0,1,2
S01010658,Level 1,110,104,6,1,2,2,1
S01010658,Level 2,95,93,2,0,0,0,2
S01010658,Level 3,49,44,5,0,2,1,2
S01010658,Level 4 and above,227,213,14,0,1,4,9
S01010659,All people aged 16 and over,544,513,31,2,9,8,12
S01010659,No qualifications,97,94,3,0,0,0,3
S01010659,Level 1,105,101,4,0,1,2,1
S01010659,Level 2,68,65,3,0,1,1,1
S01010659,Level 3,56,53,3,1,0,2,0
S01010659,Level 4 and above,218,200,18,1,7,3,7
S01010660,All people aged 16 and over,511,489,22,2,3,3,14
S01010660,No qualifications,142,136,6,0,1,1,4
S01010660,Level 1,125,122,3,0,0,1,2
S01010660,Level 2,67,65,2,0,0,0,2
S01010660,Level 3,53,52,1,0,0,0,1
S01010660,Level 4 and above,124,114,10,2,2,1,5
S01010661,All people aged 16 and over,518,494,24,6,7,2,9
S01010661,No qualifications,168,165,3,0,1,0,2
S01010661,Level 1,133,128,5,1,1,0,3
S01010661,Level 2,81,75,6,1,3,0,2
S01010661,Level 3,44,44,0,0,0,0,0
S01010661,Level 4 and above,92,82,10,4,2,2,2
S01010662,All people aged 16 and over,614,591,23,3,2,2,16
S01010662,No qualifications,123,120,3,0,0,0,3
S01010662,Level 1,166,160,6,1,0,1,4
S01010662,Level 2,89,87,2,1,0,0,1
S01010662,Level 3,66,62,4,0,0,0,4
S01010662,Level 4 and above,170,162,8,1,2,1,4
S01010663,All people aged 16 and over,777,746,31,2,4,4,21
S01010663,No qualifications,178,174,4,1,0,0,3
S01010663,Level 1,164,160,4,0,1,1,2
S01010663,Level 2,121,120,1,0,0,0,1
S01010663,Level 3,66,63,3,0,2,0,1
S01010663,Level 4 and above,248,229,19,1,1,3,14
S01010664,All people aged 16 and over,678,633,45,0,2,5,38
S01010664,No qualifications,116,110,6,0,0,2,4
S01010664,Level 1,130,122,8,0,1,1,6
S01010664,Level 2,109,103,6,0,1,0,5
S01010664,Level 3,60,58,2,0,0,0,2
S01010664,Level 4 and above,263,240,23,0,0,2,21
S01010665,All people aged 16 and over,774,724,50,2,2,13,33
S01010665,No qualifications,166,160,6,1,0,1,4
S01010665,Level 1,186,178,8,0,0,3,5
S01010665,Level 2,104,98,6,0,0,0,6
S01010665,Level 3,69,63,6,0,1,0,5
S01010665,Level 4 and above,249,225,24,1,1,9,13
S01010666,All people aged 16 and over,769,742,27,2,2,4,19
S01010666,No qualifications,167,166,1,0,0,0,1
S01010666,Level 1,182,176,6,1,0,1,4
S01010666,Level 2,124,117,7,0,0,2,5
S01010666,Level 3,90,89,1,0,0,1,0
S01010666,Level 4 and above,206,194,12,1,2,0,9
S01010667,All people aged 16 and over,570,528,42,3,8,9,22
S01010667,No qualifications,114,111,3,0,1,0,2
S01010667,Level 1,127,118,9,1,4,0,4
S01010667,Level 2,84,83,1,0,0,1,0
S01010667,Level 3,36,33,3,0,0,1,2
S01010667,Level 4 and above,209,183,26,2,3,7,14
S01010668,All people aged 16 and over,948,885,63,6,7,14,36
S01010668,No qualifications,239,233,6,0,0,2,4
S01010668,Level 1,233,219,14,1,1,3,9
S01010668,Level 2,130,130,0,0,0,0,0
S01010668,Level 3,80,74,6,0,0,2,4
S01010668,Level 4 and above,266,229,37,5,6,7,19
S01010669,All people aged 16 and over,489,475,14,0,0,2,12
S01010669,No qualifications,117,116,1,0,0,0,1
S01010669,Level 1,116,111,5,0,0,1,4
S01010669,Level 2,73,72,1,0,0,0,1
S01010669,Level 3,33,32,1,0,0,0,1
S01010669,Level 4 and above,150,144,6,0,0,1,5
S01010670,All people aged 16 and over,576,554,22,4,0,5,13
S01010670,No qualifications,122,122,0,0,0,0,0
S01010670,Level 1,125,120,5,1,0,2,2
S01010670,Level 2,96,96,0,0,0,0,0
S01010670,Level 3,52,50,2,0,0,0,2
S01010670,Level 4 and above,181,166,15,3,0,3,9
S01010671,All people aged 16 and over,628,602,26,4,1,1,20
S01010671,No qualifications,101,100,1,0,0,0,1
S01010671,Level 1,127,124,3,0,0,0,3
S01010671,Level 2,121,115,6,0,1,0,5
S01010671,Level 3,55,53,2,0,0,0,2
S01010671,Level 4 and above,224,210,14,4,0,1,9
S01010672,All people aged 16 and over,532,511,21,0,0,4,17
S01010672,No qualifications,138,136,2,0,0,0,2
S01010672,Level 1,152,147,5,0,0,1,4
S01010672,Level 2,90,87,3,0,0,0,3
S01010672,Level 3,50,47,3,0,0,1,2
S01010672,Level 4 and above,102,94,8,0,0,2,6
S01010673,All people aged 16 and over,772,721,51,5,5,10,31
S01010673,No qualifications,178,170,8,1,0,0,7
S01010673,Level 1,157,151,6,0,1,0,5
S01010673,Level 2,101,95,6,1,0,1,4
S01010673,Level 3,74,70,4,0,0,4,0
S01010673,Level 4 and above,262,235,27,3,4,5,15
S01010674,All people aged 16 and over,759,714,45,5,5,8,27
S01010674,No qualifications,147,141,6,2,0,0,4
S01010674,Level 1,170,162,8,0,2,2,4
S01010674,Level 2,133,131,2,1,0,0,1
S01010674,Level 3,64,61,3,0,0,0,3
S01010674,Level 4 and above,245,219,26,2,3,6,15
S01010675,All people aged 16 and over,534,515,19,2,4,3,10
S01010675,No qualifications,138,136,2,0,0,1,1
S01010675,Level 1,130,128,2,2,0,0,0
S01010675,Level 2,68,68,0,0,0,0,0
S01010675,Level 3,32,31,1,0,1,0,0
S01010675,Level 4 and above,166,152,14,0,3,2,9
S01010676,All people aged 16 and over,770,710,60,8,11,10,31
S01010676,No qualifications,126,126,0,0,0,0,0
S01010676,Level 1,132,121,11,1,2,1,7
S01010676,Level 2,118,116,2,0,1,0,1
S01010676,Level 3,71,67,4,0,1,0,3
S01010676,Level 4 and above,323,280,43,7,7,9,20
S01010677,All people aged 16 and over,420,399,21,5,0,2,14
S01010677,No qualifications,78,76,2,0,0,0,2
S01010677,Level 1,74,73,1,0,0,0,1
S01010677,Level 2,78,76,2,0,0,0,2
S01010677,Level 3,32,32,0,0,0,0,0
S01010677,Level 4 and above,158,142,16,5,0,2,9
S01010678,All people aged 16 and over,531,507,24,4,2,4,14
S01010678,No qualifications,154,152,2,0,0,1,1
S01010678,Level 1,118,115,3,0,0,1,2
S01010678,Level 2,69,67,2,0,0,0,2
S01010678,Level 3,36,33,3,1,0,0,2
S01010678,Level 4 and above,154,140,14,3,2,2,7
S01010679,All people aged 16 and over,508,484,24,4,1,1,18
S01010679,No qualifications,146,144,2,0,0,0,2
S01010679,Level 1,111,102,9,0,1,0,8
S01010679,Level 2,76,72,4,0,0,0,4
S01010679,Level 3,43,40,3,1,0,1,1
S01010679,Level 4 and above,132,126,6,3,0,0,3
S01010680,All people aged 16 and over,533,499,34,3,10,5,16
S01010680,No qualifications,152,148,4,1,2,0,1
S01010680,Level 1,127,120,7,0,3,0,4
S01010680,Level 2,83,81,2,0,0,0,2
S01010680,Level 3,49,46,3,0,2,1,0
S01010680,Level 4 and above,122,104,18,2,3,4,9
S01010681,All people aged 16 and over,831,797,34,6,3,8,17
S01010681,No qualifications,173,172,1,0,0,0,1
S01010681,Level 1,232,223,9,1,2,2,4
S01010681,Level 2,137,132,5,2,0,0,3
S01010681,Level 3,80,78,2,0,0,0,2
S01010681,Level 4 and above,209,192,17,3,1,6,7
S01010682,All people aged 16 and over,777,754,23,0,6,4,13
S01010682,No qualifications,172,170,2,0,1,0,1
S01010682,Level 1,173,168,5,0,0,3,2
S01010682,Level 2,132,132,0,0,0,0,0
S01010682,Level 3,63,62,1,0,1,0,0
S01010682,Level 4 and above,237,222,15,0,4,1,10
S01010683,All people aged 16 and over,833,810,23,4,2,3,14
S01010683,No qualifications,234,233,1,0,0,0,1
S01010683,Level 1,163,158,5,0,2,1,2
S01010683,Level 2,144,143,1,0,0,0,1
S01010683,Level 3,59,57,2,0,0,0,2
S01010683,Level 4 and above,233,219,14,4,0,2,8
S01010684,All people aged 16 and over,684,656,28,3,2,5,18
S01010684,No qualifications,156,154,2,0,0,0,2
S01010684,Level 1,145,138,7,1,1,2,3
S01010684,Level 2,100,98,2,0,0,0,2
S01010684,Level 3,53,51,2,0,0,1,1
S01010684,Level 4 and above,230,215,15,2,1,2,10
S01010685,All people aged 16 and over,532,501,31,1,5,2,23
S01010685,No qualifications,123,122,1,0,0,0,1
S01010685,Level 1,106,103,3,0,0,1,2
S01010685,Level 2,76,73,3,0,0,0,3
S01010685,Level 3,57,54,3,0,0,0,3
S01010685,Level 4 and above,170,149,21,1,5,1,14
S01010686,All people aged 16 and over,585,546,39,4,6,3,26
S01010686,No qualifications,124,123,1,0,0,0,1
S01010686,Level 1,140,129,11,3,2,0,6
S01010686,Level 2,80,79,1,0,0,0,1
S01010686,Level 3,49,46,3,0,0,1,2
S01010686,Level 4 and above,192,169,23,1,4,2,16
S01010687,All people aged 16 and over,699,664,35,5,3,5,22
S01010687,No qualifications,169,164,5,1,0,0,4
S01010687,Level 1,143,141,2,0,0,0,2
S01010687,Level 2,93,88,5,2,1,1,1
S01010687,Level 3,64,61,3,1,0,0,2
S01010687,Level 4 and above,230,210,20,1,2,4,13
S01010688,All people aged 16 and over,619,578,41,9,5,2,25
S01010688,No qualifications,114,109,5,0,1,0,4
S01010688,Level 1,129,127,2,0,0,0,2
S01010688,Level 2,77,76,1,0,0,0,1
S01010688,Level 3,47,43,4,1,0,0,3
S01010688,Level 4 and above,252,223,29,8,4,2,15
S01010689,All people aged 16 and over,669,627,42,1,2,10,29
S01010689,No qualifications,179,176,3,0,0,1,2
S01010689,Level 1,121,119,2,0,0,0,2
S01010689,Level 2,94,88,6,0,1,1,4
S01010689,Level 3,54,51,3,0,0,0,3
S01010689,Level 4 and above,221,193,28,1,1,8,18
S01010690,All people aged 16 and over,566,507,59,16,9,14,20
S01010690,No qualifications,159,152,7,2,0,2,3
S01010690,Level 1,123,111,12,5,1,1,5
S01010690,Level 2,81,78,3,0,1,0,2
S01010690,Level 3,41,38,3,2,0,0,1
S01010690,Level 4 and above,162,128,34,7,7,11,9
S01010691,All people aged 16 and over,622,579,43,4,2,9,28
S01010691,No qualifications,106,98,8,2,0,1,5
S01010691,Level 1,124,115,9,1,0,2,6
S01010691,Level 2,99,97,2,0,0,0,2
S01010691,Level 3,55,51,4,0,0,2,2
S01010691,Level 4 and above,238,218,20,1,2,4,13
S01010692,All people aged 16 and over,599,540,59,11,14,17,17
S01010692,No qualifications,133,117,16,2,3,4,7
S01010692,Level 1,175,163,12,4,1,2,5
S01010692,Level 2,103,99,4,2,1,1,0
S01010692,Level 3,45,40,5,1,1,2,1
S01010692,Level 4 and above,143,121,22,2,8,8,4
S01010693,All people aged 16 and over,397,371,26,1,2,5,18
S01010693,No qualifications,70,66,4,1,0,0,3
S01010693,Level 1,85,81,4,0,1,0,3
S01010693,Level 2,61,60,1,0,0,1,0
S01010693,Level 3,33,27,6,0,0,1,5
S01010693,Level 4 and above,148,137,11,0,1,3,7
S01010694,All people aged 16 and over,520,502,18,0,0,7,11
S01010694,No qualifications,120,118,2,0,0,0,2
S01010694,Level 1,121,116,5,0,0,2,3
S01010694,Level 2,77,76,1,0,0,0,1
S01010694,Level 3,42,41,1,0,0,1,0
S01010694,Level 4 and above,160,151,9,0,0,4,5
S01010695,All people aged 16 and over,614,592,22,0,3,1,18
S01010695,No qualifications,123,120,3,0,0,0,3
S01010695,Level 1,130,127,3,0,1,0,2
S01010695,Level 2,92,91,1,0,0,0,1
S01010695,Level 3,54,52,2,0,0,0,2
S01010695,Level 4 and above,215,202,13,0,2,1,10
S01010696,All people aged 16 and over,838,775,63,19,12,10,22
S01010696,No qualifications,212,198,14,5,1,1,7
S01010696,Level 1,200,188,12,7,4,1,0
S01010696,Level 2,113,111,2,0,0,1,1
S01010696,Level 3,81,74,7,2,3,1,1
S01010696,Level 4 and above,232,204,28,5,4,6,13
S01010697,All people aged 16 and over,921,887,34,4,3,2,25
S01010697,No qualifications,227,220,7,0,1,0,6
S01010697,Level 1,211,208,3,0,0,1,2
S01010697,Level 2,146,143,3,0,0,0,3
S01010697,Level 3,67,64,3,1,0,0,2
S01010697,Level 4 and above,270,252,18,3,2,1,12
S01010698,All people aged 16 and over,610,572,38,4,6,5,23
S01010698,No qualifications,167,161,6,1,2,0,3
S01010698,Level 1,142,137,5,0,0,0,5
S01010698,Level 2,77,74,3,0,0,2,1
S01010698,Level 3,46,43,3,0,0,0,3
S01010698,Level 4 and above,178,157,21,3,4,3,11
S01010699,All people aged 16 and over,491,460,31,4,0,4,23
S01010699,No qualifications,118,113,5,1,0,2,2
S01010699,Level 1,94,91,3,0,0,0,3
S01010699,Level 2,81,77,4,0,0,0,4
S01010699,Level 3,46,42,4,1,0,0,3
S01010699,Level 4 and above,152,137,15,2,0,2,11
S01010700,All people aged 16 and over,503,478,25,3,1,6,15
S01010700,No qualifications,114,111,3,0,0,1,2
S01010700,Level 1,82,79,3,0,0,3,0
S01010700,Level 2,83,81,2,0,0,0,2
S01010700,Level 3,70,67,3,1,1,0,1
S01010700,Level 4 and above,154,140,14,2,0,2,10
S01010701,All people aged 16 and over,841,808,33,2,2,4,25
S01010701,No qualifications,179,177,2,0,0,0,2
S01010701,Level 1,223,218,5,0,0,0,5
S01010701,Level 2,128,123,5,1,0,1,3
S01010701,Level 3,99,92,7,0,1,0,6
S01010701,Level 4 and above,212,198,14,1,1,3,9
S01010702,All people aged 16 and over,875,821,54,2,6,12,34
S01010702,No qualifications,205,200,5,0,1,0,4
S01010702,Level 1,212,200,12,0,0,6,6
S01010702,Level 2,116,112,4,0,1,0,3
S01010702,Level 3,78,71,7,2,1,1,3
S01010702,Level 4 and above,264,238,26,0,3,5,18
S01010703,All people aged 16 and over,708,677,31,2,7,4,18
S01010703,No qualifications,136,132,4,0,4,0,0
S01010703,Level 1,186,178,8,0,2,2,4
S01010703,Level 2,120,114,6,0,0,2,4
S01010703,Level 3,59,58,1,0,0,0,1
S01010703,Level 4 and above,207,195,12,2,1,0,9
S01010704,All people aged 16 and over,537,508,29,4,3,5,17
S01010704,No qualifications,202,193,9,0,0,1,8
S01010704,Level 1,151,143,8,2,1,1,4
S01010704,Level 2,45,45,0,0,0,0,0
S01010704,Level 3,40,37,3,0,0,2,1
S01010704,Level 4 and above,99,90,9,2,2,1,4
S01010705,All people aged 16 and over,897,860,37,4,3,4,26
S01010705,No qualifications,232,223,9,2,1,1,5
S01010705,Level 1,214,208,6,0,1,1,4
S01010705,Level 2,141,138,3,0,0,1,2
S01010705,Level 3,79,74,5,0,0,0,5
S01010705,Level 4 and above,231,217,14,2,1,1,10
S01010706,All people aged 16 and over,553,528,25,3,3,4,15
S01010706,No qualifications,157,156,1,1,0,0,0
S01010706,Level 1,171,159,12,0,2,3,7
S01010706,Level 2,63,60,3,1,0,0,2
S01010706,Level 3,59,58,1,0,1,0,0
S01010706,Level 4 and above,103,95,8,1,0,1,6
S01010707,All people aged 16 and over,593,567,26,7,0,1,18
S01010707,No qualifications,141,130,11,5,0,0,6
S01010707,Level 1,103,102,1,0,0,0,1
S01010707,Level 2,94,93,1,0,0,0,1
S01010707,Level 3,64,60,4,1,0,0,3
S01010707,Level 4 and above,191,182,9,1,0,1,7
S01010708,All people aged 16 and over,464,447,17,0,1,8,8
S01010708,No qualifications,115,111,4,0,0,0,4
S01010708,Level 1,132,128,4,0,1,2,1
S01010708,Level 2,65,61,4,0,0,3,1
S01010708,Level 3,38,37,1,0,0,0,1
S01010708,Level 4 and above,114,110,4,0,0,3,1
S01010709,All people aged 16 and over,591,575,16,2,1,2,11
S01010709,No qualifications,119,115,4,0,0,0,4
S01010709,Level 1,133,130,3,0,0,1,2
S01010709,Level 2,125,121,4,2,0,0,2
S01010709,Level 3,71,70,1,0,0,0,1
S01010709,Level 4 and above,143,139,4,0,1,1,2
S01010710,All people aged 16 and over,610,597,13,0,0,1,12
S01010710,No qualifications,220,214,6,0,0,0,6
S01010710,Level 1,187,185,2,0,0,0,2
S01010710,Level 2,83,81,2,0,0,0,2
S01010710,Level 3,40,39,1,0,0,1,0
S01010710,Level 4 and above,80,78,2,0,0,0,2
S01010711,All people aged 16 and over,618,600,18,1,2,3,12
S01010711,No qualifications,111,110,1,0,0,0,1
S01010711,Level 1,125,118,7,1,2,2,2
S01010711,Level 2,87,87,0,0,0,0,0
S01010711,Level 3,60,55,5,0,0,1,4
S01010711,Level 4 and above,235,230,5,0,0,0,5
S01010712,All people aged 16 and over,556,528,28,5,8,4,11
S01010712,No qualifications,190,184,6,0,3,0,3
S01010712,Level 1,176,166,10,2,2,1,5
S01010712,Level 2,72,72,0,0,0,0,0
S01010712,Level 3,43,36,7,1,3,2,1
S01010712,Level 4 and above,75,70,5,2,0,1,2
S01010713,All people aged 16 and over,633,584,49,9,17,8,15
S01010713,No qualifications,201,194,7,1,2,1,3
S01010713,Level 1,177,168,9,1,2,1,5
S01010713,Level 2,105,104,1,0,0,1,0
S01010713,Level 3,41,37,4,1,0,2,1
S01010713,Level 4 and above,109,81,28,6,13,3,6
S01010714,All people aged 16 and over,613,567,46,7,15,7,17
S01010714,No qualifications,255,237,18,5,5,3,5
S01010714,Level 1,159,151,8,1,4,1,2
S01010714,Level 2,47,46,1,0,0,0,1
S01010714,Level 3,51,43,8,1,2,1,4
S01010714,Level 4 and above,101,90,11,0,4,2,5
S01010715,All people aged 16 and over,588,553,35,5,14,4,12
S01010715,No qualifications,215,206,9,1,4,0,4
S01010715,Level 1,162,158,4,0,3,0,1
S01010715,Level 2,75,69,6,3,2,0,1
S01010715,Level 3,44,39,5,0,1,2,2
S01010715,Level 4 and above,92,81,11,1,4,2,4
S01010716,All people aged 16 and over,782,669,113,27,41,13,32
S01010716,No qualifications,214,179,35,8,16,5,6
S01010716,Level 1,192,164,28,7,6,2,13
S01010716,Level 2,91,86,5,0,2,0,3
S01010716,Level 3,61,51,10,2,3,2,3
S01010716,Level 4 and above,224,189,35,10,14,4,7
S01010717,All people aged 16 and over,539,514,25,0,5,2,18
S01010717,No qualifications,118,110,8,0,2,2,4
S01010717,Level 1,127,124,3,0,0,0,3
S01010717,Level 2,82,80,2,0,0,0,2
S01010717,Level 3,51,49,2,0,0,0,2
S01010717,Level 4 and above,161,151,10,0,3,0,7
S01010718,All people aged 16 and over,755,707,48,4,11,9,24
S01010718,No qualifications,146,138,8,1,3,0,4
S01010718,Level 1,201,193,8,0,3,2,3
S01010718,Level 2,125,118,7,0,1,2,4
S01010718,Level 3,87,78,9,3,2,3,1
S01010718,Level 4 and above,196,180,16,0,2,2,12
S01010719,All people aged 16 and over,564,531,33,2,1,10,20
S01010719,No qualifications,141,135,6,0,1,1,4
S01010719,Level 1,122,115,7,0,0,4,3
S01010719,Level 2,72,70,2,0,0,1,1
S01010719,Level 3,44,41,3,0,0,1,2
S01010719,Level 4 and above,185,170,15,2,0,3,10
S01010720,All people aged 16 and over,629,608,21,2,0,4,15
S01010720,No qualifications,131,130,1,0,0,0,1
S01010720,Level 1,114,108,6,1,0,2,3
S01010720,Level 2,73,72,1,0,0,0,1
S01010720,Level 3,67,67,0,0,0,0,0
S01010720,Level 4 and above,244,231,13,1,0,2,10
S01010721,All people aged 16 and over,546,510,36,1,0,7,28
S01010721,No qualifications,80,73,7,0,0,0,7
S01010721,Level 1,101,99,2,0,0,1,1
S01010721,Level 2,81,78,3,0,0,1,2
S01010721,Level 3,58,54,4,0,0,0,4
S01010721,Level 4 and above,226,206,20,1,0,5,14
S01010722,All people aged 16 and over,710,681,29,0,1,6,22
S01010722,No qualifications,175,174,1,0,0,0,1
S01010722,Level 1,165,161,4,0,0,1,3
S01010722,Level 2,82,81,1,0,0,0,1
S01010722,Level 3,59,57,2,0,0,0,2
S01010722,Level 4 and above,229,208,21,0,1,5,15
S01010723,All people aged 16 and over,710,658,52,3,11,0,38
S01010723,No qualifications,108,98,10,0,4,0,6
S01010723,Level 1,160,150,10,0,3,0,7
S01010723,Level 2,111,105,6,0,0,0,6
S01010723,Level 3,45,43,2,0,1,0,1
S01010723,Level 4 and above,286,262,24,3,3,0,18
S01010724,All people aged 16 and over,706,672,34,3,4,3,24
S01010724,No qualifications,155,150,5,1,2,0,2
S01010724,Level 1,162,157,5,1,1,0,3
S01010724,Level 2,106,102,4,0,0,1,3
S01010724,Level 3,61,58,3,0,0,1,2
S01010724,Level 4 and above,222,205,17,1,1,1,14
S01010725,All people aged 16 and over,600,571,29,2,3,3,21
S01010725,No qualifications,110,108,2,0,0,0,2
S01010725,Level 1,123,116,7,1,0,2,4
S01010725,Level 2,99,97,2,0,1,0,1
S01010725,Level 3,60,56,4,0,0,0,4
S01010725,Level 4 and above,208,194,14,1,2,1,10
S01010726,All people aged 16 and over,794,767,27,0,1,3,23
S01010726,No qualifications,186,184,2,0,0,0,2
S01010726,Level 1,166,164,2,0,0,0,2
S01010726,Level 2,117,111,6,0,0,1,5
S01010726,Level 3,76,74,2,0,1,0,1
S01010726,Level 4 and above,249,234,15,0,0,2,13
S01010727,All people aged 16 and over,528,515,13,3,0,0,10
S01010727,No qualifications,93,92,1,1,0,0,0
S01010727,Level 1,102,101,1,0,0,0,1
S01010727,Level 2,75,73,2,0,0,0,2
S01010727,Level 3,42,41,1,0,0,0,1
S01010727,Level 4 and above,216,208,8,2,0,0,6
S01010728,All people aged 16 and over,418,400,18,0,2,1,15
S01010728,No qualifications,65,63,2,0,0,0,2
S01010728,Level 1,84,81,3,0,1,0,2
S01010728,Level 2,63,61,2,0,0,0,2
S01010728,Level 3,34,34,0,0,0,0,0
S01010728,Level 4 and above,172,161,11,0,1,1,9
S01010729,All people aged 16 and over,590,572,18,0,0,4,14
S01010729,No qualifications,120,120,0,0,0,0,0
S01010729,Level 1,122,117,5,0,0,2,3
S01010729,Level 2,117,113,4,0,0,0,4
S01010729,Level 3,49,48,1,0,0,1,0
S01010729,Level 4 and above,182,174,8,0,0,1,7
S01010730,All people aged 16 and over,698,661,37,3,2,5,27
S01010730,No qualifications,127,125,2,0,0,0,2
S01010730,Level 1,156,150,6,0,1,2,3
S01010730,Level 2,115,113,2,1,0,0,1
S01010730,Level 3,60,58,2,1,0,1,0
S01010730,Level 4 and above,240,215,25,1,1,2,21
S01010731,All people aged 16 and over,752,703,49,3,4,14,28
S01010731,No qualifications,161,156,5,0,1,1,3
S01010731,Level 1,166,159,7,1,0,3,3
S01010731,Level 2,103,95,8,2,0,1,5
S01010731,Level 3,68,68,0,0,0,0,0
S01010731,Level 4 and above,254,225,29,0,3,9,17
S01010732,All people aged 16 and over,651,606,45,9,12,3,21
S01010732,No qualifications,258,247,11,1,4,1,5
S01010732,Level 1,213,207,6,1,0,0,5
S01010732,Level 2,56,50,6,1,2,0,3
S01010732,Level 3,47,39,8,2,4,1,1
S01010732,Level 4 and above,77,63,14,4,2,1,7
S01010733,All people aged 16 and over,437,414,23,0,6,5,12
S01010733,No qualifications,183,181,2,0,0,0,2
S01010733,Level 1,132,120,12,0,2,1,9
S01010733,Level 2,42,42,0,0,0,0,0
S01010733,Level 3,41,40,1,0,1,0,0
S01010733,Level 4 and above,39,31,8,0,3,4,1
S01010734,All people aged 16 and over,723,695,28,3,6,8,11
S01010734,No qualifications,256,249,7,1,2,1,3
S01010734,Level 1,233,225,8,0,0,1,7
S01010734,Level 2,89,89,0,0,0,0,0
S01010734,Level 3,50,47,3,1,0,1,1
S01010734,Level 4 and above,95,85,10,1,4,5,0
S01010735,All people aged 16 and over,455,387,68,9,20,30,9
S01010735,No qualifications,159,144,15,2,6,7,0
S01010735,Level 1,136,119,17,4,6,4,3
S01010735,Level 2,56,49,7,1,3,2,1
S01010735,Level 3,31,23,8,1,0,6,1
S01010735,Level 4 and above,73,52,21,1,5,11,4
S01010736,All people aged 16 and over,419,407,12,1,2,0,9
S01010736,No qualifications,97,95,2,0,0,0,2
S01010736,Level 1,112,109,3,0,0,0,3
S01010736,Level 2,65,64,1,0,0,0,1
S01010736,Level 3,57,53,4,0,2,0,2
S01010736,Level 4 and above,88,86,2,1,0,0,1
S01010737,All people aged 16 and over,889,836,53,5,9,10,29
S01010737,No qualifications,295,284,11,2,4,0,5
S01010737,Level 1,229,219,10,0,2,0,8
S01010737,Level 2,120,115,5,1,0,0,4
S01010737,Level 3,64,59,5,1,0,2,2
S01010737,Level 4 and above,181,159,22,1,3,8,10
S01010738,All people aged 16 and over,458,444,14,3,2,2,7
S01010738,No qualifications,170,165,5,0,1,0,4
S01010738,Level 1,123,121,2,0,1,1,0
S01010738,Level 2,60,60,0,0,0,0,0
S01010738,Level 3,45,42,3,2,0,1,0
S01010738,Level 4 and above,60,56,4,1,0,0,3
S01010739,All people aged 16 and over,695,642,53,6,7,21,19
S01010739,No qualifications,226,217,9,0,0,4,5
S01010739,Level 1,196,179,17,5,2,8,2
S01010739,Level 2,84,83,1,0,0,0,1
S01010739,Level 3,66,59,7,0,3,2,2
S01010739,Level 4 and above,123,104,19,1,2,7,9
S01010740,All people aged 16 and over,387,377,10,0,3,1,6
S01010740,No qualifications,153,146,7,0,2,1,4
S01010740,Level 1,133,132,1,0,0,0,1
S01010740,Level 2,40,39,1,0,0,0,1
S01010740,Level 3,15,15,0,0,0,0,0
S01010740,Level 4 and above,46,45,1,0,1,0,0
S01010741,All people aged 16 and over,513,490,23,0,4,3,16
S01010741,No qualifications,150,145,5,0,0,0,5
S01010741,Level 1,148,143,5,0,0,1,4
S01010741,Level 2,77,74,3,0,0,1,2
S01010741,Level 3,40,37,3,0,2,0,1
S01010741,Level 4 and above,98,91,7,0,2,1,4
S01010742,All people aged 16 and over,571,543,28,2,6,8,12
S01010742,No qualifications,195,190,5,2,0,0,3
S01010742,Level 1,177,170,7,0,2,2,3
S01010742,Level 2,90,89,1,0,0,0,1
S01010742,Level 3,43,39,4,0,1,2,1
S01010742,Level 4 and above,66,55,11,0,3,4,4
S01010743,All people aged 16 and over,531,510,21,2,5,9,5
S01010743,No qualifications,177,171,6,0,1,3,2
S01010743,Level 1,204,201,3,0,0,1,2
S01010743,Level 2,77,76,1,0,0,1,0
S01010743,Level 3,32,28,4,2,1,1,0
S01010743,Level 4 and above,41,34,7,0,3,3,1
S01010744,All people aged 16 and over,901,875,26,0,6,5,15
S01010744,No qualifications,256,246,10,0,1,3,6
S01010744,Level 1,256,249,7,0,4,1,2
S01010744,Level 2,143,142,1,0,0,0,1
S01010744,Level 3,78,77,1,0,0,0,1
S01010744,Level 4 and above,168,161,7,0,1,1,5
S01010745,All people aged 16 and over,529,500,29,6,3,6,14
S01010745,No qualifications,178,167,11,2,3,2,4
S01010745,Level 1,145,140,5,2,0,1,2
S01010745,Level 2,62,61,1,0,0,1,0
S01010745,Level 3,56,55,1,1,0,0,0
S01010745,Level 4 and above,88,77,11,1,0,2,8
S01010746,All people aged 16 and over,842,799,43,5,3,6,29
S01010746,No qualifications,202,196,6,1,1,1,3
S01010746,Level 1,216,212,4,0,0,1,3
S01010746,Level 2,131,130,1,0,0,0,1
S01010746,Level 3,85,83,2,0,0,0,2
S01010746,Level 4 and above,208,178,30,4,2,4,20
S01010747,All people aged 16 and over,660,624,36,2,10,4,20
S01010747,No qualifications,215,207,8,1,3,2,2
S01010747,Level 1,182,171,11,0,5,2,4
S01010747,Level 2,98,89,9,1,2,0,6
S01010747,Level 3,46,44,2,0,0,0,2
S01010747,Level 4 and above,119,113,6,0,0,0,6
S01010748,All people aged 16 and over,526,504,22,0,3,1,18
S01010748,No qualifications,127,125,2,0,0,0,2
S01010748,Level 1,132,130,2,0,0,0,2
S01010748,Level 2,68,65,3,0,0,0,3
S01010748,Level 3,57,54,3,0,1,1,1
S01010748,Level 4 and above,142,130,12,0,2,0,10
S01010749,All people aged 16 and over,504,489,15,1,1,4,9
S01010749,No qualifications,136,132,4,0,1,1,2
S01010749,Level 1,121,120,1,0,0,0,1
S01010749,Level 2,71,71,0,0,0,0,0
S01010749,Level 3,45,41,4,0,0,3,1
S01010749,Level 4 and above,131,125,6,1,0,0,5
S01010750,All people aged 16 and over,542,517,25,5,3,5,12
S01010750,No qualifications,156,152,4,0,0,0,4
S01010750,Level 1,121,116,5,3,0,1,1
S01010750,Level 2,59,57,2,1,0,0,1
S01010750,Level 3,47,45,2,1,0,0,1
S01010750,Level 4 and above,159,147,12,0,3,4,5
S01010751,All people aged 16 and over,583,556,27,4,6,6,11
S01010751,No qualifications,201,191,10,2,2,0,6
S01010751,Level 1,166,159,7,0,2,3,2
S01010751,Level 2,91,89,2,0,0,0,2
S01010751,Level 3,43,41,2,0,0,2,0
S01010751,Level 4 and above,82,76,6,2,2,1,1
S01010752,All people aged 16 and over,586,550,36,8,7,9,12
S01010752,No qualifications,159,150,9,3,1,4,1
S01010752,Level 1,170,160,10,1,4,2,3
S01010752,Level 2,80,78,2,0,0,0,2
S01010752,Level 3,76,69,7,4,1,2,0
S01010752,Level 4 and above,101,93,8,0,1,1,6
S01010753,All people aged 16 and over,799,774,25,0,9,3,13
S01010753,No qualifications,193,190,3,0,2,0,1
S01010753,Level 1,250,244,6,0,3,0,3
S01010753,Level 2,122,118,4,0,0,2,2
S01010753,Level 3,78,74,4,0,3,0,1
S01010753,Level 4 and above,156,148,8,0,1,1,6
S01010754,All people aged 16 and over,572,533,39,6,11,4,18
S01010754,No qualifications,183,173,10,1,1,3,5
S01010754,Level 1,129,121,8,2,3,1,2
S01010754,Level 2,74,71,3,0,1,0,2
S01010754,Level 3,54,48,6,2,1,0,3
S01010754,Level 4 and above,132,120,12,1,5,0,6
S01010755,All people aged 16 and over,542,518,24,1,5,2,16
S01010755,No qualifications,195,192,3,0,0,0,3
S01010755,Level 1,131,128,3,0,1,0,2
S01010755,Level 2,79,74,5,0,0,0,5
S01010755,Level 3,46,42,4,0,3,0,1
S01010755,Level 4 and above,91,82,9,1,1,2,5
S01010756,All people aged 16 and over,544,522,22,1,5,0,16
S01010756,No qualifications,123,118,5,0,0,0,5
S01010756,Level 1,152,145,7,1,2,0,4
S01010756,Level 2,87,85,2,0,0,0,2
S01010756,Level 3,42,40,2,0,1,0,1
S01010756,Level 4 and above,140,134,6,0,2,0,4
S01010757,All people aged 16 and over,659,625,34,1,2,4,27
S01010757,No qualifications,176,175,1,0,0,0,1
S01010757,Level 1,158,148,10,0,0,0,10
S01010757,Level 2,97,96,1,0,0,0,1
S01010757,Level 3,57,54,3,0,0,1,2
S01010757,Level 4 and above,171,152,19,1,2,3,13
S01010758,All people aged 16 and over,604,573,31,9,9,5,8
S01010758,No qualifications,165,163,2,1,1,0,0
S01010758,Level 1,139,135,4,0,2,0,2
S01010758,Level 2,93,88,5,2,0,3,0
S01010758,Level 3,39,38,1,0,0,0,1
S01010758,Level 4 and above,168,149,19,6,6,2,5
S01010759,All people aged 16 and over,494,461,33,9,6,9,9
S01010759,No qualifications,136,132,4,2,1,1,0
S01010759,Level 1,111,108,3,1,1,1,0
S01010759,Level 2,95,92,3,0,0,1,2
S01010759,Level 3,37,34,3,0,0,1,2
S01010759,Level 4 and above,115,95,20,6,4,5,5
S01010760,All people aged 16 and over,540,513,27,2,4,5,16
S01010760,No qualifications,146,142,4,0,1,0,3
S01010760,Level 1,111,105,6,1,0,0,5
S01010760,Level 2,69,69,0,0,0,0,0
S01010760,Level 3,49,43,6,0,2,2,2
S01010760,Level 4 and above,165,154,11,1,1,3,6
S01010761,All people aged 16 and over,443,417,26,3,6,2,15
S01010761,No qualifications,100,99,1,0,0,0,1
S01010761,Level 1,97,92,5,0,3,0,2
S01010761,Level 2,63,62,1,0,0,0,1
S01010761,Level 3,44,40,4,0,2,1,1
S01010761,Level 4 and above,139,124,15,3,1,1,10
S01010762,All people aged 16 and over,500,485,15,2,0,1,12
S01010762,No qualifications,121,120,1,0,0,0,1
S01010762,Level 1,111,109,2,0,0,0,2
S01010762,Level 2,83,82,1,1,0,0,0
S01010762,Level 3,44,43,1,0,0,0,1
S01010762,Level 4 and above,141,131,10,1,0,1,8
S01010763,All people aged 16 and over,549,523,26,3,0,3,20
S01010763,No qualifications,173,169,4,0,0,2,2
S01010763,Level 1,123,120,3,0,0,0,3
S01010763,Level 2,86,85,1,0,0,0,1
S01010763,Level 3,43,41,2,0,0,0,2
S01010763,Level 4 and above,124,108,16,3,0,1,12
S01010764,All people aged 16 and over,497,473,24,3,1,1,19
S01010764,No qualifications,136,134,2,1,0,0,1
S01010764,Level 1,117,112,5,1,0,1,3
S01010764,Level 2,64,64,0,0,0,0,0
S01010764,Level 3,37,36,1,0,0,0,1
S01010764,Level 4 and above,143,127,16,1,1,0,14
S01010765,All people aged 16 and over,855,833,22,3,2,5,12
S01010765,No qualifications,299,297,2,0,0,1,1
S01010765,Level 1,198,193,5,0,0,2,3
S01010765,Level 2,112,110,2,0,1,0,1
S01010765,Level 3,53,51,2,0,1,0,1
S01010765,Level 4 and above,193,182,11,3,0,2,6
S01010766,All people aged 16 and over,653,628,25,0,2,3,20
S01010766,No qualifications,181,175,6,0,0,2,4
S01010766,Level 1,174,169,5,0,1,1,3
S01010766,Level 2,83,81,2,0,0,0,2
S01010766,Level 3,47,47,0,0,0,0,0
S01010766,Level 4 and above,168,156,12,0,1,0,11
S01010767,All people aged 16 and over,582,566,16,0,3,4,9
S01010767,No qualifications,168,165,3,0,0,0,3
S01010767,Level 1,184,179,5,0,1,1,3
S01010767,Level 2,72,70,2,0,0,1,1
S01010767,Level 3,54,52,2,0,1,1,0
S01010767,Level 4 and above,104,100,4,0,1,1,2
S01010768,All people aged 16 and over,490,476,14,0,1,5,8
S01010768,No qualifications,183,179,4,0,0,0,4
S01010768,Level 1,129,126,3,0,1,1,1
S01010768,Level 2,55,55,0,0,0,0,0
S01010768,Level 3,43,38,5,0,0,3,2
S01010768,Level 4 and above,80,78,2,0,0,1,1
S01010769,All people aged 16 and over,424,410,14,0,4,3,7
S01010769,No qualifications,98,96,2,0,1,1,0
S01010769,Level 1,96,92,4,0,2,0,2
S01010769,Level 2,57,57,0,0,0,0,0
S01010769,Level 3,49,46,3,0,0,1,2
S01010769,Level 4 and above,124,119,5,0,1,1,3
S01010770,All people aged 16 and over,720,691,29,5,7,3,14
S01010770,No qualifications,207,206,1,0,0,0,1
S01010770,Level 1,206,203,3,1,2,0,0
S01010770,Level 2,103,99,4,0,1,0,3
S01010770,Level 3,48,45,3,0,1,0,2
S01010770,Level 4 and above,156,138,18,4,3,3,8
S01010771,All people aged 16 and over,749,716,33,2,7,4,20
S01010771,No qualifications,262,257,5,0,0,0,5
S01010771,Level 1,178,171,7,2,2,3,0
S01010771,Level 2,104,97,7,0,2,1,4
S01010771,Level 3,59,56,3,0,0,0,3
S01010771,Level 4 and above,146,135,11,0,3,0,8
S01010772,All people aged 16 and over,697,676,21,3,1,0,17
S01010772,No qualifications,270,268,2,0,0,0,2
S01010772,Level 1,146,141,5,0,1,0,4
S01010772,Level 2,80,75,5,1,0,0,4
S01010772,Level 3,58,53,5,2,0,0,3
S01010772,Level 4 and above,143,139,4,0,0,0,4
S01010773,All people aged 16 and over,651,627,24,2,3,2,17
S01010773,No qualifications,190,188,2,0,0,0,2
S01010773,Level 1,174,170,4,0,2,0,2
S01010773,Level 2,80,77,3,2,0,0,1
S01010773,Level 3,72,69,3,0,0,0,3
S01010773,Level 4 and above,135,123,12,0,1,2,9
S01010774,All people aged 16 and over,590,574,16,0,1,4,11
S01010774,No qualifications,192,190,2,0,0,0,2
S01010774,Level 1,134,130,4,0,1,0,3
S01010774,Level 2,78,76,2,0,0,1,1
S01010774,Level 3,48,47,1,0,0,0,1
S01010774,Level 4 and above,138,131,7,0,0,3,4
S01010775,All people aged 16 and over,526,508,18,2,3,1,12
S01010775,No qualifications,135,133,2,0,0,0,2
S01010775,Level 1,135,128,7,0,2,1,4
S01010775,Level 2,94,92,2,0,1,0,1
S01010775,Level 3,61,56,5,1,0,0,4
S01010775,Level 4 and above,101,99,2,1,0,0,1
S01010776,All people aged 16 and over,456,435,21,6,2,4,9
S01010776,No qualifications,173,170,3,2,0,0,1
S01010776,Level 1,103,96,7,2,1,1,3
S01010776,Level 2,71,69,2,0,0,0,2
S01010776,Level 3,35,34,1,0,0,0,1
S01010776,Level 4 and above,74,66,8,2,1,3,2
S01010777,All people aged 16 and over,449,426,23,5,1,5,12
S01010777,No qualifications,183,176,7,3,0,1,3
S01010777,Level 1,118,115,3,1,0,1,1
S01010777,Level 2,50,50,0,0,0,0,0
S01010777,Level 3,28,26,2,1,0,0,1
S01010777,Level 4 and above,70,59,11,0,1,3,7
S01010778,All people aged 16 and over,371,366,5,0,0,2,3
S01010778,No qualifications,152,150,2,0,0,1,1
S01010778,Level 1,124,122,2,0,0,1,1
S01010778,Level 2,37,36,1,0,0,0,1
S01010778,Level 3,19,19,0,0,0,0,0
S01010778,Level 4 and above,39,39,0,0,0,0,0
S01010779,All people aged 16 and over,612,587,25,0,8,4,13
S01010779,No qualifications,230,227,3,0,0,0,3
S01010779,Level 1,166,161,5,0,4,1,0
S01010779,Level 2,81,77,4,0,1,1,2
S01010779,Level 3,44,42,2,0,1,1,0
S01010779,Level 4 and above,91,80,11,0,2,1,8
S01010780,All people aged 16 and over,479,461,18,2,8,1,7
S01010780,No qualifications,192,188,4,1,2,0,1
S01010780,Level 1,108,103,5,0,3,0,2
S01010780,Level 2,58,58,0,0,0,0,0
S01010780,Level 3,33,33,0,0,0,0,0
S01010780,Level 4 and above,88,79,9,1,3,1,4
S01010781,All people aged 16 and over,646,621,25,5,2,2,16
S01010781,No qualifications,166,163,3,1,0,0,2
S01010781,Level 1,151,149,2,0,0,0,2
S01010781,Level 2,98,95,3,1,1,0,1
S01010781,Level 3,62,60,2,0,0,0,2
S01010781,Level 4 and above,169,154,15,3,1,2,9
S01010782,All people aged 16 and over,513,497,16,0,3,7,6
S01010782,No qualifications,187,181,6,0,0,3,3
S01010782,Level 1,120,119,1,0,0,0,1
S01010782,Level 2,91,90,1,0,0,0,1
S01010782,Level 3,48,45,3,0,2,1,0
S01010782,Level 4 and above,67,62,5,0,1,3,1
S01010783,All people aged 16 and over,464,448,16,3,4,5,4
S01010783,No qualifications,179,178,1,0,0,0,1
S01010783,Level 1,149,141,8,0,3,2,3
S01010783,Level 2,51,51,0,0,0,0,0
S01010783,Level 3,46,43,3,2,0,1,0
S01010783,Level 4 and above,39,35,4,1,1,2,0
S01010784,All people aged 16 and over,582,567,15,1,4,3,7
S01010784,No qualifications,238,234,4,1,1,0,2
S01010784,Level 1,187,183,4,0,2,1,1
S01010784,Level 2,70,69,1,0,0,0,1
S01010784,Level 3,40,39,1,0,0,1,0
S01010784,Level 4 and above,47,42,5,0,1,1,3
S01010785,All people aged 16 and over,580,563,17,1,0,4,12
S01010785,No qualifications,168,165,3,0,0,0,3
S01010785,Level 1,146,145,1,1,0,0,0
S01010785,Level 2,82,79,3,0,0,1,2
S01010785,Level 3,50,49,1,0,0,0,1
S01010785,Level 4 and above,134,125,9,0,0,3,6
S01010786,All people aged 16 and over,534,523,11,1,0,2,8
S01010786,No qualifications,169,167,2,0,0,0,2
S01010786,Level 1,144,142,2,1,0,0,1
S01010786,Level 2,68,67,1,0,0,0,1
S01010786,Level 3,57,56,1,0,0,0,1
S01010786,Level 4 and above,96,91,5,0,0,2,3
S01010787,All people aged 16 and over,733,718,15,0,2,1,12
S01010787,No qualifications,232,228,4,0,0,0,4
S01010787,Level 1,177,175,2,0,0,0,2
S01010787,Level 2,85,85,0,0,0,0,0
S01010787,Level 3,79,77,2,0,0,0,2
S01010787,Level 4 and above,160,153,7,0,2,1,4
S01010788,All people aged 16 and over,506,490,16,0,8,2,6
S01010788,No qualifications,146,143,3,0,2,0,1
S01010788,Level 1,130,125,5,0,4,0,1
S01010788,Level 2,80,80,0,0,0,0,0
S01010788,Level 3,49,48,1,0,0,0,1
S01010788,Level 4 and above,101,94,7,0,2,2,3
S01010789,All people aged 16 and over,590,581,9,0,0,5,4
S01010789,No qualifications,187,185,2,0,0,1,1
S01010789,Level 1,147,145,2,0,0,0,2
S01010789,Level 2,84,84,0,0,0,0,0
S01010789,Level 3,61,61,0,0,0,0,0
S01010789,Level 4 and above,111,106,5,0,0,4,1
S01010790,All people aged 16 and over,570,563,7,0,0,2,5
S01010790,No qualifications,190,188,2,0,0,0,2
S01010790,Level 1,137,137,0,0,0,0,0
S01010790,Level 2,78,77,1,0,0,1,0
S01010790,Level 3,67,66,1,0,0,0,1
S01010790,Level 4 and above,98,95,3,0,0,1,2
S01010791,All people aged 16 and over,720,684,36,4,5,8,19
S01010791,No qualifications,191,185,6,2,1,1,2
S01010791,Level 1,142,136,6,0,0,1,5
S01010791,Level 2,101,98,3,1,1,1,0
S01010791,Level 3,85,80,5,0,2,2,1
S01010791,Level 4 and above,201,185,16,1,1,3,11
S01010792,All people aged 16 and over,490,479,11,2,1,0,8
S01010792,No qualifications,183,181,2,0,0,0,2
S01010792,Level 1,136,133,3,1,0,0,2
S01010792,Level 2,53,52,1,0,0,0,1
S01010792,Level 3,43,42,1,0,0,0,1
S01010792,Level 4 and above,75,71,4,1,1,0,2
S01010793,All people aged 16 and over,530,512,18,0,1,3,14
S01010793,No qualifications,139,139,0,0,0,0,0
S01010793,Level 1,130,128,2,0,0,0,2
S01010793,Level 2,62,59,3,0,0,0,3
S01010793,Level 3,71,69,2,0,0,0,2
S01010793,Level 4 and above,128,117,11,0,1,3,7
S01010794,All people aged 16 and over,435,422,13,2,0,4,7
S01010794,No qualifications,87,87,0,0,0,0,0
S01010794,Level 1,114,111,3,0,0,0,3
S01010794,Level 2,58,55,3,0,0,1,2
S01010794,Level 3,63,63,0,0,0,0,0
S01010794,Level 4 and above,113,106,7,2,0,3,2
S01010795,All people aged 16 and over,821,804,17,3,0,2,12
S01010795,No qualifications,255,253,2,1,0,0,1
S01010795,Level 1,192,186,6,2,0,1,3
S01010795,Level 2,99,96,3,0,0,1,2
S01010795,Level 3,96,93,3,0,0,0,3
S01010795,Level 4 and above,179,176,3,0,0,0,3
S01010796,All people aged 16 and over,680,670,10,2,0,0,8
S01010796,No qualifications,152,152,0,0,0,0,0
S01010796,Level 1,161,160,1,0,0,0,1
S01010796,Level 2,97,96,1,0,0,0,1
S01010796,Level 3,82,80,2,0,0,0,2
S01010796,Level 4 and above,188,182,6,2,0,0,4
S01010797,All people aged 16 and over,633,614,19,0,1,4,14
S01010797,No qualifications,130,127,3,0,0,0,3
S01010797,Level 1,150,148,2,0,0,0,2
S01010797,Level 2,86,85,1,0,0,0,1
S01010797,Level 3,101,100,1,0,0,0,1
S01010797,Level 4 and above,166,154,12,0,1,4,7
S01010798,All people aged 16 and over,579,560,19,1,4,5,9
S01010798,No qualifications,151,148,3,1,1,1,0
S01010798,Level 1,124,121,3,0,0,2,1
S01010798,Level 2,78,76,2,0,0,0,2
S01010798,Level 3,65,63,2,0,2,0,0
S01010798,Level 4 and above,161,152,9,0,1,2,6
S01010799,All people aged 16 and over,817,796,21,2,6,8,5
S01010799,No qualifications,293,292,1,0,1,0,0
S01010799,Level 1,143,139,4,0,2,1,1
S01010799,Level 2,101,101,0,0,0,0,0
S01010799,Level 3,100,99,1,0,0,0,1
S01010799,Level 4 and above,180,165,15,2,3,7,3
S01010800,All people aged 16 and over,608,596,12,0,4,2,6
S01010800,No qualifications,213,210,3,0,2,0,1
S01010800,Level 1,191,191,0,0,0,0,0
S01010800,Level 2,75,74,1,0,0,0,1
S01010800,Level 3,71,69,2,0,0,0,2
S01010800,Level 4 and above,58,52,6,0,2,2,2
S01010801,All people aged 16 and over,603,587,16,2,3,3,8
S01010801,No qualifications,247,245,2,1,0,0,1
S01010801,Level 1,151,148,3,0,2,0,1
S01010801,Level 2,63,63,0,0,0,0,0
S01010801,Level 3,54,54,0,0,0,0,0
S01010801,Level 4 and above,88,77,11,1,1,3,6
S01010802,All people aged 16 and over,475,459,16,6,2,3,5
S01010802,No qualifications,108,108,0,0,0,0,0
S01010802,Level 1,116,112,4,2,0,2,0
S01010802,Level 2,73,72,1,0,0,0,1
S01010802,Level 3,80,78,2,0,1,0,1
S01010802,Level 4 and above,98,89,9,4,1,1,3
S01010803,All people aged 16 and over,499,483,16,0,5,3,8
S01010803,No qualifications,146,139,7,0,3,2,2
S01010803,Level 1,130,128,2,0,0,0,2
S01010803,Level 2,62,60,2,0,1,0,1
S01010803,Level 3,60,60,0,0,0,0,0
S01010803,Level 4 and above,101,96,5,0,1,1,3
S01010804,All people aged 16 and over,497,478,19,3,2,1,13
S01010804,No qualifications,118,117,1,0,0,0,1
S01010804,Level 1,140,139,1,0,0,0,1
S01010804,Level 2,65,62,3,0,0,0,3
S01010804,Level 3,61,59,2,0,1,1,0
S01010804,Level 4 and above,113,101,12,3,1,0,8
S01010805,All people aged 16 and over,705,679,26,2,5,2,17
S01010805,No qualifications,129,129,0,0,0,0,0
S01010805,Level 1,190,184,6,0,1,0,5
S01010805,Level 2,121,118,3,0,0,1,2
S01010805,Level 3,95,91,4,0,1,0,3
S01010805,Level 4 and above,170,157,13,2,3,1,7
S01010806,All people aged 16 and over,741,717,24,1,8,1,14
S01010806,No qualifications,242,239,3,0,1,0,2
S01010806,Level 1,199,194,5,0,3,0,2
S01010806,Level 2,96,94,2,0,0,0,2
S01010806,Level 3,84,82,2,0,0,0,2
S01010806,Level 4 and above,120,108,12,1,4,1,6
S01010807,All people aged 16 and over,450,435,15,1,1,3,10
S01010807,No qualifications,100,99,1,0,0,0,1
S01010807,Level 1,137,136,1,0,0,0,1
S01010807,Level 2,76,75,1,0,0,0,1
S01010807,Level 3,67,63,4,0,0,1,3
S01010807,Level 4 and above,70,62,8,1,1,2,4
S01010808,All people aged 16 and over,422,408,14,6,5,1,2
S01010808,No qualifications,77,76,1,0,1,0,0
S01010808,Level 1,105,100,5,3,2,0,0
S01010808,Level 2,81,81,0,0,0,0,0
S01010808,Level 3,54,54,0,0,0,0,0
S01010808,Level 4 and above,105,97,8,3,2,1,2
S01010809,All people aged 16 and over,675,658,17,1,3,4,9
S01010809,No qualifications,166,165,1,0,0,0,1
S01010809,Level 1,159,158,1,0,0,1,0
S01010809,Level 2,88,87,1,0,0,0,1
S01010809,Level 3,88,86,2,0,0,1,1
S01010809,Level 4 and above,174,162,12,1,3,2,6
S01010810,All people aged 16 and over,429,417,12,0,1,4,7
S01010810,No qualifications,129,127,2,0,1,0,1
S01010810,Level 1,96,95,1,0,0,1,0
S01010810,Level 2,67,64,3,0,0,1,2
S01010810,Level 3,50,50,0,0,0,0,0
S01010810,Level 4 and above,87,81,6,0,0,2,4
S01010811,All people aged 16 and over,745,715,30,2,5,3,20
S01010811,No qualifications,177,174,3,0,1,0,2
S01010811,Level 1,194,189,5,0,2,1,2
S01010811,Level 2,117,114,3,0,0,0,3
S01010811,Level 3,53,51,2,0,1,0,1
S01010811,Level 4 and above,204,187,17,2,1,2,12
S01010812,All people aged 16 and over,434,414,20,4,3,2,11
S01010812,No qualifications,112,108,4,0,1,0,3
S01010812,Level 1,128,124,4,1,1,1,1
S01010812,Level 2,55,54,1,0,0,1,0
S01010812,Level 3,24,22,2,0,0,0,2
S01010812,Level 4 and above,115,106,9,3,1,0,5
S01010813,All people aged 16 and over,454,435,19,0,0,5,14
S01010813,No qualifications,105,101,4,0,0,0,4
S01010813,Level 1,108,103,5,0,0,0,5
S01010813,Level 2,81,77,4,0,0,1,3
S01010813,Level 3,42,42,0,0,0,0,0
S01010813,Level 4 and above,118,112,6,0,0,4,2
S01010814,All people aged 16 and over,536,493,43,5,5,1,32
S01010814,No qualifications,114,108,6,0,2,0,4
S01010814,Level 1,130,119,11,2,0,1,8
S01010814,Level 2,73,69,4,0,0,0,4
S01010814,Level 3,44,42,2,0,0,0,2
S01010814,Level 4 and above,175,155,20,3,3,0,14
S01010815,All people aged 16 and over,377,358,19,0,2,2,15
S01010815,No qualifications,122,116,6,0,2,1,3
S01010815,Level 1,80,79,1,0,0,0,1
S01010815,Level 2,48,46,2,0,0,0,2
S01010815,Level 3,30,27,3,0,0,0,3
S01010815,Level 4 and above,97,90,7,0,0,1,6
S01010816,All people aged 16 and over,523,501,22,4,2,1,15
S01010816,No qualifications,94,85,9,3,1,1,4
S01010816,Level 1,58,56,2,0,0,0,2
S01010816,Level 2,83,82,1,0,0,0,1
S01010816,Level 3,43,41,2,0,0,0,2
S01010816,Level 4 and above,245,237,8,1,1,0,6
S01010817,All people aged 16 and over,712,676,36,1,1,3,31
S01010817,No qualifications,95,90,5,0,0,0,5
S01010817,Level 1,100,97,3,0,0,0,3
S01010817,Level 2,102,96,6,0,0,0,6
S01010817,Level 3,65,64,1,1,0,0,0
S01010817,Level 4 and above,350,329,21,0,1,3,17
S01010818,All people aged 16 and over,826,777,49,4,9,5,31
S01010818,No qualifications,128,123,5,0,0,0,5
S01010818,Level 1,112,107,5,0,2,0,3
S01010818,Level 2,104,98,6,0,4,0,2
S01010818,Level 3,85,82,3,0,0,1,2
S01010818,Level 4 and above,397,367,30,4,3,4,19
S01010819,All people aged 16 and over,676,645,31,1,1,6,23
S01010819,No qualifications,190,184,6,0,0,0,6
S01010819,Level 1,124,119,5,0,0,2,3
S01010819,Level 2,97,95,2,0,0,0,2
S01010819,Level 3,65,64,1,1,0,0,0
S01010819,Level 4 and above,200,183,17,0,1,4,12
S01010820,All people aged 16 and over,431,407,24,0,1,3,20
S01010820,No qualifications,58,57,1,0,0,0,1
S01010820,Level 1,65,61,4,0,0,0,4
S01010820,Level 2,63,61,2,0,0,0,2
S01010820,Level 3,53,51,2,0,0,0,2
S01010820,Level 4 and above,192,177,15,0,1,3,11
S01010821,All people aged 16 and over,499,461,38,2,1,7,28
S01010821,No qualifications,62,55,7,1,0,0,6
S01010821,Level 1,71,64,7,1,0,2,4
S01010821,Level 2,80,78,2,0,0,2,0
S01010821,Level 3,39,36,3,0,1,0,2
S01010821,Level 4 and above,247,228,19,0,0,3,16
S01010822,All people aged 16 and over,641,600,41,3,2,3,33
S01010822,No qualifications,138,136,2,0,0,0,2
S01010822,Level 1,93,89,4,0,0,0,4
S01010822,Level 2,85,81,4,0,0,2,2
S01010822,Level 3,70,66,4,0,0,0,4
S01010822,Level 4 and above,255,228,27,3,2,1,21
S01010823,All people aged 16 and over,368,357,11,0,1,0,10
S01010823,No qualifications,92,92,0,0,0,0,0
S01010823,Level 1,106,99,7,0,0,0,7
S01010823,Level 2,47,46,1,0,0,0,1
S01010823,Level 3,55,53,2,0,0,0,2
S01010823,Level 4 and above,68,67,1,0,1,0,0
S01010824,All people aged 16 and over,535,521,14,1,4,0,9
S01010824,No qualifications,58,58,0,0,0,0,0
S01010824,Level 1,125,124,1,0,0,0,1
S01010824,Level 2,90,90,0,0,0,0,0
S01010824,Level 3,96,93,3,0,0,0,3
S01010824,Level 4 and above,166,156,10,1,4,0,5
S01010825,All people aged 16 and over,259,248,11,0,4,4,3
S01010825,No qualifications,37,35,2,0,0,0,2
S01010825,Level 1,53,52,1,0,1,0,0
S01010825,Level 2,46,45,1,0,1,0,0
S01010825,Level 3,37,36,1,0,1,0,0
S01010825,Level 4 and above,86,80,6,0,1,4,1
S01010826,All people aged 16 and over,620,587,33,5,2,2,24
S01010826,No qualifications,107,99,8,2,0,1,5
S01010826,Level 1,114,113,1,0,0,0,1
S01010826,Level 2,101,95,6,0,0,0,6
S01010826,Level 3,69,67,2,0,0,0,2
S01010826,Level 4 and above,229,213,16,3,2,1,10
S01010827,All people aged 16 and over,491,481,10,1,0,2,7
S01010827,No qualifications,92,90,2,1,0,0,1
S01010827,Level 1,104,103,1,0,0,1,0
S01010827,Level 2,94,93,1,0,0,0,1
S01010827,Level 3,67,67,0,0,0,0,0
S01010827,Level 4 and above,134,128,6,0,0,1,5
S01010828,All people aged 16 and over,961,922,39,4,1,6,28
S01010828,No qualifications,101,90,11,0,0,1,10
S01010828,Level 1,212,208,4,2,0,0,2
S01010828,Level 2,167,165,2,0,0,1,1
S01010828,Level 3,152,150,2,0,0,0,2
S01010828,Level 4 and above,329,309,20,2,1,4,13
S01010829,All people aged 16 and over,809,779,30,2,5,3,20
S01010829,No qualifications,168,163,5,1,0,0,4
S01010829,Level 1,168,162,6,1,2,0,3
S01010829,Level 2,103,100,3,0,1,0,2
S01010829,Level 3,100,96,4,0,2,0,2
S01010829,Level 4 and above,270,258,12,0,0,3,9
S01010830,All people aged 16 and over,476,467,9,1,0,0,8
S01010830,No qualifications,95,94,1,0,0,0,1
S01010830,Level 1,101,100,1,0,0,0,1
S01010830,Level 2,84,82,2,0,0,0,2
S01010830,Level 3,71,70,1,0,0,0,1
S01010830,Level 4 and above,125,121,4,1,0,0,3
S01010831,All people aged 16 and over,436,422,14,1,2,2,9
S01010831,No qualifications,49,48,1,0,1,0,0
S01010831,Level 1,98,95,3,0,0,0,3
S01010831,Level 2,85,85,0,0,0,0,0
S01010831,Level 3,74,70,4,0,0,1,3
S01010831,Level 4 and above,130,124,6,1,1,1,3
S01010832,All people aged 16 and over,613,602,11,0,0,1,10
S01010832,No qualifications,118,116,2,0,0,0,2
S01010832,Level 1,170,167,3,0,0,0,3
S01010832,Level 2,110,108,2,0,0,0,2
S01010832,Level 3,99,98,1,0,0,0,1
S01010832,Level 4 and above,116,113,3,0,0,1,2
S01010833,All people aged 16 and over,739,712,27,0,1,4,22
S01010833,No qualifications,98,96,2,0,0,0,2
S01010833,Level 1,123,117,6,0,1,0,5
S01010833,Level 2,109,106,3,0,0,1,2
S01010833,Level 3,111,109,2,0,0,0,2
S01010833,Level 4 and above,298,284,14,0,0,3,11
S01010834,All people aged 16 and over,794,765,29,3,1,4,21
S01010834,No qualifications,125,123,2,0,0,0,2
S01010834,Level 1,130,125,5,0,0,1,4
S01010834,Level 2,132,130,2,0,0,0,2
S01010834,Level 3,102,97,5,1,0,0,4
S01010834,Level 4 and above,305,290,15,2,1,3,9
S01010835,All people aged 16 and over,576,554,22,0,0,1,21
S01010835,No qualifications,79,76,3,0,0,0,3
S01010835,Level 1,100,97,3,0,0,0,3
S01010835,Level 2,110,110,0,0,0,0,0
S01010835,Level 3,76,74,2,0,0,0,2
S01010835,Level 4 and above,211,197,14,0,0,1,13
S01010836,All people aged 16 and over,696,672,24,0,4,1,19
S01010836,No qualifications,133,132,1,0,0,0,1
S01010836,Level 1,104,101,3,0,0,0,3
S01010836,Level 2,109,104,5,0,0,0,5
S01010836,Level 3,75,72,3,0,0,0,3
S01010836,Level 4 and above,275,263,12,0,4,1,7
S01010837,All people aged 16 and over,560,555,5,0,0,1,4
S01010837,No qualifications,174,174,0,0,0,0,0
S01010837,Level 1,130,130,0,0,0,0,0
S01010837,Level 2,83,82,1,0,0,0,1
S01010837,Level 3,65,65,0,0,0,0,0
S01010837,Level 4 and above,108,104,4,0,0,1,3
S01010838,All people aged 16 and over,664,652,12,0,1,0,11
S01010838,No qualifications,165,164,1,0,0,0,1
S01010838,Level 1,165,164,1,0,0,0,1
S01010838,Level 2,109,106,3,0,0,0,3
S01010838,Level 3,105,103,2,0,1,0,1
S01010838,Level 4 and above,120,115,5,0,0,0,5
S01010839,All people aged 16 and over,593,578,15,0,3,1,11
S01010839,No qualifications,132,128,4,0,0,0,4
S01010839,Level 1,130,128,2,0,1,0,1
S01010839,Level 2,98,98,0,0,0,0,0
S01010839,Level 3,58,57,1,0,0,0,1
S01010839,Level 4 and above,175,167,8,0,2,1,5
S01010840,All people aged 16 and over,448,428,20,0,3,3,14
S01010840,No qualifications,124,122,2,0,0,0,2
S01010840,Level 1,74,69,5,0,0,1,4
S01010840,Level 2,55,54,1,0,0,0,1
S01010840,Level 3,50,47,3,0,1,0,2
S01010840,Level 4 and above,145,136,9,0,2,2,5
S01010841,All people aged 16 and over,657,624,33,3,3,8,19
S01010841,No qualifications,132,127,5,0,0,0,5
S01010841,Level 1,139,134,5,0,0,3,2
S01010841,Level 2,81,77,4,0,0,1,3
S01010841,Level 3,100,100,0,0,0,0,0
S01010841,Level 4 and above,205,186,19,3,3,4,9
S01010842,All people aged 16 and over,808,773,35,4,6,7,18
S01010842,No qualifications,349,342,7,0,1,1,5
S01010842,Level 1,159,149,10,2,0,3,5
S01010842,Level 2,83,81,2,0,0,0,2
S01010842,Level 3,80,79,1,1,0,0,0
S01010842,Level 4 and above,137,122,15,1,5,3,6
S01010843,All people aged 16 and over,582,564,18,3,2,3,10
S01010843,No qualifications,188,183,5,1,0,1,3
S01010843,Level 1,122,119,3,0,1,0,2
S01010843,Level 2,86,84,2,1,0,0,1
S01010843,Level 3,78,76,2,0,0,0,2
S01010843,Level 4 and above,108,102,6,1,1,2,2
S01010844,All people aged 16 and over,571,559,12,0,1,0,11
S01010844,No qualifications,105,103,2,0,0,0,2
S01010844,Level 1,94,92,2,0,1,0,1
S01010844,Level 2,110,108,2,0,0,0,2
S01010844,Level 3,78,77,1,0,0,0,1
S01010844,Level 4 and above,184,179,5,0,0,0,5
S01010845,All people aged 16 and over,528,514,14,0,1,2,11
S01010845,No qualifications,157,153,4,0,0,0,4
S01010845,Level 1,105,104,1,0,0,0,1
S01010845,Level 2,72,71,1,0,0,0,1
S01010845,Level 3,74,73,1,0,0,1,0
S01010845,Level 4 and above,120,113,7,0,1,1,5
S01010846,All people aged 16 and over,620,606,14,0,1,2,11
S01010846,No qualifications,174,173,1,0,0,0,1
S01010846,Level 1,182,175,7,0,1,2,4
S01010846,Level 2,106,105,1,0,0,0,1
S01010846,Level 3,78,76,2,0,0,0,2
S01010846,Level 4 and above,80,77,3,0,0,0,3
S01010847,All people aged 16 and over,518,501,17,0,4,0,13
S01010847,No qualifications,89,84,5,0,0,0,5
S01010847,Level 1,101,99,2,0,1,0,1
S01010847,Level 2,94,94,0,0,0,0,0
S01010847,Level 3,97,94,3,0,1,0,2
S01010847,Level 4 and above,137,130,7,0,2,0,5
S01010848,All people aged 16 and over,519,512,7,0,1,0,6
S01010848,No qualifications,195,190,5,0,0,0,5
S01010848,Level 1,158,158,0,0,0,0,0
S01010848,Level 2,59,59,0,0,0,0,0
S01010848,Level 3,48,48,0,0,0,0,0
S01010848,Level 4 and above,59,57,2,0,1,0,1
S01010849,All people aged 16 and over,732,710,22,2,8,4,8
S01010849,No qualifications,268,262,6,1,4,0,1
S01010849,Level 1,235,228,7,0,4,1,2
S01010849,Level 2,87,86,1,0,0,1,0
S01010849,Level 3,83,82,1,0,0,0,1
S01010849,Level 4 and above,59,52,7,1,0,2,4
S01010850,All people aged 16 and over,711,701,10,0,0,0,10
S01010850,No qualifications,366,363,3,0,0,0,3
S01010850,Level 1,174,172,2,0,0,0,2
S01010850,Level 2,66,66,0,0,0,0,0
S01010850,Level 3,56,53,3,0,0,0,3
S01010850,Level 4 and above,49,47,2,0,0,0,2
S01010851,All people aged 16 and over,608,591,17,0,0,1,16
S01010851,No qualifications,245,243,2,0,0,0,2
S01010851,Level 1,182,177,5,0,0,0,5
S01010851,Level 2,68,66,2,0,0,0,2
S01010851,Level 3,62,57,5,0,0,0,5
S01010851,Level 4 and above,51,48,3,0,0,1,2
S01010852,All people aged 16 and over,612,600,12,0,0,1,11
S01010852,No qualifications,258,255,3,0,0,0,3
S01010852,Level 1,171,168,3,0,0,0,3
S01010852,Level 2,62,61,1,0,0,0,1
S01010852,Level 3,59,58,1,0,0,0,1
S01010852,Level 4 and above,62,58,4,0,0,1,3
S01010853,All people aged 16 and over,726,712,14,1,1,0,12
S01010853,No qualifications,282,279,3,0,0,0,3
S01010853,Level 1,184,181,3,0,0,0,3
S01010853,Level 2,95,92,3,0,0,0,3
S01010853,Level 3,87,85,2,0,0,0,2
S01010853,Level 4 and above,78,75,3,1,1,0,1
S01010854,All people aged 16 and over,701,681,20,3,2,2,13
S01010854,No qualifications,253,251,2,0,0,0,2
S01010854,Level 1,234,231,3,0,0,0,3
S01010854,Level 2,57,54,3,0,0,0,3
S01010854,Level 3,85,83,2,0,0,1,1
S01010854,Level 4 and above,72,62,10,3,2,1,4
S01010855,All people aged 16 and over,449,440,9,0,4,1,4
S01010855,No qualifications,191,189,2,0,0,0,2
S01010855,Level 1,111,111,0,0,0,0,0
S01010855,Level 2,43,43,0,0,0,0,0
S01010855,Level 3,57,56,1,0,1,0,0
S01010855,Level 4 and above,47,41,6,0,3,1,2
S01010856,All people aged 16 and over,755,738,17,0,4,2,11
S01010856,No qualifications,314,309,5,0,0,0,5
S01010856,Level 1,200,198,2,0,1,0,1
S01010856,Level 2,88,86,2,0,0,1,1
S01010856,Level 3,68,66,2,0,2,0,0
S01010856,Level 4 and above,85,79,6,0,1,1,4
S01010857,All people aged 16 and over,644,630,14,0,0,0,14
S01010857,No qualifications,149,148,1,0,0,0,1
S01010857,Level 1,171,167,4,0,0,0,4
S01010857,Level 2,126,123,3,0,0,0,3
S01010857,Level 3,95,94,1,0,0,0,1
S01010857,Level 4 and above,103,98,5,0,0,0,5
S01010858,All people aged 16 and over,592,573,19,6,1,5,7
S01010858,No qualifications,236,233,3,1,0,0,2
S01010858,Level 1,151,149,2,0,0,1,1
S01010858,Level 2,81,76,5,2,0,1,2
S01010858,Level 3,55,54,1,0,0,0,1
S01010858,Level 4 and above,69,61,8,3,1,3,1
S01010859,All people aged 16 and over,586,578,8,1,0,2,5
S01010859,No qualifications,281,279,2,0,0,0,2
S01010859,Level 1,165,160,5,1,0,1,3
S01010859,Level 2,43,43,0,0,0,0,0
S01010859,Level 3,54,54,0,0,0,0,0
S01010859,Level 4 and above,43,42,1,0,0,1,0
S01010860,All people aged 16 and over,528,513,15,1,2,3,9
S01010860,No qualifications,197,195,2,0,0,0,2
S01010860,Level 1,157,154,3,0,0,0,3
S01010860,Level 2,52,51,1,0,0,0,1
S01010860,Level 3,63,61,2,0,1,0,1
S01010860,Level 4 and above,59,52,7,1,1,3,2
S01010861,All people aged 16 and over,533,515,18,2,1,4,11
S01010861,No qualifications,218,213,5,0,0,2,3
S01010861,Level 1,146,141,5,0,0,2,3
S01010861,Level 2,55,54,1,0,0,0,1
S01010861,Level 3,62,57,5,2,0,0,3
S01010861,Level 4 and above,52,50,2,0,1,0,1
S01010862,All people aged 16 and over,439,434,5,0,0,1,4
S01010862,No qualifications,172,171,1,0,0,0,1
S01010862,Level 1,139,137,2,0,0,1,1
S01010862,Level 2,53,53,0,0,0,0,0
S01010862,Level 3,37,36,1,0,0,0,1
S01010862,Level 4 and above,38,37,1,0,0,0,1
S01010863,All people aged 16 and over,677,656,21,0,0,3,18
S01010863,No qualifications,195,191,4,0,0,1,3
S01010863,Level 1,93,92,1,0,0,0,1
S01010863,Level 2,104,100,4,0,0,0,4
S01010863,Level 3,72,70,2,0,0,0,2
S01010863,Level 4 and above,213,203,10,0,0,2,8
S01010864,All people aged 16 and over,487,471,16,0,0,1,15
S01010864,No qualifications,74,74,0,0,0,0,0
S01010864,Level 1,77,76,1,0,0,0,1
S01010864,Level 2,76,76,0,0,0,0,0
S01010864,Level 3,61,59,2,0,0,0,2
S01010864,Level 4 and above,199,186,13,0,0,1,12
S01010865,All people aged 16 and over,643,610,33,4,1,2,26
S01010865,No qualifications,132,129,3,0,0,0,3
S01010865,Level 1,86,82,4,0,0,0,4
S01010865,Level 2,87,86,1,0,0,0,1
S01010865,Level 3,70,67,3,0,0,0,3
S01010865,Level 4 and above,268,246,22,4,1,2,15
S01010866,All people aged 16 and over,670,644,26,0,1,1,24
S01010866,No qualifications,222,215,7,0,0,0,7
S01010866,Level 1,92,89,3,0,0,0,3
S01010866,Level 2,92,91,1,0,0,0,1
S01010866,Level 3,64,63,1,0,0,1,0
S01010866,Level 4 and above,200,186,14,0,1,0,13
S01010867,All people aged 16 and over,591,568,23,1,1,2,19
S01010867,No qualifications,147,141,6,0,0,1,5
S01010867,Level 1,77,73,4,0,0,0,4
S01010867,Level 2,86,86,0,0,0,0,0
S01010867,Level 3,75,72,3,0,0,0,3
S01010867,Level 4 and above,206,196,10,1,1,1,7
S01010868,All people aged 16 and over,743,716,27,2,3,1,21
S01010868,No qualifications,219,216,3,0,0,0,3
S01010868,Level 1,101,98,3,1,1,0,1
S01010868,Level 2,101,98,3,0,0,1,2
S01010868,Level 3,78,75,3,0,0,0,3
S01010868,Level 4 and above,244,229,15,1,2,0,12
S01010869,All people aged 16 and over,632,601,31,0,2,2,27
S01010869,No qualifications,108,94,14,0,0,0,14
S01010869,Level 1,95,90,5,0,0,1,4
S01010869,Level 2,102,100,2,0,0,1,1
S01010869,Level 3,88,86,2,0,1,0,1
S01010869,Level 4 and above,239,231,8,0,1,0,7
S01010870,All people aged 16 and over,667,628,39,7,3,6,23
S01010870,No qualifications,153,149,4,1,0,1,2
S01010870,Level 1,124,116,8,3,1,0,4
S01010870,Level 2,90,88,2,0,0,0,2
S01010870,Level 3,76,74,2,0,0,0,2
S01010870,Level 4 and above,224,201,23,3,2,5,13
S01010871,All people aged 16 and over,759,709,50,6,9,7,28
S01010871,No qualifications,164,154,10,0,0,1,9
S01010871,Level 1,144,137,7,0,1,1,5
S01010871,Level 2,110,108,2,1,0,0,1
S01010871,Level 3,97,90,7,2,0,1,4
S01010871,Level 4 and above,244,220,24,3,8,4,9
S01010872,All people aged 16 and over,624,588,36,7,6,8,15
S01010872,No qualifications,164,158,6,0,1,3,2
S01010872,Level 1,133,126,7,3,2,2,0
S01010872,Level 2,105,103,2,1,0,0,1
S01010872,Level 3,77,74,3,1,0,0,2
S01010872,Level 4 and above,145,127,18,2,3,3,10
S01010873,All people aged 16 and over,497,473,24,1,4,5,14
S01010873,No qualifications,250,242,8,0,0,1,7
S01010873,Level 1,97,93,4,0,0,1,3
S01010873,Level 2,50,48,2,0,1,0,1
S01010873,Level 3,47,44,3,0,0,1,2
S01010873,Level 4 and above,53,46,7,1,3,2,1
S01010874,All people aged 16 and over,632,608,24,5,3,2,14
S01010874,No qualifications,98,95,3,1,0,0,2
S01010874,Level 1,115,111,4,0,1,0,3
S01010874,Level 2,121,117,4,2,0,0,2
S01010874,Level 3,107,107,0,0,0,0,0
S01010874,Level 4 and above,191,178,13,2,2,2,7
S01010875,All people aged 16 and over,426,394,32,11,9,2,10
S01010875,No qualifications,96,94,2,0,0,0,2
S01010875,Level 1,83,77,6,1,5,0,0
S01010875,Level 2,64,60,4,0,1,0,3
S01010875,Level 3,75,71,4,4,0,0,0
S01010875,Level 4 and above,108,92,16,6,3,2,5
S01010876,All people aged 16 and over,608,579,29,5,8,10,6
S01010876,No qualifications,140,135,5,0,1,1,3
S01010876,Level 1,173,169,4,2,0,2,0
S01010876,Level 2,82,81,1,0,0,0,1
S01010876,Level 3,86,85,1,0,1,0,0
S01010876,Level 4 and above,127,109,18,3,6,7,2
S01010877,All people aged 16 and over,792,763,29,1,7,5,16
S01010877,No qualifications,176,172,4,0,0,0,4
S01010877,Level 1,154,151,3,0,1,0,2
S01010877,Level 2,132,128,4,0,0,3,1
S01010877,Level 3,130,123,7,0,1,1,5
S01010877,Level 4 and above,200,189,11,1,5,1,4
S01010878,All people aged 16 and over,1048,1025,23,0,1,9,13
S01010878,No qualifications,413,409,4,0,0,1,3
S01010878,Level 1,278,272,6,0,0,3,3
S01010878,Level 2,110,109,1,0,0,0,1
S01010878,Level 3,126,123,3,0,0,1,2
S01010878,Level 4 and above,121,112,9,0,1,4,4
S01010879,All people aged 16 and over,705,694,11,0,1,2,8
S01010879,No qualifications,206,204,2,0,0,0,2
S01010879,Level 1,160,159,1,0,0,0,1
S01010879,Level 2,120,118,2,0,0,0,2
S01010879,Level 3,105,103,2,0,1,0,1
S01010879,Level 4 and above,114,110,4,0,0,2,2
S01010880,All people aged 16 and over,444,428,16,0,4,2,10
S01010880,No qualifications,177,171,6,0,2,0,4
S01010880,Level 1,118,114,4,0,2,1,1
S01010880,Level 2,52,52,0,0,0,0,0
S01010880,Level 3,46,43,3,0,0,1,2
S01010880,Level 4 and above,51,48,3,0,0,0,3
S01010881,All people aged 16 and over,542,536,6,1,0,1,4
S01010881,No qualifications,216,215,1,0,0,0,1
S01010881,Level 1,101,101,0,0,0,0,0
S01010881,Level 2,84,84,0,0,0,0,0
S01010881,Level 3,55,55,0,0,0,0,0
S01010881,Level 4 and above,86,81,5,1,0,1,3
S01010882,All people aged 16 and over,457,446,11,0,0,1,10
S01010882,No qualifications,115,115,0,0,0,0,0
S01010882,Level 1,122,119,3,0,0,0,3
S01010882,Level 2,80,79,1,0,0,0,1
S01010882,Level 3,64,62,2,0,0,1,1
S01010882,Level 4 and above,76,71,5,0,0,0,5
S01010883,All people aged 16 and over,736,705,31,0,1,1,29
S01010883,No qualifications,202,191,11,0,0,0,11
S01010883,Level 1,161,156,5,0,1,1,3
S01010883,Level 2,145,142,3,0,0,0,3
S01010883,Level 3,92,88,4,0,0,0,4
S01010883,Level 4 and above,136,128,8,0,0,0,8
S01010884,All people aged 16 and over,582,577,5,0,0,0,5
S01010884,No qualifications,277,273,4,0,0,0,4
S01010884,Level 1,139,139,0,0,0,0,0
S01010884,Level 2,61,61,0,0,0,0,0
S01010884,Level 3,48,47,1,0,0,0,1
S01010884,Level 4 and above,57,57,0,0,0,0,0
S01010885,All people aged 16 and over,778,745,33,5,8,3,17
S01010885,No qualifications,313,307,6,0,1,0,5
S01010885,Level 1,192,184,8,0,2,2,4
S01010885,Level 2,90,87,3,0,0,0,3
S01010885,Level 3,89,85,4,1,3,0,0
S01010885,Level 4 and above,94,82,12,4,2,1,5
S01010886,All people aged 16 and over,399,392,7,2,0,3,2
S01010886,No qualifications,114,114,0,0,0,0,0
S01010886,Level 1,120,119,1,0,0,1,0
S01010886,Level 2,66,66,0,0,0,0,0
S01010886,Level 3,55,55,0,0,0,0,0
S01010886,Level 4 and above,44,38,6,2,0,2,2
S01010887,All people aged 16 and over,707,696,11,0,1,4,6
S01010887,No qualifications,333,332,1,0,0,0,1
S01010887,Level 1,176,175,1,0,0,0,1
S01010887,Level 2,68,68,0,0,0,0,0
S01010887,Level 3,66,66,0,0,0,0,0
S01010887,Level 4 and above,64,55,9,0,1,4,4
S01010888,All people aged 16 and over,682,657,25,2,4,3,16
S01010888,No qualifications,265,260,5,0,0,1,4
S01010888,Level 1,172,165,7,0,1,0,6
S01010888,Level 2,63,61,2,0,0,0,2
S01010888,Level 3,79,76,3,0,1,1,1
S01010888,Level 4 and above,103,95,8,2,2,1,3
S01010889,All people aged 16 and over,472,457,15,2,2,1,10
S01010889,No qualifications,208,204,4,0,0,0,4
S01010889,Level 1,117,111,6,1,1,1,3
S01010889,Level 2,43,43,0,0,0,0,0
S01010889,Level 3,54,52,2,0,1,0,1
S01010889,Level 4 and above,50,47,3,1,0,0,2
S01010890,All people aged 16 and over,713,698,15,6,1,1,7
S01010890,No qualifications,420,416,4,0,0,0,4
S01010890,Level 1,136,132,4,0,1,1,2
S01010890,Level 2,43,43,0,0,0,0,0
S01010890,Level 3,54,52,2,2,0,0,0
S01010890,Level 4 and above,60,55,5,4,0,0,1
S01010891,All people aged 16 and over,390,368,22,5,2,2,13
S01010891,No qualifications,204,196,8,0,0,0,8
S01010891,Level 1,76,72,4,0,0,2,2
S01010891,Level 2,35,35,0,0,0,0,0
S01010891,Level 3,38,36,2,0,0,0,2
S01010891,Level 4 and above,37,29,8,5,2,0,1
S01010892,All people aged 16 and over,758,734,24,3,8,3,10
S01010892,No qualifications,359,354,5,1,1,0,3
S01010892,Level 1,151,144,7,1,3,1,2
S01010892,Level 2,76,76,0,0,0,0,0
S01010892,Level 3,89,83,6,0,1,0,5
S01010892,Level 4 and above,83,77,6,1,3,2,0
S01010893,All people aged 16 and over,465,456,9,1,1,3,4
S01010893,No qualifications,215,212,3,0,0,0,3
S01010893,Level 1,107,106,1,1,0,0,0
S01010893,Level 2,59,58,1,0,0,1,0
S01010893,Level 3,40,39,1,0,0,0,1
S01010893,Level 4 and above,44,41,3,0,1,2,0
S01010894,All people aged 16 and over,579,562,17,1,5,4,7
S01010894,No qualifications,207,204,3,0,0,1,2
S01010894,Level 1,126,124,2,0,2,0,0
S01010894,Level 2,80,78,2,1,0,0,1
S01010894,Level 3,68,65,3,0,1,1,1
S01010894,Level 4 and above,98,91,7,0,2,2,3
S01010895,All people aged 16 and over,358,354,4,0,0,0,4
S01010895,No qualifications,162,161,1,0,0,0,1
S01010895,Level 1,89,88,1,0,0,0,1
S01010895,Level 2,45,45,0,0,0,0,0
S01010895,Level 3,27,27,0,0,0,0,0
S01010895,Level 4 and above,35,33,2,0,0,0,2
S01010896,All people aged 16 and over,568,563,5,0,0,1,4
S01010896,No qualifications,224,220,4,0,0,0,4
S01010896,Level 1,170,170,0,0,0,0,0
S01010896,Level 2,72,72,0,0,0,0,0
S01010896,Level 3,58,58,0,0,0,0,0
S01010896,Level 4 and above,44,43,1,0,0,1,0
S01010897,All people aged 16 and over,670,664,6,0,2,0,4
S01010897,No qualifications,295,294,1,0,0,0,1
S01010897,Level 1,193,191,2,0,0,0,2
S01010897,Level 2,76,76,0,0,0,0,0
S01010897,Level 3,59,59,0,0,0,0,0
S01010897,Level 4 and above,47,44,3,0,2,0,1
S01010898,All people aged 16 and over,505,500,5,1,0,0,4
S01010898,No qualifications,207,205,2,1,0,0,1
S01010898,Level 1,147,145,2,0,0,0,2
S01010898,Level 2,58,57,1,0,0,0,1
S01010898,Level 3,50,50,0,0,0,0,0
S01010898,Level 4 and above,43,43,0,0,0,0,0
S01010899,All people aged 16 and over,478,471,7,0,3,0,4
S01010899,No qualifications,141,138,3,0,2,0,1
S01010899,Level 1,143,142,1,0,0,0,1
S01010899,Level 2,79,78,1,0,0,0,1
S01010899,Level 3,60,58,2,0,1,0,1
S01010899,Level 4 and above,55,55,0,0,0,0,0
S01010900,All people aged 16 and over,508,500,8,0,0,1,7
S01010900,No qualifications,180,177,3,0,0,0,3
S01010900,Level 1,161,160,1,0,0,0,1
S01010900,Level 2,63,62,1,0,0,0,1
S01010900,Level 3,61,59,2,0,0,1,1
S01010900,Level 4 and above,43,42,1,0,0,0,1
S01010901,All people aged 16 and over,351,343,8,0,1,0,7
S01010901,No qualifications,167,164,3,0,0,0,3
S01010901,Level 1,107,106,1,0,1,0,0
S01010901,Level 2,34,33,1,0,0,0,1
S01010901,Level 3,20,20,0,0,0,0,0
S01010901,Level 4 and above,23,20,3,0,0,0,3
S01010902,All people aged 16 and over,825,812,13,0,2,2,9
S01010902,No qualifications,368,365,3,0,0,1,2
S01010902,Level 1,184,182,2,0,0,0,2
S01010902,Level 2,97,96,1,0,0,0,1
S01010902,Level 3,83,82,1,0,0,0,1
S01010902,Level 4 and above,93,87,6,0,2,1,3
S01010903,All people aged 16 and over,667,658,9,0,0,0,9
S01010903,No qualifications,320,317,3,0,0,0,3
S01010903,Level 1,158,156,2,0,0,0,2
S01010903,Level 2,71,71,0,0,0,0,0
S01010903,Level 3,67,64,3,0,0,0,3
S01010903,Level 4 and above,51,50,1,0,0,0,1
S01010904,All people aged 16 and over,446,440,6,0,0,1,5
S01010904,No qualifications,187,186,1,0,0,0,1
S01010904,Level 1,141,139,2,0,0,0,2
S01010904,Level 2,50,50,0,0,0,0,0
S01010904,Level 3,34,34,0,0,0,0,0
S01010904,Level 4 and above,34,31,3,0,0,1,2
S01010905,All people aged 16 and over,502,482,20,0,3,6,11
S01010905,No qualifications,137,130,7,0,0,2,5
S01010905,Level 1,127,123,4,0,1,1,2
S01010905,Level 2,81,81,0,0,0,0,0
S01010905,Level 3,60,59,1,0,0,1,0
S01010905,Level 4 and above,97,89,8,0,2,2,4
S01010906,All people aged 16 and over,746,737,9,0,1,3,5
S01010906,No qualifications,270,269,1,0,0,0,1
S01010906,Level 1,212,210,2,0,0,1,1
S01010906,Level 2,93,90,3,0,0,1,2
S01010906,Level 3,82,80,2,0,1,0,1
S01010906,Level 4 and above,89,88,1,0,0,1,0
S01010907,All people aged 16 and over,394,381,13,1,0,3,9
S01010907,No qualifications,58,52,6,1,0,1,4
S01010907,Level 1,90,89,1,0,0,0,1
S01010907,Level 2,60,59,1,0,0,0,1
S01010907,Level 3,69,67,2,0,0,1,1
S01010907,Level 4 and above,117,114,3,0,0,1,2
S01010908,All people aged 16 and over,512,506,6,0,0,1,5
S01010908,No qualifications,185,183,2,0,0,0,2
S01010908,Level 1,106,105,1,0,0,0,1
S01010908,Level 2,71,70,1,0,0,1,0
S01010908,Level 3,65,64,1,0,0,0,1
S01010908,Level 4 and above,85,84,1,0,0,0,1
S01010909,All people aged 16 and over,616,598,18,2,0,0,16
S01010909,No qualifications,188,183,5,1,0,0,4
S01010909,Level 1,120,118,2,0,0,0,2
S01010909,Level 2,98,96,2,0,0,0,2
S01010909,Level 3,81,78,3,0,0,0,3
S01010909,Level 4 and above,129,123,6,1,0,0,5
S01010910,All people aged 16 and over,405,396,9,0,0,2,7
S01010910,No qualifications,154,149,5,0,0,1,4
S01010910,Level 1,119,118,1,0,0,0,1
S01010910,Level 2,44,44,0,0,0,0,0
S01010910,Level 3,51,51,0,0,0,0,0
S01010910,Level 4 and above,37,34,3,0,0,1,2
S01010911,All people aged 16 and over,495,490,5,0,0,0,5
S01010911,No qualifications,265,263,2,0,0,0,2
S01010911,Level 1,95,95,0,0,0,0,0
S01010911,Level 2,47,47,0,0,0,0,0
S01010911,Level 3,24,23,1,0,0,0,1
S01010911,Level 4 and above,64,62,2,0,0,0,2
S01010912,All people aged 16 and over,593,572,21,3,0,1,17
S01010912,No qualifications,322,310,12,0,0,0,12
S01010912,Level 1,100,97,3,2,0,0,1
S01010912,Level 2,47,46,1,0,0,0,1
S01010912,Level 3,59,59,0,0,0,0,0
S01010912,Level 4 and above,65,60,5,1,0,1,3
S01010913,All people aged 16 and over,537,520,17,2,1,4,10
S01010913,No qualifications,139,137,2,0,0,1,1
S01010913,Level 1,137,134,3,0,0,0,3
S01010913,Level 2,83,83,0,0,0,0,0
S01010913,Level 3,75,72,3,1,0,0,2
S01010913,Level 4 and above,103,94,9,1,1,3,4
S01010914,All people aged 16 and over,539,530,9,0,1,1,7
S01010914,No qualifications,143,140,3,0,0,1,2
S01010914,Level 1,155,152,3,0,1,0,2
S01010914,Level 2,93,92,1,0,0,0,1
S01010914,Level 3,77,76,1,0,0,0,1
S01010914,Level 4 and above,71,70,1,0,0,0,1
S01010915,All people aged 16 and over,592,578,14,0,0,3,11
S01010915,No qualifications,167,165,2,0,0,0,2
S01010915,Level 1,179,174,5,0,0,0,5
S01010915,Level 2,75,74,1,0,0,1,0
S01010915,Level 3,90,85,5,0,0,2,3
S01010915,Level 4 and above,81,80,1,0,0,0,1
S01010916,All people aged 16 and over,486,472,14,0,3,5,6
S01010916,No qualifications,212,210,2,0,2,0,0
S01010916,Level 1,123,121,2,0,0,0,2
S01010916,Level 2,58,56,2,0,0,0,2
S01010916,Level 3,54,49,5,0,1,3,1
S01010916,Level 4 and above,39,36,3,0,0,2,1
S01010917,All people aged 16 and over,620,608,12,0,3,1,8
S01010917,No qualifications,244,239,5,0,0,0,5
S01010917,Level 1,145,142,3,0,3,0,0
S01010917,Level 2,73,72,1,0,0,0,1
S01010917,Level 3,67,67,0,0,0,0,0
S01010917,Level 4 and above,91,88,3,0,0,1,2
S01010918,All people aged 16 and over,612,602,10,0,0,1,9
S01010918,No qualifications,276,271,5,0,0,0,5
S01010918,Level 1,152,149,3,0,0,0,3
S01010918,Level 2,63,63,0,0,0,0,0
S01010918,Level 3,53,53,0,0,0,0,0
S01010918,Level 4 and above,68,66,2,0,0,1,1
S01010919,All people aged 16 and over,658,649,9,0,0,1,8
S01010919,No qualifications,280,276,4,0,0,1,3
S01010919,Level 1,171,169,2,0,0,0,2
S01010919,Level 2,81,80,1,0,0,0,1
S01010919,Level 3,61,61,0,0,0,0,0
S01010919,Level 4 and above,65,63,2,0,0,0,2
S01010920,All people aged 16 and over,452,438,14,0,0,0,14
S01010920,No qualifications,201,201,0,0,0,0,0
S01010920,Level 1,128,125,3,0,0,0,3
S01010920,Level 2,42,41,1,0,0,0,1
S01010920,Level 3,31,28,3,0,0,0,3
S01010920,Level 4 and above,50,43,7,0,0,0,7
S01010921,All people aged 16 and over,521,517,4,0,0,0,4
S01010921,No qualifications,242,241,1,0,0,0,1
S01010921,Level 1,147,145,2,0,0,0,2
S01010921,Level 2,45,45,0,0,0,0,0
S01010921,Level 3,48,47,1,0,0,0,1
S01010921,Level 4 and above,39,39,0,0,0,0,0
S01010922,All people aged 16 and over,721,715,6,0,0,1,5
S01010922,No qualifications,359,356,3,0,0,1,2
S01010922,Level 1,184,183,1,0,0,0,1
S01010922,Level 2,74,74,0,0,0,0,0
S01010922,Level 3,59,59,0,0,0,0,0
S01010922,Level 4 and above,45,43,2,0,0,0,2
S01010923,All people aged 16 and over,729,720,9,0,1,0,8
S01010923,No qualifications,322,321,1,0,0,0,1
S01010923,Level 1,204,200,4,0,1,0,3
S01010923,Level 2,78,76,2,0,0,0,2
S01010923,Level 3,62,61,1,0,0,0,1
S01010923,Level 4 and above,63,62,1,0,0,0,1
S01010924,All people aged 16 and over,512,507,5,0,0,0,5
S01010924,No qualifications,252,251,1,0,0,0,1
S01010924,Level 1,136,135,1,0,0,0,1
S01010924,Level 2,46,45,1,0,0,0,1
S01010924,Level 3,33,32,1,0,0,0,1
S01010924,Level 4 and above,45,44,1,0,0,0,1
S01010925,All people aged 16 and over,678,674,4,1,0,0,3
S01010925,No qualifications,304,304,0,0,0,0,0
S01010925,Level 1,193,191,2,1,0,0,1
S01010925,Level 2,61,59,2,0,0,0,2
S01010925,Level 3,63,63,0,0,0,0,0
S01010925,Level 4 and above,57,57,0,0,0,0,0
S01010926,All people aged 16 and over,649,641,8,1,0,0,7
S01010926,No qualifications,300,297,3,1,0,0,2
S01010926,Level 1,170,168,2,0,0,0,2
S01010926,Level 2,75,73,2,0,0,0,2
S01010926,Level 3,55,55,0,0,0,0,0
S01010926,Level 4 and above,49,48,1,0,0,0,1
S01010927,All people aged 16 and over,461,453,8,0,1,4,3
S01010927,No qualifications,235,229,6,0,1,3,2
S01010927,Level 1,118,117,1,0,0,0,1
S01010927,Level 2,37,37,0,0,0,0,0
S01010927,Level 3,35,35,0,0,0,0,0
S01010927,Level 4 and above,36,35,1,0,0,1,0
S01010928,All people aged 16 and over,561,557,4,0,0,1,3
S01010928,No qualifications,224,223,1,0,0,0,1
S01010928,Level 1,175,175,0,0,0,0,0
S01010928,Level 2,56,56,0,0,0,0,0
S01010928,Level 3,68,67,1,0,0,0,1
S01010928,Level 4 and above,38,36,2,0,0,1,1
S01010929,All people aged 16 and over,516,507,9,2,1,1,5
S01010929,No qualifications,240,238,2,0,0,0,2
S01010929,Level 1,165,161,4,0,0,1,3
S01010929,Level 2,41,41,0,0,0,0,0
S01010929,Level 3,36,35,1,0,1,0,0
S01010929,Level 4 and above,34,32,2,2,0,0,0
S01010930,All people aged 16 and over,712,664,48,5,7,9,27
S01010930,No qualifications,85,81,4,0,3,0,1
S01010930,Level 1,115,111,4,0,1,0,3
S01010930,Level 2,96,91,5,0,1,1,3
S01010930,Level 3,64,62,2,0,1,1,0
S01010930,Level 4 and above,352,319,33,5,1,7,20
S01010931,All people aged 16 and over,372,353,19,0,2,6,11
S01010931,No qualifications,82,80,2,0,2,0,0
S01010931,Level 1,76,71,5,0,0,2,3
S01010931,Level 2,55,54,1,0,0,0,1
S01010931,Level 3,35,34,1,0,0,0,1
S01010931,Level 4 and above,124,114,10,0,0,4,6
S01010932,All people aged 16 and over,468,447,21,0,3,3,15
S01010932,No qualifications,164,161,3,0,0,0,3
S01010932,Level 1,129,123,6,0,0,1,5
S01010932,Level 2,51,49,2,0,0,0,2
S01010932,Level 3,30,29,1,0,1,0,0
S01010932,Level 4 and above,94,85,9,0,2,2,5
S01010933,All people aged 16 and over,576,538,38,0,6,8,24
S01010933,No qualifications,99,93,6,0,2,0,4
S01010933,Level 1,123,117,6,0,0,5,1
S01010933,Level 2,84,79,5,0,1,0,4
S01010933,Level 3,53,50,3,0,0,0,3
S01010933,Level 4 and above,217,199,18,0,3,3,12
S01010934,All people aged 16 and over,835,801,34,3,3,4,24
S01010934,No qualifications,123,120,3,0,1,0,2
S01010934,Level 1,168,162,6,0,0,1,5
S01010934,Level 2,143,137,6,2,1,0,3
S01010934,Level 3,79,76,3,0,0,1,2
S01010934,Level 4 and above,322,306,16,1,1,2,12
S01010935,All people aged 16 and over,575,550,25,0,4,5,16
S01010935,No qualifications,130,127,3,0,1,0,2
S01010935,Level 1,131,127,4,0,1,1,2
S01010935,Level 2,89,88,1,0,0,1,0
S01010935,Level 3,35,33,2,0,0,0,2
S01010935,Level 4 and above,190,175,15,0,2,3,10
S01010936,All people aged 16 and over,627,601,26,1,3,4,18
S01010936,No qualifications,181,179,2,0,0,0,2
S01010936,Level 1,133,132,1,0,0,1,0
S01010936,Level 2,95,90,5,0,0,1,4
S01010936,Level 3,60,57,3,0,1,0,2
S01010936,Level 4 and above,158,143,15,1,2,2,10
S01010937,All people aged 16 and over,627,614,13,2,0,2,9
S01010937,No qualifications,138,136,2,0,0,0,2
S01010937,Level 1,180,177,3,1,0,0,2
S01010937,Level 2,117,116,1,1,0,0,0
S01010937,Level 3,60,59,1,0,0,0,1
S01010937,Level 4 and above,132,126,6,0,0,2,4
S01010938,All people aged 16 and over,636,616,20,0,4,3,13
S01010938,No qualifications,249,246,3,0,0,0,3
S01010938,Level 1,205,200,5,0,0,2,3
S01010938,Level 2,64,61,3,0,0,0,3
S01010938,Level 3,42,39,3,0,1,1,1
S01010938,Level 4 and above,76,70,6,0,3,0,3
S01010939,All people aged 16 and over,421,402,19,2,3,1,13
S01010939,No qualifications,69,68,1,0,0,0,1
S01010939,Level 1,120,116,4,0,1,0,3
S01010939,Level 2,89,88,1,0,0,0,1
S01010939,Level 3,40,37,3,0,0,0,3
S01010939,Level 4 and above,103,93,10,2,2,1,5
S01010940,All people aged 16 and over,587,570,17,0,0,3,14
S01010940,No qualifications,69,66,3,0,0,1,2
S01010940,Level 1,152,150,2,0,0,1,1
S01010940,Level 2,123,122,1,0,0,0,1
S01010940,Level 3,60,59,1,0,0,1,0
S01010940,Level 4 and above,183,173,10,0,0,0,10
S01010941,All people aged 16 and over,716,688,28,1,1,2,24
S01010941,No qualifications,101,99,2,0,0,0,2
S01010941,Level 1,166,166,0,0,0,0,0
S01010941,Level 2,133,131,2,0,0,0,2
S01010941,Level 3,83,79,4,0,0,1,3
S01010941,Level 4 and above,233,213,20,1,1,1,17
S01010942,All people aged 16 and over,563,542,21,1,0,3,17
S01010942,No qualifications,91,89,2,0,0,1,1
S01010942,Level 1,123,119,4,0,0,2,2
S01010942,Level 2,118,113,5,0,0,0,5
S01010942,Level 3,56,55,1,0,0,0,1
S01010942,Level 4 and above,175,166,9,1,0,0,8
S01010943,All people aged 16 and over,486,459,27,4,3,6,14
S01010943,No qualifications,129,126,3,0,1,0,2
S01010943,Level 1,154,144,10,2,1,3,4
S01010943,Level 2,74,72,2,1,0,0,1
S01010943,Level 3,51,50,1,0,0,0,1
S01010943,Level 4 and above,78,67,11,1,1,3,6
S01010944,All people aged 16 and over,525,504,21,1,1,4,15
S01010944,No qualifications,211,207,4,1,0,0,3
S01010944,Level 1,108,105,3,0,0,0,3
S01010944,Level 2,102,100,2,0,0,0,2
S01010944,Level 3,34,33,1,0,0,0,1
S01010944,Level 4 and above,70,59,11,0,1,4,6
S01010945,All people aged 16 and over,441,427,14,0,3,3,8
S01010945,No qualifications,175,174,1,0,0,0,1
S01010945,Level 1,117,113,4,0,0,1,3
S01010945,Level 2,51,51,0,0,0,0,0
S01010945,Level 3,37,36,1,0,1,0,0
S01010945,Level 4 and above,61,53,8,0,2,2,4
S01010946,All people aged 16 and over,682,671,11,0,0,2,9
S01010946,No qualifications,244,243,1,0,0,0,1
S01010946,Level 1,212,209,3,0,0,1,2
S01010946,Level 2,99,98,1,0,0,0,1
S01010946,Level 3,54,54,0,0,0,0,0
S01010946,Level 4 and above,73,67,6,0,0,1,5
S01010947,All people aged 16 and over,440,419,21,6,0,1,14
S01010947,No qualifications,154,150,4,0,0,0,4
S01010947,Level 1,135,125,10,3,0,0,7
S01010947,Level 2,55,55,0,0,0,0,0
S01010947,Level 3,33,33,0,0,0,0,0
S01010947,Level 4 and above,63,56,7,3,0,1,3
S01010948,All people aged 16 and over,553,533,20,3,2,5,10
S01010948,No qualifications,181,178,3,1,0,0,2
S01010948,Level 1,165,163,2,0,0,1,1
S01010948,Level 2,81,80,1,0,0,1,0
S01010948,Level 3,59,57,2,0,0,0,2
S01010948,Level 4 and above,67,55,12,2,2,3,5
S01010949,All people aged 16 and over,832,805,27,1,1,2,23
S01010949,No qualifications,179,171,8,0,0,0,8
S01010949,Level 1,187,182,5,0,0,0,5
S01010949,Level 2,170,169,1,0,0,0,1
S01010949,Level 3,82,81,1,0,0,0,1
S01010949,Level 4 and above,214,202,12,1,1,2,8
S01010950,All people aged 16 and over,695,673,22,3,2,2,15
S01010950,No qualifications,176,174,2,1,0,0,1
S01010950,Level 1,190,188,2,0,0,0,2
S01010950,Level 2,120,120,0,0,0,0,0
S01010950,Level 3,65,62,3,1,0,0,2
S01010950,Level 4 and above,144,129,15,1,2,2,10
S01010951,All people aged 16 and over,507,472,35,0,2,3,30
S01010951,No qualifications,128,124,4,0,0,0,4
S01010951,Level 1,166,160,6,0,0,0,6
S01010951,Level 2,84,81,3,0,0,1,2
S01010951,Level 3,41,40,1,0,0,0,1
S01010951,Level 4 and above,88,67,21,0,2,2,17
S01010952,All people aged 16 and over,410,387,23,2,2,3,16
S01010952,No qualifications,76,73,3,0,0,0,3
S01010952,Level 1,128,121,7,0,0,1,6
S01010952,Level 2,81,80,1,0,0,0,1
S01010952,Level 3,37,35,2,0,0,0,2
S01010952,Level 4 and above,88,78,10,2,2,2,4
S01010953,All people aged 16 and over,467,454,13,0,0,0,13
S01010953,No qualifications,107,107,0,0,0,0,0
S01010953,Level 1,131,126,5,0,0,0,5
S01010953,Level 2,93,90,3,0,0,0,3
S01010953,Level 3,48,46,2,0,0,0,2
S01010953,Level 4 and above,88,85,3,0,0,0,3
S01010954,All people aged 16 and over,528,497,31,5,10,9,7
S01010954,No qualifications,87,83,4,0,1,2,1
S01010954,Level 1,190,179,11,1,4,2,4
S01010954,Level 2,105,103,2,0,1,1,0
S01010954,Level 3,48,45,3,1,2,0,0
S01010954,Level 4 and above,98,87,11,3,2,4,2
S01010955,All people aged 16 and over,720,640,80,6,16,19,39
S01010955,No qualifications,94,82,12,1,1,4,6
S01010955,Level 1,198,172,26,3,4,7,12
S01010955,Level 2,124,117,7,0,3,3,1
S01010955,Level 3,72,68,4,1,1,1,1
S01010955,Level 4 and above,232,201,31,1,7,4,19
S01010956,All people aged 16 and over,575,539,36,2,8,3,23
S01010956,No qualifications,122,116,6,0,0,1,5
S01010956,Level 1,111,109,2,0,1,0,1
S01010956,Level 2,67,64,3,1,0,0,2
S01010956,Level 3,51,48,3,0,0,0,3
S01010956,Level 4 and above,224,202,22,1,7,2,12
S01010957,All people aged 16 and over,473,446,27,2,2,10,13
S01010957,No qualifications,91,88,3,0,0,0,3
S01010957,Level 1,117,113,4,0,0,2,2
S01010957,Level 2,73,69,4,0,0,2,2
S01010957,Level 3,51,50,1,0,0,1,0
S01010957,Level 4 and above,141,126,15,2,2,5,6
S01010958,All people aged 16 and over,424,412,12,1,0,2,9
S01010958,No qualifications,128,127,1,0,0,0,1
S01010958,Level 1,84,83,1,0,0,0,1
S01010958,Level 2,65,64,1,0,0,0,1
S01010958,Level 3,31,31,0,0,0,0,0
S01010958,Level 4 and above,116,107,9,1,0,2,6
S01010959,All people aged 16 and over,486,451,35,2,2,6,25
S01010959,No qualifications,104,102,2,0,0,0,2
S01010959,Level 1,106,100,6,2,0,0,4
S01010959,Level 2,64,61,3,0,0,0,3
S01010959,Level 3,46,45,1,0,0,1,0
S01010959,Level 4 and above,166,143,23,0,2,5,16
S01010960,All people aged 16 and over,876,831,45,4,12,14,15
S01010960,No qualifications,296,289,7,0,3,0,4
S01010960,Level 1,247,235,12,0,4,5,3
S01010960,Level 2,114,111,3,0,1,1,1
S01010960,Level 3,52,50,2,0,0,1,1
S01010960,Level 4 and above,167,146,21,4,4,7,6
S01010961,All people aged 16 and over,472,452,20,2,1,2,15
S01010961,No qualifications,168,168,0,0,0,0,0
S01010961,Level 1,136,134,2,0,0,0,2
S01010961,Level 2,56,53,3,0,0,0,3
S01010961,Level 3,36,35,1,0,0,0,1
S01010961,Level 4 and above,76,62,14,2,1,2,9
S01010962,All people aged 16 and over,508,486,22,2,2,0,18
S01010962,No qualifications,220,217,3,0,0,0,3
S01010962,Level 1,104,97,7,1,0,0,6
S01010962,Level 2,47,47,0,0,0,0,0
S01010962,Level 3,37,32,5,1,1,0,3
S01010962,Level 4 and above,100,93,7,0,1,0,6
S01010963,All people aged 16 and over,766,732,34,0,3,8,23
S01010963,No qualifications,208,204,4,0,0,0,4
S01010963,Level 1,233,228,5,0,0,2,3
S01010963,Level 2,112,108,4,0,0,1,3
S01010963,Level 3,51,48,3,0,1,0,2
S01010963,Level 4 and above,162,144,18,0,2,5,11
S01010964,All people aged 16 and over,444,437,7,0,0,0,7
S01010964,No qualifications,157,157,0,0,0,0,0
S01010964,Level 1,126,123,3,0,0,0,3
S01010964,Level 2,63,62,1,0,0,0,1
S01010964,Level 3,35,34,1,0,0,0,1
S01010964,Level 4 and above,63,61,2,0,0,0,2
S01010965,All people aged 16 and over,419,395,24,1,4,4,15
S01010965,No qualifications,169,163,6,0,0,1,5
S01010965,Level 1,126,118,8,1,1,2,4
S01010965,Level 2,53,50,3,0,0,0,3
S01010965,Level 3,25,23,2,0,1,0,1
S01010965,Level 4 and above,46,41,5,0,2,1,2
S01010966,All people aged 16 and over,582,558,24,3,0,7,14
S01010966,No qualifications,229,225,4,1,0,0,3
S01010966,Level 1,172,165,7,1,0,0,6
S01010966,Level 2,71,67,4,0,0,0,4
S01010966,Level 3,45,43,2,1,0,0,1
S01010966,Level 4 and above,65,58,7,0,0,7,0
S01010967,All people aged 16 and over,552,535,17,1,1,5,10
S01010967,No qualifications,199,195,4,0,0,0,4
S01010967,Level 1,158,156,2,1,0,0,1
S01010967,Level 2,63,63,0,0,0,0,0
S01010967,Level 3,57,51,6,0,1,2,3
S01010967,Level 4 and above,75,70,5,0,0,3,2
S01010968,All people aged 16 and over,603,579,24,2,3,3,16
S01010968,No qualifications,158,153,5,1,0,0,4
S01010968,Level 1,195,187,8,0,2,1,5
S01010968,Level 2,87,84,3,1,1,0,1
S01010968,Level 3,59,59,0,0,0,0,0
S01010968,Level 4 and above,104,96,8,0,0,2,6
S01010969,All people aged 16 and over,545,513,32,4,4,4,20
S01010969,No qualifications,156,153,3,0,0,1,2
S01010969,Level 1,135,129,6,0,0,1,5
S01010969,Level 2,69,65,4,0,1,0,3
S01010969,Level 3,42,40,2,0,1,0,1
S01010969,Level 4 and above,143,126,17,4,2,2,9
S01010970,All people aged 16 and over,790,755,35,1,4,13,17
S01010970,No qualifications,242,239,3,0,0,0,3
S01010970,Level 1,211,205,6,0,1,4,1
S01010970,Level 2,107,107,0,0,0,0,0
S01010970,Level 3,71,69,2,0,0,0,2
S01010970,Level 4 and above,159,135,24,1,3,9,11
S01010971,All people aged 16 and over,825,794,31,1,3,3,24
S01010971,No qualifications,149,148,1,0,0,0,1
S01010971,Level 1,235,227,8,0,1,0,7
S01010971,Level 2,148,145,3,1,0,0,2
S01010971,Level 3,88,85,3,0,0,0,3
S01010971,Level 4 and above,205,189,16,0,2,3,11
S01010972,All people aged 16 and over,643,611,32,5,4,9,14
S01010972,No qualifications,217,214,3,0,0,0,3
S01010972,Level 1,212,202,10,2,2,2,4
S01010972,Level 2,92,89,3,1,0,1,1
S01010972,Level 3,65,61,4,0,0,1,3
S01010972,Level 4 and above,57,45,12,2,2,5,3
S01010973,All people aged 16 and over,419,410,9,0,0,2,7
S01010973,No qualifications,115,111,4,0,0,1,3
S01010973,Level 1,141,141,0,0,0,0,0
S01010973,Level 2,70,68,2,0,0,0,2
S01010973,Level 3,32,31,1,0,0,0,1
S01010973,Level 4 and above,61,59,2,0,0,1,1
S01010974,All people aged 16 and over,593,580,13,3,1,1,8
S01010974,No qualifications,286,283,3,0,0,0,3
S01010974,Level 1,139,136,3,1,0,0,2
S01010974,Level 2,72,69,3,0,1,1,1
S01010974,Level 3,41,40,1,0,0,0,1
S01010974,Level 4 and above,55,52,3,2,0,0,1
S01010975,All people aged 16 and over,380,366,14,0,0,3,11
S01010975,No qualifications,164,158,6,0,0,0,6
S01010975,Level 1,99,98,1,0,0,0,1
S01010975,Level 2,55,53,2,0,0,1,1
S01010975,Level 3,27,25,2,0,0,1,1
S01010975,Level 4 and above,35,32,3,0,0,1,2
S01010976,All people aged 16 and over,477,462,15,0,2,1,12
S01010976,No qualifications,157,153,4,0,0,0,4
S01010976,Level 1,129,126,3,0,0,0,3
S01010976,Level 2,70,68,2,0,0,0,2
S01010976,Level 3,29,27,2,0,0,0,2
S01010976,Level 4 and above,92,88,4,0,2,1,1
S01010977,All people aged 16 and over,604,592,12,0,0,2,10
S01010977,No qualifications,201,196,5,0,0,0,5
S01010977,Level 1,170,167,3,0,0,1,2
S01010977,Level 2,84,83,1,0,0,0,1
S01010977,Level 3,56,54,2,0,0,0,2
S01010977,Level 4 and above,93,92,1,0,0,1,0
S01010978,All people aged 16 and over,599,568,31,3,2,3,23
S01010978,No qualifications,225,222,3,0,0,0,3
S01010978,Level 1,173,167,6,2,0,0,4
S01010978,Level 2,81,76,5,0,2,0,3
S01010978,Level 3,45,42,3,0,0,0,3
S01010978,Level 4 and above,75,61,14,1,0,3,10
S01010979,All people aged 16 and over,651,611,40,4,2,8,26
S01010979,No qualifications,198,185,13,0,0,3,10
S01010979,Level 1,224,218,6,1,0,0,5
S01010979,Level 2,82,79,3,0,0,0,3
S01010979,Level 3,59,54,5,0,0,1,4
S01010979,Level 4 and above,88,75,13,3,2,4,4
S01010980,All people aged 16 and over,601,580,21,0,0,3,18
S01010980,No qualifications,198,194,4,0,0,0,4
S01010980,Level 1,161,156,5,0,0,1,4
S01010980,Level 2,93,87,6,0,0,2,4
S01010980,Level 3,45,45,0,0,0,0,0
S01010980,Level 4 and above,104,98,6,0,0,0,6
S01010981,All people aged 16 and over,612,592,20,2,3,4,11
S01010981,No qualifications,229,225,4,1,2,0,1
S01010981,Level 1,152,151,1,0,0,1,0
S01010981,Level 2,75,73,2,0,0,0,2
S01010981,Level 3,50,48,2,0,0,2,0
S01010981,Level 4 and above,106,95,11,1,1,1,8
S01010982,All people aged 16 and over,1049,986,63,6,6,9,42
S01010982,No qualifications,206,190,16,1,4,4,7
S01010982,Level 1,225,212,13,0,1,1,11
S01010982,Level 2,143,139,4,0,0,0,4
S01010982,Level 3,85,82,3,0,0,1,2
S01010982,Level 4 and above,390,363,27,5,1,3,18
S01010983,All people aged 16 and over,665,643,22,2,3,4,13
S01010983,No qualifications,204,203,1,0,0,0,1
S01010983,Level 1,188,184,4,1,1,1,1
S01010983,Level 2,88,87,1,1,0,0,0
S01010983,Level 3,41,41,0,0,0,0,0
S01010983,Level 4 and above,144,128,16,0,2,3,11
S01010984,All people aged 16 and over,578,565,13,0,0,1,12
S01010984,No qualifications,163,159,4,0,0,0,4
S01010984,Level 1,152,150,2,0,0,1,1
S01010984,Level 2,90,90,0,0,0,0,0
S01010984,Level 3,58,55,3,0,0,0,3
S01010984,Level 4 and above,115,111,4,0,0,0,4
S01010985,All people aged 16 and over,503,475,28,4,8,1,15
S01010985,No qualifications,155,147,8,2,2,0,4
S01010985,Level 1,131,125,6,1,5,0,0
S01010985,Level 2,88,84,4,0,0,0,4
S01010985,Level 3,51,49,2,0,0,0,2
S01010985,Level 4 and above,78,70,8,1,1,1,5
S01010986,All people aged 16 and over,397,373,24,1,1,8,14
S01010986,No qualifications,46,42,4,0,1,1,2
S01010986,Level 1,104,100,4,0,0,0,4
S01010986,Level 2,93,92,1,0,0,0,1
S01010986,Level 3,47,45,2,0,0,1,1
S01010986,Level 4 and above,107,94,13,1,0,6,6
S01010987,All people aged 16 and over,453,433,20,0,3,7,10
S01010987,No qualifications,54,51,3,0,0,1,2
S01010987,Level 1,110,107,3,0,1,0,2
S01010987,Level 2,87,86,1,0,0,0,1
S01010987,Level 3,57,53,4,0,2,1,1
S01010987,Level 4 and above,145,136,9,0,0,5,4
S01010988,All people aged 16 and over,450,435,15,1,0,0,14
S01010988,No qualifications,62,59,3,0,0,0,3
S01010988,Level 1,119,118,1,0,0,0,1
S01010988,Level 2,101,99,2,0,0,0,2
S01010988,Level 3,47,45,2,0,0,0,2
S01010988,Level 4 and above,121,114,7,1,0,0,6
S01010989,All people aged 16 and over,692,658,34,2,5,5,22
S01010989,No qualifications,36,36,0,0,0,0,0
S01010989,Level 1,175,171,4,0,0,1,3
S01010989,Level 2,155,154,1,0,0,0,1
S01010989,Level 3,80,78,2,0,0,0,2
S01010989,Level 4 and above,246,219,27,2,5,4,16
S01010990,All people aged 16 and over,636,596,40,1,7,7,25
S01010990,No qualifications,218,205,13,0,1,5,7
S01010990,Level 1,179,172,7,0,0,0,7
S01010990,Level 2,103,102,1,0,0,0,1
S01010990,Level 3,45,42,3,0,1,0,2
S01010990,Level 4 and above,91,75,16,1,5,2,8
S01010991,All people aged 16 and over,435,413,22,1,1,7,13
S01010991,No qualifications,108,104,4,1,0,0,3
S01010991,Level 1,124,118,6,0,0,3,3
S01010991,Level 2,63,63,0,0,0,0,0
S01010991,Level 3,46,44,2,0,0,1,1
S01010991,Level 4 and above,94,84,10,0,1,3,6
S01010992,All people aged 16 and over,402,359,43,4,1,9,29
S01010992,No qualifications,39,35,4,0,0,0,4
S01010992,Level 1,96,91,5,0,1,0,4
S01010992,Level 2,48,41,7,1,0,3,3
S01010992,Level 3,48,39,9,0,0,2,7
S01010992,Level 4 and above,171,153,18,3,0,4,11
S01010993,All people aged 16 and over,508,490,18,0,0,1,17
S01010993,No qualifications,130,124,6,0,0,0,6
S01010993,Level 1,130,130,0,0,0,0,0
S01010993,Level 2,78,76,2,0,0,0,2
S01010993,Level 3,52,49,3,0,0,0,3
S01010993,Level 4 and above,118,111,7,0,0,1,6
S01010994,All people aged 16 and over,896,850,46,6,4,6,30
S01010994,No qualifications,150,144,6,1,0,0,5
S01010994,Level 1,155,152,3,0,1,0,2
S01010994,Level 2,124,121,3,0,0,0,3
S01010994,Level 3,79,75,4,0,0,2,2
S01010994,Level 4 and above,388,358,30,5,3,4,18
S01010995,All people aged 16 and over,608,596,12,2,0,1,9
S01010995,No qualifications,99,97,2,0,0,0,2
S01010995,Level 1,164,162,2,2,0,0,0
S01010995,Level 2,121,121,0,0,0,0,0
S01010995,Level 3,71,69,2,0,0,0,2
S01010995,Level 4 and above,153,147,6,0,0,1,5
S01010996,All people aged 16 and over,514,490,24,1,2,4,17
S01010996,No qualifications,115,110,5,0,0,0,5
S01010996,Level 1,87,80,7,0,0,2,5
S01010996,Level 2,91,87,4,0,0,1,3
S01010996,Level 3,38,38,0,0,0,0,0
S01010996,Level 4 and above,183,175,8,1,2,1,4
S01010997,All people aged 16 and over,561,540,21,0,0,3,18
S01010997,No qualifications,107,104,3,0,0,1,2
S01010997,Level 1,127,125,2,0,0,0,2
S01010997,Level 2,83,80,3,0,0,0,3
S01010997,Level 3,43,42,1,0,0,0,1
S01010997,Level 4 and above,201,189,12,0,0,2,10
S01010998,All people aged 16 and over,495,466,29,1,0,2,26
S01010998,No qualifications,66,63,3,0,0,0,3
S01010998,Level 1,69,66,3,0,0,0,3
S01010998,Level 2,78,75,3,0,0,1,2
S01010998,Level 3,33,30,3,0,0,1,2
S01010998,Level 4 and above,249,232,17,1,0,0,16
S01010999,All people aged 16 and over,746,703,43,7,5,9,22
S01010999,No qualifications,165,158,7,0,2,1,4
S01010999,Level 1,120,117,3,1,0,2,0
S01010999,Level 2,99,92,7,0,2,3,2
S01010999,Level 3,55,49,6,3,0,0,3
S01010999,Level 4 and above,307,287,20,3,1,3,13
S01011000,All people aged 16 and over,680,647,33,0,4,1,28
S01011000,No qualifications,172,165,7,0,0,0,7
S01011000,Level 1,147,144,3,0,0,0,3
S01011000,Level 2,105,101,4,0,0,0,4
S01011000,Level 3,72,69,3,0,2,0,1
S01011000,Level 4 and above,184,168,16,0,2,1,13
S01011001,All people aged 16 and over,534,520,14,3,3,3,5
S01011001,No qualifications,210,204,6,2,0,0,4
S01011001,Level 1,162,161,1,0,0,1,0
S01011001,Level 2,56,56,0,0,0,0,0
S01011001,Level 3,43,41,2,1,0,0,1
S01011001,Level 4 and above,63,58,5,0,3,2,0
S01011002,All people aged 16 and over,594,572,22,1,4,3,14
S01011002,No qualifications,226,220,6,0,0,0,6
S01011002,Level 1,180,176,4,0,0,0,4
S01011002,Level 2,81,80,1,0,1,0,0
S01011002,Level 3,35,35,0,0,0,0,0
S01011002,Level 4 and above,72,61,11,1,3,3,4
S01011003,All people aged 16 and over,553,537,16,2,0,3,11
S01011003,No qualifications,194,190,4,0,0,0,4
S01011003,Level 1,194,189,5,2,0,1,2
S01011003,Level 2,66,65,1,0,0,0,1
S01011003,Level 3,39,36,3,0,0,1,2
S01011003,Level 4 and above,60,57,3,0,0,1,2
S01011004,All people aged 16 and over,486,454,32,2,3,8,19
S01011004,No qualifications,110,100,10,1,0,0,9
S01011004,Level 1,143,139,4,0,2,1,1
S01011004,Level 2,68,68,0,0,0,0,0
S01011004,Level 3,47,45,2,0,0,0,2
S01011004,Level 4 and above,118,102,16,1,1,7,7
S01011005,All people aged 16 and over,556,535,21,2,5,3,11
S01011005,No qualifications,203,200,3,1,0,0,2
S01011005,Level 1,137,136,1,0,0,0,1
S01011005,Level 2,72,72,0,0,0,0,0
S01011005,Level 3,56,52,4,1,1,0,2
S01011005,Level 4 and above,88,75,13,0,4,3,6
S01011006,All people aged 16 and over,804,759,45,2,4,16,23
S01011006,No qualifications,219,213,6,1,0,1,4
S01011006,Level 1,238,228,10,1,0,2,7
S01011006,Level 2,108,104,4,0,0,1,3
S01011006,Level 3,64,58,6,0,0,3,3
S01011006,Level 4 and above,175,156,19,0,4,9,6
S01011007,All people aged 16 and over,542,514,28,3,4,8,13
S01011007,No qualifications,238,235,3,0,0,1,2
S01011007,Level 1,156,148,8,0,1,4,3
S01011007,Level 2,69,64,5,0,0,1,4
S01011007,Level 3,30,29,1,0,0,0,1
S01011007,Level 4 and above,49,38,11,3,3,2,3
S01011008,All people aged 16 and over,653,635,18,0,1,6,11
S01011008,No qualifications,252,249,3,0,0,0,3
S01011008,Level 1,203,196,7,0,0,3,4
S01011008,Level 2,83,82,1,0,0,0,1
S01011008,Level 3,43,43,0,0,0,0,0
S01011008,Level 4 and above,72,65,7,0,1,3,3
S01011009,All people aged 16 and over,416,391,25,3,4,0,18
S01011009,No qualifications,146,139,7,0,0,0,7
S01011009,Level 1,142,136,6,1,0,0,5
S01011009,Level 2,48,46,2,0,0,0,2
S01011009,Level 3,38,35,3,1,2,0,0
S01011009,Level 4 and above,42,35,7,1,2,0,4
S01011010,All people aged 16 and over,510,457,53,5,10,19,19
S01011010,No qualifications,179,171,8,0,3,1,4
S01011010,Level 1,133,122,11,1,1,6,3
S01011010,Level 2,59,58,1,0,1,0,0
S01011010,Level 3,31,27,4,0,0,2,2
S01011010,Level 4 and above,108,79,29,4,5,10,10
S01011011,All people aged 16 and over,663,620,43,7,6,7,23
S01011011,No qualifications,267,259,8,0,1,2,5
S01011011,Level 1,196,183,13,2,3,2,6
S01011011,Level 2,65,63,2,1,0,0,1
S01011011,Level 3,53,47,6,1,1,0,4
S01011011,Level 4 and above,82,68,14,3,1,3,7
S01011012,All people aged 16 and over,540,504,36,4,10,8,14
S01011012,No qualifications,200,194,6,1,1,0,4
S01011012,Level 1,173,165,8,1,1,1,5
S01011012,Level 2,68,65,3,0,0,2,1
S01011012,Level 3,28,25,3,0,1,1,1
S01011012,Level 4 and above,71,55,16,2,7,4,3
S01011013,All people aged 16 and over,668,650,18,1,1,5,11
S01011013,No qualifications,252,247,5,0,0,0,5
S01011013,Level 1,211,208,3,0,0,2,1
S01011013,Level 2,75,74,1,0,0,0,1
S01011013,Level 3,52,48,4,0,0,2,2
S01011013,Level 4 and above,78,73,5,1,1,1,2
S01011014,All people aged 16 and over,691,662,29,3,6,9,11
S01011014,No qualifications,183,179,4,0,2,0,2
S01011014,Level 1,204,193,11,1,1,5,4
S01011014,Level 2,109,107,2,0,0,1,1
S01011014,Level 3,77,73,4,0,3,0,1
S01011014,Level 4 and above,118,110,8,2,0,3,3
S01011015,All people aged 16 and over,380,372,8,0,0,2,6
S01011015,No qualifications,121,117,4,0,0,0,4
S01011015,Level 1,111,109,2,0,0,1,1
S01011015,Level 2,60,60,0,0,0,0,0
S01011015,Level 3,39,39,0,0,0,0,0
S01011015,Level 4 and above,49,47,2,0,0,1,1
S01011016,All people aged 16 and over,632,571,61,8,11,17,25
S01011016,No qualifications,72,63,9,1,2,2,4
S01011016,Level 1,154,143,11,0,1,2,8
S01011016,Level 2,116,111,5,1,1,3,0
S01011016,Level 3,86,79,7,0,1,2,4
S01011016,Level 4 and above,204,175,29,6,6,8,9
S01011017,All people aged 16 and over,692,649,43,1,2,12,28
S01011017,No qualifications,106,103,3,0,0,0,3
S01011017,Level 1,143,135,8,0,1,1,6
S01011017,Level 2,96,91,5,0,0,2,3
S01011017,Level 3,65,58,7,0,0,5,2
S01011017,Level 4 and above,282,262,20,1,1,4,14
S01011018,All people aged 16 and over,709,688,21,0,3,1,17
S01011018,No qualifications,234,232,2,0,0,0,2
S01011018,Level 1,185,182,3,0,0,0,3
S01011018,Level 2,81,80,1,0,0,0,1
S01011018,Level 3,56,56,0,0,0,0,0
S01011018,Level 4 and above,153,138,15,0,3,1,11
S01011019,All people aged 16 and over,794,739,55,8,2,13,32
S01011019,No qualifications,160,148,12,5,0,1,6
S01011019,Level 1,177,166,11,0,0,5,6
S01011019,Level 2,100,97,3,0,0,0,3
S01011019,Level 3,77,73,4,1,0,0,3
S01011019,Level 4 and above,280,255,25,2,2,7,14
S01011020,All people aged 16 and over,378,358,20,0,4,3,13
S01011020,No qualifications,65,64,1,0,0,0,1
S01011020,Level 1,68,66,2,0,1,0,1
S01011020,Level 2,60,58,2,0,1,0,1
S01011020,Level 3,45,43,2,0,2,0,0
S01011020,Level 4 and above,140,127,13,0,0,3,10
S01011021,All people aged 16 and over,719,681,38,3,4,14,17
S01011021,No qualifications,274,267,7,1,0,1,5
S01011021,Level 1,215,202,13,2,1,2,8
S01011021,Level 2,89,86,3,0,0,1,2
S01011021,Level 3,56,50,6,0,0,6,0
S01011021,Level 4 and above,85,76,9,0,3,4,2
S01011022,All people aged 16 and over,451,419,32,2,10,12,8
S01011022,No qualifications,189,185,4,0,0,0,4
S01011022,Level 1,151,142,9,1,2,4,2
S01011022,Level 2,51,46,5,0,1,3,1
S01011022,Level 3,16,14,2,0,0,1,1
S01011022,Level 4 and above,44,32,12,1,7,4,0
S01011023,All people aged 16 and over,665,646,19,4,3,2,10
S01011023,No qualifications,238,235,3,0,0,0,3
S01011023,Level 1,206,200,6,3,1,0,2
S01011023,Level 2,78,76,2,0,0,0,2
S01011023,Level 3,54,53,1,0,0,0,1
S01011023,Level 4 and above,89,82,7,1,2,2,2
S01011024,All people aged 16 and over,586,546,40,4,12,11,13
S01011024,No qualifications,194,186,8,0,3,1,4
S01011024,Level 1,221,209,12,1,6,1,4
S01011024,Level 2,63,60,3,1,0,0,2
S01011024,Level 3,52,45,7,0,3,3,1
S01011024,Level 4 and above,56,46,10,2,0,6,2
S01011025,All people aged 16 and over,556,528,28,0,3,13,12
S01011025,No qualifications,203,200,3,0,1,0,2
S01011025,Level 1,187,180,7,0,0,4,3
S01011025,Level 2,75,75,0,0,0,0,0
S01011025,Level 3,40,36,4,0,0,1,3
S01011025,Level 4 and above,51,37,14,0,2,8,4
S01011026,All people aged 16 and over,456,445,11,0,0,7,4
S01011026,No qualifications,182,178,4,0,0,2,2
S01011026,Level 1,148,148,0,0,0,0,0
S01011026,Level 2,72,71,1,0,0,1,0
S01011026,Level 3,25,23,2,0,0,1,1
S01011026,Level 4 and above,29,25,4,0,0,3,1
S01011027,All people aged 16 and over,706,654,52,2,14,11,25
S01011027,No qualifications,283,271,12,1,2,2,7
S01011027,Level 1,218,202,16,0,5,3,8
S01011027,Level 2,97,93,4,0,1,0,3
S01011027,Level 3,35,33,2,0,0,0,2
S01011027,Level 4 and above,73,55,18,1,6,6,5
S01011028,All people aged 16 and over,739,722,17,2,1,6,8
S01011028,No qualifications,281,277,4,1,1,0,2
S01011028,Level 1,255,250,5,0,0,2,3
S01011028,Level 2,75,75,0,0,0,0,0
S01011028,Level 3,60,60,0,0,0,0,0
S01011028,Level 4 and above,68,60,8,1,0,4,3
S01011029,All people aged 16 and over,509,481,28,2,9,7,10
S01011029,No qualifications,168,162,6,0,1,1,4
S01011029,Level 1,173,168,5,2,2,0,1
S01011029,Level 2,65,62,3,0,1,0,2
S01011029,Level 3,41,38,3,0,1,1,1
S01011029,Level 4 and above,62,51,11,0,4,5,2
S01011030,All people aged 16 and over,798,763,35,1,2,8,24
S01011030,No qualifications,201,192,9,0,0,1,8
S01011030,Level 1,263,254,9,1,1,1,6
S01011030,Level 2,138,136,2,0,0,0,2
S01011030,Level 3,71,69,2,0,0,1,1
S01011030,Level 4 and above,125,112,13,0,1,5,7
S01011031,All people aged 16 and over,576,569,7,0,0,1,6
S01011031,No qualifications,231,229,2,0,0,0,2
S01011031,Level 1,182,180,2,0,0,0,2
S01011031,Level 2,67,67,0,0,0,0,0
S01011031,Level 3,36,35,1,0,0,0,1
S01011031,Level 4 and above,60,58,2,0,0,1,1
S01011032,All people aged 16 and over,652,639,13,0,1,0,12
S01011032,No qualifications,241,239,2,0,0,0,2
S01011032,Level 1,200,195,5,0,0,0,5
S01011032,Level 2,93,91,2,0,0,0,2
S01011032,Level 3,53,52,1,0,0,0,1
S01011032,Level 4 and above,65,62,3,0,1,0,2
S01011033,All people aged 16 and over,524,508,16,4,0,1,11
S01011033,No qualifications,144,141,3,1,0,0,2
S01011033,Level 1,151,148,3,0,0,0,3
S01011033,Level 2,75,74,1,0,0,0,1
S01011033,Level 3,48,45,3,0,0,0,3
S01011033,Level 4 and above,106,100,6,3,0,1,2
S01011034,All people aged 16 and over,563,536,27,2,7,0,18
S01011034,No qualifications,240,236,4,1,1,0,2
S01011034,Level 1,117,113,4,0,0,0,4
S01011034,Level 2,72,70,2,0,1,0,1
S01011034,Level 3,38,33,5,0,3,0,2
S01011034,Level 4 and above,96,84,12,1,2,0,9
S01011035,All people aged 16 and over,517,495,22,4,3,6,9
S01011035,No qualifications,168,165,3,0,1,1,1
S01011035,Level 1,155,149,6,2,0,1,3
S01011035,Level 2,56,50,6,1,2,1,2
S01011035,Level 3,47,46,1,0,0,1,0
S01011035,Level 4 and above,91,85,6,1,0,2,3
S01011036,All people aged 16 and over,541,525,16,3,1,3,9
S01011036,No qualifications,150,148,2,0,0,0,2
S01011036,Level 1,134,131,3,1,0,0,2
S01011036,Level 2,98,96,2,0,0,0,2
S01011036,Level 3,43,41,2,0,0,0,2
S01011036,Level 4 and above,116,109,7,2,1,3,1
S01011037,All people aged 16 and over,742,717,25,2,4,6,13
S01011037,No qualifications,238,234,4,0,0,0,4
S01011037,Level 1,237,234,3,0,0,0,3
S01011037,Level 2,87,84,3,0,0,1,2
S01011037,Level 3,72,68,4,1,1,2,0
S01011037,Level 4 and above,108,97,11,1,3,3,4
S01011038,All people aged 16 and over,663,643,20,4,0,5,11
S01011038,No qualifications,261,255,6,2,0,1,3
S01011038,Level 1,221,217,4,0,0,1,3
S01011038,Level 2,87,85,2,1,0,1,0
S01011038,Level 3,53,50,3,0,0,1,2
S01011038,Level 4 and above,41,36,5,1,0,1,3
S01011039,All people aged 16 and over,676,643,33,3,7,5,18
S01011039,No qualifications,218,210,8,0,1,2,5
S01011039,Level 1,187,181,6,1,1,0,4
S01011039,Level 2,89,88,1,0,0,0,1
S01011039,Level 3,57,55,2,1,1,0,0
S01011039,Level 4 and above,125,109,16,1,4,3,8
S01011040,All people aged 16 and over,562,546,16,0,2,3,11
S01011040,No qualifications,195,194,1,0,0,0,1
S01011040,Level 1,190,186,4,0,1,0,3
S01011040,Level 2,83,82,1,0,0,0,1
S01011040,Level 3,47,45,2,0,1,0,1
S01011040,Level 4 and above,47,39,8,0,0,3,5
S01011041,All people aged 16 and over,629,611,18,0,2,7,9
S01011041,No qualifications,239,231,8,0,2,2,4
S01011041,Level 1,207,203,4,0,0,3,1
S01011041,Level 2,61,59,2,0,0,0,2
S01011041,Level 3,41,40,1,0,0,1,0
S01011041,Level 4 and above,81,78,3,0,0,1,2
S01011042,All people aged 16 and over,642,618,24,2,2,1,19
S01011042,No qualifications,143,136,7,2,0,0,5
S01011042,Level 1,181,175,6,0,0,1,5
S01011042,Level 2,94,93,1,0,0,0,1
S01011042,Level 3,64,63,1,0,1,0,0
S01011042,Level 4 and above,160,151,9,0,1,0,8
S01011043,All people aged 16 and over,561,535,26,2,1,9,14
S01011043,No qualifications,204,201,3,0,0,1,2
S01011043,Level 1,161,155,6,1,0,1,4
S01011043,Level 2,61,60,1,0,0,0,1
S01011043,Level 3,51,48,3,0,0,2,1
S01011043,Level 4 and above,84,71,13,1,1,5,6
S01011044,All people aged 16 and over,568,544,24,6,1,1,16
S01011044,No qualifications,185,179,6,1,0,1,4
S01011044,Level 1,201,194,7,3,0,0,4
S01011044,Level 2,67,66,1,0,0,0,1
S01011044,Level 3,40,36,4,0,0,0,4
S01011044,Level 4 and above,75,69,6,2,1,0,3
S01011045,All people aged 16 and over,644,611,33,0,7,5,21
S01011045,No qualifications,165,162,3,0,0,0,3
S01011045,Level 1,158,154,4,0,0,1,3
S01011045,Level 2,86,85,1,0,0,0,1
S01011045,Level 3,64,58,6,0,3,1,2
S01011045,Level 4 and above,171,152,19,0,4,3,12
S01011046,All people aged 16 and over,717,696,21,0,0,2,19
S01011046,No qualifications,197,194,3,0,0,0,3
S01011046,Level 1,179,174,5,0,0,1,4
S01011046,Level 2,98,95,3,0,0,0,3
S01011046,Level 3,63,60,3,0,0,1,2
S01011046,Level 4 and above,180,173,7,0,0,0,7
S01011047,All people aged 16 and over,789,753,36,2,8,1,25
S01011047,No qualifications,202,195,7,0,5,0,2
S01011047,Level 1,195,186,9,0,2,0,7
S01011047,Level 2,125,122,3,0,1,0,2
S01011047,Level 3,73,71,2,1,0,0,1
S01011047,Level 4 and above,194,179,15,1,0,1,13
S01011048,All people aged 16 and over,805,774,31,2,8,6,15
S01011048,No qualifications,285,279,6,0,2,1,3
S01011048,Level 1,190,184,6,0,3,2,1
S01011048,Level 2,121,117,4,0,0,0,4
S01011048,Level 3,59,55,4,0,0,1,3
S01011048,Level 4 and above,150,139,11,2,3,2,4
S01011049,All people aged 16 and over,581,559,22,1,4,4,13
S01011049,No qualifications,227,224,3,0,0,1,2
S01011049,Level 1,151,141,10,0,2,1,7
S01011049,Level 2,63,61,2,0,1,0,1
S01011049,Level 3,43,42,1,0,0,1,0
S01011049,Level 4 and above,97,91,6,1,1,1,3
S01011050,All people aged 16 and over,651,625,26,2,0,1,23
S01011050,No qualifications,167,162,5,0,0,0,5
S01011050,Level 1,142,139,3,0,0,0,3
S01011050,Level 2,85,82,3,0,0,0,3
S01011050,Level 3,71,69,2,0,0,0,2
S01011050,Level 4 and above,186,173,13,2,0,1,10
S01011051,All people aged 16 and over,780,745,35,3,6,5,21
S01011051,No qualifications,242,236,6,1,0,0,5
S01011051,Level 1,201,189,12,0,5,3,4
S01011051,Level 2,102,100,2,0,0,0,2
S01011051,Level 3,65,63,2,0,0,1,1
S01011051,Level 4 and above,170,157,13,2,1,1,9
S01011052,All people aged 16 and over,712,660,52,8,20,8,16
S01011052,No qualifications,247,230,17,1,9,1,6
S01011052,Level 1,166,148,18,5,6,4,3
S01011052,Level 2,78,78,0,0,0,0,0
S01011052,Level 3,55,51,4,0,2,0,2
S01011052,Level 4 and above,166,153,13,2,3,3,5
S01011053,All people aged 16 and over,535,497,38,6,10,10,12
S01011053,No qualifications,154,153,1,0,1,0,0
S01011053,Level 1,187,171,16,2,2,4,8
S01011053,Level 2,63,63,0,0,0,0,0
S01011053,Level 3,45,40,5,2,2,1,0
S01011053,Level 4 and above,86,70,16,2,5,5,4
S01011054,All people aged 16 and over,442,419,23,4,2,4,13
S01011054,No qualifications,140,137,3,0,0,1,2
S01011054,Level 1,102,96,6,3,1,1,1
S01011054,Level 2,44,43,1,0,0,0,1
S01011054,Level 3,36,34,2,0,0,0,2
S01011054,Level 4 and above,120,109,11,1,1,2,7
S01011055,All people aged 16 and over,453,434,19,3,2,1,13
S01011055,No qualifications,108,103,5,3,0,0,2
S01011055,Level 1,120,113,7,0,0,0,7
S01011055,Level 2,53,53,0,0,0,0,0
S01011055,Level 3,43,42,1,0,0,0,1
S01011055,Level 4 and above,129,123,6,0,2,1,3
S01011056,All people aged 16 and over,555,535,20,0,3,0,17
S01011056,No qualifications,140,139,1,0,0,0,1
S01011056,Level 1,158,151,7,0,2,0,5
S01011056,Level 2,63,61,2,0,1,0,1
S01011056,Level 3,40,39,1,0,0,0,1
S01011056,Level 4 and above,154,145,9,0,0,0,9
S01011057,All people aged 16 and over,475,465,10,0,1,1,8
S01011057,No qualifications,173,172,1,0,0,0,1
S01011057,Level 1,122,122,0,0,0,0,0
S01011057,Level 2,65,64,1,0,0,0,1
S01011057,Level 3,41,40,1,0,0,0,1
S01011057,Level 4 and above,74,67,7,0,1,1,5
S01011058,All people aged 16 and over,523,497,26,1,2,2,21
S01011058,No qualifications,128,125,3,0,0,1,2
S01011058,Level 1,124,121,3,0,0,1,2
S01011058,Level 2,72,70,2,0,0,0,2
S01011058,Level 3,56,52,4,0,1,0,3
S01011058,Level 4 and above,143,129,14,1,1,0,12
S01011059,All people aged 16 and over,510,485,25,2,3,0,20
S01011059,No qualifications,144,138,6,0,1,0,5
S01011059,Level 1,132,130,2,0,0,0,2
S01011059,Level 2,77,76,1,1,0,0,0
S01011059,Level 3,39,39,0,0,0,0,0
S01011059,Level 4 and above,118,102,16,1,2,0,13
S01011060,All people aged 16 and over,780,756,24,0,3,4,17
S01011060,No qualifications,267,258,9,0,1,0,8
S01011060,Level 1,195,191,4,0,0,1,3
S01011060,Level 2,115,114,1,0,0,0,1
S01011060,Level 3,53,50,3,0,1,1,1
S01011060,Level 4 and above,150,143,7,0,1,2,4
S01011061,All people aged 16 and over,699,684,15,0,1,4,10
S01011061,No qualifications,289,286,3,0,0,0,3
S01011061,Level 1,214,210,4,0,0,2,2
S01011061,Level 2,79,77,2,0,0,0,2
S01011061,Level 3,63,62,1,0,0,1,0
S01011061,Level 4 and above,54,49,5,0,1,1,3
S01011062,All people aged 16 and over,755,740,15,1,2,3,9
S01011062,No qualifications,262,259,3,0,2,0,1
S01011062,Level 1,217,212,5,0,0,1,4
S01011062,Level 2,118,117,1,0,0,0,1
S01011062,Level 3,55,55,0,0,0,0,0
S01011062,Level 4 and above,103,97,6,1,0,2,3
S01011063,All people aged 16 and over,855,837,18,1,4,1,12
S01011063,No qualifications,340,336,4,0,0,0,4
S01011063,Level 1,261,256,5,1,1,0,3
S01011063,Level 2,88,86,2,0,0,0,2
S01011063,Level 3,63,62,1,0,0,1,0
S01011063,Level 4 and above,103,97,6,0,3,0,3
S01011064,All people aged 16 and over,860,838,22,2,2,4,14
S01011064,No qualifications,310,304,6,0,0,0,6
S01011064,Level 1,222,220,2,0,0,1,1
S01011064,Level 2,120,117,3,1,0,0,2
S01011064,Level 3,59,58,1,0,0,0,1
S01011064,Level 4 and above,149,139,10,1,2,3,4
S01011065,All people aged 16 and over,592,571,21,3,0,5,13
S01011065,No qualifications,162,159,3,0,0,2,1
S01011065,Level 1,155,151,4,0,0,0,4
S01011065,Level 2,64,62,2,0,0,0,2
S01011065,Level 3,62,60,2,1,0,1,0
S01011065,Level 4 and above,149,139,10,2,0,2,6
S01011066,All people aged 16 and over,427,411,16,1,1,5,9
S01011066,No qualifications,111,109,2,0,0,1,1
S01011066,Level 1,122,118,4,0,0,3,1
S01011066,Level 2,52,51,1,0,1,0,0
S01011066,Level 3,38,35,3,0,0,1,2
S01011066,Level 4 and above,104,98,6,1,0,0,5
S01011067,All people aged 16 and over,478,458,20,1,0,5,14
S01011067,No qualifications,144,142,2,0,0,0,2
S01011067,Level 1,132,128,4,1,0,2,1
S01011067,Level 2,54,52,2,0,0,0,2
S01011067,Level 3,39,36,3,0,0,0,3
S01011067,Level 4 and above,109,100,9,0,0,3,6
S01011068,All people aged 16 and over,421,413,8,0,2,2,4
S01011068,No qualifications,124,124,0,0,0,0,0
S01011068,Level 1,142,139,3,0,1,1,1
S01011068,Level 2,51,51,0,0,0,0,0
S01011068,Level 3,35,33,2,0,0,1,1
S01011068,Level 4 and above,69,66,3,0,1,0,2
S01011069,All people aged 16 and over,467,455,12,0,2,1,9
S01011069,No qualifications,142,142,0,0,0,0,0
S01011069,Level 1,113,111,2,0,0,0,2
S01011069,Level 2,69,68,1,0,0,0,1
S01011069,Level 3,39,35,4,0,1,0,3
S01011069,Level 4 and above,104,99,5,0,1,1,3
S01011070,All people aged 16 and over,510,503,7,0,2,0,5
S01011070,No qualifications,159,157,2,0,0,0,2
S01011070,Level 1,130,129,1,0,0,0,1
S01011070,Level 2,70,69,1,0,0,0,1
S01011070,Level 3,46,46,0,0,0,0,0
S01011070,Level 4 and above,105,102,3,0,2,0,1
S01011071,All people aged 16 and over,726,707,19,1,3,5,10
S01011071,No qualifications,191,188,3,0,0,1,2
S01011071,Level 1,191,184,7,0,2,1,4
S01011071,Level 2,106,103,3,1,0,2,0
S01011071,Level 3,74,74,0,0,0,0,0
S01011071,Level 4 and above,164,158,6,0,1,1,4
S01011072,All people aged 16 and over,801,784,17,2,1,3,11
S01011072,No qualifications,226,222,4,1,0,0,3
S01011072,Level 1,214,210,4,0,1,0,3
S01011072,Level 2,130,128,2,0,0,1,1
S01011072,Level 3,76,73,3,1,0,1,1
S01011072,Level 4 and above,155,151,4,0,0,1,3
S01011073,All people aged 16 and over,596,572,24,3,2,4,15
S01011073,No qualifications,170,166,4,0,0,0,4
S01011073,Level 1,174,169,5,0,0,2,3
S01011073,Level 2,86,85,1,0,0,0,1
S01011073,Level 3,51,48,3,0,1,1,1
S01011073,Level 4 and above,115,104,11,3,1,1,6
S01011074,All people aged 16 and over,509,494,15,1,4,2,8
S01011074,No qualifications,157,156,1,0,0,0,1
S01011074,Level 1,150,145,5,0,2,1,2
S01011074,Level 2,65,62,3,0,0,0,3
S01011074,Level 3,54,53,1,0,0,0,1
S01011074,Level 4 and above,83,78,5,1,2,1,1
S01011075,All people aged 16 and over,570,553,17,0,4,2,11
S01011075,No qualifications,258,253,5,0,1,1,3
S01011075,Level 1,176,171,5,0,2,1,2
S01011075,Level 2,71,67,4,0,0,0,4
S01011075,Level 3,30,28,2,0,1,0,1
S01011075,Level 4 and above,35,34,1,0,0,0,1
S01011076,All people aged 16 and over,605,580,25,3,5,4,13
S01011076,No qualifications,219,209,10,1,3,1,5
S01011076,Level 1,171,163,8,1,1,2,4
S01011076,Level 2,87,84,3,1,1,0,1
S01011076,Level 3,44,44,0,0,0,0,0
S01011076,Level 4 and above,84,80,4,0,0,1,3
S01011077,All people aged 16 and over,586,571,15,0,6,3,6
S01011077,No qualifications,239,235,4,0,2,1,1
S01011077,Level 1,187,182,5,0,3,0,2
S01011077,Level 2,62,59,3,0,0,1,2
S01011077,Level 3,43,42,1,0,0,1,0
S01011077,Level 4 and above,55,53,2,0,1,0,1
S01011078,All people aged 16 and over,941,923,18,2,2,3,11
S01011078,No qualifications,258,249,9,2,0,1,6
S01011078,Level 1,267,262,5,0,2,1,2
S01011078,Level 2,140,140,0,0,0,0,0
S01011078,Level 3,86,84,2,0,0,0,2
S01011078,Level 4 and above,190,188,2,0,0,1,1
S01011079,All people aged 16 and over,888,822,66,10,21,15,20
S01011079,No qualifications,273,252,21,4,7,2,8
S01011079,Level 1,245,229,16,2,6,2,6
S01011079,Level 2,115,108,7,1,2,2,2
S01011079,Level 3,100,92,8,1,2,4,1
S01011079,Level 4 and above,155,141,14,2,4,5,3
S01011080,All people aged 16 and over,838,807,31,1,5,9,16
S01011080,No qualifications,315,307,8,0,0,2,6
S01011080,Level 1,218,209,9,0,4,1,4
S01011080,Level 2,94,91,3,0,0,0,3
S01011080,Level 3,72,67,5,1,1,2,1
S01011080,Level 4 and above,139,133,6,0,0,4,2
S01011081,All people aged 16 and over,662,651,11,1,1,4,5
S01011081,No qualifications,221,220,1,0,0,1,0
S01011081,Level 1,223,221,2,0,1,1,0
S01011081,Level 2,80,77,3,0,0,0,3
S01011081,Level 3,59,57,2,1,0,1,0
S01011081,Level 4 and above,79,76,3,0,0,1,2
S01011082,All people aged 16 and over,474,465,9,2,2,2,3
S01011082,No qualifications,224,223,1,0,0,0,1
S01011082,Level 1,137,137,0,0,0,0,0
S01011082,Level 2,39,38,1,0,0,0,1
S01011082,Level 3,18,18,0,0,0,0,0
S01011082,Level 4 and above,56,49,7,2,2,2,1
S01011083,All people aged 16 and over,648,617,31,4,4,7,16
S01011083,No qualifications,200,199,1,0,0,0,1
S01011083,Level 1,170,161,9,1,1,2,5
S01011083,Level 2,69,66,3,0,1,0,2
S01011083,Level 3,68,64,4,1,1,1,1
S01011083,Level 4 and above,141,127,14,2,1,4,7
S01011084,All people aged 16 and over,654,634,20,1,2,1,16
S01011084,No qualifications,151,148,3,0,1,0,2
S01011084,Level 1,149,145,4,1,0,1,2
S01011084,Level 2,92,91,1,0,0,0,1
S01011084,Level 3,70,68,2,0,0,0,2
S01011084,Level 4 and above,192,182,10,0,1,0,9
S01011085,All people aged 16 and over,744,722,22,0,3,3,16
S01011085,No qualifications,183,180,3,0,0,0,3
S01011085,Level 1,149,148,1,0,0,0,1
S01011085,Level 2,95,92,3,0,0,1,2
S01011085,Level 3,77,74,3,0,0,1,2
S01011085,Level 4 and above,240,228,12,0,3,1,8
S01011086,All people aged 16 and over,546,533,13,0,2,0,11
S01011086,No qualifications,142,139,3,0,0,0,3
S01011086,Level 1,128,128,0,0,0,0,0
S01011086,Level 2,94,93,1,0,0,0,1
S01011086,Level 3,56,52,4,0,1,0,3
S01011086,Level 4 and above,126,121,5,0,1,0,4
S01011087,All people aged 16 and over,479,461,18,0,5,3,10
S01011087,No qualifications,141,138,3,0,1,0,2
S01011087,Level 1,151,145,6,0,2,3,1
S01011087,Level 2,65,62,3,0,0,0,3
S01011087,Level 3,44,43,1,0,1,0,0
S01011087,Level 4 and above,78,73,5,0,1,0,4
S01011088,All people aged 16 and over,803,769,34,2,3,10,19
S01011088,No qualifications,171,166,5,0,1,0,4
S01011088,Level 1,186,178,8,1,2,1,4
S01011088,Level 2,113,105,8,1,0,3,4
S01011088,Level 3,71,68,3,0,0,2,1
S01011088,Level 4 and above,262,252,10,0,0,4,6
S01011089,All people aged 16 and over,542,529,13,1,2,0,10
S01011089,No qualifications,172,171,1,0,1,0,0
S01011089,Level 1,129,124,5,1,0,0,4
S01011089,Level 2,79,77,2,0,0,0,2
S01011089,Level 3,48,46,2,0,1,0,1
S01011089,Level 4 and above,114,111,3,0,0,0,3
S01011090,All people aged 16 and over,612,582,30,2,8,3,17
S01011090,No qualifications,168,165,3,0,0,0,3
S01011090,Level 1,130,124,6,0,0,0,6
S01011090,Level 2,78,73,5,0,3,0,2
S01011090,Level 3,68,65,3,0,2,1,0
S01011090,Level 4 and above,168,155,13,2,3,2,6
S01011091,All people aged 16 and over,526,500,26,0,1,3,22
S01011091,No qualifications,122,119,3,0,0,0,3
S01011091,Level 1,116,114,2,0,0,0,2
S01011091,Level 2,87,84,3,0,0,0,3
S01011091,Level 3,51,49,2,0,0,0,2
S01011091,Level 4 and above,150,134,16,0,1,3,12
S01011092,All people aged 16 and over,320,295,25,3,4,7,11
S01011092,No qualifications,81,72,9,1,2,4,2
S01011092,Level 1,107,102,5,0,1,0,4
S01011092,Level 2,45,43,2,1,0,0,1
S01011092,Level 3,41,38,3,0,0,0,3
S01011092,Level 4 and above,46,40,6,1,1,3,1
S01011093,All people aged 16 and over,502,487,15,0,3,0,12
S01011093,No qualifications,86,86,0,0,0,0,0
S01011093,Level 1,126,121,5,0,1,0,4
S01011093,Level 2,75,72,3,0,0,0,3
S01011093,Level 3,49,48,1,0,0,0,1
S01011093,Level 4 and above,166,160,6,0,2,0,4
S01011094,All people aged 16 and over,447,423,24,6,3,1,14
S01011094,No qualifications,97,97,0,0,0,0,0
S01011094,Level 1,99,93,6,1,2,1,2
S01011094,Level 2,57,54,3,0,1,0,2
S01011094,Level 3,39,35,4,2,0,0,2
S01011094,Level 4 and above,155,144,11,3,0,0,8
S01011095,All people aged 16 and over,651,616,35,2,8,2,23
S01011095,No qualifications,114,112,2,0,0,0,2
S01011095,Level 1,147,142,5,0,1,1,3
S01011095,Level 2,101,92,9,0,3,1,5
S01011095,Level 3,83,79,4,0,2,0,2
S01011095,Level 4 and above,206,191,15,2,2,0,11
S01011096,All people aged 16 and over,479,443,36,3,7,5,21
S01011096,No qualifications,108,102,6,0,1,0,5
S01011096,Level 1,100,93,7,1,3,0,3
S01011096,Level 2,81,80,1,0,0,0,1
S01011096,Level 3,58,49,9,0,1,2,6
S01011096,Level 4 and above,132,119,13,2,2,3,6
S01011097,All people aged 16 and over,559,533,26,0,3,3,20
S01011097,No qualifications,105,104,1,0,1,0,0
S01011097,Level 1,123,119,4,0,1,0,3
S01011097,Level 2,101,97,4,0,0,0,4
S01011097,Level 3,59,57,2,0,0,0,2
S01011097,Level 4 and above,171,156,15,0,1,3,11
S01011098,All people aged 16 and over,635,596,39,2,9,9,19
S01011098,No qualifications,137,130,7,0,4,0,3
S01011098,Level 1,174,165,9,0,1,2,6
S01011098,Level 2,96,95,1,0,1,0,0
S01011098,Level 3,71,65,6,0,1,1,4
S01011098,Level 4 and above,157,141,16,2,2,6,6
S01011099,All people aged 16 and over,651,625,26,1,4,4,17
S01011099,No qualifications,189,184,5,0,1,1,3
S01011099,Level 1,229,221,8,0,0,2,6
S01011099,Level 2,79,76,3,0,0,0,3
S01011099,Level 3,61,58,3,1,0,0,2
S01011099,Level 4 and above,93,86,7,0,3,1,3
S01011100,All people aged 16 and over,392,383,9,0,0,0,9
S01011100,No qualifications,140,137,3,0,0,0,3
S01011100,Level 1,98,96,2,0,0,0,2
S01011100,Level 2,47,47,0,0,0,0,0
S01011100,Level 3,36,35,1,0,0,0,1
S01011100,Level 4 and above,71,68,3,0,0,0,3
S01011101,All people aged 16 and over,482,458,24,2,3,6,13
S01011101,No qualifications,177,174,3,0,0,2,1
S01011101,Level 1,176,165,11,2,1,1,7
S01011101,Level 2,46,46,0,0,0,0,0
S01011101,Level 3,33,31,2,0,0,0,2
S01011101,Level 4 and above,50,42,8,0,2,3,3
S01011102,All people aged 16 and over,534,469,65,8,29,14,14
S01011102,No qualifications,183,176,7,0,4,0,3
S01011102,Level 1,176,157,19,1,11,3,4
S01011102,Level 2,57,54,3,0,2,0,1
S01011102,Level 3,44,35,9,1,3,3,2
S01011102,Level 4 and above,74,47,27,6,9,8,4
S01011103,All people aged 16 and over,503,446,57,7,28,11,11
S01011103,No qualifications,169,161,8,4,3,0,1
S01011103,Level 1,135,111,24,1,15,6,2
S01011103,Level 2,55,53,2,0,1,0,1
S01011103,Level 3,36,30,6,0,4,0,2
S01011103,Level 4 and above,108,91,17,2,5,5,5
S01011104,All people aged 16 and over,628,562,66,8,10,13,35
S01011104,No qualifications,214,192,22,5,6,2,9
S01011104,Level 1,118,105,13,2,0,5,6
S01011104,Level 2,77,74,3,0,0,0,3
S01011104,Level 3,58,52,6,0,0,2,4
S01011104,Level 4 and above,161,139,22,1,4,4,13
S01011105,All people aged 16 and over,682,606,76,18,23,16,19
S01011105,No qualifications,218,201,17,7,5,1,4
S01011105,Level 1,197,171,26,2,9,10,5
S01011105,Level 2,98,94,4,0,0,0,4
S01011105,Level 3,65,57,8,4,1,1,2
S01011105,Level 4 and above,104,83,21,5,8,4,4
S01011106,All people aged 16 and over,644,581,63,2,16,14,31
S01011106,No qualifications,78,71,7,0,4,3,0
S01011106,Level 1,232,206,26,1,7,4,14
S01011106,Level 2,151,144,7,0,1,0,6
S01011106,Level 3,81,72,9,0,3,1,5
S01011106,Level 4 and above,102,88,14,1,1,6,6
S01011107,All people aged 16 and over,636,560,76,13,31,19,13
S01011107,No qualifications,76,63,13,1,4,7,1
S01011107,Level 1,210,187,23,5,8,5,5
S01011107,Level 2,106,99,7,2,2,1,2
S01011107,Level 3,105,93,12,3,5,2,2
S01011107,Level 4 and above,139,118,21,2,12,4,3
S01011108,All people aged 16 and over,447,410,37,4,7,4,22
S01011108,No qualifications,110,105,5,0,0,0,5
S01011108,Level 1,162,149,13,0,5,1,7
S01011108,Level 2,56,52,4,0,1,0,3
S01011108,Level 3,53,48,5,0,0,3,2
S01011108,Level 4 and above,66,56,10,4,1,0,5
S01011109,All people aged 16 and over,690,642,48,3,14,14,17
S01011109,No qualifications,191,186,5,0,4,0,1
S01011109,Level 1,193,178,15,1,3,3,8
S01011109,Level 2,106,101,5,0,1,3,1
S01011109,Level 3,87,78,9,0,4,3,2
S01011109,Level 4 and above,113,99,14,2,2,5,5
S01011110,All people aged 16 and over,568,531,37,5,7,9,16
S01011110,No qualifications,164,161,3,0,0,0,3
S01011110,Level 1,168,157,11,3,1,3,4
S01011110,Level 2,98,95,3,0,1,0,2
S01011110,Level 3,58,54,4,0,1,0,3
S01011110,Level 4 and above,80,64,16,2,4,6,4
S01011111,All people aged 16 and over,699,650,49,4,16,12,17
S01011111,No qualifications,275,258,17,3,6,1,7
S01011111,Level 1,217,205,12,0,4,4,4
S01011111,Level 2,93,90,3,0,0,1,2
S01011111,Level 3,48,43,5,0,1,1,3
S01011111,Level 4 and above,66,54,12,1,5,5,1
S01011112,All people aged 16 and over,648,606,42,6,10,12,14
S01011112,No qualifications,94,85,9,1,2,3,3
S01011112,Level 1,173,166,7,1,2,2,2
S01011112,Level 2,116,114,2,1,0,0,1
S01011112,Level 3,97,92,5,1,1,1,2
S01011112,Level 4 and above,168,149,19,2,5,6,6
S01011113,All people aged 16 and over,821,794,27,1,2,6,18
S01011113,No qualifications,314,307,7,0,0,1,6
S01011113,Level 1,210,206,4,0,0,1,3
S01011113,Level 2,94,88,6,0,1,0,5
S01011113,Level 3,87,86,1,0,0,0,1
S01011113,Level 4 and above,116,107,9,1,1,4,3
S01011114,All people aged 16 and over,615,585,30,1,8,8,13
S01011114,No qualifications,149,137,12,1,3,5,3
S01011114,Level 1,178,169,9,0,3,1,5
S01011114,Level 2,104,103,1,0,0,0,1
S01011114,Level 3,66,65,1,0,0,0,1
S01011114,Level 4 and above,118,111,7,0,2,2,3
S01011115,All people aged 16 and over,751,712,39,5,12,7,15
S01011115,No qualifications,252,244,8,1,4,2,1
S01011115,Level 1,236,227,9,1,5,2,1
S01011115,Level 2,104,99,5,0,0,0,5
S01011115,Level 3,60,58,2,0,0,1,1
S01011115,Level 4 and above,99,84,15,3,3,2,7
S01011116,All people aged 16 and over,544,503,41,5,10,6,20
S01011116,No qualifications,161,148,13,1,3,0,9
S01011116,Level 1,154,141,13,2,5,0,6
S01011116,Level 2,84,83,1,0,0,0,1
S01011116,Level 3,59,54,5,0,2,2,1
S01011116,Level 4 and above,86,77,9,2,0,4,3
S01011117,All people aged 16 and over,635,582,53,6,15,11,21
S01011117,No qualifications,127,111,16,2,4,3,7
S01011117,Level 1,136,125,11,0,4,3,4
S01011117,Level 2,90,89,1,0,0,0,1
S01011117,Level 3,73,68,5,2,2,1,0
S01011117,Level 4 and above,209,189,20,2,5,4,9
S01011118,All people aged 16 and over,724,661,63,10,13,8,32
S01011118,No qualifications,142,135,7,1,1,1,4
S01011118,Level 1,132,113,19,5,7,2,5
S01011118,Level 2,84,79,5,0,0,0,5
S01011118,Level 3,73,71,2,0,1,0,1
S01011118,Level 4 and above,293,263,30,4,4,5,17
S01011119,All people aged 16 and over,789,710,79,21,19,9,30
S01011119,No qualifications,184,157,27,14,4,1,8
S01011119,Level 1,140,125,15,3,7,2,3
S01011119,Level 2,107,105,2,0,0,0,2
S01011119,Level 3,78,73,5,0,1,0,4
S01011119,Level 4 and above,280,250,30,4,7,6,13
S01011120,All people aged 16 and over,608,586,22,0,0,2,20
S01011120,No qualifications,117,115,2,0,0,0,2
S01011120,Level 1,100,96,4,0,0,0,4
S01011120,Level 2,78,77,1,0,0,0,1
S01011120,Level 3,77,72,5,0,0,0,5
S01011120,Level 4 and above,236,226,10,0,0,2,8
S01011121,All people aged 16 and over,473,411,62,14,13,17,18
S01011121,No qualifications,134,120,14,3,3,5,3
S01011121,Level 1,137,113,24,7,7,9,1
S01011121,Level 2,62,61,1,0,1,0,0
S01011121,Level 3,43,36,7,1,0,2,4
S01011121,Level 4 and above,97,81,16,3,2,1,10
S01011122,All people aged 16 and over,541,497,44,10,7,7,20
S01011122,No qualifications,164,156,8,3,1,0,4
S01011122,Level 1,137,126,11,1,4,2,4
S01011122,Level 2,58,57,1,1,0,0,0
S01011122,Level 3,60,52,8,2,1,1,4
S01011122,Level 4 and above,122,106,16,3,1,4,8
S01011123,All people aged 16 and over,916,872,44,3,14,4,23
S01011123,No qualifications,321,313,8,1,2,1,4
S01011123,Level 1,265,254,11,2,3,0,6
S01011123,Level 2,131,123,8,0,0,1,7
S01011123,Level 3,74,67,7,0,3,1,3
S01011123,Level 4 and above,125,115,10,0,6,1,3
S01011124,All people aged 16 and over,505,461,44,3,11,14,16
S01011124,No qualifications,128,123,5,1,0,0,4
S01011124,Level 1,128,119,9,0,2,3,4
S01011124,Level 2,99,94,5,0,0,2,3
S01011124,Level 3,57,48,9,0,4,1,4
S01011124,Level 4 and above,93,77,16,2,5,8,1
S01011125,All people aged 16 and over,392,372,20,5,5,3,7
S01011125,No qualifications,100,97,3,0,0,0,3
S01011125,Level 1,136,132,4,0,1,2,1
S01011125,Level 2,50,50,0,0,0,0,0
S01011125,Level 3,43,35,8,4,2,0,2
S01011125,Level 4 and above,63,58,5,1,2,1,1
S01011126,All people aged 16 and over,379,361,18,0,2,4,12
S01011126,No qualifications,102,96,6,0,0,1,5
S01011126,Level 1,114,110,4,0,1,2,1
S01011126,Level 2,66,63,3,0,0,0,3
S01011126,Level 3,33,32,1,0,0,0,1
S01011126,Level 4 and above,64,60,4,0,1,1,2
S01011127,All people aged 16 and over,327,311,16,1,1,0,14
S01011127,No qualifications,18,17,1,0,0,0,1
S01011127,Level 1,119,112,7,0,0,0,7
S01011127,Level 2,71,68,3,0,1,0,2
S01011127,Level 3,48,47,1,0,0,0,1
S01011127,Level 4 and above,71,67,4,1,0,0,3
S01011128,All people aged 16 and over,600,563,37,7,7,8,15
S01011128,No qualifications,171,163,8,0,0,2,6
S01011128,Level 1,166,154,12,1,4,3,4
S01011128,Level 2,108,106,2,0,0,0,2
S01011128,Level 3,58,51,7,3,1,1,2
S01011128,Level 4 and above,97,89,8,3,2,2,1
S01011129,All people aged 16 and over,771,727,44,5,6,4,29
S01011129,No qualifications,130,120,10,1,1,1,7
S01011129,Level 1,150,145,5,0,0,1,4
S01011129,Level 2,105,100,5,0,1,0,4
S01011129,Level 3,97,89,8,1,2,0,5
S01011129,Level 4 and above,289,273,16,3,2,2,9
S01011130,All people aged 16 and over,498,459,39,7,13,5,14
S01011130,No qualifications,165,160,5,0,0,0,5
S01011130,Level 1,131,110,21,3,11,3,4
S01011130,Level 2,70,68,2,0,0,0,2
S01011130,Level 3,51,45,6,2,0,1,3
S01011130,Level 4 and above,81,76,5,2,2,1,0
S01011131,All people aged 16 and over,565,534,31,4,2,4,21
S01011131,No qualifications,130,130,0,0,0,0,0
S01011131,Level 1,121,113,8,2,0,0,6
S01011131,Level 2,88,82,6,0,0,0,6
S01011131,Level 3,64,60,4,1,1,1,1
S01011131,Level 4 and above,162,149,13,1,1,3,8
S01011132,All people aged 16 and over,745,695,50,3,9,5,33
S01011132,No qualifications,123,121,2,0,1,1,0
S01011132,Level 1,169,161,8,0,1,2,5
S01011132,Level 2,115,110,5,0,0,0,5
S01011132,Level 3,110,100,10,0,0,0,10
S01011132,Level 4 and above,228,203,25,3,7,2,13
S01011133,All people aged 16 and over,375,358,17,0,2,3,12
S01011133,No qualifications,127,124,3,0,0,1,2
S01011133,Level 1,100,99,1,0,0,0,1
S01011133,Level 2,53,48,5,0,0,0,5
S01011133,Level 3,32,31,1,0,0,0,1
S01011133,Level 4 and above,63,56,7,0,2,2,3
S01011134,All people aged 16 and over,665,632,33,2,3,6,22
S01011134,No qualifications,190,185,5,2,1,0,2
S01011134,Level 1,160,150,10,0,1,4,5
S01011134,Level 2,92,86,6,0,0,0,6
S01011134,Level 3,87,83,4,0,0,1,3
S01011134,Level 4 and above,136,128,8,0,1,1,6
S01011135,All people aged 16 and over,633,613,20,0,3,4,13
S01011135,No qualifications,210,203,7,0,3,1,3
S01011135,Level 1,192,189,3,0,0,2,1
S01011135,Level 2,78,72,6,0,0,0,6
S01011135,Level 3,63,61,2,0,0,0,2
S01011135,Level 4 and above,90,88,2,0,0,1,1
S01011136,All people aged 16 and over,563,542,21,0,4,2,15
S01011136,No qualifications,151,150,1,0,0,0,1
S01011136,Level 1,130,121,9,0,4,1,4
S01011136,Level 2,98,95,3,0,0,0,3
S01011136,Level 3,42,39,3,0,0,0,3
S01011136,Level 4 and above,142,137,5,0,0,1,4
S01011137,All people aged 16 and over,369,353,16,0,1,4,11
S01011137,No qualifications,67,67,0,0,0,0,0
S01011137,Level 1,99,93,6,0,0,2,4
S01011137,Level 2,62,59,3,0,1,1,1
S01011137,Level 3,39,37,2,0,0,0,2
S01011137,Level 4 and above,102,97,5,0,0,1,4
S01011138,All people aged 16 and over,482,460,22,3,2,1,16
S01011138,No qualifications,126,126,0,0,0,0,0
S01011138,Level 1,157,151,6,0,0,0,6
S01011138,Level 2,75,71,4,0,1,0,3
S01011138,Level 3,70,66,4,0,0,0,4
S01011138,Level 4 and above,54,46,8,3,1,1,3
S01011139,All people aged 16 and over,1117,1059,58,4,3,5,46
S01011139,No qualifications,54,52,2,1,0,0,1
S01011139,Level 1,340,326,14,0,1,0,13
S01011139,Level 2,351,332,19,1,1,2,15
S01011139,Level 3,113,107,6,0,0,2,4
S01011139,Level 4 and above,259,242,17,2,1,1,13
S01011140,All people aged 16 and over,428,409,19,3,0,1,15
S01011140,No qualifications,111,108,3,0,0,0,3
S01011140,Level 1,124,119,5,1,0,0,4
S01011140,Level 2,66,64,2,0,0,0,2
S01011140,Level 3,56,54,2,0,0,0,2
S01011140,Level 4 and above,71,64,7,2,0,1,4
S01011141,All people aged 16 and over,435,420,15,1,3,2,9
S01011141,No qualifications,109,107,2,0,1,0,1
S01011141,Level 1,148,143,5,0,1,2,2
S01011141,Level 2,61,57,4,0,0,0,4
S01011141,Level 3,51,51,0,0,0,0,0
S01011141,Level 4 and above,66,62,4,1,1,0,2
S01011142,All people aged 16 and over,932,766,166,82,26,21,37
S01011142,No qualifications,134,117,17,11,2,0,4
S01011142,Level 1,248,175,73,48,8,10,7
S01011142,Level 2,185,150,35,15,9,5,6
S01011142,Level 3,99,90,9,1,1,4,3
S01011142,Level 4 and above,266,234,32,7,6,2,17
S01011143,All people aged 16 and over,780,744,36,5,2,4,25
S01011143,No qualifications,149,145,4,1,0,0,3
S01011143,Level 1,197,188,9,2,0,2,5
S01011143,Level 2,124,115,9,0,1,0,8
S01011143,Level 3,72,72,0,0,0,0,0
S01011143,Level 4 and above,238,224,14,2,1,2,9
S01011144,All people aged 16 and over,597,575,22,2,1,0,19
S01011144,No qualifications,146,143,3,0,0,0,3
S01011144,Level 1,141,141,0,0,0,0,0
S01011144,Level 2,74,68,6,0,0,0,6
S01011144,Level 3,66,61,5,0,1,0,4
S01011144,Level 4 and above,170,162,8,2,0,0,6
S01011145,All people aged 16 and over,541,510,31,2,0,2,27
S01011145,No qualifications,108,104,4,0,0,0,4
S01011145,Level 1,102,102,0,0,0,0,0
S01011145,Level 2,65,62,3,0,0,1,2
S01011145,Level 3,59,54,5,0,0,0,5
S01011145,Level 4 and above,207,188,19,2,0,1,16
S01011146,All people aged 16 and over,586,571,15,1,0,1,13
S01011146,No qualifications,133,132,1,0,0,0,1
S01011146,Level 1,161,155,6,0,0,0,6
S01011146,Level 2,82,81,1,1,0,0,0
S01011146,Level 3,77,76,1,0,0,0,1
S01011146,Level 4 and above,133,127,6,0,0,1,5
S01011147,All people aged 16 and over,841,796,45,7,3,3,32
S01011147,No qualifications,186,181,5,1,0,1,3
S01011147,Level 1,212,207,5,0,0,0,5
S01011147,Level 2,137,133,4,1,1,0,2
S01011147,Level 3,102,98,4,0,1,0,3
S01011147,Level 4 and above,204,177,27,5,1,2,19
S01011148,All people aged 16 and over,652,602,50,10,8,6,26
S01011148,No qualifications,142,136,6,1,1,1,3
S01011148,Level 1,143,131,12,2,3,1,6
S01011148,Level 2,87,84,3,1,0,0,2
S01011148,Level 3,57,53,4,1,0,2,1
S01011148,Level 4 and above,223,198,25,5,4,2,14
S01011149,All people aged 16 and over,701,610,91,9,16,15,51
S01011149,No qualifications,63,57,6,0,3,1,2
S01011149,Level 1,166,159,7,0,0,2,5
S01011149,Level 2,141,134,7,0,0,0,7
S01011149,Level 3,66,58,8,3,0,0,5
S01011149,Level 4 and above,265,202,63,6,13,12,32
S01011150,All people aged 16 and over,319,297,22,0,2,4,16
S01011150,No qualifications,19,19,0,0,0,0,0
S01011150,Level 1,100,91,9,0,0,1,8
S01011150,Level 2,45,41,4,0,0,0,4
S01011150,Level 3,54,54,0,0,0,0,0
S01011150,Level 4 and above,101,92,9,0,2,3,4
S01011151,All people aged 16 and over,429,395,34,3,5,2,24
S01011151,No qualifications,65,63,2,0,0,0,2
S01011151,Level 1,109,104,5,1,0,0,4
S01011151,Level 2,93,83,10,0,1,0,9
S01011151,Level 3,51,49,2,0,0,1,1
S01011151,Level 4 and above,111,96,15,2,4,1,8
S01011152,All people aged 16 and over,589,507,82,4,14,9,55
S01011152,No qualifications,88,79,9,0,3,1,5
S01011152,Level 1,103,97,6,0,2,1,3
S01011152,Level 2,74,67,7,1,0,0,6
S01011152,Level 3,64,57,7,2,1,0,4
S01011152,Level 4 and above,260,207,53,1,8,7,37
S01011153,All people aged 16 and over,748,687,61,14,6,5,36
S01011153,No qualifications,191,182,9,5,0,1,3
S01011153,Level 1,182,169,13,4,1,0,8
S01011153,Level 2,107,99,8,1,0,1,6
S01011153,Level 3,57,49,8,2,4,0,2
S01011153,Level 4 and above,211,188,23,2,1,3,17
S01011154,All people aged 16 and over,495,465,30,2,5,4,19
S01011154,No qualifications,186,180,6,1,2,0,3
S01011154,Level 1,107,102,5,0,0,2,3
S01011154,Level 2,72,65,7,1,0,0,6
S01011154,Level 3,33,32,1,0,0,0,1
S01011154,Level 4 and above,97,86,11,0,3,2,6
S01011155,All people aged 16 and over,556,527,29,3,3,7,16
S01011155,No qualifications,174,167,7,0,0,1,6
S01011155,Level 1,125,120,5,1,1,0,3
S01011155,Level 2,80,78,2,0,0,1,1
S01011155,Level 3,35,32,3,0,1,1,1
S01011155,Level 4 and above,142,130,12,2,1,4,5
S01011156,All people aged 16 and over,488,465,23,2,4,2,15
S01011156,No qualifications,88,83,5,0,1,0,4
S01011156,Level 1,134,126,8,1,1,1,5
S01011156,Level 2,72,68,4,1,0,0,3
S01011156,Level 3,76,72,4,0,2,0,2
S01011156,Level 4 and above,118,116,2,0,0,1,1
S01011157,All people aged 16 and over,514,496,18,0,2,2,14
S01011157,No qualifications,107,106,1,0,0,0,1
S01011157,Level 1,124,121,3,0,0,0,3
S01011157,Level 2,84,80,4,0,0,0,4
S01011157,Level 3,61,58,3,0,1,0,2
S01011157,Level 4 and above,138,131,7,0,1,2,4
S01011158,All people aged 16 and over,446,419,27,4,0,2,21
S01011158,No qualifications,83,77,6,0,0,0,6
S01011158,Level 1,72,69,3,1,0,0,2
S01011158,Level 2,50,48,2,0,0,1,1
S01011158,Level 3,39,34,5,3,0,0,2
S01011158,Level 4 and above,202,191,11,0,0,1,10
S01011159,All people aged 16 and over,471,442,29,2,2,1,24
S01011159,No qualifications,182,179,3,0,0,0,3
S01011159,Level 1,115,108,7,0,1,1,5
S01011159,Level 2,64,57,7,0,1,0,6
S01011159,Level 3,35,32,3,0,0,0,3
S01011159,Level 4 and above,75,66,9,2,0,0,7
S01011160,All people aged 16 and over,746,687,59,4,15,12,28
S01011160,No qualifications,179,165,14,2,6,2,4
S01011160,Level 1,195,179,16,2,3,3,8
S01011160,Level 2,134,126,8,0,0,0,8
S01011160,Level 3,90,78,12,0,4,5,3
S01011160,Level 4 and above,148,139,9,0,2,2,5
S01011161,All people aged 16 and over,496,461,35,0,4,14,17
S01011161,No qualifications,136,134,2,0,1,0,1
S01011161,Level 1,180,168,12,0,2,4,6
S01011161,Level 2,63,60,3,0,0,1,2
S01011161,Level 3,47,40,7,0,1,5,1
S01011161,Level 4 and above,70,59,11,0,0,4,7
S01011162,All people aged 16 and over,366,352,14,2,1,1,10
S01011162,No qualifications,76,73,3,2,0,0,1
S01011162,Level 1,128,123,5,0,1,0,4
S01011162,Level 2,45,44,1,0,0,0,1
S01011162,Level 3,29,28,1,0,0,0,1
S01011162,Level 4 and above,88,84,4,0,0,1,3
S01011163,All people aged 16 and over,671,643,28,3,0,6,19
S01011163,No qualifications,237,236,1,0,0,0,1
S01011163,Level 1,193,188,5,1,0,0,4
S01011163,Level 2,97,93,4,0,0,0,4
S01011163,Level 3,62,56,6,0,0,1,5
S01011163,Level 4 and above,82,70,12,2,0,5,5
S01011164,All people aged 16 and over,590,560,30,1,7,2,20
S01011164,No qualifications,115,109,6,1,2,0,3
S01011164,Level 1,179,172,7,0,1,0,6
S01011164,Level 2,85,81,4,0,1,1,2
S01011164,Level 3,69,65,4,0,1,0,3
S01011164,Level 4 and above,142,133,9,0,2,1,6
S01011165,All people aged 16 and over,624,592,32,3,4,6,19
S01011165,No qualifications,236,225,11,0,2,1,8
S01011165,Level 1,185,179,6,1,0,1,4
S01011165,Level 2,67,66,1,0,0,0,1
S01011165,Level 3,56,56,0,0,0,0,0
S01011165,Level 4 and above,80,66,14,2,2,4,6
S01011166,All people aged 16 and over,434,412,22,3,3,0,16
S01011166,No qualifications,100,98,2,1,0,0,1
S01011166,Level 1,84,82,2,1,0,0,1
S01011166,Level 2,59,55,4,0,0,0,4
S01011166,Level 3,43,42,1,0,0,0,1
S01011166,Level 4 and above,148,135,13,1,3,0,9
S01011167,All people aged 16 and over,641,580,61,13,4,7,37
S01011167,No qualifications,138,133,5,0,0,0,5
S01011167,Level 1,119,116,3,0,0,1,2
S01011167,Level 2,78,77,1,0,0,0,1
S01011167,Level 3,35,34,1,0,0,0,1
S01011167,Level 4 and above,271,220,51,13,4,6,28
S01011168,All people aged 16 and over,707,660,47,3,4,4,36
S01011168,No qualifications,142,139,3,0,0,0,3
S01011168,Level 1,175,165,10,1,2,0,7
S01011168,Level 2,105,101,4,0,0,0,4
S01011168,Level 3,71,67,4,0,0,0,4
S01011168,Level 4 and above,214,188,26,2,2,4,18
S01011169,All people aged 16 and over,706,668,38,2,3,4,29
S01011169,No qualifications,74,70,4,0,0,1,3
S01011169,Level 1,188,177,11,0,0,1,10
S01011169,Level 2,144,138,6,0,1,0,5
S01011169,Level 3,95,92,3,0,1,0,2
S01011169,Level 4 and above,205,191,14,2,1,2,9
S01011170,All people aged 16 and over,756,711,45,1,4,4,36
S01011170,No qualifications,153,151,2,0,0,0,2
S01011170,Level 1,161,149,12,1,0,2,9
S01011170,Level 2,107,104,3,0,0,0,3
S01011170,Level 3,89,81,8,0,1,0,7
S01011170,Level 4 and above,246,226,20,0,3,2,15
S01011171,All people aged 16 and over,789,747,42,9,6,5,22
S01011171,No qualifications,155,147,8,1,0,0,7
S01011171,Level 1,152,144,8,3,0,2,3
S01011171,Level 2,129,124,5,2,1,0,2
S01011171,Level 3,69,68,1,0,0,0,1
S01011171,Level 4 and above,284,264,20,3,5,3,9
S01011172,All people aged 16 and over,647,618,29,7,5,8,9
S01011172,No qualifications,127,125,2,0,0,1,1
S01011172,Level 1,119,117,2,0,2,0,0
S01011172,Level 2,99,95,4,2,1,1,0
S01011172,Level 3,64,57,7,0,2,3,2
S01011172,Level 4 and above,238,224,14,5,0,3,6
S01011173,All people aged 16 and over,507,460,47,11,12,2,22
S01011173,No qualifications,93,88,5,1,0,1,3
S01011173,Level 1,94,88,6,3,1,0,2
S01011173,Level 2,69,68,1,1,0,0,0
S01011173,Level 3,44,41,3,0,1,0,2
S01011173,Level 4 and above,207,175,32,6,10,1,15
S01011174,All people aged 16 and over,408,390,18,3,0,2,13
S01011174,No qualifications,97,93,4,0,0,0,4
S01011174,Level 1,66,65,1,1,0,0,0
S01011174,Level 2,55,54,1,0,0,0,1
S01011174,Level 3,39,37,2,0,0,0,2
S01011174,Level 4 and above,151,141,10,2,0,2,6
S01011175,All people aged 16 and over,439,428,11,0,0,2,9
S01011175,No qualifications,129,125,4,0,0,0,4
S01011175,Level 1,112,112,0,0,0,0,0
S01011175,Level 2,66,64,2,0,0,0,2
S01011175,Level 3,37,36,1,0,0,0,1
S01011175,Level 4 and above,95,91,4,0,0,2,2
S01011176,All people aged 16 and over,496,477,19,3,3,0,13
S01011176,No qualifications,103,99,4,2,1,0,1
S01011176,Level 1,94,94,0,0,0,0,0
S01011176,Level 2,84,84,0,0,0,0,0
S01011176,Level 3,46,42,4,0,2,0,2
S01011176,Level 4 and above,169,158,11,1,0,0,10
S01011177,All people aged 16 and over,741,680,61,9,8,13,31
S01011177,No qualifications,145,138,7,0,0,3,4
S01011177,Level 1,163,152,11,1,3,4,3
S01011177,Level 2,101,99,2,1,0,0,1
S01011177,Level 3,86,76,10,2,1,2,5
S01011177,Level 4 and above,246,215,31,5,4,4,18
S01011178,All people aged 16 and over,394,381,13,1,0,1,11
S01011178,No qualifications,109,105,4,0,0,0,4
S01011178,Level 1,108,103,5,1,0,1,3
S01011178,Level 2,56,56,0,0,0,0,0
S01011178,Level 3,44,44,0,0,0,0,0
S01011178,Level 4 and above,77,73,4,0,0,0,4
S01011179,All people aged 16 and over,509,499,10,0,0,5,5
S01011179,No qualifications,223,222,1,0,0,1,0
S01011179,Level 1,127,125,2,0,0,2,0
S01011179,Level 2,53,51,2,0,0,1,1
S01011179,Level 3,62,60,2,0,0,0,2
S01011179,Level 4 and above,44,41,3,0,0,1,2
S01011180,All people aged 16 and over,540,531,9,0,2,2,5
S01011180,No qualifications,258,254,4,0,1,0,3
S01011180,Level 1,150,148,2,0,1,0,1
S01011180,Level 2,55,55,0,0,0,0,0
S01011180,Level 3,33,33,0,0,0,0,0
S01011180,Level 4 and above,44,41,3,0,0,2,1
S01011181,All people aged 16 and over,401,384,17,0,0,3,14
S01011181,No qualifications,112,108,4,0,0,1,3
S01011181,Level 1,90,87,3,0,0,0,3
S01011181,Level 2,52,51,1,0,0,1,0
S01011181,Level 3,38,37,1,0,0,0,1
S01011181,Level 4 and above,109,101,8,0,0,1,7
S01011182,All people aged 16 and over,349,345,4,0,0,0,4
S01011182,No qualifications,105,104,1,0,0,0,1
S01011182,Level 1,69,67,2,0,0,0,2
S01011182,Level 2,57,56,1,0,0,0,1
S01011182,Level 3,37,37,0,0,0,0,0
S01011182,Level 4 and above,81,81,0,0,0,0,0
S01011183,All people aged 16 and over,475,454,21,1,1,9,10
S01011183,No qualifications,156,152,4,0,0,2,2
S01011183,Level 1,99,97,2,0,1,1,0
S01011183,Level 2,57,53,4,0,0,4,0
S01011183,Level 3,69,65,4,0,0,1,3
S01011183,Level 4 and above,94,87,7,1,0,1,5
S01011184,All people aged 16 and over,650,623,27,2,0,3,22
S01011184,No qualifications,102,92,10,0,0,0,10
S01011184,Level 1,140,135,5,1,0,0,4
S01011184,Level 2,112,110,2,0,0,0,2
S01011184,Level 3,87,86,1,0,0,0,1
S01011184,Level 4 and above,209,200,9,1,0,3,5
S01011185,All people aged 16 and over,600,580,20,4,0,3,13
S01011185,No qualifications,167,159,8,4,0,0,4
S01011185,Level 1,153,152,1,0,0,0,1
S01011185,Level 2,83,79,4,0,0,1,3
S01011185,Level 3,64,62,2,0,0,1,1
S01011185,Level 4 and above,133,128,5,0,0,1,4
S01011186,All people aged 16 and over,790,775,15,2,0,2,11
S01011186,No qualifications,312,309,3,1,0,0,2
S01011186,Level 1,173,170,3,0,0,2,1
S01011186,Level 2,93,91,2,0,0,0,2
S01011186,Level 3,82,80,2,0,0,0,2
S01011186,Level 4 and above,130,125,5,1,0,0,4
S01011187,All people aged 16 and over,599,590,9,0,0,0,9
S01011187,No qualifications,132,130,2,0,0,0,2
S01011187,Level 1,144,142,2,0,0,0,2
S01011187,Level 2,112,110,2,0,0,0,2
S01011187,Level 3,75,73,2,0,0,0,2
S01011187,Level 4 and above,136,135,1,0,0,0,1
S01011188,All people aged 16 and over,785,772,13,3,1,2,7
S01011188,No qualifications,254,253,1,0,0,0,1
S01011188,Level 1,232,228,4,1,0,1,2
S01011188,Level 2,95,94,1,0,0,0,1
S01011188,Level 3,97,96,1,0,0,0,1
S01011188,Level 4 and above,107,101,6,2,1,1,2
S01011189,All people aged 16 and over,706,692,14,2,1,0,11
S01011189,No qualifications,225,223,2,0,0,0,2
S01011189,Level 1,181,176,5,1,1,0,3
S01011189,Level 2,77,74,3,0,0,0,3
S01011189,Level 3,94,93,1,0,0,0,1
S01011189,Level 4 and above,129,126,3,1,0,0,2
S01011190,All people aged 16 and over,525,518,7,0,0,2,5
S01011190,No qualifications,193,191,2,0,0,2,0
S01011190,Level 1,156,153,3,0,0,0,3
S01011190,Level 2,57,57,0,0,0,0,0
S01011190,Level 3,54,54,0,0,0,0,0
S01011190,Level 4 and above,65,63,2,0,0,0,2
S01011191,All people aged 16 and over,436,422,14,3,4,2,5
S01011191,No qualifications,180,177,3,1,0,0,2
S01011191,Level 1,110,108,2,1,1,0,0
S01011191,Level 2,59,58,1,0,1,0,0
S01011191,Level 3,41,38,3,0,0,1,2
S01011191,Level 4 and above,46,41,5,1,2,1,1
S01011192,All people aged 16 and over,554,542,12,0,1,2,9
S01011192,No qualifications,177,176,1,0,1,0,0
S01011192,Level 1,170,166,4,0,0,1,3
S01011192,Level 2,77,76,1,0,0,0,1
S01011192,Level 3,56,55,1,0,0,0,1
S01011192,Level 4 and above,74,69,5,0,0,1,4
S01011193,All people aged 16 and over,540,523,17,4,3,2,8
S01011193,No qualifications,172,168,4,0,0,1,3
S01011193,Level 1,181,176,5,2,0,0,3
S01011193,Level 2,67,66,1,0,0,0,1
S01011193,Level 3,57,55,2,0,1,0,1
S01011193,Level 4 and above,63,58,5,2,2,1,0
S01011194,All people aged 16 and over,553,534,19,0,4,2,13
S01011194,No qualifications,177,172,5,0,0,2,3
S01011194,Level 1,177,172,5,0,0,0,5
S01011194,Level 2,80,79,1,0,0,0,1
S01011194,Level 3,65,59,6,0,4,0,2
S01011194,Level 4 and above,54,52,2,0,0,0,2
S01011195,All people aged 16 and over,588,574,14,0,1,1,12
S01011195,No qualifications,174,172,2,0,1,0,1
S01011195,Level 1,192,187,5,0,0,0,5
S01011195,Level 2,72,72,0,0,0,0,0
S01011195,Level 3,82,78,4,0,0,0,4
S01011195,Level 4 and above,68,65,3,0,0,1,2
S01011196,All people aged 16 and over,704,692,12,0,0,1,11
S01011196,No qualifications,257,256,1,0,0,0,1
S01011196,Level 1,207,203,4,0,0,0,4
S01011196,Level 2,79,77,2,0,0,0,2
S01011196,Level 3,69,68,1,0,0,1,0
S01011196,Level 4 and above,92,88,4,0,0,0,4
S01011197,All people aged 16 and over,657,645,12,0,0,2,10
S01011197,No qualifications,225,224,1,0,0,0,1
S01011197,Level 1,222,220,2,0,0,0,2
S01011197,Level 2,65,64,1,0,0,0,1
S01011197,Level 3,69,68,1,0,0,0,1
S01011197,Level 4 and above,76,69,7,0,0,2,5
S01011198,All people aged 16 and over,486,479,7,4,0,0,3
S01011198,No qualifications,163,163,0,0,0,0,0
S01011198,Level 1,160,158,2,1,0,0,1
S01011198,Level 2,52,51,1,0,0,0,1
S01011198,Level 3,56,55,1,1,0,0,0
S01011198,Level 4 and above,55,52,3,2,0,0,1
S01011199,All people aged 16 and over,639,625,14,0,0,1,13
S01011199,No qualifications,194,192,2,0,0,0,2
S01011199,Level 1,171,165,6,0,0,1,5
S01011199,Level 2,85,84,1,0,0,0,1
S01011199,Level 3,97,95,2,0,0,0,2
S01011199,Level 4 and above,92,89,3,0,0,0,3
S01011200,All people aged 16 and over,620,613,7,1,0,1,5
S01011200,No qualifications,206,205,1,1,0,0,0
S01011200,Level 1,156,154,2,0,0,0,2
S01011200,Level 2,79,79,0,0,0,0,0
S01011200,Level 3,89,87,2,0,0,0,2
S01011200,Level 4 and above,90,88,2,0,0,1,1
S01011201,All people aged 16 and over,508,503,5,0,0,0,5
S01011201,No qualifications,157,156,1,0,0,0,1
S01011201,Level 1,136,135,1,0,0,0,1
S01011201,Level 2,83,82,1,0,0,0,1
S01011201,Level 3,57,56,1,0,0,0,1
S01011201,Level 4 and above,75,74,1,0,0,0,1
S01011202,All people aged 16 and over,689,673,16,0,2,1,13
S01011202,No qualifications,250,243,7,0,0,0,7
S01011202,Level 1,170,169,1,0,0,0,1
S01011202,Level 2,86,86,0,0,0,0,0
S01011202,Level 3,88,84,4,0,1,1,2
S01011202,Level 4 and above,95,91,4,0,1,0,3
S01011203,All people aged 16 and over,664,653,11,2,0,0,9
S01011203,No qualifications,209,204,5,0,0,0,5
S01011203,Level 1,180,178,2,0,0,0,2
S01011203,Level 2,84,83,1,1,0,0,0
S01011203,Level 3,82,81,1,0,0,0,1
S01011203,Level 4 and above,109,107,2,1,0,0,1
S01011204,All people aged 16 and over,474,455,19,0,1,2,16
S01011204,No qualifications,92,84,8,0,0,0,8
S01011204,Level 1,116,112,4,0,1,0,3
S01011204,Level 2,75,73,2,0,0,0,2
S01011204,Level 3,56,53,3,0,0,2,1
S01011204,Level 4 and above,135,133,2,0,0,0,2
S01011205,All people aged 16 and over,496,471,25,3,0,2,20
S01011205,No qualifications,61,53,8,0,0,1,7
S01011205,Level 1,123,121,2,1,0,0,1
S01011205,Level 2,82,81,1,0,0,0,1
S01011205,Level 3,82,76,6,1,0,0,5
S01011205,Level 4 and above,148,140,8,1,0,1,6
S01011206,All people aged 16 and over,567,536,31,1,1,6,23
S01011206,No qualifications,102,87,15,0,1,1,13
S01011206,Level 1,137,135,2,0,0,0,2
S01011206,Level 2,93,89,4,0,0,2,2
S01011206,Level 3,80,79,1,0,0,0,1
S01011206,Level 4 and above,155,146,9,1,0,3,5
S01011207,All people aged 16 and over,622,606,16,0,1,1,14
S01011207,No qualifications,176,170,6,0,0,0,6
S01011207,Level 1,150,147,3,0,0,0,3
S01011207,Level 2,94,94,0,0,0,0,0
S01011207,Level 3,65,64,1,0,0,1,0
S01011207,Level 4 and above,137,131,6,0,1,0,5
S01011208,All people aged 16 and over,728,711,17,0,0,2,15
S01011208,No qualifications,137,132,5,0,0,0,5
S01011208,Level 1,175,172,3,0,0,0,3
S01011208,Level 2,121,119,2,0,0,0,2
S01011208,Level 3,120,120,0,0,0,0,0
S01011208,Level 4 and above,175,168,7,0,0,2,5
S01011209,All people aged 16 and over,514,508,6,0,0,0,6
S01011209,No qualifications,156,155,1,0,0,0,1
S01011209,Level 1,139,137,2,0,0,0,2
S01011209,Level 2,79,78,1,0,0,0,1
S01011209,Level 3,56,55,1,0,0,0,1
S01011209,Level 4 and above,84,83,1,0,0,0,1
S01011210,All people aged 16 and over,602,569,33,1,2,3,27
S01011210,No qualifications,103,87,16,0,0,1,15
S01011210,Level 1,141,137,4,0,0,0,4
S01011210,Level 2,92,91,1,0,0,1,0
S01011210,Level 3,74,70,4,1,0,1,2
S01011210,Level 4 and above,192,184,8,0,2,0,6
S01011211,All people aged 16 and over,547,537,10,1,0,0,9
S01011211,No qualifications,121,121,0,0,0,0,0
S01011211,Level 1,136,135,1,0,0,0,1
S01011211,Level 2,84,83,1,1,0,0,0
S01011211,Level 3,68,67,1,0,0,0,1
S01011211,Level 4 and above,138,131,7,0,0,0,7
S01011212,All people aged 16 and over,419,414,5,1,2,0,2
S01011212,No qualifications,178,178,0,0,0,0,0
S01011212,Level 1,118,116,2,1,0,0,1
S01011212,Level 2,51,50,1,0,0,0,1
S01011212,Level 3,40,39,1,0,1,0,0
S01011212,Level 4 and above,32,31,1,0,1,0,0
S01011213,All people aged 16 and over,815,797,18,2,0,1,15
S01011213,No qualifications,297,291,6,1,0,0,5
S01011213,Level 1,233,231,2,0,0,0,2
S01011213,Level 2,98,96,2,0,0,0,2
S01011213,Level 3,85,84,1,0,0,0,1
S01011213,Level 4 and above,102,95,7,1,0,1,5
S01011214,All people aged 16 and over,729,716,13,0,2,0,11
S01011214,No qualifications,295,294,1,0,0,0,1
S01011214,Level 1,195,194,1,0,0,0,1
S01011214,Level 2,82,81,1,0,0,0,1
S01011214,Level 3,81,79,2,0,0,0,2
S01011214,Level 4 and above,76,68,8,0,2,0,6
S01011215,All people aged 16 and over,459,451,8,3,0,0,5
S01011215,No qualifications,175,174,1,0,0,0,1
S01011215,Level 1,145,144,1,0,0,0,1
S01011215,Level 2,53,49,4,2,0,0,2
S01011215,Level 3,49,48,1,0,0,0,1
S01011215,Level 4 and above,37,36,1,1,0,0,0
S01011216,All people aged 16 and over,376,367,9,0,0,0,9
S01011216,No qualifications,124,120,4,0,0,0,4
S01011216,Level 1,134,131,3,0,0,0,3
S01011216,Level 2,37,37,0,0,0,0,0
S01011216,Level 3,49,48,1,0,0,0,1
S01011216,Level 4 and above,32,31,1,0,0,0,1
S01011217,All people aged 16 and over,643,627,16,0,5,1,10
S01011217,No qualifications,234,227,7,0,1,1,5
S01011217,Level 1,188,185,3,0,2,0,1
S01011217,Level 2,79,77,2,0,0,0,2
S01011217,Level 3,60,58,2,0,2,0,0
S01011217,Level 4 and above,82,80,2,0,0,0,2
S01011218,All people aged 16 and over,504,495,9,2,0,1,6
S01011218,No qualifications,208,207,1,0,0,0,1
S01011218,Level 1,160,157,3,1,0,0,2
S01011218,Level 2,50,49,1,0,0,0,1
S01011218,Level 3,47,46,1,0,0,1,0
S01011218,Level 4 and above,39,36,3,1,0,0,2
S01011219,All people aged 16 and over,644,635,9,1,1,0,7
S01011219,No qualifications,266,264,2,0,0,0,2
S01011219,Level 1,214,212,2,0,0,0,2
S01011219,Level 2,61,61,0,0,0,0,0
S01011219,Level 3,57,55,2,0,0,0,2
S01011219,Level 4 and above,46,43,3,1,1,0,1
S01011220,All people aged 16 and over,737,726,11,0,2,2,7
S01011220,No qualifications,293,287,6,0,0,2,4
S01011220,Level 1,194,194,0,0,0,0,0
S01011220,Level 2,81,80,1,0,1,0,0
S01011220,Level 3,86,84,2,0,1,0,1
S01011220,Level 4 and above,83,81,2,0,0,0,2
S01011221,All people aged 16 and over,767,750,17,1,3,3,10
S01011221,No qualifications,272,266,6,1,0,1,4
S01011221,Level 1,209,205,4,0,2,0,2
S01011221,Level 2,111,109,2,0,0,0,2
S01011221,Level 3,87,87,0,0,0,0,0
S01011221,Level 4 and above,88,83,5,0,1,2,2
S01011222,All people aged 16 and over,555,537,18,1,5,0,12
S01011222,No qualifications,229,226,3,0,0,0,3
S01011222,Level 1,138,138,0,0,0,0,0
S01011222,Level 2,62,61,1,0,0,0,1
S01011222,Level 3,58,57,1,0,0,0,1
S01011222,Level 4 and above,68,55,13,1,5,0,7
S01011223,All people aged 16 and over,646,632,14,0,3,2,9
S01011223,No qualifications,210,206,4,0,2,1,1
S01011223,Level 1,187,182,5,0,0,0,5
S01011223,Level 2,87,85,2,0,0,0,2
S01011223,Level 3,61,60,1,0,0,0,1
S01011223,Level 4 and above,101,99,2,0,1,1,0
S01011224,All people aged 16 and over,598,572,26,3,1,2,20
S01011224,No qualifications,278,266,12,1,0,1,10
S01011224,Level 1,133,129,4,0,0,1,3
S01011224,Level 2,65,63,2,0,1,0,1
S01011224,Level 3,53,53,0,0,0,0,0
S01011224,Level 4 and above,69,61,8,2,0,0,6
S01011225,All people aged 16 and over,564,549,15,2,3,2,8
S01011225,No qualifications,227,223,4,0,0,0,4
S01011225,Level 1,148,145,3,0,0,1,2
S01011225,Level 2,59,57,2,0,2,0,0
S01011225,Level 3,56,52,4,1,1,1,1
S01011225,Level 4 and above,74,72,2,1,0,0,1
S01011226,All people aged 16 and over,858,843,15,2,1,1,11
S01011226,No qualifications,282,275,7,1,0,0,6
S01011226,Level 1,181,179,2,0,0,1,1
S01011226,Level 2,131,130,1,0,0,0,1
S01011226,Level 3,91,91,0,0,0,0,0
S01011226,Level 4 and above,173,168,5,1,1,0,3
S01011227,All people aged 16 and over,603,577,26,0,1,4,21
S01011227,No qualifications,187,183,4,0,0,0,4
S01011227,Level 1,123,118,5,0,0,1,4
S01011227,Level 2,79,77,2,0,0,1,1
S01011227,Level 3,63,61,2,0,0,0,2
S01011227,Level 4 and above,151,138,13,0,1,2,10
S01011228,All people aged 16 and over,674,662,12,1,3,3,5
S01011228,No qualifications,242,239,3,0,0,1,2
S01011228,Level 1,172,167,5,1,2,1,1
S01011228,Level 2,85,84,1,0,0,0,1
S01011228,Level 3,72,71,1,0,0,1,0
S01011228,Level 4 and above,103,101,2,0,1,0,1
S01011229,All people aged 16 and over,445,433,12,0,0,3,9
S01011229,No qualifications,190,185,5,0,0,1,4
S01011229,Level 1,106,104,2,0,0,0,2
S01011229,Level 2,44,44,0,0,0,0,0
S01011229,Level 3,42,38,4,0,0,2,2
S01011229,Level 4 and above,63,62,1,0,0,0,1
S01011230,All people aged 16 and over,825,808,17,3,0,3,11
S01011230,No qualifications,430,425,5,0,0,0,5
S01011230,Level 1,206,203,3,0,0,1,2
S01011230,Level 2,70,69,1,1,0,0,0
S01011230,Level 3,63,60,3,0,0,1,2
S01011230,Level 4 and above,56,51,5,2,0,1,2
S01011231,All people aged 16 and over,503,489,14,0,1,2,11
S01011231,No qualifications,240,234,6,0,0,1,5
S01011231,Level 1,120,118,2,0,0,0,2
S01011231,Level 2,47,46,1,0,0,0,1
S01011231,Level 3,49,48,1,0,0,0,1
S01011231,Level 4 and above,47,43,4,0,1,1,2
S01011232,All people aged 16 and over,821,797,24,1,3,2,18
S01011232,No qualifications,268,264,4,0,0,0,4
S01011232,Level 1,188,186,2,0,0,0,2
S01011232,Level 2,86,82,4,0,1,0,3
S01011232,Level 3,118,116,2,0,0,0,2
S01011232,Level 4 and above,161,149,12,1,2,2,7
S01011233,All people aged 16 and over,311,302,9,1,0,1,7
S01011233,No qualifications,101,100,1,0,0,1,0
S01011233,Level 1,89,82,7,1,0,0,6
S01011233,Level 2,45,45,0,0,0,0,0
S01011233,Level 3,31,31,0,0,0,0,0
S01011233,Level 4 and above,45,44,1,0,0,0,1
S01011234,All people aged 16 and over,788,770,18,0,1,4,13
S01011234,No qualifications,278,274,4,0,0,0,4
S01011234,Level 1,233,231,2,0,0,1,1
S01011234,Level 2,89,88,1,0,0,1,0
S01011234,Level 3,92,90,2,0,0,0,2
S01011234,Level 4 and above,96,87,9,0,1,2,6
S01011235,All people aged 16 and over,311,306,5,0,1,1,3
S01011235,No qualifications,138,136,2,0,0,0,2
S01011235,Level 1,71,69,2,0,1,0,1
S01011235,Level 2,36,36,0,0,0,0,0
S01011235,Level 3,28,28,0,0,0,0,0
S01011235,Level 4 and above,38,37,1,0,0,1,0
S01011236,All people aged 16 and over,476,468,8,1,1,0,6
S01011236,No qualifications,180,179,1,0,0,0,1
S01011236,Level 1,129,127,2,0,0,0,2
S01011236,Level 2,53,52,1,0,0,0,1
S01011236,Level 3,34,32,2,1,0,0,1
S01011236,Level 4 and above,80,78,2,0,1,0,1
S01011237,All people aged 16 and over,596,583,13,0,1,2,10
S01011237,No qualifications,212,211,1,0,0,0,1
S01011237,Level 1,174,171,3,0,1,0,2
S01011237,Level 2,70,69,1,0,0,0,1
S01011237,Level 3,69,67,2,0,0,1,1
S01011237,Level 4 and above,71,65,6,0,0,1,5
S01011238,All people aged 16 and over,516,498,18,7,0,2,9
S01011238,No qualifications,206,197,9,2,0,0,7
S01011238,Level 1,148,148,0,0,0,0,0
S01011238,Level 2,49,49,0,0,0,0,0
S01011238,Level 3,50,47,3,2,0,0,1
S01011238,Level 4 and above,63,57,6,3,0,2,1
S01011239,All people aged 16 and over,628,612,16,0,1,0,15
S01011239,No qualifications,271,266,5,0,0,0,5
S01011239,Level 1,156,151,5,0,1,0,4
S01011239,Level 2,71,70,1,0,0,0,1
S01011239,Level 3,61,59,2,0,0,0,2
S01011239,Level 4 and above,69,66,3,0,0,0,3
S01011240,All people aged 16 and over,633,612,21,2,7,5,7
S01011240,No qualifications,255,250,5,1,1,0,3
S01011240,Level 1,147,141,6,1,1,2,2
S01011240,Level 2,74,71,3,0,3,0,0
S01011240,Level 3,62,60,2,0,0,1,1
S01011240,Level 4 and above,95,90,5,0,2,2,1
S01011241,All people aged 16 and over,914,893,21,0,3,3,15
S01011241,No qualifications,345,337,8,0,1,0,7
S01011241,Level 1,196,192,4,0,1,0,3
S01011241,Level 2,111,111,0,0,0,0,0
S01011241,Level 3,94,90,4,0,0,2,2
S01011241,Level 4 and above,168,163,5,0,1,1,3
S01011242,All people aged 16 and over,681,660,21,0,3,3,15
S01011242,No qualifications,235,227,8,0,2,3,3
S01011242,Level 1,149,143,6,0,0,0,6
S01011242,Level 2,94,94,0,0,0,0,0
S01011242,Level 3,82,80,2,0,0,0,2
S01011242,Level 4 and above,121,116,5,0,1,0,4
S01011243,All people aged 16 and over,757,733,24,2,4,3,15
S01011243,No qualifications,307,301,6,0,0,0,6
S01011243,Level 1,197,191,6,0,0,2,4
S01011243,Level 2,74,72,2,0,1,0,1
S01011243,Level 3,80,76,4,0,1,0,3
S01011243,Level 4 and above,99,93,6,2,2,1,1
S01011244,All people aged 16 and over,576,562,14,0,1,5,8
S01011244,No qualifications,209,205,4,0,0,1,3
S01011244,Level 1,149,146,3,0,1,2,0
S01011244,Level 2,76,74,2,0,0,1,1
S01011244,Level 3,69,68,1,0,0,0,1
S01011244,Level 4 and above,73,69,4,0,0,1,3
S01011245,All people aged 16 and over,720,700,20,0,4,1,15
S01011245,No qualifications,296,288,8,0,0,1,7
S01011245,Level 1,193,188,5,0,1,0,4
S01011245,Level 2,69,66,3,0,2,0,1
S01011245,Level 3,80,80,0,0,0,0,0
S01011245,Level 4 and above,82,78,4,0,1,0,3
S01011246,All people aged 16 and over,747,727,20,1,0,2,17
S01011246,No qualifications,193,189,4,0,0,0,4
S01011246,Level 1,157,151,6,1,0,1,4
S01011246,Level 2,95,95,0,0,0,0,0
S01011246,Level 3,101,94,7,0,0,1,6
S01011246,Level 4 and above,201,198,3,0,0,0,3
S01011247,All people aged 16 and over,721,704,17,2,1,0,14
S01011247,No qualifications,201,196,5,0,0,0,5
S01011247,Level 1,148,147,1,0,0,0,1
S01011247,Level 2,89,88,1,0,0,0,1
S01011247,Level 3,84,84,0,0,0,0,0
S01011247,Level 4 and above,199,189,10,2,1,0,7
S01011248,All people aged 16 and over,630,611,19,0,0,1,18
S01011248,No qualifications,184,180,4,0,0,0,4
S01011248,Level 1,152,144,8,0,0,1,7
S01011248,Level 2,91,90,1,0,0,0,1
S01011248,Level 3,76,75,1,0,0,0,1
S01011248,Level 4 and above,127,122,5,0,0,0,5
S01011249,All people aged 16 and over,617,606,11,0,3,1,7
S01011249,No qualifications,138,134,4,0,0,0,4
S01011249,Level 1,141,141,0,0,0,0,0
S01011249,Level 2,107,105,2,0,1,0,1
S01011249,Level 3,94,94,0,0,0,0,0
S01011249,Level 4 and above,137,132,5,0,2,1,2
S01011250,All people aged 16 and over,800,782,18,2,1,3,12
S01011250,No qualifications,261,256,5,1,0,0,4
S01011250,Level 1,244,240,4,1,0,0,3
S01011250,Level 2,105,103,2,0,0,0,2
S01011250,Level 3,97,94,3,0,0,1,2
S01011250,Level 4 and above,93,89,4,0,1,2,1
S01011251,All people aged 16 and over,700,691,9,0,2,3,4
S01011251,No qualifications,241,238,3,0,2,0,1
S01011251,Level 1,200,199,1,0,0,0,1
S01011251,Level 2,109,107,2,0,0,0,2
S01011251,Level 3,79,77,2,0,0,2,0
S01011251,Level 4 and above,71,70,1,0,0,1,0
S01011252,All people aged 16 and over,632,616,16,0,0,2,14
S01011252,No qualifications,239,233,6,0,0,0,6
S01011252,Level 1,199,195,4,0,0,1,3
S01011252,Level 2,65,63,2,0,0,0,2
S01011252,Level 3,82,80,2,0,0,1,1
S01011252,Level 4 and above,47,45,2,0,0,0,2
S01011253,All people aged 16 and over,692,675,17,1,0,3,13
S01011253,No qualifications,288,281,7,0,0,0,7
S01011253,Level 1,207,200,7,0,0,2,5
S01011253,Level 2,67,66,1,0,0,0,1
S01011253,Level 3,73,73,0,0,0,0,0
S01011253,Level 4 and above,57,55,2,1,0,1,0
S01011254,All people aged 16 and over,791,778,13,0,1,0,12
S01011254,No qualifications,183,179,4,0,0,0,4
S01011254,Level 1,181,180,1,0,0,0,1
S01011254,Level 2,142,141,1,0,0,0,1
S01011254,Level 3,107,107,0,0,0,0,0
S01011254,Level 4 and above,178,171,7,0,1,0,6
S01011255,All people aged 16 and over,576,565,11,0,0,2,9
S01011255,No qualifications,76,76,0,0,0,0,0
S01011255,Level 1,121,117,4,0,0,1,3
S01011255,Level 2,102,101,1,0,0,1,0
S01011255,Level 3,98,97,1,0,0,0,1
S01011255,Level 4 and above,179,174,5,0,0,0,5
S01011256,All people aged 16 and over,336,326,10,2,0,3,5
S01011256,No qualifications,45,43,2,0,0,0,2
S01011256,Level 1,98,92,6,2,0,3,1
S01011256,Level 2,54,54,0,0,0,0,0
S01011256,Level 3,56,56,0,0,0,0,0
S01011256,Level 4 and above,83,81,2,0,0,0,2
S01011257,All people aged 16 and over,372,365,7,0,1,0,6
S01011257,No qualifications,96,94,2,0,0,0,2
S01011257,Level 1,65,65,0,0,0,0,0
S01011257,Level 2,53,52,1,0,0,0,1
S01011257,Level 3,41,40,1,0,0,0,1
S01011257,Level 4 and above,117,114,3,0,1,0,2
S01011258,All people aged 16 and over,480,468,12,1,1,1,9
S01011258,No qualifications,103,101,2,0,0,0,2
S01011258,Level 1,94,92,2,0,0,1,1
S01011258,Level 2,82,80,2,0,0,0,2
S01011258,Level 3,56,56,0,0,0,0,0
S01011258,Level 4 and above,145,139,6,1,1,0,4
S01011259,All people aged 16 and over,664,652,12,1,4,2,5
S01011259,No qualifications,250,245,5,0,1,0,4
S01011259,Level 1,118,116,2,0,2,0,0
S01011259,Level 2,93,93,0,0,0,0,0
S01011259,Level 3,82,81,1,0,1,0,0
S01011259,Level 4 and above,121,117,4,1,0,2,1
S01011260,All people aged 16 and over,633,618,15,2,1,0,12
S01011260,No qualifications,167,159,8,1,1,0,6
S01011260,Level 1,128,126,2,0,0,0,2
S01011260,Level 2,96,95,1,0,0,0,1
S01011260,Level 3,89,89,0,0,0,0,0
S01011260,Level 4 and above,153,149,4,1,0,0,3
S01011261,All people aged 16 and over,614,602,12,0,1,0,11
S01011261,No qualifications,246,244,2,0,1,0,1
S01011261,Level 1,172,170,2,0,0,0,2
S01011261,Level 2,64,63,1,0,0,0,1
S01011261,Level 3,64,60,4,0,0,0,4
S01011261,Level 4 and above,68,65,3,0,0,0,3
S01011262,All people aged 16 and over,403,394,9,1,4,1,3
S01011262,No qualifications,127,127,0,0,0,0,0
S01011262,Level 1,93,90,3,0,2,1,0
S01011262,Level 2,66,65,1,0,0,0,1
S01011262,Level 3,61,60,1,0,0,0,1
S01011262,Level 4 and above,56,52,4,1,2,0,1
S01011263,All people aged 16 and over,918,901,17,1,0,0,16
S01011263,No qualifications,282,277,5,0,0,0,5
S01011263,Level 1,233,230,3,0,0,0,3
S01011263,Level 2,114,113,1,0,0,0,1
S01011263,Level 3,120,118,2,0,0,0,2
S01011263,Level 4 and above,169,163,6,1,0,0,5
S01011264,All people aged 16 and over,510,499,11,0,0,3,8
S01011264,No qualifications,177,176,1,0,0,0,1
S01011264,Level 1,166,163,3,0,0,1,2
S01011264,Level 2,57,53,4,0,0,1,3
S01011264,Level 3,51,51,0,0,0,0,0
S01011264,Level 4 and above,59,56,3,0,0,1,2
S01011265,All people aged 16 and over,799,781,18,3,5,2,8
S01011265,No qualifications,286,282,4,0,1,0,3
S01011265,Level 1,257,252,5,1,2,0,2
S01011265,Level 2,90,87,3,0,1,0,2
S01011265,Level 3,95,92,3,1,1,1,0
S01011265,Level 4 and above,71,68,3,1,0,1,1
S01011266,All people aged 16 and over,745,729,16,0,4,0,12
S01011266,No qualifications,291,287,4,0,1,0,3
S01011266,Level 1,192,184,8,0,3,0,5
S01011266,Level 2,94,94,0,0,0,0,0
S01011266,Level 3,77,76,1,0,0,0,1
S01011266,Level 4 and above,91,88,3,0,0,0,3
S01011267,All people aged 16 and over,500,486,14,3,2,2,7
S01011267,No qualifications,135,134,1,0,0,0,1
S01011267,Level 1,102,101,1,1,0,0,0
S01011267,Level 2,71,69,2,0,0,0,2
S01011267,Level 3,66,64,2,2,0,0,0
S01011267,Level 4 and above,126,118,8,0,2,2,4
S01011268,All people aged 16 and over,333,324,9,2,1,2,4
S01011268,No qualifications,122,117,5,0,0,2,3
S01011268,Level 1,55,54,1,0,0,0,1
S01011268,Level 2,45,45,0,0,0,0,0
S01011268,Level 3,28,28,0,0,0,0,0
S01011268,Level 4 and above,83,80,3,2,1,0,0
S01011269,All people aged 16 and over,441,428,13,1,0,2,10
S01011269,No qualifications,187,180,7,0,0,0,7
S01011269,Level 1,92,90,2,0,0,0,2
S01011269,Level 2,71,71,0,0,0,0,0
S01011269,Level 3,31,30,1,1,0,0,0
S01011269,Level 4 and above,60,57,3,0,0,2,1
S01011270,All people aged 16 and over,569,552,17,3,4,2,8
S01011270,No qualifications,198,194,4,0,1,0,3
S01011270,Level 1,160,153,7,3,1,0,3
S01011270,Level 2,78,78,0,0,0,0,0
S01011270,Level 3,68,66,2,0,0,2,0
S01011270,Level 4 and above,65,61,4,0,2,0,2
S01011271,All people aged 16 and over,714,702,12,6,1,0,5
S01011271,No qualifications,299,297,2,0,0,0,2
S01011271,Level 1,165,161,4,2,1,0,1
S01011271,Level 2,87,86,1,1,0,0,0
S01011271,Level 3,73,71,2,1,0,0,1
S01011271,Level 4 and above,90,87,3,2,0,0,1
S01011272,All people aged 16 and over,628,614,14,4,4,0,6
S01011272,No qualifications,263,259,4,3,0,0,1
S01011272,Level 1,159,157,2,1,1,0,0
S01011272,Level 2,65,63,2,0,1,0,1
S01011272,Level 3,67,67,0,0,0,0,0
S01011272,Level 4 and above,74,68,6,0,2,0,4
S01011273,All people aged 16 and over,648,635,13,1,0,4,8
S01011273,No qualifications,221,214,7,0,0,1,6
S01011273,Level 1,209,206,3,1,0,0,2
S01011273,Level 2,79,79,0,0,0,0,0
S01011273,Level 3,88,88,0,0,0,0,0
S01011273,Level 4 and above,51,48,3,0,0,3,0
S01011274,All people aged 16 and over,676,649,27,2,4,5,16
S01011274,No qualifications,221,214,7,0,2,1,4
S01011274,Level 1,212,204,8,1,0,0,7
S01011274,Level 2,84,83,1,0,0,0,1
S01011274,Level 3,84,83,1,0,0,1,0
S01011274,Level 4 and above,75,65,10,1,2,3,4
S01011275,All people aged 16 and over,514,506,8,2,2,0,4
S01011275,No qualifications,168,167,1,0,0,0,1
S01011275,Level 1,168,166,2,0,0,0,2
S01011275,Level 2,76,76,0,0,0,0,0
S01011275,Level 3,55,52,3,0,2,0,1
S01011275,Level 4 and above,47,45,2,2,0,0,0
S01011276,All people aged 16 and over,769,755,14,1,2,2,9
S01011276,No qualifications,296,291,5,0,0,1,4
S01011276,Level 1,231,229,2,0,0,1,1
S01011276,Level 2,88,86,2,0,0,0,2
S01011276,Level 3,89,87,2,0,0,0,2
S01011276,Level 4 and above,65,62,3,1,2,0,0
S01011277,All people aged 16 and over,579,569,10,0,2,2,6
S01011277,No qualifications,119,116,3,0,1,0,2
S01011277,Level 1,153,150,3,0,1,1,1
S01011277,Level 2,93,92,1,0,0,0,1
S01011277,Level 3,72,72,0,0,0,0,0
S01011277,Level 4 and above,142,139,3,0,0,1,2
S01011278,All people aged 16 and over,417,404,13,0,0,0,13
S01011278,No qualifications,85,84,1,0,0,0,1
S01011278,Level 1,103,99,4,0,0,0,4
S01011278,Level 2,76,76,0,0,0,0,0
S01011278,Level 3,64,61,3,0,0,0,3
S01011278,Level 4 and above,89,84,5,0,0,0,5
S01011279,All people aged 16 and over,561,547,14,0,3,0,11
S01011279,No qualifications,155,152,3,0,0,0,3
S01011279,Level 1,120,117,3,0,1,0,2
S01011279,Level 2,98,98,0,0,0,0,0
S01011279,Level 3,74,71,3,0,0,0,3
S01011279,Level 4 and above,114,109,5,0,2,0,3
S01011280,All people aged 16 and over,517,505,12,0,2,0,10
S01011280,No qualifications,79,79,0,0,0,0,0
S01011280,Level 1,124,122,2,0,0,0,2
S01011280,Level 2,83,81,2,0,0,0,2
S01011280,Level 3,61,59,2,0,0,0,2
S01011280,Level 4 and above,170,164,6,0,2,0,4
S01011281,All people aged 16 and over,519,504,15,2,0,2,11
S01011281,No qualifications,87,85,2,0,0,0,2
S01011281,Level 1,102,100,2,1,0,0,1
S01011281,Level 2,91,90,1,0,0,1,0
S01011281,Level 3,95,92,3,0,0,1,2
S01011281,Level 4 and above,144,137,7,1,0,0,6
S01011282,All people aged 16 and over,695,672,23,0,4,3,16
S01011282,No qualifications,130,124,6,0,0,0,6
S01011282,Level 1,164,161,3,0,1,0,2
S01011282,Level 2,113,110,3,0,0,0,3
S01011282,Level 3,109,105,4,0,1,1,2
S01011282,Level 4 and above,179,172,7,0,2,2,3
S01011283,All people aged 16 and over,549,518,31,0,3,2,26
S01011283,No qualifications,72,63,9,0,0,1,8
S01011283,Level 1,125,118,7,0,1,0,6
S01011283,Level 2,79,76,3,0,0,0,3
S01011283,Level 3,97,93,4,0,1,0,3
S01011283,Level 4 and above,176,168,8,0,1,1,6
S01011284,All people aged 16 and over,410,394,16,0,2,3,11
S01011284,No qualifications,32,26,6,0,1,1,4
S01011284,Level 1,66,65,1,0,0,1,0
S01011284,Level 2,78,75,3,0,0,0,3
S01011284,Level 3,83,81,2,0,0,0,2
S01011284,Level 4 and above,151,147,4,0,1,1,2
S01011285,All people aged 16 and over,549,536,13,0,0,2,11
S01011285,No qualifications,176,169,7,0,0,0,7
S01011285,Level 1,151,149,2,0,0,2,0
S01011285,Level 2,85,85,0,0,0,0,0
S01011285,Level 3,63,62,1,0,0,0,1
S01011285,Level 4 and above,74,71,3,0,0,0,3
S01011286,All people aged 16 and over,551,534,17,1,0,1,15
S01011286,No qualifications,189,186,3,0,0,0,3
S01011286,Level 1,171,168,3,1,0,0,2
S01011286,Level 2,67,67,0,0,0,0,0
S01011286,Level 3,56,55,1,0,0,0,1
S01011286,Level 4 and above,68,58,10,0,0,1,9
S01011287,All people aged 16 and over,633,621,12,0,0,1,11
S01011287,No qualifications,208,205,3,0,0,0,3
S01011287,Level 1,199,195,4,0,0,0,4
S01011287,Level 2,88,86,2,0,0,0,2
S01011287,Level 3,62,62,0,0,0,0,0
S01011287,Level 4 and above,76,73,3,0,0,1,2
S01011288,All people aged 16 and over,595,581,14,0,1,3,10
S01011288,No qualifications,203,199,4,0,0,0,4
S01011288,Level 1,179,175,4,0,1,0,3
S01011288,Level 2,68,67,1,0,0,0,1
S01011288,Level 3,85,84,1,0,0,0,1
S01011288,Level 4 and above,60,56,4,0,0,3,1
S01011289,All people aged 16 and over,753,736,17,2,0,2,13
S01011289,No qualifications,302,301,1,0,0,0,1
S01011289,Level 1,201,198,3,0,0,0,3
S01011289,Level 2,97,94,3,0,0,0,3
S01011289,Level 3,80,77,3,0,0,0,3
S01011289,Level 4 and above,73,66,7,2,0,2,3
S01011290,All people aged 16 and over,998,983,15,2,2,1,10
S01011290,No qualifications,407,401,6,0,0,0,6
S01011290,Level 1,218,215,3,0,1,1,1
S01011290,Level 2,133,133,0,0,0,0,0
S01011290,Level 3,104,100,4,2,1,0,1
S01011290,Level 4 and above,136,134,2,0,0,0,2
S01011291,All people aged 16 and over,673,653,20,0,1,4,15
S01011291,No qualifications,260,255,5,0,0,0,5
S01011291,Level 1,158,156,2,0,0,1,1
S01011291,Level 2,83,81,2,0,0,0,2
S01011291,Level 3,73,70,3,0,0,0,3
S01011291,Level 4 and above,99,91,8,0,1,3,4
S01011292,All people aged 16 and over,572,565,7,0,2,1,4
S01011292,No qualifications,259,255,4,0,0,1,3
S01011292,Level 1,160,159,1,0,0,0,1
S01011292,Level 2,64,64,0,0,0,0,0
S01011292,Level 3,44,44,0,0,0,0,0
S01011292,Level 4 and above,45,43,2,0,2,0,0
S01011293,All people aged 16 and over,591,580,11,0,0,0,11
S01011293,No qualifications,273,270,3,0,0,0,3
S01011293,Level 1,151,151,0,0,0,0,0
S01011293,Level 2,55,53,2,0,0,0,2
S01011293,Level 3,58,55,3,0,0,0,3
S01011293,Level 4 and above,54,51,3,0,0,0,3
S01011294,All people aged 16 and over,748,729,19,0,1,2,16
S01011294,No qualifications,352,347,5,0,0,0,5
S01011294,Level 1,145,143,2,0,0,0,2
S01011294,Level 2,73,72,1,0,0,0,1
S01011294,Level 3,71,68,3,0,0,0,3
S01011294,Level 4 and above,107,99,8,0,1,2,5
S01011295,All people aged 16 and over,821,806,15,1,0,2,12
S01011295,No qualifications,157,154,3,0,0,1,2
S01011295,Level 1,164,161,3,0,0,0,3
S01011295,Level 2,130,129,1,0,0,0,1
S01011295,Level 3,95,93,2,1,0,0,1
S01011295,Level 4 and above,275,269,6,0,0,1,5
S01011296,All people aged 16 and over,492,488,4,0,0,0,4
S01011296,No qualifications,185,184,1,0,0,0,1
S01011296,Level 1,106,106,0,0,0,0,0
S01011296,Level 2,60,59,1,0,0,0,1
S01011296,Level 3,52,52,0,0,0,0,0
S01011296,Level 4 and above,89,87,2,0,0,0,2
S01011297,All people aged 16 and over,650,640,10,0,1,2,7
S01011297,No qualifications,235,234,1,0,0,0,1
S01011297,Level 1,197,197,0,0,0,0,0
S01011297,Level 2,94,91,3,0,1,0,2
S01011297,Level 3,66,65,1,0,0,0,1
S01011297,Level 4 and above,58,53,5,0,0,2,3
S01011298,All people aged 16 and over,480,468,12,0,0,2,10
S01011298,No qualifications,183,176,7,0,0,2,5
S01011298,Level 1,155,153,2,0,0,0,2
S01011298,Level 2,36,35,1,0,0,0,1
S01011298,Level 3,57,57,0,0,0,0,0
S01011298,Level 4 and above,49,47,2,0,0,0,2
S01011299,All people aged 16 and over,415,407,8,1,1,2,4
S01011299,No qualifications,120,120,0,0,0,0,0
S01011299,Level 1,70,70,0,0,0,0,0
S01011299,Level 2,68,68,0,0,0,0,0
S01011299,Level 3,42,42,0,0,0,0,0
S01011299,Level 4 and above,115,107,8,1,1,2,4
S01011300,All people aged 16 and over,767,754,13,1,1,2,9
S01011300,No qualifications,328,323,5,0,0,0,5
S01011300,Level 1,196,194,2,0,0,0,2
S01011300,Level 2,87,86,1,1,0,0,0
S01011300,Level 3,77,76,1,0,0,0,1
S01011300,Level 4 and above,79,75,4,0,1,2,1
S01011301,All people aged 16 and over,594,585,9,0,2,1,6
S01011301,No qualifications,141,137,4,0,2,0,2
S01011301,Level 1,121,121,0,0,0,0,0
S01011301,Level 2,95,94,1,0,0,0,1
S01011301,Level 3,82,82,0,0,0,0,0
S01011301,Level 4 and above,155,151,4,0,0,1,3
S01011302,All people aged 16 and over,765,747,18,1,0,4,13
S01011302,No qualifications,360,358,2,1,0,0,1
S01011302,Level 1,165,161,4,0,0,1,3
S01011302,Level 2,90,84,6,0,0,2,4
S01011302,Level 3,63,62,1,0,0,0,1
S01011302,Level 4 and above,87,82,5,0,0,1,4
S01011303,All people aged 16 and over,847,822,25,1,1,8,15
S01011303,No qualifications,196,195,1,0,0,1,0
S01011303,Level 1,196,191,5,1,0,1,3
S01011303,Level 2,128,122,6,0,0,2,4
S01011303,Level 3,108,108,0,0,0,0,0
S01011303,Level 4 and above,219,206,13,0,1,4,8
S01011304,All people aged 16 and over,540,526,14,0,0,1,13
S01011304,No qualifications,229,227,2,0,0,0,2
S01011304,Level 1,121,117,4,0,0,0,4
S01011304,Level 2,69,69,0,0,0,0,0
S01011304,Level 3,54,51,3,0,0,0,3
S01011304,Level 4 and above,67,62,5,0,0,1,4
S01011305,All people aged 16 and over,641,626,15,1,1,4,9
S01011305,No qualifications,178,176,2,0,0,0,2
S01011305,Level 1,174,170,4,0,1,0,3
S01011305,Level 2,94,93,1,0,0,0,1
S01011305,Level 3,86,83,3,0,0,0,3
S01011305,Level 4 and above,109,104,5,1,0,4,0
S01011306,All people aged 16 and over,474,463,11,1,0,1,9
S01011306,No qualifications,162,160,2,0,0,0,2
S01011306,Level 1,141,139,2,0,0,0,2
S01011306,Level 2,60,59,1,1,0,0,0
S01011306,Level 3,42,39,3,0,0,0,3
S01011306,Level 4 and above,69,66,3,0,0,1,2
S01011307,All people aged 16 and over,382,370,12,1,2,1,8
S01011307,No qualifications,96,95,1,0,0,0,1
S01011307,Level 1,92,86,6,1,2,0,3
S01011307,Level 2,47,46,1,0,0,0,1
S01011307,Level 3,45,45,0,0,0,0,0
S01011307,Level 4 and above,102,98,4,0,0,1,3
S01011308,All people aged 16 and over,374,359,15,0,1,2,12
S01011308,No qualifications,77,74,3,0,0,0,3
S01011308,Level 1,71,70,1,0,0,0,1
S01011308,Level 2,48,48,0,0,0,0,0
S01011308,Level 3,32,31,1,0,0,0,1
S01011308,Level 4 and above,146,136,10,0,1,2,7
S01011309,All people aged 16 and over,618,594,24,0,2,3,19
S01011309,No qualifications,111,107,4,0,0,0,4
S01011309,Level 1,98,95,3,0,1,0,2
S01011309,Level 2,76,74,2,0,0,0,2
S01011309,Level 3,73,71,2,0,0,0,2
S01011309,Level 4 and above,260,247,13,0,1,3,9
S01011310,All people aged 16 and over,591,565,26,0,2,4,20
S01011310,No qualifications,139,136,3,0,0,0,3
S01011310,Level 1,108,104,4,0,0,0,4
S01011310,Level 2,85,84,1,0,0,0,1
S01011310,Level 3,65,63,2,0,1,1,0
S01011310,Level 4 and above,194,178,16,0,1,3,12
S01011311,All people aged 16 and over,606,551,55,22,5,3,25
S01011311,No qualifications,96,92,4,1,0,0,3
S01011311,Level 1,90,82,8,3,1,1,3
S01011311,Level 2,87,82,5,2,0,0,3
S01011311,Level 3,85,78,7,4,0,0,3
S01011311,Level 4 and above,248,217,31,12,4,2,13
S01011312,All people aged 16 and over,955,921,34,4,2,1,27
S01011312,No qualifications,141,138,3,0,0,0,3
S01011312,Level 1,129,128,1,0,0,0,1
S01011312,Level 2,143,139,4,0,0,0,4
S01011312,Level 3,99,97,2,1,0,0,1
S01011312,Level 4 and above,443,419,24,3,2,1,18
S01011313,All people aged 16 and over,614,591,23,3,4,1,15
S01011313,No qualifications,117,116,1,0,0,0,1
S01011313,Level 1,117,116,1,0,1,0,0
S01011313,Level 2,104,103,1,0,0,0,1
S01011313,Level 3,73,68,5,0,0,0,5
S01011313,Level 4 and above,203,188,15,3,3,1,8
S01011314,All people aged 16 and over,876,843,33,1,1,7,24
S01011314,No qualifications,158,155,3,0,0,0,3
S01011314,Level 1,165,164,1,0,0,0,1
S01011314,Level 2,148,145,3,0,0,0,3
S01011314,Level 3,96,93,3,0,0,1,2
S01011314,Level 4 and above,309,286,23,1,1,6,15
S01011315,All people aged 16 and over,320,306,14,1,1,3,9
S01011315,No qualifications,103,102,1,0,0,0,1
S01011315,Level 1,70,69,1,0,0,0,1
S01011315,Level 2,40,37,3,1,0,0,2
S01011315,Level 3,44,43,1,0,0,0,1
S01011315,Level 4 and above,63,55,8,0,1,3,4
S01011316,All people aged 16 and over,574,557,17,3,0,5,9
S01011316,No qualifications,181,178,3,1,0,0,2
S01011316,Level 1,135,129,6,1,0,2,3
S01011316,Level 2,78,76,2,0,0,1,1
S01011316,Level 3,66,62,4,1,0,1,2
S01011316,Level 4 and above,114,112,2,0,0,1,1
S01011317,All people aged 16 and over,744,731,13,1,0,0,12
S01011317,No qualifications,211,210,1,0,0,0,1
S01011317,Level 1,130,126,4,1,0,0,3
S01011317,Level 2,99,98,1,0,0,0,1
S01011317,Level 3,79,77,2,0,0,0,2
S01011317,Level 4 and above,225,220,5,0,0,0,5
S01011318,All people aged 16 and over,871,827,44,5,7,4,28
S01011318,No qualifications,240,235,5,0,1,0,4
S01011318,Level 1,160,151,9,2,1,2,4
S01011318,Level 2,117,115,2,0,0,0,2
S01011318,Level 3,78,77,1,0,0,1,0
S01011318,Level 4 and above,276,249,27,3,5,1,18
S01011319,All people aged 16 and over,758,734,24,1,1,1,21
S01011319,No qualifications,181,174,7,0,0,0,7
S01011319,Level 1,112,111,1,0,0,0,1
S01011319,Level 2,113,111,2,0,0,0,2
S01011319,Level 3,87,85,2,0,0,0,2
S01011319,Level 4 and above,265,253,12,1,1,1,9
S01011320,All people aged 16 and over,466,454,12,0,1,2,9
S01011320,No qualifications,145,141,4,0,0,0,4
S01011320,Level 1,91,91,0,0,0,0,0
S01011320,Level 2,81,79,2,0,0,0,2
S01011320,Level 3,58,57,1,0,0,0,1
S01011320,Level 4 and above,91,86,5,0,1,2,2
S01011321,All people aged 16 and over,487,460,27,0,4,7,16
S01011321,No qualifications,108,107,1,0,0,0,1
S01011321,Level 1,107,101,6,0,1,1,4
S01011321,Level 2,89,84,5,0,1,0,4
S01011321,Level 3,62,58,4,0,0,2,2
S01011321,Level 4 and above,121,110,11,0,2,4,5
S01011322,All people aged 16 and over,494,474,20,2,0,3,15
S01011322,No qualifications,100,95,5,0,0,0,5
S01011322,Level 1,116,112,4,0,0,0,4
S01011322,Level 2,73,70,3,1,0,0,2
S01011322,Level 3,79,75,4,0,0,2,2
S01011322,Level 4 and above,126,122,4,1,0,1,2
S01011323,All people aged 16 and over,737,717,20,4,1,8,7
S01011323,No qualifications,205,203,2,0,0,1,1
S01011323,Level 1,184,179,5,2,0,2,1
S01011323,Level 2,105,104,1,0,0,0,1
S01011323,Level 3,92,90,2,0,1,0,1
S01011323,Level 4 and above,151,141,10,2,0,5,3
S01011324,All people aged 16 and over,363,331,32,0,4,4,24
S01011324,No qualifications,87,83,4,0,0,1,3
S01011324,Level 1,60,56,4,0,0,1,3
S01011324,Level 2,63,61,2,0,2,0,0
S01011324,Level 3,38,34,4,0,1,0,3
S01011324,Level 4 and above,115,97,18,0,1,2,15
S01011325,All people aged 16 and over,652,618,34,3,6,7,18
S01011325,No qualifications,237,228,9,0,1,1,7
S01011325,Level 1,125,118,7,2,1,1,3
S01011325,Level 2,93,90,3,0,1,0,2
S01011325,Level 3,92,84,8,1,0,2,5
S01011325,Level 4 and above,105,98,7,0,3,3,1
S01011326,All people aged 16 and over,686,645,41,5,8,7,21
S01011326,No qualifications,246,237,9,1,1,0,7
S01011326,Level 1,153,144,9,0,2,4,3
S01011326,Level 2,81,77,4,1,0,0,3
S01011326,Level 3,67,61,6,1,2,0,3
S01011326,Level 4 and above,139,126,13,2,3,3,5
S01011327,All people aged 16 and over,624,604,20,2,2,4,12
S01011327,No qualifications,240,235,5,0,0,1,4
S01011327,Level 1,121,118,3,0,1,1,1
S01011327,Level 2,74,71,3,1,0,0,2
S01011327,Level 3,64,61,3,0,0,0,3
S01011327,Level 4 and above,125,119,6,1,1,2,2
S01011328,All people aged 16 and over,595,577,18,2,0,2,14
S01011328,No qualifications,185,179,6,0,0,0,6
S01011328,Level 1,129,128,1,1,0,0,0
S01011328,Level 2,76,75,1,0,0,0,1
S01011328,Level 3,63,63,0,0,0,0,0
S01011328,Level 4 and above,142,132,10,1,0,2,7
S01011329,All people aged 16 and over,796,753,43,5,3,5,30
S01011329,No qualifications,180,169,11,2,0,0,9
S01011329,Level 1,169,164,5,0,0,2,3
S01011329,Level 2,121,116,5,0,0,0,5
S01011329,Level 3,96,90,6,1,0,1,4
S01011329,Level 4 and above,230,214,16,2,3,2,9
S01011330,All people aged 16 and over,616,595,21,0,4,0,17
S01011330,No qualifications,110,107,3,0,0,0,3
S01011330,Level 1,110,109,1,0,0,0,1
S01011330,Level 2,102,99,3,0,2,0,1
S01011330,Level 3,81,80,1,0,0,0,1
S01011330,Level 4 and above,213,200,13,0,2,0,11
S01011331,All people aged 16 and over,636,619,17,0,0,1,16
S01011331,No qualifications,135,134,1,0,0,0,1
S01011331,Level 1,107,104,3,0,0,0,3
S01011331,Level 2,92,90,2,0,0,0,2
S01011331,Level 3,76,75,1,0,0,0,1
S01011331,Level 4 and above,226,216,10,0,0,1,9
S01011332,All people aged 16 and over,791,770,21,2,0,0,19
S01011332,No qualifications,154,150,4,1,0,0,3
S01011332,Level 1,118,115,3,0,0,0,3
S01011332,Level 2,127,125,2,1,0,0,1
S01011332,Level 3,120,118,2,0,0,0,2
S01011332,Level 4 and above,272,262,10,0,0,0,10
S01011333,All people aged 16 and over,672,645,27,0,0,4,23
S01011333,No qualifications,152,149,3,0,0,0,3
S01011333,Level 1,108,104,4,0,0,0,4
S01011333,Level 2,91,88,3,0,0,2,1
S01011333,Level 3,73,70,3,0,0,1,2
S01011333,Level 4 and above,248,234,14,0,0,1,13
S01011334,All people aged 16 and over,591,572,19,1,0,2,16
S01011334,No qualifications,145,143,2,0,0,0,2
S01011334,Level 1,102,99,3,0,0,0,3
S01011334,Level 2,97,95,2,0,0,0,2
S01011334,Level 3,56,55,1,0,0,0,1
S01011334,Level 4 and above,191,180,11,1,0,2,8
S01011335,All people aged 16 and over,826,785,41,1,2,5,33
S01011335,No qualifications,167,162,5,0,0,0,5
S01011335,Level 1,119,116,3,0,0,1,2
S01011335,Level 2,128,124,4,1,0,0,3
S01011335,Level 3,94,89,5,0,1,0,4
S01011335,Level 4 and above,318,294,24,0,1,4,19
S01011336,All people aged 16 and over,482,463,19,1,1,3,14
S01011336,No qualifications,150,148,2,0,0,0,2
S01011336,Level 1,108,105,3,0,0,1,2
S01011336,Level 2,50,47,3,0,0,1,2
S01011336,Level 3,61,58,3,0,0,0,3
S01011336,Level 4 and above,113,105,8,1,1,1,5
S01011337,All people aged 16 and over,588,560,28,1,0,4,23
S01011337,No qualifications,78,75,3,0,0,1,2
S01011337,Level 1,88,84,4,0,0,0,4
S01011337,Level 2,70,66,4,0,0,0,4
S01011337,Level 3,81,79,2,0,0,0,2
S01011337,Level 4 and above,271,256,15,1,0,3,11
S01011338,All people aged 16 and over,510,500,10,0,2,1,7
S01011338,No qualifications,152,150,2,0,0,0,2
S01011338,Level 1,135,133,2,0,1,0,1
S01011338,Level 2,67,65,2,0,1,1,0
S01011338,Level 3,53,52,1,0,0,0,1
S01011338,Level 4 and above,103,100,3,0,0,0,3
S01011339,All people aged 16 and over,454,443,11,0,0,7,4
S01011339,No qualifications,145,141,4,0,0,2,2
S01011339,Level 1,146,143,3,0,0,1,2
S01011339,Level 2,63,63,0,0,0,0,0
S01011339,Level 3,34,32,2,0,0,2,0
S01011339,Level 4 and above,66,64,2,0,0,2,0
S01011340,All people aged 16 and over,553,542,11,0,1,0,10
S01011340,No qualifications,233,230,3,0,0,0,3
S01011340,Level 1,130,128,2,0,0,0,2
S01011340,Level 2,81,79,2,0,1,0,1
S01011340,Level 3,61,58,3,0,0,0,3
S01011340,Level 4 and above,48,47,1,0,0,0,1
S01011341,All people aged 16 and over,595,575,20,0,8,2,10
S01011341,No qualifications,156,154,2,0,0,0,2
S01011341,Level 1,158,154,4,0,2,0,2
S01011341,Level 2,103,101,2,0,0,0,2
S01011341,Level 3,69,67,2,0,1,1,0
S01011341,Level 4 and above,109,99,10,0,5,1,4
S01011342,All people aged 16 and over,583,573,10,1,1,1,7
S01011342,No qualifications,145,144,1,0,0,0,1
S01011342,Level 1,147,144,3,0,0,0,3
S01011342,Level 2,95,95,0,0,0,0,0
S01011342,Level 3,71,70,1,0,0,0,1
S01011342,Level 4 and above,125,120,5,1,1,1,2
S01011343,All people aged 16 and over,698,685,13,1,0,0,12
S01011343,No qualifications,304,302,2,0,0,0,2
S01011343,Level 1,188,184,4,0,0,0,4
S01011343,Level 2,72,71,1,0,0,0,1
S01011343,Level 3,66,65,1,0,0,0,1
S01011343,Level 4 and above,68,63,5,1,0,0,4
S01011344,All people aged 16 and over,696,684,12,2,1,2,7
S01011344,No qualifications,304,302,2,0,0,2,0
S01011344,Level 1,208,207,1,0,0,0,1
S01011344,Level 2,77,74,3,0,0,0,3
S01011344,Level 3,57,56,1,0,0,0,1
S01011344,Level 4 and above,50,45,5,2,1,0,2
S01011345,All people aged 16 and over,598,584,14,0,2,0,12
S01011345,No qualifications,230,225,5,0,1,0,4
S01011345,Level 1,187,183,4,0,0,0,4
S01011345,Level 2,68,68,0,0,0,0,0
S01011345,Level 3,57,55,2,0,1,0,1
S01011345,Level 4 and above,56,53,3,0,0,0,3
S01011346,All people aged 16 and over,569,560,9,0,2,1,6
S01011346,No qualifications,262,260,2,0,1,0,1
S01011346,Level 1,132,130,2,0,1,0,1
S01011346,Level 2,67,67,0,0,0,0,0
S01011346,Level 3,48,48,0,0,0,0,0
S01011346,Level 4 and above,60,55,5,0,0,1,4
S01011347,All people aged 16 and over,886,867,19,4,2,0,13
S01011347,No qualifications,305,302,3,0,0,0,3
S01011347,Level 1,217,212,5,1,1,0,3
S01011347,Level 2,111,108,3,1,0,0,2
S01011347,Level 3,105,103,2,0,0,0,2
S01011347,Level 4 and above,148,142,6,2,1,0,3
S01011348,All people aged 16 and over,738,723,15,2,4,3,6
S01011348,No qualifications,275,270,5,0,0,0,5
S01011348,Level 1,174,169,5,0,4,1,0
S01011348,Level 2,109,109,0,0,0,0,0
S01011348,Level 3,70,70,0,0,0,0,0
S01011348,Level 4 and above,110,105,5,2,0,2,1
S01011349,All people aged 16 and over,741,726,15,0,0,2,13
S01011349,No qualifications,130,126,4,0,0,0,4
S01011349,Level 1,177,173,4,0,0,0,4
S01011349,Level 2,139,138,1,0,0,0,1
S01011349,Level 3,101,99,2,0,0,0,2
S01011349,Level 4 and above,194,190,4,0,0,2,2
S01011350,All people aged 16 and over,571,559,12,0,1,1,10
S01011350,No qualifications,116,113,3,0,0,1,2
S01011350,Level 1,130,126,4,0,1,0,3
S01011350,Level 2,101,100,1,0,0,0,1
S01011350,Level 3,66,66,0,0,0,0,0
S01011350,Level 4 and above,158,154,4,0,0,0,4
S01011351,All people aged 16 and over,576,560,16,3,2,2,9
S01011351,No qualifications,233,232,1,0,0,0,1
S01011351,Level 1,155,149,6,1,0,1,4
S01011351,Level 2,55,55,0,0,0,0,0
S01011351,Level 3,71,69,2,0,1,0,1
S01011351,Level 4 and above,62,55,7,2,1,1,3
S01011352,All people aged 16 and over,552,540,12,0,0,3,9
S01011352,No qualifications,195,191,4,0,0,0,4
S01011352,Level 1,116,114,2,0,0,0,2
S01011352,Level 2,72,70,2,0,0,1,1
S01011352,Level 3,66,65,1,0,0,0,1
S01011352,Level 4 and above,103,100,3,0,0,2,1
S01011353,All people aged 16 and over,556,547,9,0,0,2,7
S01011353,No qualifications,226,223,3,0,0,0,3
S01011353,Level 1,132,130,2,0,0,1,1
S01011353,Level 2,56,55,1,0,0,0,1
S01011353,Level 3,53,53,0,0,0,0,0
S01011353,Level 4 and above,89,86,3,0,0,1,2
S01011354,All people aged 16 and over,608,590,18,0,1,2,15
S01011354,No qualifications,141,137,4,0,0,0,4
S01011354,Level 1,141,139,2,0,0,0,2
S01011354,Level 2,87,86,1,0,0,0,1
S01011354,Level 3,67,65,2,0,0,0,2
S01011354,Level 4 and above,172,163,9,0,1,2,6
S01011355,All people aged 16 and over,805,791,14,3,2,1,8
S01011355,No qualifications,247,243,4,3,0,0,1
S01011355,Level 1,202,196,6,0,1,1,4
S01011355,Level 2,111,111,0,0,0,0,0
S01011355,Level 3,95,94,1,0,0,0,1
S01011355,Level 4 and above,150,147,3,0,1,0,2
S01011356,All people aged 16 and over,791,771,20,3,2,3,12
S01011356,No qualifications,197,196,1,0,0,0,1
S01011356,Level 1,156,153,3,0,1,1,1
S01011356,Level 2,101,100,1,0,0,0,1
S01011356,Level 3,90,87,3,1,0,0,2
S01011356,Level 4 and above,247,235,12,2,1,2,7
S01011357,All people aged 16 and over,711,703,8,0,2,1,5
S01011357,No qualifications,244,243,1,0,0,0,1
S01011357,Level 1,163,159,4,0,2,1,1
S01011357,Level 2,108,108,0,0,0,0,0
S01011357,Level 3,69,67,2,0,0,0,2
S01011357,Level 4 and above,127,126,1,0,0,0,1
S01011358,All people aged 16 and over,434,425,9,0,0,3,6
S01011358,No qualifications,53,52,1,0,0,0,1
S01011358,Level 1,107,106,1,0,0,1,0
S01011358,Level 2,93,91,2,0,0,0,2
S01011358,Level 3,53,52,1,0,0,0,1
S01011358,Level 4 and above,128,124,4,0,0,2,2
S01011359,All people aged 16 and over,646,636,10,1,2,2,5
S01011359,No qualifications,289,285,4,0,0,0,4
S01011359,Level 1,121,120,1,0,0,1,0
S01011359,Level 2,76,76,0,0,0,0,0
S01011359,Level 3,64,64,0,0,0,0,0
S01011359,Level 4 and above,96,91,5,1,2,1,1
S01011360,All people aged 16 and over,573,478,95,16,48,23,8
S01011360,No qualifications,188,174,14,2,8,2,2
S01011360,Level 1,186,154,32,1,19,9,3
S01011360,Level 2,54,54,0,0,0,0,0
S01011360,Level 3,67,46,21,4,9,7,1
S01011360,Level 4 and above,78,50,28,9,12,5,2
S01011361,All people aged 16 and over,464,395,69,16,38,7,8
S01011361,No qualifications,190,167,23,7,13,1,2
S01011361,Level 1,139,126,13,3,6,1,3
S01011361,Level 2,37,34,3,1,1,0,1
S01011361,Level 3,41,34,7,2,3,1,1
S01011361,Level 4 and above,57,34,23,3,15,4,1
S01011362,All people aged 16 and over,428,401,27,0,9,6,12
S01011362,No qualifications,80,70,10,0,1,1,8
S01011362,Level 1,95,93,2,0,2,0,0
S01011362,Level 2,70,70,0,0,0,0,0
S01011362,Level 3,56,55,1,0,0,1,0
S01011362,Level 4 and above,127,113,14,0,6,4,4
S01011363,All people aged 16 and over,764,748,16,1,2,4,9
S01011363,No qualifications,285,283,2,0,1,0,1
S01011363,Level 1,183,183,0,0,0,0,0
S01011363,Level 2,98,97,1,0,0,0,1
S01011363,Level 3,64,59,5,0,1,0,4
S01011363,Level 4 and above,134,126,8,1,0,4,3
S01011364,All people aged 16 and over,521,513,8,0,3,1,4
S01011364,No qualifications,152,150,2,0,0,0,2
S01011364,Level 1,131,127,4,0,2,1,1
S01011364,Level 2,71,70,1,0,1,0,0
S01011364,Level 3,65,65,0,0,0,0,0
S01011364,Level 4 and above,102,101,1,0,0,0,1
S01011365,All people aged 16 and over,449,439,10,0,1,1,8
S01011365,No qualifications,80,77,3,0,0,0,3
S01011365,Level 1,106,104,2,0,1,0,1
S01011365,Level 2,75,75,0,0,0,0,0
S01011365,Level 3,61,61,0,0,0,0,0
S01011365,Level 4 and above,127,122,5,0,0,1,4
S01011366,All people aged 16 and over,454,447,7,1,2,1,3
S01011366,No qualifications,228,226,2,0,0,0,2
S01011366,Level 1,98,97,1,0,1,0,0
S01011366,Level 2,36,35,1,1,0,0,0
S01011366,Level 3,33,33,0,0,0,0,0
S01011366,Level 4 and above,59,56,3,0,1,1,1
S01011367,All people aged 16 and over,688,677,11,0,3,1,7
S01011367,No qualifications,254,252,2,0,1,0,1
S01011367,Level 1,200,196,4,0,0,0,4
S01011367,Level 2,79,79,0,0,0,0,0
S01011367,Level 3,76,75,1,0,0,0,1
S01011367,Level 4 and above,79,75,4,0,2,1,1
S01011368,All people aged 16 and over,628,592,36,6,3,10,17
S01011368,No qualifications,64,54,10,1,0,2,7
S01011368,Level 1,153,147,6,2,0,1,3
S01011368,Level 2,105,103,2,0,1,0,1
S01011368,Level 3,93,90,3,1,0,2,0
S01011368,Level 4 and above,213,198,15,2,2,5,6
S01011369,All people aged 16 and over,677,646,31,2,14,7,8
S01011369,No qualifications,223,220,3,0,0,1,2
S01011369,Level 1,205,200,5,1,4,0,0
S01011369,Level 2,84,80,4,0,2,1,1
S01011369,Level 3,62,57,5,0,4,1,0
S01011369,Level 4 and above,103,89,14,1,4,4,5
S01011370,All people aged 16 and over,631,598,33,5,6,7,15
S01011370,No qualifications,126,119,7,0,0,1,6
S01011370,Level 1,135,130,5,1,1,2,1
S01011370,Level 2,107,105,2,0,1,0,1
S01011370,Level 3,84,80,4,2,1,0,1
S01011370,Level 4 and above,179,164,15,2,3,4,6
S01011371,All people aged 16 and over,763,724,39,6,7,8,18
S01011371,No qualifications,265,255,10,1,3,2,4
S01011371,Level 1,212,203,9,1,3,1,4
S01011371,Level 2,87,82,5,0,0,3,2
S01011371,Level 3,91,88,3,1,0,0,2
S01011371,Level 4 and above,108,96,12,3,1,2,6
S01011372,All people aged 16 and over,574,524,50,10,24,8,8
S01011372,No qualifications,245,233,12,4,3,1,4
S01011372,Level 1,165,157,8,1,6,0,1
S01011372,Level 2,59,58,1,0,1,0,0
S01011372,Level 3,53,38,15,4,8,1,2
S01011372,Level 4 and above,52,38,14,1,6,6,1
S01011373,All people aged 16 and over,554,530,24,6,5,0,13
S01011373,No qualifications,181,175,6,0,0,0,6
S01011373,Level 1,182,177,5,0,2,0,3
S01011373,Level 2,61,61,0,0,0,0,0
S01011373,Level 3,60,52,8,4,2,0,2
S01011373,Level 4 and above,70,65,5,2,1,0,2
S01011374,All people aged 16 and over,537,521,16,1,2,2,11
S01011374,No qualifications,94,92,2,0,0,0,2
S01011374,Level 1,130,129,1,0,0,0,1
S01011374,Level 2,127,124,3,0,0,0,3
S01011374,Level 3,78,74,4,0,1,0,3
S01011374,Level 4 and above,108,102,6,1,1,2,2
S01011375,All people aged 16 and over,535,516,19,0,2,4,13
S01011375,No qualifications,122,120,2,0,0,0,2
S01011375,Level 1,146,145,1,0,0,0,1
S01011375,Level 2,93,91,2,0,0,0,2
S01011375,Level 3,52,46,6,0,0,1,5
S01011375,Level 4 and above,122,114,8,0,2,3,3
S01011376,All people aged 16 and over,431,419,12,0,1,2,9
S01011376,No qualifications,182,178,4,0,0,1,3
S01011376,Level 1,110,108,2,0,0,0,2
S01011376,Level 2,49,49,0,0,0,0,0
S01011376,Level 3,40,37,3,0,1,0,2
S01011376,Level 4 and above,50,47,3,0,0,1,2
S01011377,All people aged 16 and over,506,494,12,1,1,2,8
S01011377,No qualifications,74,68,6,1,1,2,2
S01011377,Level 1,93,92,1,0,0,0,1
S01011377,Level 2,81,81,0,0,0,0,0
S01011377,Level 3,64,63,1,0,0,0,1
S01011377,Level 4 and above,194,190,4,0,0,0,4
S01011378,All people aged 16 and over,676,664,12,1,0,2,9
S01011378,No qualifications,223,222,1,0,0,0,1
S01011378,Level 1,137,134,3,0,0,1,2
S01011378,Level 2,106,106,0,0,0,0,0
S01011378,Level 3,68,67,1,0,0,1,0
S01011378,Level 4 and above,142,135,7,1,0,0,6
S01011379,All people aged 16 and over,740,723,17,0,1,5,11
S01011379,No qualifications,109,109,0,0,0,0,0
S01011379,Level 1,143,138,5,0,0,2,3
S01011379,Level 2,151,148,3,0,0,0,3
S01011379,Level 3,108,108,0,0,0,0,0
S01011379,Level 4 and above,229,220,9,0,1,3,5
S01011380,All people aged 16 and over,583,550,33,5,9,5,14
S01011380,No qualifications,158,155,3,0,0,1,2
S01011380,Level 1,131,124,7,1,4,2,0
S01011380,Level 2,87,85,2,0,0,0,2
S01011380,Level 3,81,77,4,1,1,1,1
S01011380,Level 4 and above,126,109,17,3,4,1,9
S01011381,All people aged 16 and over,528,507,21,1,5,1,14
S01011381,No qualifications,158,152,6,0,1,0,5
S01011381,Level 1,102,100,2,1,0,0,1
S01011381,Level 2,80,77,3,0,0,0,3
S01011381,Level 3,67,67,0,0,0,0,0
S01011381,Level 4 and above,121,111,10,0,4,1,5
S01011382,All people aged 16 and over,437,409,28,6,13,9,0
S01011382,No qualifications,140,137,3,1,1,1,0
S01011382,Level 1,111,105,6,0,3,3,0
S01011382,Level 2,63,61,2,0,1,1,0
S01011382,Level 3,54,47,7,3,3,1,0
S01011382,Level 4 and above,69,59,10,2,5,3,0
S01011383,All people aged 16 and over,568,560,8,1,1,2,4
S01011383,No qualifications,286,285,1,0,0,0,1
S01011383,Level 1,136,133,3,0,1,1,1
S01011383,Level 2,56,54,2,0,0,1,1
S01011383,Level 3,49,47,2,1,0,0,1
S01011383,Level 4 and above,41,41,0,0,0,0,0
S01011384,All people aged 16 and over,522,516,6,0,4,2,0
S01011384,No qualifications,254,252,2,0,0,2,0
S01011384,Level 1,158,156,2,0,2,0,0
S01011384,Level 2,43,43,0,0,0,0,0
S01011384,Level 3,32,30,2,0,2,0,0
S01011384,Level 4 and above,35,35,0,0,0,0,0
S01011385,All people aged 16 and over,770,758,12,3,1,1,7
S01011385,No qualifications,353,350,3,1,1,0,1
S01011385,Level 1,224,223,1,0,0,1,0
S01011385,Level 2,66,63,3,0,0,0,3
S01011385,Level 3,62,59,3,2,0,0,1
S01011385,Level 4 and above,65,63,2,0,0,0,2
S01011386,All people aged 16 and over,468,464,4,0,0,0,4
S01011386,No qualifications,246,246,0,0,0,0,0
S01011386,Level 1,136,134,2,0,0,0,2
S01011386,Level 2,30,28,2,0,0,0,2
S01011386,Level 3,27,27,0,0,0,0,0
S01011386,Level 4 and above,29,29,0,0,0,0,0
S01011387,All people aged 16 and over,657,623,34,4,8,9,13
S01011387,No qualifications,283,279,4,1,0,0,3
S01011387,Level 1,169,167,2,0,0,1,1
S01011387,Level 2,81,76,5,1,3,0,1
S01011387,Level 3,44,38,6,0,1,2,3
S01011387,Level 4 and above,80,63,17,2,4,6,5
S01011388,All people aged 16 and over,816,787,29,2,6,7,14
S01011388,No qualifications,124,121,3,0,0,0,3
S01011388,Level 1,230,225,5,0,0,2,3
S01011388,Level 2,135,134,1,0,0,0,1
S01011388,Level 3,107,99,8,2,3,1,2
S01011388,Level 4 and above,220,208,12,0,3,4,5
S01011389,All people aged 16 and over,667,649,18,2,5,3,8
S01011389,No qualifications,236,233,3,0,1,1,1
S01011389,Level 1,153,149,4,1,0,1,2
S01011389,Level 2,77,76,1,1,0,0,0
S01011389,Level 3,88,86,2,0,0,1,1
S01011389,Level 4 and above,113,105,8,0,4,0,4
S01011390,All people aged 16 and over,666,659,7,0,0,3,4
S01011390,No qualifications,298,298,0,0,0,0,0
S01011390,Level 1,147,146,1,0,0,0,1
S01011390,Level 2,76,75,1,0,0,0,1
S01011390,Level 3,71,70,1,0,0,0,1
S01011390,Level 4 and above,74,70,4,0,0,3,1
S01011391,All people aged 16 and over,509,500,9,1,1,2,5
S01011391,No qualifications,206,204,2,0,0,0,2
S01011391,Level 1,156,153,3,0,0,1,2
S01011391,Level 2,52,51,1,0,0,0,1
S01011391,Level 3,49,49,0,0,0,0,0
S01011391,Level 4 and above,46,43,3,1,1,1,0
S01011392,All people aged 16 and over,542,528,14,4,3,1,6
S01011392,No qualifications,233,229,4,2,0,0,2
S01011392,Level 1,168,164,4,0,1,0,3
S01011392,Level 2,51,51,0,0,0,0,0
S01011392,Level 3,48,45,3,0,2,0,1
S01011392,Level 4 and above,42,39,3,2,0,1,0
S01011393,All people aged 16 and over,713,701,12,0,2,3,7
S01011393,No qualifications,306,301,5,0,1,0,4
S01011393,Level 1,171,170,1,0,0,0,1
S01011393,Level 2,88,88,0,0,0,0,0
S01011393,Level 3,60,59,1,0,0,0,1
S01011393,Level 4 and above,88,83,5,0,1,3,1
S01011394,All people aged 16 and over,419,408,11,0,2,0,9
S01011394,No qualifications,63,59,4,0,0,0,4
S01011394,Level 1,95,92,3,0,2,0,1
S01011394,Level 2,86,86,0,0,0,0,0
S01011394,Level 3,57,57,0,0,0,0,0
S01011394,Level 4 and above,118,114,4,0,0,0,4
S01011395,All people aged 16 and over,646,634,12,2,3,1,6
S01011395,No qualifications,266,262,4,0,1,1,2
S01011395,Level 1,133,131,2,0,0,0,2
S01011395,Level 2,69,67,2,0,1,0,1
S01011395,Level 3,77,75,2,1,0,0,1
S01011395,Level 4 and above,101,99,2,1,1,0,0
S01011396,All people aged 16 and over,663,648,15,2,9,2,2
S01011396,No qualifications,264,258,6,0,3,1,2
S01011396,Level 1,135,130,5,2,3,0,0
S01011396,Level 2,86,86,0,0,0,0,0
S01011396,Level 3,59,56,3,0,3,0,0
S01011396,Level 4 and above,119,118,1,0,0,1,0
S01011397,All people aged 16 and over,689,669,20,1,4,2,13
S01011397,No qualifications,295,288,7,0,1,0,6
S01011397,Level 1,159,154,5,1,2,0,2
S01011397,Level 2,71,70,1,0,0,0,1
S01011397,Level 3,73,72,1,0,0,0,1
S01011397,Level 4 and above,91,85,6,0,1,2,3
S01011398,All people aged 16 and over,591,581,10,0,2,4,4
S01011398,No qualifications,247,247,0,0,0,0,0
S01011398,Level 1,169,168,1,0,0,0,1
S01011398,Level 2,64,60,4,0,0,2,2
S01011398,Level 3,44,41,3,0,2,1,0
S01011398,Level 4 and above,67,65,2,0,0,1,1
S01011399,All people aged 16 and over,423,420,3,0,2,0,1
S01011399,No qualifications,176,175,1,0,0,0,1
S01011399,Level 1,113,111,2,0,2,0,0
S01011399,Level 2,60,60,0,0,0,0,0
S01011399,Level 3,32,32,0,0,0,0,0
S01011399,Level 4 and above,42,42,0,0,0,0,0
S01011400,All people aged 16 and over,581,559,22,0,8,5,9
S01011400,No qualifications,155,154,1,0,0,0,1
S01011400,Level 1,126,123,3,0,0,0,3
S01011400,Level 2,64,63,1,0,0,0,1
S01011400,Level 3,74,71,3,0,1,1,1
S01011400,Level 4 and above,162,148,14,0,7,4,3
S01011401,All people aged 16 and over,552,547,5,1,0,0,4
S01011401,No qualifications,206,204,2,0,0,0,2
S01011401,Level 1,116,115,1,0,0,0,1
S01011401,Level 2,68,68,0,0,0,0,0
S01011401,Level 3,56,56,0,0,0,0,0
S01011401,Level 4 and above,106,104,2,1,0,0,1
S01011402,All people aged 16 and over,840,804,36,4,4,3,25
S01011402,No qualifications,345,339,6,0,0,0,6
S01011402,Level 1,150,146,4,1,1,0,2
S01011402,Level 2,106,102,4,0,0,1,3
S01011402,Level 3,71,67,4,1,1,0,2
S01011402,Level 4 and above,168,150,18,2,2,2,12
S01011403,All people aged 16 and over,424,397,27,3,2,9,13
S01011403,No qualifications,123,114,9,1,1,1,6
S01011403,Level 1,119,111,8,0,0,5,3
S01011403,Level 2,66,64,2,0,0,1,1
S01011403,Level 3,47,46,1,0,0,0,1
S01011403,Level 4 and above,69,62,7,2,1,2,2
S01011404,All people aged 16 and over,797,777,20,1,4,2,13
S01011404,No qualifications,299,292,7,0,0,2,5
S01011404,Level 1,189,188,1,0,1,0,0
S01011404,Level 2,111,109,2,0,1,0,1
S01011404,Level 3,67,65,2,0,0,0,2
S01011404,Level 4 and above,131,123,8,1,2,0,5
S01011405,All people aged 16 and over,525,509,16,1,4,3,8
S01011405,No qualifications,142,137,5,0,0,1,4
S01011405,Level 1,133,130,3,0,0,0,3
S01011405,Level 2,60,60,0,0,0,0,0
S01011405,Level 3,63,60,3,0,1,1,1
S01011405,Level 4 and above,127,122,5,1,3,1,0
S01011406,All people aged 16 and over,551,541,10,2,1,1,6
S01011406,No qualifications,207,205,2,0,0,0,2
S01011406,Level 1,132,129,3,1,0,1,1
S01011406,Level 2,67,66,1,0,0,0,1
S01011406,Level 3,57,56,1,0,1,0,0
S01011406,Level 4 and above,88,85,3,1,0,0,2
S01011407,All people aged 16 and over,936,910,26,0,6,3,17
S01011407,No qualifications,294,284,10,0,3,1,6
S01011407,Level 1,251,246,5,0,1,1,3
S01011407,Level 2,132,130,2,0,1,0,1
S01011407,Level 3,97,94,3,0,0,1,2
S01011407,Level 4 and above,162,156,6,0,1,0,5
S01011408,All people aged 16 and over,691,683,8,3,0,0,5
S01011408,No qualifications,270,266,4,0,0,0,4
S01011408,Level 1,194,193,1,1,0,0,0
S01011408,Level 2,88,87,1,0,0,0,1
S01011408,Level 3,64,62,2,2,0,0,0
S01011408,Level 4 and above,75,75,0,0,0,0,0
S01011409,All people aged 16 and over,631,613,18,0,1,2,15
S01011409,No qualifications,212,204,8,0,0,0,8
S01011409,Level 1,190,188,2,0,0,0,2
S01011409,Level 2,81,81,0,0,0,0,0
S01011409,Level 3,67,66,1,0,0,0,1
S01011409,Level 4 and above,81,74,7,0,1,2,4
S01011410,All people aged 16 and over,540,532,8,0,3,0,5
S01011410,No qualifications,211,208,3,0,1,0,2
S01011410,Level 1,149,147,2,0,0,0,2
S01011410,Level 2,63,63,0,0,0,0,0
S01011410,Level 3,50,50,0,0,0,0,0
S01011410,Level 4 and above,67,64,3,0,2,0,1
S01011411,All people aged 16 and over,555,548,7,0,1,2,4
S01011411,No qualifications,208,208,0,0,0,0,0
S01011411,Level 1,152,148,4,0,1,0,3
S01011411,Level 2,78,78,0,0,0,0,0
S01011411,Level 3,45,45,0,0,0,0,0
S01011411,Level 4 and above,72,69,3,0,0,2,1
S01011412,All people aged 16 and over,751,738,13,0,0,0,13
S01011412,No qualifications,174,171,3,0,0,0,3
S01011412,Level 1,153,151,2,0,0,0,2
S01011412,Level 2,130,129,1,0,0,0,1
S01011412,Level 3,83,82,1,0,0,0,1
S01011412,Level 4 and above,211,205,6,0,0,0,6
S01011413,All people aged 16 and over,459,442,17,2,1,4,10
S01011413,No qualifications,81,72,9,1,0,1,7
S01011413,Level 1,114,113,1,1,0,0,0
S01011413,Level 2,103,101,2,0,1,0,1
S01011413,Level 3,65,64,1,0,0,0,1
S01011413,Level 4 and above,96,92,4,0,0,3,1
S01011414,All people aged 16 and over,668,643,25,1,4,4,16
S01011414,No qualifications,219,216,3,0,1,0,2
S01011414,Level 1,178,173,5,0,3,0,2
S01011414,Level 2,104,102,2,0,0,1,1
S01011414,Level 3,67,62,5,0,0,0,5
S01011414,Level 4 and above,100,90,10,1,0,3,6
S01011415,All people aged 16 and over,728,719,9,0,1,0,8
S01011415,No qualifications,229,224,5,0,1,0,4
S01011415,Level 1,184,183,1,0,0,0,1
S01011415,Level 2,108,108,0,0,0,0,0
S01011415,Level 3,77,77,0,0,0,0,0
S01011415,Level 4 and above,130,127,3,0,0,0,3
S01011416,All people aged 16 and over,530,517,13,0,1,0,12
S01011416,No qualifications,96,88,8,0,0,0,8
S01011416,Level 1,115,114,1,0,0,0,1
S01011416,Level 2,140,139,1,0,0,0,1
S01011416,Level 3,64,62,2,0,1,0,1
S01011416,Level 4 and above,115,114,1,0,0,0,1
S01011417,All people aged 16 and over,686,665,21,0,0,4,17
S01011417,No qualifications,268,263,5,0,0,0,5
S01011417,Level 1,154,152,2,0,0,0,2
S01011417,Level 2,95,93,2,0,0,0,2
S01011417,Level 3,69,68,1,0,0,0,1
S01011417,Level 4 and above,100,89,11,0,0,4,7
S01011418,All people aged 16 and over,463,455,8,0,3,2,3
S01011418,No qualifications,214,212,2,0,0,1,1
S01011418,Level 1,122,121,1,0,1,0,0
S01011418,Level 2,47,47,0,0,0,0,0
S01011418,Level 3,39,37,2,0,0,0,2
S01011418,Level 4 and above,41,38,3,0,2,1,0
S01011419,All people aged 16 and over,471,462,9,0,0,1,8
S01011419,No qualifications,183,179,4,0,0,0,4
S01011419,Level 1,133,130,3,0,0,1,2
S01011419,Level 2,59,59,0,0,0,0,0
S01011419,Level 3,42,41,1,0,0,0,1
S01011419,Level 4 and above,54,53,1,0,0,0,1
S01011420,All people aged 16 and over,405,393,12,0,1,0,11
S01011420,No qualifications,167,166,1,0,0,0,1
S01011420,Level 1,115,112,3,0,1,0,2
S01011420,Level 2,53,53,0,0,0,0,0
S01011420,Level 3,26,24,2,0,0,0,2
S01011420,Level 4 and above,44,38,6,0,0,0,6
S01011421,All people aged 16 and over,445,430,15,1,2,5,7
S01011421,No qualifications,62,60,2,0,0,0,2
S01011421,Level 1,127,123,4,0,0,3,1
S01011421,Level 2,73,73,0,0,0,0,0
S01011421,Level 3,70,69,1,0,1,0,0
S01011421,Level 4 and above,113,105,8,1,1,2,4
S01011422,All people aged 16 and over,540,529,11,0,3,3,5
S01011422,No qualifications,274,272,2,0,0,0,2
S01011422,Level 1,121,120,1,0,0,0,1
S01011422,Level 2,47,47,0,0,0,0,0
S01011422,Level 3,40,38,2,0,1,0,1
S01011422,Level 4 and above,58,52,6,0,2,3,1
S01011423,All people aged 16 and over,416,405,11,0,5,2,4
S01011423,No qualifications,198,193,5,0,1,1,3
S01011423,Level 1,102,100,2,0,0,1,1
S01011423,Level 2,28,27,1,0,1,0,0
S01011423,Level 3,37,37,0,0,0,0,0
S01011423,Level 4 and above,51,48,3,0,3,0,0
S01011424,All people aged 16 and over,466,459,7,0,1,0,6
S01011424,No qualifications,205,203,2,0,1,0,1
S01011424,Level 1,122,121,1,0,0,0,1
S01011424,Level 2,54,53,1,0,0,0,1
S01011424,Level 3,34,33,1,0,0,0,1
S01011424,Level 4 and above,51,49,2,0,0,0,2
S01011425,All people aged 16 and over,691,672,19,3,1,6,9
S01011425,No qualifications,241,237,4,1,1,0,2
S01011425,Level 1,189,185,4,1,0,2,1
S01011425,Level 2,82,82,0,0,0,0,0
S01011425,Level 3,51,46,5,0,0,2,3
S01011425,Level 4 and above,128,122,6,1,0,2,3
S01011426,All people aged 16 and over,805,791,14,4,3,0,7
S01011426,No qualifications,204,200,4,2,0,0,2
S01011426,Level 1,161,160,1,0,1,0,0
S01011426,Level 2,117,116,1,1,0,0,0
S01011426,Level 3,89,86,3,0,0,0,3
S01011426,Level 4 and above,234,229,5,1,2,0,2
S01011427,All people aged 16 and over,562,554,8,1,2,1,4
S01011427,No qualifications,205,204,1,0,0,0,1
S01011427,Level 1,151,149,2,1,0,0,1
S01011427,Level 2,67,67,0,0,0,0,0
S01011427,Level 3,49,46,3,0,0,1,2
S01011427,Level 4 and above,90,88,2,0,2,0,0
S01011428,All people aged 16 and over,433,430,3,0,0,1,2
S01011428,No qualifications,178,176,2,0,0,0,2
S01011428,Level 1,85,85,0,0,0,0,0
S01011428,Level 2,62,62,0,0,0,0,0
S01011428,Level 3,48,48,0,0,0,0,0
S01011428,Level 4 and above,60,59,1,0,0,1,0
S01011429,All people aged 16 and over,1048,1008,40,2,9,6,23
S01011429,No qualifications,292,279,13,0,3,2,8
S01011429,Level 1,295,285,10,2,3,2,3
S01011429,Level 2,151,149,2,0,0,0,2
S01011429,Level 3,119,117,2,0,0,0,2
S01011429,Level 4 and above,191,178,13,0,3,2,8
S01011430,All people aged 16 and over,762,740,22,0,1,7,14
S01011430,No qualifications,224,217,7,0,0,2,5
S01011430,Level 1,183,175,8,0,0,3,5
S01011430,Level 2,109,108,1,0,0,0,1
S01011430,Level 3,88,88,0,0,0,0,0
S01011430,Level 4 and above,158,152,6,0,1,2,3
S01011431,All people aged 16 and over,911,899,12,0,2,2,8
S01011431,No qualifications,411,408,3,0,2,0,1
S01011431,Level 1,233,229,4,0,0,0,4
S01011431,Level 2,94,92,2,0,0,0,2
S01011431,Level 3,67,67,0,0,0,0,0
S01011431,Level 4 and above,106,103,3,0,0,2,1
S01011432,All people aged 16 and over,872,863,9,1,2,3,3
S01011432,No qualifications,370,369,1,0,0,0,1
S01011432,Level 1,240,237,3,0,1,1,1
S01011432,Level 2,98,97,1,0,0,1,0
S01011432,Level 3,79,78,1,0,0,0,1
S01011432,Level 4 and above,85,82,3,1,1,1,0
S01011433,All people aged 16 and over,666,645,21,4,8,4,5
S01011433,No qualifications,290,287,3,0,0,1,2
S01011433,Level 1,213,203,10,3,4,2,1
S01011433,Level 2,66,64,2,0,1,0,1
S01011433,Level 3,47,46,1,0,0,0,1
S01011433,Level 4 and above,50,45,5,1,3,1,0
S01011434,All people aged 16 and over,484,480,4,1,0,1,2
S01011434,No qualifications,174,174,0,0,0,0,0
S01011434,Level 1,121,120,1,0,0,0,1
S01011434,Level 2,63,63,0,0,0,0,0
S01011434,Level 3,47,47,0,0,0,0,0
S01011434,Level 4 and above,79,76,3,1,0,1,1
S01011435,All people aged 16 and over,765,751,14,2,3,2,7
S01011435,No qualifications,197,193,4,0,1,1,2
S01011435,Level 1,189,186,3,1,0,1,1
S01011435,Level 2,91,91,0,0,0,0,0
S01011435,Level 3,88,87,1,0,0,0,1
S01011435,Level 4 and above,200,194,6,1,2,0,3
S01011436,All people aged 16 and over,604,583,21,2,11,3,5
S01011436,No qualifications,230,224,6,0,5,0,1
S01011436,Level 1,187,183,4,0,1,2,1
S01011436,Level 2,61,59,2,0,0,1,1
S01011436,Level 3,52,45,7,2,4,0,1
S01011436,Level 4 and above,74,72,2,0,1,0,1
S01011437,All people aged 16 and over,610,590,20,2,12,3,3
S01011437,No qualifications,263,257,6,2,4,0,0
S01011437,Level 1,168,159,9,0,4,3,2
S01011437,Level 2,72,72,0,0,0,0,0
S01011437,Level 3,44,44,0,0,0,0,0
S01011437,Level 4 and above,63,58,5,0,4,0,1
S01011438,All people aged 16 and over,427,406,21,0,11,5,5
S01011438,No qualifications,188,186,2,0,1,0,1
S01011438,Level 1,137,126,11,0,7,1,3
S01011438,Level 2,43,38,5,0,1,3,1
S01011438,Level 3,35,35,0,0,0,0,0
S01011438,Level 4 and above,24,21,3,0,2,1,0
S01011439,All people aged 16 and over,739,730,9,0,0,3,6
S01011439,No qualifications,333,331,2,0,0,0,2
S01011439,Level 1,203,201,2,0,0,0,2
S01011439,Level 2,60,59,1,0,0,0,1
S01011439,Level 3,47,46,1,0,0,1,0
S01011439,Level 4 and above,96,93,3,0,0,2,1
S01011440,All people aged 16 and over,485,474,11,1,3,3,4
S01011440,No qualifications,230,226,4,0,1,1,2
S01011440,Level 1,135,134,1,0,1,0,0
S01011440,Level 2,43,41,2,0,1,1,0
S01011440,Level 3,34,32,2,1,0,0,1
S01011440,Level 4 and above,43,41,2,0,0,1,1
S01011441,All people aged 16 and over,640,625,15,3,4,5,3
S01011441,No qualifications,268,265,3,0,1,1,1
S01011441,Level 1,189,186,3,0,1,1,1
S01011441,Level 2,72,70,2,1,1,0,0
S01011441,Level 3,49,45,4,0,1,2,1
S01011441,Level 4 and above,62,59,3,2,0,1,0
S01011442,All people aged 16 and over,567,555,12,2,1,1,8
S01011442,No qualifications,248,246,2,0,0,0,2
S01011442,Level 1,161,158,3,2,0,0,1
S01011442,Level 2,62,61,1,0,0,0,1
S01011442,Level 3,45,44,1,0,0,0,1
S01011442,Level 4 and above,51,46,5,0,1,1,3
S01011443,All people aged 16 and over,513,508,5,0,0,0,5
S01011443,No qualifications,239,235,4,0,0,0,4
S01011443,Level 1,137,137,0,0,0,0,0
S01011443,Level 2,49,49,0,0,0,0,0
S01011443,Level 3,44,44,0,0,0,0,0
S01011443,Level 4 and above,44,43,1,0,0,0,1
S01011444,All people aged 16 and over,611,599,12,0,5,2,5
S01011444,No qualifications,277,272,5,0,1,1,3
S01011444,Level 1,175,170,5,0,3,0,2
S01011444,Level 2,68,67,1,0,0,1,0
S01011444,Level 3,47,47,0,0,0,0,0
S01011444,Level 4 and above,44,43,1,0,1,0,0
S01011445,All people aged 16 and over,431,420,11,1,3,3,4
S01011445,No qualifications,149,148,1,0,0,0,1
S01011445,Level 1,108,107,1,0,1,0,0
S01011445,Level 2,49,48,1,0,0,1,0
S01011445,Level 3,49,47,2,0,1,1,0
S01011445,Level 4 and above,76,70,6,1,1,1,3
S01011446,All people aged 16 and over,425,415,10,3,0,3,4
S01011446,No qualifications,145,144,1,0,0,0,1
S01011446,Level 1,109,105,4,2,0,0,2
S01011446,Level 2,76,75,1,1,0,0,0
S01011446,Level 3,29,28,1,0,0,1,0
S01011446,Level 4 and above,66,63,3,0,0,2,1
S01011447,All people aged 16 and over,682,669,13,0,2,2,9
S01011447,No qualifications,232,232,0,0,0,0,0
S01011447,Level 1,216,209,7,0,0,2,5
S01011447,Level 2,93,90,3,0,1,0,2
S01011447,Level 3,73,71,2,0,1,0,1
S01011447,Level 4 and above,68,67,1,0,0,0,1
S01011448,All people aged 16 and over,760,750,10,0,1,0,9
S01011448,No qualifications,218,215,3,0,0,0,3
S01011448,Level 1,189,188,1,0,1,0,0
S01011448,Level 2,128,126,2,0,0,0,2
S01011448,Level 3,77,76,1,0,0,0,1
S01011448,Level 4 and above,148,145,3,0,0,0,3
S01011449,All people aged 16 and over,451,439,12,2,3,0,7
S01011449,No qualifications,205,202,3,0,2,0,1
S01011449,Level 1,106,106,0,0,0,0,0
S01011449,Level 2,45,44,1,0,0,0,1
S01011449,Level 3,37,35,2,0,0,0,2
S01011449,Level 4 and above,58,52,6,2,1,0,3
S01011450,All people aged 16 and over,493,461,32,2,6,2,22
S01011450,No qualifications,125,115,10,0,0,1,9
S01011450,Level 1,122,114,8,0,4,0,4
S01011450,Level 2,69,68,1,0,0,0,1
S01011450,Level 3,38,32,6,1,1,0,4
S01011450,Level 4 and above,139,132,7,1,1,1,4
S01011451,All people aged 16 and over,548,497,51,1,5,7,38
S01011451,No qualifications,84,70,14,0,0,1,13
S01011451,Level 1,124,115,9,0,1,1,7
S01011451,Level 2,104,103,1,0,0,0,1
S01011451,Level 3,75,70,5,0,1,1,3
S01011451,Level 4 and above,161,139,22,1,3,4,14
S01011452,All people aged 16 and over,778,752,26,1,3,2,20
S01011452,No qualifications,181,170,11,0,1,1,9
S01011452,Level 1,205,200,5,0,1,0,4
S01011452,Level 2,144,142,2,0,0,1,1
S01011452,Level 3,81,79,2,0,0,0,2
S01011452,Level 4 and above,167,161,6,1,1,0,4
S01011453,All people aged 16 and over,585,562,23,0,0,11,12
S01011453,No qualifications,205,197,8,0,0,4,4
S01011453,Level 1,148,142,6,0,0,4,2
S01011453,Level 2,90,87,3,0,0,0,3
S01011453,Level 3,44,43,1,0,0,1,0
S01011453,Level 4 and above,98,93,5,0,0,2,3
S01011454,All people aged 16 and over,634,627,7,0,1,0,6
S01011454,No qualifications,233,230,3,0,0,0,3
S01011454,Level 1,178,177,1,0,1,0,0
S01011454,Level 2,66,66,0,0,0,0,0
S01011454,Level 3,73,71,2,0,0,0,2
S01011454,Level 4 and above,84,83,1,0,0,0,1
S01011455,All people aged 16 and over,623,608,15,1,2,0,12
S01011455,No qualifications,260,257,3,0,0,0,3
S01011455,Level 1,170,169,1,0,0,0,1
S01011455,Level 2,82,79,3,1,0,0,2
S01011455,Level 3,49,45,4,0,1,0,3
S01011455,Level 4 and above,62,58,4,0,1,0,3
S01011456,All people aged 16 and over,690,667,23,0,0,1,22
S01011456,No qualifications,294,285,9,0,0,0,9
S01011456,Level 1,174,169,5,0,0,0,5
S01011456,Level 2,86,85,1,0,0,0,1
S01011456,Level 3,54,52,2,0,0,0,2
S01011456,Level 4 and above,82,76,6,0,0,1,5
S01011457,All people aged 16 and over,731,716,15,4,2,1,8
S01011457,No qualifications,299,290,9,4,0,0,5
S01011457,Level 1,197,196,1,0,0,0,1
S01011457,Level 2,92,92,0,0,0,0,0
S01011457,Level 3,61,60,1,0,0,0,1
S01011457,Level 4 and above,82,78,4,0,2,1,1
S01011458,All people aged 16 and over,873,828,45,3,5,13,24
S01011458,No qualifications,165,153,12,0,0,2,10
S01011458,Level 1,203,195,8,0,1,2,5
S01011458,Level 2,191,186,5,0,2,2,1
S01011458,Level 3,126,121,5,1,1,1,2
S01011458,Level 4 and above,188,173,15,2,1,6,6
S01011459,All people aged 16 and over,787,765,22,3,3,5,11
S01011459,No qualifications,157,153,4,0,1,0,3
S01011459,Level 1,202,198,4,2,1,0,1
S01011459,Level 2,150,148,2,0,0,1,1
S01011459,Level 3,96,96,0,0,0,0,0
S01011459,Level 4 and above,182,170,12,1,1,4,6
S01011460,All people aged 16 and over,554,533,21,3,2,2,14
S01011460,No qualifications,171,163,8,1,0,1,6
S01011460,Level 1,134,130,4,0,2,1,1
S01011460,Level 2,98,98,0,0,0,0,0
S01011460,Level 3,57,55,2,0,0,0,2
S01011460,Level 4 and above,94,87,7,2,0,0,5
S01011461,All people aged 16 and over,580,554,26,12,1,3,10
S01011461,No qualifications,210,197,13,11,0,0,2
S01011461,Level 1,171,165,6,1,0,1,4
S01011461,Level 2,74,73,1,0,1,0,0
S01011461,Level 3,65,63,2,0,0,1,1
S01011461,Level 4 and above,60,56,4,0,0,1,3
S01011462,All people aged 16 and over,760,742,18,1,2,3,12
S01011462,No qualifications,228,223,5,0,0,1,4
S01011462,Level 1,162,160,2,1,0,0,1
S01011462,Level 2,126,125,1,0,0,1,0
S01011462,Level 3,92,87,5,0,0,0,5
S01011462,Level 4 and above,152,147,5,0,2,1,2
S01011463,All people aged 16 and over,556,541,15,0,5,2,8
S01011463,No qualifications,178,175,3,0,0,0,3
S01011463,Level 1,140,136,4,0,2,0,2
S01011463,Level 2,91,90,1,0,0,0,1
S01011463,Level 3,69,65,4,0,2,0,2
S01011463,Level 4 and above,78,75,3,0,1,2,0
S01011464,All people aged 16 and over,436,414,22,0,7,1,14
S01011464,No qualifications,56,50,6,0,0,1,5
S01011464,Level 1,102,99,3,0,2,0,1
S01011464,Level 2,74,74,0,0,0,0,0
S01011464,Level 3,60,57,3,0,1,0,2
S01011464,Level 4 and above,144,134,10,0,4,0,6
S01011465,All people aged 16 and over,406,387,19,2,2,3,12
S01011465,No qualifications,178,173,5,1,0,2,2
S01011465,Level 1,104,99,5,0,0,0,5
S01011465,Level 2,36,33,3,1,1,1,0
S01011465,Level 3,38,36,2,0,1,0,1
S01011465,Level 4 and above,50,46,4,0,0,0,4
S01011466,All people aged 16 and over,494,468,26,2,15,4,5
S01011466,No qualifications,211,208,3,0,1,0,2
S01011466,Level 1,112,107,5,1,3,0,1
S01011466,Level 2,61,58,3,0,1,1,1
S01011466,Level 3,53,49,4,0,3,1,0
S01011466,Level 4 and above,57,46,11,1,7,2,1
S01011467,All people aged 16 and over,418,390,28,4,3,10,11
S01011467,No qualifications,121,118,3,0,0,0,3
S01011467,Level 1,104,96,8,0,1,4,3
S01011467,Level 2,66,63,3,1,1,1,0
S01011467,Level 3,51,46,5,1,0,1,3
S01011467,Level 4 and above,76,67,9,2,1,4,2
S01011468,All people aged 16 and over,623,575,48,3,11,7,27
S01011468,No qualifications,83,62,21,1,3,3,14
S01011468,Level 1,162,152,10,1,4,0,5
S01011468,Level 2,101,98,3,1,0,1,1
S01011468,Level 3,93,91,2,0,0,1,1
S01011468,Level 4 and above,184,172,12,0,4,2,6
S01011469,All people aged 16 and over,639,566,73,21,24,14,14
S01011469,No qualifications,211,184,27,8,8,5,6
S01011469,Level 1,189,177,12,0,5,2,5
S01011469,Level 2,82,82,0,0,0,0,0
S01011469,Level 3,61,46,15,12,1,1,1
S01011469,Level 4 and above,96,77,19,1,10,6,2
S01011470,All people aged 16 and over,928,883,45,4,11,8,22
S01011470,No qualifications,334,317,17,2,1,2,12
S01011470,Level 1,205,193,12,1,3,2,6
S01011470,Level 2,143,140,3,0,0,1,2
S01011470,Level 3,97,94,3,1,1,1,0
S01011470,Level 4 and above,149,139,10,0,6,2,2
S01011471,All people aged 16 and over,776,749,27,2,11,7,7
S01011471,No qualifications,270,263,7,0,3,2,2
S01011471,Level 1,147,139,8,0,5,2,1
S01011471,Level 2,131,130,1,0,0,0,1
S01011471,Level 3,68,59,9,2,3,3,1
S01011471,Level 4 and above,160,158,2,0,0,0,2
S01011472,All people aged 16 and over,768,724,44,3,24,12,5
S01011472,No qualifications,290,281,9,0,5,3,1
S01011472,Level 1,196,178,18,0,14,1,3
S01011472,Level 2,107,105,2,0,1,1,0
S01011472,Level 3,69,63,6,0,2,4,0
S01011472,Level 4 and above,106,97,9,3,2,3,1
S01011473,All people aged 16 and over,613,597,16,2,2,3,9
S01011473,No qualifications,327,319,8,0,1,2,5
S01011473,Level 1,126,124,2,1,0,0,1
S01011473,Level 2,60,58,2,0,0,1,1
S01011473,Level 3,50,49,1,0,0,0,1
S01011473,Level 4 and above,50,47,3,1,1,0,1
S01011474,All people aged 16 and over,690,665,25,2,11,2,10
S01011474,No qualifications,301,296,5,0,1,1,3
S01011474,Level 1,151,150,1,0,1,0,0
S01011474,Level 2,71,70,1,0,0,0,1
S01011474,Level 3,59,58,1,0,0,0,1
S01011474,Level 4 and above,108,91,17,2,9,1,5
S01011475,All people aged 16 and over,520,487,33,5,21,1,6
S01011475,No qualifications,247,241,6,0,3,0,3
S01011475,Level 1,117,105,12,3,8,0,1
S01011475,Level 2,42,39,3,0,2,0,1
S01011475,Level 3,44,39,5,2,3,0,0
S01011475,Level 4 and above,70,63,7,0,5,1,1
S01011476,All people aged 16 and over,413,409,4,0,1,2,1
S01011476,No qualifications,73,71,2,0,0,2,0
S01011476,Level 1,76,75,1,0,0,0,1
S01011476,Level 2,82,82,0,0,0,0,0
S01011476,Level 3,53,53,0,0,0,0,0
S01011476,Level 4 and above,129,128,1,0,1,0,0
S01011477,All people aged 16 and over,710,691,19,0,3,0,16
S01011477,No qualifications,136,130,6,0,3,0,3
S01011477,Level 1,137,135,2,0,0,0,2
S01011477,Level 2,140,137,3,0,0,0,3
S01011477,Level 3,86,84,2,0,0,0,2
S01011477,Level 4 and above,211,205,6,0,0,0,6
S01011478,All people aged 16 and over,861,815,46,4,5,7,30
S01011478,No qualifications,136,128,8,0,0,0,8
S01011478,Level 1,142,132,10,1,1,3,5
S01011478,Level 2,157,152,5,0,1,0,4
S01011478,Level 3,104,95,9,3,0,1,5
S01011478,Level 4 and above,322,308,14,0,3,3,8
S01011479,All people aged 16 and over,693,670,23,0,6,2,15
S01011479,No qualifications,157,152,5,0,0,0,5
S01011479,Level 1,118,116,2,0,2,0,0
S01011479,Level 2,121,121,0,0,0,0,0
S01011479,Level 3,76,73,3,0,0,2,1
S01011479,Level 4 and above,221,208,13,0,4,0,9
S01011480,All people aged 16 and over,856,835,21,2,1,3,15
S01011480,No qualifications,161,152,9,2,0,0,7
S01011480,Level 1,115,113,2,0,0,0,2
S01011480,Level 2,130,128,2,0,0,0,2
S01011480,Level 3,104,102,2,0,0,2,0
S01011480,Level 4 and above,346,340,6,0,1,1,4
S01011481,All people aged 16 and over,637,614,23,1,5,10,7
S01011481,No qualifications,172,167,5,0,2,2,1
S01011481,Level 1,146,143,3,0,1,1,1
S01011481,Level 2,100,98,2,0,2,0,0
S01011481,Level 3,76,75,1,0,0,1,0
S01011481,Level 4 and above,143,131,12,1,0,6,5
S01011482,All people aged 16 and over,747,721,26,4,3,9,10
S01011482,No qualifications,278,273,5,1,0,2,2
S01011482,Level 1,177,170,7,2,0,3,2
S01011482,Level 2,99,96,3,0,2,1,0
S01011482,Level 3,75,73,2,0,0,1,1
S01011482,Level 4 and above,118,109,9,1,1,2,5
S01011483,All people aged 16 and over,438,416,22,2,6,1,13
S01011483,No qualifications,84,76,8,0,2,0,6
S01011483,Level 1,77,76,1,0,1,0,0
S01011483,Level 2,82,82,0,0,0,0,0
S01011483,Level 3,51,47,4,0,2,0,2
S01011483,Level 4 and above,144,135,9,2,1,1,5
S01011484,All people aged 16 and over,710,687,23,2,6,5,10
S01011484,No qualifications,310,304,6,0,1,2,3
S01011484,Level 1,193,186,7,1,3,0,3
S01011484,Level 2,82,82,0,0,0,0,0
S01011484,Level 3,57,54,3,0,1,0,2
S01011484,Level 4 and above,68,61,7,1,1,3,2
S01011485,All people aged 16 and over,754,731,23,1,4,12,6
S01011485,No qualifications,352,350,2,0,0,0,2
S01011485,Level 1,191,188,3,0,0,2,1
S01011485,Level 2,88,86,2,0,0,1,1
S01011485,Level 3,59,54,5,1,2,2,0
S01011485,Level 4 and above,64,53,11,0,2,7,2
S01011486,All people aged 16 and over,437,426,11,3,6,1,1
S01011486,No qualifications,208,203,5,3,1,0,1
S01011486,Level 1,104,103,1,0,1,0,0
S01011486,Level 2,56,56,0,0,0,0,0
S01011486,Level 3,32,31,1,0,0,1,0
S01011486,Level 4 and above,37,33,4,0,4,0,0
S01011487,All people aged 16 and over,877,838,39,1,9,11,18
S01011487,No qualifications,335,322,13,0,2,3,8
S01011487,Level 1,268,264,4,0,1,0,3
S01011487,Level 2,93,89,4,0,1,2,1
S01011487,Level 3,79,76,3,1,0,1,1
S01011487,Level 4 and above,102,87,15,0,5,5,5
S01011488,All people aged 16 and over,519,499,20,3,8,5,4
S01011488,No qualifications,238,235,3,0,2,1,0
S01011488,Level 1,151,145,6,1,2,2,1
S01011488,Level 2,60,58,2,1,1,0,0
S01011488,Level 3,27,26,1,0,1,0,0
S01011488,Level 4 and above,43,35,8,1,2,2,3
S01011489,All people aged 16 and over,543,536,7,0,0,1,6
S01011489,No qualifications,81,77,4,0,0,0,4
S01011489,Level 1,165,163,2,0,0,1,1
S01011489,Level 2,107,107,0,0,0,0,0
S01011489,Level 3,82,82,0,0,0,0,0
S01011489,Level 4 and above,108,107,1,0,0,0,1
S01011490,All people aged 16 and over,864,816,48,4,14,21,9
S01011490,No qualifications,351,335,16,0,5,7,4
S01011490,Level 1,190,180,10,1,1,5,3
S01011490,Level 2,108,107,1,0,1,0,0
S01011490,Level 3,86,81,5,0,2,3,0
S01011490,Level 4 and above,129,113,16,3,5,6,2
S01011491,All people aged 16 and over,415,380,35,5,21,6,3
S01011491,No qualifications,187,183,4,1,0,1,2
S01011491,Level 1,100,93,7,0,6,1,0
S01011491,Level 2,39,37,2,0,0,1,1
S01011491,Level 3,40,29,11,2,7,2,0
S01011491,Level 4 and above,49,38,11,2,8,1,0
S01011492,All people aged 16 and over,597,445,152,32,63,43,14
S01011492,No qualifications,191,156,35,13,13,6,3
S01011492,Level 1,158,131,27,8,12,6,1
S01011492,Level 2,69,61,8,1,6,0,1
S01011492,Level 3,63,39,24,5,8,9,2
S01011492,Level 4 and above,116,58,58,5,24,22,7
S01011493,All people aged 16 and over,398,378,20,2,0,7,11
S01011493,No qualifications,46,44,2,0,0,0,2
S01011493,Level 1,85,81,4,0,0,2,2
S01011493,Level 2,89,86,3,0,0,1,2
S01011493,Level 3,53,51,2,0,0,0,2
S01011493,Level 4 and above,125,116,9,2,0,4,3
S01011494,All people aged 16 and over,617,599,18,4,3,3,8
S01011494,No qualifications,266,258,8,0,3,0,5
S01011494,Level 1,153,147,6,4,0,0,2
S01011494,Level 2,76,76,0,0,0,0,0
S01011494,Level 3,51,51,0,0,0,0,0
S01011494,Level 4 and above,71,67,4,0,0,3,1
S01011495,All people aged 16 and over,664,631,33,5,8,9,11
S01011495,No qualifications,266,259,7,1,2,0,4
S01011495,Level 1,179,168,11,2,2,5,2
S01011495,Level 2,85,82,3,0,1,1,1
S01011495,Level 3,60,54,6,0,3,1,2
S01011495,Level 4 and above,74,68,6,2,0,2,2
S01011496,All people aged 16 and over,494,418,76,7,49,14,6
S01011496,No qualifications,215,203,12,0,9,2,1
S01011496,Level 1,137,112,25,4,16,5,0
S01011496,Level 2,51,50,1,0,0,1,0
S01011496,Level 3,38,25,13,2,9,2,0
S01011496,Level 4 and above,53,28,25,1,15,4,5
S01011497,All people aged 16 and over,492,461,31,3,8,4,16
S01011497,No qualifications,93,79,14,0,2,1,11
S01011497,Level 1,156,152,4,1,2,0,1
S01011497,Level 2,88,88,0,0,0,0,0
S01011497,Level 3,63,57,6,2,3,0,1
S01011497,Level 4 and above,92,85,7,0,1,3,3
S01011498,All people aged 16 and over,539,520,19,2,3,1,13
S01011498,No qualifications,90,83,7,0,1,1,5
S01011498,Level 1,161,157,4,0,0,0,4
S01011498,Level 2,108,107,1,0,0,0,1
S01011498,Level 3,69,68,1,0,0,0,1
S01011498,Level 4 and above,111,105,6,2,2,0,2
S01011499,All people aged 16 and over,676,655,21,3,1,5,12
S01011499,No qualifications,200,197,3,0,0,0,3
S01011499,Level 1,186,183,3,0,0,1,2
S01011499,Level 2,89,87,2,1,0,0,1
S01011499,Level 3,80,74,6,1,1,0,4
S01011499,Level 4 and above,121,114,7,1,0,4,2
S01011500,All people aged 16 and over,424,416,8,2,0,1,5
S01011500,No qualifications,141,134,7,2,0,1,4
S01011500,Level 1,119,119,0,0,0,0,0
S01011500,Level 2,73,73,0,0,0,0,0
S01011500,Level 3,38,38,0,0,0,0,0
S01011500,Level 4 and above,53,52,1,0,0,0,1
S01011501,All people aged 16 and over,537,529,8,4,0,2,2
S01011501,No qualifications,265,261,4,4,0,0,0
S01011501,Level 1,140,139,1,0,0,0,1
S01011501,Level 2,68,68,0,0,0,0,0
S01011501,Level 3,33,31,2,0,0,1,1
S01011501,Level 4 and above,31,30,1,0,0,1,0
S01011502,All people aged 16 and over,610,596,14,0,5,2,7
S01011502,No qualifications,257,254,3,0,0,0,3
S01011502,Level 1,166,161,5,0,4,0,1
S01011502,Level 2,73,69,4,0,0,1,3
S01011502,Level 3,61,61,0,0,0,0,0
S01011502,Level 4 and above,53,51,2,0,1,1,0
S01011503,All people aged 16 and over,508,501,7,1,0,0,6
S01011503,No qualifications,187,185,2,0,0,0,2
S01011503,Level 1,156,155,1,0,0,0,1
S01011503,Level 2,62,61,1,1,0,0,0
S01011503,Level 3,45,45,0,0,0,0,0
S01011503,Level 4 and above,58,55,3,0,0,0,3
S01011504,All people aged 16 and over,483,463,20,0,0,1,19
S01011504,No qualifications,186,176,10,0,0,0,10
S01011504,Level 1,128,125,3,0,0,1,2
S01011504,Level 2,65,64,1,0,0,0,1
S01011504,Level 3,41,39,2,0,0,0,2
S01011504,Level 4 and above,63,59,4,0,0,0,4
S01011505,All people aged 16 and over,552,530,22,1,8,3,10
S01011505,No qualifications,185,180,5,0,2,1,2
S01011505,Level 1,170,162,8,1,0,0,7
S01011505,Level 2,77,77,0,0,0,0,0
S01011505,Level 3,59,54,5,0,3,1,1
S01011505,Level 4 and above,61,57,4,0,3,1,0
S01011506,All people aged 16 and over,432,424,8,0,0,1,7
S01011506,No qualifications,173,171,2,0,0,0,2
S01011506,Level 1,97,97,0,0,0,0,0
S01011506,Level 2,54,54,0,0,0,0,0
S01011506,Level 3,42,39,3,0,0,0,3
S01011506,Level 4 and above,66,63,3,0,0,1,2
S01011507,All people aged 16 and over,514,499,15,1,4,1,9
S01011507,No qualifications,215,208,7,0,1,1,5
S01011507,Level 1,134,130,4,0,2,0,2
S01011507,Level 2,59,59,0,0,0,0,0
S01011507,Level 3,40,38,2,0,0,0,2
S01011507,Level 4 and above,66,64,2,1,1,0,0
S01011508,All people aged 16 and over,788,744,44,2,14,7,21
S01011508,No qualifications,214,204,10,0,3,2,5
S01011508,Level 1,220,205,15,0,5,2,8
S01011508,Level 2,111,107,4,0,0,2,2
S01011508,Level 3,100,95,5,0,4,0,1
S01011508,Level 4 and above,143,133,10,2,2,1,5
S01011509,All people aged 16 and over,521,513,8,0,0,2,6
S01011509,No qualifications,162,160,2,0,0,1,1
S01011509,Level 1,163,162,1,0,0,1,0
S01011509,Level 2,66,66,0,0,0,0,0
S01011509,Level 3,60,58,2,0,0,0,2
S01011509,Level 4 and above,70,67,3,0,0,0,3
S01011510,All people aged 16 and over,840,822,18,1,5,4,8
S01011510,No qualifications,311,306,5,1,0,1,3
S01011510,Level 1,261,258,3,0,2,0,1
S01011510,Level 2,116,112,4,0,1,1,2
S01011510,Level 3,68,67,1,0,0,0,1
S01011510,Level 4 and above,84,79,5,0,2,2,1
S01011511,All people aged 16 and over,435,423,12,0,2,4,6
S01011511,No qualifications,202,197,5,0,0,1,4
S01011511,Level 1,129,129,0,0,0,0,0
S01011511,Level 2,37,37,0,0,0,0,0
S01011511,Level 3,32,32,0,0,0,0,0
S01011511,Level 4 and above,35,28,7,0,2,3,2
S01011512,All people aged 16 and over,693,679,14,0,1,5,8
S01011512,No qualifications,279,276,3,0,1,0,2
S01011512,Level 1,238,236,2,0,0,1,1
S01011512,Level 2,64,62,2,0,0,1,1
S01011512,Level 3,67,64,3,0,0,1,2
S01011512,Level 4 and above,45,41,4,0,0,2,2
S01011513,All people aged 16 and over,609,576,33,2,13,5,13
S01011513,No qualifications,278,268,10,1,2,2,5
S01011513,Level 1,162,142,20,0,9,3,8
S01011513,Level 2,58,58,0,0,0,0,0
S01011513,Level 3,58,55,3,1,2,0,0
S01011513,Level 4 and above,53,53,0,0,0,0,0
S01011514,All people aged 16 and over,732,713,19,1,3,3,12
S01011514,No qualifications,335,325,10,1,0,1,8
S01011514,Level 1,204,203,1,0,1,0,0
S01011514,Level 2,60,58,2,0,0,1,1
S01011514,Level 3,67,64,3,0,0,1,2
S01011514,Level 4 and above,66,63,3,0,2,0,1
S01011515,All people aged 16 and over,451,438,13,2,3,0,8
S01011515,No qualifications,120,120,0,0,0,0,0
S01011515,Level 1,132,126,6,2,1,0,3
S01011515,Level 2,64,63,1,0,0,0,1
S01011515,Level 3,60,58,2,0,1,0,1
S01011515,Level 4 and above,75,71,4,0,1,0,3
S01011516,All people aged 16 and over,718,688,30,2,4,10,14
S01011516,No qualifications,135,128,7,0,0,0,7
S01011516,Level 1,179,173,6,2,0,3,1
S01011516,Level 2,124,120,4,0,1,1,2
S01011516,Level 3,113,110,3,0,1,1,1
S01011516,Level 4 and above,167,157,10,0,2,5,3
S01011517,All people aged 16 and over,453,437,16,1,5,1,9
S01011517,No qualifications,185,178,7,0,1,0,6
S01011517,Level 1,131,125,6,1,3,1,1
S01011517,Level 2,51,50,1,0,0,0,1
S01011517,Level 3,46,46,0,0,0,0,0
S01011517,Level 4 and above,40,38,2,0,1,0,1
S01011518,All people aged 16 and over,552,544,8,1,2,1,4
S01011518,No qualifications,291,287,4,0,0,1,3
S01011518,Level 1,127,126,1,0,1,0,0
S01011518,Level 2,48,48,0,0,0,0,0
S01011518,Level 3,45,43,2,1,0,0,1
S01011518,Level 4 and above,41,40,1,0,1,0,0
S01011519,All people aged 16 and over,642,635,7,0,1,4,2
S01011519,No qualifications,290,288,2,0,1,0,1
S01011519,Level 1,173,172,1,0,0,0,1
S01011519,Level 2,69,68,1,0,0,1,0
S01011519,Level 3,54,54,0,0,0,0,0
S01011519,Level 4 and above,56,53,3,0,0,3,0
S01011520,All people aged 16 and over,470,465,5,1,0,0,4
S01011520,No qualifications,249,249,0,0,0,0,0
S01011520,Level 1,113,113,0,0,0,0,0
S01011520,Level 2,36,35,1,1,0,0,0
S01011520,Level 3,32,31,1,0,0,0,1
S01011520,Level 4 and above,40,37,3,0,0,0,3
S01011521,All people aged 16 and over,753,728,25,0,9,6,10
S01011521,No qualifications,274,268,6,0,2,1,3
S01011521,Level 1,214,205,9,0,6,1,2
S01011521,Level 2,91,91,0,0,0,0,0
S01011521,Level 3,72,67,5,0,1,1,3
S01011521,Level 4 and above,102,97,5,0,0,3,2
S01011522,All people aged 16 and over,744,702,42,1,7,14,20
S01011522,No qualifications,281,273,8,0,2,1,5
S01011522,Level 1,196,188,8,1,1,2,4
S01011522,Level 2,91,89,2,0,0,0,2
S01011522,Level 3,82,79,3,0,1,0,2
S01011522,Level 4 and above,94,73,21,0,3,11,7
S01011523,All people aged 16 and over,611,593,18,1,8,4,5
S01011523,No qualifications,261,252,9,1,5,0,3
S01011523,Level 1,160,158,2,0,1,0,1
S01011523,Level 2,67,66,1,0,0,0,1
S01011523,Level 3,61,59,2,0,1,1,0
S01011523,Level 4 and above,62,58,4,0,1,3,0
S01011524,All people aged 16 and over,762,745,17,0,8,1,8
S01011524,No qualifications,212,208,4,0,3,0,1
S01011524,Level 1,218,214,4,0,2,1,1
S01011524,Level 2,126,126,0,0,0,0,0
S01011524,Level 3,91,90,1,0,0,0,1
S01011524,Level 4 and above,115,107,8,0,3,0,5
S01011525,All people aged 16 and over,783,758,25,0,5,0,20
S01011525,No qualifications,284,279,5,0,0,0,5
S01011525,Level 1,194,186,8,0,1,0,7
S01011525,Level 2,94,91,3,0,1,0,2
S01011525,Level 3,75,74,1,0,1,0,0
S01011525,Level 4 and above,136,128,8,0,2,0,6
S01011526,All people aged 16 and over,814,780,34,1,1,5,27
S01011526,No qualifications,258,250,8,0,0,0,8
S01011526,Level 1,252,244,8,0,0,0,8
S01011526,Level 2,110,107,3,0,0,1,2
S01011526,Level 3,75,71,4,1,0,0,3
S01011526,Level 4 and above,119,108,11,0,1,4,6
S01011527,All people aged 16 and over,610,595,15,2,0,2,11
S01011527,No qualifications,198,193,5,0,0,0,5
S01011527,Level 1,153,149,4,1,0,0,3
S01011527,Level 2,90,90,0,0,0,0,0
S01011527,Level 3,49,47,2,0,0,1,1
S01011527,Level 4 and above,120,116,4,1,0,1,2
S01011528,All people aged 16 and over,830,805,25,1,6,8,10
S01011528,No qualifications,342,337,5,0,0,3,2
S01011528,Level 1,212,208,4,0,0,2,2
S01011528,Level 2,86,81,5,0,3,0,2
S01011528,Level 3,84,79,5,0,3,1,1
S01011528,Level 4 and above,106,100,6,1,0,2,3
S01011529,All people aged 16 and over,422,413,9,0,2,3,4
S01011529,No qualifications,189,188,1,0,1,0,0
S01011529,Level 1,120,117,3,0,1,0,2
S01011529,Level 2,35,34,1,0,0,0,1
S01011529,Level 3,39,36,3,0,0,3,0
S01011529,Level 4 and above,39,38,1,0,0,0,1
S01011530,All people aged 16 and over,810,801,9,1,0,0,8
S01011530,No qualifications,342,337,5,0,0,0,5
S01011530,Level 1,220,219,1,0,0,0,1
S01011530,Level 2,78,78,0,0,0,0,0
S01011530,Level 3,81,80,1,0,0,0,1
S01011530,Level 4 and above,89,87,2,1,0,0,1
S01011531,All people aged 16 and over,910,868,42,1,9,7,25
S01011531,No qualifications,263,248,15,1,1,0,13
S01011531,Level 1,197,190,7,0,1,1,5
S01011531,Level 2,137,134,3,0,2,0,1
S01011531,Level 3,95,91,4,0,1,2,1
S01011531,Level 4 and above,218,205,13,0,4,4,5
S01011532,All people aged 16 and over,475,464,11,1,0,2,8
S01011532,No qualifications,86,85,1,0,0,0,1
S01011532,Level 1,114,112,2,1,0,0,1
S01011532,Level 2,79,78,1,0,0,0,1
S01011532,Level 3,68,67,1,0,0,0,1
S01011532,Level 4 and above,128,122,6,0,0,2,4
S01011533,All people aged 16 and over,570,559,11,0,2,2,7
S01011533,No qualifications,282,275,7,0,1,1,5
S01011533,Level 1,118,115,3,0,1,0,2
S01011533,Level 2,59,59,0,0,0,0,0
S01011533,Level 3,48,47,1,0,0,1,0
S01011533,Level 4 and above,63,63,0,0,0,0,0
S01011534,All people aged 16 and over,596,582,14,0,0,0,14
S01011534,No qualifications,224,222,2,0,0,0,2
S01011534,Level 1,146,142,4,0,0,0,4
S01011534,Level 2,80,78,2,0,0,0,2
S01011534,Level 3,54,54,0,0,0,0,0
S01011534,Level 4 and above,92,86,6,0,0,0,6
S01011535,All people aged 16 and over,765,744,21,3,2,2,14
S01011535,No qualifications,382,375,7,0,0,0,7
S01011535,Level 1,196,189,7,3,2,0,2
S01011535,Level 2,74,73,1,0,0,0,1
S01011535,Level 3,44,42,2,0,0,1,1
S01011535,Level 4 and above,69,65,4,0,0,1,3
S01011536,All people aged 16 and over,573,545,28,0,1,1,26
S01011536,No qualifications,119,108,11,0,0,1,10
S01011536,Level 1,112,108,4,0,0,0,4
S01011536,Level 2,92,89,3,0,0,0,3
S01011536,Level 3,68,65,3,0,0,0,3
S01011536,Level 4 and above,182,175,7,0,1,0,6
S01011537,All people aged 16 and over,445,427,18,1,2,3,12
S01011537,No qualifications,71,69,2,0,0,0,2
S01011537,Level 1,95,92,3,1,0,0,2
S01011537,Level 2,80,80,0,0,0,0,0
S01011537,Level 3,62,61,1,0,0,0,1
S01011537,Level 4 and above,137,125,12,0,2,3,7
S01011538,All people aged 16 and over,559,540,19,0,1,3,15
S01011538,No qualifications,110,106,4,0,0,1,3
S01011538,Level 1,105,103,2,0,0,0,2
S01011538,Level 2,97,95,2,0,0,0,2
S01011538,Level 3,60,57,3,0,0,0,3
S01011538,Level 4 and above,187,179,8,0,1,2,5
S01011539,All people aged 16 and over,619,612,7,0,0,1,6
S01011539,No qualifications,285,283,2,0,0,0,2
S01011539,Level 1,151,150,1,0,0,0,1
S01011539,Level 2,60,60,0,0,0,0,0
S01011539,Level 3,55,54,1,0,0,0,1
S01011539,Level 4 and above,68,65,3,0,0,1,2
S01011540,All people aged 16 and over,849,841,8,1,4,0,3
S01011540,No qualifications,339,338,1,0,0,0,1
S01011540,Level 1,244,242,2,1,1,0,0
S01011540,Level 2,103,102,1,0,0,0,1
S01011540,Level 3,76,74,2,0,1,0,1
S01011540,Level 4 and above,87,85,2,0,2,0,0
S01011541,All people aged 16 and over,716,705,11,0,2,1,8
S01011541,No qualifications,302,299,3,0,0,0,3
S01011541,Level 1,225,224,1,0,0,0,1
S01011541,Level 2,68,65,3,0,1,0,2
S01011541,Level 3,64,63,1,0,1,0,0
S01011541,Level 4 and above,57,54,3,0,0,1,2
S01011542,All people aged 16 and over,735,722,13,0,1,1,11
S01011542,No qualifications,332,328,4,0,0,0,4
S01011542,Level 1,199,196,3,0,0,1,2
S01011542,Level 2,88,87,1,0,0,0,1
S01011542,Level 3,61,58,3,0,1,0,2
S01011542,Level 4 and above,55,53,2,0,0,0,2
S01011543,All people aged 16 and over,611,604,7,0,0,0,7
S01011543,No qualifications,276,274,2,0,0,0,2
S01011543,Level 1,201,198,3,0,0,0,3
S01011543,Level 2,64,63,1,0,0,0,1
S01011543,Level 3,35,35,0,0,0,0,0
S01011543,Level 4 and above,35,34,1,0,0,0,1
S01011544,All people aged 16 and over,550,546,4,0,0,0,4
S01011544,No qualifications,280,279,1,0,0,0,1
S01011544,Level 1,148,147,1,0,0,0,1
S01011544,Level 2,43,43,0,0,0,0,0
S01011544,Level 3,32,31,1,0,0,0,1
S01011544,Level 4 and above,47,46,1,0,0,0,1
S01011545,All people aged 16 and over,488,481,7,1,1,0,5
S01011545,No qualifications,238,235,3,1,0,0,2
S01011545,Level 1,119,117,2,0,0,0,2
S01011545,Level 2,51,51,0,0,0,0,0
S01011545,Level 3,36,36,0,0,0,0,0
S01011545,Level 4 and above,44,42,2,0,1,0,1
S01011546,All people aged 16 and over,550,528,22,1,3,2,16
S01011546,No qualifications,82,75,7,0,0,0,7
S01011546,Level 1,135,129,6,0,2,1,3
S01011546,Level 2,116,112,4,0,1,0,3
S01011546,Level 3,64,63,1,0,0,0,1
S01011546,Level 4 and above,153,149,4,1,0,1,2
S01011547,All people aged 16 and over,434,425,9,1,0,0,8
S01011547,No qualifications,58,56,2,0,0,0,2
S01011547,Level 1,123,122,1,0,0,0,1
S01011547,Level 2,68,67,1,0,0,0,1
S01011547,Level 3,56,56,0,0,0,0,0
S01011547,Level 4 and above,129,124,5,1,0,0,4
S01011548,All people aged 16 and over,614,602,12,0,0,1,11
S01011548,No qualifications,232,226,6,0,0,0,6
S01011548,Level 1,144,144,0,0,0,0,0
S01011548,Level 2,83,82,1,0,0,0,1
S01011548,Level 3,70,68,2,0,0,1,1
S01011548,Level 4 and above,85,82,3,0,0,0,3
S01011549,All people aged 16 and over,678,669,9,0,2,4,3
S01011549,No qualifications,214,212,2,0,1,0,1
S01011549,Level 1,138,136,2,0,1,0,1
S01011549,Level 2,103,103,0,0,0,0,0
S01011549,Level 3,71,71,0,0,0,0,0
S01011549,Level 4 and above,152,147,5,0,0,4,1
S01011550,All people aged 16 and over,607,586,21,0,1,0,20
S01011550,No qualifications,113,104,9,0,0,0,9
S01011550,Level 1,119,117,2,0,0,0,2
S01011550,Level 2,131,126,5,0,0,0,5
S01011550,Level 3,66,65,1,0,0,0,1
S01011550,Level 4 and above,178,174,4,0,1,0,3
S01011551,All people aged 16 and over,450,438,12,0,0,4,8
S01011551,No qualifications,142,136,6,0,0,1,5
S01011551,Level 1,111,110,1,0,0,1,0
S01011551,Level 2,63,63,0,0,0,0,0
S01011551,Level 3,45,45,0,0,0,0,0
S01011551,Level 4 and above,89,84,5,0,0,2,3
S01011552,All people aged 16 and over,602,586,16,0,1,3,12
S01011552,No qualifications,145,139,6,0,0,0,6
S01011552,Level 1,158,157,1,0,0,0,1
S01011552,Level 2,115,114,1,0,0,0,1
S01011552,Level 3,67,65,2,0,1,0,1
S01011552,Level 4 and above,117,111,6,0,0,3,3
S01011553,All people aged 16 and over,618,571,47,2,5,11,29
S01011553,No qualifications,81,64,17,0,1,0,16
S01011553,Level 1,114,108,6,0,1,2,3
S01011553,Level 2,123,118,5,0,2,0,3
S01011553,Level 3,80,77,3,1,0,0,2
S01011553,Level 4 and above,220,204,16,1,1,9,5
S01011554,All people aged 16 and over,733,723,10,0,0,0,10
S01011554,No qualifications,333,328,5,0,0,0,5
S01011554,Level 1,198,196,2,0,0,0,2
S01011554,Level 2,69,68,1,0,0,0,1
S01011554,Level 3,51,51,0,0,0,0,0
S01011554,Level 4 and above,82,80,2,0,0,0,2
S01011555,All people aged 16 and over,458,451,7,1,3,0,3
S01011555,No qualifications,179,175,4,1,1,0,2
S01011555,Level 1,145,145,0,0,0,0,0
S01011555,Level 2,69,67,2,0,1,0,1
S01011555,Level 3,31,31,0,0,0,0,0
S01011555,Level 4 and above,34,33,1,0,1,0,0
S01011556,All people aged 16 and over,402,400,2,0,0,0,2
S01011556,No qualifications,170,169,1,0,0,0,1
S01011556,Level 1,112,112,0,0,0,0,0
S01011556,Level 2,46,46,0,0,0,0,0
S01011556,Level 3,30,30,0,0,0,0,0
S01011556,Level 4 and above,44,43,1,0,0,0,1
S01011557,All people aged 16 and over,594,586,8,0,2,1,5
S01011557,No qualifications,261,259,2,0,0,0,2
S01011557,Level 1,167,165,2,0,0,1,1
S01011557,Level 2,69,68,1,0,1,0,0
S01011557,Level 3,56,55,1,0,0,0,1
S01011557,Level 4 and above,41,39,2,0,1,0,1
S01011558,All people aged 16 and over,457,448,9,0,4,0,5
S01011558,No qualifications,182,180,2,0,1,0,1
S01011558,Level 1,146,142,4,0,3,0,1
S01011558,Level 2,55,54,1,0,0,0,1
S01011558,Level 3,41,39,2,0,0,0,2
S01011558,Level 4 and above,33,33,0,0,0,0,0
S01011559,All people aged 16 and over,494,486,8,0,3,3,2
S01011559,No qualifications,229,227,2,0,0,0,2
S01011559,Level 1,146,145,1,0,1,0,0
S01011559,Level 2,46,45,1,0,0,1,0
S01011559,Level 3,32,31,1,0,0,1,0
S01011559,Level 4 and above,41,38,3,0,2,1,0
S01011560,All people aged 16 and over,618,602,16,0,5,5,6
S01011560,No qualifications,299,298,1,0,0,0,1
S01011560,Level 1,156,152,4,0,0,2,2
S01011560,Level 2,60,58,2,0,0,0,2
S01011560,Level 3,48,46,2,0,1,1,0
S01011560,Level 4 and above,55,48,7,0,4,2,1
S01011561,All people aged 16 and over,646,636,10,3,2,0,5
S01011561,No qualifications,284,284,0,0,0,0,0
S01011561,Level 1,170,164,6,1,0,0,5
S01011561,Level 2,68,68,0,0,0,0,0
S01011561,Level 3,65,62,3,1,2,0,0
S01011561,Level 4 and above,59,58,1,1,0,0,0
S01011562,All people aged 16 and over,485,477,8,2,0,0,6
S01011562,No qualifications,192,188,4,2,0,0,2
S01011562,Level 1,152,151,1,0,0,0,1
S01011562,Level 2,64,63,1,0,0,0,1
S01011562,Level 3,32,32,0,0,0,0,0
S01011562,Level 4 and above,45,43,2,0,0,0,2
S01011563,All people aged 16 and over,585,572,13,0,4,3,6
S01011563,No qualifications,256,253,3,0,0,0,3
S01011563,Level 1,159,157,2,0,1,0,1
S01011563,Level 2,60,60,0,0,0,0,0
S01011563,Level 3,50,49,1,0,1,0,0
S01011563,Level 4 and above,60,53,7,0,2,3,2
S01011564,All people aged 16 and over,771,760,11,1,2,4,4
S01011564,No qualifications,272,269,3,1,0,1,1
S01011564,Level 1,217,216,1,0,0,0,1
S01011564,Level 2,109,108,1,0,0,0,1
S01011564,Level 3,83,82,1,0,0,1,0
S01011564,Level 4 and above,90,85,5,0,2,2,1
S01011565,All people aged 16 and over,743,729,14,0,6,3,5
S01011565,No qualifications,305,300,5,0,3,1,1
S01011565,Level 1,185,182,3,0,1,0,2
S01011565,Level 2,91,91,0,0,0,0,0
S01011565,Level 3,85,85,0,0,0,0,0
S01011565,Level 4 and above,77,71,6,0,2,2,2
S01011566,All people aged 16 and over,695,675,20,0,8,5,7
S01011566,No qualifications,274,272,2,0,2,0,0
S01011566,Level 1,206,201,5,0,1,1,3
S01011566,Level 2,78,78,0,0,0,0,0
S01011566,Level 3,73,68,5,0,2,1,2
S01011566,Level 4 and above,64,56,8,0,3,3,2
S01011567,All people aged 16 and over,831,826,5,0,2,2,1
S01011567,No qualifications,411,411,0,0,0,0,0
S01011567,Level 1,195,194,1,0,0,0,1
S01011567,Level 2,84,83,1,0,0,1,0
S01011567,Level 3,60,60,0,0,0,0,0
S01011567,Level 4 and above,81,78,3,0,2,1,0
S01011568,All people aged 16 and over,652,639,13,0,5,3,5
S01011568,No qualifications,229,228,1,0,0,0,1
S01011568,Level 1,174,169,5,0,3,1,1
S01011568,Level 2,91,91,0,0,0,0,0
S01011568,Level 3,55,55,0,0,0,0,0
S01011568,Level 4 and above,103,96,7,0,2,2,3
S01011569,All people aged 16 and over,804,780,24,2,10,2,10
S01011569,No qualifications,287,280,7,0,2,0,5
S01011569,Level 1,198,194,4,0,1,2,1
S01011569,Level 2,114,113,1,0,0,0,1
S01011569,Level 3,91,90,1,0,0,0,1
S01011569,Level 4 and above,114,103,11,2,7,0,2
S01011570,All people aged 16 and over,606,584,22,2,7,7,6
S01011570,No qualifications,275,271,4,0,1,2,1
S01011570,Level 1,156,149,7,2,3,1,1
S01011570,Level 2,68,65,3,0,0,1,2
S01011570,Level 3,50,48,2,0,0,1,1
S01011570,Level 4 and above,57,51,6,0,3,2,1
S01011571,All people aged 16 and over,572,543,29,3,12,6,8
S01011571,No qualifications,262,259,3,0,1,0,2
S01011571,Level 1,137,127,10,0,6,2,2
S01011571,Level 2,44,41,3,0,0,0,3
S01011571,Level 3,56,51,5,0,2,2,1
S01011571,Level 4 and above,73,65,8,3,3,2,0
S01011572,All people aged 16 and over,486,465,21,1,8,2,10
S01011572,No qualifications,180,175,5,1,1,1,2
S01011572,Level 1,120,115,5,0,4,0,1
S01011572,Level 2,64,63,1,0,0,0,1
S01011572,Level 3,45,40,5,0,3,1,1
S01011572,Level 4 and above,77,72,5,0,0,0,5
S01011573,All people aged 16 and over,842,828,14,0,2,5,7
S01011573,No qualifications,241,238,3,0,0,2,1
S01011573,Level 1,225,221,4,0,1,1,2
S01011573,Level 2,128,128,0,0,0,0,0
S01011573,Level 3,95,91,4,0,0,1,3
S01011573,Level 4 and above,153,150,3,0,1,1,1
S01011574,All people aged 16 and over,606,598,8,0,2,2,4
S01011574,No qualifications,194,193,1,0,0,0,1
S01011574,Level 1,172,170,2,0,0,0,2
S01011574,Level 2,94,94,0,0,0,0,0
S01011574,Level 3,69,66,3,0,1,1,1
S01011574,Level 4 and above,77,75,2,0,1,1,0
S01011575,All people aged 16 and over,408,403,5,0,2,2,1
S01011575,No qualifications,153,153,0,0,0,0,0
S01011575,Level 1,108,107,1,0,0,0,1
S01011575,Level 2,45,45,0,0,0,0,0
S01011575,Level 3,45,44,1,0,0,1,0
S01011575,Level 4 and above,57,54,3,0,2,1,0
S01011576,All people aged 16 and over,737,726,11,0,3,4,4
S01011576,No qualifications,390,389,1,0,0,0,1
S01011576,Level 1,188,183,5,0,2,1,2
S01011576,Level 2,50,50,0,0,0,0,0
S01011576,Level 3,56,55,1,0,1,0,0
S01011576,Level 4 and above,53,49,4,0,0,3,1
S01011577,All people aged 16 and over,572,535,37,8,7,6,16
S01011577,No qualifications,163,154,9,0,2,1,6
S01011577,Level 1,147,141,6,2,1,1,2
S01011577,Level 2,84,84,0,0,0,0,0
S01011577,Level 3,63,58,5,0,1,1,3
S01011577,Level 4 and above,115,98,17,6,3,3,5
S01011578,All people aged 16 and over,676,657,19,0,9,3,7
S01011578,No qualifications,206,199,7,0,4,0,3
S01011578,Level 1,219,211,8,0,3,2,3
S01011578,Level 2,99,99,0,0,0,0,0
S01011578,Level 3,64,64,0,0,0,0,0
S01011578,Level 4 and above,88,84,4,0,2,1,1
S01011579,All people aged 16 and over,906,889,17,1,0,1,15
S01011579,No qualifications,159,154,5,0,0,0,5
S01011579,Level 1,185,183,2,0,0,0,2
S01011579,Level 2,165,163,2,0,0,0,2
S01011579,Level 3,104,101,3,0,0,0,3
S01011579,Level 4 and above,293,288,5,1,0,1,3
S01011580,All people aged 16 and over,557,524,33,4,5,8,16
S01011580,No qualifications,154,149,5,0,1,2,2
S01011580,Level 1,169,158,11,2,1,3,5
S01011580,Level 2,72,70,2,0,1,0,1
S01011580,Level 3,62,59,3,0,0,1,2
S01011580,Level 4 and above,100,88,12,2,2,2,6
S01011581,All people aged 16 and over,693,660,33,10,13,1,9
S01011581,No qualifications,366,356,10,2,2,0,6
S01011581,Level 1,140,137,3,2,0,1,0
S01011581,Level 2,66,63,3,0,2,0,1
S01011581,Level 3,52,47,5,1,4,0,0
S01011581,Level 4 and above,69,57,12,5,5,0,2
S01011582,All people aged 16 and over,957,940,17,1,2,2,12
S01011582,No qualifications,209,206,3,0,0,0,3
S01011582,Level 1,147,145,2,0,0,0,2
S01011582,Level 2,161,158,3,0,1,1,1
S01011582,Level 3,111,111,0,0,0,0,0
S01011582,Level 4 and above,329,320,9,1,1,1,6
S01011583,All people aged 16 and over,559,543,16,1,7,1,7
S01011583,No qualifications,165,161,4,1,1,0,2
S01011583,Level 1,157,153,4,0,2,0,2
S01011583,Level 2,71,70,1,0,1,0,0
S01011583,Level 3,60,58,2,0,0,1,1
S01011583,Level 4 and above,106,101,5,0,3,0,2
S01011584,All people aged 16 and over,591,576,15,1,1,0,13
S01011584,No qualifications,258,252,6,0,0,0,6
S01011584,Level 1,151,146,5,1,0,0,4
S01011584,Level 2,77,77,0,0,0,0,0
S01011584,Level 3,53,50,3,0,0,0,3
S01011584,Level 4 and above,52,51,1,0,1,0,0
S01011585,All people aged 16 and over,585,570,15,0,9,3,3
S01011585,No qualifications,212,212,0,0,0,0,0
S01011585,Level 1,167,162,5,0,3,0,2
S01011585,Level 2,83,82,1,0,0,1,0
S01011585,Level 3,53,51,2,0,1,1,0
S01011585,Level 4 and above,70,63,7,0,5,1,1
S01011586,All people aged 16 and over,482,462,20,0,7,2,11
S01011586,No qualifications,205,195,10,0,4,1,5
S01011586,Level 1,120,117,3,0,0,0,3
S01011586,Level 2,58,56,2,0,0,0,2
S01011586,Level 3,58,55,3,0,3,0,0
S01011586,Level 4 and above,41,39,2,0,0,1,1
S01011587,All people aged 16 and over,451,440,11,3,2,0,6
S01011587,No qualifications,169,168,1,0,0,0,1
S01011587,Level 1,137,135,2,2,0,0,0
S01011587,Level 2,52,51,1,0,1,0,0
S01011587,Level 3,48,45,3,1,0,0,2
S01011587,Level 4 and above,45,41,4,0,1,0,3
S01011588,All people aged 16 and over,609,602,7,0,3,1,3
S01011588,No qualifications,232,230,2,0,0,0,2
S01011588,Level 1,190,186,4,0,2,1,1
S01011588,Level 2,74,74,0,0,0,0,0
S01011588,Level 3,53,52,1,0,1,0,0
S01011588,Level 4 and above,60,60,0,0,0,0,0
S01011589,All people aged 16 and over,707,692,15,0,1,2,12
S01011589,No qualifications,263,260,3,0,0,0,3
S01011589,Level 1,183,180,3,0,1,0,2
S01011589,Level 2,94,92,2,0,0,0,2
S01011589,Level 3,76,74,2,0,0,1,1
S01011589,Level 4 and above,91,86,5,0,0,1,4
S01011590,All people aged 16 and over,552,541,11,1,3,3,4
S01011590,No qualifications,213,208,5,1,2,0,2
S01011590,Level 1,154,154,0,0,0,0,0
S01011590,Level 2,69,69,0,0,0,0,0
S01011590,Level 3,53,52,1,0,1,0,0
S01011590,Level 4 and above,63,58,5,0,0,3,2
S01011591,All people aged 16 and over,501,489,12,1,5,1,5
S01011591,No qualifications,212,208,4,0,1,1,2
S01011591,Level 1,143,139,4,0,2,0,2
S01011591,Level 2,70,70,0,0,0,0,0
S01011591,Level 3,37,35,2,0,2,0,0
S01011591,Level 4 and above,39,37,2,1,0,0,1
S01011592,All people aged 16 and over,563,563,0,0,0,0,0
S01011592,No qualifications,273,273,0,0,0,0,0
S01011592,Level 1,128,128,0,0,0,0,0
S01011592,Level 2,58,58,0,0,0,0,0
S01011592,Level 3,54,54,0,0,0,0,0
S01011592,Level 4 and above,50,50,0,0,0,0,0
S01011593,All people aged 16 and over,601,590,11,0,0,1,10
S01011593,No qualifications,211,207,4,0,0,0,4
S01011593,Level 1,148,147,1,0,0,0,1
S01011593,Level 2,74,72,2,0,0,0,2
S01011593,Level 3,58,57,1,0,0,0,1
S01011593,Level 4 and above,110,107,3,0,0,1,2
S01011594,All people aged 16 and over,385,376,9,2,0,1,6
S01011594,No qualifications,141,137,4,0,0,1,3
S01011594,Level 1,101,99,2,1,0,0,1
S01011594,Level 2,48,47,1,0,0,0,1
S01011594,Level 3,30,30,0,0,0,0,0
S01011594,Level 4 and above,65,63,2,1,0,0,1
S01011595,All people aged 16 and over,513,501,12,0,1,2,9
S01011595,No qualifications,99,97,2,0,0,0,2
S01011595,Level 1,96,93,3,0,0,0,3
S01011595,Level 2,95,92,3,0,1,2,0
S01011595,Level 3,50,49,1,0,0,0,1
S01011595,Level 4 and above,173,170,3,0,0,0,3
S01011596,All people aged 16 and over,865,818,47,5,21,8,13
S01011596,No qualifications,241,230,11,1,5,2,3
S01011596,Level 1,170,163,7,0,2,3,2
S01011596,Level 2,124,122,2,0,0,0,2
S01011596,Level 3,98,90,8,4,1,1,2
S01011596,Level 4 and above,232,213,19,0,13,2,4
S01011597,All people aged 16 and over,537,520,17,3,6,2,6
S01011597,No qualifications,168,161,7,0,2,1,4
S01011597,Level 1,117,115,2,1,1,0,0
S01011597,Level 2,82,81,1,0,0,0,1
S01011597,Level 3,62,62,0,0,0,0,0
S01011597,Level 4 and above,108,101,7,2,3,1,1
S01011598,All people aged 16 and over,682,609,73,18,33,15,7
S01011598,No qualifications,296,272,24,7,11,4,2
S01011598,Level 1,201,184,17,4,11,1,1
S01011598,Level 2,53,52,1,0,1,0,0
S01011598,Level 3,68,53,15,5,5,5,0
S01011598,Level 4 and above,64,48,16,2,5,5,4
S01011599,All people aged 16 and over,662,635,27,3,8,1,15
S01011599,No qualifications,256,250,6,0,1,0,5
S01011599,Level 1,175,169,6,2,2,1,1
S01011599,Level 2,65,61,4,0,0,0,4
S01011599,Level 3,73,71,2,0,0,0,2
S01011599,Level 4 and above,93,84,9,1,5,0,3
S01011600,All people aged 16 and over,644,617,27,5,9,9,4
S01011600,No qualifications,252,240,12,4,4,3,1
S01011600,Level 1,146,141,5,1,1,2,1
S01011600,Level 2,88,87,1,0,0,0,1
S01011600,Level 3,69,66,3,0,2,1,0
S01011600,Level 4 and above,89,83,6,0,2,3,1
S01011601,All people aged 16 and over,656,637,19,3,2,4,10
S01011601,No qualifications,132,122,10,1,2,2,5
S01011601,Level 1,185,182,3,0,0,1,2
S01011601,Level 2,106,104,2,0,0,0,2
S01011601,Level 3,93,91,2,2,0,0,0
S01011601,Level 4 and above,140,138,2,0,0,1,1
S01011602,All people aged 16 and over,495,463,32,0,19,11,2
S01011602,No qualifications,210,200,10,0,8,2,0
S01011602,Level 1,122,118,4,0,2,2,0
S01011602,Level 2,52,49,3,0,1,1,1
S01011602,Level 3,37,35,2,0,1,1,0
S01011602,Level 4 and above,74,61,13,0,7,5,1
S01011603,All people aged 16 and over,673,658,15,0,4,4,7
S01011603,No qualifications,330,323,7,0,2,1,4
S01011603,Level 1,147,144,3,0,1,0,2
S01011603,Level 2,85,83,2,0,0,1,1
S01011603,Level 3,58,58,0,0,0,0,0
S01011603,Level 4 and above,53,50,3,0,1,2,0
S01011604,All people aged 16 and over,528,490,38,2,26,5,5
S01011604,No qualifications,206,199,7,1,4,1,1
S01011604,Level 1,152,138,14,0,13,1,0
S01011604,Level 2,66,64,2,0,1,0,1
S01011604,Level 3,58,53,5,0,2,2,1
S01011604,Level 4 and above,46,36,10,1,6,1,2
S01011605,All people aged 16 and over,715,696,19,0,4,5,10
S01011605,No qualifications,312,304,8,0,1,2,5
S01011605,Level 1,161,160,1,0,0,0,1
S01011605,Level 2,98,95,3,0,0,1,2
S01011605,Level 3,66,65,1,0,1,0,0
S01011605,Level 4 and above,78,72,6,0,2,2,2
S01011606,All people aged 16 and over,730,705,25,1,4,4,16
S01011606,No qualifications,98,89,9,0,1,0,8
S01011606,Level 1,207,203,4,1,1,0,2
S01011606,Level 2,131,128,3,0,0,1,2
S01011606,Level 3,103,98,5,0,2,1,2
S01011606,Level 4 and above,191,187,4,0,0,2,2
S01011607,All people aged 16 and over,477,463,14,1,2,4,7
S01011607,No qualifications,105,98,7,1,2,2,2
S01011607,Level 1,120,118,2,0,0,1,1
S01011607,Level 2,92,92,0,0,0,0,0
S01011607,Level 3,73,70,3,0,0,0,3
S01011607,Level 4 and above,87,85,2,0,0,1,1
S01011608,All people aged 16 and over,741,719,22,0,3,5,14
S01011608,No qualifications,142,131,11,0,0,2,9
S01011608,Level 1,212,210,2,0,1,0,1
S01011608,Level 2,126,125,1,0,0,0,1
S01011608,Level 3,116,114,2,0,0,1,1
S01011608,Level 4 and above,145,139,6,0,2,2,2
S01011609,All people aged 16 and over,762,686,76,6,46,17,7
S01011609,No qualifications,365,347,18,3,13,2,0
S01011609,Level 1,208,186,22,1,11,7,3
S01011609,Level 2,59,54,5,1,2,1,1
S01011609,Level 3,66,58,8,0,5,2,1
S01011609,Level 4 and above,64,41,23,1,15,5,2
S01011610,All people aged 16 and over,653,612,41,5,20,3,13
S01011610,No qualifications,281,264,17,2,7,0,8
S01011610,Level 1,175,171,4,2,2,0,0
S01011610,Level 2,66,62,4,0,2,0,2
S01011610,Level 3,59,54,5,1,3,1,0
S01011610,Level 4 and above,72,61,11,0,6,2,3
S01011611,All people aged 16 and over,587,577,10,2,4,2,2
S01011611,No qualifications,169,167,2,0,0,0,2
S01011611,Level 1,167,165,2,0,2,0,0
S01011611,Level 2,83,83,0,0,0,0,0
S01011611,Level 3,59,57,2,1,1,0,0
S01011611,Level 4 and above,109,105,4,1,1,2,0
S01011612,All people aged 16 and over,453,439,14,0,1,1,12
S01011612,No qualifications,33,29,4,0,0,0,4
S01011612,Level 1,92,90,2,0,0,0,2
S01011612,Level 2,99,98,1,0,0,0,1
S01011612,Level 3,72,71,1,0,0,0,1
S01011612,Level 4 and above,157,151,6,0,1,1,4
S01011613,All people aged 16 and over,798,777,21,2,5,2,12
S01011613,No qualifications,181,178,3,0,2,0,1
S01011613,Level 1,179,174,5,0,1,0,4
S01011613,Level 2,148,146,2,0,0,1,1
S01011613,Level 3,101,98,3,0,0,1,2
S01011613,Level 4 and above,189,181,8,2,2,0,4
S01011614,All people aged 16 and over,379,372,7,1,0,4,2
S01011614,No qualifications,119,119,0,0,0,0,0
S01011614,Level 1,89,85,4,0,0,2,2
S01011614,Level 2,60,59,1,0,0,1,0
S01011614,Level 3,45,45,0,0,0,0,0
S01011614,Level 4 and above,66,64,2,1,0,1,0
S01011615,All people aged 16 and over,559,551,8,0,1,0,7
S01011615,No qualifications,211,209,2,0,0,0,2
S01011615,Level 1,158,156,2,0,1,0,1
S01011615,Level 2,58,56,2,0,0,0,2
S01011615,Level 3,78,77,1,0,0,0,1
S01011615,Level 4 and above,54,53,1,0,0,0,1
S01011616,All people aged 16 and over,343,338,5,0,0,2,3
S01011616,No qualifications,168,167,1,0,0,0,1
S01011616,Level 1,75,74,1,0,0,1,0
S01011616,Level 2,41,40,1,0,0,0,1
S01011616,Level 3,25,23,2,0,0,1,1
S01011616,Level 4 and above,34,34,0,0,0,0,0
S01011617,All people aged 16 and over,711,707,4,0,4,0,0
S01011617,No qualifications,359,359,0,0,0,0,0
S01011617,Level 1,180,180,0,0,0,0,0
S01011617,Level 2,72,72,0,0,0,0,0
S01011617,Level 3,44,43,1,0,1,0,0
S01011617,Level 4 and above,56,53,3,0,3,0,0
S01011618,All people aged 16 and over,491,476,15,0,5,3,7
S01011618,No qualifications,214,202,12,0,4,3,5
S01011618,Level 1,144,143,1,0,0,0,1
S01011618,Level 2,53,53,0,0,0,0,0
S01011618,Level 3,33,32,1,0,1,0,0
S01011618,Level 4 and above,47,46,1,0,0,0,1
S01011619,All people aged 16 and over,813,778,35,1,8,9,17
S01011619,No qualifications,158,150,8,0,1,0,7
S01011619,Level 1,230,224,6,0,4,0,2
S01011619,Level 2,149,147,2,0,0,0,2
S01011619,Level 3,99,96,3,0,0,2,1
S01011619,Level 4 and above,177,161,16,1,3,7,5
S01011620,All people aged 16 and over,806,766,40,0,8,5,27
S01011620,No qualifications,98,83,15,0,1,1,13
S01011620,Level 1,219,211,8,0,1,3,4
S01011620,Level 2,132,131,1,0,1,0,0
S01011620,Level 3,134,131,3,0,0,0,3
S01011620,Level 4 and above,223,210,13,0,5,1,7
S01011621,All people aged 16 and over,591,571,20,2,0,4,14
S01011621,No qualifications,171,168,3,2,0,0,1
S01011621,Level 1,175,171,4,0,0,0,4
S01011621,Level 2,102,98,4,0,0,0,4
S01011621,Level 3,46,44,2,0,0,0,2
S01011621,Level 4 and above,97,90,7,0,0,4,3
S01011622,All people aged 16 and over,482,466,16,0,1,5,10
S01011622,No qualifications,77,76,1,0,0,1,0
S01011622,Level 1,132,128,4,0,0,0,4
S01011622,Level 2,83,82,1,0,0,0,1
S01011622,Level 3,53,52,1,0,0,0,1
S01011622,Level 4 and above,137,128,9,0,1,4,4
S01011623,All people aged 16 and over,563,540,23,2,4,4,13
S01011623,No qualifications,221,214,7,0,0,0,7
S01011623,Level 1,161,157,4,1,0,1,2
S01011623,Level 2,64,60,4,0,1,0,3
S01011623,Level 3,50,46,4,0,1,3,0
S01011623,Level 4 and above,67,63,4,1,2,0,1
S01011624,All people aged 16 and over,550,536,14,2,0,3,9
S01011624,No qualifications,139,139,0,0,0,0,0
S01011624,Level 1,162,155,7,1,0,2,4
S01011624,Level 2,79,79,0,0,0,0,0
S01011624,Level 3,76,73,3,0,0,0,3
S01011624,Level 4 and above,94,90,4,1,0,1,2
S01011625,All people aged 16 and over,443,433,10,1,2,2,5
S01011625,No qualifications,157,151,6,1,0,2,3
S01011625,Level 1,117,117,0,0,0,0,0
S01011625,Level 2,60,60,0,0,0,0,0
S01011625,Level 3,48,47,1,0,0,0,1
S01011625,Level 4 and above,61,58,3,0,2,0,1
S01011626,All people aged 16 and over,634,620,14,0,1,2,11
S01011626,No qualifications,80,76,4,0,0,0,4
S01011626,Level 1,168,166,2,0,1,0,1
S01011626,Level 2,135,133,2,0,0,0,2
S01011626,Level 3,91,88,3,0,0,1,2
S01011626,Level 4 and above,160,157,3,0,0,1,2
S01011627,All people aged 16 and over,532,515,17,0,1,6,10
S01011627,No qualifications,82,80,2,0,0,0,2
S01011627,Level 1,132,130,2,0,0,0,2
S01011627,Level 2,90,87,3,0,0,0,3
S01011627,Level 3,101,98,3,0,0,1,2
S01011627,Level 4 and above,127,120,7,0,1,5,1
S01011628,All people aged 16 and over,889,869,20,2,3,3,12
S01011628,No qualifications,248,243,5,0,0,0,5
S01011628,Level 1,206,203,3,1,0,0,2
S01011628,Level 2,138,136,2,0,0,1,1
S01011628,Level 3,110,105,5,0,2,1,2
S01011628,Level 4 and above,187,182,5,1,1,1,2
S01011629,All people aged 16 and over,490,481,9,0,4,0,5
S01011629,No qualifications,223,221,2,0,1,0,1
S01011629,Level 1,132,131,1,0,1,0,0
S01011629,Level 2,43,42,1,0,0,0,1
S01011629,Level 3,51,49,2,0,1,0,1
S01011629,Level 4 and above,41,38,3,0,1,0,2
S01011630,All people aged 16 and over,506,501,5,2,0,1,2
S01011630,No qualifications,196,194,2,1,0,0,1
S01011630,Level 1,127,127,0,0,0,0,0
S01011630,Level 2,59,58,1,1,0,0,0
S01011630,Level 3,60,60,0,0,0,0,0
S01011630,Level 4 and above,64,62,2,0,0,1,1
S01011631,All people aged 16 and over,455,442,13,0,6,1,6
S01011631,No qualifications,190,186,4,0,2,0,2
S01011631,Level 1,139,135,4,0,2,0,2
S01011631,Level 2,45,44,1,0,1,0,0
S01011631,Level 3,36,35,1,0,0,0,1
S01011631,Level 4 and above,45,42,3,0,1,1,1
S01011632,All people aged 16 and over,580,556,24,2,12,2,8
S01011632,No qualifications,250,243,7,1,3,2,1
S01011632,Level 1,174,167,7,1,3,0,3
S01011632,Level 2,48,47,1,0,1,0,0
S01011632,Level 3,52,49,3,0,1,0,2
S01011632,Level 4 and above,56,50,6,0,4,0,2
S01011633,All people aged 16 and over,592,570,22,0,5,6,11
S01011633,No qualifications,242,237,5,0,1,0,4
S01011633,Level 1,181,177,4,0,2,0,2
S01011633,Level 2,61,59,2,0,0,1,1
S01011633,Level 3,45,43,2,0,0,1,1
S01011633,Level 4 and above,63,54,9,0,2,4,3
S01011634,All people aged 16 and over,435,415,20,1,12,7,0
S01011634,No qualifications,188,184,4,0,3,1,0
S01011634,Level 1,108,102,6,1,1,4,0
S01011634,Level 2,53,52,1,0,0,1,0
S01011634,Level 3,44,40,4,0,3,1,0
S01011634,Level 4 and above,42,37,5,0,5,0,0
S01011635,All people aged 16 and over,523,501,22,4,8,3,7
S01011635,No qualifications,194,193,1,0,0,0,1
S01011635,Level 1,150,141,9,2,2,2,3
S01011635,Level 2,66,65,1,0,0,0,1
S01011635,Level 3,52,51,1,0,1,0,0
S01011635,Level 4 and above,61,51,10,2,5,1,2
S01011636,All people aged 16 and over,550,534,16,3,6,1,6
S01011636,No qualifications,224,222,2,0,0,1,1
S01011636,Level 1,180,175,5,2,2,0,1
S01011636,Level 2,47,46,1,0,1,0,0
S01011636,Level 3,51,51,0,0,0,0,0
S01011636,Level 4 and above,48,40,8,1,3,0,4
S01011637,All people aged 16 and over,560,549,11,1,4,1,5
S01011637,No qualifications,228,225,3,0,0,0,3
S01011637,Level 1,131,130,1,0,1,0,0
S01011637,Level 2,73,72,1,1,0,0,0
S01011637,Level 3,64,64,0,0,0,0,0
S01011637,Level 4 and above,64,58,6,0,3,1,2
S01011638,All people aged 16 and over,429,413,16,1,6,3,6
S01011638,No qualifications,176,175,1,0,0,0,1
S01011638,Level 1,100,98,2,0,1,1,0
S01011638,Level 2,55,52,3,1,1,0,1
S01011638,Level 3,29,28,1,0,0,0,1
S01011638,Level 4 and above,69,60,9,0,4,2,3
S01011639,All people aged 16 and over,455,443,12,0,0,4,8
S01011639,No qualifications,192,187,5,0,0,1,4
S01011639,Level 1,130,127,3,0,0,1,2
S01011639,Level 2,51,51,0,0,0,0,0
S01011639,Level 3,37,35,2,0,0,1,1
S01011639,Level 4 and above,45,43,2,0,0,1,1
S01011640,All people aged 16 and over,535,517,18,0,5,3,10
S01011640,No qualifications,218,210,8,0,3,1,4
S01011640,Level 1,126,125,1,0,0,0,1
S01011640,Level 2,79,79,0,0,0,0,0
S01011640,Level 3,59,58,1,0,0,0,1
S01011640,Level 4 and above,53,45,8,0,2,2,4
S01011641,All people aged 16 and over,406,398,8,0,0,1,7
S01011641,No qualifications,104,101,3,0,0,0,3
S01011641,Level 1,89,89,0,0,0,0,0
S01011641,Level 2,59,58,1,0,0,1,0
S01011641,Level 3,50,49,1,0,0,0,1
S01011641,Level 4 and above,104,101,3,0,0,0,3
S01011642,All people aged 16 and over,668,630,38,10,8,6,14
S01011642,No qualifications,175,162,13,8,1,2,2
S01011642,Level 1,159,150,9,2,3,0,4
S01011642,Level 2,114,110,4,0,2,0,2
S01011642,Level 3,82,78,4,0,0,0,4
S01011642,Level 4 and above,138,130,8,0,2,4,2
S01011643,All people aged 16 and over,464,443,21,1,8,3,9
S01011643,No qualifications,131,121,10,0,4,0,6
S01011643,Level 1,101,97,4,1,1,1,1
S01011643,Level 2,73,72,1,0,0,0,1
S01011643,Level 3,44,43,1,0,1,0,0
S01011643,Level 4 and above,115,110,5,0,2,2,1
S01011644,All people aged 16 and over,602,587,15,1,2,0,12
S01011644,No qualifications,208,204,4,0,0,0,4
S01011644,Level 1,139,134,5,1,0,0,4
S01011644,Level 2,78,75,3,0,1,0,2
S01011644,Level 3,59,58,1,0,0,0,1
S01011644,Level 4 and above,118,116,2,0,1,0,1
S01011645,All people aged 16 and over,452,446,6,0,4,0,2
S01011645,No qualifications,173,170,3,0,1,0,2
S01011645,Level 1,103,103,0,0,0,0,0
S01011645,Level 2,55,54,1,0,1,0,0
S01011645,Level 3,48,46,2,0,2,0,0
S01011645,Level 4 and above,73,73,0,0,0,0,0
S01011646,All people aged 16 and over,589,577,12,1,3,1,7
S01011646,No qualifications,141,140,1,0,0,0,1
S01011646,Level 1,117,113,4,1,1,0,2
S01011646,Level 2,101,100,1,0,0,0,1
S01011646,Level 3,66,64,2,0,0,0,2
S01011646,Level 4 and above,164,160,4,0,2,1,1
S01011647,All people aged 16 and over,701,686,15,1,1,4,9
S01011647,No qualifications,118,114,4,0,0,0,4
S01011647,Level 1,166,166,0,0,0,0,0
S01011647,Level 2,133,132,1,1,0,0,0
S01011647,Level 3,94,93,1,0,0,0,1
S01011647,Level 4 and above,190,181,9,0,1,4,4
S01011648,All people aged 16 and over,514,481,33,1,7,11,14
S01011648,No qualifications,104,89,15,1,1,3,10
S01011648,Level 1,132,122,10,0,3,5,2
S01011648,Level 2,77,77,0,0,0,0,0
S01011648,Level 3,56,54,2,0,2,0,0
S01011648,Level 4 and above,145,139,6,0,1,3,2
S01011649,All people aged 16 and over,395,371,24,3,10,6,5
S01011649,No qualifications,126,119,7,0,5,1,1
S01011649,Level 1,88,85,3,0,1,1,1
S01011649,Level 2,54,53,1,0,0,0,1
S01011649,Level 3,46,43,3,0,2,1,0
S01011649,Level 4 and above,81,71,10,3,2,3,2
S01011650,All people aged 16 and over,583,562,21,2,6,7,6
S01011650,No qualifications,153,148,5,0,0,1,4
S01011650,Level 1,112,106,6,1,4,1,0
S01011650,Level 2,74,74,0,0,0,0,0
S01011650,Level 3,74,73,1,0,0,1,0
S01011650,Level 4 and above,170,161,9,1,2,4,2
S01011651,All people aged 16 and over,772,746,26,6,9,6,5
S01011651,No qualifications,277,264,13,5,2,4,2
S01011651,Level 1,170,167,3,1,1,1,0
S01011651,Level 2,110,109,1,0,1,0,0
S01011651,Level 3,83,78,5,0,3,1,1
S01011651,Level 4 and above,132,128,4,0,2,0,2
S01011652,All people aged 16 and over,642,599,43,7,11,5,20
S01011652,No qualifications,150,144,6,1,1,1,3
S01011652,Level 1,141,133,8,1,3,2,2
S01011652,Level 2,114,107,7,0,0,0,7
S01011652,Level 3,62,61,1,0,1,0,0
S01011652,Level 4 and above,175,154,21,5,6,2,8
S01011653,All people aged 16 and over,719,705,14,2,3,3,6
S01011653,No qualifications,292,289,3,0,0,0,3
S01011653,Level 1,184,178,6,2,2,1,1
S01011653,Level 2,106,106,0,0,0,0,0
S01011653,Level 3,65,62,3,0,1,1,1
S01011653,Level 4 and above,72,70,2,0,0,1,1
S01011654,All people aged 16 and over,827,780,47,17,15,2,13
S01011654,No qualifications,330,317,13,1,5,0,7
S01011654,Level 1,144,140,4,1,1,1,1
S01011654,Level 2,99,94,5,3,1,0,1
S01011654,Level 3,80,74,6,3,3,0,0
S01011654,Level 4 and above,174,155,19,9,5,1,4
S01011655,All people aged 16 and over,718,695,23,1,12,5,5
S01011655,No qualifications,327,321,6,0,4,0,2
S01011655,Level 1,196,186,10,0,4,3,3
S01011655,Level 2,85,84,1,1,0,0,0
S01011655,Level 3,44,43,1,0,0,1,0
S01011655,Level 4 and above,66,61,5,0,4,1,0
S01011656,All people aged 16 and over,492,472,20,0,4,5,11
S01011656,No qualifications,214,212,2,0,1,1,0
S01011656,Level 1,153,143,10,0,2,3,5
S01011656,Level 2,48,47,1,0,0,0,1
S01011656,Level 3,39,37,2,0,1,0,1
S01011656,Level 4 and above,38,33,5,0,0,1,4
S01011657,All people aged 16 and over,426,400,26,2,14,4,6
S01011657,No qualifications,161,150,11,0,6,2,3
S01011657,Level 1,121,114,7,2,3,2,0
S01011657,Level 2,48,47,1,0,0,0,1
S01011657,Level 3,46,40,6,0,4,0,2
S01011657,Level 4 and above,50,49,1,0,1,0,0
S01011658,All people aged 16 and over,552,539,13,3,2,4,4
S01011658,No qualifications,252,248,4,0,1,0,3
S01011658,Level 1,150,147,3,1,1,1,0
S01011658,Level 2,68,67,1,1,0,0,0
S01011658,Level 3,48,47,1,1,0,0,0
S01011658,Level 4 and above,34,30,4,0,0,3,1
S01011659,All people aged 16 and over,660,643,17,1,8,2,6
S01011659,No qualifications,281,279,2,0,1,0,1
S01011659,Level 1,170,162,8,0,4,1,3
S01011659,Level 2,71,70,1,0,0,0,1
S01011659,Level 3,56,55,1,0,0,0,1
S01011659,Level 4 and above,82,77,5,1,3,1,0
S01011660,All people aged 16 and over,790,766,24,5,5,5,9
S01011660,No qualifications,245,241,4,1,1,1,1
S01011660,Level 1,172,165,7,2,1,0,4
S01011660,Level 2,147,145,2,0,2,0,0
S01011660,Level 3,88,87,1,0,1,0,0
S01011660,Level 4 and above,138,128,10,2,0,4,4
S01011661,All people aged 16 and over,434,428,6,0,3,0,3
S01011661,No qualifications,199,195,4,0,2,0,2
S01011661,Level 1,106,106,0,0,0,0,0
S01011661,Level 2,52,52,0,0,0,0,0
S01011661,Level 3,33,33,0,0,0,0,0
S01011661,Level 4 and above,44,42,2,0,1,0,1
S01011662,All people aged 16 and over,487,481,6,0,0,0,6
S01011662,No qualifications,96,95,1,0,0,0,1
S01011662,Level 1,134,132,2,0,0,0,2
S01011662,Level 2,82,81,1,0,0,0,1
S01011662,Level 3,59,59,0,0,0,0,0
S01011662,Level 4 and above,116,114,2,0,0,0,2
S01011663,All people aged 16 and over,753,692,61,12,22,20,7
S01011663,No qualifications,275,266,9,0,3,4,2
S01011663,Level 1,221,208,13,2,8,2,1
S01011663,Level 2,76,74,2,0,1,1,0
S01011663,Level 3,68,59,9,2,3,2,2
S01011663,Level 4 and above,113,85,28,8,7,11,2
S01011664,All people aged 16 and over,834,808,26,3,10,3,10
S01011664,No qualifications,437,432,5,0,0,0,5
S01011664,Level 1,201,188,13,3,7,0,3
S01011664,Level 2,66,66,0,0,0,0,0
S01011664,Level 3,54,52,2,0,0,1,1
S01011664,Level 4 and above,76,70,6,0,3,2,1
S01011665,All people aged 16 and over,718,696,22,3,7,4,8
S01011665,No qualifications,301,294,7,2,3,0,2
S01011665,Level 1,153,151,2,0,0,1,1
S01011665,Level 2,71,71,0,0,0,0,0
S01011665,Level 3,74,71,3,0,1,1,1
S01011665,Level 4 and above,119,109,10,1,3,2,4
S01011666,All people aged 16 and over,736,724,12,4,5,0,3
S01011666,No qualifications,359,357,2,2,0,0,0
S01011666,Level 1,158,158,0,0,0,0,0
S01011666,Level 2,81,80,1,0,0,0,1
S01011666,Level 3,52,50,2,0,1,0,1
S01011666,Level 4 and above,86,79,7,2,4,0,1
S01011667,All people aged 16 and over,681,643,38,11,9,8,10
S01011667,No qualifications,311,302,9,4,2,0,3
S01011667,Level 1,147,139,8,5,1,1,1
S01011667,Level 2,84,80,4,1,0,2,1
S01011667,Level 3,44,41,3,1,0,1,1
S01011667,Level 4 and above,95,81,14,0,6,4,4
S01011668,All people aged 16 and over,782,763,19,3,11,0,5
S01011668,No qualifications,351,348,3,1,0,0,2
S01011668,Level 1,224,217,7,2,3,0,2
S01011668,Level 2,59,58,1,0,1,0,0
S01011668,Level 3,62,61,1,0,1,0,0
S01011668,Level 4 and above,86,79,7,0,6,0,1
S01011669,All people aged 16 and over,560,539,21,0,0,5,16
S01011669,No qualifications,166,163,3,0,0,0,3
S01011669,Level 1,112,105,7,0,0,5,2
S01011669,Level 2,76,75,1,0,0,0,1
S01011669,Level 3,51,51,0,0,0,0,0
S01011669,Level 4 and above,155,145,10,0,0,0,10
S01011670,All people aged 16 and over,406,398,8,1,2,1,4
S01011670,No qualifications,156,152,4,0,1,1,2
S01011670,Level 1,134,131,3,1,1,0,1
S01011670,Level 2,31,31,0,0,0,0,0
S01011670,Level 3,39,39,0,0,0,0,0
S01011670,Level 4 and above,46,45,1,0,0,0,1
S01011671,All people aged 16 and over,589,573,16,4,5,5,2
S01011671,No qualifications,200,198,2,0,2,0,0
S01011671,Level 1,132,124,8,2,3,3,0
S01011671,Level 2,70,68,2,1,0,1,0
S01011671,Level 3,65,65,0,0,0,0,0
S01011671,Level 4 and above,122,118,4,1,0,1,2
S01011672,All people aged 16 and over,498,469,29,4,2,7,16
S01011672,No qualifications,182,179,3,0,0,0,3
S01011672,Level 1,120,112,8,3,0,3,2
S01011672,Level 2,60,57,3,1,1,1,0
S01011672,Level 3,48,43,5,0,0,1,4
S01011672,Level 4 and above,88,78,10,0,1,2,7
S01011673,All people aged 16 and over,537,517,20,6,7,2,5
S01011673,No qualifications,237,234,3,2,0,0,1
S01011673,Level 1,123,122,1,0,0,0,1
S01011673,Level 2,65,59,6,0,5,1,0
S01011673,Level 3,41,39,2,0,0,1,1
S01011673,Level 4 and above,71,63,8,4,2,0,2
S01011674,All people aged 16 and over,825,806,19,0,2,4,13
S01011674,No qualifications,266,262,4,0,0,1,3
S01011674,Level 1,222,222,0,0,0,0,0
S01011674,Level 2,94,89,5,0,0,1,4
S01011674,Level 3,97,93,4,0,0,1,3
S01011674,Level 4 and above,146,140,6,0,2,1,3
S01011675,All people aged 16 and over,750,739,11,0,1,3,7
S01011675,No qualifications,354,353,1,0,0,0,1
S01011675,Level 1,175,172,3,0,1,1,1
S01011675,Level 2,84,81,3,0,0,2,1
S01011675,Level 3,63,62,1,0,0,0,1
S01011675,Level 4 and above,74,71,3,0,0,0,3
S01011676,All people aged 16 and over,567,553,14,1,1,5,7
S01011676,No qualifications,257,253,4,0,0,1,3
S01011676,Level 1,147,144,3,0,0,1,2
S01011676,Level 2,61,60,1,0,0,1,0
S01011676,Level 3,56,54,2,0,0,1,1
S01011676,Level 4 and above,46,42,4,1,1,1,1
S01011677,All people aged 16 and over,463,452,11,2,1,4,4
S01011677,No qualifications,106,105,1,0,0,0,1
S01011677,Level 1,136,133,3,0,0,2,1
S01011677,Level 2,64,64,0,0,0,0,0
S01011677,Level 3,65,64,1,1,0,0,0
S01011677,Level 4 and above,92,86,6,1,1,2,2
S01011678,All people aged 16 and over,380,373,7,0,2,4,1
S01011678,No qualifications,182,182,0,0,0,0,0
S01011678,Level 1,92,90,2,0,1,0,1
S01011678,Level 2,37,37,0,0,0,0,0
S01011678,Level 3,22,22,0,0,0,0,0
S01011678,Level 4 and above,47,42,5,0,1,4,0
S01011679,All people aged 16 and over,417,401,16,0,3,9,4
S01011679,No qualifications,71,69,2,0,2,0,0
S01011679,Level 1,122,117,5,0,0,2,3
S01011679,Level 2,75,75,0,0,0,0,0
S01011679,Level 3,57,55,2,0,0,1,1
S01011679,Level 4 and above,92,85,7,0,1,6,0
S01011680,All people aged 16 and over,864,853,11,2,4,2,3
S01011680,No qualifications,391,387,4,0,3,0,1
S01011680,Level 1,246,245,1,0,0,1,0
S01011680,Level 2,66,66,0,0,0,0,0
S01011680,Level 3,85,82,3,0,0,1,2
S01011680,Level 4 and above,76,73,3,2,1,0,0
S01011681,All people aged 16 and over,667,655,12,2,6,0,4
S01011681,No qualifications,276,272,4,1,0,0,3
S01011681,Level 1,158,154,4,1,3,0,0
S01011681,Level 2,71,71,0,0,0,0,0
S01011681,Level 3,61,61,0,0,0,0,0
S01011681,Level 4 and above,101,97,4,0,3,0,1
S01011682,All people aged 16 and over,429,423,6,1,1,1,3
S01011682,No qualifications,174,173,1,0,0,0,1
S01011682,Level 1,91,89,2,0,0,1,1
S01011682,Level 2,45,45,0,0,0,0,0
S01011682,Level 3,45,44,1,0,0,0,1
S01011682,Level 4 and above,74,72,2,1,1,0,0
S01011683,All people aged 16 and over,613,598,15,2,5,4,4
S01011683,No qualifications,230,225,5,0,3,1,1
S01011683,Level 1,150,144,6,2,1,2,1
S01011683,Level 2,97,96,1,0,0,0,1
S01011683,Level 3,60,59,1,0,0,0,1
S01011683,Level 4 and above,76,74,2,0,1,1,0
S01011684,All people aged 16 and over,437,427,10,0,2,3,5
S01011684,No qualifications,176,172,4,0,0,1,3
S01011684,Level 1,105,103,2,0,1,1,0
S01011684,Level 2,48,47,1,0,0,1,0
S01011684,Level 3,43,43,0,0,0,0,0
S01011684,Level 4 and above,65,62,3,0,1,0,2
S01011685,All people aged 16 and over,602,588,14,0,1,3,10
S01011685,No qualifications,118,114,4,0,1,0,3
S01011685,Level 1,157,157,0,0,0,0,0
S01011685,Level 2,112,111,1,0,0,0,1
S01011685,Level 3,80,79,1,0,0,0,1
S01011685,Level 4 and above,135,127,8,0,0,3,5
S01011686,All people aged 16 and over,703,682,21,1,5,2,13
S01011686,No qualifications,140,134,6,0,1,1,4
S01011686,Level 1,180,174,6,1,3,0,2
S01011686,Level 2,120,117,3,0,0,0,3
S01011686,Level 3,78,77,1,0,0,0,1
S01011686,Level 4 and above,185,180,5,0,1,1,3
S01011687,All people aged 16 and over,702,697,5,1,0,1,3
S01011687,No qualifications,266,265,1,0,0,0,1
S01011687,Level 1,189,187,2,1,0,0,1
S01011687,Level 2,90,89,1,0,0,0,1
S01011687,Level 3,65,65,0,0,0,0,0
S01011687,Level 4 and above,92,91,1,0,0,1,0
S01011688,All people aged 16 and over,631,610,21,2,6,0,13
S01011688,No qualifications,156,153,3,0,0,0,3
S01011688,Level 1,168,163,5,0,2,0,3
S01011688,Level 2,97,91,6,0,2,0,4
S01011688,Level 3,80,78,2,0,0,0,2
S01011688,Level 4 and above,130,125,5,2,2,0,1
S01011689,All people aged 16 and over,538,516,22,0,6,1,15
S01011689,No qualifications,121,119,2,0,0,0,2
S01011689,Level 1,124,119,5,0,2,0,3
S01011689,Level 2,94,89,5,0,0,1,4
S01011689,Level 3,59,57,2,0,0,0,2
S01011689,Level 4 and above,140,132,8,0,4,0,4
S01011690,All people aged 16 and over,747,728,19,0,1,2,16
S01011690,No qualifications,185,179,6,0,0,0,6
S01011690,Level 1,195,188,7,0,0,2,5
S01011690,Level 2,122,122,0,0,0,0,0
S01011690,Level 3,89,88,1,0,0,0,1
S01011690,Level 4 and above,156,151,5,0,1,0,4
S01011691,All people aged 16 and over,456,436,20,0,0,5,15
S01011691,No qualifications,102,98,4,0,0,0,4
S01011691,Level 1,128,123,5,0,0,0,5
S01011691,Level 2,84,82,2,0,0,0,2
S01011691,Level 3,48,48,0,0,0,0,0
S01011691,Level 4 and above,94,85,9,0,0,5,4
S01011692,All people aged 16 and over,860,845,15,1,2,3,9
S01011692,No qualifications,374,372,2,0,0,0,2
S01011692,Level 1,211,203,8,0,2,2,4
S01011692,Level 2,113,112,1,0,0,0,1
S01011692,Level 3,84,83,1,0,0,0,1
S01011692,Level 4 and above,78,75,3,1,0,1,1
S01011693,All people aged 16 and over,664,635,29,5,2,3,19
S01011693,No qualifications,170,165,5,0,0,1,4
S01011693,Level 1,134,127,7,1,0,1,5
S01011693,Level 2,95,94,1,0,0,0,1
S01011693,Level 3,76,75,1,0,0,0,1
S01011693,Level 4 and above,189,174,15,4,2,1,8
S01011694,All people aged 16 and over,383,374,9,4,0,1,4
S01011694,No qualifications,72,71,1,0,0,0,1
S01011694,Level 1,91,89,2,1,0,0,1
S01011694,Level 2,54,53,1,0,0,0,1
S01011694,Level 3,49,48,1,0,0,0,1
S01011694,Level 4 and above,117,113,4,3,0,1,0
S01011695,All people aged 16 and over,689,679,10,0,3,1,6
S01011695,No qualifications,137,134,3,0,1,0,2
S01011695,Level 1,162,161,1,0,0,0,1
S01011695,Level 2,100,100,0,0,0,0,0
S01011695,Level 3,98,96,2,0,0,1,1
S01011695,Level 4 and above,192,188,4,0,2,0,2
S01011696,All people aged 16 and over,728,666,62,0,8,6,48
S01011696,No qualifications,66,49,17,0,2,0,15
S01011696,Level 1,147,132,15,0,3,1,11
S01011696,Level 2,105,102,3,0,0,0,3
S01011696,Level 3,95,89,6,0,0,1,5
S01011696,Level 4 and above,315,294,21,0,3,4,14
S01011697,All people aged 16 and over,757,725,32,0,3,3,26
S01011697,No qualifications,158,147,11,0,1,1,9
S01011697,Level 1,169,165,4,0,0,0,4
S01011697,Level 2,113,112,1,0,0,0,1
S01011697,Level 3,102,99,3,0,1,0,2
S01011697,Level 4 and above,215,202,13,0,1,2,10
S01011698,All people aged 16 and over,537,526,11,0,1,0,10
S01011698,No qualifications,206,199,7,0,0,0,7
S01011698,Level 1,136,134,2,0,0,0,2
S01011698,Level 2,74,74,0,0,0,0,0
S01011698,Level 3,52,52,0,0,0,0,0
S01011698,Level 4 and above,69,67,2,0,1,0,1
S01011699,All people aged 16 and over,764,740,24,0,2,7,15
S01011699,No qualifications,208,199,9,0,0,3,6
S01011699,Level 1,173,170,3,0,0,2,1
S01011699,Level 2,136,134,2,0,0,0,2
S01011699,Level 3,76,72,4,0,1,1,2
S01011699,Level 4 and above,171,165,6,0,1,1,4
S01011700,All people aged 16 and over,661,636,25,2,3,0,20
S01011700,No qualifications,218,204,14,0,2,0,12
S01011700,Level 1,131,128,3,0,0,0,3
S01011700,Level 2,111,110,1,0,0,0,1
S01011700,Level 3,79,78,1,0,0,0,1
S01011700,Level 4 and above,122,116,6,2,1,0,3
S01011701,All people aged 16 and over,822,786,36,0,2,10,24
S01011701,No qualifications,157,147,10,0,1,2,7
S01011701,Level 1,171,161,10,0,1,3,6
S01011701,Level 2,131,130,1,0,0,0,1
S01011701,Level 3,98,95,3,0,0,2,1
S01011701,Level 4 and above,265,253,12,0,0,3,9
S01011702,All people aged 16 and over,626,608,18,1,3,3,11
S01011702,No qualifications,184,181,3,0,0,0,3
S01011702,Level 1,131,128,3,0,1,0,2
S01011702,Level 2,80,78,2,0,0,2,0
S01011702,Level 3,67,66,1,0,0,0,1
S01011702,Level 4 and above,164,155,9,1,2,1,5
S01011703,All people aged 16 and over,502,473,29,0,4,3,22
S01011703,No qualifications,109,103,6,0,0,0,6
S01011703,Level 1,82,73,9,0,3,1,5
S01011703,Level 2,76,76,0,0,0,0,0
S01011703,Level 3,52,50,2,0,1,1,0
S01011703,Level 4 and above,183,171,12,0,0,1,11
S01011704,All people aged 16 and over,555,530,25,3,3,5,14
S01011704,No qualifications,97,94,3,1,0,0,2
S01011704,Level 1,122,116,6,1,0,2,3
S01011704,Level 2,83,79,4,1,0,0,3
S01011704,Level 3,71,67,4,0,2,0,2
S01011704,Level 4 and above,182,174,8,0,1,3,4
S01011705,All people aged 16 and over,602,587,15,0,0,3,12
S01011705,No qualifications,182,181,1,0,0,0,1
S01011705,Level 1,177,176,1,0,0,0,1
S01011705,Level 2,74,72,2,0,0,0,2
S01011705,Level 3,52,50,2,0,0,1,1
S01011705,Level 4 and above,117,108,9,0,0,2,7
S01011706,All people aged 16 and over,883,852,31,3,4,4,20
S01011706,No qualifications,328,318,10,0,0,0,10
S01011706,Level 1,164,163,1,0,0,0,1
S01011706,Level 2,135,134,1,0,0,0,1
S01011706,Level 3,84,82,2,0,0,0,2
S01011706,Level 4 and above,172,155,17,3,4,4,6
S01011707,All people aged 16 and over,584,571,13,1,1,2,9
S01011707,No qualifications,127,121,6,1,1,1,3
S01011707,Level 1,128,127,1,0,0,0,1
S01011707,Level 2,96,96,0,0,0,0,0
S01011707,Level 3,76,75,1,0,0,0,1
S01011707,Level 4 and above,157,152,5,0,0,1,4
S01011708,All people aged 16 and over,797,767,30,3,3,8,16
S01011708,No qualifications,291,280,11,1,0,3,7
S01011708,Level 1,171,168,3,0,0,1,2
S01011708,Level 2,120,113,7,2,1,1,3
S01011708,Level 3,81,79,2,0,0,0,2
S01011708,Level 4 and above,134,127,7,0,2,3,2
S01011709,All people aged 16 and over,782,748,34,1,2,5,26
S01011709,No qualifications,244,234,10,0,0,4,6
S01011709,Level 1,203,195,8,0,2,0,6
S01011709,Level 2,102,99,3,0,0,0,3
S01011709,Level 3,88,86,2,0,0,0,2
S01011709,Level 4 and above,145,134,11,1,0,1,9
S01011710,All people aged 16 and over,477,469,8,0,1,0,7
S01011710,No qualifications,191,189,2,0,1,0,1
S01011710,Level 1,161,159,2,0,0,0,2
S01011710,Level 2,51,49,2,0,0,0,2
S01011710,Level 3,39,38,1,0,0,0,1
S01011710,Level 4 and above,35,34,1,0,0,0,1
S01011711,All people aged 16 and over,551,545,6,0,0,0,6
S01011711,No qualifications,222,221,1,0,0,0,1
S01011711,Level 1,184,181,3,0,0,0,3
S01011711,Level 2,52,51,1,0,0,0,1
S01011711,Level 3,46,46,0,0,0,0,0
S01011711,Level 4 and above,47,46,1,0,0,0,1
S01011712,All people aged 16 and over,461,449,12,0,2,3,7
S01011712,No qualifications,153,151,2,0,0,0,2
S01011712,Level 1,122,121,1,0,1,0,0
S01011712,Level 2,63,61,2,0,1,0,1
S01011712,Level 3,39,39,0,0,0,0,0
S01011712,Level 4 and above,84,77,7,0,0,3,4
S01011713,All people aged 16 and over,759,740,19,0,4,2,13
S01011713,No qualifications,280,275,5,0,0,0,5
S01011713,Level 1,170,166,4,0,1,0,3
S01011713,Level 2,120,119,1,0,0,0,1
S01011713,Level 3,68,67,1,0,0,0,1
S01011713,Level 4 and above,121,113,8,0,3,2,3
S01011714,All people aged 16 and over,396,386,10,0,0,2,8
S01011714,No qualifications,64,64,0,0,0,0,0
S01011714,Level 1,106,104,2,0,0,1,1
S01011714,Level 2,75,73,2,0,0,0,2
S01011714,Level 3,56,53,3,0,0,0,3
S01011714,Level 4 and above,95,92,3,0,0,1,2
S01011715,All people aged 16 and over,493,489,4,0,0,0,4
S01011715,No qualifications,197,194,3,0,0,0,3
S01011715,Level 1,138,137,1,0,0,0,1
S01011715,Level 2,56,56,0,0,0,0,0
S01011715,Level 3,53,53,0,0,0,0,0
S01011715,Level 4 and above,49,49,0,0,0,0,0
S01011716,All people aged 16 and over,701,683,18,0,7,2,9
S01011716,No qualifications,124,118,6,0,2,0,4
S01011716,Level 1,201,199,2,0,2,0,0
S01011716,Level 2,127,125,2,0,0,0,2
S01011716,Level 3,82,80,2,0,0,1,1
S01011716,Level 4 and above,167,161,6,0,3,1,2
S01011717,All people aged 16 and over,615,602,13,0,0,2,11
S01011717,No qualifications,180,173,7,0,0,0,7
S01011717,Level 1,155,154,1,0,0,0,1
S01011717,Level 2,90,89,1,0,0,0,1
S01011717,Level 3,70,69,1,0,0,0,1
S01011717,Level 4 and above,120,117,3,0,0,2,1
S01011718,All people aged 16 and over,577,561,16,3,0,2,11
S01011718,No qualifications,75,73,2,2,0,0,0
S01011718,Level 1,134,127,7,1,0,1,5
S01011718,Level 2,104,103,1,0,0,0,1
S01011718,Level 3,77,76,1,0,0,1,0
S01011718,Level 4 and above,187,182,5,0,0,0,5
S01011719,All people aged 16 and over,529,504,25,8,4,9,4
S01011719,No qualifications,68,65,3,0,0,1,2
S01011719,Level 1,136,126,10,3,2,4,1
S01011719,Level 2,105,105,0,0,0,0,0
S01011719,Level 3,71,70,1,0,1,0,0
S01011719,Level 4 and above,149,138,11,5,1,4,1
S01011720,All people aged 16 and over,465,448,17,0,0,1,16
S01011720,No qualifications,95,93,2,0,0,0,2
S01011720,Level 1,106,103,3,0,0,0,3
S01011720,Level 2,83,82,1,0,0,0,1
S01011720,Level 3,70,68,2,0,0,0,2
S01011720,Level 4 and above,111,102,9,0,0,1,8
S01011721,All people aged 16 and over,586,579,7,0,0,0,7
S01011721,No qualifications,228,225,3,0,0,0,3
S01011721,Level 1,148,145,3,0,0,0,3
S01011721,Level 2,80,80,0,0,0,0,0
S01011721,Level 3,59,59,0,0,0,0,0
S01011721,Level 4 and above,71,70,1,0,0,0,1
S01011722,All people aged 16 and over,589,580,9,0,0,0,9
S01011722,No qualifications,217,216,1,0,0,0,1
S01011722,Level 1,153,150,3,0,0,0,3
S01011722,Level 2,79,76,3,0,0,0,3
S01011722,Level 3,55,55,0,0,0,0,0
S01011722,Level 4 and above,85,83,2,0,0,0,2
S01011723,All people aged 16 and over,767,755,12,0,2,1,9
S01011723,No qualifications,258,257,1,0,0,0,1
S01011723,Level 1,197,194,3,0,0,0,3
S01011723,Level 2,114,113,1,0,1,0,0
S01011723,Level 3,69,68,1,0,0,1,0
S01011723,Level 4 and above,129,123,6,0,1,0,5
S01011724,All people aged 16 and over,525,507,18,0,0,4,14
S01011724,No qualifications,79,77,2,0,0,0,2
S01011724,Level 1,159,154,5,0,0,2,3
S01011724,Level 2,93,92,1,0,0,0,1
S01011724,Level 3,78,76,2,0,0,1,1
S01011724,Level 4 and above,116,108,8,0,0,1,7
S01011725,All people aged 16 and over,498,478,20,2,2,0,16
S01011725,No qualifications,60,54,6,1,2,0,3
S01011725,Level 1,129,123,6,0,0,0,6
S01011725,Level 2,118,113,5,0,0,0,5
S01011725,Level 3,78,77,1,0,0,0,1
S01011725,Level 4 and above,113,111,2,1,0,0,1
S01011726,All people aged 16 and over,424,414,10,0,0,0,10
S01011726,No qualifications,69,68,1,0,0,0,1
S01011726,Level 1,105,104,1,0,0,0,1
S01011726,Level 2,74,74,0,0,0,0,0
S01011726,Level 3,72,70,2,0,0,0,2
S01011726,Level 4 and above,104,98,6,0,0,0,6
S01011727,All people aged 16 and over,558,537,21,1,2,1,17
S01011727,No qualifications,59,54,5,0,0,0,5
S01011727,Level 1,126,122,4,0,2,0,2
S01011727,Level 2,104,99,5,0,0,1,4
S01011727,Level 3,77,75,2,1,0,0,1
S01011727,Level 4 and above,192,187,5,0,0,0,5
S01011728,All people aged 16 and over,767,751,16,0,2,0,14
S01011728,No qualifications,231,228,3,0,0,0,3
S01011728,Level 1,220,216,4,0,0,0,4
S01011728,Level 2,116,114,2,0,0,0,2
S01011728,Level 3,92,89,3,0,1,0,2
S01011728,Level 4 and above,108,104,4,0,1,0,3
S01011729,All people aged 16 and over,562,549,13,2,1,2,8
S01011729,No qualifications,208,205,3,0,1,1,1
S01011729,Level 1,146,144,2,0,0,0,2
S01011729,Level 2,71,71,0,0,0,0,0
S01011729,Level 3,59,55,4,0,0,1,3
S01011729,Level 4 and above,78,74,4,2,0,0,2
S01011730,All people aged 16 and over,782,769,13,2,1,1,9
S01011730,No qualifications,237,232,5,0,0,1,4
S01011730,Level 1,173,171,2,0,0,0,2
S01011730,Level 2,118,118,0,0,0,0,0
S01011730,Level 3,88,88,0,0,0,0,0
S01011730,Level 4 and above,166,160,6,2,1,0,3
S01011731,All people aged 16 and over,720,702,18,0,2,0,16
S01011731,No qualifications,273,262,11,0,0,0,11
S01011731,Level 1,164,161,3,0,2,0,1
S01011731,Level 2,106,106,0,0,0,0,0
S01011731,Level 3,84,83,1,0,0,0,1
S01011731,Level 4 and above,93,90,3,0,0,0,3
S01011732,All people aged 16 and over,680,661,19,2,3,2,12
S01011732,No qualifications,118,117,1,0,0,0,1
S01011732,Level 1,165,160,5,0,1,0,4
S01011732,Level 2,124,121,3,0,0,1,2
S01011732,Level 3,82,82,0,0,0,0,0
S01011732,Level 4 and above,191,181,10,2,2,1,5
S01011733,All people aged 16 and over,705,696,9,1,0,0,8
S01011733,No qualifications,215,214,1,0,0,0,1
S01011733,Level 1,196,195,1,0,0,0,1
S01011733,Level 2,97,96,1,0,0,0,1
S01011733,Level 3,79,76,3,1,0,0,2
S01011733,Level 4 and above,118,115,3,0,0,0,3
S01011734,All people aged 16 and over,646,630,16,2,4,1,9
S01011734,No qualifications,175,174,1,0,0,0,1
S01011734,Level 1,139,135,4,0,2,0,2
S01011734,Level 2,116,113,3,0,0,0,3
S01011734,Level 3,71,68,3,0,1,1,1
S01011734,Level 4 and above,145,140,5,2,1,0,2
S01011735,All people aged 16 and over,621,600,21,0,3,6,12
S01011735,No qualifications,108,103,5,0,0,0,5
S01011735,Level 1,158,153,5,0,0,3,2
S01011735,Level 2,112,109,3,0,0,2,1
S01011735,Level 3,76,75,1,0,0,0,1
S01011735,Level 4 and above,167,160,7,0,3,1,3
S01011736,All people aged 16 and over,578,559,19,1,2,9,7
S01011736,No qualifications,130,129,1,0,0,0,1
S01011736,Level 1,194,191,3,0,0,1,2
S01011736,Level 2,81,81,0,0,0,0,0
S01011736,Level 3,75,73,2,0,1,0,1
S01011736,Level 4 and above,98,85,13,1,1,8,3
S01011737,All people aged 16 and over,552,506,46,12,10,10,14
S01011737,No qualifications,169,163,6,0,0,1,5
S01011737,Level 1,154,145,9,2,1,2,4
S01011737,Level 2,81,78,3,1,1,0,1
S01011737,Level 3,56,52,4,0,3,1,0
S01011737,Level 4 and above,92,68,24,9,5,6,4
S01011738,All people aged 16 and over,851,779,72,18,22,11,21
S01011738,No qualifications,238,228,10,1,2,0,7
S01011738,Level 1,222,205,17,5,9,0,3
S01011738,Level 2,133,131,2,0,1,0,1
S01011738,Level 3,95,80,15,1,4,6,4
S01011738,Level 4 and above,163,135,28,11,6,5,6
S01011739,All people aged 16 and over,430,415,15,0,5,0,10
S01011739,No qualifications,158,155,3,0,0,0,3
S01011739,Level 1,124,120,4,0,2,0,2
S01011739,Level 2,59,59,0,0,0,0,0
S01011739,Level 3,37,33,4,0,3,0,1
S01011739,Level 4 and above,52,48,4,0,0,0,4
S01011740,All people aged 16 and over,602,557,45,7,9,2,27
S01011740,No qualifications,198,195,3,0,1,0,2
S01011740,Level 1,184,162,22,3,1,0,18
S01011740,Level 2,72,68,4,0,1,0,3
S01011740,Level 3,65,59,6,1,5,0,0
S01011740,Level 4 and above,83,73,10,3,1,2,4
S01011741,All people aged 16 and over,536,518,18,3,5,4,6
S01011741,No qualifications,175,170,5,1,1,1,2
S01011741,Level 1,163,154,9,1,2,3,3
S01011741,Level 2,79,79,0,0,0,0,0
S01011741,Level 3,68,68,0,0,0,0,0
S01011741,Level 4 and above,51,47,4,1,2,0,1
S01011742,All people aged 16 and over,614,598,16,0,0,3,13
S01011742,No qualifications,185,179,6,0,0,1,5
S01011742,Level 1,181,178,3,0,0,0,3
S01011742,Level 2,82,82,0,0,0,0,0
S01011742,Level 3,72,71,1,0,0,0,1
S01011742,Level 4 and above,94,88,6,0,0,2,4
S01011743,All people aged 16 and over,657,647,10,1,1,0,8
S01011743,No qualifications,162,161,1,0,0,0,1
S01011743,Level 1,203,200,3,1,1,0,1
S01011743,Level 2,99,94,5,0,0,0,5
S01011743,Level 3,79,78,1,0,0,0,1
S01011743,Level 4 and above,114,114,0,0,0,0,0
S01011744,All people aged 16 and over,715,687,28,2,5,3,18
S01011744,No qualifications,243,235,8,0,0,1,7
S01011744,Level 1,191,185,6,0,1,0,5
S01011744,Level 2,102,102,0,0,0,0,0
S01011744,Level 3,80,74,6,1,0,1,4
S01011744,Level 4 and above,99,91,8,1,4,1,2
S01011745,All people aged 16 and over,633,601,32,2,8,6,16
S01011745,No qualifications,295,286,9,0,1,0,8
S01011745,Level 1,137,127,10,1,6,1,2
S01011745,Level 2,69,68,1,1,0,0,0
S01011745,Level 3,55,50,5,0,0,4,1
S01011745,Level 4 and above,77,70,7,0,1,1,5
S01011746,All people aged 16 and over,412,391,21,8,4,3,6
S01011746,No qualifications,147,140,7,2,2,0,3
S01011746,Level 1,134,129,5,3,1,1,0
S01011746,Level 2,75,73,2,1,0,0,1
S01011746,Level 3,24,23,1,0,0,0,1
S01011746,Level 4 and above,32,26,6,2,1,2,1
S01011747,All people aged 16 and over,754,688,66,11,28,13,14
S01011747,No qualifications,274,260,14,1,10,2,1
S01011747,Level 1,231,211,20,2,10,2,6
S01011747,Level 2,101,94,7,0,2,2,3
S01011747,Level 3,76,70,6,0,3,2,1
S01011747,Level 4 and above,72,53,19,8,3,5,3
S01011748,All people aged 16 and over,647,605,42,10,9,8,15
S01011748,No qualifications,201,193,8,3,2,0,3
S01011748,Level 1,200,192,8,1,2,3,2
S01011748,Level 2,92,88,4,1,1,1,1
S01011748,Level 3,84,77,7,1,2,1,3
S01011748,Level 4 and above,70,55,15,4,2,3,6
S01011749,All people aged 16 and over,560,514,46,9,14,9,14
S01011749,No qualifications,158,144,14,2,3,3,6
S01011749,Level 1,198,184,14,4,4,3,3
S01011749,Level 2,78,77,1,0,1,0,0
S01011749,Level 3,59,56,3,1,1,0,1
S01011749,Level 4 and above,67,53,14,2,5,3,4
S01011750,All people aged 16 and over,709,683,26,4,13,4,5
S01011750,No qualifications,232,228,4,0,3,0,1
S01011750,Level 1,203,195,8,3,2,2,1
S01011750,Level 2,97,95,2,0,2,0,0
S01011750,Level 3,85,80,5,0,3,1,1
S01011750,Level 4 and above,92,85,7,1,3,1,2
S01011751,All people aged 16 and over,780,711,69,4,31,10,24
S01011751,No qualifications,215,194,21,0,11,1,9
S01011751,Level 1,259,247,12,2,6,1,3
S01011751,Level 2,108,103,5,0,1,1,3
S01011751,Level 3,98,91,7,0,2,4,1
S01011751,Level 4 and above,100,76,24,2,11,3,8
S01011752,All people aged 16 and over,750,716,34,1,9,7,17
S01011752,No qualifications,199,188,11,0,4,1,6
S01011752,Level 1,205,201,4,1,1,0,2
S01011752,Level 2,129,126,3,0,1,0,2
S01011752,Level 3,98,95,3,0,0,0,3
S01011752,Level 4 and above,119,106,13,0,3,6,4
S01011753,All people aged 16 and over,660,635,25,0,5,5,15
S01011753,No qualifications,114,112,2,0,0,0,2
S01011753,Level 1,158,155,3,0,2,0,1
S01011753,Level 2,96,95,1,0,0,0,1
S01011753,Level 3,82,81,1,0,0,0,1
S01011753,Level 4 and above,210,192,18,0,3,5,10
S01011754,All people aged 16 and over,619,595,24,1,3,5,15
S01011754,No qualifications,192,186,6,0,2,2,2
S01011754,Level 1,146,140,6,0,1,2,3
S01011754,Level 2,107,105,2,0,0,0,2
S01011754,Level 3,86,82,4,0,0,1,3
S01011754,Level 4 and above,88,82,6,1,0,0,5
S01011755,All people aged 16 and over,761,743,18,2,8,1,7
S01011755,No qualifications,161,158,3,0,2,0,1
S01011755,Level 1,232,230,2,1,1,0,0
S01011755,Level 2,139,133,6,0,4,0,2
S01011755,Level 3,118,116,2,0,0,0,2
S01011755,Level 4 and above,111,106,5,1,1,1,2
S01011756,All people aged 16 and over,783,759,24,1,3,3,17
S01011756,No qualifications,187,181,6,0,0,0,6
S01011756,Level 1,234,226,8,1,3,0,4
S01011756,Level 2,145,140,5,0,0,1,4
S01011756,Level 3,112,109,3,0,0,1,2
S01011756,Level 4 and above,105,103,2,0,0,1,1
S01011757,All people aged 16 and over,573,559,14,0,7,0,7
S01011757,No qualifications,187,185,2,0,0,0,2
S01011757,Level 1,163,161,2,0,1,0,1
S01011757,Level 2,95,93,2,0,1,0,1
S01011757,Level 3,72,70,2,0,1,0,1
S01011757,Level 4 and above,56,50,6,0,4,0,2
S01011758,All people aged 16 and over,498,489,9,0,0,2,7
S01011758,No qualifications,143,141,2,0,0,0,2
S01011758,Level 1,153,151,2,0,0,1,1
S01011758,Level 2,74,73,1,0,0,0,1
S01011758,Level 3,57,57,0,0,0,0,0
S01011758,Level 4 and above,71,67,4,0,0,1,3
S01011759,All people aged 16 and over,670,662,8,0,0,2,6
S01011759,No qualifications,243,239,4,0,0,0,4
S01011759,Level 1,175,174,1,0,0,1,0
S01011759,Level 2,96,94,2,0,0,0,2
S01011759,Level 3,86,86,0,0,0,0,0
S01011759,Level 4 and above,70,69,1,0,0,1,0
S01011760,All people aged 16 and over,729,708,21,4,4,1,12
S01011760,No qualifications,196,190,6,0,0,0,6
S01011760,Level 1,224,221,3,0,1,0,2
S01011760,Level 2,113,112,1,0,0,0,1
S01011760,Level 3,97,94,3,0,0,1,2
S01011760,Level 4 and above,99,91,8,4,3,0,1
S01011761,All people aged 16 and over,507,491,16,1,2,1,12
S01011761,No qualifications,123,120,3,0,0,0,3
S01011761,Level 1,147,146,1,0,1,0,0
S01011761,Level 2,79,77,2,0,0,0,2
S01011761,Level 3,64,61,3,0,0,0,3
S01011761,Level 4 and above,94,87,7,1,1,1,4
S01011762,All people aged 16 and over,532,521,11,0,2,2,7
S01011762,No qualifications,145,143,2,0,0,0,2
S01011762,Level 1,176,171,5,0,1,0,4
S01011762,Level 2,86,85,1,0,0,0,1
S01011762,Level 3,60,58,2,0,1,1,0
S01011762,Level 4 and above,65,64,1,0,0,1,0
S01011763,All people aged 16 and over,653,648,5,0,0,0,5
S01011763,No qualifications,196,195,1,0,0,0,1
S01011763,Level 1,201,200,1,0,0,0,1
S01011763,Level 2,79,77,2,0,0,0,2
S01011763,Level 3,86,86,0,0,0,0,0
S01011763,Level 4 and above,91,90,1,0,0,0,1
S01011764,All people aged 16 and over,332,316,16,0,1,3,12
S01011764,No qualifications,82,78,4,0,0,3,1
S01011764,Level 1,113,113,0,0,0,0,0
S01011764,Level 2,58,55,3,0,0,0,3
S01011764,Level 3,40,34,6,0,1,0,5
S01011764,Level 4 and above,39,36,3,0,0,0,3
S01011765,All people aged 16 and over,818,801,17,3,1,2,11
S01011765,No qualifications,116,112,4,0,0,0,4
S01011765,Level 1,222,219,3,3,0,0,0
S01011765,Level 2,176,175,1,0,0,0,1
S01011765,Level 3,101,97,4,0,0,2,2
S01011765,Level 4 and above,203,198,5,0,1,0,4
S01011766,All people aged 16 and over,416,396,20,3,2,2,13
S01011766,No qualifications,98,91,7,0,0,0,7
S01011766,Level 1,106,104,2,0,0,0,2
S01011766,Level 2,63,61,2,1,0,0,1
S01011766,Level 3,61,57,4,1,2,0,1
S01011766,Level 4 and above,88,83,5,1,0,2,2
S01011767,All people aged 16 and over,744,731,13,1,3,1,8
S01011767,No qualifications,261,257,4,0,0,0,4
S01011767,Level 1,200,197,3,1,1,0,1
S01011767,Level 2,98,98,0,0,0,0,0
S01011767,Level 3,74,72,2,0,0,0,2
S01011767,Level 4 and above,111,107,4,0,2,1,1
S01011768,All people aged 16 and over,591,561,30,0,5,5,20
S01011768,No qualifications,184,178,6,0,0,0,6
S01011768,Level 1,179,171,8,0,0,0,8
S01011768,Level 2,59,57,2,0,0,1,1
S01011768,Level 3,85,82,3,0,1,0,2
S01011768,Level 4 and above,84,73,11,0,4,4,3
S01011769,All people aged 16 and over,554,538,16,0,6,5,5
S01011769,No qualifications,201,197,4,0,0,2,2
S01011769,Level 1,166,165,1,0,0,0,1
S01011769,Level 2,58,57,1,0,0,0,1
S01011769,Level 3,55,50,5,0,4,0,1
S01011769,Level 4 and above,74,69,5,0,2,3,0
S01011770,All people aged 16 and over,680,654,26,0,2,5,19
S01011770,No qualifications,219,210,9,0,0,1,8
S01011770,Level 1,189,182,7,0,2,0,5
S01011770,Level 2,88,85,3,0,0,1,2
S01011770,Level 3,71,71,0,0,0,0,0
S01011770,Level 4 and above,113,106,7,0,0,3,4
S01011771,All people aged 16 and over,531,511,20,1,1,3,15
S01011771,No qualifications,71,65,6,0,1,1,4
S01011771,Level 1,134,128,6,0,0,2,4
S01011771,Level 2,107,107,0,0,0,0,0
S01011771,Level 3,70,68,2,1,0,0,1
S01011771,Level 4 and above,149,143,6,0,0,0,6
S01011772,All people aged 16 and over,886,830,56,2,2,3,49
S01011772,No qualifications,149,126,23,0,0,1,22
S01011772,Level 1,152,144,8,1,0,1,6
S01011772,Level 2,171,167,4,0,0,0,4
S01011772,Level 3,117,111,6,0,1,0,5
S01011772,Level 4 and above,297,282,15,1,1,1,12
S01011773,All people aged 16 and over,447,428,19,1,1,2,15
S01011773,No qualifications,41,37,4,0,0,0,4
S01011773,Level 1,113,109,4,0,0,0,4
S01011773,Level 2,98,98,0,0,0,0,0
S01011773,Level 3,57,54,3,1,1,0,1
S01011773,Level 4 and above,138,130,8,0,0,2,6
S01011774,All people aged 16 and over,692,669,23,0,3,2,18
S01011774,No qualifications,104,100,4,0,0,0,4
S01011774,Level 1,180,171,9,0,2,0,7
S01011774,Level 2,124,123,1,0,0,0,1
S01011774,Level 3,99,98,1,0,1,0,0
S01011774,Level 4 and above,185,177,8,0,0,2,6
S01011775,All people aged 16 and over,480,460,20,0,2,2,16
S01011775,No qualifications,46,39,7,0,0,0,7
S01011775,Level 1,119,115,4,0,1,0,3
S01011775,Level 2,97,96,1,0,0,0,1
S01011775,Level 3,55,55,0,0,0,0,0
S01011775,Level 4 and above,163,155,8,0,1,2,5
S01011776,All people aged 16 and over,789,740,49,6,1,8,34
S01011776,No qualifications,129,118,11,2,1,0,8
S01011776,Level 1,160,152,8,0,0,1,7
S01011776,Level 2,125,123,2,0,0,0,2
S01011776,Level 3,84,83,1,0,0,0,1
S01011776,Level 4 and above,291,264,27,4,0,7,16
S01011777,All people aged 16 and over,477,462,15,0,1,3,11
S01011777,No qualifications,76,75,1,0,0,0,1
S01011777,Level 1,95,92,3,0,0,1,2
S01011777,Level 2,74,73,1,0,0,0,1
S01011777,Level 3,66,66,0,0,0,0,0
S01011777,Level 4 and above,166,156,10,0,1,2,7
S01011778,All people aged 16 and over,493,482,11,1,0,3,7
S01011778,No qualifications,68,68,0,0,0,0,0
S01011778,Level 1,97,95,2,0,0,0,2
S01011778,Level 2,117,116,1,0,0,0,1
S01011778,Level 3,68,66,2,0,0,1,1
S01011778,Level 4 and above,143,137,6,1,0,2,3
S01011779,All people aged 16 and over,640,624,16,1,2,4,9
S01011779,No qualifications,123,121,2,0,0,1,1
S01011779,Level 1,134,131,3,0,0,0,3
S01011779,Level 2,96,94,2,0,0,1,1
S01011779,Level 3,94,92,2,0,1,1,0
S01011779,Level 4 and above,193,186,7,1,1,1,4
S01011780,All people aged 16 and over,728,701,27,2,2,2,21
S01011780,No qualifications,126,115,11,1,0,1,9
S01011780,Level 1,130,128,2,0,0,0,2
S01011780,Level 2,134,131,3,0,0,0,3
S01011780,Level 3,91,88,3,0,1,0,2
S01011780,Level 4 and above,247,239,8,1,1,1,5
S01011781,All people aged 16 and over,459,452,7,1,2,0,4
S01011781,No qualifications,78,77,1,0,0,0,1
S01011781,Level 1,120,119,1,0,0,0,1
S01011781,Level 2,87,86,1,0,0,0,1
S01011781,Level 3,59,57,2,0,2,0,0
S01011781,Level 4 and above,115,113,2,1,0,0,1
S01011782,All people aged 16 and over,582,564,18,1,1,1,15
S01011782,No qualifications,106,100,6,0,0,1,5
S01011782,Level 1,125,120,5,1,0,0,4
S01011782,Level 2,97,97,0,0,0,0,0
S01011782,Level 3,81,75,6,0,1,0,5
S01011782,Level 4 and above,173,172,1,0,0,0,1
S01011783,All people aged 16 and over,486,467,19,0,0,3,16
S01011783,No qualifications,91,89,2,0,0,0,2
S01011783,Level 1,109,105,4,0,0,0,4
S01011783,Level 2,88,86,2,0,0,0,2
S01011783,Level 3,54,54,0,0,0,0,0
S01011783,Level 4 and above,144,133,11,0,0,3,8
S01011784,All people aged 16 and over,660,650,10,0,1,0,9
S01011784,No qualifications,218,215,3,0,0,0,3
S01011784,Level 1,180,179,1,0,0,0,1
S01011784,Level 2,103,103,0,0,0,0,0
S01011784,Level 3,78,75,3,0,1,0,2
S01011784,Level 4 and above,81,78,3,0,0,0,3
S01011785,All people aged 16 and over,711,688,23,1,0,3,19
S01011785,No qualifications,236,230,6,0,0,0,6
S01011785,Level 1,168,165,3,0,0,1,2
S01011785,Level 2,110,109,1,0,0,0,1
S01011785,Level 3,90,88,2,0,0,0,2
S01011785,Level 4 and above,107,96,11,1,0,2,8
S01011786,All people aged 16 and over,296,284,12,1,0,1,10
S01011786,No qualifications,38,32,6,1,0,1,4
S01011786,Level 1,66,64,2,0,0,0,2
S01011786,Level 2,49,48,1,0,0,0,1
S01011786,Level 3,37,37,0,0,0,0,0
S01011786,Level 4 and above,106,103,3,0,0,0,3
S01011787,All people aged 16 and over,822,808,14,1,2,1,10
S01011787,No qualifications,333,326,7,1,0,0,6
S01011787,Level 1,214,212,2,0,1,0,1
S01011787,Level 2,109,107,2,0,0,0,2
S01011787,Level 3,80,79,1,0,1,0,0
S01011787,Level 4 and above,86,84,2,0,0,1,1
S01011788,All people aged 16 and over,513,471,42,0,3,3,36
S01011788,No qualifications,54,40,14,0,0,1,13
S01011788,Level 1,92,82,10,0,1,1,8
S01011788,Level 2,82,79,3,0,0,0,3
S01011788,Level 3,57,53,4,0,0,0,4
S01011788,Level 4 and above,228,217,11,0,2,1,8
S01011789,All people aged 16 and over,550,535,15,0,1,4,10
S01011789,No qualifications,158,155,3,0,0,1,2
S01011789,Level 1,134,131,3,0,1,0,2
S01011789,Level 2,78,77,1,0,0,1,0
S01011789,Level 3,56,56,0,0,0,0,0
S01011789,Level 4 and above,124,116,8,0,0,2,6
S01011790,All people aged 16 and over,778,756,22,0,2,5,15
S01011790,No qualifications,233,227,6,0,0,0,6
S01011790,Level 1,243,237,6,0,1,2,3
S01011790,Level 2,96,95,1,0,0,1,0
S01011790,Level 3,80,77,3,0,0,0,3
S01011790,Level 4 and above,126,120,6,0,1,2,3
S01011791,All people aged 16 and over,610,594,16,0,4,0,12
S01011791,No qualifications,219,213,6,0,0,0,6
S01011791,Level 1,174,172,2,0,0,0,2
S01011791,Level 2,77,77,0,0,0,0,0
S01011791,Level 3,62,60,2,0,1,0,1
S01011791,Level 4 and above,78,72,6,0,3,0,3
S01011792,All people aged 16 and over,784,763,21,3,5,2,11
S01011792,No qualifications,314,307,7,1,0,0,6
S01011792,Level 1,176,172,4,1,1,1,1
S01011792,Level 2,67,67,0,0,0,0,0
S01011792,Level 3,71,66,5,0,2,0,3
S01011792,Level 4 and above,156,151,5,1,2,1,1
S01011793,All people aged 16 and over,611,602,9,1,1,0,7
S01011793,No qualifications,178,178,0,0,0,0,0
S01011793,Level 1,148,147,1,0,0,0,1
S01011793,Level 2,73,72,1,0,0,0,1
S01011793,Level 3,62,62,0,0,0,0,0
S01011793,Level 4 and above,150,143,7,1,1,0,5
S01011794,All people aged 16 and over,709,692,17,0,1,1,15
S01011794,No qualifications,228,224,4,0,0,0,4
S01011794,Level 1,249,245,4,0,0,0,4
S01011794,Level 2,80,80,0,0,0,0,0
S01011794,Level 3,64,59,5,0,0,1,4
S01011794,Level 4 and above,88,84,4,0,1,0,3
S01011795,All people aged 16 and over,515,503,12,0,2,2,8
S01011795,No qualifications,195,192,3,0,0,0,3
S01011795,Level 1,148,148,0,0,0,0,0
S01011795,Level 2,58,56,2,0,0,1,1
S01011795,Level 3,50,46,4,0,0,1,3
S01011795,Level 4 and above,64,61,3,0,2,0,1
S01011796,All people aged 16 and over,599,587,12,2,5,0,5
S01011796,No qualifications,213,210,3,0,2,0,1
S01011796,Level 1,176,174,2,1,1,0,0
S01011796,Level 2,70,69,1,0,0,0,1
S01011796,Level 3,58,57,1,1,0,0,0
S01011796,Level 4 and above,82,77,5,0,2,0,3
S01011797,All people aged 16 and over,865,843,22,1,1,1,19
S01011797,No qualifications,160,153,7,1,1,1,4
S01011797,Level 1,225,224,1,0,0,0,1
S01011797,Level 2,180,178,2,0,0,0,2
S01011797,Level 3,106,103,3,0,0,0,3
S01011797,Level 4 and above,194,185,9,0,0,0,9
S01011798,All people aged 16 and over,453,444,9,0,1,1,7
S01011798,No qualifications,165,162,3,0,0,0,3
S01011798,Level 1,134,132,2,0,0,0,2
S01011798,Level 2,53,52,1,0,0,0,1
S01011798,Level 3,42,41,1,0,0,1,0
S01011798,Level 4 and above,59,57,2,0,1,0,1
S01011799,All people aged 16 and over,757,749,8,0,0,1,7
S01011799,No qualifications,198,195,3,0,0,0,3
S01011799,Level 1,217,215,2,0,0,0,2
S01011799,Level 2,102,101,1,0,0,0,1
S01011799,Level 3,86,85,1,0,0,0,1
S01011799,Level 4 and above,154,153,1,0,0,1,0
S01011800,All people aged 16 and over,425,418,7,1,0,1,5
S01011800,No qualifications,152,152,0,0,0,0,0
S01011800,Level 1,135,133,2,0,0,0,2
S01011800,Level 2,52,50,2,0,0,0,2
S01011800,Level 3,40,40,0,0,0,0,0
S01011800,Level 4 and above,46,43,3,1,0,1,1
S01011801,All people aged 16 and over,456,439,17,1,3,1,12
S01011801,No qualifications,147,140,7,1,0,0,6
S01011801,Level 1,145,142,3,0,2,0,1
S01011801,Level 2,57,55,2,0,0,0,2
S01011801,Level 3,49,47,2,0,1,0,1
S01011801,Level 4 and above,58,55,3,0,0,1,2
S01011802,All people aged 16 and over,582,572,10,0,0,0,10
S01011802,No qualifications,222,220,2,0,0,0,2
S01011802,Level 1,170,166,4,0,0,0,4
S01011802,Level 2,79,78,1,0,0,0,1
S01011802,Level 3,50,49,1,0,0,0,1
S01011802,Level 4 and above,61,59,2,0,0,0,2
S01011803,All people aged 16 and over,465,457,8,1,0,4,3
S01011803,No qualifications,169,167,2,0,0,1,1
S01011803,Level 1,125,123,2,1,0,0,1
S01011803,Level 2,51,51,0,0,0,0,0
S01011803,Level 3,49,49,0,0,0,0,0
S01011803,Level 4 and above,71,67,4,0,0,3,1
S01011804,All people aged 16 and over,631,608,23,7,4,1,11
S01011804,No qualifications,207,203,4,1,0,0,3
S01011804,Level 1,120,116,4,2,1,0,1
S01011804,Level 2,77,76,1,1,0,0,0
S01011804,Level 3,49,48,1,0,0,0,1
S01011804,Level 4 and above,178,165,13,3,3,1,6
S01011805,All people aged 16 and over,469,428,41,8,10,8,15
S01011805,No qualifications,109,108,1,0,1,0,0
S01011805,Level 1,82,80,2,0,1,0,1
S01011805,Level 2,64,56,8,0,1,4,3
S01011805,Level 3,42,40,2,1,0,1,0
S01011805,Level 4 and above,172,144,28,7,7,3,11
S01011806,All people aged 16 and over,627,600,27,3,4,3,17
S01011806,No qualifications,169,166,3,1,0,0,2
S01011806,Level 1,128,123,5,0,0,2,3
S01011806,Level 2,105,103,2,0,1,0,1
S01011806,Level 3,54,50,4,0,0,0,4
S01011806,Level 4 and above,171,158,13,2,3,1,7
S01011807,All people aged 16 and over,914,883,31,1,5,4,21
S01011807,No qualifications,255,252,3,0,1,0,2
S01011807,Level 1,206,200,6,1,3,1,1
S01011807,Level 2,120,118,2,0,0,0,2
S01011807,Level 3,47,47,0,0,0,0,0
S01011807,Level 4 and above,286,266,20,0,1,3,16
S01011808,All people aged 16 and over,521,510,11,1,4,1,5
S01011808,No qualifications,134,131,3,0,0,0,3
S01011808,Level 1,122,120,2,0,1,1,0
S01011808,Level 2,93,93,0,0,0,0,0
S01011808,Level 3,32,28,4,1,2,0,1
S01011808,Level 4 and above,140,138,2,0,1,0,1
S01011809,All people aged 16 and over,595,570,25,1,2,2,20
S01011809,No qualifications,148,141,7,0,1,0,6
S01011809,Level 1,123,122,1,0,0,0,1
S01011809,Level 2,86,83,3,1,0,0,2
S01011809,Level 3,41,40,1,0,0,0,1
S01011809,Level 4 and above,197,184,13,0,1,2,10
S01011810,All people aged 16 and over,785,765,20,2,1,3,14
S01011810,No qualifications,241,237,4,1,0,0,3
S01011810,Level 1,176,173,3,0,0,2,1
S01011810,Level 2,108,107,1,0,0,0,1
S01011810,Level 3,65,62,3,1,0,1,1
S01011810,Level 4 and above,195,186,9,0,1,0,8
S01011811,All people aged 16 and over,851,822,29,4,3,3,19
S01011811,No qualifications,224,223,1,0,0,0,1
S01011811,Level 1,189,185,4,2,1,1,0
S01011811,Level 2,136,135,1,0,0,0,1
S01011811,Level 3,76,72,4,0,0,1,3
S01011811,Level 4 and above,226,207,19,2,2,1,14
S01011812,All people aged 16 and over,545,531,14,1,0,0,13
S01011812,No qualifications,113,112,1,0,0,0,1
S01011812,Level 1,123,121,2,0,0,0,2
S01011812,Level 2,74,73,1,0,0,0,1
S01011812,Level 3,40,40,0,0,0,0,0
S01011812,Level 4 and above,195,185,10,1,0,0,9
S01011813,All people aged 16 and over,625,610,15,0,3,2,10
S01011813,No qualifications,158,158,0,0,0,0,0
S01011813,Level 1,152,151,1,0,0,0,1
S01011813,Level 2,106,105,1,0,0,0,1
S01011813,Level 3,61,60,1,0,1,0,0
S01011813,Level 4 and above,148,136,12,0,2,2,8
S01011814,All people aged 16 and over,575,557,18,3,0,3,12
S01011814,No qualifications,137,134,3,0,0,2,1
S01011814,Level 1,118,116,2,0,0,1,1
S01011814,Level 2,79,79,0,0,0,0,0
S01011814,Level 3,56,54,2,0,0,0,2
S01011814,Level 4 and above,185,174,11,3,0,0,8
S01011815,All people aged 16 and over,614,592,22,2,1,6,13
S01011815,No qualifications,134,128,6,1,0,1,4
S01011815,Level 1,147,142,5,0,0,2,3
S01011815,Level 2,99,98,1,1,0,0,0
S01011815,Level 3,62,60,2,0,0,0,2
S01011815,Level 4 and above,172,164,8,0,1,3,4
S01011816,All people aged 16 and over,530,522,8,0,1,1,6
S01011816,No qualifications,110,109,1,0,0,0,1
S01011816,Level 1,99,99,0,0,0,0,0
S01011816,Level 2,92,92,0,0,0,0,0
S01011816,Level 3,55,54,1,0,0,0,1
S01011816,Level 4 and above,174,168,6,0,1,1,4
S01011817,All people aged 16 and over,592,581,11,0,1,4,6
S01011817,No qualifications,133,131,2,0,0,0,2
S01011817,Level 1,152,151,1,0,0,0,1
S01011817,Level 2,109,107,2,0,0,2,0
S01011817,Level 3,47,45,2,0,0,1,1
S01011817,Level 4 and above,151,147,4,0,1,1,2
S01011818,All people aged 16 and over,894,874,20,2,3,2,13
S01011818,No qualifications,234,231,3,0,0,0,3
S01011818,Level 1,240,238,2,0,0,0,2
S01011818,Level 2,148,148,0,0,0,0,0
S01011818,Level 3,72,72,0,0,0,0,0
S01011818,Level 4 and above,200,185,15,2,3,2,8
S01011819,All people aged 16 and over,729,703,26,6,7,2,11
S01011819,No qualifications,257,250,7,1,2,0,4
S01011819,Level 1,181,176,5,1,3,0,1
S01011819,Level 2,115,114,1,0,0,0,1
S01011819,Level 3,53,50,3,1,0,0,2
S01011819,Level 4 and above,123,113,10,3,2,2,3
S01011820,All people aged 16 and over,640,623,17,1,7,1,8
S01011820,No qualifications,186,186,0,0,0,0,0
S01011820,Level 1,137,135,2,0,0,0,2
S01011820,Level 2,99,98,1,0,0,0,1
S01011820,Level 3,52,52,0,0,0,0,0
S01011820,Level 4 and above,166,152,14,1,7,1,5
S01011821,All people aged 16 and over,354,343,11,1,3,2,5
S01011821,No qualifications,85,84,1,0,0,1,0
S01011821,Level 1,110,108,2,1,0,0,1
S01011821,Level 2,57,56,1,0,0,0,1
S01011821,Level 3,28,25,3,0,0,1,2
S01011821,Level 4 and above,74,70,4,0,3,0,1
S01011822,All people aged 16 and over,615,585,30,4,10,8,8
S01011822,No qualifications,176,165,11,0,4,4,3
S01011822,Level 1,153,152,1,0,0,0,1
S01011822,Level 2,95,95,0,0,0,0,0
S01011822,Level 3,54,54,0,0,0,0,0
S01011822,Level 4 and above,137,119,18,4,6,4,4
S01011823,All people aged 16 and over,506,481,25,2,5,3,15
S01011823,No qualifications,148,142,6,0,2,1,3
S01011823,Level 1,112,108,4,0,1,0,3
S01011823,Level 2,85,80,5,0,1,0,4
S01011823,Level 3,46,46,0,0,0,0,0
S01011823,Level 4 and above,115,105,10,2,1,2,5
S01011824,All people aged 16 and over,553,538,15,0,5,2,8
S01011824,No qualifications,165,159,6,0,3,1,2
S01011824,Level 1,180,178,2,0,0,0,2
S01011824,Level 2,83,83,0,0,0,0,0
S01011824,Level 3,43,41,2,0,1,0,1
S01011824,Level 4 and above,82,77,5,0,1,1,3
S01011825,All people aged 16 and over,462,449,13,3,0,4,6
S01011825,No qualifications,139,137,2,0,0,0,2
S01011825,Level 1,105,102,3,0,0,2,1
S01011825,Level 2,70,70,0,0,0,0,0
S01011825,Level 3,44,43,1,0,0,0,1
S01011825,Level 4 and above,104,97,7,3,0,2,2
S01011826,All people aged 16 and over,550,517,33,8,7,5,13
S01011826,No qualifications,118,116,2,0,0,0,2
S01011826,Level 1,122,116,6,2,1,0,3
S01011826,Level 2,90,87,3,0,0,0,3
S01011826,Level 3,62,60,2,0,0,1,1
S01011826,Level 4 and above,158,138,20,6,6,4,4
S01011827,All people aged 16 and over,472,451,21,1,1,3,16
S01011827,No qualifications,182,181,1,0,0,0,1
S01011827,Level 1,73,69,4,0,0,0,4
S01011827,Level 2,51,47,4,0,1,0,3
S01011827,Level 3,38,33,5,0,0,1,4
S01011827,Level 4 and above,128,121,7,1,0,2,4
S01011828,All people aged 16 and over,764,745,19,3,1,3,12
S01011828,No qualifications,220,219,1,0,0,0,1
S01011828,Level 1,161,156,5,1,1,0,3
S01011828,Level 2,105,103,2,0,0,0,2
S01011828,Level 3,68,67,1,1,0,0,0
S01011828,Level 4 and above,210,200,10,1,0,3,6
S01011829,All people aged 16 and over,357,343,14,2,1,2,9
S01011829,No qualifications,100,98,2,0,0,0,2
S01011829,Level 1,63,62,1,1,0,0,0
S01011829,Level 2,47,45,2,1,0,0,1
S01011829,Level 3,38,35,3,0,0,1,2
S01011829,Level 4 and above,109,103,6,0,1,1,4
S01011830,All people aged 16 and over,480,446,34,7,0,3,24
S01011830,No qualifications,148,145,3,0,0,0,3
S01011830,Level 1,95,88,7,1,0,2,4
S01011830,Level 2,53,48,5,1,0,0,4
S01011830,Level 3,37,33,4,3,0,1,0
S01011830,Level 4 and above,147,132,15,2,0,0,13
S01011831,All people aged 16 and over,754,714,40,7,3,5,25
S01011831,No qualifications,280,277,3,0,1,0,2
S01011831,Level 1,154,145,9,3,2,0,4
S01011831,Level 2,78,76,2,0,0,1,1
S01011831,Level 3,41,38,3,1,0,0,2
S01011831,Level 4 and above,201,178,23,3,0,4,16
S01011832,All people aged 16 and over,719,690,29,1,8,7,13
S01011832,No qualifications,287,283,4,0,1,2,1
S01011832,Level 1,159,153,6,0,2,1,3
S01011832,Level 2,81,78,3,0,1,0,2
S01011832,Level 3,32,30,2,0,1,1,0
S01011832,Level 4 and above,160,146,14,1,3,3,7
S01011833,All people aged 16 and over,805,776,29,3,5,1,20
S01011833,No qualifications,126,125,1,0,0,0,1
S01011833,Level 1,127,121,6,0,1,0,5
S01011833,Level 2,133,131,2,0,0,0,2
S01011833,Level 3,88,87,1,0,0,0,1
S01011833,Level 4 and above,331,312,19,3,4,1,11
S01011834,All people aged 16 and over,376,363,13,1,0,4,8
S01011834,No qualifications,50,50,0,0,0,0,0
S01011834,Level 1,56,54,2,0,0,0,2
S01011834,Level 2,44,42,2,0,0,2,0
S01011834,Level 3,30,29,1,0,0,0,1
S01011834,Level 4 and above,196,188,8,1,0,2,5
S01011835,All people aged 16 and over,549,524,25,0,0,2,23
S01011835,No qualifications,71,71,0,0,0,0,0
S01011835,Level 1,101,96,5,0,0,1,4
S01011835,Level 2,70,69,1,0,0,0,1
S01011835,Level 3,55,53,2,0,0,0,2
S01011835,Level 4 and above,252,235,17,0,0,1,16
S01011836,All people aged 16 and over,661,634,27,1,2,2,22
S01011836,No qualifications,116,113,3,0,0,0,3
S01011836,Level 1,115,113,2,0,1,0,1
S01011836,Level 2,94,93,1,0,0,0,1
S01011836,Level 3,57,56,1,0,0,0,1
S01011836,Level 4 and above,279,259,20,1,1,2,16
S01011837,All people aged 16 and over,566,542,24,0,2,2,20
S01011837,No qualifications,96,92,4,0,1,0,3
S01011837,Level 1,100,99,1,0,0,0,1
S01011837,Level 2,82,80,2,0,0,0,2
S01011837,Level 3,59,59,0,0,0,0,0
S01011837,Level 4 and above,229,212,17,0,1,2,14
S01011838,All people aged 16 and over,693,650,43,7,7,4,25
S01011838,No qualifications,89,84,5,1,0,0,4
S01011838,Level 1,117,108,9,3,2,1,3
S01011838,Level 2,98,95,3,0,0,0,3
S01011838,Level 3,78,72,6,1,1,1,3
S01011838,Level 4 and above,311,291,20,2,4,2,12
S01011839,All people aged 16 and over,825,782,43,8,1,8,26
S01011839,No qualifications,137,127,10,0,0,2,8
S01011839,Level 1,174,169,5,2,0,0,3
S01011839,Level 2,135,130,5,0,0,1,4
S01011839,Level 3,89,83,6,1,0,1,4
S01011839,Level 4 and above,290,273,17,5,1,4,7
S01011840,All people aged 16 and over,788,744,44,2,5,8,29
S01011840,No qualifications,161,148,13,1,1,3,8
S01011840,Level 1,177,168,9,0,2,2,5
S01011840,Level 2,112,111,1,0,0,0,1
S01011840,Level 3,92,85,7,1,0,1,5
S01011840,Level 4 and above,246,232,14,0,2,2,10
S01011841,All people aged 16 and over,745,710,35,1,5,7,22
S01011841,No qualifications,176,166,10,0,0,0,10
S01011841,Level 1,171,168,3,0,0,0,3
S01011841,Level 2,69,68,1,0,0,0,1
S01011841,Level 3,81,79,2,1,0,0,1
S01011841,Level 4 and above,248,229,19,0,5,7,7
S01011842,All people aged 16 and over,791,758,33,1,1,1,30
S01011842,No qualifications,274,268,6,0,0,0,6
S01011842,Level 1,173,165,8,0,0,1,7
S01011842,Level 2,88,87,1,0,0,0,1
S01011842,Level 3,68,65,3,0,0,0,3
S01011842,Level 4 and above,188,173,15,1,1,0,13
S01011843,All people aged 16 and over,812,764,48,3,6,3,36
S01011843,No qualifications,138,137,1,0,0,0,1
S01011843,Level 1,166,156,10,1,2,0,7
S01011843,Level 2,99,91,8,1,0,0,7
S01011843,Level 3,69,65,4,0,0,1,3
S01011843,Level 4 and above,340,315,25,1,4,2,18
S01011844,All people aged 16 and over,611,584,27,1,0,5,21
S01011844,No qualifications,94,92,2,0,0,2,0
S01011844,Level 1,79,76,3,0,0,0,3
S01011844,Level 2,90,89,1,0,0,0,1
S01011844,Level 3,69,64,5,1,0,1,3
S01011844,Level 4 and above,279,263,16,0,0,2,14
S01011845,All people aged 16 and over,674,647,27,1,3,5,18
S01011845,No qualifications,160,153,7,0,2,2,3
S01011845,Level 1,135,130,5,1,0,1,3
S01011845,Level 2,107,107,0,0,0,0,0
S01011845,Level 3,72,69,3,0,1,0,2
S01011845,Level 4 and above,200,188,12,0,0,2,10
S01011846,All people aged 16 and over,724,685,39,1,3,2,33
S01011846,No qualifications,123,119,4,1,0,0,3
S01011846,Level 1,121,115,6,0,1,1,4
S01011846,Level 2,102,100,2,0,0,0,2
S01011846,Level 3,75,72,3,0,0,0,3
S01011846,Level 4 and above,303,279,24,0,2,1,21
S01011847,All people aged 16 and over,343,321,22,2,5,2,13
S01011847,No qualifications,41,35,6,2,1,2,1
S01011847,Level 1,57,54,3,0,1,0,2
S01011847,Level 2,54,51,3,0,1,0,2
S01011847,Level 3,25,25,0,0,0,0,0
S01011847,Level 4 and above,166,156,10,0,2,0,8
S01011848,All people aged 16 and over,588,553,35,6,2,2,25
S01011848,No qualifications,103,101,2,0,0,0,2
S01011848,Level 1,117,112,5,0,0,0,5
S01011848,Level 2,81,79,2,0,0,0,2
S01011848,Level 3,49,42,7,2,0,1,4
S01011848,Level 4 and above,238,219,19,4,2,1,12
S01011849,All people aged 16 and over,650,615,35,1,8,7,19
S01011849,No qualifications,148,145,3,0,1,0,2
S01011849,Level 1,139,131,8,0,1,1,6
S01011849,Level 2,92,89,3,0,0,0,3
S01011849,Level 3,63,59,4,0,1,1,2
S01011849,Level 4 and above,208,191,17,1,5,5,6
S01011850,All people aged 16 and over,583,532,51,15,8,6,22
S01011850,No qualifications,79,74,5,2,0,0,3
S01011850,Level 1,108,103,5,4,0,1,0
S01011850,Level 2,105,97,8,2,1,0,5
S01011850,Level 3,52,47,5,0,1,1,3
S01011850,Level 4 and above,239,211,28,7,6,4,11
S01011851,All people aged 16 and over,735,703,32,2,5,4,21
S01011851,No qualifications,158,155,3,0,0,1,2
S01011851,Level 1,172,168,4,1,2,0,1
S01011851,Level 2,111,107,4,1,1,0,2
S01011851,Level 3,65,62,3,0,1,0,2
S01011851,Level 4 and above,229,211,18,0,1,3,14
S01011852,All people aged 16 and over,847,782,65,12,25,8,20
S01011852,No qualifications,230,225,5,0,3,1,1
S01011852,Level 1,211,189,22,5,7,3,7
S01011852,Level 2,120,118,2,0,1,0,1
S01011852,Level 3,75,65,10,3,3,1,3
S01011852,Level 4 and above,211,185,26,4,11,3,8
S01011853,All people aged 16 and over,571,545,26,2,6,6,12
S01011853,No qualifications,91,87,4,0,0,1,3
S01011853,Level 1,142,130,12,0,4,5,3
S01011853,Level 2,89,86,3,0,1,0,2
S01011853,Level 3,69,68,1,0,0,0,1
S01011853,Level 4 and above,180,174,6,2,1,0,3
S01011854,All people aged 16 and over,712,642,70,22,15,11,22
S01011854,No qualifications,174,171,3,1,1,1,0
S01011854,Level 1,127,112,15,7,3,2,3
S01011854,Level 2,99,91,8,0,0,3,5
S01011854,Level 3,66,61,5,3,1,0,1
S01011854,Level 4 and above,246,207,39,11,10,5,13
S01011855,All people aged 16 and over,706,659,47,15,5,8,19
S01011855,No qualifications,226,221,5,1,0,0,4
S01011855,Level 1,180,173,7,1,1,1,4
S01011855,Level 2,111,106,5,2,0,1,2
S01011855,Level 3,54,48,6,3,0,1,2
S01011855,Level 4 and above,135,111,24,8,4,5,7
S01011856,All people aged 16 and over,597,571,26,2,1,3,20
S01011856,No qualifications,75,74,1,0,0,0,1
S01011856,Level 1,100,98,2,0,0,0,2
S01011856,Level 2,101,96,5,0,0,1,4
S01011856,Level 3,55,50,5,0,0,0,5
S01011856,Level 4 and above,266,253,13,2,1,2,8
S01011857,All people aged 16 and over,572,549,23,2,3,4,14
S01011857,No qualifications,129,127,2,0,1,0,1
S01011857,Level 1,123,117,6,1,1,2,2
S01011857,Level 2,83,81,2,1,0,0,1
S01011857,Level 3,49,48,1,0,1,0,0
S01011857,Level 4 and above,188,176,12,0,0,2,10
S01011858,All people aged 16 and over,753,714,39,2,1,4,32
S01011858,No qualifications,127,122,5,1,1,0,3
S01011858,Level 1,131,127,4,0,0,0,4
S01011858,Level 2,102,95,7,0,0,1,6
S01011858,Level 3,70,66,4,1,0,0,3
S01011858,Level 4 and above,323,304,19,0,0,3,16
S01011859,All people aged 16 and over,752,720,32,1,3,5,23
S01011859,No qualifications,218,214,4,0,0,0,4
S01011859,Level 1,177,170,7,0,2,1,4
S01011859,Level 2,72,68,4,0,0,2,2
S01011859,Level 3,58,56,2,0,0,0,2
S01011859,Level 4 and above,227,212,15,1,1,2,11
S01011860,All people aged 16 and over,529,419,110,69,10,13,18
S01011860,No qualifications,75,63,12,8,1,2,1
S01011860,Level 1,112,93,19,10,1,2,6
S01011860,Level 2,87,81,6,4,1,0,1
S01011860,Level 3,53,41,12,5,4,0,3
S01011860,Level 4 and above,202,141,61,42,3,9,7
S01011861,All people aged 16 and over,636,582,54,5,4,4,41
S01011861,No qualifications,123,119,4,1,0,0,3
S01011861,Level 1,137,121,16,3,1,4,8
S01011861,Level 2,83,75,8,0,1,0,7
S01011861,Level 3,48,44,4,0,0,0,4
S01011861,Level 4 and above,245,223,22,1,2,0,19
S01011862,All people aged 16 and over,827,758,69,14,3,8,44
S01011862,No qualifications,127,120,7,2,0,1,4
S01011862,Level 1,148,141,7,3,0,1,3
S01011862,Level 2,108,98,10,0,0,1,9
S01011862,Level 3,75,67,8,1,0,2,5
S01011862,Level 4 and above,369,332,37,8,3,3,23
S01011863,All people aged 16 and over,722,669,53,6,7,6,34
S01011863,No qualifications,124,113,11,1,1,2,7
S01011863,Level 1,146,138,8,1,2,1,4
S01011863,Level 2,93,89,4,0,1,0,3
S01011863,Level 3,55,51,4,0,0,1,3
S01011863,Level 4 and above,304,278,26,4,3,2,17
S01011864,All people aged 16 and over,612,579,33,2,2,4,25
S01011864,No qualifications,102,98,4,0,0,1,3
S01011864,Level 1,121,115,6,1,2,2,1
S01011864,Level 2,102,96,6,0,0,0,6
S01011864,Level 3,48,47,1,0,0,0,1
S01011864,Level 4 and above,239,223,16,1,0,1,14
S01011865,All people aged 16 and over,516,488,28,2,4,5,17
S01011865,No qualifications,122,120,2,0,0,0,2
S01011865,Level 1,138,132,6,1,1,3,1
S01011865,Level 2,78,76,2,0,0,0,2
S01011865,Level 3,47,47,0,0,0,0,0
S01011865,Level 4 and above,131,113,18,1,3,2,12
S01011866,All people aged 16 and over,636,588,48,5,9,19,15
S01011866,No qualifications,160,142,18,3,2,8,5
S01011866,Level 1,170,158,12,2,3,6,1
S01011866,Level 2,84,82,2,0,0,0,2
S01011866,Level 3,46,41,5,0,1,1,3
S01011866,Level 4 and above,176,165,11,0,3,4,4
S01011867,All people aged 16 and over,766,702,64,7,16,20,21
S01011867,No qualifications,239,227,12,0,4,1,7
S01011867,Level 1,202,178,24,3,5,11,5
S01011867,Level 2,127,122,5,0,1,1,3
S01011867,Level 3,62,52,10,2,2,3,3
S01011867,Level 4 and above,136,123,13,2,4,4,3
S01011868,All people aged 16 and over,717,652,65,8,16,13,28
S01011868,No qualifications,167,156,11,2,3,0,6
S01011868,Level 1,153,143,10,2,4,0,4
S01011868,Level 2,107,104,3,0,0,3,0
S01011868,Level 3,68,58,10,0,4,4,2
S01011868,Level 4 and above,222,191,31,4,5,6,16
S01011869,All people aged 16 and over,679,604,75,13,20,16,26
S01011869,No qualifications,144,136,8,2,3,0,3
S01011869,Level 1,172,156,16,4,7,2,3
S01011869,Level 2,84,80,4,0,0,2,2
S01011869,Level 3,72,67,5,3,0,0,2
S01011869,Level 4 and above,207,165,42,4,10,12,16
S01011870,All people aged 16 and over,565,525,40,7,10,4,19
S01011870,No qualifications,145,141,4,2,0,0,2
S01011870,Level 1,161,147,14,3,2,2,7
S01011870,Level 2,93,88,5,0,1,0,4
S01011870,Level 3,58,53,5,2,3,0,0
S01011870,Level 4 and above,108,96,12,0,4,2,6
S01011871,All people aged 16 and over,866,797,69,10,20,8,31
S01011871,No qualifications,155,148,7,0,1,4,2
S01011871,Level 1,180,171,9,3,3,1,2
S01011871,Level 2,147,135,12,0,4,0,8
S01011871,Level 3,91,86,5,0,1,1,3
S01011871,Level 4 and above,293,257,36,7,11,2,16
S01011872,All people aged 16 and over,723,686,37,0,3,11,23
S01011872,No qualifications,91,88,3,0,1,2,0
S01011872,Level 1,141,135,6,0,0,2,4
S01011872,Level 2,122,114,8,0,0,2,6
S01011872,Level 3,78,75,3,0,0,0,3
S01011872,Level 4 and above,291,274,17,0,2,5,10
S01011873,All people aged 16 and over,646,610,36,5,5,4,22
S01011873,No qualifications,99,96,3,1,0,1,1
S01011873,Level 1,137,129,8,2,2,0,4
S01011873,Level 2,97,96,1,0,0,1,0
S01011873,Level 3,91,87,4,0,2,0,2
S01011873,Level 4 and above,222,202,20,2,1,2,15
S01011874,All people aged 16 and over,542,527,15,0,1,3,11
S01011874,No qualifications,111,110,1,0,0,0,1
S01011874,Level 1,129,126,3,0,0,1,2
S01011874,Level 2,101,96,5,0,1,1,3
S01011874,Level 3,63,63,0,0,0,0,0
S01011874,Level 4 and above,138,132,6,0,0,1,5
S01011875,All people aged 16 and over,571,554,17,1,5,6,5
S01011875,No qualifications,165,164,1,0,1,0,0
S01011875,Level 1,131,129,2,1,0,0,1
S01011875,Level 2,82,79,3,0,1,1,1
S01011875,Level 3,59,56,3,0,1,1,1
S01011875,Level 4 and above,134,126,8,0,2,4,2
S01011876,All people aged 16 and over,770,722,48,3,8,6,31
S01011876,No qualifications,161,154,7,0,3,0,4
S01011876,Level 1,143,133,10,1,1,2,6
S01011876,Level 2,109,105,4,0,0,3,1
S01011876,Level 3,72,70,2,0,1,0,1
S01011876,Level 4 and above,285,260,25,2,3,1,19
S01011877,All people aged 16 and over,469,445,24,0,2,5,17
S01011877,No qualifications,124,122,2,0,0,1,1
S01011877,Level 1,104,101,3,0,1,0,2
S01011877,Level 2,75,72,3,0,0,1,2
S01011877,Level 3,44,40,4,0,0,0,4
S01011877,Level 4 and above,122,110,12,0,1,3,8
S01011878,All people aged 16 and over,976,859,117,54,18,20,25
S01011878,No qualifications,162,151,11,7,3,1,0
S01011878,Level 1,234,192,42,22,7,10,3
S01011878,Level 2,167,132,35,21,5,3,6
S01011878,Level 3,79,75,4,2,0,1,1
S01011878,Level 4 and above,334,309,25,2,3,5,15
S01011879,All people aged 16 and over,444,423,21,0,1,2,18
S01011879,No qualifications,54,50,4,0,0,1,3
S01011879,Level 1,93,91,2,0,0,0,2
S01011879,Level 2,72,69,3,0,0,0,3
S01011879,Level 3,49,45,4,0,0,0,4
S01011879,Level 4 and above,176,168,8,0,1,1,6
S01011880,All people aged 16 and over,482,462,20,2,2,0,16
S01011880,No qualifications,90,88,2,1,0,0,1
S01011880,Level 1,83,81,2,0,0,0,2
S01011880,Level 2,68,67,1,0,0,0,1
S01011880,Level 3,52,51,1,0,0,0,1
S01011880,Level 4 and above,189,175,14,1,2,0,11
S01011881,All people aged 16 and over,664,644,20,1,2,2,15
S01011881,No qualifications,150,149,1,0,0,0,1
S01011881,Level 1,142,139,3,0,0,0,3
S01011881,Level 2,118,116,2,0,0,0,2
S01011881,Level 3,62,60,2,0,0,0,2
S01011881,Level 4 and above,192,180,12,1,2,2,7
S01011882,All people aged 16 and over,810,797,13,1,0,1,11
S01011882,No qualifications,266,264,2,0,0,0,2
S01011882,Level 1,193,191,2,1,0,0,1
S01011882,Level 2,129,127,2,0,0,0,2
S01011882,Level 3,60,59,1,0,0,0,1
S01011882,Level 4 and above,162,156,6,0,0,1,5
S01011883,All people aged 16 and over,916,828,88,33,8,7,40
S01011883,No qualifications,118,109,9,6,0,1,2
S01011883,Level 1,191,167,24,12,3,1,8
S01011883,Level 2,156,145,11,5,3,1,2
S01011883,Level 3,85,82,3,2,0,0,1
S01011883,Level 4 and above,366,325,41,8,2,4,27
S01011884,All people aged 16 and over,347,327,20,0,4,0,16
S01011884,No qualifications,61,61,0,0,0,0,0
S01011884,Level 1,77,76,1,0,0,0,1
S01011884,Level 2,47,45,2,0,0,0,2
S01011884,Level 3,38,36,2,0,0,0,2
S01011884,Level 4 and above,124,109,15,0,4,0,11
S01011885,All people aged 16 and over,527,496,31,2,3,6,20
S01011885,No qualifications,71,70,1,0,0,0,1
S01011885,Level 1,94,89,5,1,1,0,3
S01011885,Level 2,82,76,6,1,1,0,4
S01011885,Level 3,53,51,2,0,0,2,0
S01011885,Level 4 and above,227,210,17,0,1,4,12
S01011886,All people aged 16 and over,703,660,43,4,5,9,25
S01011886,No qualifications,147,143,4,0,0,0,4
S01011886,Level 1,150,140,10,0,2,2,6
S01011886,Level 2,90,86,4,0,1,1,2
S01011886,Level 3,74,66,8,4,0,0,4
S01011886,Level 4 and above,242,225,17,0,2,6,9
S01011887,All people aged 16 and over,468,454,14,0,3,3,8
S01011887,No qualifications,128,125,3,0,0,2,1
S01011887,Level 1,118,116,2,0,0,0,2
S01011887,Level 2,60,59,1,0,0,0,1
S01011887,Level 3,66,62,4,0,1,0,3
S01011887,Level 4 and above,96,92,4,0,2,1,1
S01011888,All people aged 16 and over,669,607,62,5,9,12,36
S01011888,No qualifications,224,203,21,1,4,2,14
S01011888,Level 1,178,169,9,1,0,1,7
S01011888,Level 2,90,84,6,0,1,1,4
S01011888,Level 3,58,55,3,0,0,1,2
S01011888,Level 4 and above,119,96,23,3,4,7,9
S01011889,All people aged 16 and over,779,736,43,3,8,4,28
S01011889,No qualifications,209,203,6,1,0,0,5
S01011889,Level 1,145,136,9,2,2,0,5
S01011889,Level 2,102,95,7,0,1,0,6
S01011889,Level 3,62,56,6,0,0,0,6
S01011889,Level 4 and above,261,246,15,0,5,4,6
S01011890,All people aged 16 and over,570,533,37,1,7,3,26
S01011890,No qualifications,128,120,8,0,0,0,8
S01011890,Level 1,110,103,7,0,5,1,1
S01011890,Level 2,78,77,1,1,0,0,0
S01011890,Level 3,64,63,1,0,0,0,1
S01011890,Level 4 and above,190,170,20,0,2,2,16
S01011891,All people aged 16 and over,1121,1064,57,6,9,12,30
S01011891,No qualifications,407,388,19,0,3,5,11
S01011891,Level 1,343,330,13,2,2,3,6
S01011891,Level 2,136,128,8,1,1,2,4
S01011891,Level 3,98,96,2,0,0,0,2
S01011891,Level 4 and above,137,122,15,3,3,2,7
S01011892,All people aged 16 and over,817,745,72,11,12,21,28
S01011892,No qualifications,103,94,9,2,2,1,4
S01011892,Level 1,173,156,17,2,0,6,9
S01011892,Level 2,123,119,4,1,0,0,3
S01011892,Level 3,106,99,7,1,2,1,3
S01011892,Level 4 and above,312,277,35,5,8,13,9
S01011893,All people aged 16 and over,798,747,51,13,12,6,20
S01011893,No qualifications,162,158,4,0,0,0,4
S01011893,Level 1,160,148,12,3,4,2,3
S01011893,Level 2,143,139,4,0,0,2,2
S01011893,Level 3,95,90,5,1,2,0,2
S01011893,Level 4 and above,238,212,26,9,6,2,9
S01011894,All people aged 16 and over,531,485,46,11,11,4,20
S01011894,No qualifications,137,131,6,1,2,0,3
S01011894,Level 1,150,140,10,0,3,0,7
S01011894,Level 2,61,59,2,0,0,0,2
S01011894,Level 3,56,47,9,7,0,1,1
S01011894,Level 4 and above,127,108,19,3,6,3,7
S01011895,All people aged 16 and over,579,558,21,0,2,0,19
S01011895,No qualifications,101,97,4,0,0,0,4
S01011895,Level 1,87,84,3,0,0,0,3
S01011895,Level 2,95,95,0,0,0,0,0
S01011895,Level 3,58,54,4,0,2,0,2
S01011895,Level 4 and above,238,228,10,0,0,0,10
S01011896,All people aged 16 and over,727,702,25,2,5,5,13
S01011896,No qualifications,155,154,1,0,0,0,1
S01011896,Level 1,145,135,10,2,2,3,3
S01011896,Level 2,95,95,0,0,0,0,0
S01011896,Level 3,80,78,2,0,1,0,1
S01011896,Level 4 and above,252,240,12,0,2,2,8
S01011897,All people aged 16 and over,826,790,36,1,0,6,29
S01011897,No qualifications,149,139,10,0,0,3,7
S01011897,Level 1,175,168,7,0,0,1,6
S01011897,Level 2,105,104,1,0,0,0,1
S01011897,Level 3,66,64,2,1,0,0,1
S01011897,Level 4 and above,331,315,16,0,0,2,14
S01011898,All people aged 16 and over,520,497,23,1,2,2,18
S01011898,No qualifications,42,40,2,0,0,1,1
S01011898,Level 1,90,90,0,0,0,0,0
S01011898,Level 2,83,81,2,0,0,0,2
S01011898,Level 3,42,40,2,0,0,0,2
S01011898,Level 4 and above,263,246,17,1,2,1,13
S01011899,All people aged 16 and over,662,633,29,5,6,2,16
S01011899,No qualifications,143,139,4,0,0,0,4
S01011899,Level 1,154,150,4,0,2,0,2
S01011899,Level 2,104,102,2,0,0,1,1
S01011899,Level 3,73,67,6,1,2,0,3
S01011899,Level 4 and above,188,175,13,4,2,1,6
S01011900,All people aged 16 and over,602,566,36,4,0,5,27
S01011900,No qualifications,101,96,5,2,0,0,3
S01011900,Level 1,106,101,5,0,0,0,5
S01011900,Level 2,94,91,3,0,0,1,2
S01011900,Level 3,60,55,5,0,0,0,5
S01011900,Level 4 and above,241,223,18,2,0,4,12
S01011901,All people aged 16 and over,729,688,41,3,11,6,21
S01011901,No qualifications,91,89,2,0,1,0,1
S01011901,Level 1,161,154,7,0,3,1,3
S01011901,Level 2,110,106,4,1,0,2,1
S01011901,Level 3,78,74,4,0,1,1,2
S01011901,Level 4 and above,289,265,24,2,6,2,14
S01011902,All people aged 16 and over,907,853,54,4,10,12,28
S01011902,No qualifications,180,172,8,1,0,1,6
S01011902,Level 1,172,167,5,1,0,1,3
S01011902,Level 2,129,125,4,1,0,2,1
S01011902,Level 3,83,77,6,0,1,0,5
S01011902,Level 4 and above,343,312,31,1,9,8,13
S01011903,All people aged 16 and over,678,652,26,1,0,3,22
S01011903,No qualifications,109,106,3,0,0,0,3
S01011903,Level 1,144,142,2,0,0,1,1
S01011903,Level 2,93,90,3,0,0,0,3
S01011903,Level 3,76,76,0,0,0,0,0
S01011903,Level 4 and above,256,238,18,1,0,2,15
S01011904,All people aged 16 and over,698,659,39,5,4,2,28
S01011904,No qualifications,176,170,6,0,0,0,6
S01011904,Level 1,131,119,12,1,3,1,7
S01011904,Level 2,102,100,2,0,0,0,2
S01011904,Level 3,73,68,5,0,0,0,5
S01011904,Level 4 and above,216,202,14,4,1,1,8
S01011905,All people aged 16 and over,641,603,38,4,2,6,26
S01011905,No qualifications,109,97,12,1,0,0,11
S01011905,Level 1,122,119,3,1,0,0,2
S01011905,Level 2,104,100,4,0,0,1,3
S01011905,Level 3,69,65,4,0,0,0,4
S01011905,Level 4 and above,237,222,15,2,2,5,6
S01011906,All people aged 16 and over,370,351,19,2,3,2,12
S01011906,No qualifications,69,66,3,0,0,0,3
S01011906,Level 1,94,87,7,2,1,0,4
S01011906,Level 2,53,53,0,0,0,0,0
S01011906,Level 3,45,41,4,0,2,1,1
S01011906,Level 4 and above,109,104,5,0,0,1,4
S01011907,All people aged 16 and over,632,592,40,1,1,5,33
S01011907,No qualifications,110,99,11,0,0,0,11
S01011907,Level 1,166,152,14,0,0,3,11
S01011907,Level 2,96,94,2,0,0,0,2
S01011907,Level 3,79,79,0,0,0,0,0
S01011907,Level 4 and above,181,168,13,1,1,2,9
S01011908,All people aged 16 and over,294,280,14,1,2,1,10
S01011908,No qualifications,46,43,3,0,0,0,3
S01011908,Level 1,80,75,5,0,0,1,4
S01011908,Level 2,51,49,2,1,0,0,1
S01011908,Level 3,39,38,1,0,0,0,1
S01011908,Level 4 and above,78,75,3,0,2,0,1
S01011909,All people aged 16 and over,783,738,45,17,6,7,15
S01011909,No qualifications,76,68,8,3,0,0,5
S01011909,Level 1,224,215,9,1,1,2,5
S01011909,Level 2,135,135,0,0,0,0,0
S01011909,Level 3,133,121,12,3,1,3,5
S01011909,Level 4 and above,215,199,16,10,4,2,0
S01011910,All people aged 16 and over,720,665,55,8,12,12,23
S01011910,No qualifications,272,252,20,1,1,5,13
S01011910,Level 1,224,210,14,4,4,1,5
S01011910,Level 2,89,84,5,0,2,1,2
S01011910,Level 3,58,53,5,1,1,2,1
S01011910,Level 4 and above,77,66,11,2,4,3,2
S01011911,All people aged 16 and over,538,509,29,0,7,6,16
S01011911,No qualifications,198,185,13,0,2,4,7
S01011911,Level 1,139,136,3,0,0,1,2
S01011911,Level 2,69,65,4,0,1,0,3
S01011911,Level 3,49,46,3,0,1,0,2
S01011911,Level 4 and above,83,77,6,0,3,1,2
S01011912,All people aged 16 and over,578,530,48,3,13,15,17
S01011912,No qualifications,199,190,9,0,0,0,9
S01011912,Level 1,159,149,10,0,4,4,2
S01011912,Level 2,82,80,2,0,1,1,0
S01011912,Level 3,61,51,10,0,8,1,1
S01011912,Level 4 and above,77,60,17,3,0,9,5
S01011913,All people aged 16 and over,581,555,26,3,4,9,10
S01011913,No qualifications,199,193,6,1,1,1,3
S01011913,Level 1,195,186,9,0,0,6,3
S01011913,Level 2,63,58,5,1,1,0,3
S01011913,Level 3,58,57,1,0,0,0,1
S01011913,Level 4 and above,66,61,5,1,2,2,0
S01011914,All people aged 16 and over,621,566,55,4,15,18,18
S01011914,No qualifications,194,183,11,1,3,0,7
S01011914,Level 1,214,202,12,2,1,2,7
S01011914,Level 2,76,73,3,0,2,1,0
S01011914,Level 3,66,54,12,1,7,2,2
S01011914,Level 4 and above,71,54,17,0,2,13,2
S01011915,All people aged 16 and over,643,597,46,5,13,12,16
S01011915,No qualifications,228,220,8,0,3,0,5
S01011915,Level 1,181,176,5,0,0,3,2
S01011915,Level 2,76,75,1,0,0,0,1
S01011915,Level 3,59,51,8,3,2,0,3
S01011915,Level 4 and above,99,75,24,2,8,9,5
S01011916,All people aged 16 and over,459,429,30,1,9,10,10
S01011916,No qualifications,183,173,10,0,3,2,5
S01011916,Level 1,119,116,3,0,1,1,1
S01011916,Level 2,52,50,2,0,1,0,1
S01011916,Level 3,40,38,2,0,1,1,0
S01011916,Level 4 and above,65,52,13,1,3,6,3
S01011917,All people aged 16 and over,421,393,28,5,3,8,12
S01011917,No qualifications,158,152,6,0,0,2,4
S01011917,Level 1,107,95,12,2,3,4,3
S01011917,Level 2,56,52,4,3,0,0,1
S01011917,Level 3,37,37,0,0,0,0,0
S01011917,Level 4 and above,63,57,6,0,0,2,4
S01011918,All people aged 16 and over,582,513,69,1,32,21,15
S01011918,No qualifications,232,213,19,0,5,6,8
S01011918,Level 1,159,145,14,1,7,2,4
S01011918,Level 2,70,64,6,0,4,1,1
S01011918,Level 3,35,29,6,0,4,1,1
S01011918,Level 4 and above,86,62,24,0,12,11,1
S01011919,All people aged 16 and over,758,653,105,43,18,16,28
S01011919,No qualifications,177,164,13,5,0,0,8
S01011919,Level 1,202,183,19,4,7,4,4
S01011919,Level 2,145,132,13,3,2,2,6
S01011919,Level 3,92,67,25,21,3,0,1
S01011919,Level 4 and above,142,107,35,10,6,10,9
S01011920,All people aged 16 and over,521,471,50,9,14,5,22
S01011920,No qualifications,200,188,12,1,1,0,10
S01011920,Level 1,143,126,17,1,8,4,4
S01011920,Level 2,56,53,3,1,0,0,2
S01011920,Level 3,48,40,8,2,1,1,4
S01011920,Level 4 and above,74,64,10,4,4,0,2
S01011921,All people aged 16 and over,465,432,33,5,9,6,13
S01011921,No qualifications,164,156,8,1,0,1,6
S01011921,Level 1,151,137,14,4,7,2,1
S01011921,Level 2,46,46,0,0,0,0,0
S01011921,Level 3,39,34,5,0,2,0,3
S01011921,Level 4 and above,65,59,6,0,0,3,3
S01011922,All people aged 16 and over,620,576,44,9,5,10,20
S01011922,No qualifications,231,215,16,1,0,1,14
S01011922,Level 1,211,198,13,3,3,6,1
S01011922,Level 2,67,62,5,1,1,0,3
S01011922,Level 3,54,52,2,0,0,1,1
S01011922,Level 4 and above,57,49,8,4,1,2,1
S01011923,All people aged 16 and over,730,653,77,5,31,15,26
S01011923,No qualifications,263,238,25,3,6,3,13
S01011923,Level 1,227,203,24,2,11,4,7
S01011923,Level 2,76,71,5,0,2,3,0
S01011923,Level 3,72,61,11,0,6,2,3
S01011923,Level 4 and above,92,80,12,0,6,3,3
S01011924,All people aged 16 and over,354,324,30,4,7,11,8
S01011924,No qualifications,119,112,7,0,0,2,5
S01011924,Level 1,111,104,7,3,3,1,0
S01011924,Level 2,47,46,1,0,0,1,0
S01011924,Level 3,30,25,5,1,0,2,2
S01011924,Level 4 and above,47,37,10,0,4,5,1
S01011925,All people aged 16 and over,551,503,48,9,4,12,23
S01011925,No qualifications,77,62,15,1,0,2,12
S01011925,Level 1,151,140,11,2,2,3,4
S01011925,Level 2,108,105,3,0,0,1,2
S01011925,Level 3,61,58,3,1,1,0,1
S01011925,Level 4 and above,154,138,16,5,1,6,4
S01011926,All people aged 16 and over,523,486,37,6,10,7,14
S01011926,No qualifications,184,177,7,0,1,0,6
S01011926,Level 1,140,123,17,6,4,5,2
S01011926,Level 2,75,75,0,0,0,0,0
S01011926,Level 3,60,56,4,0,2,2,0
S01011926,Level 4 and above,64,55,9,0,3,0,6
S01011927,All people aged 16 and over,502,480,22,2,7,2,11
S01011927,No qualifications,194,191,3,0,0,0,3
S01011927,Level 1,152,143,9,1,4,0,4
S01011927,Level 2,59,57,2,1,0,0,1
S01011927,Level 3,43,39,4,0,3,1,0
S01011927,Level 4 and above,54,50,4,0,0,1,3
S01011928,All people aged 16 and over,605,579,26,3,7,5,11
S01011928,No qualifications,215,209,6,0,1,1,4
S01011928,Level 1,175,171,4,1,1,2,0
S01011928,Level 2,83,81,2,1,0,0,1
S01011928,Level 3,41,37,4,0,2,0,2
S01011928,Level 4 and above,91,81,10,1,3,2,4
S01011929,All people aged 16 and over,588,548,40,6,13,10,11
S01011929,No qualifications,221,210,11,1,2,3,5
S01011929,Level 1,177,163,14,2,3,3,6
S01011929,Level 2,65,64,1,0,1,0,0
S01011929,Level 3,54,47,7,0,6,1,0
S01011929,Level 4 and above,71,64,7,3,1,3,0
S01011930,All people aged 16 and over,508,469,39,5,21,2,11
S01011930,No qualifications,175,166,9,1,4,1,3
S01011930,Level 1,138,127,11,2,6,0,3
S01011930,Level 2,83,80,3,0,2,0,1
S01011930,Level 3,51,45,6,0,5,0,1
S01011930,Level 4 and above,61,51,10,2,4,1,3
S01011931,All people aged 16 and over,474,434,40,2,7,5,26
S01011931,No qualifications,176,165,11,1,1,1,8
S01011931,Level 1,129,120,9,0,2,0,7
S01011931,Level 2,60,58,2,0,0,1,1
S01011931,Level 3,43,41,2,0,0,0,2
S01011931,Level 4 and above,66,50,16,1,4,3,8
S01011932,All people aged 16 and over,512,414,98,18,29,39,12
S01011932,No qualifications,97,82,15,1,5,6,3
S01011932,Level 1,133,111,22,6,5,11,0
S01011932,Level 2,88,83,5,0,1,2,2
S01011932,Level 3,62,46,16,2,3,10,1
S01011932,Level 4 and above,132,92,40,9,15,10,6
S01011933,All people aged 16 and over,561,463,98,24,39,9,26
S01011933,No qualifications,174,141,33,7,7,5,14
S01011933,Level 1,105,91,14,3,5,1,5
S01011933,Level 2,70,66,4,1,2,0,1
S01011933,Level 3,67,59,8,2,4,2,0
S01011933,Level 4 and above,145,106,39,11,21,1,6
S01011934,All people aged 16 and over,941,734,207,67,71,32,37
S01011934,No qualifications,248,208,40,5,15,4,16
S01011934,Level 1,218,165,53,30,13,6,4
S01011934,Level 2,123,114,9,4,2,1,2
S01011934,Level 3,113,79,34,9,15,6,4
S01011934,Level 4 and above,239,168,71,19,26,15,11
S01011935,All people aged 16 and over,751,523,228,66,100,34,28
S01011935,No qualifications,201,166,35,11,15,3,6
S01011935,Level 1,186,124,62,14,31,8,9
S01011935,Level 2,76,70,6,4,1,1,0
S01011935,Level 3,91,59,32,13,12,4,3
S01011935,Level 4 and above,197,104,93,24,41,18,10
S01011936,All people aged 16 and over,684,589,95,34,22,15,24
S01011936,No qualifications,158,144,14,1,7,2,4
S01011936,Level 1,122,108,14,11,2,1,0
S01011936,Level 2,76,70,6,1,2,0,3
S01011936,Level 3,77,64,13,7,2,1,3
S01011936,Level 4 and above,251,203,48,14,9,11,14
S01011937,All people aged 16 and over,615,501,114,56,20,17,21
S01011937,No qualifications,147,124,23,9,5,0,9
S01011937,Level 1,134,114,20,12,2,2,4
S01011937,Level 2,85,83,2,1,0,0,1
S01011937,Level 3,84,59,25,14,3,3,5
S01011937,Level 4 and above,165,121,44,20,10,12,2
S01011938,All people aged 16 and over,611,511,100,25,26,21,28
S01011938,No qualifications,118,109,9,1,2,1,5
S01011938,Level 1,144,121,23,6,4,7,6
S01011938,Level 2,78,73,5,1,0,1,3
S01011938,Level 3,54,40,14,6,5,0,3
S01011938,Level 4 and above,217,168,49,11,15,12,11
S01011939,All people aged 16 and over,666,560,106,35,26,23,22
S01011939,No qualifications,143,128,15,6,4,1,4
S01011939,Level 1,165,141,24,8,6,6,4
S01011939,Level 2,100,88,12,1,2,5,4
S01011939,Level 3,84,74,10,5,3,1,1
S01011939,Level 4 and above,174,129,45,15,11,10,9
S01011940,All people aged 16 and over,381,274,107,32,36,25,14
S01011940,No qualifications,96,82,14,3,5,3,3
S01011940,Level 1,92,69,23,6,13,2,2
S01011940,Level 2,39,33,6,2,2,1,1
S01011940,Level 3,67,42,25,10,4,5,6
S01011940,Level 4 and above,87,48,39,11,12,14,2
S01011941,All people aged 16 and over,650,464,186,45,59,57,25
S01011941,No qualifications,99,72,27,4,8,7,8
S01011941,Level 1,162,118,44,12,15,10,7
S01011941,Level 2,90,80,10,3,4,3,0
S01011941,Level 3,88,63,25,5,8,10,2
S01011941,Level 4 and above,211,131,80,21,24,27,8
S01011942,All people aged 16 and over,784,621,163,47,50,32,34
S01011942,No qualifications,193,170,23,4,6,3,10
S01011942,Level 1,202,153,49,21,14,10,4
S01011942,Level 2,102,86,16,2,4,6,4
S01011942,Level 3,107,80,27,10,9,3,5
S01011942,Level 4 and above,180,132,48,10,17,10,11
S01011943,All people aged 16 and over,1055,849,206,56,67,40,43
S01011943,No qualifications,299,265,34,5,9,10,10
S01011943,Level 1,258,214,44,9,13,9,13
S01011943,Level 2,140,125,15,1,5,5,4
S01011943,Level 3,125,91,34,8,12,5,9
S01011943,Level 4 and above,233,154,79,33,28,11,7
S01011944,All people aged 16 and over,384,355,29,5,9,1,14
S01011944,No qualifications,66,64,2,0,1,0,1
S01011944,Level 1,61,54,7,2,1,1,3
S01011944,Level 2,60,53,7,2,2,0,3
S01011944,Level 3,30,29,1,0,1,0,0
S01011944,Level 4 and above,167,155,12,1,4,0,7
S01011945,All people aged 16 and over,699,668,31,1,2,4,24
S01011945,No qualifications,91,89,2,0,0,0,2
S01011945,Level 1,103,99,4,0,1,0,3
S01011945,Level 2,85,82,3,0,0,1,2
S01011945,Level 3,54,51,3,0,0,2,1
S01011945,Level 4 and above,366,347,19,1,1,1,16
S01011946,All people aged 16 and over,671,627,44,3,15,8,18
S01011946,No qualifications,188,186,2,0,2,0,0
S01011946,Level 1,151,142,9,1,3,2,3
S01011946,Level 2,76,71,5,1,0,1,3
S01011946,Level 3,52,43,9,0,8,1,0
S01011946,Level 4 and above,204,185,19,1,2,4,12
S01011947,All people aged 16 and over,415,395,20,2,1,2,15
S01011947,No qualifications,107,105,2,0,0,1,1
S01011947,Level 1,123,118,5,0,0,0,5
S01011947,Level 2,56,55,1,0,0,0,1
S01011947,Level 3,30,26,4,0,0,1,3
S01011947,Level 4 and above,99,91,8,2,1,0,5
S01011948,All people aged 16 and over,996,934,62,5,10,5,42
S01011948,No qualifications,263,249,14,1,2,0,11
S01011948,Level 1,157,153,4,1,0,0,3
S01011948,Level 2,120,118,2,0,0,1,1
S01011948,Level 3,72,68,4,1,3,0,0
S01011948,Level 4 and above,384,346,38,2,5,4,27
S01011949,All people aged 16 and over,713,690,23,2,0,2,19
S01011949,No qualifications,135,132,3,0,0,0,3
S01011949,Level 1,128,122,6,0,0,2,4
S01011949,Level 2,105,103,2,0,0,0,2
S01011949,Level 3,72,68,4,1,0,0,3
S01011949,Level 4 and above,273,265,8,1,0,0,7
S01011950,All people aged 16 and over,669,637,32,3,0,3,26
S01011950,No qualifications,207,199,8,1,0,0,7
S01011950,Level 1,138,131,7,1,0,1,5
S01011950,Level 2,81,77,4,0,0,0,4
S01011950,Level 3,64,63,1,0,0,0,1
S01011950,Level 4 and above,179,167,12,1,0,2,9
S01011951,All people aged 16 and over,563,543,20,0,3,4,13
S01011951,No qualifications,141,138,3,0,1,1,1
S01011951,Level 1,148,142,6,0,0,1,5
S01011951,Level 2,85,82,3,0,0,1,2
S01011951,Level 3,50,49,1,0,1,0,0
S01011951,Level 4 and above,139,132,7,0,1,1,5
S01011952,All people aged 16 and over,393,381,12,1,0,1,10
S01011952,No qualifications,54,54,0,0,0,0,0
S01011952,Level 1,74,71,3,0,0,1,2
S01011952,Level 2,73,73,0,0,0,0,0
S01011952,Level 3,39,38,1,0,0,0,1
S01011952,Level 4 and above,153,145,8,1,0,0,7
S01011953,All people aged 16 and over,609,582,27,1,2,0,24
S01011953,No qualifications,98,96,2,0,1,0,1
S01011953,Level 1,125,120,5,0,0,0,5
S01011953,Level 2,92,88,4,0,1,0,3
S01011953,Level 3,55,53,2,0,0,0,2
S01011953,Level 4 and above,239,225,14,1,0,0,13
S01011954,All people aged 16 and over,402,386,16,4,3,0,9
S01011954,No qualifications,117,112,5,0,0,0,5
S01011954,Level 1,104,102,2,0,0,0,2
S01011954,Level 2,53,53,0,0,0,0,0
S01011954,Level 3,40,40,0,0,0,0,0
S01011954,Level 4 and above,88,79,9,4,3,0,2
S01011955,All people aged 16 and over,836,809,27,0,2,7,18
S01011955,No qualifications,260,251,9,0,0,2,7
S01011955,Level 1,187,180,7,0,1,2,4
S01011955,Level 2,93,91,2,0,0,0,2
S01011955,Level 3,92,89,3,0,0,3,0
S01011955,Level 4 and above,204,198,6,0,1,0,5
S01011956,All people aged 16 and over,783,739,44,2,9,7,26
S01011956,No qualifications,144,134,10,0,2,1,7
S01011956,Level 1,145,144,1,0,0,0,1
S01011956,Level 2,118,115,3,0,1,0,2
S01011956,Level 3,98,97,1,0,0,0,1
S01011956,Level 4 and above,278,249,29,2,6,6,15
S01011957,All people aged 16 and over,765,579,186,95,47,14,30
S01011957,No qualifications,152,127,25,10,11,0,4
S01011957,Level 1,163,112,51,30,8,6,7
S01011957,Level 2,122,95,27,15,8,1,3
S01011957,Level 3,71,52,19,4,10,2,3
S01011957,Level 4 and above,257,193,64,36,10,5,13
S01011958,All people aged 16 and over,903,871,32,1,6,5,20
S01011958,No qualifications,198,196,2,0,0,0,2
S01011958,Level 1,205,192,13,0,4,4,5
S01011958,Level 2,130,128,2,0,1,0,1
S01011958,Level 3,90,88,2,0,1,0,1
S01011958,Level 4 and above,280,267,13,1,0,1,11
S01011959,All people aged 16 and over,750,720,30,1,5,5,19
S01011959,No qualifications,184,177,7,0,1,0,6
S01011959,Level 1,165,158,7,0,3,1,3
S01011959,Level 2,101,100,1,0,0,0,1
S01011959,Level 3,66,64,2,0,0,0,2
S01011959,Level 4 and above,234,221,13,1,1,4,7
S01011960,All people aged 16 and over,637,589,48,12,7,6,23
S01011960,No qualifications,101,96,5,1,1,0,3
S01011960,Level 1,102,92,10,5,2,0,3
S01011960,Level 2,102,99,3,0,0,1,2
S01011960,Level 3,80,70,10,3,0,2,5
S01011960,Level 4 and above,252,232,20,3,4,3,10
S01011961,All people aged 16 and over,573,545,28,4,1,2,21
S01011961,No qualifications,118,111,7,1,0,1,5
S01011961,Level 1,121,116,5,2,0,0,3
S01011961,Level 2,82,81,1,0,0,0,1
S01011961,Level 3,62,62,0,0,0,0,0
S01011961,Level 4 and above,190,175,15,1,1,1,12
S01011962,All people aged 16 and over,541,512,29,2,8,4,15
S01011962,No qualifications,73,68,5,0,3,0,2
S01011962,Level 1,101,96,5,0,2,0,3
S01011962,Level 2,75,75,0,0,0,0,0
S01011962,Level 3,63,57,6,1,1,3,1
S01011962,Level 4 and above,229,216,13,1,2,1,9
S01011963,All people aged 16 and over,414,394,20,2,2,5,11
S01011963,No qualifications,111,109,2,0,0,0,2
S01011963,Level 1,73,72,1,0,0,1,0
S01011963,Level 2,53,53,0,0,0,0,0
S01011963,Level 3,41,40,1,1,0,0,0
S01011963,Level 4 and above,136,120,16,1,2,4,9
S01011964,All people aged 16 and over,827,779,48,9,9,7,23
S01011964,No qualifications,161,156,5,1,0,0,4
S01011964,Level 1,190,176,14,8,3,2,1
S01011964,Level 2,102,98,4,0,1,0,3
S01011964,Level 3,92,88,4,0,2,0,2
S01011964,Level 4 and above,282,261,21,0,3,5,13
S01011965,All people aged 16 and over,678,658,20,3,6,1,10
S01011965,No qualifications,175,174,1,0,0,0,1
S01011965,Level 1,109,108,1,0,0,0,1
S01011965,Level 2,84,83,1,0,0,0,1
S01011965,Level 3,42,41,1,0,0,0,1
S01011965,Level 4 and above,268,252,16,3,6,1,6
S01011966,All people aged 16 and over,675,627,48,8,8,7,25
S01011966,No qualifications,147,138,9,0,0,1,8
S01011966,Level 1,137,126,11,1,2,1,7
S01011966,Level 2,73,73,0,0,0,0,0
S01011966,Level 3,55,51,4,0,1,1,2
S01011966,Level 4 and above,263,239,24,7,5,4,8
S01011967,All people aged 16 and over,963,916,47,4,10,5,28
S01011967,No qualifications,175,172,3,0,0,0,3
S01011967,Level 1,207,197,10,1,3,0,6
S01011967,Level 2,117,114,3,0,1,0,2
S01011967,Level 3,87,83,4,1,1,0,2
S01011967,Level 4 and above,377,350,27,2,5,5,15
S01011968,All people aged 16 and over,832,772,60,6,4,17,33
S01011968,No qualifications,157,151,6,1,1,0,4
S01011968,Level 1,196,187,9,1,1,1,6
S01011968,Level 2,105,101,4,0,0,0,4
S01011968,Level 3,78,76,2,1,0,0,1
S01011968,Level 4 and above,296,257,39,3,2,16,18
S01011969,All people aged 16 and over,873,843,30,5,2,8,15
S01011969,No qualifications,304,301,3,2,0,0,1
S01011969,Level 1,217,207,10,0,1,3,6
S01011969,Level 2,94,93,1,0,0,0,1
S01011969,Level 3,69,66,3,0,0,3,0
S01011969,Level 4 and above,189,176,13,3,1,2,7
S01011970,All people aged 16 and over,761,670,91,20,32,26,13
S01011970,No qualifications,268,243,25,11,9,1,4
S01011970,Level 1,224,204,20,1,10,4,5
S01011970,Level 2,78,75,3,0,0,2,1
S01011970,Level 3,61,53,8,0,3,5,0
S01011970,Level 4 and above,130,95,35,8,10,14,3
S01011971,All people aged 16 and over,445,420,25,0,4,2,19
S01011971,No qualifications,95,93,2,0,0,0,2
S01011971,Level 1,99,95,4,0,0,0,4
S01011971,Level 2,79,75,4,0,0,0,4
S01011971,Level 3,38,34,4,0,0,0,4
S01011971,Level 4 and above,134,123,11,0,4,2,5
S01011972,All people aged 16 and over,978,931,47,7,7,5,28
S01011972,No qualifications,233,224,9,1,2,3,3
S01011972,Level 1,220,209,11,1,2,0,8
S01011972,Level 2,146,141,5,0,0,1,4
S01011972,Level 3,91,89,2,0,1,0,1
S01011972,Level 4 and above,288,268,20,5,2,1,12
S01011973,All people aged 16 and over,547,521,26,3,2,6,15
S01011973,No qualifications,133,130,3,0,0,1,2
S01011973,Level 1,109,105,4,2,0,1,1
S01011973,Level 2,70,67,3,0,0,2,1
S01011973,Level 3,73,68,5,0,0,0,5
S01011973,Level 4 and above,162,151,11,1,2,2,6
S01011974,All people aged 16 and over,649,589,60,14,11,3,32
S01011974,No qualifications,147,141,6,0,0,0,6
S01011974,Level 1,128,111,17,10,4,2,1
S01011974,Level 2,92,85,7,0,0,1,6
S01011974,Level 3,60,55,5,1,1,0,3
S01011974,Level 4 and above,222,197,25,3,6,0,16
S01011975,All people aged 16 and over,393,376,17,1,1,1,14
S01011975,No qualifications,104,102,2,0,0,0,2
S01011975,Level 1,80,79,1,0,0,0,1
S01011975,Level 2,49,47,2,0,0,0,2
S01011975,Level 3,34,29,5,0,1,0,4
S01011975,Level 4 and above,126,119,7,1,0,1,5
S01011976,All people aged 16 and over,645,614,31,1,2,6,22
S01011976,No qualifications,155,151,4,0,0,1,3
S01011976,Level 1,150,147,3,0,0,0,3
S01011976,Level 2,92,90,2,0,0,0,2
S01011976,Level 3,57,54,3,0,1,0,2
S01011976,Level 4 and above,191,172,19,1,1,5,12
S01011977,All people aged 16 and over,965,903,62,13,7,9,33
S01011977,No qualifications,247,236,11,4,3,1,3
S01011977,Level 1,215,205,10,2,1,0,7
S01011977,Level 2,140,133,7,0,0,1,6
S01011977,Level 3,98,92,6,1,0,1,4
S01011977,Level 4 and above,265,237,28,6,3,6,13
S01011978,All people aged 16 and over,587,562,25,1,4,4,16
S01011978,No qualifications,226,217,9,0,2,3,4
S01011978,Level 1,126,124,2,0,1,0,1
S01011978,Level 2,61,58,3,1,0,0,2
S01011978,Level 3,59,55,4,0,1,1,2
S01011978,Level 4 and above,115,108,7,0,0,0,7
S01011979,All people aged 16 and over,835,773,62,14,12,8,28
S01011979,No qualifications,184,178,6,3,0,1,2
S01011979,Level 1,183,170,13,2,1,1,9
S01011979,Level 2,117,101,16,2,6,4,4
S01011979,Level 3,63,57,6,0,1,1,4
S01011979,Level 4 and above,288,267,21,7,4,1,9
S01011980,All people aged 16 and over,342,328,14,1,0,0,13
S01011980,No qualifications,60,57,3,0,0,0,3
S01011980,Level 1,85,84,1,0,0,0,1
S01011980,Level 2,44,43,1,0,0,0,1
S01011980,Level 3,44,42,2,1,0,0,1
S01011980,Level 4 and above,109,102,7,0,0,0,7
S01011981,All people aged 16 and over,789,712,77,17,9,12,39
S01011981,No qualifications,193,187,6,1,0,1,4
S01011981,Level 1,168,150,18,2,2,5,9
S01011981,Level 2,118,108,10,1,1,1,7
S01011981,Level 3,79,71,8,3,2,0,3
S01011981,Level 4 and above,231,196,35,10,4,5,16
S01011982,All people aged 16 and over,786,731,55,6,6,11,32
S01011982,No qualifications,165,162,3,1,0,0,2
S01011982,Level 1,145,137,8,2,0,2,4
S01011982,Level 2,127,119,8,0,1,3,4
S01011982,Level 3,71,63,8,0,0,0,8
S01011982,Level 4 and above,278,250,28,3,5,6,14
S01011983,All people aged 16 and over,657,603,54,14,8,9,23
S01011983,No qualifications,152,148,4,0,1,0,3
S01011983,Level 1,157,149,8,1,3,3,1
S01011983,Level 2,60,57,3,1,0,0,2
S01011983,Level 3,52,48,4,3,0,1,0
S01011983,Level 4 and above,236,201,35,9,4,5,17
S01011984,All people aged 16 and over,539,482,57,11,8,23,15
S01011984,No qualifications,220,213,7,1,1,3,2
S01011984,Level 1,125,112,13,1,5,5,2
S01011984,Level 2,59,57,2,0,0,0,2
S01011984,Level 3,33,26,7,2,1,3,1
S01011984,Level 4 and above,102,74,28,7,1,12,8
S01011985,All people aged 16 and over,623,582,41,5,7,13,16
S01011985,No qualifications,164,156,8,0,2,2,4
S01011985,Level 1,164,158,6,1,2,1,2
S01011985,Level 2,88,84,4,0,0,0,4
S01011985,Level 3,47,45,2,1,1,0,0
S01011985,Level 4 and above,160,139,21,3,2,10,6
S01011986,All people aged 16 and over,530,487,43,4,13,14,12
S01011986,No qualifications,214,205,9,2,6,0,1
S01011986,Level 1,132,121,11,0,2,6,3
S01011986,Level 2,73,68,5,1,0,1,3
S01011986,Level 3,31,31,0,0,0,0,0
S01011986,Level 4 and above,80,62,18,1,5,7,5
S01011987,All people aged 16 and over,771,731,40,6,4,7,23
S01011987,No qualifications,217,210,7,3,0,0,4
S01011987,Level 1,217,208,9,1,0,2,6
S01011987,Level 2,99,97,2,0,0,1,1
S01011987,Level 3,65,64,1,0,0,0,1
S01011987,Level 4 and above,173,152,21,2,4,4,11
S01011988,All people aged 16 and over,602,580,22,3,2,2,15
S01011988,No qualifications,181,178,3,0,0,0,3
S01011988,Level 1,107,103,4,1,0,0,3
S01011988,Level 2,76,71,5,2,0,0,3
S01011988,Level 3,51,50,1,0,0,0,1
S01011988,Level 4 and above,187,178,9,0,2,2,5
S01011989,All people aged 16 and over,719,691,28,1,4,8,15
S01011989,No qualifications,186,185,1,1,0,0,0
S01011989,Level 1,171,167,4,0,0,0,4
S01011989,Level 2,118,113,5,0,2,0,3
S01011989,Level 3,79,78,1,0,1,0,0
S01011989,Level 4 and above,165,148,17,0,1,8,8
S01011990,All people aged 16 and over,654,617,37,5,2,7,23
S01011990,No qualifications,171,165,6,0,0,3,3
S01011990,Level 1,151,139,12,3,1,3,5
S01011990,Level 2,76,75,1,0,0,0,1
S01011990,Level 3,53,49,4,0,1,1,2
S01011990,Level 4 and above,203,189,14,2,0,0,12
S01011991,All people aged 16 and over,594,572,22,2,4,4,12
S01011991,No qualifications,171,167,4,1,0,0,3
S01011991,Level 1,140,136,4,0,1,2,1
S01011991,Level 2,97,97,0,0,0,0,0
S01011991,Level 3,46,43,3,0,0,0,3
S01011991,Level 4 and above,140,129,11,1,3,2,5
S01011992,All people aged 16 and over,856,799,57,4,3,6,44
S01011992,No qualifications,201,191,10,2,0,0,8
S01011992,Level 1,151,143,8,0,0,0,8
S01011992,Level 2,113,110,3,0,0,0,3
S01011992,Level 3,73,71,2,0,0,0,2
S01011992,Level 4 and above,318,284,34,2,3,6,23
S01011993,All people aged 16 and over,715,614,101,28,32,24,17
S01011993,No qualifications,239,214,25,10,10,2,3
S01011993,Level 1,197,180,17,3,6,6,2
S01011993,Level 2,78,75,3,0,2,0,1
S01011993,Level 3,58,49,9,2,2,2,3
S01011993,Level 4 and above,143,96,47,13,12,14,8
S01011994,All people aged 16 and over,655,614,41,5,0,7,29
S01011994,No qualifications,119,114,5,0,0,1,4
S01011994,Level 1,113,106,7,0,0,1,6
S01011994,Level 2,80,76,4,0,0,1,3
S01011994,Level 3,42,41,1,0,0,0,1
S01011994,Level 4 and above,301,277,24,5,0,4,15
S01011995,All people aged 16 and over,664,626,38,5,6,8,19
S01011995,No qualifications,121,115,6,0,0,0,6
S01011995,Level 1,168,163,5,1,1,1,2
S01011995,Level 2,100,98,2,0,0,1,1
S01011995,Level 3,63,60,3,1,0,0,2
S01011995,Level 4 and above,212,190,22,3,5,6,8
S01011996,All people aged 16 and over,462,433,29,2,2,4,21
S01011996,No qualifications,162,154,8,0,1,2,5
S01011996,Level 1,119,112,7,1,0,1,5
S01011996,Level 2,67,64,3,0,0,1,2
S01011996,Level 3,35,32,3,0,0,0,3
S01011996,Level 4 and above,79,71,8,1,1,0,6
S01011997,All people aged 16 and over,745,717,28,0,4,6,18
S01011997,No qualifications,187,184,3,0,0,0,3
S01011997,Level 1,179,171,8,0,2,2,4
S01011997,Level 2,125,123,2,0,0,0,2
S01011997,Level 3,58,54,4,0,0,0,4
S01011997,Level 4 and above,196,185,11,0,2,4,5
S01011998,All people aged 16 and over,426,410,16,0,4,0,12
S01011998,No qualifications,61,60,1,0,0,0,1
S01011998,Level 1,82,81,1,0,1,0,0
S01011998,Level 2,72,70,2,0,0,0,2
S01011998,Level 3,46,46,0,0,0,0,0
S01011998,Level 4 and above,165,153,12,0,3,0,9
S01011999,All people aged 16 and over,527,500,27,2,1,3,21
S01011999,No qualifications,125,123,2,0,0,0,2
S01011999,Level 1,118,114,4,0,1,1,2
S01011999,Level 2,75,72,3,2,0,0,1
S01011999,Level 3,57,53,4,0,0,1,3
S01011999,Level 4 and above,152,138,14,0,0,1,13
S01012000,All people aged 16 and over,375,365,10,0,1,1,8
S01012000,No qualifications,74,72,2,0,0,0,2
S01012000,Level 1,103,102,1,0,0,0,1
S01012000,Level 2,66,66,0,0,0,0,0
S01012000,Level 3,39,37,2,0,0,0,2
S01012000,Level 4 and above,93,88,5,0,1,1,3
S01012001,All people aged 16 and over,522,503,19,0,6,1,12
S01012001,No qualifications,146,145,1,0,0,0,1
S01012001,Level 1,137,130,7,0,3,0,4
S01012001,Level 2,69,67,2,0,0,0,2
S01012001,Level 3,46,44,2,0,2,0,0
S01012001,Level 4 and above,124,117,7,0,1,1,5
S01012002,All people aged 16 and over,484,471,13,0,0,1,12
S01012002,No qualifications,164,161,3,0,0,0,3
S01012002,Level 1,120,118,2,0,0,0,2
S01012002,Level 2,67,64,3,0,0,1,2
S01012002,Level 3,42,42,0,0,0,0,0
S01012002,Level 4 and above,91,86,5,0,0,0,5
S01012003,All people aged 16 and over,457,448,9,0,0,1,8
S01012003,No qualifications,131,131,0,0,0,0,0
S01012003,Level 1,97,95,2,0,0,0,2
S01012003,Level 2,89,87,2,0,0,0,2
S01012003,Level 3,46,45,1,0,0,0,1
S01012003,Level 4 and above,94,90,4,0,0,1,3
S01012004,All people aged 16 and over,755,728,27,6,3,3,15
S01012004,No qualifications,221,215,6,1,1,0,4
S01012004,Level 1,162,158,4,0,1,0,3
S01012004,Level 2,107,106,1,1,0,0,0
S01012004,Level 3,77,74,3,2,0,0,1
S01012004,Level 4 and above,188,175,13,2,1,3,7
S01012005,All people aged 16 and over,675,643,32,3,4,4,21
S01012005,No qualifications,124,120,4,0,0,0,4
S01012005,Level 1,153,144,9,0,2,2,5
S01012005,Level 2,123,117,6,0,1,1,4
S01012005,Level 3,88,85,3,1,0,0,2
S01012005,Level 4 and above,187,177,10,2,1,1,6
S01012006,All people aged 16 and over,745,632,113,48,17,12,36
S01012006,No qualifications,102,89,13,8,2,2,1
S01012006,Level 1,197,163,34,20,5,3,6
S01012006,Level 2,153,129,24,11,6,1,6
S01012006,Level 3,47,41,6,0,2,0,4
S01012006,Level 4 and above,246,210,36,9,2,6,19
S01012007,All people aged 16 and over,704,624,80,10,24,5,41
S01012007,No qualifications,151,141,10,1,3,0,6
S01012007,Level 1,121,104,17,3,9,0,5
S01012007,Level 2,103,99,4,1,0,0,3
S01012007,Level 3,62,54,8,2,1,2,3
S01012007,Level 4 and above,267,226,41,3,11,3,24
S01012008,All people aged 16 and over,804,709,95,26,11,16,42
S01012008,No qualifications,164,157,7,0,1,2,4
S01012008,Level 1,154,132,22,12,1,3,6
S01012008,Level 2,106,94,12,1,2,4,5
S01012008,Level 3,64,53,11,4,1,1,5
S01012008,Level 4 and above,316,273,43,9,6,6,22
S01012009,All people aged 16 and over,618,559,59,22,8,7,22
S01012009,No qualifications,139,130,9,4,2,0,3
S01012009,Level 1,146,136,10,6,1,1,2
S01012009,Level 2,102,97,5,0,0,3,2
S01012009,Level 3,50,47,3,2,0,0,1
S01012009,Level 4 and above,181,149,32,10,5,3,14
S01012010,All people aged 16 and over,1080,904,176,48,56,30,42
S01012010,No qualifications,177,168,9,2,3,2,2
S01012010,Level 1,229,180,49,17,18,10,4
S01012010,Level 2,140,125,15,1,4,2,8
S01012010,Level 3,96,73,23,6,9,5,3
S01012010,Level 4 and above,438,358,80,22,22,11,25
S01012011,All people aged 16 and over,960,836,124,35,34,13,42
S01012011,No qualifications,221,213,8,3,0,0,5
S01012011,Level 1,256,223,33,7,15,3,8
S01012011,Level 2,110,105,5,1,2,0,2
S01012011,Level 3,110,90,20,2,8,4,6
S01012011,Level 4 and above,263,205,58,22,9,6,21
S01012012,All people aged 16 and over,588,559,29,7,9,2,11
S01012012,No qualifications,147,145,2,0,0,0,2
S01012012,Level 1,125,121,4,2,1,0,1
S01012012,Level 2,70,69,1,0,0,0,1
S01012012,Level 3,57,53,4,1,2,1,0
S01012012,Level 4 and above,189,171,18,4,6,1,7
S01012013,All people aged 16 and over,649,593,56,6,7,9,34
S01012013,No qualifications,139,131,8,2,0,0,6
S01012013,Level 1,139,131,8,3,3,1,1
S01012013,Level 2,89,85,4,1,0,1,2
S01012013,Level 3,45,43,2,0,0,0,2
S01012013,Level 4 and above,237,203,34,0,4,7,23
S01012014,All people aged 16 and over,715,621,94,16,34,13,31
S01012014,No qualifications,201,181,20,5,9,2,4
S01012014,Level 1,167,146,21,4,10,2,5
S01012014,Level 2,80,78,2,0,1,0,1
S01012014,Level 3,60,55,5,0,1,1,3
S01012014,Level 4 and above,207,161,46,7,13,8,18
S01012015,All people aged 16 and over,780,733,47,12,8,10,17
S01012015,No qualifications,177,172,5,2,3,0,0
S01012015,Level 1,201,185,16,4,2,5,5
S01012015,Level 2,119,116,3,2,0,0,1
S01012015,Level 3,64,58,6,1,2,0,3
S01012015,Level 4 and above,219,202,17,3,1,5,8
S01012016,All people aged 16 and over,740,646,94,39,15,11,29
S01012016,No qualifications,149,147,2,2,0,0,0
S01012016,Level 1,161,138,23,11,5,0,7
S01012016,Level 2,103,96,7,2,0,1,4
S01012016,Level 3,73,63,10,3,4,2,1
S01012016,Level 4 and above,254,202,52,21,6,8,17
S01012017,All people aged 16 and over,432,392,40,5,6,1,28
S01012017,No qualifications,79,74,5,1,0,0,4
S01012017,Level 1,71,68,3,0,2,0,1
S01012017,Level 2,52,50,2,0,0,0,2
S01012017,Level 3,36,32,4,1,0,0,3
S01012017,Level 4 and above,194,168,26,3,4,1,18
S01012018,All people aged 16 and over,725,662,63,11,16,5,31
S01012018,No qualifications,122,119,3,0,1,0,2
S01012018,Level 1,168,160,8,2,1,0,5
S01012018,Level 2,98,97,1,0,0,0,1
S01012018,Level 3,74,56,18,5,8,1,4
S01012018,Level 4 and above,263,230,33,4,6,4,19
S01012019,All people aged 16 and over,661,637,24,4,0,2,18
S01012019,No qualifications,96,90,6,3,0,0,3
S01012019,Level 1,123,120,3,0,0,0,3
S01012019,Level 2,105,103,2,1,0,0,1
S01012019,Level 3,85,84,1,0,0,0,1
S01012019,Level 4 and above,252,240,12,0,0,2,10
S01012020,All people aged 16 and over,586,559,27,0,5,0,22
S01012020,No qualifications,178,175,3,0,0,0,3
S01012020,Level 1,96,93,3,0,0,0,3
S01012020,Level 2,69,68,1,0,0,0,1
S01012020,Level 3,48,46,2,0,1,0,1
S01012020,Level 4 and above,195,177,18,0,4,0,14
S01012021,All people aged 16 and over,472,463,9,0,2,1,6
S01012021,No qualifications,93,93,0,0,0,0,0
S01012021,Level 1,92,90,2,0,0,0,2
S01012021,Level 2,73,71,2,0,1,1,0
S01012021,Level 3,54,53,1,0,0,0,1
S01012021,Level 4 and above,160,156,4,0,1,0,3
S01012022,All people aged 16 and over,529,520,9,1,3,3,2
S01012022,No qualifications,153,151,2,0,0,2,0
S01012022,Level 1,105,105,0,0,0,0,0
S01012022,Level 2,65,64,1,1,0,0,0
S01012022,Level 3,57,57,0,0,0,0,0
S01012022,Level 4 and above,149,143,6,0,3,1,2
S01012023,All people aged 16 and over,449,428,21,0,0,2,19
S01012023,No qualifications,69,69,0,0,0,0,0
S01012023,Level 1,67,64,3,0,0,0,3
S01012023,Level 2,72,70,2,0,0,0,2
S01012023,Level 3,52,52,0,0,0,0,0
S01012023,Level 4 and above,189,173,16,0,0,2,14
S01012024,All people aged 16 and over,690,668,22,0,3,3,16
S01012024,No qualifications,109,108,1,0,0,0,1
S01012024,Level 1,140,139,1,0,0,1,0
S01012024,Level 2,116,114,2,0,0,0,2
S01012024,Level 3,88,85,3,0,0,0,3
S01012024,Level 4 and above,237,222,15,0,3,2,10
S01012025,All people aged 16 and over,563,553,10,1,0,0,9
S01012025,No qualifications,149,149,0,0,0,0,0
S01012025,Level 1,125,124,1,0,0,0,1
S01012025,Level 2,77,75,2,0,0,0,2
S01012025,Level 3,75,75,0,0,0,0,0
S01012025,Level 4 and above,137,130,7,1,0,0,6
S01012026,All people aged 16 and over,465,441,24,2,0,4,18
S01012026,No qualifications,43,39,4,0,0,0,4
S01012026,Level 1,103,101,2,0,0,1,1
S01012026,Level 2,81,78,3,0,0,0,3
S01012026,Level 3,67,64,3,0,0,2,1
S01012026,Level 4 and above,171,159,12,2,0,1,9
S01012027,All people aged 16 and over,841,801,40,7,10,6,17
S01012027,No qualifications,257,253,4,1,0,0,3
S01012027,Level 1,119,113,6,3,2,0,1
S01012027,Level 2,112,110,2,0,1,1,0
S01012027,Level 3,94,89,5,0,0,3,2
S01012027,Level 4 and above,259,236,23,3,7,2,11
S01012028,All people aged 16 and over,780,749,31,2,2,2,25
S01012028,No qualifications,75,71,4,1,1,0,2
S01012028,Level 1,108,103,5,0,0,2,3
S01012028,Level 2,134,129,5,0,0,0,5
S01012028,Level 3,100,93,7,0,0,0,7
S01012028,Level 4 and above,363,353,10,1,1,0,8
S01012029,All people aged 16 and over,1078,1048,30,5,3,1,21
S01012029,No qualifications,349,341,8,0,2,0,6
S01012029,Level 1,210,208,2,0,0,0,2
S01012029,Level 2,131,129,2,0,0,0,2
S01012029,Level 3,118,115,3,1,0,1,1
S01012029,Level 4 and above,270,255,15,4,1,0,10
S01012030,All people aged 16 and over,534,516,18,0,7,0,11
S01012030,No qualifications,97,94,3,0,1,0,2
S01012030,Level 1,117,114,3,0,0,0,3
S01012030,Level 2,78,78,0,0,0,0,0
S01012030,Level 3,52,49,3,0,2,0,1
S01012030,Level 4 and above,190,181,9,0,4,0,5
S01012031,All people aged 16 and over,461,444,17,0,4,2,11
S01012031,No qualifications,53,47,6,0,0,0,6
S01012031,Level 1,65,63,2,0,0,0,2
S01012031,Level 2,61,61,0,0,0,0,0
S01012031,Level 3,42,42,0,0,0,0,0
S01012031,Level 4 and above,240,231,9,0,4,2,3
S01012032,All people aged 16 and over,301,288,13,0,0,2,11
S01012032,No qualifications,51,51,0,0,0,0,0
S01012032,Level 1,52,51,1,0,0,0,1
S01012032,Level 2,39,39,0,0,0,0,0
S01012032,Level 3,34,34,0,0,0,0,0
S01012032,Level 4 and above,125,113,12,0,0,2,10
S01012033,All people aged 16 and over,696,683,13,1,0,1,11
S01012033,No qualifications,183,182,1,0,0,0,1
S01012033,Level 1,138,134,4,0,0,1,3
S01012033,Level 2,114,114,0,0,0,0,0
S01012033,Level 3,79,77,2,0,0,0,2
S01012033,Level 4 and above,182,176,6,1,0,0,5
S01012034,All people aged 16 and over,658,636,22,1,0,5,16
S01012034,No qualifications,176,170,6,0,0,0,6
S01012034,Level 1,125,124,1,0,0,0,1
S01012034,Level 2,95,92,3,1,0,0,2
S01012034,Level 3,62,61,1,0,0,1,0
S01012034,Level 4 and above,200,189,11,0,0,4,7
S01012035,All people aged 16 and over,772,756,16,1,2,0,13
S01012035,No qualifications,169,165,4,0,0,0,4
S01012035,Level 1,141,137,4,0,2,0,2
S01012035,Level 2,126,125,1,0,0,0,1
S01012035,Level 3,77,75,2,0,0,0,2
S01012035,Level 4 and above,259,254,5,1,0,0,4
S01012036,All people aged 16 and over,735,712,23,1,0,4,18
S01012036,No qualifications,113,110,3,0,0,0,3
S01012036,Level 1,160,159,1,0,0,0,1
S01012036,Level 2,125,124,1,0,0,0,1
S01012036,Level 3,92,88,4,1,0,1,2
S01012036,Level 4 and above,245,231,14,0,0,3,11
S01012037,All people aged 16 and over,762,749,13,1,1,4,7
S01012037,No qualifications,278,273,5,0,0,2,3
S01012037,Level 1,222,220,2,1,1,0,0
S01012037,Level 2,89,88,1,0,0,0,1
S01012037,Level 3,72,70,2,0,0,0,2
S01012037,Level 4 and above,101,98,3,0,0,2,1
S01012038,All people aged 16 and over,630,609,21,5,3,3,10
S01012038,No qualifications,233,231,2,1,0,0,1
S01012038,Level 1,232,224,8,4,0,2,2
S01012038,Level 2,72,69,3,0,1,0,2
S01012038,Level 3,42,41,1,0,0,0,1
S01012038,Level 4 and above,51,44,7,0,2,1,4
S01012039,All people aged 16 and over,801,776,25,11,2,2,10
S01012039,No qualifications,342,336,6,2,0,0,4
S01012039,Level 1,234,221,13,8,2,0,3
S01012039,Level 2,88,87,1,0,0,1,0
S01012039,Level 3,62,61,1,0,0,0,1
S01012039,Level 4 and above,75,71,4,1,0,1,2
S01012040,All people aged 16 and over,558,525,33,6,0,5,22
S01012040,No qualifications,127,114,13,0,0,1,12
S01012040,Level 1,155,147,8,5,0,2,1
S01012040,Level 2,91,89,2,1,0,0,1
S01012040,Level 3,68,66,2,0,0,0,2
S01012040,Level 4 and above,117,109,8,0,0,2,6
S01012041,All people aged 16 and over,721,701,20,1,5,2,12
S01012041,No qualifications,220,211,9,0,2,0,7
S01012041,Level 1,207,201,6,1,3,1,1
S01012041,Level 2,101,99,2,0,0,0,2
S01012041,Level 3,83,82,1,0,0,0,1
S01012041,Level 4 and above,110,108,2,0,0,1,1
S01012042,All people aged 16 and over,754,737,17,1,2,2,12
S01012042,No qualifications,283,279,4,1,0,0,3
S01012042,Level 1,193,190,3,0,0,0,3
S01012042,Level 2,89,88,1,0,0,0,1
S01012042,Level 3,72,68,4,0,1,0,3
S01012042,Level 4 and above,117,112,5,0,1,2,2
S01012043,All people aged 16 and over,687,656,31,4,6,3,18
S01012043,No qualifications,288,276,12,0,4,2,6
S01012043,Level 1,163,159,4,0,0,0,4
S01012043,Level 2,68,67,1,0,0,0,1
S01012043,Level 3,59,55,4,0,1,1,2
S01012043,Level 4 and above,109,99,10,4,1,0,5
S01012044,All people aged 16 and over,756,738,18,6,2,1,9
S01012044,No qualifications,369,365,4,1,0,0,3
S01012044,Level 1,172,166,6,3,1,0,2
S01012044,Level 2,71,70,1,0,1,0,0
S01012044,Level 3,51,50,1,0,0,0,1
S01012044,Level 4 and above,93,87,6,2,0,1,3
S01012045,All people aged 16 and over,903,865,38,9,3,5,21
S01012045,No qualifications,281,276,5,0,1,0,4
S01012045,Level 1,201,194,7,4,0,0,3
S01012045,Level 2,140,136,4,0,0,0,4
S01012045,Level 3,118,110,8,3,0,2,3
S01012045,Level 4 and above,163,149,14,2,2,3,7
S01012046,All people aged 16 and over,571,555,16,5,1,3,7
S01012046,No qualifications,240,239,1,0,0,0,1
S01012046,Level 1,161,152,9,5,0,2,2
S01012046,Level 2,64,63,1,0,0,0,1
S01012046,Level 3,41,39,2,0,0,0,2
S01012046,Level 4 and above,65,62,3,0,1,1,1
S01012047,All people aged 16 and over,805,775,30,5,6,7,12
S01012047,No qualifications,357,354,3,0,0,0,3
S01012047,Level 1,216,201,15,4,5,1,5
S01012047,Level 2,76,73,3,0,0,2,1
S01012047,Level 3,69,69,0,0,0,0,0
S01012047,Level 4 and above,87,78,9,1,1,4,3
S01012048,All people aged 16 and over,615,590,25,1,8,3,13
S01012048,No qualifications,263,260,3,0,0,0,3
S01012048,Level 1,128,123,5,0,3,1,1
S01012048,Level 2,78,78,0,0,0,0,0
S01012048,Level 3,64,61,3,1,0,0,2
S01012048,Level 4 and above,82,68,14,0,5,2,7
S01012049,All people aged 16 and over,575,561,14,1,2,6,5
S01012049,No qualifications,167,165,2,1,0,1,0
S01012049,Level 1,143,137,6,0,2,2,2
S01012049,Level 2,92,91,1,0,0,1,0
S01012049,Level 3,66,65,1,0,0,0,1
S01012049,Level 4 and above,107,103,4,0,0,2,2
S01012050,All people aged 16 and over,801,783,18,0,1,5,12
S01012050,No qualifications,180,178,2,0,0,0,2
S01012050,Level 1,228,226,2,0,0,2,0
S01012050,Level 2,128,125,3,0,0,0,3
S01012050,Level 3,112,111,1,0,0,1,0
S01012050,Level 4 and above,153,143,10,0,1,2,7
S01012051,All people aged 16 and over,427,412,15,1,0,0,14
S01012051,No qualifications,126,124,2,0,0,0,2
S01012051,Level 1,93,89,4,0,0,0,4
S01012051,Level 2,60,58,2,0,0,0,2
S01012051,Level 3,44,43,1,0,0,0,1
S01012051,Level 4 and above,104,98,6,1,0,0,5
S01012052,All people aged 16 and over,763,739,24,0,5,6,13
S01012052,No qualifications,261,254,7,0,0,0,7
S01012052,Level 1,191,185,6,0,3,1,2
S01012052,Level 2,86,81,5,0,1,2,2
S01012052,Level 3,82,80,2,0,0,1,1
S01012052,Level 4 and above,143,139,4,0,1,2,1
S01012053,All people aged 16 and over,750,738,12,0,0,0,12
S01012053,No qualifications,286,280,6,0,0,0,6
S01012053,Level 1,205,202,3,0,0,0,3
S01012053,Level 2,111,111,0,0,0,0,0
S01012053,Level 3,68,67,1,0,0,0,1
S01012053,Level 4 and above,80,78,2,0,0,0,2
S01012054,All people aged 16 and over,650,595,55,10,24,8,13
S01012054,No qualifications,206,201,5,1,2,0,2
S01012054,Level 1,205,193,12,3,5,0,4
S01012054,Level 2,90,83,7,0,3,2,2
S01012054,Level 3,68,57,11,1,8,2,0
S01012054,Level 4 and above,81,61,20,5,6,4,5
S01012055,All people aged 16 and over,735,714,21,1,2,2,16
S01012055,No qualifications,305,295,10,0,0,0,10
S01012055,Level 1,202,196,6,1,0,1,4
S01012055,Level 2,92,92,0,0,0,0,0
S01012055,Level 3,54,53,1,0,1,0,0
S01012055,Level 4 and above,82,78,4,0,1,1,2
S01012056,All people aged 16 and over,671,652,19,10,0,2,7
S01012056,No qualifications,170,166,4,0,0,1,3
S01012056,Level 1,159,149,10,10,0,0,0
S01012056,Level 2,116,114,2,0,0,0,2
S01012056,Level 3,60,60,0,0,0,0,0
S01012056,Level 4 and above,166,163,3,0,0,1,2
S01012057,All people aged 16 and over,669,649,20,1,1,3,15
S01012057,No qualifications,122,118,4,0,0,0,4
S01012057,Level 1,140,136,4,0,0,0,4
S01012057,Level 2,146,145,1,0,0,1,0
S01012057,Level 3,78,75,3,1,0,0,2
S01012057,Level 4 and above,183,175,8,0,1,2,5
S01012058,All people aged 16 and over,633,612,21,0,1,2,18
S01012058,No qualifications,134,128,6,0,0,0,6
S01012058,Level 1,124,119,5,0,1,0,4
S01012058,Level 2,112,112,0,0,0,0,0
S01012058,Level 3,72,68,4,0,0,0,4
S01012058,Level 4 and above,191,185,6,0,0,2,4
S01012059,All people aged 16 and over,706,686,20,0,4,5,11
S01012059,No qualifications,279,273,6,0,0,1,5
S01012059,Level 1,189,188,1,0,0,0,1
S01012059,Level 2,88,87,1,0,0,1,0
S01012059,Level 3,66,63,3,0,1,1,1
S01012059,Level 4 and above,84,75,9,0,3,2,4
S01012060,All people aged 16 and over,713,697,16,1,4,0,11
S01012060,No qualifications,281,279,2,0,0,0,2
S01012060,Level 1,145,144,1,0,0,0,1
S01012060,Level 2,94,91,3,0,1,0,2
S01012060,Level 3,74,72,2,1,1,0,0
S01012060,Level 4 and above,119,111,8,0,2,0,6
S01012061,All people aged 16 and over,830,801,29,1,0,2,26
S01012061,No qualifications,183,177,6,0,0,0,6
S01012061,Level 1,157,156,1,0,0,0,1
S01012061,Level 2,109,107,2,0,0,0,2
S01012061,Level 3,94,90,4,0,0,1,3
S01012061,Level 4 and above,287,271,16,1,0,1,14
S01012062,All people aged 16 and over,692,657,35,4,4,8,19
S01012062,No qualifications,132,126,6,0,0,0,6
S01012062,Level 1,163,155,8,1,0,1,6
S01012062,Level 2,139,134,5,0,2,1,2
S01012062,Level 3,93,89,4,1,0,3,0
S01012062,Level 4 and above,165,153,12,2,2,3,5
S01012063,All people aged 16 and over,406,382,24,4,6,2,12
S01012063,No qualifications,95,94,1,1,0,0,0
S01012063,Level 1,109,101,8,0,2,1,5
S01012063,Level 2,65,63,2,0,0,0,2
S01012063,Level 3,58,53,5,1,2,0,2
S01012063,Level 4 and above,79,71,8,2,2,1,3
S01012064,All people aged 16 and over,473,441,32,3,8,14,7
S01012064,No qualifications,176,174,2,0,0,0,2
S01012064,Level 1,155,148,7,1,4,1,1
S01012064,Level 2,41,40,1,0,0,0,1
S01012064,Level 3,43,35,8,0,1,6,1
S01012064,Level 4 and above,58,44,14,2,3,7,2
S01012065,All people aged 16 and over,416,388,28,1,8,13,6
S01012065,No qualifications,184,182,2,0,0,0,2
S01012065,Level 1,130,125,5,0,2,2,1
S01012065,Level 2,37,34,3,0,1,2,0
S01012065,Level 3,33,30,3,0,0,2,1
S01012065,Level 4 and above,32,17,15,1,5,7,2
S01012066,All people aged 16 and over,635,574,61,3,21,18,19
S01012066,No qualifications,244,228,16,1,7,0,8
S01012066,Level 1,190,179,11,0,3,6,2
S01012066,Level 2,72,68,4,0,2,1,1
S01012066,Level 3,49,42,7,0,2,3,2
S01012066,Level 4 and above,80,57,23,2,7,8,6
S01012067,All people aged 16 and over,419,405,14,0,2,2,10
S01012067,No qualifications,224,222,2,0,0,0,2
S01012067,Level 1,94,91,3,0,0,1,2
S01012067,Level 2,39,39,0,0,0,0,0
S01012067,Level 3,31,26,5,0,1,1,3
S01012067,Level 4 and above,31,27,4,0,1,0,3
S01012068,All people aged 16 and over,433,411,22,2,7,7,6
S01012068,No qualifications,240,234,6,0,2,1,3
S01012068,Level 1,107,103,4,1,0,2,1
S01012068,Level 2,33,33,0,0,0,0,0
S01012068,Level 3,32,28,4,1,1,1,1
S01012068,Level 4 and above,21,13,8,0,4,3,1
S01012069,All people aged 16 and over,403,387,16,2,6,4,4
S01012069,No qualifications,181,174,7,1,4,1,1
S01012069,Level 1,89,87,2,0,0,2,0
S01012069,Level 2,40,38,2,0,1,1,0
S01012069,Level 3,45,45,0,0,0,0,0
S01012069,Level 4 and above,48,43,5,1,1,0,3
S01012070,All people aged 16 and over,615,548,67,12,31,14,10
S01012070,No qualifications,257,247,10,2,4,2,2
S01012070,Level 1,152,139,13,1,3,5,4
S01012070,Level 2,42,41,1,0,0,0,1
S01012070,Level 3,78,60,18,2,10,5,1
S01012070,Level 4 and above,86,61,25,7,14,2,2
S01012071,All people aged 16 and over,915,791,124,26,50,19,29
S01012071,No qualifications,292,276,16,4,2,2,8
S01012071,Level 1,196,176,20,4,9,4,3
S01012071,Level 2,145,131,14,3,7,2,2
S01012071,Level 3,103,87,16,6,6,3,1
S01012071,Level 4 and above,179,121,58,9,26,8,15
S01012072,All people aged 16 and over,971,891,80,26,29,11,14
S01012072,No qualifications,360,346,14,3,4,0,7
S01012072,Level 1,190,182,8,2,4,2,0
S01012072,Level 2,133,125,8,2,3,3,0
S01012072,Level 3,94,82,12,2,4,3,3
S01012072,Level 4 and above,194,156,38,17,14,3,4
S01012073,All people aged 16 and over,564,516,48,12,16,8,12
S01012073,No qualifications,110,94,16,11,1,0,4
S01012073,Level 1,138,130,8,0,4,1,3
S01012073,Level 2,86,84,2,0,1,0,1
S01012073,Level 3,82,79,3,0,3,0,0
S01012073,Level 4 and above,148,129,19,1,7,7,4
S01012074,All people aged 16 and over,588,553,35,5,10,3,17
S01012074,No qualifications,95,89,6,1,2,1,2
S01012074,Level 1,134,127,7,1,2,1,3
S01012074,Level 2,114,114,0,0,0,0,0
S01012074,Level 3,65,62,3,0,0,1,2
S01012074,Level 4 and above,180,161,19,3,6,0,10
S01012075,All people aged 16 and over,582,573,9,0,0,0,9
S01012075,No qualifications,75,73,2,0,0,0,2
S01012075,Level 1,155,154,1,0,0,0,1
S01012075,Level 2,125,124,1,0,0,0,1
S01012075,Level 3,71,68,3,0,0,0,3
S01012075,Level 4 and above,156,154,2,0,0,0,2
S01012076,All people aged 16 and over,615,603,12,0,0,4,8
S01012076,No qualifications,182,180,2,0,0,0,2
S01012076,Level 1,146,144,2,0,0,0,2
S01012076,Level 2,97,97,0,0,0,0,0
S01012076,Level 3,61,59,2,0,0,0,2
S01012076,Level 4 and above,129,123,6,0,0,4,2
S01012077,All people aged 16 and over,587,558,29,2,4,10,13
S01012077,No qualifications,171,162,9,2,2,1,4
S01012077,Level 1,182,179,3,0,0,0,3
S01012077,Level 2,65,65,0,0,0,0,0
S01012077,Level 3,77,72,5,0,2,2,1
S01012077,Level 4 and above,92,80,12,0,0,7,5
S01012078,All people aged 16 and over,783,752,31,0,8,7,16
S01012078,No qualifications,202,195,7,0,1,2,4
S01012078,Level 1,196,190,6,0,1,0,5
S01012078,Level 2,109,106,3,0,2,1,0
S01012078,Level 3,94,87,7,0,2,3,2
S01012078,Level 4 and above,182,174,8,0,2,1,5
S01012079,All people aged 16 and over,763,739,24,0,6,5,13
S01012079,No qualifications,321,312,9,0,2,0,7
S01012079,Level 1,204,198,6,0,2,1,3
S01012079,Level 2,71,70,1,0,0,0,1
S01012079,Level 3,69,67,2,0,0,1,1
S01012079,Level 4 and above,98,92,6,0,2,3,1
S01012080,All people aged 16 and over,564,514,50,5,14,12,19
S01012080,No qualifications,156,152,4,0,0,0,4
S01012080,Level 1,182,164,18,1,8,4,5
S01012080,Level 2,66,63,3,0,0,0,3
S01012080,Level 3,76,71,5,0,0,4,1
S01012080,Level 4 and above,84,64,20,4,6,4,6
S01012081,All people aged 16 and over,581,561,20,0,5,4,11
S01012081,No qualifications,234,228,6,0,0,0,6
S01012081,Level 1,161,156,5,0,1,1,3
S01012081,Level 2,71,70,1,0,0,0,1
S01012081,Level 3,56,55,1,0,0,1,0
S01012081,Level 4 and above,59,52,7,0,4,2,1
S01012082,All people aged 16 and over,512,496,16,0,1,6,9
S01012082,No qualifications,215,211,4,0,1,0,3
S01012082,Level 1,151,147,4,0,0,0,4
S01012082,Level 2,56,55,1,0,0,0,1
S01012082,Level 3,48,45,3,0,0,3,0
S01012082,Level 4 and above,42,38,4,0,0,3,1
S01012083,All people aged 16 and over,643,632,11,0,0,1,10
S01012083,No qualifications,295,289,6,0,0,0,6
S01012083,Level 1,163,162,1,0,0,0,1
S01012083,Level 2,76,74,2,0,0,0,2
S01012083,Level 3,54,53,1,0,0,0,1
S01012083,Level 4 and above,55,54,1,0,0,1,0
S01012084,All people aged 16 and over,487,473,14,3,4,0,7
S01012084,No qualifications,135,131,4,2,2,0,0
S01012084,Level 1,123,121,2,0,0,0,2
S01012084,Level 2,76,75,1,0,0,0,1
S01012084,Level 3,67,63,4,1,1,0,2
S01012084,Level 4 and above,86,83,3,0,1,0,2
S01012085,All people aged 16 and over,588,577,11,0,0,3,8
S01012085,No qualifications,166,164,2,0,0,0,2
S01012085,Level 1,142,139,3,0,0,2,1
S01012085,Level 2,111,109,2,0,0,0,2
S01012085,Level 3,70,69,1,0,0,0,1
S01012085,Level 4 and above,99,96,3,0,0,1,2
S01012086,All people aged 16 and over,750,727,23,1,4,3,15
S01012086,No qualifications,273,267,6,0,0,0,6
S01012086,Level 1,238,235,3,0,2,0,1
S01012086,Level 2,106,103,3,0,0,0,3
S01012086,Level 3,63,60,3,0,1,1,1
S01012086,Level 4 and above,70,62,8,1,1,2,4
S01012087,All people aged 16 and over,608,598,10,0,0,0,10
S01012087,No qualifications,215,211,4,0,0,0,4
S01012087,Level 1,173,170,3,0,0,0,3
S01012087,Level 2,74,74,0,0,0,0,0
S01012087,Level 3,73,72,1,0,0,0,1
S01012087,Level 4 and above,73,71,2,0,0,0,2
S01012088,All people aged 16 and over,555,535,20,0,2,4,14
S01012088,No qualifications,96,92,4,0,1,0,3
S01012088,Level 1,143,141,2,0,0,0,2
S01012088,Level 2,87,87,0,0,0,0,0
S01012088,Level 3,71,66,5,0,0,1,4
S01012088,Level 4 and above,158,149,9,0,1,3,5
S01012089,All people aged 16 and over,692,675,17,0,1,1,15
S01012089,No qualifications,109,105,4,0,1,0,3
S01012089,Level 1,134,132,2,0,0,0,2
S01012089,Level 2,119,118,1,0,0,1,0
S01012089,Level 3,102,101,1,0,0,0,1
S01012089,Level 4 and above,228,219,9,0,0,0,9
S01012090,All people aged 16 and over,770,740,30,6,2,3,19
S01012090,No qualifications,123,115,8,0,0,1,7
S01012090,Level 1,114,110,4,1,1,1,1
S01012090,Level 2,120,120,0,0,0,0,0
S01012090,Level 3,103,99,4,1,0,0,3
S01012090,Level 4 and above,310,296,14,4,1,1,8
S01012091,All people aged 16 and over,465,450,15,2,0,1,12
S01012091,No qualifications,98,95,3,0,0,0,3
S01012091,Level 1,110,109,1,0,0,0,1
S01012091,Level 2,89,86,3,0,0,0,3
S01012091,Level 3,57,56,1,0,0,0,1
S01012091,Level 4 and above,111,104,7,2,0,1,4
S01012092,All people aged 16 and over,433,412,21,0,8,2,11
S01012092,No qualifications,90,89,1,0,1,0,0
S01012092,Level 1,98,87,11,0,6,1,4
S01012092,Level 2,79,77,2,0,1,0,1
S01012092,Level 3,59,59,0,0,0,0,0
S01012092,Level 4 and above,107,100,7,0,0,1,6
S01012093,All people aged 16 and over,478,463,15,1,2,3,9
S01012093,No qualifications,103,102,1,0,1,0,0
S01012093,Level 1,91,87,4,1,0,0,3
S01012093,Level 2,72,69,3,0,0,1,2
S01012093,Level 3,68,66,2,0,1,0,1
S01012093,Level 4 and above,144,139,5,0,0,2,3
S01012094,All people aged 16 and over,683,661,22,2,0,0,20
S01012094,No qualifications,148,139,9,2,0,0,7
S01012094,Level 1,107,103,4,0,0,0,4
S01012094,Level 2,112,110,2,0,0,0,2
S01012094,Level 3,59,58,1,0,0,0,1
S01012094,Level 4 and above,257,251,6,0,0,0,6
S01012095,All people aged 16 and over,874,857,17,0,1,6,10
S01012095,No qualifications,218,217,1,0,0,0,1
S01012095,Level 1,223,221,2,0,0,0,2
S01012095,Level 2,162,160,2,0,0,1,1
S01012095,Level 3,84,81,3,0,0,1,2
S01012095,Level 4 and above,187,178,9,0,1,4,4
S01012096,All people aged 16 and over,725,706,19,0,0,2,17
S01012096,No qualifications,287,282,5,0,0,0,5
S01012096,Level 1,208,203,5,0,0,0,5
S01012096,Level 2,88,87,1,0,0,0,1
S01012096,Level 3,68,65,3,0,0,1,2
S01012096,Level 4 and above,74,69,5,0,0,1,4
S01012097,All people aged 16 and over,537,522,15,1,1,3,10
S01012097,No qualifications,200,193,7,0,0,0,7
S01012097,Level 1,157,155,2,0,0,1,1
S01012097,Level 2,61,61,0,0,0,0,0
S01012097,Level 3,50,48,2,0,0,0,2
S01012097,Level 4 and above,69,65,4,1,1,2,0
S01012098,All people aged 16 and over,509,491,18,0,6,4,8
S01012098,No qualifications,190,188,2,0,0,0,2
S01012098,Level 1,151,145,6,0,2,2,2
S01012098,Level 2,63,62,1,0,0,1,0
S01012098,Level 3,42,39,3,0,1,0,2
S01012098,Level 4 and above,63,57,6,0,3,1,2
S01012099,All people aged 16 and over,737,702,35,4,8,6,17
S01012099,No qualifications,317,303,14,0,2,2,10
S01012099,Level 1,194,187,7,2,1,1,3
S01012099,Level 2,76,76,0,0,0,0,0
S01012099,Level 3,66,62,4,0,1,2,1
S01012099,Level 4 and above,84,74,10,2,4,1,3
S01012100,All people aged 16 and over,876,841,35,2,5,3,25
S01012100,No qualifications,366,351,15,0,1,1,13
S01012100,Level 1,209,202,7,0,1,0,6
S01012100,Level 2,111,109,2,0,1,0,1
S01012100,Level 3,68,65,3,1,1,0,1
S01012100,Level 4 and above,122,114,8,1,1,2,4
S01012101,All people aged 16 and over,662,643,19,2,0,0,17
S01012101,No qualifications,116,113,3,1,0,0,2
S01012101,Level 1,119,118,1,1,0,0,0
S01012101,Level 2,109,107,2,0,0,0,2
S01012101,Level 3,71,68,3,0,0,0,3
S01012101,Level 4 and above,247,237,10,0,0,0,10
S01012102,All people aged 16 and over,501,484,17,0,2,8,7
S01012102,No qualifications,153,152,1,0,0,0,1
S01012102,Level 1,154,151,3,0,0,1,2
S01012102,Level 2,61,60,1,0,1,0,0
S01012102,Level 3,64,59,5,0,0,3,2
S01012102,Level 4 and above,69,62,7,0,1,4,2
S01012103,All people aged 16 and over,763,726,37,5,10,8,14
S01012103,No qualifications,167,164,3,0,0,0,3
S01012103,Level 1,195,190,5,1,1,0,3
S01012103,Level 2,134,130,4,1,2,1,0
S01012103,Level 3,94,85,9,2,3,0,4
S01012103,Level 4 and above,173,157,16,1,4,7,4
S01012104,All people aged 16 and over,700,668,32,0,6,8,18
S01012104,No qualifications,71,67,4,0,0,1,3
S01012104,Level 1,158,154,4,0,2,1,1
S01012104,Level 2,124,119,5,0,2,1,2
S01012104,Level 3,95,94,1,0,0,0,1
S01012104,Level 4 and above,252,234,18,0,2,5,11
S01012105,All people aged 16 and over,928,874,54,10,8,10,26
S01012105,No qualifications,165,159,6,0,1,0,5
S01012105,Level 1,170,160,10,4,1,1,4
S01012105,Level 2,159,156,3,0,0,0,3
S01012105,Level 3,115,108,7,1,0,4,2
S01012105,Level 4 and above,319,291,28,5,6,5,12
S01012106,All people aged 16 and over,897,844,53,3,10,9,31
S01012106,No qualifications,120,113,7,0,0,0,7
S01012106,Level 1,172,166,6,1,0,2,3
S01012106,Level 2,168,166,2,0,0,0,2
S01012106,Level 3,99,97,2,0,0,0,2
S01012106,Level 4 and above,338,302,36,2,10,7,17
S01012107,All people aged 16 and over,587,562,25,0,4,2,19
S01012107,No qualifications,120,115,5,0,0,0,5
S01012107,Level 1,100,98,2,0,2,0,0
S01012107,Level 2,72,72,0,0,0,0,0
S01012107,Level 3,59,56,3,0,1,0,2
S01012107,Level 4 and above,236,221,15,0,1,2,12
S01012108,All people aged 16 and over,852,816,36,4,5,10,17
S01012108,No qualifications,444,429,15,1,2,0,12
S01012108,Level 1,152,148,4,1,0,2,1
S01012108,Level 2,84,81,3,0,0,1,2
S01012108,Level 3,50,46,4,1,1,2,0
S01012108,Level 4 and above,122,112,10,1,2,5,2
S01012109,All people aged 16 and over,766,687,79,7,30,21,21
S01012109,No qualifications,224,214,10,1,4,0,5
S01012109,Level 1,184,169,15,0,7,3,5
S01012109,Level 2,102,94,8,0,2,2,4
S01012109,Level 3,92,78,14,4,5,3,2
S01012109,Level 4 and above,164,132,32,2,12,13,5
S01012110,All people aged 16 and over,635,611,24,2,9,2,11
S01012110,No qualifications,242,234,8,0,3,0,5
S01012110,Level 1,122,116,6,1,3,1,1
S01012110,Level 2,70,69,1,0,0,0,1
S01012110,Level 3,67,65,2,0,0,0,2
S01012110,Level 4 and above,134,127,7,1,3,1,2
S01012111,All people aged 16 and over,461,421,40,11,9,13,7
S01012111,No qualifications,135,131,4,0,1,1,2
S01012111,Level 1,126,119,7,0,4,2,1
S01012111,Level 2,64,61,3,1,0,0,2
S01012111,Level 3,50,37,13,9,2,2,0
S01012111,Level 4 and above,86,73,13,1,2,8,2
S01012112,All people aged 16 and over,666,645,21,0,3,6,12
S01012112,No qualifications,254,247,7,0,1,1,5
S01012112,Level 1,109,105,4,0,0,3,1
S01012112,Level 2,70,69,1,0,0,1,0
S01012112,Level 3,72,71,1,0,0,0,1
S01012112,Level 4 and above,161,153,8,0,2,1,5
S01012113,All people aged 16 and over,866,838,28,3,1,4,20
S01012113,No qualifications,304,299,5,0,0,0,5
S01012113,Level 1,188,184,4,0,0,2,2
S01012113,Level 2,123,120,3,1,0,0,2
S01012113,Level 3,79,78,1,0,0,0,1
S01012113,Level 4 and above,172,157,15,2,1,2,10
S01012114,All people aged 16 and over,834,696,138,115,3,2,18
S01012114,No qualifications,108,100,8,4,0,0,4
S01012114,Level 1,131,108,23,21,0,0,2
S01012114,Level 2,149,141,8,5,0,0,3
S01012114,Level 3,96,73,23,20,2,0,1
S01012114,Level 4 and above,350,274,76,65,1,2,8
S01012115,All people aged 16 and over,429,417,12,1,2,2,7
S01012115,No qualifications,183,178,5,0,0,0,5
S01012115,Level 1,106,105,1,0,1,0,0
S01012115,Level 2,36,36,0,0,0,0,0
S01012115,Level 3,41,40,1,0,0,0,1
S01012115,Level 4 and above,63,58,5,1,1,2,1
S01012116,All people aged 16 and over,498,475,23,1,1,5,16
S01012116,No qualifications,204,195,9,0,0,0,9
S01012116,Level 1,120,118,2,0,0,1,1
S01012116,Level 2,69,67,2,0,0,0,2
S01012116,Level 3,38,36,2,0,0,0,2
S01012116,Level 4 and above,67,59,8,1,1,4,2
S01012117,All people aged 16 and over,575,558,17,2,2,3,10
S01012117,No qualifications,65,63,2,0,0,0,2
S01012117,Level 1,108,106,2,0,1,0,1
S01012117,Level 2,108,107,1,0,0,0,1
S01012117,Level 3,93,91,2,0,1,1,0
S01012117,Level 4 and above,201,191,10,2,0,2,6
S01012118,All people aged 16 and over,494,473,21,1,6,5,9
S01012118,No qualifications,55,51,4,0,0,0,4
S01012118,Level 1,130,126,4,0,2,1,1
S01012118,Level 2,102,99,3,1,0,1,1
S01012118,Level 3,56,55,1,0,1,0,0
S01012118,Level 4 and above,151,142,9,0,3,3,3
S01012119,All people aged 16 and over,741,716,25,1,0,1,23
S01012119,No qualifications,154,146,8,0,0,1,7
S01012119,Level 1,195,191,4,0,0,0,4
S01012119,Level 2,125,124,1,0,0,0,1
S01012119,Level 3,80,79,1,0,0,0,1
S01012119,Level 4 and above,187,176,11,1,0,0,10
S01012120,All people aged 16 and over,468,444,24,0,10,1,13
S01012120,No qualifications,155,150,5,0,0,0,5
S01012120,Level 1,129,125,4,0,4,0,0
S01012120,Level 2,53,50,3,0,2,0,1
S01012120,Level 3,61,57,4,0,0,0,4
S01012120,Level 4 and above,70,62,8,0,4,1,3
S01012121,All people aged 16 and over,787,752,35,3,6,8,18
S01012121,No qualifications,343,331,12,0,0,1,11
S01012121,Level 1,208,203,5,1,1,0,3
S01012121,Level 2,76,74,2,1,1,0,0
S01012121,Level 3,65,60,5,0,1,0,4
S01012121,Level 4 and above,95,84,11,1,3,7,0
S01012122,All people aged 16 and over,671,660,11,0,0,0,11
S01012122,No qualifications,267,264,3,0,0,0,3
S01012122,Level 1,166,164,2,0,0,0,2
S01012122,Level 2,72,72,0,0,0,0,0
S01012122,Level 3,64,63,1,0,0,0,1
S01012122,Level 4 and above,102,97,5,0,0,0,5
S01012123,All people aged 16 and over,429,391,38,3,3,10,22
S01012123,No qualifications,107,96,11,0,1,2,8
S01012123,Level 1,84,81,3,0,0,1,2
S01012123,Level 2,69,67,2,0,0,0,2
S01012123,Level 3,55,51,4,0,1,0,3
S01012123,Level 4 and above,114,96,18,3,1,7,7
S01012124,All people aged 16 and over,447,417,30,2,4,8,16
S01012124,No qualifications,94,90,4,0,1,0,3
S01012124,Level 1,98,93,5,0,2,0,3
S01012124,Level 2,86,82,4,0,0,1,3
S01012124,Level 3,69,65,4,1,0,0,3
S01012124,Level 4 and above,100,87,13,1,1,7,4
S01012125,All people aged 16 and over,665,623,42,0,13,8,21
S01012125,No qualifications,224,212,12,0,2,1,9
S01012125,Level 1,153,149,4,0,1,1,2
S01012125,Level 2,78,77,1,0,0,0,1
S01012125,Level 3,98,89,9,0,3,3,3
S01012125,Level 4 and above,112,96,16,0,7,3,6
S01012126,All people aged 16 and over,673,622,51,5,11,15,20
S01012126,No qualifications,123,116,7,2,1,0,4
S01012126,Level 1,131,126,5,0,1,1,3
S01012126,Level 2,119,117,2,0,0,0,2
S01012126,Level 3,82,73,9,1,1,4,3
S01012126,Level 4 and above,218,190,28,2,8,10,8
S01012127,All people aged 16 and over,745,613,132,51,28,30,23
S01012127,No qualifications,157,150,7,1,2,0,4
S01012127,Level 1,176,153,23,9,9,1,4
S01012127,Level 2,111,88,23,20,0,1,2
S01012127,Level 3,104,82,22,8,5,7,2
S01012127,Level 4 and above,197,140,57,13,12,21,11
S01012128,All people aged 16 and over,421,367,54,4,18,10,22
S01012128,No qualifications,67,64,3,0,1,0,2
S01012128,Level 1,93,90,3,2,0,0,1
S01012128,Level 2,75,71,4,0,3,0,1
S01012128,Level 3,53,47,6,1,3,1,1
S01012128,Level 4 and above,133,95,38,1,11,9,17
S01012129,All people aged 16 and over,607,568,39,7,8,10,14
S01012129,No qualifications,166,158,8,2,1,1,4
S01012129,Level 1,144,139,5,1,0,2,2
S01012129,Level 2,87,85,2,0,1,0,1
S01012129,Level 3,63,57,6,1,1,2,2
S01012129,Level 4 and above,147,129,18,3,5,5,5
S01012130,All people aged 16 and over,982,932,50,5,11,8,26
S01012130,No qualifications,405,386,19,1,2,1,15
S01012130,Level 1,190,184,6,0,1,3,2
S01012130,Level 2,105,104,1,0,0,0,1
S01012130,Level 3,83,75,8,0,4,0,4
S01012130,Level 4 and above,199,183,16,4,4,4,4
S01012131,All people aged 16 and over,997,791,206,120,40,22,24
S01012131,No qualifications,274,254,20,11,2,1,6
S01012131,Level 1,229,198,31,21,7,1,2
S01012131,Level 2,128,119,9,2,2,4,1
S01012131,Level 3,106,89,17,6,5,3,3
S01012131,Level 4 and above,260,131,129,80,24,13,12
S01012132,All people aged 16 and over,592,474,118,48,25,22,23
S01012132,No qualifications,165,143,22,9,5,3,5
S01012132,Level 1,108,90,18,8,5,4,1
S01012132,Level 2,76,71,5,0,1,0,4
S01012132,Level 3,71,57,14,6,4,1,3
S01012132,Level 4 and above,172,113,59,25,10,14,10
S01012133,All people aged 16 and over,788,582,206,138,24,24,20
S01012133,No qualifications,107,90,17,10,4,3,0
S01012133,Level 1,178,139,39,34,0,3,2
S01012133,Level 2,122,111,11,5,3,1,2
S01012133,Level 3,97,66,31,19,2,8,2
S01012133,Level 4 and above,284,176,108,70,15,9,14
S01012134,All people aged 16 and over,1060,970,90,38,7,14,31
S01012134,No qualifications,244,235,9,1,0,0,8
S01012134,Level 1,178,166,12,5,1,3,3
S01012134,Level 2,155,150,5,1,0,1,3
S01012134,Level 3,118,102,16,13,0,0,3
S01012134,Level 4 and above,365,317,48,18,6,10,14
S01012135,All people aged 16 and over,744,690,54,14,9,14,17
S01012135,No qualifications,254,247,7,0,0,0,7
S01012135,Level 1,189,176,13,3,3,3,4
S01012135,Level 2,86,83,3,0,1,1,1
S01012135,Level 3,88,77,11,2,3,4,2
S01012135,Level 4 and above,127,107,20,9,2,6,3
S01012136,All people aged 16 and over,715,591,124,34,50,15,25
S01012136,No qualifications,159,147,12,0,5,3,4
S01012136,Level 1,167,155,12,2,5,2,3
S01012136,Level 2,97,93,4,0,0,1,3
S01012136,Level 3,102,77,25,11,3,1,10
S01012136,Level 4 and above,190,119,71,21,37,8,5
S01012137,All people aged 16 and over,608,568,40,9,5,10,16
S01012137,No qualifications,198,190,8,0,1,0,7
S01012137,Level 1,155,150,5,2,1,0,2
S01012137,Level 2,80,77,3,0,1,0,2
S01012137,Level 3,49,43,6,4,0,1,1
S01012137,Level 4 and above,126,108,18,3,2,9,4
S01012138,All people aged 16 and over,785,739,46,19,3,3,21
S01012138,No qualifications,193,189,4,0,0,0,4
S01012138,Level 1,123,118,5,0,1,0,4
S01012138,Level 2,125,124,1,0,0,0,1
S01012138,Level 3,96,79,17,16,0,0,1
S01012138,Level 4 and above,248,229,19,3,2,3,11
S01012139,All people aged 16 and over,783,754,29,10,3,1,15
S01012139,No qualifications,246,241,5,0,2,0,3
S01012139,Level 1,178,175,3,0,0,0,3
S01012139,Level 2,102,99,3,0,0,0,3
S01012139,Level 3,89,81,8,8,0,0,0
S01012139,Level 4 and above,168,158,10,2,1,1,6
S01012140,All people aged 16 and over,441,422,19,2,2,1,14
S01012140,No qualifications,77,71,6,0,0,0,6
S01012140,Level 1,62,61,1,0,1,0,0
S01012140,Level 2,71,70,1,0,0,0,1
S01012140,Level 3,61,56,5,2,1,0,2
S01012140,Level 4 and above,170,164,6,0,0,1,5
S01012141,All people aged 16 and over,829,802,27,2,4,4,17
S01012141,No qualifications,157,151,6,1,0,0,5
S01012141,Level 1,149,144,5,0,1,0,4
S01012141,Level 2,165,164,1,0,0,0,1
S01012141,Level 3,104,101,3,0,1,0,2
S01012141,Level 4 and above,254,242,12,1,2,4,5
S01012142,All people aged 16 and over,800,778,22,0,2,6,14
S01012142,No qualifications,167,161,6,0,0,0,6
S01012142,Level 1,152,149,3,0,0,2,1
S01012142,Level 2,125,124,1,0,0,0,1
S01012142,Level 3,100,97,3,0,0,1,2
S01012142,Level 4 and above,256,247,9,0,2,3,4
S01012143,All people aged 16 and over,766,737,29,0,0,3,26
S01012143,No qualifications,149,135,14,0,0,0,14
S01012143,Level 1,128,124,4,0,0,0,4
S01012143,Level 2,138,137,1,0,0,0,1
S01012143,Level 3,73,70,3,0,0,2,1
S01012143,Level 4 and above,278,271,7,0,0,1,6
S01012144,All people aged 16 and over,874,842,32,4,0,1,27
S01012144,No qualifications,199,187,12,0,0,0,12
S01012144,Level 1,156,156,0,0,0,0,0
S01012144,Level 2,129,124,5,0,0,0,5
S01012144,Level 3,115,108,7,4,0,1,2
S01012144,Level 4 and above,275,267,8,0,0,0,8
S01012145,All people aged 16 and over,836,793,43,0,1,2,40
S01012145,No qualifications,132,119,13,0,0,1,12
S01012145,Level 1,117,113,4,0,0,0,4
S01012145,Level 2,133,131,2,0,0,0,2
S01012145,Level 3,91,88,3,0,1,0,2
S01012145,Level 4 and above,363,342,21,0,0,1,20
S01012146,All people aged 16 and over,819,755,64,8,31,3,22
S01012146,No qualifications,312,299,13,0,3,1,9
S01012146,Level 1,181,175,6,3,1,0,2
S01012146,Level 2,86,80,6,0,2,0,4
S01012146,Level 3,96,90,6,0,4,1,1
S01012146,Level 4 and above,144,111,33,5,21,1,6
S01012147,All people aged 16 and over,622,581,41,4,9,7,21
S01012147,No qualifications,245,234,11,0,1,0,10
S01012147,Level 1,162,154,8,1,2,1,4
S01012147,Level 2,69,64,5,1,0,1,3
S01012147,Level 3,68,65,3,0,2,0,1
S01012147,Level 4 and above,78,64,14,2,4,5,3
S01012148,All people aged 16 and over,574,558,16,0,5,4,7
S01012148,No qualifications,213,209,4,0,0,0,4
S01012148,Level 1,175,172,3,0,1,0,2
S01012148,Level 2,58,57,1,0,1,0,0
S01012148,Level 3,68,67,1,0,1,0,0
S01012148,Level 4 and above,60,53,7,0,2,4,1
S01012149,All people aged 16 and over,693,637,56,2,12,10,32
S01012149,No qualifications,170,155,15,0,0,2,13
S01012149,Level 1,168,158,10,0,2,1,7
S01012149,Level 2,108,103,5,0,4,1,0
S01012149,Level 3,91,84,7,0,1,3,3
S01012149,Level 4 and above,156,137,19,2,5,3,9
S01012150,All people aged 16 and over,623,601,22,0,0,10,12
S01012150,No qualifications,280,275,5,0,0,0,5
S01012150,Level 1,157,155,2,0,0,1,1
S01012150,Level 2,62,61,1,0,0,1,0
S01012150,Level 3,50,47,3,0,0,1,2
S01012150,Level 4 and above,74,63,11,0,0,7,4
S01012151,All people aged 16 and over,626,607,19,2,2,4,11
S01012151,No qualifications,265,258,7,0,0,0,7
S01012151,Level 1,156,155,1,0,1,0,0
S01012151,Level 2,72,70,2,1,0,0,1
S01012151,Level 3,56,53,3,0,1,1,1
S01012151,Level 4 and above,77,71,6,1,0,3,2
S01012152,All people aged 16 and over,601,562,39,3,10,7,19
S01012152,No qualifications,245,237,8,0,1,1,6
S01012152,Level 1,181,173,8,1,1,3,3
S01012152,Level 2,60,57,3,0,1,0,2
S01012152,Level 3,59,55,4,0,2,1,1
S01012152,Level 4 and above,56,40,16,2,5,2,7
S01012153,All people aged 16 and over,447,409,38,4,14,8,12
S01012153,No qualifications,125,123,2,0,0,0,2
S01012153,Level 1,119,117,2,0,0,1,1
S01012153,Level 2,65,61,4,0,1,1,2
S01012153,Level 3,53,49,4,0,1,1,2
S01012153,Level 4 and above,85,59,26,4,12,5,5
S01012154,All people aged 16 and over,688,601,87,25,34,17,11
S01012154,No qualifications,224,208,16,6,4,2,4
S01012154,Level 1,182,165,17,3,9,3,2
S01012154,Level 2,73,69,4,2,0,1,1
S01012154,Level 3,95,73,22,5,10,7,0
S01012154,Level 4 and above,114,86,28,9,11,4,4
S01012155,All people aged 16 and over,497,466,31,2,11,9,9
S01012155,No qualifications,169,162,7,1,1,1,4
S01012155,Level 1,128,121,7,1,3,1,2
S01012155,Level 2,52,51,1,0,1,0,0
S01012155,Level 3,60,54,6,0,3,1,2
S01012155,Level 4 and above,88,78,10,0,3,6,1
S01012156,All people aged 16 and over,529,511,18,0,3,4,11
S01012156,No qualifications,228,223,5,0,1,0,4
S01012156,Level 1,131,129,2,0,1,1,0
S01012156,Level 2,58,56,2,0,0,1,1
S01012156,Level 3,48,46,2,0,0,0,2
S01012156,Level 4 and above,64,57,7,0,1,2,4
S01012157,All people aged 16 and over,802,737,65,6,24,13,22
S01012157,No qualifications,271,264,7,1,2,1,3
S01012157,Level 1,193,184,9,0,3,1,5
S01012157,Level 2,106,102,4,0,2,0,2
S01012157,Level 3,91,77,14,1,4,3,6
S01012157,Level 4 and above,141,110,31,4,13,8,6
S01012158,All people aged 16 and over,877,809,68,7,13,10,38
S01012158,No qualifications,169,160,9,1,2,0,6
S01012158,Level 1,204,195,9,1,0,1,7
S01012158,Level 2,116,108,8,1,0,1,6
S01012158,Level 3,140,127,13,2,6,3,2
S01012158,Level 4 and above,248,219,29,2,5,5,17
S01012159,All people aged 16 and over,454,441,13,2,0,3,8
S01012159,No qualifications,131,130,1,1,0,0,0
S01012159,Level 1,103,98,5,1,0,2,2
S01012159,Level 2,71,71,0,0,0,0,0
S01012159,Level 3,63,61,2,0,0,0,2
S01012159,Level 4 and above,86,81,5,0,0,1,4
S01012160,All people aged 16 and over,569,551,18,3,1,1,13
S01012160,No qualifications,152,146,6,0,0,0,6
S01012160,Level 1,133,130,3,0,1,0,2
S01012160,Level 2,88,87,1,0,0,0,1
S01012160,Level 3,76,76,0,0,0,0,0
S01012160,Level 4 and above,120,112,8,3,0,1,4
S01012161,All people aged 16 and over,343,315,28,4,10,2,12
S01012161,No qualifications,130,121,9,1,0,0,8
S01012161,Level 1,102,100,2,0,2,0,0
S01012161,Level 2,32,28,4,0,3,0,1
S01012161,Level 3,34,29,5,0,2,2,1
S01012161,Level 4 and above,45,37,8,3,3,0,2
S01012162,All people aged 16 and over,731,674,57,10,11,15,21
S01012162,No qualifications,232,225,7,0,0,1,6
S01012162,Level 1,189,172,17,4,2,4,7
S01012162,Level 2,93,91,2,0,1,0,1
S01012162,Level 3,86,79,7,2,2,1,2
S01012162,Level 4 and above,131,107,24,4,6,9,5
S01012163,All people aged 16 and over,586,529,57,5,22,11,19
S01012163,No qualifications,157,148,9,0,0,1,8
S01012163,Level 1,152,140,12,1,6,3,2
S01012163,Level 2,72,67,5,0,2,1,2
S01012163,Level 3,72,70,2,0,1,0,1
S01012163,Level 4 and above,133,104,29,4,13,6,6
S01012164,All people aged 16 and over,804,740,64,4,11,18,31
S01012164,No qualifications,96,88,8,1,3,1,3
S01012164,Level 1,206,195,11,1,2,4,4
S01012164,Level 2,170,163,7,0,0,0,7
S01012164,Level 3,115,108,7,0,0,1,6
S01012164,Level 4 and above,217,186,31,2,6,12,11
S01012165,All people aged 16 and over,712,671,41,5,16,4,16
S01012165,No qualifications,263,252,11,0,6,0,5
S01012165,Level 1,204,199,5,1,2,0,2
S01012165,Level 2,92,87,5,1,0,2,2
S01012165,Level 3,70,60,10,2,3,0,5
S01012165,Level 4 and above,83,73,10,1,5,2,2
S01012166,All people aged 16 and over,490,471,19,2,6,3,8
S01012166,No qualifications,150,146,4,0,2,1,1
S01012166,Level 1,147,145,2,0,1,1,0
S01012166,Level 2,57,56,1,0,0,0,1
S01012166,Level 3,68,63,5,1,1,1,2
S01012166,Level 4 and above,68,61,7,1,2,0,4
S01012167,All people aged 16 and over,690,667,23,1,5,3,14
S01012167,No qualifications,248,243,5,0,1,1,3
S01012167,Level 1,172,169,3,0,0,0,3
S01012167,Level 2,91,89,2,0,0,0,2
S01012167,Level 3,75,72,3,0,0,0,3
S01012167,Level 4 and above,104,94,10,1,4,2,3
S01012168,All people aged 16 and over,714,693,21,3,0,3,15
S01012168,No qualifications,180,173,7,0,0,0,7
S01012168,Level 1,163,162,1,0,0,0,1
S01012168,Level 2,124,121,3,0,0,0,3
S01012168,Level 3,80,80,0,0,0,0,0
S01012168,Level 4 and above,167,157,10,3,0,3,4
S01012169,All people aged 16 and over,725,702,23,3,0,3,17
S01012169,No qualifications,266,258,8,1,0,0,7
S01012169,Level 1,162,155,7,0,0,2,5
S01012169,Level 2,91,90,1,0,0,0,1
S01012169,Level 3,96,95,1,0,0,0,1
S01012169,Level 4 and above,110,104,6,2,0,1,3
S01012170,All people aged 16 and over,849,832,17,1,1,0,15
S01012170,No qualifications,349,346,3,0,0,0,3
S01012170,Level 1,192,187,5,0,1,0,4
S01012170,Level 2,91,90,1,0,0,0,1
S01012170,Level 3,103,100,3,0,0,0,3
S01012170,Level 4 and above,114,109,5,1,0,0,4
S01012171,All people aged 16 and over,832,817,15,0,3,2,10
S01012171,No qualifications,317,313,4,0,0,0,4
S01012171,Level 1,215,212,3,0,0,0,3
S01012171,Level 2,109,106,3,0,0,0,3
S01012171,Level 3,111,111,0,0,0,0,0
S01012171,Level 4 and above,80,75,5,0,3,2,0
S01012172,All people aged 16 and over,611,588,23,2,3,5,13
S01012172,No qualifications,244,239,5,0,0,0,5
S01012172,Level 1,144,137,7,1,2,1,3
S01012172,Level 2,79,77,2,0,0,0,2
S01012172,Level 3,74,71,3,0,0,1,2
S01012172,Level 4 and above,70,64,6,1,1,3,1
S01012173,All people aged 16 and over,633,608,25,1,5,1,18
S01012173,No qualifications,193,181,12,0,1,1,10
S01012173,Level 1,121,119,2,0,0,0,2
S01012173,Level 2,94,92,2,0,0,0,2
S01012173,Level 3,60,59,1,0,0,0,1
S01012173,Level 4 and above,165,157,8,1,4,0,3
S01012174,All people aged 16 and over,665,628,37,1,1,6,29
S01012174,No qualifications,89,81,8,0,0,1,7
S01012174,Level 1,181,173,8,0,0,0,8
S01012174,Level 2,132,127,5,0,0,1,4
S01012174,Level 3,82,77,5,0,0,1,4
S01012174,Level 4 and above,181,170,11,1,1,3,6
S01012175,All people aged 16 and over,686,636,50,3,6,11,30
S01012175,No qualifications,166,149,17,2,1,1,13
S01012175,Level 1,133,124,9,0,1,0,8
S01012175,Level 2,127,125,2,0,0,1,1
S01012175,Level 3,76,73,3,0,0,1,2
S01012175,Level 4 and above,184,165,19,1,4,8,6
S01012176,All people aged 16 and over,727,691,36,2,3,3,28
S01012176,No qualifications,176,162,14,0,2,0,12
S01012176,Level 1,177,168,9,1,1,1,6
S01012176,Level 2,122,122,0,0,0,0,0
S01012176,Level 3,108,104,4,0,0,1,3
S01012176,Level 4 and above,144,135,9,1,0,1,7
S01012177,All people aged 16 and over,523,498,25,2,4,3,16
S01012177,No qualifications,133,122,11,1,1,2,7
S01012177,Level 1,128,123,5,0,1,0,4
S01012177,Level 2,85,85,0,0,0,0,0
S01012177,Level 3,66,64,2,0,0,0,2
S01012177,Level 4 and above,111,104,7,1,2,1,3
S01012178,All people aged 16 and over,451,435,16,0,0,0,16
S01012178,No qualifications,114,107,7,0,0,0,7
S01012178,Level 1,114,112,2,0,0,0,2
S01012178,Level 2,80,78,2,0,0,0,2
S01012178,Level 3,43,42,1,0,0,0,1
S01012178,Level 4 and above,100,96,4,0,0,0,4
S01012179,All people aged 16 and over,520,500,20,0,3,4,13
S01012179,No qualifications,194,186,8,0,0,1,7
S01012179,Level 1,107,102,5,0,1,1,3
S01012179,Level 2,70,68,2,0,1,0,1
S01012179,Level 3,55,53,2,0,1,0,1
S01012179,Level 4 and above,94,91,3,0,0,2,1
S01012180,All people aged 16 and over,480,470,10,1,0,1,8
S01012180,No qualifications,172,169,3,0,0,0,3
S01012180,Level 1,96,94,2,0,0,0,2
S01012180,Level 2,60,60,0,0,0,0,0
S01012180,Level 3,55,55,0,0,0,0,0
S01012180,Level 4 and above,97,92,5,1,0,1,3
S01012181,All people aged 16 and over,648,600,48,6,7,8,27
S01012181,No qualifications,233,216,17,0,1,0,16
S01012181,Level 1,132,124,8,1,1,3,3
S01012181,Level 2,82,78,4,0,0,0,4
S01012181,Level 3,65,62,3,2,0,0,1
S01012181,Level 4 and above,136,120,16,3,5,5,3
S01012182,All people aged 16 and over,853,789,64,6,10,11,37
S01012182,No qualifications,144,122,22,3,4,1,14
S01012182,Level 1,197,189,8,0,1,3,4
S01012182,Level 2,143,138,5,1,0,0,4
S01012182,Level 3,122,114,8,1,4,0,3
S01012182,Level 4 and above,247,226,21,1,1,7,12
S01012183,All people aged 16 and over,616,584,32,3,7,9,13
S01012183,No qualifications,182,171,11,2,1,2,6
S01012183,Level 1,160,156,4,0,0,2,2
S01012183,Level 2,83,82,1,0,0,0,1
S01012183,Level 3,77,74,3,0,1,1,1
S01012183,Level 4 and above,114,101,13,1,5,4,3
S01012184,All people aged 16 and over,447,401,46,7,9,12,18
S01012184,No qualifications,49,47,2,0,0,1,1
S01012184,Level 1,95,86,9,1,1,3,4
S01012184,Level 2,65,62,3,0,2,0,1
S01012184,Level 3,68,61,7,0,3,0,4
S01012184,Level 4 and above,170,145,25,6,3,8,8
S01012185,All people aged 16 and over,626,566,60,6,14,6,34
S01012185,No qualifications,193,170,23,2,5,1,15
S01012185,Level 1,154,139,15,2,0,3,10
S01012185,Level 2,79,78,1,0,0,1,0
S01012185,Level 3,58,53,5,0,1,0,4
S01012185,Level 4 and above,142,126,16,2,8,1,5
S01012186,All people aged 16 and over,593,579,14,1,0,0,13
S01012186,No qualifications,233,226,7,0,0,0,7
S01012186,Level 1,142,141,1,0,0,0,1
S01012186,Level 2,72,71,1,0,0,0,1
S01012186,Level 3,64,62,2,0,0,0,2
S01012186,Level 4 and above,82,79,3,1,0,0,2
S01012187,All people aged 16 and over,584,561,23,3,4,4,12
S01012187,No qualifications,230,218,12,2,3,1,6
S01012187,Level 1,158,156,2,0,0,1,1
S01012187,Level 2,67,64,3,0,0,1,2
S01012187,Level 3,65,64,1,1,0,0,0
S01012187,Level 4 and above,64,59,5,0,1,1,3
S01012188,All people aged 16 and over,506,499,7,0,2,0,5
S01012188,No qualifications,163,160,3,0,0,0,3
S01012188,Level 1,118,116,2,0,0,0,2
S01012188,Level 2,68,68,0,0,0,0,0
S01012188,Level 3,49,49,0,0,0,0,0
S01012188,Level 4 and above,108,106,2,0,2,0,0
S01012189,All people aged 16 and over,469,458,11,0,1,0,10
S01012189,No qualifications,119,116,3,0,0,0,3
S01012189,Level 1,111,110,1,0,0,0,1
S01012189,Level 2,73,71,2,0,1,0,1
S01012189,Level 3,60,58,2,0,0,0,2
S01012189,Level 4 and above,106,103,3,0,0,0,3
S01012190,All people aged 16 and over,402,393,9,0,0,0,9
S01012190,No qualifications,61,59,2,0,0,0,2
S01012190,Level 1,79,77,2,0,0,0,2
S01012190,Level 2,65,64,1,0,0,0,1
S01012190,Level 3,47,47,0,0,0,0,0
S01012190,Level 4 and above,150,146,4,0,0,0,4
S01012191,All people aged 16 and over,718,701,17,0,2,2,13
S01012191,No qualifications,128,120,8,0,0,1,7
S01012191,Level 1,153,153,0,0,0,0,0
S01012191,Level 2,137,136,1,0,0,0,1
S01012191,Level 3,91,89,2,0,1,1,0
S01012191,Level 4 and above,209,203,6,0,1,0,5
S01012192,All people aged 16 and over,426,402,24,3,2,1,18
S01012192,No qualifications,81,72,9,2,1,1,5
S01012192,Level 1,105,98,7,0,0,0,7
S01012192,Level 2,77,77,0,0,0,0,0
S01012192,Level 3,49,47,2,0,0,0,2
S01012192,Level 4 and above,114,108,6,1,1,0,4
S01012193,All people aged 16 and over,427,415,12,1,0,1,10
S01012193,No qualifications,46,45,1,0,0,0,1
S01012193,Level 1,97,96,1,1,0,0,0
S01012193,Level 2,92,91,1,0,0,0,1
S01012193,Level 3,62,61,1,0,0,1,0
S01012193,Level 4 and above,130,122,8,0,0,0,8
S01012194,All people aged 16 and over,427,418,9,0,0,1,8
S01012194,No qualifications,28,27,1,0,0,0,1
S01012194,Level 1,112,109,3,0,0,0,3
S01012194,Level 2,117,115,2,0,0,0,2
S01012194,Level 3,56,56,0,0,0,0,0
S01012194,Level 4 and above,114,111,3,0,0,1,2
S01012195,All people aged 16 and over,899,876,23,0,1,4,18
S01012195,No qualifications,161,160,1,0,0,0,1
S01012195,Level 1,222,219,3,0,1,1,1
S01012195,Level 2,160,159,1,0,0,0,1
S01012195,Level 3,113,109,4,0,0,1,3
S01012195,Level 4 and above,243,229,14,0,0,2,12
S01012196,All people aged 16 and over,438,410,28,1,1,2,24
S01012196,No qualifications,68,56,12,1,0,0,11
S01012196,Level 1,99,94,5,0,1,1,3
S01012196,Level 2,82,80,2,0,0,0,2
S01012196,Level 3,56,51,5,0,0,0,5
S01012196,Level 4 and above,133,129,4,0,0,1,3
S01012197,All people aged 16 and over,579,571,8,0,0,2,6
S01012197,No qualifications,184,179,5,0,0,0,5
S01012197,Level 1,153,153,0,0,0,0,0
S01012197,Level 2,88,88,0,0,0,0,0
S01012197,Level 3,63,63,0,0,0,0,0
S01012197,Level 4 and above,91,88,3,0,0,2,1
S01012198,All people aged 16 and over,770,753,17,0,3,2,12
S01012198,No qualifications,255,254,1,0,0,0,1
S01012198,Level 1,159,156,3,0,0,1,2
S01012198,Level 2,122,116,6,0,0,0,6
S01012198,Level 3,89,88,1,0,0,0,1
S01012198,Level 4 and above,145,139,6,0,3,1,2
S01012199,All people aged 16 and over,602,593,9,0,0,1,8
S01012199,No qualifications,199,198,1,0,0,0,1
S01012199,Level 1,170,168,2,0,0,0,2
S01012199,Level 2,93,92,1,0,0,0,1
S01012199,Level 3,55,53,2,0,0,0,2
S01012199,Level 4 and above,85,82,3,0,0,1,2
S01012200,All people aged 16 and over,516,503,13,0,2,0,11
S01012200,No qualifications,164,159,5,0,0,0,5
S01012200,Level 1,124,123,1,0,0,0,1
S01012200,Level 2,73,73,0,0,0,0,0
S01012200,Level 3,57,56,1,0,0,0,1
S01012200,Level 4 and above,98,92,6,0,2,0,4
S01012201,All people aged 16 and over,610,596,14,1,0,3,10
S01012201,No qualifications,186,183,3,0,0,0,3
S01012201,Level 1,172,167,5,0,0,2,3
S01012201,Level 2,107,107,0,0,0,0,0
S01012201,Level 3,55,54,1,0,0,0,1
S01012201,Level 4 and above,90,85,5,1,0,1,3
S01012202,All people aged 16 and over,473,454,19,0,4,6,9
S01012202,No qualifications,118,115,3,0,1,0,2
S01012202,Level 1,138,137,1,0,0,1,0
S01012202,Level 2,59,59,0,0,0,0,0
S01012202,Level 3,55,50,5,0,1,1,3
S01012202,Level 4 and above,103,93,10,0,2,4,4
S01012203,All people aged 16 and over,676,662,14,2,0,2,10
S01012203,No qualifications,177,171,6,2,0,0,4
S01012203,Level 1,133,130,3,0,0,2,1
S01012203,Level 2,108,107,1,0,0,0,1
S01012203,Level 3,81,80,1,0,0,0,1
S01012203,Level 4 and above,177,174,3,0,0,0,3
S01012204,All people aged 16 and over,662,646,16,3,2,3,8
S01012204,No qualifications,98,93,5,3,1,0,1
S01012204,Level 1,160,158,2,0,1,0,1
S01012204,Level 2,140,135,5,0,0,3,2
S01012204,Level 3,75,75,0,0,0,0,0
S01012204,Level 4 and above,189,185,4,0,0,0,4
S01012205,All people aged 16 and over,572,551,21,2,1,1,17
S01012205,No qualifications,91,86,5,0,0,0,5
S01012205,Level 1,131,125,6,1,0,0,5
S01012205,Level 2,100,99,1,0,0,0,1
S01012205,Level 3,66,66,0,0,0,0,0
S01012205,Level 4 and above,184,175,9,1,1,1,6
S01012206,All people aged 16 and over,682,669,13,0,0,5,8
S01012206,No qualifications,138,136,2,0,0,0,2
S01012206,Level 1,174,171,3,0,0,1,2
S01012206,Level 2,138,136,2,0,0,0,2
S01012206,Level 3,91,90,1,0,0,0,1
S01012206,Level 4 and above,141,136,5,0,0,4,1
S01012207,All people aged 16 and over,724,715,9,1,2,1,5
S01012207,No qualifications,220,217,3,0,1,0,2
S01012207,Level 1,214,212,2,0,0,1,1
S01012207,Level 2,106,104,2,0,1,0,1
S01012207,Level 3,87,87,0,0,0,0,0
S01012207,Level 4 and above,97,95,2,1,0,0,1
S01012208,All people aged 16 and over,830,809,21,4,4,0,13
S01012208,No qualifications,257,252,5,1,0,0,4
S01012208,Level 1,213,211,2,1,0,0,1
S01012208,Level 2,119,114,5,0,2,0,3
S01012208,Level 3,113,111,2,1,0,0,1
S01012208,Level 4 and above,128,121,7,1,2,0,4
S01012209,All people aged 16 and over,588,573,15,0,1,0,14
S01012209,No qualifications,183,177,6,0,0,0,6
S01012209,Level 1,146,142,4,0,1,0,3
S01012209,Level 2,94,92,2,0,0,0,2
S01012209,Level 3,80,79,1,0,0,0,1
S01012209,Level 4 and above,85,83,2,0,0,0,2
S01012210,All people aged 16 and over,647,630,17,1,1,2,13
S01012210,No qualifications,233,229,4,0,0,0,4
S01012210,Level 1,158,152,6,1,1,0,4
S01012210,Level 2,85,82,3,0,0,0,3
S01012210,Level 3,88,87,1,0,0,0,1
S01012210,Level 4 and above,83,80,3,0,0,2,1
S01012211,All people aged 16 and over,739,708,31,1,8,10,12
S01012211,No qualifications,181,176,5,0,1,2,2
S01012211,Level 1,158,152,6,0,2,3,1
S01012211,Level 2,110,108,2,1,0,0,1
S01012211,Level 3,95,94,1,0,0,1,0
S01012211,Level 4 and above,195,178,17,0,5,4,8
S01012212,All people aged 16 and over,665,654,11,0,0,1,10
S01012212,No qualifications,109,108,1,0,0,0,1
S01012212,Level 1,135,133,2,0,0,0,2
S01012212,Level 2,111,109,2,0,0,0,2
S01012212,Level 3,81,79,2,0,0,0,2
S01012212,Level 4 and above,229,225,4,0,0,1,3
S01012213,All people aged 16 and over,707,691,16,1,1,4,10
S01012213,No qualifications,113,111,2,0,0,0,2
S01012213,Level 1,141,137,4,0,0,2,2
S01012213,Level 2,118,118,0,0,0,0,0
S01012213,Level 3,106,103,3,0,0,1,2
S01012213,Level 4 and above,229,222,7,1,1,1,4
S01012214,All people aged 16 and over,567,554,13,0,0,1,12
S01012214,No qualifications,87,87,0,0,0,0,0
S01012214,Level 1,95,94,1,0,0,0,1
S01012214,Level 2,98,96,2,0,0,0,2
S01012214,Level 3,70,68,2,0,0,0,2
S01012214,Level 4 and above,217,209,8,0,0,1,7
S01012215,All people aged 16 and over,722,706,16,0,4,2,10
S01012215,No qualifications,97,91,6,0,1,1,4
S01012215,Level 1,159,154,5,0,1,1,3
S01012215,Level 2,131,131,0,0,0,0,0
S01012215,Level 3,93,91,2,0,2,0,0
S01012215,Level 4 and above,242,239,3,0,0,0,3
S01012216,All people aged 16 and over,586,573,13,0,0,0,13
S01012216,No qualifications,80,80,0,0,0,0,0
S01012216,Level 1,107,107,0,0,0,0,0
S01012216,Level 2,115,111,4,0,0,0,4
S01012216,Level 3,77,75,2,0,0,0,2
S01012216,Level 4 and above,207,200,7,0,0,0,7
S01012217,All people aged 16 and over,440,418,22,0,6,7,9
S01012217,No qualifications,152,149,3,0,0,0,3
S01012217,Level 1,125,122,3,0,1,0,2
S01012217,Level 2,46,46,0,0,0,0,0
S01012217,Level 3,67,61,6,0,2,1,3
S01012217,Level 4 and above,50,40,10,0,3,6,1
S01012218,All people aged 16 and over,354,325,29,2,8,3,16
S01012218,No qualifications,124,114,10,0,4,0,6
S01012218,Level 1,121,114,7,1,1,0,5
S01012218,Level 2,41,39,2,1,0,0,1
S01012218,Level 3,31,29,2,0,0,1,1
S01012218,Level 4 and above,37,29,8,0,3,2,3
S01012219,All people aged 16 and over,721,704,17,1,0,3,13
S01012219,No qualifications,345,342,3,0,0,0,3
S01012219,Level 1,171,169,2,0,0,0,2
S01012219,Level 2,92,87,5,0,0,0,5
S01012219,Level 3,52,48,4,1,0,2,1
S01012219,Level 4 and above,61,58,3,0,0,1,2
S01012220,All people aged 16 and over,544,514,30,2,4,8,16
S01012220,No qualifications,255,245,10,0,0,1,9
S01012220,Level 1,137,132,5,0,1,2,2
S01012220,Level 2,46,45,1,0,0,0,1
S01012220,Level 3,42,42,0,0,0,0,0
S01012220,Level 4 and above,64,50,14,2,3,5,4
S01012221,All people aged 16 and over,546,533,13,4,1,2,6
S01012221,No qualifications,252,252,0,0,0,0,0
S01012221,Level 1,129,124,5,2,0,0,3
S01012221,Level 2,70,69,1,0,1,0,0
S01012221,Level 3,40,38,2,2,0,0,0
S01012221,Level 4 and above,55,50,5,0,0,2,3
S01012222,All people aged 16 and over,685,665,20,8,1,1,10
S01012222,No qualifications,306,303,3,0,0,0,3
S01012222,Level 1,161,159,2,0,0,0,2
S01012222,Level 2,67,66,1,0,0,0,1
S01012222,Level 3,76,73,3,0,0,0,3
S01012222,Level 4 and above,75,64,11,8,1,1,1
S01012223,All people aged 16 and over,584,566,18,1,5,4,8
S01012223,No qualifications,253,248,5,0,0,2,3
S01012223,Level 1,167,162,5,0,3,0,2
S01012223,Level 2,52,51,1,0,0,0,1
S01012223,Level 3,54,53,1,0,0,0,1
S01012223,Level 4 and above,58,52,6,1,2,2,1
S01012224,All people aged 16 and over,589,565,24,3,5,4,12
S01012224,No qualifications,201,196,5,0,1,0,4
S01012224,Level 1,164,162,2,0,1,1,0
S01012224,Level 2,77,74,3,0,1,0,2
S01012224,Level 3,70,62,8,2,1,1,4
S01012224,Level 4 and above,77,71,6,1,1,2,2
S01012225,All people aged 16 and over,817,794,23,0,4,7,12
S01012225,No qualifications,273,267,6,0,0,0,6
S01012225,Level 1,246,242,4,0,0,3,1
S01012225,Level 2,105,103,2,0,0,1,1
S01012225,Level 3,78,76,2,0,1,0,1
S01012225,Level 4 and above,115,106,9,0,3,3,3
S01012226,All people aged 16 and over,580,573,7,0,1,1,5
S01012226,No qualifications,165,165,0,0,0,0,0
S01012226,Level 1,179,178,1,0,0,0,1
S01012226,Level 2,90,89,1,0,0,0,1
S01012226,Level 3,56,55,1,0,0,0,1
S01012226,Level 4 and above,90,86,4,0,1,1,2
S01012227,All people aged 16 and over,527,517,10,0,1,0,9
S01012227,No qualifications,149,147,2,0,0,0,2
S01012227,Level 1,145,141,4,0,0,0,4
S01012227,Level 2,86,86,0,0,0,0,0
S01012227,Level 3,81,79,2,0,1,0,1
S01012227,Level 4 and above,66,64,2,0,0,0,2
S01012228,All people aged 16 and over,542,524,18,6,0,1,11
S01012228,No qualifications,139,138,1,0,0,0,1
S01012228,Level 1,164,162,2,1,0,0,1
S01012228,Level 2,104,102,2,0,0,0,2
S01012228,Level 3,53,48,5,3,0,0,2
S01012228,Level 4 and above,82,74,8,2,0,1,5
S01012229,All people aged 16 and over,580,566,14,2,0,3,9
S01012229,No qualifications,104,100,4,1,0,1,2
S01012229,Level 1,117,117,0,0,0,0,0
S01012229,Level 2,96,94,2,0,0,0,2
S01012229,Level 3,60,58,2,0,0,1,1
S01012229,Level 4 and above,203,197,6,1,0,1,4
S01012230,All people aged 16 and over,735,704,31,3,0,2,26
S01012230,No qualifications,120,113,7,0,0,1,6
S01012230,Level 1,130,128,2,0,0,1,1
S01012230,Level 2,147,146,1,0,0,0,1
S01012230,Level 3,86,81,5,3,0,0,2
S01012230,Level 4 and above,252,236,16,0,0,0,16
S01012231,All people aged 16 and over,645,613,32,3,2,1,26
S01012231,No qualifications,61,53,8,0,1,0,7
S01012231,Level 1,112,109,3,0,1,0,2
S01012231,Level 2,136,131,5,0,0,0,5
S01012231,Level 3,66,64,2,1,0,0,1
S01012231,Level 4 and above,270,256,14,2,0,1,11
S01012232,All people aged 16 and over,674,654,20,0,5,2,13
S01012232,No qualifications,70,69,1,0,0,0,1
S01012232,Level 1,130,128,2,0,0,1,1
S01012232,Level 2,124,123,1,0,0,0,1
S01012232,Level 3,77,75,2,0,0,0,2
S01012232,Level 4 and above,273,259,14,0,5,1,8
S01012233,All people aged 16 and over,753,728,25,2,4,5,14
S01012233,No qualifications,71,64,7,0,0,0,7
S01012233,Level 1,126,122,4,0,1,2,1
S01012233,Level 2,129,128,1,0,1,0,0
S01012233,Level 3,94,88,6,2,0,2,2
S01012233,Level 4 and above,333,326,7,0,2,1,4
S01012234,All people aged 16 and over,843,814,29,0,0,1,28
S01012234,No qualifications,91,87,4,0,0,0,4
S01012234,Level 1,158,154,4,0,0,0,4
S01012234,Level 2,148,146,2,0,0,0,2
S01012234,Level 3,102,100,2,0,0,0,2
S01012234,Level 4 and above,344,327,17,0,0,1,16
S01012235,All people aged 16 and over,407,400,7,0,0,0,7
S01012235,No qualifications,67,65,2,0,0,0,2
S01012235,Level 1,72,72,0,0,0,0,0
S01012235,Level 2,76,76,0,0,0,0,0
S01012235,Level 3,42,41,1,0,0,0,1
S01012235,Level 4 and above,150,146,4,0,0,0,4
S01012236,All people aged 16 and over,500,488,12,1,1,4,6
S01012236,No qualifications,137,134,3,0,0,1,2
S01012236,Level 1,108,105,3,1,1,1,0
S01012236,Level 2,76,75,1,0,0,1,0
S01012236,Level 3,39,39,0,0,0,0,0
S01012236,Level 4 and above,140,135,5,0,0,1,4
S01012237,All people aged 16 and over,635,599,36,3,6,3,24
S01012237,No qualifications,67,62,5,1,0,1,3
S01012237,Level 1,78,72,6,1,2,1,2
S01012237,Level 2,103,96,7,0,1,0,6
S01012237,Level 3,64,61,3,0,3,0,0
S01012237,Level 4 and above,323,308,15,1,0,1,13
S01012238,All people aged 16 and over,509,486,23,4,4,3,12
S01012238,No qualifications,142,136,6,0,0,1,5
S01012238,Level 1,115,112,3,1,1,0,1
S01012238,Level 2,69,68,1,0,1,0,0
S01012238,Level 3,59,55,4,3,0,0,1
S01012238,Level 4 and above,124,115,9,0,2,2,5
S01012239,All people aged 16 and over,485,464,21,1,3,3,14
S01012239,No qualifications,147,140,7,1,1,1,4
S01012239,Level 1,130,126,4,0,2,0,2
S01012239,Level 2,68,65,3,0,0,0,3
S01012239,Level 3,53,52,1,0,0,1,0
S01012239,Level 4 and above,87,81,6,0,0,1,5
S01012240,All people aged 16 and over,701,671,30,0,0,5,25
S01012240,No qualifications,219,207,12,0,0,0,12
S01012240,Level 1,145,143,2,0,0,0,2
S01012240,Level 2,108,107,1,0,0,0,1
S01012240,Level 3,58,58,0,0,0,0,0
S01012240,Level 4 and above,171,156,15,0,0,5,10
S01012241,All people aged 16 and over,444,423,21,0,1,3,17
S01012241,No qualifications,46,42,4,0,0,0,4
S01012241,Level 1,44,43,1,0,0,0,1
S01012241,Level 2,58,57,1,0,0,0,1
S01012241,Level 3,43,42,1,0,0,0,1
S01012241,Level 4 and above,253,239,14,0,1,3,10
S01012242,All people aged 16 and over,639,592,47,2,8,4,33
S01012242,No qualifications,58,54,4,1,1,0,2
S01012242,Level 1,96,91,5,0,2,1,2
S01012242,Level 2,108,104,4,0,0,0,4
S01012242,Level 3,71,63,8,0,2,1,5
S01012242,Level 4 and above,306,280,26,1,3,2,20
S01012243,All people aged 16 and over,485,468,17,5,2,2,8
S01012243,No qualifications,64,63,1,0,0,0,1
S01012243,Level 1,89,89,0,0,0,0,0
S01012243,Level 2,75,72,3,0,1,1,1
S01012243,Level 3,58,50,8,3,1,0,4
S01012243,Level 4 and above,199,194,5,2,0,1,2
S01012244,All people aged 16 and over,749,662,87,16,10,16,45
S01012244,No qualifications,104,98,6,0,1,3,2
S01012244,Level 1,105,92,13,8,0,0,5
S01012244,Level 2,74,68,6,1,1,2,2
S01012244,Level 3,62,57,5,2,0,1,2
S01012244,Level 4 and above,404,347,57,5,8,10,34
S01012245,All people aged 16 and over,587,554,33,3,10,3,17
S01012245,No qualifications,108,101,7,1,3,0,3
S01012245,Level 1,75,73,2,0,0,0,2
S01012245,Level 2,77,73,4,0,0,1,3
S01012245,Level 3,43,43,0,0,0,0,0
S01012245,Level 4 and above,284,264,20,2,7,2,9
S01012246,All people aged 16 and over,581,545,36,0,4,8,24
S01012246,No qualifications,59,55,4,0,0,2,2
S01012246,Level 1,86,82,4,0,0,1,3
S01012246,Level 2,75,74,1,0,0,0,1
S01012246,Level 3,43,41,2,0,1,0,1
S01012246,Level 4 and above,318,293,25,0,3,5,17
S01012247,All people aged 16 and over,613,551,62,6,8,10,38
S01012247,No qualifications,93,88,5,0,0,3,2
S01012247,Level 1,95,85,10,2,6,0,2
S01012247,Level 2,80,71,9,0,0,3,6
S01012247,Level 3,57,51,6,2,0,1,3
S01012247,Level 4 and above,288,256,32,2,2,3,25
S01012248,All people aged 16 and over,656,604,52,13,3,5,31
S01012248,No qualifications,121,111,10,7,0,1,2
S01012248,Level 1,136,127,9,0,1,3,5
S01012248,Level 2,99,94,5,0,2,0,3
S01012248,Level 3,59,58,1,0,0,0,1
S01012248,Level 4 and above,241,214,27,6,0,1,20
S01012249,All people aged 16 and over,694,648,46,2,1,6,37
S01012249,No qualifications,116,112,4,0,0,2,2
S01012249,Level 1,126,119,7,1,1,1,4
S01012249,Level 2,119,115,4,0,0,0,4
S01012249,Level 3,49,48,1,0,0,0,1
S01012249,Level 4 and above,284,254,30,1,0,3,26
S01012250,All people aged 16 and over,563,518,45,5,14,9,17
S01012250,No qualifications,100,94,6,1,0,2,3
S01012250,Level 1,90,85,5,1,3,0,1
S01012250,Level 2,89,84,5,0,1,0,4
S01012250,Level 3,66,64,2,0,2,0,0
S01012250,Level 4 and above,218,191,27,3,8,7,9
S01012251,All people aged 16 and over,780,731,49,9,9,10,21
S01012251,No qualifications,262,253,9,4,0,0,5
S01012251,Level 1,186,178,8,1,0,2,5
S01012251,Level 2,114,109,5,0,2,1,2
S01012251,Level 3,51,49,2,1,1,0,0
S01012251,Level 4 and above,167,142,25,3,6,7,9
S01012252,All people aged 16 and over,566,530,36,3,8,6,19
S01012252,No qualifications,151,143,8,0,2,1,5
S01012252,Level 1,121,118,3,0,0,1,2
S01012252,Level 2,103,99,4,0,0,1,3
S01012252,Level 3,52,48,4,0,0,1,3
S01012252,Level 4 and above,139,122,17,3,6,2,6
S01012253,All people aged 16 and over,789,716,73,8,17,17,31
S01012253,No qualifications,235,224,11,0,3,0,8
S01012253,Level 1,166,152,14,3,2,3,6
S01012253,Level 2,104,95,9,1,3,2,3
S01012253,Level 3,53,49,4,1,2,0,1
S01012253,Level 4 and above,231,196,35,3,7,12,13
S01012254,All people aged 16 and over,700,638,62,6,21,11,24
S01012254,No qualifications,158,151,7,0,2,1,4
S01012254,Level 1,139,128,11,2,4,2,3
S01012254,Level 2,89,84,5,0,2,0,3
S01012254,Level 3,75,67,8,0,5,1,2
S01012254,Level 4 and above,239,208,31,4,8,7,12
S01012255,All people aged 16 and over,815,720,95,11,30,14,40
S01012255,No qualifications,147,133,14,3,2,1,8
S01012255,Level 1,161,138,23,1,8,7,7
S01012255,Level 2,108,102,6,1,3,0,2
S01012255,Level 3,67,62,5,0,1,0,4
S01012255,Level 4 and above,332,285,47,6,16,6,19
S01012256,All people aged 16 and over,671,627,44,2,7,5,30
S01012256,No qualifications,90,85,5,1,0,0,4
S01012256,Level 1,140,127,13,0,3,0,10
S01012256,Level 2,132,130,2,0,1,1,0
S01012256,Level 3,57,51,6,0,1,1,4
S01012256,Level 4 and above,252,234,18,1,2,3,12
S01012257,All people aged 16 and over,764,724,40,3,8,9,20
S01012257,No qualifications,219,214,5,1,0,0,4
S01012257,Level 1,156,151,5,0,1,1,3
S01012257,Level 2,88,87,1,0,1,0,0
S01012257,Level 3,60,57,3,0,2,0,1
S01012257,Level 4 and above,241,215,26,2,4,8,12
S01012258,All people aged 16 and over,585,562,23,2,2,0,19
S01012258,No qualifications,70,68,2,0,0,0,2
S01012258,Level 1,85,79,6,2,1,0,3
S01012258,Level 2,74,72,2,0,0,0,2
S01012258,Level 3,47,46,1,0,0,0,1
S01012258,Level 4 and above,309,297,12,0,1,0,11
S01012259,All people aged 16 and over,518,492,26,1,0,6,19
S01012259,No qualifications,61,60,1,0,0,0,1
S01012259,Level 1,79,76,3,0,0,0,3
S01012259,Level 2,77,73,4,0,0,2,2
S01012259,Level 3,29,27,2,0,0,1,1
S01012259,Level 4 and above,272,256,16,1,0,3,12
S01012260,All people aged 16 and over,713,678,35,6,2,3,24
S01012260,No qualifications,197,195,2,0,0,0,2
S01012260,Level 1,152,143,9,2,1,0,6
S01012260,Level 2,90,87,3,0,0,0,3
S01012260,Level 3,35,34,1,0,0,0,1
S01012260,Level 4 and above,239,219,20,4,1,3,12
S01012261,All people aged 16 and over,632,601,31,5,6,2,18
S01012261,No qualifications,44,41,3,1,0,0,2
S01012261,Level 1,124,119,5,2,0,1,2
S01012261,Level 2,96,95,1,0,0,0,1
S01012261,Level 3,64,59,5,0,3,1,1
S01012261,Level 4 and above,304,287,17,2,3,0,12
S01012262,All people aged 16 and over,653,623,30,2,2,5,21
S01012262,No qualifications,103,101,2,0,0,0,2
S01012262,Level 1,141,136,5,0,1,1,3
S01012262,Level 2,79,76,3,1,0,0,2
S01012262,Level 3,69,66,3,0,0,2,1
S01012262,Level 4 and above,261,244,17,1,1,2,13
S01012263,All people aged 16 and over,596,557,39,6,5,12,16
S01012263,No qualifications,186,180,6,3,0,2,1
S01012263,Level 1,142,137,5,0,0,2,3
S01012263,Level 2,84,79,5,0,0,2,3
S01012263,Level 3,56,53,3,1,0,2,0
S01012263,Level 4 and above,128,108,20,2,5,4,9
S01012264,All people aged 16 and over,385,364,21,0,2,1,18
S01012264,No qualifications,92,92,0,0,0,0,0
S01012264,Level 1,75,72,3,0,0,1,2
S01012264,Level 2,54,53,1,0,1,0,0
S01012264,Level 3,24,20,4,0,0,0,4
S01012264,Level 4 and above,140,127,13,0,1,0,12
S01012265,All people aged 16 and over,638,621,17,1,3,1,12
S01012265,No qualifications,256,253,3,0,0,0,3
S01012265,Level 1,188,184,4,0,2,0,2
S01012265,Level 2,65,65,0,0,0,0,0
S01012265,Level 3,50,48,2,0,0,1,1
S01012265,Level 4 and above,79,71,8,1,1,0,6
S01012266,All people aged 16 and over,904,862,42,2,6,4,30
S01012266,No qualifications,270,262,8,0,1,0,7
S01012266,Level 1,188,180,8,0,1,1,6
S01012266,Level 2,127,123,4,0,1,1,2
S01012266,Level 3,74,70,4,0,0,1,3
S01012266,Level 4 and above,245,227,18,2,3,1,12
S01012267,All people aged 16 and over,596,580,16,0,3,2,11
S01012267,No qualifications,113,112,1,0,0,0,1
S01012267,Level 1,100,97,3,0,1,0,2
S01012267,Level 2,97,96,1,0,0,0,1
S01012267,Level 3,43,41,2,0,0,1,1
S01012267,Level 4 and above,243,234,9,0,2,1,6
S01012268,All people aged 16 and over,504,479,25,3,2,3,17
S01012268,No qualifications,92,92,0,0,0,0,0
S01012268,Level 1,95,92,3,0,0,1,2
S01012268,Level 2,78,78,0,0,0,0,0
S01012268,Level 3,55,50,5,0,0,2,3
S01012268,Level 4 and above,184,167,17,3,2,0,12
S01012269,All people aged 16 and over,830,804,26,0,1,9,16
S01012269,No qualifications,244,239,5,0,0,1,4
S01012269,Level 1,168,165,3,0,1,1,1
S01012269,Level 2,114,111,3,0,0,0,3
S01012269,Level 3,87,82,5,0,0,1,4
S01012269,Level 4 and above,217,207,10,0,0,6,4
S01012270,All people aged 16 and over,626,593,33,1,6,8,18
S01012270,No qualifications,206,200,6,0,0,1,5
S01012270,Level 1,160,155,5,1,0,1,3
S01012270,Level 2,87,81,6,0,3,1,2
S01012270,Level 3,39,35,4,0,0,0,4
S01012270,Level 4 and above,134,122,12,0,3,5,4
S01012271,All people aged 16 and over,817,772,45,2,5,4,34
S01012271,No qualifications,136,133,3,0,0,2,1
S01012271,Level 1,164,159,5,2,0,0,3
S01012271,Level 2,115,107,8,0,1,0,7
S01012271,Level 3,72,65,7,0,1,0,6
S01012271,Level 4 and above,330,308,22,0,3,2,17
S01012272,All people aged 16 and over,569,534,35,0,4,4,27
S01012272,No qualifications,106,102,4,0,0,0,4
S01012272,Level 1,95,92,3,0,1,0,2
S01012272,Level 2,100,98,2,0,0,0,2
S01012272,Level 3,50,46,4,0,1,0,3
S01012272,Level 4 and above,218,196,22,0,2,4,16
S01012273,All people aged 16 and over,592,568,24,1,3,6,14
S01012273,No qualifications,114,111,3,0,0,2,1
S01012273,Level 1,114,111,3,0,1,1,1
S01012273,Level 2,85,82,3,0,0,0,3
S01012273,Level 3,73,72,1,0,1,0,0
S01012273,Level 4 and above,206,192,14,1,1,3,9
S01012274,All people aged 16 and over,763,738,25,0,8,2,15
S01012274,No qualifications,166,162,4,0,1,0,3
S01012274,Level 1,194,190,4,0,2,0,2
S01012274,Level 2,105,103,2,0,0,0,2
S01012274,Level 3,81,79,2,0,0,0,2
S01012274,Level 4 and above,217,204,13,0,5,2,6
S01012275,All people aged 16 and over,724,644,80,12,23,28,17
S01012275,No qualifications,150,134,16,3,0,8,5
S01012275,Level 1,165,154,11,4,3,4,0
S01012275,Level 2,148,143,5,0,2,2,1
S01012275,Level 3,99,87,12,1,4,7,0
S01012275,Level 4 and above,162,126,36,4,14,7,11
S01012276,All people aged 16 and over,807,766,41,5,7,9,20
S01012276,No qualifications,210,201,9,1,0,2,6
S01012276,Level 1,180,177,3,0,1,0,2
S01012276,Level 2,117,114,3,0,1,0,2
S01012276,Level 3,78,74,4,0,1,2,1
S01012276,Level 4 and above,222,200,22,4,4,5,9
S01012277,All people aged 16 and over,842,792,50,7,12,17,14
S01012277,No qualifications,200,193,7,0,2,3,2
S01012277,Level 1,237,229,8,0,5,1,2
S01012277,Level 2,142,134,8,0,1,2,5
S01012277,Level 3,79,73,6,1,2,2,1
S01012277,Level 4 and above,184,163,21,6,2,9,4
S01012278,All people aged 16 and over,649,590,59,7,19,9,24
S01012278,No qualifications,184,168,16,0,4,3,9
S01012278,Level 1,134,125,9,1,5,1,2
S01012278,Level 2,81,80,1,0,0,1,0
S01012278,Level 3,70,66,4,0,2,1,1
S01012278,Level 4 and above,180,151,29,6,8,3,12
S01012279,All people aged 16 and over,639,572,67,18,21,16,12
S01012279,No qualifications,154,148,6,0,4,0,2
S01012279,Level 1,163,154,9,1,4,3,1
S01012279,Level 2,80,65,15,2,7,3,3
S01012279,Level 3,87,70,17,10,0,4,3
S01012279,Level 4 and above,155,135,20,5,6,6,3
S01012280,All people aged 16 and over,764,735,29,2,2,6,19
S01012280,No qualifications,237,229,8,0,1,0,7
S01012280,Level 1,226,218,8,1,0,3,4
S01012280,Level 2,114,114,0,0,0,0,0
S01012280,Level 3,85,79,6,1,1,1,3
S01012280,Level 4 and above,102,95,7,0,0,2,5
S01012281,All people aged 16 and over,617,576,41,1,15,9,16
S01012281,No qualifications,169,161,8,0,0,1,7
S01012281,Level 1,154,146,8,0,5,0,3
S01012281,Level 2,90,87,3,0,2,0,1
S01012281,Level 3,63,59,4,1,1,2,0
S01012281,Level 4 and above,141,123,18,0,7,6,5
S01012282,All people aged 16 and over,978,896,82,33,14,8,27
S01012282,No qualifications,242,235,7,0,2,0,5
S01012282,Level 1,178,161,17,11,2,1,3
S01012282,Level 2,203,189,14,4,3,1,6
S01012282,Level 3,95,85,10,3,1,3,3
S01012282,Level 4 and above,260,226,34,15,6,3,10
S01012283,All people aged 16 and over,713,665,48,10,11,7,20
S01012283,No qualifications,148,136,12,2,3,3,4
S01012283,Level 1,147,144,3,0,0,0,3
S01012283,Level 2,121,118,3,0,2,0,1
S01012283,Level 3,68,65,3,0,2,0,1
S01012283,Level 4 and above,229,202,27,8,4,4,11
S01012284,All people aged 16 and over,669,615,54,6,21,9,18
S01012284,No qualifications,236,223,13,0,5,0,8
S01012284,Level 1,162,151,11,1,2,6,2
S01012284,Level 2,78,72,6,1,1,0,4
S01012284,Level 3,69,64,5,0,4,0,1
S01012284,Level 4 and above,124,105,19,4,9,3,3
S01012285,All people aged 16 and over,487,460,27,2,5,3,17
S01012285,No qualifications,136,130,6,0,0,1,5
S01012285,Level 1,91,85,6,0,1,1,4
S01012285,Level 2,65,64,1,0,0,0,1
S01012285,Level 3,46,43,3,0,1,0,2
S01012285,Level 4 and above,149,138,11,2,3,1,5
S01012286,All people aged 16 and over,879,796,83,25,27,11,20
S01012286,No qualifications,280,257,23,7,6,3,7
S01012286,Level 1,262,243,19,4,9,4,2
S01012286,Level 2,117,112,5,0,1,0,4
S01012286,Level 3,67,64,3,0,0,1,2
S01012286,Level 4 and above,153,120,33,14,11,3,5
S01012287,All people aged 16 and over,764,636,128,15,68,30,15
S01012287,No qualifications,279,256,23,2,14,2,5
S01012287,Level 1,227,193,34,4,16,11,3
S01012287,Level 2,75,73,2,0,0,1,1
S01012287,Level 3,64,49,15,2,9,2,2
S01012287,Level 4 and above,119,65,54,7,29,14,4
S01012288,All people aged 16 and over,623,556,67,5,26,16,20
S01012288,No qualifications,264,241,23,2,6,5,10
S01012288,Level 1,174,164,10,1,2,4,3
S01012288,Level 2,70,64,6,0,2,1,3
S01012288,Level 3,43,34,9,1,7,1,0
S01012288,Level 4 and above,72,53,19,1,9,5,4
S01012289,All people aged 16 and over,740,668,72,12,1,8,51
S01012289,No qualifications,148,142,6,0,0,0,6
S01012289,Level 1,85,78,7,3,0,2,2
S01012289,Level 2,86,80,6,1,0,0,5
S01012289,Level 3,57,45,12,3,1,1,7
S01012289,Level 4 and above,364,323,41,5,0,5,31
S01012290,All people aged 16 and over,475,450,25,0,2,4,19
S01012290,No qualifications,116,114,2,0,0,0,2
S01012290,Level 1,103,99,4,0,0,1,3
S01012290,Level 2,62,60,2,0,0,0,2
S01012290,Level 3,32,31,1,0,0,0,1
S01012290,Level 4 and above,162,146,16,0,2,3,11
S01012291,All people aged 16 and over,734,672,62,14,6,7,35
S01012291,No qualifications,111,98,13,11,0,0,2
S01012291,Level 1,140,132,8,3,2,0,3
S01012291,Level 2,95,90,5,0,1,0,4
S01012291,Level 3,66,62,4,0,0,1,3
S01012291,Level 4 and above,322,290,32,0,3,6,23
S01012292,All people aged 16 and over,625,581,44,4,6,4,30
S01012292,No qualifications,133,127,6,1,2,0,3
S01012292,Level 1,81,73,8,1,1,2,4
S01012292,Level 2,70,69,1,0,0,0,1
S01012292,Level 3,41,40,1,0,0,0,1
S01012292,Level 4 and above,300,272,28,2,3,2,21
S01012293,All people aged 16 and over,380,355,25,2,6,5,12
S01012293,No qualifications,72,68,4,1,0,0,3
S01012293,Level 1,104,98,6,0,1,2,3
S01012293,Level 2,55,53,2,0,0,1,1
S01012293,Level 3,34,33,1,0,0,0,1
S01012293,Level 4 and above,115,103,12,1,5,2,4
S01012294,All people aged 16 and over,704,668,36,4,4,2,26
S01012294,No qualifications,182,177,5,2,0,1,2
S01012294,Level 1,177,168,9,1,0,0,8
S01012294,Level 2,109,107,2,0,0,0,2
S01012294,Level 3,93,88,5,0,1,1,3
S01012294,Level 4 and above,143,128,15,1,3,0,11
S01012295,All people aged 16 and over,569,528,41,4,12,8,17
S01012295,No qualifications,94,88,6,2,2,1,1
S01012295,Level 1,149,145,4,0,0,0,4
S01012295,Level 2,100,95,5,1,1,2,1
S01012295,Level 3,58,57,1,0,0,0,1
S01012295,Level 4 and above,168,143,25,1,9,5,10
S01012296,All people aged 16 and over,631,592,39,2,2,10,25
S01012296,No qualifications,96,94,2,1,0,0,1
S01012296,Level 1,119,111,8,0,0,4,4
S01012296,Level 2,98,94,4,0,0,1,3
S01012296,Level 3,69,66,3,0,0,1,2
S01012296,Level 4 and above,249,227,22,1,2,4,15
S01012297,All people aged 16 and over,476,453,23,4,2,1,16
S01012297,No qualifications,88,86,2,0,0,0,2
S01012297,Level 1,94,89,5,1,0,1,3
S01012297,Level 2,71,68,3,0,1,0,2
S01012297,Level 3,45,45,0,0,0,0,0
S01012297,Level 4 and above,178,165,13,3,1,0,9
S01012298,All people aged 16 and over,679,659,20,2,4,2,12
S01012298,No qualifications,166,163,3,0,2,1,0
S01012298,Level 1,126,121,5,1,1,0,3
S01012298,Level 2,103,101,2,0,0,0,2
S01012298,Level 3,75,75,0,0,0,0,0
S01012298,Level 4 and above,209,199,10,1,1,1,7
S01012299,All people aged 16 and over,506,471,35,2,9,6,18
S01012299,No qualifications,108,103,5,1,2,1,1
S01012299,Level 1,108,104,4,0,2,0,2
S01012299,Level 2,73,71,2,0,0,0,2
S01012299,Level 3,41,38,3,1,1,0,1
S01012299,Level 4 and above,176,155,21,0,4,5,12
S01012300,All people aged 16 and over,538,517,21,0,2,3,16
S01012300,No qualifications,195,192,3,0,0,0,3
S01012300,Level 1,122,119,3,0,0,1,2
S01012300,Level 2,69,62,7,0,0,1,6
S01012300,Level 3,41,39,2,0,1,1,0
S01012300,Level 4 and above,111,105,6,0,1,0,5
S01012301,All people aged 16 and over,788,748,40,6,3,8,23
S01012301,No qualifications,177,173,4,0,0,1,3
S01012301,Level 1,178,170,8,0,1,2,5
S01012301,Level 2,118,111,7,3,0,1,3
S01012301,Level 3,60,57,3,1,0,1,1
S01012301,Level 4 and above,255,237,18,2,2,3,11
S01012302,All people aged 16 and over,483,449,34,10,5,4,15
S01012302,No qualifications,89,88,1,0,0,0,1
S01012302,Level 1,129,122,7,4,2,0,1
S01012302,Level 2,62,59,3,1,0,1,1
S01012302,Level 3,54,51,3,1,0,1,1
S01012302,Level 4 and above,149,129,20,4,3,2,11
S01012303,All people aged 16 and over,720,673,47,8,2,0,37
S01012303,No qualifications,142,139,3,1,0,0,2
S01012303,Level 1,134,126,8,2,2,0,4
S01012303,Level 2,98,94,4,0,0,0,4
S01012303,Level 3,70,65,5,1,0,0,4
S01012303,Level 4 and above,276,249,27,4,0,0,23
S01012304,All people aged 16 and over,789,761,28,2,3,2,21
S01012304,No qualifications,208,200,8,0,2,0,6
S01012304,Level 1,181,174,7,1,1,0,5
S01012304,Level 2,92,89,3,1,0,1,1
S01012304,Level 3,74,71,3,0,0,0,3
S01012304,Level 4 and above,234,227,7,0,0,1,6
S01012305,All people aged 16 and over,592,552,40,4,9,9,18
S01012305,No qualifications,167,161,6,0,2,3,1
S01012305,Level 1,144,132,12,0,4,3,5
S01012305,Level 2,78,72,6,1,1,0,4
S01012305,Level 3,44,44,0,0,0,0,0
S01012305,Level 4 and above,159,143,16,3,2,3,8
S01012306,All people aged 16 and over,486,445,41,3,7,13,18
S01012306,No qualifications,188,178,10,0,1,1,8
S01012306,Level 1,124,108,16,0,2,10,4
S01012306,Level 2,49,45,4,0,3,0,1
S01012306,Level 3,34,33,1,0,0,0,1
S01012306,Level 4 and above,91,81,10,3,1,2,4
S01012307,All people aged 16 and over,533,487,46,4,7,22,13
S01012307,No qualifications,182,172,10,1,4,3,2
S01012307,Level 1,122,104,18,0,3,13,2
S01012307,Level 2,63,62,1,0,0,1,0
S01012307,Level 3,43,37,6,2,0,2,2
S01012307,Level 4 and above,123,112,11,1,0,3,7
S01012308,All people aged 16 and over,677,643,34,3,3,16,12
S01012308,No qualifications,210,197,13,2,3,8,0
S01012308,Level 1,161,156,5,1,0,2,2
S01012308,Level 2,124,123,1,0,0,0,1
S01012308,Level 3,58,55,3,0,0,2,1
S01012308,Level 4 and above,124,112,12,0,0,4,8
S01012309,All people aged 16 and over,465,446,19,2,0,5,12
S01012309,No qualifications,133,130,3,0,0,0,3
S01012309,Level 1,126,125,1,0,0,1,0
S01012309,Level 2,46,45,1,0,0,0,1
S01012309,Level 3,31,28,3,0,0,2,1
S01012309,Level 4 and above,129,118,11,2,0,2,7
S01012310,All people aged 16 and over,778,731,47,2,8,15,22
S01012310,No qualifications,197,185,12,2,2,5,3
S01012310,Level 1,196,185,11,0,2,4,5
S01012310,Level 2,104,103,1,0,0,0,1
S01012310,Level 3,46,44,2,0,0,0,2
S01012310,Level 4 and above,235,214,21,0,4,6,11
S01012311,All people aged 16 and over,494,481,13,0,1,1,11
S01012311,No qualifications,131,131,0,0,0,0,0
S01012311,Level 1,107,103,4,0,0,0,4
S01012311,Level 2,67,66,1,0,0,0,1
S01012311,Level 3,34,33,1,0,0,0,1
S01012311,Level 4 and above,155,148,7,0,1,1,5
S01012312,All people aged 16 and over,870,816,54,14,6,11,23
S01012312,No qualifications,216,204,12,2,3,3,4
S01012312,Level 1,242,230,12,6,0,4,2
S01012312,Level 2,112,107,5,0,0,1,4
S01012312,Level 3,72,64,8,3,1,2,2
S01012312,Level 4 and above,228,211,17,3,2,1,11
S01012313,All people aged 16 and over,643,606,37,5,1,6,25
S01012313,No qualifications,160,154,6,2,0,0,4
S01012313,Level 1,140,136,4,1,0,0,3
S01012313,Level 2,102,97,5,0,0,2,3
S01012313,Level 3,66,64,2,0,0,0,2
S01012313,Level 4 and above,175,155,20,2,1,4,13
S01012314,All people aged 16 and over,673,638,35,1,5,14,15
S01012314,No qualifications,260,252,8,0,0,2,6
S01012314,Level 1,188,174,14,1,2,5,6
S01012314,Level 2,90,88,2,0,0,0,2
S01012314,Level 3,43,43,0,0,0,0,0
S01012314,Level 4 and above,92,81,11,0,3,7,1
S01012315,All people aged 16 and over,663,612,51,15,11,15,10
S01012315,No qualifications,269,241,28,10,5,8,5
S01012315,Level 1,161,154,7,0,3,2,2
S01012315,Level 2,73,71,2,2,0,0,0
S01012315,Level 3,37,33,4,1,0,2,1
S01012315,Level 4 and above,123,113,10,2,3,3,2
S01012316,All people aged 16 and over,517,488,29,4,10,9,6
S01012316,No qualifications,215,204,11,0,8,3,0
S01012316,Level 1,135,131,4,0,0,1,3
S01012316,Level 2,60,57,3,2,1,0,0
S01012316,Level 3,31,26,5,1,0,4,0
S01012316,Level 4 and above,76,70,6,1,1,1,3
S01012317,All people aged 16 and over,406,376,30,6,7,2,15
S01012317,No qualifications,93,78,15,4,6,1,4
S01012317,Level 1,121,116,5,1,0,1,3
S01012317,Level 2,50,49,1,0,0,0,1
S01012317,Level 3,34,32,2,0,0,0,2
S01012317,Level 4 and above,108,101,7,1,1,0,5
S01012318,All people aged 16 and over,646,606,40,7,4,14,15
S01012318,No qualifications,204,197,7,0,2,2,3
S01012318,Level 1,219,213,6,1,0,2,3
S01012318,Level 2,90,85,5,2,0,1,2
S01012318,Level 3,40,34,6,0,0,5,1
S01012318,Level 4 and above,93,77,16,4,2,4,6
S01012319,All people aged 16 and over,642,587,55,3,18,11,23
S01012319,No qualifications,134,124,10,1,5,3,1
S01012319,Level 1,162,149,13,1,4,4,4
S01012319,Level 2,97,92,5,0,0,0,5
S01012319,Level 3,56,49,7,0,1,2,4
S01012319,Level 4 and above,193,173,20,1,8,2,9
S01012320,All people aged 16 and over,554,532,22,3,6,4,9
S01012320,No qualifications,228,216,12,1,4,2,5
S01012320,Level 1,153,150,3,1,0,0,2
S01012320,Level 2,54,53,1,1,0,0,0
S01012320,Level 3,41,40,1,0,0,1,0
S01012320,Level 4 and above,78,73,5,0,2,1,2
S01012321,All people aged 16 and over,623,594,29,4,0,8,17
S01012321,No qualifications,182,175,7,2,0,1,4
S01012321,Level 1,178,171,7,1,0,1,5
S01012321,Level 2,82,79,3,1,0,0,2
S01012321,Level 3,47,44,3,0,0,2,1
S01012321,Level 4 and above,134,125,9,0,0,4,5
S01012322,All people aged 16 and over,833,799,34,3,6,8,17
S01012322,No qualifications,194,186,8,0,4,1,3
S01012322,Level 1,186,180,6,0,0,1,5
S01012322,Level 2,98,96,2,0,0,1,1
S01012322,Level 3,66,65,1,0,0,0,1
S01012322,Level 4 and above,289,272,17,3,2,5,7
S01012323,All people aged 16 and over,763,720,43,13,7,5,18
S01012323,No qualifications,199,189,10,6,1,0,3
S01012323,Level 1,159,150,9,1,3,1,4
S01012323,Level 2,86,84,2,1,0,0,1
S01012323,Level 3,53,51,2,0,0,1,1
S01012323,Level 4 and above,266,246,20,5,3,3,9
S01012324,All people aged 16 and over,692,668,24,2,3,2,17
S01012324,No qualifications,201,199,2,0,1,0,1
S01012324,Level 1,163,161,2,0,0,1,1
S01012324,Level 2,81,80,1,0,0,0,1
S01012324,Level 3,50,48,2,0,0,0,2
S01012324,Level 4 and above,197,180,17,2,2,1,12
S01012325,All people aged 16 and over,533,518,15,0,0,7,8
S01012325,No qualifications,223,221,2,0,0,2,0
S01012325,Level 1,107,103,4,0,0,1,3
S01012325,Level 2,55,53,2,0,0,0,2
S01012325,Level 3,34,31,3,0,0,2,1
S01012325,Level 4 and above,114,110,4,0,0,2,2
S01012326,All people aged 16 and over,489,461,28,5,4,9,10
S01012326,No qualifications,155,145,10,5,0,2,3
S01012326,Level 1,137,133,4,0,0,3,1
S01012326,Level 2,62,59,3,0,0,3,0
S01012326,Level 3,33,28,5,0,4,1,0
S01012326,Level 4 and above,102,96,6,0,0,0,6
S01012327,All people aged 16 and over,659,619,40,0,5,10,25
S01012327,No qualifications,230,213,17,0,2,10,5
S01012327,Level 1,174,168,6,0,0,0,6
S01012327,Level 2,84,81,3,0,1,0,2
S01012327,Level 3,50,48,2,0,1,0,1
S01012327,Level 4 and above,121,109,12,0,1,0,11
S01012328,All people aged 16 and over,489,468,21,1,2,0,18
S01012328,No qualifications,136,133,3,0,1,0,2
S01012328,Level 1,97,95,2,0,0,0,2
S01012328,Level 2,51,51,0,0,0,0,0
S01012328,Level 3,42,41,1,0,0,0,1
S01012328,Level 4 and above,163,148,15,1,1,0,13
S01012329,All people aged 16 and over,694,666,28,0,5,5,18
S01012329,No qualifications,166,164,2,0,1,0,1
S01012329,Level 1,150,146,4,0,0,0,4
S01012329,Level 2,102,101,1,0,0,1,0
S01012329,Level 3,55,50,5,0,0,2,3
S01012329,Level 4 and above,221,205,16,0,4,2,10
S01012330,All people aged 16 and over,508,494,14,0,0,3,11
S01012330,No qualifications,139,136,3,0,0,0,3
S01012330,Level 1,110,107,3,0,0,1,2
S01012330,Level 2,53,53,0,0,0,0,0
S01012330,Level 3,48,47,1,0,0,0,1
S01012330,Level 4 and above,158,151,7,0,0,2,5
S01012331,All people aged 16 and over,492,478,14,1,0,3,10
S01012331,No qualifications,102,99,3,0,0,2,1
S01012331,Level 1,106,105,1,0,0,0,1
S01012331,Level 2,71,69,2,0,0,0,2
S01012331,Level 3,58,58,0,0,0,0,0
S01012331,Level 4 and above,155,147,8,1,0,1,6
S01012332,All people aged 16 and over,830,805,25,0,3,4,18
S01012332,No qualifications,166,162,4,0,1,0,3
S01012332,Level 1,185,180,5,0,2,0,3
S01012332,Level 2,134,134,0,0,0,0,0
S01012332,Level 3,74,70,4,0,0,0,4
S01012332,Level 4 and above,271,259,12,0,0,4,8
S01012333,All people aged 16 and over,817,778,39,1,3,7,28
S01012333,No qualifications,207,204,3,0,0,0,3
S01012333,Level 1,157,154,3,0,0,0,3
S01012333,Level 2,111,109,2,0,0,0,2
S01012333,Level 3,82,75,7,0,1,3,3
S01012333,Level 4 and above,260,236,24,1,2,4,17
S01012334,All people aged 16 and over,711,686,25,1,2,1,21
S01012334,No qualifications,303,296,7,0,2,0,5
S01012334,Level 1,186,182,4,0,0,0,4
S01012334,Level 2,84,79,5,1,0,0,4
S01012334,Level 3,44,42,2,0,0,0,2
S01012334,Level 4 and above,94,87,7,0,0,1,6
S01012335,All people aged 16 and over,799,763,36,1,6,6,23
S01012335,No qualifications,225,214,11,0,1,2,8
S01012335,Level 1,235,227,8,0,1,1,6
S01012335,Level 2,119,117,2,0,0,0,2
S01012335,Level 3,81,76,5,1,3,0,1
S01012335,Level 4 and above,139,129,10,0,1,3,6
S01012336,All people aged 16 and over,512,502,10,1,2,1,6
S01012336,No qualifications,240,238,2,0,0,0,2
S01012336,Level 1,119,116,3,1,0,0,2
S01012336,Level 2,61,60,1,0,0,0,1
S01012336,Level 3,36,35,1,0,0,0,1
S01012336,Level 4 and above,56,53,3,0,2,1,0
S01012337,All people aged 16 and over,748,715,33,1,15,10,7
S01012337,No qualifications,314,307,7,0,3,2,2
S01012337,Level 1,174,166,8,1,5,0,2
S01012337,Level 2,86,86,0,0,0,0,0
S01012337,Level 3,45,45,0,0,0,0,0
S01012337,Level 4 and above,129,111,18,0,7,8,3
S01012338,All people aged 16 and over,631,594,37,0,7,8,22
S01012338,No qualifications,212,207,5,0,0,0,5
S01012338,Level 1,117,109,8,0,2,0,6
S01012338,Level 2,93,88,5,0,1,0,4
S01012338,Level 3,44,37,7,0,2,3,2
S01012338,Level 4 and above,165,153,12,0,2,5,5
S01012339,All people aged 16 and over,525,484,41,4,7,6,24
S01012339,No qualifications,142,133,9,0,2,0,7
S01012339,Level 1,103,96,7,1,1,2,3
S01012339,Level 2,79,76,3,0,1,0,2
S01012339,Level 3,53,49,4,2,0,2,0
S01012339,Level 4 and above,148,130,18,1,3,2,12
S01012340,All people aged 16 and over,830,799,31,0,7,1,23
S01012340,No qualifications,213,209,4,0,0,0,4
S01012340,Level 1,195,189,6,0,4,0,2
S01012340,Level 2,134,130,4,0,1,0,3
S01012340,Level 3,66,64,2,0,0,0,2
S01012340,Level 4 and above,222,207,15,0,2,1,12
S01012341,All people aged 16 and over,796,761,35,1,4,6,24
S01012341,No qualifications,138,135,3,0,0,1,2
S01012341,Level 1,205,200,5,0,2,0,3
S01012341,Level 2,121,114,7,1,0,1,5
S01012341,Level 3,97,93,4,0,0,0,4
S01012341,Level 4 and above,235,219,16,0,2,4,10
S01012342,All people aged 16 and over,786,753,33,2,4,3,24
S01012342,No qualifications,215,213,2,0,0,0,2
S01012342,Level 1,174,168,6,1,1,1,3
S01012342,Level 2,100,96,4,0,1,1,2
S01012342,Level 3,76,75,1,0,0,1,0
S01012342,Level 4 and above,221,201,20,1,2,0,17
S01012343,All people aged 16 and over,821,786,35,3,1,6,25
S01012343,No qualifications,175,172,3,0,0,0,3
S01012343,Level 1,191,186,5,1,0,1,3
S01012343,Level 2,124,120,4,2,0,0,2
S01012343,Level 3,71,68,3,0,0,1,2
S01012343,Level 4 and above,260,240,20,0,1,4,15
S01012344,All people aged 16 and over,483,461,22,2,3,3,14
S01012344,No qualifications,145,139,6,0,2,0,4
S01012344,Level 1,117,111,6,1,1,1,3
S01012344,Level 2,69,68,1,0,0,0,1
S01012344,Level 3,46,43,3,0,0,0,3
S01012344,Level 4 and above,106,100,6,1,0,2,3
S01012345,All people aged 16 and over,586,573,13,0,2,1,10
S01012345,No qualifications,174,171,3,0,0,1,2
S01012345,Level 1,140,137,3,0,2,0,1
S01012345,Level 2,94,93,1,0,0,0,1
S01012345,Level 3,55,54,1,0,0,0,1
S01012345,Level 4 and above,123,118,5,0,0,0,5
S01012346,All people aged 16 and over,708,664,44,4,6,6,28
S01012346,No qualifications,141,135,6,1,1,0,4
S01012346,Level 1,136,131,5,0,2,0,3
S01012346,Level 2,107,106,1,0,0,0,1
S01012346,Level 3,74,70,4,1,0,0,3
S01012346,Level 4 and above,250,222,28,2,3,6,17
S01012347,All people aged 16 and over,639,608,31,3,4,1,23
S01012347,No qualifications,187,180,7,1,2,0,4
S01012347,Level 1,147,141,6,1,1,0,4
S01012347,Level 2,84,81,3,0,0,0,3
S01012347,Level 3,53,52,1,0,0,0,1
S01012347,Level 4 and above,168,154,14,1,1,1,11
S01012348,All people aged 16 and over,587,560,27,2,3,1,21
S01012348,No qualifications,129,126,3,0,0,0,3
S01012348,Level 1,111,109,2,0,1,0,1
S01012348,Level 2,67,64,3,0,0,0,3
S01012348,Level 3,48,46,2,1,1,0,0
S01012348,Level 4 and above,232,215,17,1,1,1,14
S01012349,All people aged 16 and over,746,727,19,1,0,4,14
S01012349,No qualifications,302,298,4,0,0,1,3
S01012349,Level 1,203,195,8,1,0,2,5
S01012349,Level 2,100,99,1,0,0,0,1
S01012349,Level 3,61,61,0,0,0,0,0
S01012349,Level 4 and above,80,74,6,0,0,1,5
S01012350,All people aged 16 and over,625,601,24,0,3,4,17
S01012350,No qualifications,187,182,5,0,0,1,4
S01012350,Level 1,185,179,6,0,0,2,4
S01012350,Level 2,70,69,1,0,0,0,1
S01012350,Level 3,60,55,5,0,2,1,2
S01012350,Level 4 and above,123,116,7,0,1,0,6
S01012351,All people aged 16 and over,674,639,35,2,4,10,19
S01012351,No qualifications,226,220,6,0,0,0,6
S01012351,Level 1,207,198,9,1,1,2,5
S01012351,Level 2,88,85,3,0,0,2,1
S01012351,Level 3,56,51,5,0,0,2,3
S01012351,Level 4 and above,97,85,12,1,3,4,4
S01012352,All people aged 16 and over,630,605,25,3,5,4,13
S01012352,No qualifications,212,207,5,0,0,3,2
S01012352,Level 1,173,168,5,0,3,0,2
S01012352,Level 2,83,77,6,0,2,1,3
S01012352,Level 3,52,49,3,0,0,0,3
S01012352,Level 4 and above,110,104,6,3,0,0,3
S01012353,All people aged 16 and over,670,633,37,6,1,6,24
S01012353,No qualifications,211,200,11,0,1,3,7
S01012353,Level 1,160,156,4,3,0,1,0
S01012353,Level 2,94,92,2,0,0,0,2
S01012353,Level 3,60,55,5,1,0,0,4
S01012353,Level 4 and above,145,130,15,2,0,2,11
S01012354,All people aged 16 and over,668,646,22,2,0,3,17
S01012354,No qualifications,268,263,5,0,0,0,5
S01012354,Level 1,158,151,7,1,0,0,6
S01012354,Level 2,63,62,1,0,0,1,0
S01012354,Level 3,32,31,1,1,0,0,0
S01012354,Level 4 and above,147,139,8,0,0,2,6
S01012355,All people aged 16 and over,768,731,37,4,4,4,25
S01012355,No qualifications,183,180,3,0,0,0,3
S01012355,Level 1,187,177,10,2,0,1,7
S01012355,Level 2,115,110,5,0,2,1,2
S01012355,Level 3,61,58,3,0,0,1,2
S01012355,Level 4 and above,222,206,16,2,2,1,11
S01012356,All people aged 16 and over,555,541,14,0,0,1,13
S01012356,No qualifications,164,162,2,0,0,1,1
S01012356,Level 1,122,118,4,0,0,0,4
S01012356,Level 2,77,74,3,0,0,0,3
S01012356,Level 3,43,42,1,0,0,0,1
S01012356,Level 4 and above,149,145,4,0,0,0,4
S01012357,All people aged 16 and over,740,694,46,8,4,2,32
S01012357,No qualifications,168,164,4,0,1,0,3
S01012357,Level 1,146,139,7,3,0,0,4
S01012357,Level 2,108,103,5,2,0,0,3
S01012357,Level 3,72,66,6,0,3,0,3
S01012357,Level 4 and above,246,222,24,3,0,2,19
S01012358,All people aged 16 and over,680,651,29,0,0,3,26
S01012358,No qualifications,174,172,2,0,0,0,2
S01012358,Level 1,152,149,3,0,0,0,3
S01012358,Level 2,107,101,6,0,0,0,6
S01012358,Level 3,51,50,1,0,0,0,1
S01012358,Level 4 and above,196,179,17,0,0,3,14
S01012359,All people aged 16 and over,619,588,31,3,6,12,10
S01012359,No qualifications,294,290,4,0,0,3,1
S01012359,Level 1,168,158,10,1,3,2,4
S01012359,Level 2,56,55,1,0,0,0,1
S01012359,Level 3,37,34,3,1,1,0,1
S01012359,Level 4 and above,64,51,13,1,2,7,3
S01012360,All people aged 16 and over,590,530,60,14,20,15,11
S01012360,No qualifications,228,221,7,5,0,0,2
S01012360,Level 1,182,163,19,4,3,4,8
S01012360,Level 2,65,61,4,2,1,1,0
S01012360,Level 3,46,41,5,0,5,0,0
S01012360,Level 4 and above,69,44,25,3,11,10,1
S01012361,All people aged 16 and over,487,446,41,3,13,14,11
S01012361,No qualifications,207,195,12,1,5,1,5
S01012361,Level 1,145,133,12,2,3,5,2
S01012361,Level 2,52,50,2,0,0,0,2
S01012361,Level 3,37,33,4,0,0,2,2
S01012361,Level 4 and above,46,35,11,0,5,6,0
S01012362,All people aged 16 and over,579,508,71,4,33,21,13
S01012362,No qualifications,221,204,17,0,8,5,4
S01012362,Level 1,179,161,18,4,6,4,4
S01012362,Level 2,66,62,4,0,0,2,2
S01012362,Level 3,52,40,12,0,7,4,1
S01012362,Level 4 and above,61,41,20,0,12,6,2
S01012363,All people aged 16 and over,845,773,72,9,17,20,26
S01012363,No qualifications,310,292,18,0,6,6,6
S01012363,Level 1,195,187,8,0,1,3,4
S01012363,Level 2,116,109,7,0,2,1,4
S01012363,Level 3,78,71,7,1,1,4,1
S01012363,Level 4 and above,146,114,32,8,7,6,11
S01012364,All people aged 16 and over,595,560,35,6,9,6,14
S01012364,No qualifications,236,221,15,3,7,3,2
S01012364,Level 1,122,117,5,1,1,0,3
S01012364,Level 2,95,88,7,0,0,1,6
S01012364,Level 3,43,42,1,0,0,0,1
S01012364,Level 4 and above,99,92,7,2,1,2,2
S01012365,All people aged 16 and over,792,763,29,5,8,1,15
S01012365,No qualifications,263,256,7,0,1,0,6
S01012365,Level 1,183,181,2,0,0,0,2
S01012365,Level 2,140,140,0,0,0,0,0
S01012365,Level 3,61,59,2,0,0,0,2
S01012365,Level 4 and above,145,127,18,5,7,1,5
S01012366,All people aged 16 and over,783,751,32,3,7,5,17
S01012366,No qualifications,309,302,7,0,0,2,5
S01012366,Level 1,164,158,6,0,1,1,4
S01012366,Level 2,112,108,4,1,1,0,2
S01012366,Level 3,60,59,1,0,0,0,1
S01012366,Level 4 and above,138,124,14,2,5,2,5
S01012367,All people aged 16 and over,787,765,22,0,7,2,13
S01012367,No qualifications,291,281,10,0,4,1,5
S01012367,Level 1,179,176,3,0,1,1,1
S01012367,Level 2,117,114,3,0,0,0,3
S01012367,Level 3,68,66,2,0,1,0,1
S01012367,Level 4 and above,132,128,4,0,1,0,3
S01012368,All people aged 16 and over,531,505,26,2,4,4,16
S01012368,No qualifications,177,169,8,1,1,0,6
S01012368,Level 1,103,97,6,0,2,2,2
S01012368,Level 2,68,68,0,0,0,0,0
S01012368,Level 3,51,47,4,0,0,0,4
S01012368,Level 4 and above,132,124,8,1,1,2,4
S01012369,All people aged 16 and over,726,702,24,1,3,4,16
S01012369,No qualifications,250,243,7,0,0,2,5
S01012369,Level 1,168,165,3,1,1,0,1
S01012369,Level 2,116,114,2,0,0,0,2
S01012369,Level 3,45,41,4,0,0,0,4
S01012369,Level 4 and above,147,139,8,0,2,2,4
S01012370,All people aged 16 and over,818,790,28,0,8,5,15
S01012370,No qualifications,357,355,2,0,0,0,2
S01012370,Level 1,178,171,7,0,0,2,5
S01012370,Level 2,112,110,2,0,0,1,1
S01012370,Level 3,58,57,1,0,0,0,1
S01012370,Level 4 and above,113,97,16,0,8,2,6
S01012371,All people aged 16 and over,813,764,49,8,9,14,18
S01012371,No qualifications,331,313,18,2,3,5,8
S01012371,Level 1,192,182,10,1,3,4,2
S01012371,Level 2,91,91,0,0,0,0,0
S01012371,Level 3,89,80,9,3,0,2,4
S01012371,Level 4 and above,110,98,12,2,3,3,4
S01012372,All people aged 16 and over,657,632,25,0,11,7,7
S01012372,No qualifications,287,283,4,0,1,1,2
S01012372,Level 1,154,146,8,0,3,4,1
S01012372,Level 2,81,78,3,0,2,1,0
S01012372,Level 3,62,56,6,0,4,0,2
S01012372,Level 4 and above,73,69,4,0,1,1,2
S01012373,All people aged 16 and over,848,816,32,0,13,5,14
S01012373,No qualifications,309,302,7,0,2,1,4
S01012373,Level 1,204,196,8,0,6,0,2
S01012373,Level 2,111,108,3,0,0,1,2
S01012373,Level 3,71,68,3,0,3,0,0
S01012373,Level 4 and above,153,142,11,0,2,3,6
S01012374,All people aged 16 and over,742,721,21,1,4,4,12
S01012374,No qualifications,274,267,7,0,0,0,7
S01012374,Level 1,203,201,2,0,1,1,0
S01012374,Level 2,85,83,2,0,1,0,1
S01012374,Level 3,76,75,1,0,0,0,1
S01012374,Level 4 and above,104,95,9,1,2,3,3
S01012375,All people aged 16 and over,755,733,22,0,8,9,5
S01012375,No qualifications,303,302,1,0,0,0,1
S01012375,Level 1,216,210,6,0,2,1,3
S01012375,Level 2,89,89,0,0,0,0,0
S01012375,Level 3,71,66,5,0,4,1,0
S01012375,Level 4 and above,76,66,10,0,2,7,1
S01012376,All people aged 16 and over,790,741,49,11,3,2,33
S01012376,No qualifications,146,142,4,1,0,1,2
S01012376,Level 1,134,131,3,0,1,0,2
S01012376,Level 2,125,116,9,3,0,0,6
S01012376,Level 3,80,76,4,0,0,0,4
S01012376,Level 4 and above,305,276,29,7,2,1,19
S01012377,All people aged 16 and over,608,555,53,8,6,10,29
S01012377,No qualifications,98,95,3,0,1,1,1
S01012377,Level 1,122,115,7,0,0,2,5
S01012377,Level 2,75,70,5,1,0,0,4
S01012377,Level 3,52,45,7,0,1,0,6
S01012377,Level 4 and above,261,230,31,7,4,7,13
S01012378,All people aged 16 and over,494,463,31,1,8,3,19
S01012378,No qualifications,117,113,4,1,0,1,2
S01012378,Level 1,90,84,6,0,2,0,4
S01012378,Level 2,62,57,5,0,1,0,4
S01012378,Level 3,56,52,4,0,2,0,2
S01012378,Level 4 and above,169,157,12,0,3,2,7
S01012379,All people aged 16 and over,427,390,37,3,4,8,22
S01012379,No qualifications,76,75,1,0,0,0,1
S01012379,Level 1,91,83,8,0,4,3,1
S01012379,Level 2,55,50,5,0,0,2,3
S01012379,Level 3,38,35,3,0,0,0,3
S01012379,Level 4 and above,167,147,20,3,0,3,14
S01012380,All people aged 16 and over,731,713,18,3,2,1,12
S01012380,No qualifications,207,203,4,0,0,0,4
S01012380,Level 1,196,191,5,1,1,1,2
S01012380,Level 2,108,108,0,0,0,0,0
S01012380,Level 3,82,81,1,0,0,0,1
S01012380,Level 4 and above,138,130,8,2,1,0,5
S01012381,All people aged 16 and over,713,674,39,3,3,8,25
S01012381,No qualifications,298,281,17,0,0,4,13
S01012381,Level 1,146,139,7,3,0,1,3
S01012381,Level 2,92,91,1,0,0,0,1
S01012381,Level 3,65,64,1,0,0,0,1
S01012381,Level 4 and above,112,99,13,0,3,3,7
S01012382,All people aged 16 and over,811,797,14,1,1,0,12
S01012382,No qualifications,191,187,4,0,0,0,4
S01012382,Level 1,160,159,1,0,0,0,1
S01012382,Level 2,156,155,1,0,0,0,1
S01012382,Level 3,75,74,1,0,0,0,1
S01012382,Level 4 and above,229,222,7,1,1,0,5
S01012383,All people aged 16 and over,734,708,26,2,2,5,17
S01012383,No qualifications,268,260,8,0,0,1,7
S01012383,Level 1,128,126,2,0,0,0,2
S01012383,Level 2,108,108,0,0,0,0,0
S01012383,Level 3,63,59,4,0,0,1,3
S01012383,Level 4 and above,167,155,12,2,2,3,5
S01012384,All people aged 16 and over,433,414,19,2,2,4,11
S01012384,No qualifications,118,115,3,0,0,1,2
S01012384,Level 1,77,72,5,1,1,1,2
S01012384,Level 2,77,75,2,0,0,0,2
S01012384,Level 3,44,41,3,0,1,1,1
S01012384,Level 4 and above,117,111,6,1,0,1,4
S01012385,All people aged 16 and over,595,559,36,7,6,3,20
S01012385,No qualifications,123,121,2,1,0,1,0
S01012385,Level 1,136,134,2,0,1,0,1
S01012385,Level 2,84,82,2,0,0,0,2
S01012385,Level 3,59,54,5,3,0,1,1
S01012385,Level 4 and above,193,168,25,3,5,1,16
S01012386,All people aged 16 and over,806,768,38,4,5,10,19
S01012386,No qualifications,284,279,5,0,0,2,3
S01012386,Level 1,237,226,11,1,3,3,4
S01012386,Level 2,93,91,2,1,0,0,1
S01012386,Level 3,59,56,3,2,0,0,1
S01012386,Level 4 and above,133,116,17,0,2,5,10
S01012387,All people aged 16 and over,755,718,37,9,7,5,16
S01012387,No qualifications,154,148,6,1,0,1,4
S01012387,Level 1,207,196,11,4,1,2,4
S01012387,Level 2,103,99,4,2,0,0,2
S01012387,Level 3,65,64,1,0,0,0,1
S01012387,Level 4 and above,226,211,15,2,6,2,5
S01012388,All people aged 16 and over,579,546,33,2,2,9,20
S01012388,No qualifications,135,132,3,0,0,1,2
S01012388,Level 1,111,107,4,0,2,2,0
S01012388,Level 2,72,67,5,0,0,3,2
S01012388,Level 3,49,45,4,0,0,1,3
S01012388,Level 4 and above,212,195,17,2,0,2,13
S01012389,All people aged 16 and over,661,640,21,1,4,2,14
S01012389,No qualifications,145,141,4,1,0,0,3
S01012389,Level 1,171,170,1,0,1,0,0
S01012389,Level 2,93,92,1,0,0,0,1
S01012389,Level 3,62,59,3,0,1,0,2
S01012389,Level 4 and above,190,178,12,0,2,2,8
S01012390,All people aged 16 and over,620,601,19,2,2,2,13
S01012390,No qualifications,105,98,7,2,0,1,4
S01012390,Level 1,178,176,2,0,1,0,1
S01012390,Level 2,110,109,1,0,0,0,1
S01012390,Level 3,57,54,3,0,1,1,1
S01012390,Level 4 and above,170,164,6,0,0,0,6
S01012391,All people aged 16 and over,785,736,49,5,4,15,25
S01012391,No qualifications,99,95,4,1,0,0,3
S01012391,Level 1,199,188,11,0,2,4,5
S01012391,Level 2,131,128,3,0,0,0,3
S01012391,Level 3,85,82,3,1,1,0,1
S01012391,Level 4 and above,271,243,28,3,1,11,13
S01012392,All people aged 16 and over,606,581,25,2,3,8,12
S01012392,No qualifications,117,111,6,1,1,2,2
S01012392,Level 1,148,145,3,0,0,3,0
S01012392,Level 2,115,112,3,0,0,1,2
S01012392,Level 3,58,56,2,0,0,0,2
S01012392,Level 4 and above,168,157,11,1,2,2,6
S01012393,All people aged 16 and over,728,654,74,18,21,7,28
S01012393,No qualifications,143,133,10,0,3,1,6
S01012393,Level 1,205,186,19,7,7,1,4
S01012393,Level 2,103,102,1,0,0,0,1
S01012393,Level 3,66,59,7,0,2,1,4
S01012393,Level 4 and above,211,174,37,11,9,4,13
S01012394,All people aged 16 and over,531,511,20,6,4,5,5
S01012394,No qualifications,138,131,7,2,2,3,0
S01012394,Level 1,188,183,5,3,0,1,1
S01012394,Level 2,65,65,0,0,0,0,0
S01012394,Level 3,44,40,4,0,1,1,2
S01012394,Level 4 and above,96,92,4,1,1,0,2
S01012395,All people aged 16 and over,514,473,41,9,6,14,12
S01012395,No qualifications,137,129,8,1,1,1,5
S01012395,Level 1,116,105,11,2,3,2,4
S01012395,Level 2,67,64,3,0,0,3,0
S01012395,Level 3,47,44,3,1,0,0,2
S01012395,Level 4 and above,147,131,16,5,2,8,1
S01012396,All people aged 16 and over,533,495,38,6,13,4,15
S01012396,No qualifications,135,122,13,4,5,1,3
S01012396,Level 1,140,131,9,0,4,1,4
S01012396,Level 2,71,66,5,0,2,0,3
S01012396,Level 3,44,43,1,0,0,0,1
S01012396,Level 4 and above,143,133,10,2,2,2,4
S01012397,All people aged 16 and over,730,687,43,9,6,3,25
S01012397,No qualifications,174,163,11,0,2,2,7
S01012397,Level 1,176,168,8,4,1,1,2
S01012397,Level 2,85,83,2,0,0,0,2
S01012397,Level 3,61,61,0,0,0,0,0
S01012397,Level 4 and above,234,212,22,5,3,0,14
S01012398,All people aged 16 and over,768,694,74,26,26,12,10
S01012398,No qualifications,164,147,17,6,7,2,2
S01012398,Level 1,187,168,19,6,8,4,1
S01012398,Level 2,117,117,0,0,0,0,0
S01012398,Level 3,67,66,1,0,0,1,0
S01012398,Level 4 and above,233,196,37,14,11,5,7
S01012399,All people aged 16 and over,505,472,33,8,8,7,10
S01012399,No qualifications,146,143,3,0,0,0,3
S01012399,Level 1,131,126,5,1,2,1,1
S01012399,Level 2,63,61,2,1,1,0,0
S01012399,Level 3,54,49,5,0,2,0,3
S01012399,Level 4 and above,111,93,18,6,3,6,3
S01012400,All people aged 16 and over,487,422,65,27,16,7,15
S01012400,No qualifications,135,118,17,8,2,2,5
S01012400,Level 1,139,129,10,4,3,1,2
S01012400,Level 2,88,78,10,5,2,2,1
S01012400,Level 3,36,29,7,3,3,0,1
S01012400,Level 4 and above,89,68,21,7,6,2,6
S01012401,All people aged 16 and over,662,618,44,7,10,10,17
S01012401,No qualifications,200,185,15,3,2,5,5
S01012401,Level 1,198,183,15,2,4,3,6
S01012401,Level 2,75,74,1,0,0,0,1
S01012401,Level 3,76,74,2,0,0,0,2
S01012401,Level 4 and above,113,102,11,2,4,2,3
S01012402,All people aged 16 and over,352,328,24,9,6,1,8
S01012402,No qualifications,71,64,7,4,0,0,3
S01012402,Level 1,104,98,6,2,3,0,1
S01012402,Level 2,58,55,3,1,1,0,1
S01012402,Level 3,34,34,0,0,0,0,0
S01012402,Level 4 and above,85,77,8,2,2,1,3
S01012403,All people aged 16 and over,860,803,57,15,13,11,18
S01012403,No qualifications,203,194,9,2,4,1,2
S01012403,Level 1,202,197,5,0,2,2,1
S01012403,Level 2,121,119,2,0,0,0,2
S01012403,Level 3,71,68,3,1,0,0,2
S01012403,Level 4 and above,263,225,38,12,7,8,11
S01012404,All people aged 16 and over,826,745,81,25,31,7,18
S01012404,No qualifications,209,197,12,3,5,1,3
S01012404,Level 1,194,179,15,3,9,1,2
S01012404,Level 2,115,111,4,0,0,1,3
S01012404,Level 3,84,75,9,2,1,4,2
S01012404,Level 4 and above,224,183,41,17,16,0,8
S01012405,All people aged 16 and over,554,535,19,1,0,1,17
S01012405,No qualifications,84,82,2,0,0,0,2
S01012405,Level 1,155,153,2,0,0,0,2
S01012405,Level 2,90,90,0,0,0,0,0
S01012405,Level 3,55,52,3,0,0,0,3
S01012405,Level 4 and above,170,158,12,1,0,1,10
S01012406,All people aged 16 and over,500,473,27,8,1,3,15
S01012406,No qualifications,123,121,2,0,0,0,2
S01012406,Level 1,128,125,3,0,0,1,2
S01012406,Level 2,73,67,6,6,0,0,0
S01012406,Level 3,54,49,5,2,0,0,3
S01012406,Level 4 and above,122,111,11,0,1,2,8
S01012407,All people aged 16 and over,639,613,26,8,1,5,12
S01012407,No qualifications,141,132,9,3,1,1,4
S01012407,Level 1,181,175,6,3,0,0,3
S01012407,Level 2,105,103,2,0,0,1,1
S01012407,Level 3,49,47,2,0,0,2,0
S01012407,Level 4 and above,163,156,7,2,0,1,4
S01012408,All people aged 16 and over,502,491,11,2,0,0,9
S01012408,No qualifications,103,101,2,0,0,0,2
S01012408,Level 1,145,143,2,1,0,0,1
S01012408,Level 2,87,85,2,0,0,0,2
S01012408,Level 3,48,46,2,0,0,0,2
S01012408,Level 4 and above,119,116,3,1,0,0,2
S01012409,All people aged 16 and over,563,535,28,3,5,3,17
S01012409,No qualifications,136,133,3,1,0,0,2
S01012409,Level 1,130,127,3,2,0,0,1
S01012409,Level 2,98,98,0,0,0,0,0
S01012409,Level 3,43,40,3,0,3,0,0
S01012409,Level 4 and above,156,137,19,0,2,3,14
S01012410,All people aged 16 and over,843,804,39,14,2,9,14
S01012410,No qualifications,178,172,6,3,0,0,3
S01012410,Level 1,229,221,8,0,1,0,7
S01012410,Level 2,148,145,3,0,0,3,0
S01012410,Level 3,63,58,5,3,0,2,0
S01012410,Level 4 and above,225,208,17,8,1,4,4
S01012411,All people aged 16 and over,763,739,24,8,1,2,13
S01012411,No qualifications,163,156,7,3,0,0,4
S01012411,Level 1,246,240,6,2,1,2,1
S01012411,Level 2,132,130,2,0,0,0,2
S01012411,Level 3,81,79,2,0,0,0,2
S01012411,Level 4 and above,141,134,7,3,0,0,4
S01012412,All people aged 16 and over,540,521,19,1,1,2,15
S01012412,No qualifications,173,170,3,0,1,0,2
S01012412,Level 1,122,119,3,0,0,0,3
S01012412,Level 2,71,67,4,0,0,0,4
S01012412,Level 3,51,50,1,0,0,0,1
S01012412,Level 4 and above,123,115,8,1,0,2,5
S01012413,All people aged 16 and over,794,768,26,2,4,4,16
S01012413,No qualifications,236,236,0,0,0,0,0
S01012413,Level 1,207,203,4,0,3,0,1
S01012413,Level 2,85,83,2,0,0,0,2
S01012413,Level 3,51,49,2,0,1,0,1
S01012413,Level 4 and above,215,197,18,2,0,4,12
S01012414,All people aged 16 and over,589,560,29,0,7,4,18
S01012414,No qualifications,176,170,6,0,1,0,5
S01012414,Level 1,155,153,2,0,0,1,1
S01012414,Level 2,64,63,1,0,0,0,1
S01012414,Level 3,42,41,1,0,0,0,1
S01012414,Level 4 and above,152,133,19,0,6,3,10
S01012415,All people aged 16 and over,451,442,9,0,0,3,6
S01012415,No qualifications,150,149,1,0,0,0,1
S01012415,Level 1,121,121,0,0,0,0,0
S01012415,Level 2,47,47,0,0,0,0,0
S01012415,Level 3,39,38,1,0,0,1,0
S01012415,Level 4 and above,94,87,7,0,0,2,5
S01012416,All people aged 16 and over,456,434,22,4,6,5,7
S01012416,No qualifications,167,163,4,1,3,0,0
S01012416,Level 1,105,102,3,0,1,1,1
S01012416,Level 2,33,31,2,0,0,2,0
S01012416,Level 3,38,35,3,0,0,1,2
S01012416,Level 4 and above,113,103,10,3,2,1,4
S01012417,All people aged 16 and over,544,514,30,4,4,4,18
S01012417,No qualifications,190,178,12,4,2,0,6
S01012417,Level 1,125,122,3,0,0,1,2
S01012417,Level 2,67,65,2,0,0,0,2
S01012417,Level 3,54,52,2,0,0,0,2
S01012417,Level 4 and above,108,97,11,0,2,3,6
S01012418,All people aged 16 and over,680,645,35,5,8,4,18
S01012418,No qualifications,234,227,7,2,1,1,3
S01012418,Level 1,160,155,5,0,0,1,4
S01012418,Level 2,69,68,1,0,0,0,1
S01012418,Level 3,60,57,3,0,1,0,2
S01012418,Level 4 and above,157,138,19,3,6,2,8
S01012419,All people aged 16 and over,678,654,24,5,2,1,16
S01012419,No qualifications,242,237,5,0,0,0,5
S01012419,Level 1,157,151,6,5,1,0,0
S01012419,Level 2,73,71,2,0,0,0,2
S01012419,Level 3,54,52,2,0,0,1,1
S01012419,Level 4 and above,152,143,9,0,1,0,8
S01012420,All people aged 16 and over,694,687,7,2,0,0,5
S01012420,No qualifications,261,259,2,0,0,0,2
S01012420,Level 1,211,211,0,0,0,0,0
S01012420,Level 2,87,85,2,1,0,0,1
S01012420,Level 3,54,54,0,0,0,0,0
S01012420,Level 4 and above,81,78,3,1,0,0,2
S01012421,All people aged 16 and over,629,599,30,7,7,3,13
S01012421,No qualifications,206,200,6,0,2,0,4
S01012421,Level 1,143,139,4,1,1,0,2
S01012421,Level 2,74,71,3,1,0,0,2
S01012421,Level 3,64,63,1,1,0,0,0
S01012421,Level 4 and above,142,126,16,4,4,3,5
S01012422,All people aged 16 and over,725,692,33,4,4,7,18
S01012422,No qualifications,226,220,6,2,2,0,2
S01012422,Level 1,179,171,8,1,0,0,7
S01012422,Level 2,88,86,2,0,0,1,1
S01012422,Level 3,52,49,3,0,0,1,2
S01012422,Level 4 and above,180,166,14,1,2,5,6
S01012423,All people aged 16 and over,696,676,20,2,0,2,16
S01012423,No qualifications,195,192,3,0,0,0,3
S01012423,Level 1,143,141,2,1,0,0,1
S01012423,Level 2,121,118,3,0,0,0,3
S01012423,Level 3,71,66,5,0,0,2,3
S01012423,Level 4 and above,166,159,7,1,0,0,6
S01012424,All people aged 16 and over,752,739,13,0,0,4,9
S01012424,No qualifications,280,277,3,0,0,1,2
S01012424,Level 1,214,213,1,0,0,1,0
S01012424,Level 2,104,103,1,0,0,0,1
S01012424,Level 3,60,59,1,0,0,0,1
S01012424,Level 4 and above,94,87,7,0,0,2,5
S01012425,All people aged 16 and over,497,484,13,4,2,2,5
S01012425,No qualifications,240,237,3,0,0,0,3
S01012425,Level 1,134,133,1,0,0,0,1
S01012425,Level 2,44,43,1,0,0,0,1
S01012425,Level 3,41,40,1,0,1,0,0
S01012425,Level 4 and above,38,31,7,4,1,2,0
S01012426,All people aged 16 and over,383,372,11,1,4,1,5
S01012426,No qualifications,142,140,2,0,0,0,2
S01012426,Level 1,135,128,7,1,2,1,3
S01012426,Level 2,44,43,1,0,1,0,0
S01012426,Level 3,31,30,1,0,1,0,0
S01012426,Level 4 and above,31,31,0,0,0,0,0
S01012427,All people aged 16 and over,523,516,7,0,0,0,7
S01012427,No qualifications,220,215,5,0,0,0,5
S01012427,Level 1,176,175,1,0,0,0,1
S01012427,Level 2,55,55,0,0,0,0,0
S01012427,Level 3,29,29,0,0,0,0,0
S01012427,Level 4 and above,43,42,1,0,0,0,1
S01012428,All people aged 16 and over,539,517,22,2,4,4,12
S01012428,No qualifications,177,174,3,1,0,1,1
S01012428,Level 1,161,158,3,0,0,1,2
S01012428,Level 2,72,69,3,0,1,0,2
S01012428,Level 3,41,40,1,0,0,0,1
S01012428,Level 4 and above,88,76,12,1,3,2,6
S01012429,All people aged 16 and over,466,457,9,0,4,1,4
S01012429,No qualifications,160,159,1,0,1,0,0
S01012429,Level 1,110,109,1,0,1,0,0
S01012429,Level 2,72,69,3,0,1,1,1
S01012429,Level 3,50,49,1,0,0,0,1
S01012429,Level 4 and above,74,71,3,0,1,0,2
S01012430,All people aged 16 and over,475,464,11,3,0,3,5
S01012430,No qualifications,160,156,4,2,0,0,2
S01012430,Level 1,98,97,1,1,0,0,0
S01012430,Level 2,65,65,0,0,0,0,0
S01012430,Level 3,44,43,1,0,0,0,1
S01012430,Level 4 and above,108,103,5,0,0,3,2
S01012431,All people aged 16 and over,790,751,39,7,5,3,24
S01012431,No qualifications,281,273,8,1,2,0,5
S01012431,Level 1,160,153,7,0,0,1,6
S01012431,Level 2,96,94,2,0,1,0,1
S01012431,Level 3,66,58,8,2,0,0,6
S01012431,Level 4 and above,187,173,14,4,2,2,6
S01012432,All people aged 16 and over,622,602,20,1,5,2,12
S01012432,No qualifications,225,219,6,0,0,0,6
S01012432,Level 1,152,147,5,0,1,2,2
S01012432,Level 2,67,67,0,0,0,0,0
S01012432,Level 3,49,44,5,0,3,0,2
S01012432,Level 4 and above,129,125,4,1,1,0,2
S01012433,All people aged 16 and over,440,426,14,1,2,5,6
S01012433,No qualifications,169,166,3,0,0,0,3
S01012433,Level 1,111,108,3,0,0,1,2
S01012433,Level 2,56,56,0,0,0,0,0
S01012433,Level 3,41,40,1,0,1,0,0
S01012433,Level 4 and above,63,56,7,1,1,4,1
S01012434,All people aged 16 and over,578,567,11,1,2,2,6
S01012434,No qualifications,219,215,4,0,1,1,2
S01012434,Level 1,174,170,4,1,0,1,2
S01012434,Level 2,63,63,0,0,0,0,0
S01012434,Level 3,48,46,2,0,1,0,1
S01012434,Level 4 and above,74,73,1,0,0,0,1
S01012435,All people aged 16 and over,527,517,10,0,3,0,7
S01012435,No qualifications,206,203,3,0,2,0,1
S01012435,Level 1,151,148,3,0,0,0,3
S01012435,Level 2,65,65,0,0,0,0,0
S01012435,Level 3,52,52,0,0,0,0,0
S01012435,Level 4 and above,53,49,4,0,1,0,3
S01012436,All people aged 16 and over,595,568,27,1,13,1,12
S01012436,No qualifications,243,239,4,0,0,0,4
S01012436,Level 1,155,146,9,0,4,1,4
S01012436,Level 2,75,72,3,0,2,0,1
S01012436,Level 3,44,43,1,1,0,0,0
S01012436,Level 4 and above,78,68,10,0,7,0,3
S01012437,All people aged 16 and over,616,612,4,0,0,0,4
S01012437,No qualifications,245,244,1,0,0,0,1
S01012437,Level 1,133,132,1,0,0,0,1
S01012437,Level 2,92,92,0,0,0,0,0
S01012437,Level 3,62,62,0,0,0,0,0
S01012437,Level 4 and above,84,82,2,0,0,0,2
S01012438,All people aged 16 and over,534,514,20,1,0,8,11
S01012438,No qualifications,160,155,5,0,0,0,5
S01012438,Level 1,159,158,1,0,0,1,0
S01012438,Level 2,71,68,3,1,0,1,1
S01012438,Level 3,54,52,2,0,0,1,1
S01012438,Level 4 and above,90,81,9,0,0,5,4
S01012439,All people aged 16 and over,645,629,16,2,1,6,7
S01012439,No qualifications,204,200,4,1,0,2,1
S01012439,Level 1,170,167,3,0,0,1,2
S01012439,Level 2,87,87,0,0,0,0,0
S01012439,Level 3,54,54,0,0,0,0,0
S01012439,Level 4 and above,130,121,9,1,1,3,4
S01012440,All people aged 16 and over,444,429,15,2,0,0,13
S01012440,No qualifications,105,101,4,1,0,0,3
S01012440,Level 1,114,111,3,0,0,0,3
S01012440,Level 2,79,78,1,0,0,0,1
S01012440,Level 3,43,42,1,0,0,0,1
S01012440,Level 4 and above,103,97,6,1,0,0,5
S01012441,All people aged 16 and over,764,743,21,7,2,1,11
S01012441,No qualifications,191,188,3,1,0,0,2
S01012441,Level 1,154,150,4,2,0,0,2
S01012441,Level 2,115,113,2,0,0,0,2
S01012441,Level 3,79,74,5,2,1,1,1
S01012441,Level 4 and above,225,218,7,2,1,0,4
S01012442,All people aged 16 and over,808,758,50,9,4,6,31
S01012442,No qualifications,166,162,4,0,0,0,4
S01012442,Level 1,172,162,10,3,0,0,7
S01012442,Level 2,99,97,2,1,0,1,0
S01012442,Level 3,84,80,4,1,0,0,3
S01012442,Level 4 and above,287,257,30,4,4,5,17
S01012443,All people aged 16 and over,616,595,21,0,3,2,16
S01012443,No qualifications,136,133,3,0,0,0,3
S01012443,Level 1,152,149,3,0,0,0,3
S01012443,Level 2,88,85,3,0,1,0,2
S01012443,Level 3,72,67,5,0,1,1,3
S01012443,Level 4 and above,168,161,7,0,1,1,5
S01012444,All people aged 16 and over,712,682,30,3,0,5,22
S01012444,No qualifications,184,182,2,0,0,0,2
S01012444,Level 1,121,115,6,1,0,1,4
S01012444,Level 2,95,94,1,0,0,1,0
S01012444,Level 3,78,72,6,0,0,0,6
S01012444,Level 4 and above,234,219,15,2,0,3,10
S01012445,All people aged 16 and over,403,373,30,1,8,7,14
S01012445,No qualifications,56,55,1,0,0,0,1
S01012445,Level 1,57,55,2,0,0,0,2
S01012445,Level 2,54,51,3,0,1,0,2
S01012445,Level 3,37,30,7,1,4,1,1
S01012445,Level 4 and above,199,182,17,0,3,6,8
S01012446,All people aged 16 and over,430,418,12,0,0,2,10
S01012446,No qualifications,143,137,6,0,0,1,5
S01012446,Level 1,105,104,1,0,0,0,1
S01012446,Level 2,52,52,0,0,0,0,0
S01012446,Level 3,52,51,1,0,0,0,1
S01012446,Level 4 and above,78,74,4,0,0,1,3
S01012447,All people aged 16 and over,725,713,12,0,2,2,8
S01012447,No qualifications,167,164,3,0,1,0,2
S01012447,Level 1,147,146,1,0,1,0,0
S01012447,Level 2,117,115,2,0,0,0,2
S01012447,Level 3,96,93,3,0,0,0,3
S01012447,Level 4 and above,198,195,3,0,0,2,1
S01012448,All people aged 16 and over,712,686,26,2,5,1,18
S01012448,No qualifications,138,137,1,0,0,0,1
S01012448,Level 1,138,133,5,0,0,0,5
S01012448,Level 2,132,127,5,1,0,0,4
S01012448,Level 3,79,74,5,0,2,1,2
S01012448,Level 4 and above,225,215,10,1,3,0,6
S01012449,All people aged 16 and over,482,469,13,0,1,2,10
S01012449,No qualifications,145,143,2,0,0,0,2
S01012449,Level 1,105,103,2,0,1,0,1
S01012449,Level 2,73,69,4,0,0,0,4
S01012449,Level 3,69,68,1,0,0,1,0
S01012449,Level 4 and above,90,86,4,0,0,1,3
S01012450,All people aged 16 and over,700,677,23,0,0,0,23
S01012450,No qualifications,167,166,1,0,0,0,1
S01012450,Level 1,144,140,4,0,0,0,4
S01012450,Level 2,115,110,5,0,0,0,5
S01012450,Level 3,80,78,2,0,0,0,2
S01012450,Level 4 and above,194,183,11,0,0,0,11
S01012451,All people aged 16 and over,787,757,30,2,0,2,26
S01012451,No qualifications,136,133,3,0,0,0,3
S01012451,Level 1,124,116,8,2,0,0,6
S01012451,Level 2,107,104,3,0,0,0,3
S01012451,Level 3,73,73,0,0,0,0,0
S01012451,Level 4 and above,347,331,16,0,0,2,14
S01012452,All people aged 16 and over,505,488,17,0,1,3,13
S01012452,No qualifications,110,108,2,0,0,2,0
S01012452,Level 1,91,90,1,0,0,0,1
S01012452,Level 2,83,78,5,0,0,1,4
S01012452,Level 3,54,51,3,0,0,0,3
S01012452,Level 4 and above,167,161,6,0,1,0,5
S01012453,All people aged 16 and over,699,670,29,1,0,5,23
S01012453,No qualifications,98,93,5,0,0,0,5
S01012453,Level 1,92,91,1,0,0,0,1
S01012453,Level 2,89,85,4,0,0,2,2
S01012453,Level 3,71,69,2,0,0,1,1
S01012453,Level 4 and above,349,332,17,1,0,2,14
S01012454,All people aged 16 and over,578,556,22,0,0,1,21
S01012454,No qualifications,102,98,4,0,0,1,3
S01012454,Level 1,99,97,2,0,0,0,2
S01012454,Level 2,99,98,1,0,0,0,1
S01012454,Level 3,63,60,3,0,0,0,3
S01012454,Level 4 and above,215,203,12,0,0,0,12
S01012455,All people aged 16 and over,498,468,30,3,0,3,24
S01012455,No qualifications,78,70,8,0,0,1,7
S01012455,Level 1,75,74,1,0,0,0,1
S01012455,Level 2,64,61,3,0,0,1,2
S01012455,Level 3,51,50,1,0,0,0,1
S01012455,Level 4 and above,230,213,17,3,0,1,13
S01012456,All people aged 16 and over,649,617,32,0,2,4,26
S01012456,No qualifications,82,78,4,0,0,0,4
S01012456,Level 1,110,101,9,0,1,0,8
S01012456,Level 2,77,76,1,0,0,0,1
S01012456,Level 3,56,55,1,0,0,0,1
S01012456,Level 4 and above,324,307,17,0,1,4,12
S01012457,All people aged 16 and over,757,730,27,1,2,1,23
S01012457,No qualifications,110,106,4,0,0,0,4
S01012457,Level 1,94,93,1,0,0,0,1
S01012457,Level 2,131,124,7,1,1,0,5
S01012457,Level 3,61,61,0,0,0,0,0
S01012457,Level 4 and above,361,346,15,0,1,1,13
S01012458,All people aged 16 and over,669,644,25,0,0,2,23
S01012458,No qualifications,77,77,0,0,0,0,0
S01012458,Level 1,107,105,2,0,0,0,2
S01012458,Level 2,95,92,3,0,0,0,3
S01012458,Level 3,44,43,1,0,0,0,1
S01012458,Level 4 and above,346,327,19,0,0,2,17
S01012459,All people aged 16 and over,584,554,30,1,6,6,17
S01012459,No qualifications,107,106,1,0,0,0,1
S01012459,Level 1,142,133,9,1,5,2,1
S01012459,Level 2,95,91,4,0,0,1,3
S01012459,Level 3,56,55,1,0,0,1,0
S01012459,Level 4 and above,184,169,15,0,1,2,12
S01012460,All people aged 16 and over,473,452,21,4,3,4,10
S01012460,No qualifications,102,98,4,0,0,1,3
S01012460,Level 1,82,78,4,0,1,1,2
S01012460,Level 2,57,57,0,0,0,0,0
S01012460,Level 3,62,59,3,1,0,2,0
S01012460,Level 4 and above,170,160,10,3,2,0,5
S01012461,All people aged 16 and over,450,433,17,3,3,1,10
S01012461,No qualifications,164,163,1,0,0,0,1
S01012461,Level 1,102,99,3,0,0,0,3
S01012461,Level 2,57,55,2,1,0,0,1
S01012461,Level 3,34,32,2,1,1,0,0
S01012461,Level 4 and above,93,84,9,1,2,1,5
S01012462,All people aged 16 and over,653,643,10,0,2,0,8
S01012462,No qualifications,237,234,3,0,1,0,2
S01012462,Level 1,192,191,1,0,1,0,0
S01012462,Level 2,65,64,1,0,0,0,1
S01012462,Level 3,54,52,2,0,0,0,2
S01012462,Level 4 and above,105,102,3,0,0,0,3
S01012463,All people aged 16 and over,480,467,13,1,2,1,9
S01012463,No qualifications,171,171,0,0,0,0,0
S01012463,Level 1,130,127,3,0,0,0,3
S01012463,Level 2,66,64,2,0,0,0,2
S01012463,Level 3,43,40,3,0,1,0,2
S01012463,Level 4 and above,70,65,5,1,1,1,2
S01012464,All people aged 16 and over,491,467,24,0,5,3,16
S01012464,No qualifications,158,153,5,0,2,0,3
S01012464,Level 1,138,135,3,0,1,0,2
S01012464,Level 2,79,73,6,0,0,0,6
S01012464,Level 3,56,51,5,0,0,1,4
S01012464,Level 4 and above,60,55,5,0,2,2,1
S01012465,All people aged 16 and over,566,555,11,0,1,1,9
S01012465,No qualifications,192,188,4,0,0,0,4
S01012465,Level 1,166,165,1,0,0,0,1
S01012465,Level 2,67,67,0,0,0,0,0
S01012465,Level 3,58,55,3,0,0,1,2
S01012465,Level 4 and above,83,80,3,0,1,0,2
S01012466,All people aged 16 and over,673,651,22,2,1,2,17
S01012466,No qualifications,208,204,4,1,0,1,2
S01012466,Level 1,134,132,2,0,0,0,2
S01012466,Level 2,94,92,2,0,1,0,1
S01012466,Level 3,60,58,2,0,0,0,2
S01012466,Level 4 and above,177,165,12,1,0,1,10
S01012467,All people aged 16 and over,562,538,24,2,2,5,15
S01012467,No qualifications,181,176,5,0,0,2,3
S01012467,Level 1,150,143,7,1,1,1,4
S01012467,Level 2,64,62,2,0,0,0,2
S01012467,Level 3,74,72,2,0,1,0,1
S01012467,Level 4 and above,93,85,8,1,0,2,5
S01012468,All people aged 16 and over,618,597,21,0,0,4,17
S01012468,No qualifications,181,177,4,0,0,0,4
S01012468,Level 1,150,144,6,0,0,0,6
S01012468,Level 2,94,93,1,0,0,1,0
S01012468,Level 3,60,58,2,0,0,0,2
S01012468,Level 4 and above,133,125,8,0,0,3,5
S01012469,All people aged 16 and over,676,640,36,1,1,5,29
S01012469,No qualifications,116,110,6,0,0,0,6
S01012469,Level 1,88,87,1,0,0,0,1
S01012469,Level 2,95,93,2,0,0,0,2
S01012469,Level 3,60,57,3,1,0,1,1
S01012469,Level 4 and above,317,293,24,0,1,4,19
S01012470,All people aged 16 and over,827,805,22,1,3,2,16
S01012470,No qualifications,277,272,5,0,0,0,5
S01012470,Level 1,176,171,5,0,1,0,4
S01012470,Level 2,110,108,2,1,0,0,1
S01012470,Level 3,81,80,1,0,0,1,0
S01012470,Level 4 and above,183,174,9,0,2,1,6
S01012471,All people aged 16 and over,732,701,31,4,3,3,21
S01012471,No qualifications,123,118,5,0,2,0,3
S01012471,Level 1,119,114,5,0,0,2,3
S01012471,Level 2,95,94,1,0,0,0,1
S01012471,Level 3,61,59,2,0,0,0,2
S01012471,Level 4 and above,334,316,18,4,1,1,12
S01012472,All people aged 16 and over,614,589,25,0,4,1,20
S01012472,No qualifications,123,115,8,0,1,0,7
S01012472,Level 1,114,113,1,0,0,0,1
S01012472,Level 2,68,65,3,0,0,1,2
S01012472,Level 3,55,53,2,0,0,0,2
S01012472,Level 4 and above,254,243,11,0,3,0,8
S01012473,All people aged 16 and over,470,443,27,8,3,2,14
S01012473,No qualifications,91,85,6,1,1,1,3
S01012473,Level 1,89,84,5,1,1,1,2
S01012473,Level 2,75,71,4,0,1,0,3
S01012473,Level 3,46,42,4,2,0,0,2
S01012473,Level 4 and above,169,161,8,4,0,0,4
S01012474,All people aged 16 and over,629,603,26,0,2,3,21
S01012474,No qualifications,204,196,8,0,0,0,8
S01012474,Level 1,104,104,0,0,0,0,0
S01012474,Level 2,82,80,2,0,0,0,2
S01012474,Level 3,66,65,1,0,0,0,1
S01012474,Level 4 and above,173,158,15,0,2,3,10
S01012475,All people aged 16 and over,558,540,18,6,0,5,7
S01012475,No qualifications,143,140,3,0,0,0,3
S01012475,Level 1,117,113,4,2,0,2,0
S01012475,Level 2,56,55,1,0,0,0,1
S01012475,Level 3,66,62,4,0,0,2,2
S01012475,Level 4 and above,176,170,6,4,0,1,1
S01012476,All people aged 16 and over,770,745,25,2,4,1,18
S01012476,No qualifications,271,265,6,1,0,0,5
S01012476,Level 1,203,196,7,0,1,0,6
S01012476,Level 2,90,89,1,0,0,0,1
S01012476,Level 3,88,83,5,0,2,1,2
S01012476,Level 4 and above,118,112,6,1,1,0,4
S01012477,All people aged 16 and over,571,554,17,0,0,2,15
S01012477,No qualifications,89,87,2,0,0,0,2
S01012477,Level 1,123,122,1,0,0,0,1
S01012477,Level 2,103,100,3,0,0,0,3
S01012477,Level 3,82,79,3,0,0,1,2
S01012477,Level 4 and above,174,166,8,0,0,1,7
S01012478,All people aged 16 and over,690,673,17,1,0,3,13
S01012478,No qualifications,227,226,1,0,0,0,1
S01012478,Level 1,156,151,5,0,0,3,2
S01012478,Level 2,103,101,2,0,0,0,2
S01012478,Level 3,82,80,2,0,0,0,2
S01012478,Level 4 and above,122,115,7,1,0,0,6
S01012479,All people aged 16 and over,554,537,17,0,2,3,12
S01012479,No qualifications,80,80,0,0,0,0,0
S01012479,Level 1,119,117,2,0,0,1,1
S01012479,Level 2,101,99,2,0,0,0,2
S01012479,Level 3,88,87,1,0,0,0,1
S01012479,Level 4 and above,166,154,12,0,2,2,8
S01012480,All people aged 16 and over,480,433,47,8,17,8,14
S01012480,No qualifications,100,94,6,2,1,0,3
S01012480,Level 1,93,81,12,2,6,1,3
S01012480,Level 2,64,62,2,0,1,0,1
S01012480,Level 3,58,55,3,0,0,2,1
S01012480,Level 4 and above,165,141,24,4,9,5,6
S01012481,All people aged 16 and over,714,641,73,23,14,10,26
S01012481,No qualifications,162,149,13,3,0,2,8
S01012481,Level 1,139,123,16,6,4,4,2
S01012481,Level 2,114,107,7,2,2,1,2
S01012481,Level 3,91,78,13,7,4,0,2
S01012481,Level 4 and above,208,184,24,5,4,3,12
S01012482,All people aged 16 and over,741,696,45,10,13,6,16
S01012482,No qualifications,198,195,3,0,2,0,1
S01012482,Level 1,119,112,7,2,0,0,5
S01012482,Level 2,92,89,3,1,1,1,0
S01012482,Level 3,67,64,3,0,2,1,0
S01012482,Level 4 and above,265,236,29,7,8,4,10
S01012483,All people aged 16 and over,811,738,73,19,12,13,29
S01012483,No qualifications,259,244,15,4,2,0,9
S01012483,Level 1,157,151,6,2,0,1,3
S01012483,Level 2,106,93,13,2,5,3,3
S01012483,Level 3,104,93,11,1,2,2,6
S01012483,Level 4 and above,185,157,28,10,3,7,8
S01012484,All people aged 16 and over,674,636,38,3,1,5,29
S01012484,No qualifications,115,113,2,0,0,0,2
S01012484,Level 1,101,99,2,0,0,1,1
S01012484,Level 2,90,88,2,0,0,0,2
S01012484,Level 3,70,62,8,2,1,0,5
S01012484,Level 4 and above,298,274,24,1,0,4,19
S01012485,All people aged 16 and over,743,699,44,2,7,11,24
S01012485,No qualifications,132,126,6,1,1,1,3
S01012485,Level 1,87,81,6,0,0,4,2
S01012485,Level 2,118,113,5,0,2,0,3
S01012485,Level 3,57,57,0,0,0,0,0
S01012485,Level 4 and above,349,322,27,1,4,6,16
S01012486,All people aged 16 and over,587,562,25,4,0,3,18
S01012486,No qualifications,180,176,4,0,0,0,4
S01012486,Level 1,77,73,4,0,0,1,3
S01012486,Level 2,58,56,2,1,0,0,1
S01012486,Level 3,49,46,3,0,0,0,3
S01012486,Level 4 and above,223,211,12,3,0,2,7
S01012487,All people aged 16 and over,529,504,25,2,3,6,14
S01012487,No qualifications,180,171,9,0,0,0,9
S01012487,Level 1,134,126,8,0,1,3,4
S01012487,Level 2,69,67,2,0,0,2,0
S01012487,Level 3,57,56,1,0,1,0,0
S01012487,Level 4 and above,89,84,5,2,1,1,1
S01012488,All people aged 16 and over,807,784,23,1,7,1,14
S01012488,No qualifications,287,274,13,0,2,1,10
S01012488,Level 1,176,171,5,0,3,0,2
S01012488,Level 2,125,123,2,0,0,0,2
S01012488,Level 3,87,86,1,1,0,0,0
S01012488,Level 4 and above,132,130,2,0,2,0,0
S01012489,All people aged 16 and over,845,793,52,3,7,10,32
S01012489,No qualifications,293,276,17,0,1,2,14
S01012489,Level 1,251,240,11,0,1,2,8
S01012489,Level 2,120,116,4,0,2,1,1
S01012489,Level 3,72,66,6,0,1,1,4
S01012489,Level 4 and above,109,95,14,3,2,4,5
S01012490,All people aged 16 and over,860,809,51,10,14,11,16
S01012490,No qualifications,316,310,6,0,0,2,4
S01012490,Level 1,197,188,9,1,1,1,6
S01012490,Level 2,112,108,4,0,3,0,1
S01012490,Level 3,81,68,13,4,6,2,1
S01012490,Level 4 and above,154,135,19,5,4,6,4
S01012491,All people aged 16 and over,359,343,16,2,2,2,10
S01012491,No qualifications,127,118,9,1,2,1,5
S01012491,Level 1,118,116,2,0,0,0,2
S01012491,Level 2,51,50,1,0,0,0,1
S01012491,Level 3,30,29,1,0,0,0,1
S01012491,Level 4 and above,33,30,3,1,0,1,1
S01012492,All people aged 16 and over,699,664,35,2,12,6,15
S01012492,No qualifications,291,285,6,0,3,1,2
S01012492,Level 1,163,155,8,0,1,1,6
S01012492,Level 2,91,88,3,0,1,0,2
S01012492,Level 3,67,62,5,0,3,2,0
S01012492,Level 4 and above,87,74,13,2,4,2,5
S01012493,All people aged 16 and over,606,577,29,6,1,5,17
S01012493,No qualifications,271,264,7,0,0,1,6
S01012493,Level 1,99,96,3,0,0,2,1
S01012493,Level 2,51,48,3,0,0,2,1
S01012493,Level 3,48,41,7,4,0,0,3
S01012493,Level 4 and above,137,128,9,2,1,0,6
S01012494,All people aged 16 and over,802,758,44,16,3,5,20
S01012494,No qualifications,300,292,8,0,0,1,7
S01012494,Level 1,201,188,13,6,0,0,7
S01012494,Level 2,128,122,6,0,3,0,3
S01012494,Level 3,72,69,3,1,0,1,1
S01012494,Level 4 and above,101,87,14,9,0,3,2
S01012495,All people aged 16 and over,862,845,17,0,2,1,14
S01012495,No qualifications,338,331,7,0,0,0,7
S01012495,Level 1,232,229,3,0,0,0,3
S01012495,Level 2,117,116,1,0,0,0,1
S01012495,Level 3,76,75,1,0,0,1,0
S01012495,Level 4 and above,99,94,5,0,2,0,3
S01012496,All people aged 16 and over,639,627,12,0,4,1,7
S01012496,No qualifications,290,286,4,0,0,0,4
S01012496,Level 1,174,172,2,0,1,0,1
S01012496,Level 2,73,71,2,0,0,1,1
S01012496,Level 3,36,35,1,0,0,0,1
S01012496,Level 4 and above,66,63,3,0,3,0,0
S01012497,All people aged 16 and over,426,421,5,1,1,0,3
S01012497,No qualifications,214,212,2,0,0,0,2
S01012497,Level 1,117,117,0,0,0,0,0
S01012497,Level 2,36,35,1,0,0,0,1
S01012497,Level 3,30,29,1,0,1,0,0
S01012497,Level 4 and above,29,28,1,1,0,0,0
S01012498,All people aged 16 and over,637,619,18,3,4,2,9
S01012498,No qualifications,317,310,7,1,3,0,3
S01012498,Level 1,179,176,3,1,1,0,1
S01012498,Level 2,65,64,1,0,0,0,1
S01012498,Level 3,33,32,1,0,0,0,1
S01012498,Level 4 and above,43,37,6,1,0,2,3
S01012499,All people aged 16 and over,589,576,13,2,1,4,6
S01012499,No qualifications,264,262,2,0,1,0,1
S01012499,Level 1,134,132,2,0,0,1,1
S01012499,Level 2,69,67,2,0,0,0,2
S01012499,Level 3,55,53,2,2,0,0,0
S01012499,Level 4 and above,67,62,5,0,0,3,2
S01012500,All people aged 16 and over,377,364,13,3,1,4,5
S01012500,No qualifications,153,151,2,0,0,0,2
S01012500,Level 1,117,115,2,0,0,1,1
S01012500,Level 2,43,42,1,1,0,0,0
S01012500,Level 3,34,32,2,1,0,1,0
S01012500,Level 4 and above,30,24,6,1,1,2,2
S01012501,All people aged 16 and over,449,440,9,0,0,2,7
S01012501,No qualifications,207,205,2,0,0,0,2
S01012501,Level 1,133,131,2,0,0,0,2
S01012501,Level 2,50,47,3,0,0,0,3
S01012501,Level 3,33,33,0,0,0,0,0
S01012501,Level 4 and above,26,24,2,0,0,2,0
S01012502,All people aged 16 and over,602,591,11,1,0,1,9
S01012502,No qualifications,240,235,5,0,0,0,5
S01012502,Level 1,200,197,3,1,0,0,2
S01012502,Level 2,70,70,0,0,0,0,0
S01012502,Level 3,56,54,2,0,0,0,2
S01012502,Level 4 and above,36,35,1,0,0,1,0
S01012503,All people aged 16 and over,523,517,6,0,1,1,4
S01012503,No qualifications,252,250,2,0,0,1,1
S01012503,Level 1,121,119,2,0,1,0,1
S01012503,Level 2,60,60,0,0,0,0,0
S01012503,Level 3,41,40,1,0,0,0,1
S01012503,Level 4 and above,49,48,1,0,0,0,1
S01012504,All people aged 16 and over,489,479,10,0,1,0,9
S01012504,No qualifications,198,195,3,0,0,0,3
S01012504,Level 1,131,128,3,0,0,0,3
S01012504,Level 2,54,54,0,0,0,0,0
S01012504,Level 3,62,60,2,0,0,0,2
S01012504,Level 4 and above,44,42,2,0,1,0,1
S01012505,All people aged 16 and over,869,847,22,2,2,5,13
S01012505,No qualifications,343,336,7,1,0,2,4
S01012505,Level 1,224,219,5,0,1,1,3
S01012505,Level 2,118,117,1,0,0,0,1
S01012505,Level 3,70,67,3,0,0,0,3
S01012505,Level 4 and above,114,108,6,1,1,2,2
S01012506,All people aged 16 and over,434,419,15,2,2,2,9
S01012506,No qualifications,128,127,1,0,0,1,0
S01012506,Level 1,94,89,5,0,1,1,3
S01012506,Level 2,70,68,2,0,0,0,2
S01012506,Level 3,31,30,1,0,0,0,1
S01012506,Level 4 and above,111,105,6,2,1,0,3
S01012507,All people aged 16 and over,815,799,16,1,6,1,8
S01012507,No qualifications,272,264,8,0,2,0,6
S01012507,Level 1,203,199,4,0,4,0,0
S01012507,Level 2,110,110,0,0,0,0,0
S01012507,Level 3,78,76,2,0,0,1,1
S01012507,Level 4 and above,152,150,2,1,0,0,1
S01012508,All people aged 16 and over,653,628,25,4,0,2,19
S01012508,No qualifications,226,220,6,0,0,0,6
S01012508,Level 1,142,139,3,1,0,0,2
S01012508,Level 2,83,80,3,0,0,1,2
S01012508,Level 3,73,71,2,0,0,0,2
S01012508,Level 4 and above,129,118,11,3,0,1,7
S01012509,All people aged 16 and over,459,447,12,1,2,3,6
S01012509,No qualifications,140,135,5,1,0,0,4
S01012509,Level 1,88,86,2,0,1,1,0
S01012509,Level 2,72,71,1,0,0,1,0
S01012509,Level 3,57,55,2,0,1,0,1
S01012509,Level 4 and above,102,100,2,0,0,1,1
S01012510,All people aged 16 and over,710,695,15,1,1,2,11
S01012510,No qualifications,196,192,4,0,0,0,4
S01012510,Level 1,173,171,2,0,0,1,1
S01012510,Level 2,93,90,3,0,0,1,2
S01012510,Level 3,86,82,4,1,1,0,2
S01012510,Level 4 and above,162,160,2,0,0,0,2
S01012511,All people aged 16 and over,552,539,13,1,2,2,8
S01012511,No qualifications,163,161,2,0,0,0,2
S01012511,Level 1,117,116,1,0,0,0,1
S01012511,Level 2,91,89,2,0,0,0,2
S01012511,Level 3,61,59,2,0,0,0,2
S01012511,Level 4 and above,120,114,6,1,2,2,1
S01012512,All people aged 16 and over,515,493,22,2,2,7,11
S01012512,No qualifications,151,146,5,0,0,4,1
S01012512,Level 1,132,126,6,0,1,3,2
S01012512,Level 2,75,74,1,0,0,0,1
S01012512,Level 3,49,45,4,2,0,0,2
S01012512,Level 4 and above,108,102,6,0,1,0,5
S01012513,All people aged 16 and over,446,427,19,3,1,3,12
S01012513,No qualifications,79,74,5,0,0,1,4
S01012513,Level 1,91,88,3,0,0,1,2
S01012513,Level 2,63,62,1,0,1,0,0
S01012513,Level 3,62,59,3,0,0,1,2
S01012513,Level 4 and above,151,144,7,3,0,0,4
S01012514,All people aged 16 and over,738,716,22,0,3,4,15
S01012514,No qualifications,89,88,1,0,0,0,1
S01012514,Level 1,170,167,3,0,0,0,3
S01012514,Level 2,132,131,1,0,0,0,1
S01012514,Level 3,117,114,3,0,0,1,2
S01012514,Level 4 and above,230,216,14,0,3,3,8
S01012515,All people aged 16 and over,529,513,16,0,1,1,14
S01012515,No qualifications,215,211,4,0,0,0,4
S01012515,Level 1,118,115,3,0,0,0,3
S01012515,Level 2,73,72,1,0,0,0,1
S01012515,Level 3,43,42,1,0,0,0,1
S01012515,Level 4 and above,80,73,7,0,1,1,5
S01012516,All people aged 16 and over,536,511,25,1,2,5,17
S01012516,No qualifications,177,174,3,0,0,0,3
S01012516,Level 1,123,117,6,0,0,2,4
S01012516,Level 2,75,74,1,0,0,0,1
S01012516,Level 3,50,47,3,0,0,1,2
S01012516,Level 4 and above,111,99,12,1,2,2,7
S01012517,All people aged 16 and over,694,657,37,5,0,10,22
S01012517,No qualifications,206,198,8,0,0,0,8
S01012517,Level 1,169,165,4,0,0,1,3
S01012517,Level 2,115,113,2,0,0,0,2
S01012517,Level 3,75,71,4,4,0,0,0
S01012517,Level 4 and above,129,110,19,1,0,9,9
S01012518,All people aged 16 and over,488,470,18,3,1,2,12
S01012518,No qualifications,95,93,2,0,0,0,2
S01012518,Level 1,98,97,1,0,0,1,0
S01012518,Level 2,75,73,2,1,0,0,1
S01012518,Level 3,49,46,3,1,0,0,2
S01012518,Level 4 and above,171,161,10,1,1,1,7
S01012519,All people aged 16 and over,460,424,36,8,0,2,26
S01012519,No qualifications,118,111,7,1,0,0,6
S01012519,Level 1,89,81,8,0,0,1,7
S01012519,Level 2,77,75,2,0,0,0,2
S01012519,Level 3,53,47,6,2,0,1,3
S01012519,Level 4 and above,123,110,13,5,0,0,8
S01012520,All people aged 16 and over,715,693,22,2,2,3,15
S01012520,No qualifications,169,165,4,0,0,0,4
S01012520,Level 1,109,104,5,0,2,1,2
S01012520,Level 2,92,88,4,0,0,0,4
S01012520,Level 3,68,68,0,0,0,0,0
S01012520,Level 4 and above,277,268,9,2,0,2,5
S01012521,All people aged 16 and over,437,418,19,2,6,2,9
S01012521,No qualifications,85,81,4,0,0,0,4
S01012521,Level 1,83,82,1,0,0,0,1
S01012521,Level 2,73,71,2,1,0,1,0
S01012521,Level 3,50,48,2,0,2,0,0
S01012521,Level 4 and above,146,136,10,1,4,1,4
S01012522,All people aged 16 and over,737,704,33,0,4,11,18
S01012522,No qualifications,131,122,9,0,1,5,3
S01012522,Level 1,126,122,4,0,0,2,2
S01012522,Level 2,136,133,3,0,2,0,1
S01012522,Level 3,82,80,2,0,0,1,1
S01012522,Level 4 and above,262,247,15,0,1,3,11
S01012523,All people aged 16 and over,750,733,17,2,2,4,9
S01012523,No qualifications,145,143,2,0,1,0,1
S01012523,Level 1,150,147,3,0,1,0,2
S01012523,Level 2,138,134,4,1,0,2,1
S01012523,Level 3,106,103,3,1,0,1,1
S01012523,Level 4 and above,211,206,5,0,0,1,4
S01012524,All people aged 16 and over,785,761,24,2,0,3,19
S01012524,No qualifications,203,194,9,0,0,0,9
S01012524,Level 1,131,127,4,1,0,2,1
S01012524,Level 2,114,111,3,0,0,0,3
S01012524,Level 3,106,104,2,0,0,0,2
S01012524,Level 4 and above,231,225,6,1,0,1,4
S01012525,All people aged 16 and over,632,611,21,1,1,5,14
S01012525,No qualifications,125,122,3,0,1,0,2
S01012525,Level 1,138,132,6,0,0,3,3
S01012525,Level 2,103,101,2,0,0,0,2
S01012525,Level 3,80,75,5,0,0,2,3
S01012525,Level 4 and above,186,181,5,1,0,0,4
S01012526,All people aged 16 and over,665,645,20,0,1,4,15
S01012526,No qualifications,102,98,4,0,0,1,3
S01012526,Level 1,102,98,4,0,0,0,4
S01012526,Level 2,113,112,1,0,1,0,0
S01012526,Level 3,77,77,0,0,0,0,0
S01012526,Level 4 and above,271,260,11,0,0,3,8
S01012527,All people aged 16 and over,539,527,12,1,0,0,11
S01012527,No qualifications,164,160,4,0,0,0,4
S01012527,Level 1,103,100,3,1,0,0,2
S01012527,Level 2,70,70,0,0,0,0,0
S01012527,Level 3,58,58,0,0,0,0,0
S01012527,Level 4 and above,144,139,5,0,0,0,5
S01012528,All people aged 16 and over,660,633,27,1,1,8,17
S01012528,No qualifications,242,240,2,0,0,1,1
S01012528,Level 1,155,147,8,0,0,1,7
S01012528,Level 2,89,86,3,0,0,0,3
S01012528,Level 3,66,63,3,0,0,1,2
S01012528,Level 4 and above,108,97,11,1,1,5,4
S01012529,All people aged 16 and over,621,605,16,0,1,0,15
S01012529,No qualifications,182,176,6,0,0,0,6
S01012529,Level 1,148,147,1,0,1,0,0
S01012529,Level 2,83,82,1,0,0,0,1
S01012529,Level 3,68,66,2,0,0,0,2
S01012529,Level 4 and above,140,134,6,0,0,0,6
S01012530,All people aged 16 and over,759,740,19,0,4,2,13
S01012530,No qualifications,171,170,1,0,0,0,1
S01012530,Level 1,164,159,5,0,1,1,3
S01012530,Level 2,117,113,4,0,0,1,3
S01012530,Level 3,97,95,2,0,0,0,2
S01012530,Level 4 and above,210,203,7,0,3,0,4
S01012531,All people aged 16 and over,621,591,30,6,3,5,16
S01012531,No qualifications,139,135,4,0,0,2,2
S01012531,Level 1,125,119,6,2,1,1,2
S01012531,Level 2,91,88,3,0,0,0,3
S01012531,Level 3,89,86,3,1,1,1,0
S01012531,Level 4 and above,177,163,14,3,1,1,9
S01012532,All people aged 16 and over,660,646,14,0,2,1,11
S01012532,No qualifications,191,187,4,0,1,0,3
S01012532,Level 1,143,140,3,0,0,0,3
S01012532,Level 2,102,102,0,0,0,0,0
S01012532,Level 3,76,76,0,0,0,0,0
S01012532,Level 4 and above,148,141,7,0,1,1,5
S01012533,All people aged 16 and over,467,445,22,3,1,2,16
S01012533,No qualifications,118,111,7,2,0,0,5
S01012533,Level 1,119,112,7,1,0,2,4
S01012533,Level 2,60,60,0,0,0,0,0
S01012533,Level 3,54,50,4,0,0,0,4
S01012533,Level 4 and above,116,112,4,0,1,0,3
S01012534,All people aged 16 and over,537,521,16,1,1,3,11
S01012534,No qualifications,185,184,1,0,0,1,0
S01012534,Level 1,131,126,5,1,0,1,3
S01012534,Level 2,66,63,3,0,0,0,3
S01012534,Level 3,53,52,1,0,0,0,1
S01012534,Level 4 and above,102,96,6,0,1,1,4
S01012535,All people aged 16 and over,685,679,6,0,1,2,3
S01012535,No qualifications,253,252,1,0,0,0,1
S01012535,Level 1,175,173,2,0,0,1,1
S01012535,Level 2,104,104,0,0,0,0,0
S01012535,Level 3,74,74,0,0,0,0,0
S01012535,Level 4 and above,79,76,3,0,1,1,1
S01012536,All people aged 16 and over,623,605,18,1,3,2,12
S01012536,No qualifications,211,208,3,0,0,0,3
S01012536,Level 1,191,187,4,0,1,1,2
S01012536,Level 2,81,78,3,0,1,0,2
S01012536,Level 3,56,54,2,0,0,0,2
S01012536,Level 4 and above,84,78,6,1,1,1,3
S01012537,All people aged 16 and over,674,646,28,10,4,0,14
S01012537,No qualifications,282,280,2,0,0,0,2
S01012537,Level 1,136,132,4,3,0,0,1
S01012537,Level 2,106,102,4,0,1,0,3
S01012537,Level 3,79,73,6,2,1,0,3
S01012537,Level 4 and above,71,59,12,5,2,0,5
S01012538,All people aged 16 and over,909,888,21,2,6,1,12
S01012538,No qualifications,341,339,2,0,0,0,2
S01012538,Level 1,240,234,6,0,0,0,6
S01012538,Level 2,112,108,4,0,1,0,3
S01012538,Level 3,84,80,4,2,2,0,0
S01012538,Level 4 and above,132,127,5,0,3,1,1
S01012539,All people aged 16 and over,584,571,13,0,4,3,6
S01012539,No qualifications,182,180,2,0,0,0,2
S01012539,Level 1,170,169,1,0,0,0,1
S01012539,Level 2,87,85,2,0,0,0,2
S01012539,Level 3,56,53,3,0,3,0,0
S01012539,Level 4 and above,89,84,5,0,1,3,1
S01012540,All people aged 16 and over,568,560,8,1,2,0,5
S01012540,No qualifications,227,225,2,0,0,0,2
S01012540,Level 1,175,174,1,0,1,0,0
S01012540,Level 2,66,65,1,0,0,0,1
S01012540,Level 3,54,51,3,1,1,0,1
S01012540,Level 4 and above,46,45,1,0,0,0,1
S01012541,All people aged 16 and over,859,842,17,0,4,0,13
S01012541,No qualifications,272,267,5,0,0,0,5
S01012541,Level 1,206,203,3,0,1,0,2
S01012541,Level 2,105,102,3,0,1,0,2
S01012541,Level 3,91,91,0,0,0,0,0
S01012541,Level 4 and above,185,179,6,0,2,0,4
S01012542,All people aged 16 and over,797,777,20,3,0,0,17
S01012542,No qualifications,245,240,5,0,0,0,5
S01012542,Level 1,150,145,5,0,0,0,5
S01012542,Level 2,110,108,2,0,0,0,2
S01012542,Level 3,71,68,3,0,0,0,3
S01012542,Level 4 and above,221,216,5,3,0,0,2
S01012543,All people aged 16 and over,549,524,25,0,0,3,22
S01012543,No qualifications,102,99,3,0,0,0,3
S01012543,Level 1,132,132,0,0,0,0,0
S01012543,Level 2,82,81,1,0,0,0,1
S01012543,Level 3,60,54,6,0,0,0,6
S01012543,Level 4 and above,173,158,15,0,0,3,12
S01012544,All people aged 16 and over,670,659,11,1,0,0,10
S01012544,No qualifications,182,180,2,0,0,0,2
S01012544,Level 1,143,142,1,0,0,0,1
S01012544,Level 2,81,79,2,0,0,0,2
S01012544,Level 3,85,82,3,1,0,0,2
S01012544,Level 4 and above,179,176,3,0,0,0,3
S01012545,All people aged 16 and over,377,366,11,0,1,4,6
S01012545,No qualifications,136,136,0,0,0,0,0
S01012545,Level 1,98,96,2,0,0,0,2
S01012545,Level 2,37,37,0,0,0,0,0
S01012545,Level 3,37,37,0,0,0,0,0
S01012545,Level 4 and above,69,60,9,0,1,4,4
S01012546,All people aged 16 and over,648,627,21,2,0,0,19
S01012546,No qualifications,162,155,7,0,0,0,7
S01012546,Level 1,147,146,1,0,0,0,1
S01012546,Level 2,123,120,3,1,0,0,2
S01012546,Level 3,80,77,3,1,0,0,2
S01012546,Level 4 and above,136,129,7,0,0,0,7
S01012547,All people aged 16 and over,627,610,17,1,3,1,12
S01012547,No qualifications,141,136,5,0,1,0,4
S01012547,Level 1,122,118,4,0,1,0,3
S01012547,Level 2,95,93,2,0,0,1,1
S01012547,Level 3,69,65,4,1,1,0,2
S01012547,Level 4 and above,200,198,2,0,0,0,2
S01012548,All people aged 16 and over,712,687,25,0,2,2,21
S01012548,No qualifications,171,169,2,0,0,0,2
S01012548,Level 1,142,136,6,0,0,0,6
S01012548,Level 2,110,110,0,0,0,0,0
S01012548,Level 3,70,67,3,0,0,1,2
S01012548,Level 4 and above,219,205,14,0,2,1,11
S01012549,All people aged 16 and over,438,419,19,1,4,0,14
S01012549,No qualifications,143,142,1,0,0,0,1
S01012549,Level 1,108,104,4,0,1,0,3
S01012549,Level 2,59,58,1,0,0,0,1
S01012549,Level 3,61,58,3,0,0,0,3
S01012549,Level 4 and above,67,57,10,1,3,0,6
S01012550,All people aged 16 and over,670,648,22,1,5,3,13
S01012550,No qualifications,174,170,4,0,1,1,2
S01012550,Level 1,154,149,5,0,0,0,5
S01012550,Level 2,109,106,3,0,0,0,3
S01012550,Level 3,74,72,2,1,0,0,1
S01012550,Level 4 and above,159,151,8,0,4,2,2
S01012551,All people aged 16 and over,677,643,34,1,2,2,29
S01012551,No qualifications,115,105,10,0,1,0,9
S01012551,Level 1,145,140,5,0,1,2,2
S01012551,Level 2,129,124,5,0,0,0,5
S01012551,Level 3,86,83,3,0,0,0,3
S01012551,Level 4 and above,202,191,11,1,0,0,10
S01012552,All people aged 16 and over,761,749,12,0,1,0,11
S01012552,No qualifications,108,108,0,0,0,0,0
S01012552,Level 1,147,146,1,0,0,0,1
S01012552,Level 2,128,125,3,0,0,0,3
S01012552,Level 3,100,98,2,0,0,0,2
S01012552,Level 4 and above,278,272,6,0,1,0,5
S01012553,All people aged 16 and over,652,629,23,0,0,2,21
S01012553,No qualifications,78,73,5,0,0,1,4
S01012553,Level 1,149,144,5,0,0,0,5
S01012553,Level 2,122,118,4,0,0,0,4
S01012553,Level 3,89,86,3,0,0,1,2
S01012553,Level 4 and above,214,208,6,0,0,0,6
S01012554,All people aged 16 and over,387,375,12,1,0,2,9
S01012554,No qualifications,67,67,0,0,0,0,0
S01012554,Level 1,74,71,3,1,0,0,2
S01012554,Level 2,79,75,4,0,0,2,2
S01012554,Level 3,49,47,2,0,0,0,2
S01012554,Level 4 and above,118,115,3,0,0,0,3
S01012555,All people aged 16 and over,437,422,15,6,2,0,7
S01012555,No qualifications,58,55,3,1,0,0,2
S01012555,Level 1,94,92,2,0,1,0,1
S01012555,Level 2,81,78,3,0,1,0,2
S01012555,Level 3,59,55,4,4,0,0,0
S01012555,Level 4 and above,145,142,3,1,0,0,2
S01012556,All people aged 16 and over,486,475,11,0,1,1,9
S01012556,No qualifications,58,57,1,0,0,0,1
S01012556,Level 1,88,86,2,0,1,0,1
S01012556,Level 2,92,90,2,0,0,0,2
S01012556,Level 3,57,55,2,0,0,0,2
S01012556,Level 4 and above,191,187,4,0,0,1,3
S01012557,All people aged 16 and over,533,516,17,5,1,1,10
S01012557,No qualifications,80,79,1,0,0,0,1
S01012557,Level 1,95,94,1,0,0,0,1
S01012557,Level 2,73,67,6,3,1,0,2
S01012557,Level 3,63,61,2,1,0,0,1
S01012557,Level 4 and above,222,215,7,1,0,1,5
S01012558,All people aged 16 and over,489,465,24,0,5,1,18
S01012558,No qualifications,136,131,5,0,1,1,3
S01012558,Level 1,133,129,4,0,0,0,4
S01012558,Level 2,70,66,4,0,1,0,3
S01012558,Level 3,52,50,2,0,1,0,1
S01012558,Level 4 and above,98,89,9,0,2,0,7
S01012559,All people aged 16 and over,661,629,32,3,6,3,20
S01012559,No qualifications,231,224,7,0,2,0,5
S01012559,Level 1,149,141,8,2,1,0,5
S01012559,Level 2,84,79,5,0,0,0,5
S01012559,Level 3,88,87,1,0,0,0,1
S01012559,Level 4 and above,109,98,11,1,3,3,4
S01012560,All people aged 16 and over,446,438,8,0,0,1,7
S01012560,No qualifications,150,147,3,0,0,0,3
S01012560,Level 1,92,91,1,0,0,0,1
S01012560,Level 2,62,62,0,0,0,0,0
S01012560,Level 3,48,48,0,0,0,0,0
S01012560,Level 4 and above,94,90,4,0,0,1,3
S01012561,All people aged 16 and over,626,607,19,3,4,2,10
S01012561,No qualifications,180,175,5,0,0,1,4
S01012561,Level 1,142,139,3,1,1,0,1
S01012561,Level 2,92,91,1,0,1,0,0
S01012561,Level 3,65,60,5,2,0,1,2
S01012561,Level 4 and above,147,142,5,0,2,0,3
S01012562,All people aged 16 and over,641,618,23,4,0,4,15
S01012562,No qualifications,174,167,7,2,0,0,5
S01012562,Level 1,143,141,2,0,0,0,2
S01012562,Level 2,91,89,2,0,0,0,2
S01012562,Level 3,90,88,2,0,0,0,2
S01012562,Level 4 and above,143,133,10,2,0,4,4
S01012563,All people aged 16 and over,560,536,24,1,0,3,20
S01012563,No qualifications,77,75,2,0,0,1,1
S01012563,Level 1,65,60,5,0,0,0,5
S01012563,Level 2,75,73,2,0,0,0,2
S01012563,Level 3,59,57,2,0,0,0,2
S01012563,Level 4 and above,284,271,13,1,0,2,10
S01012564,All people aged 16 and over,703,665,38,2,1,2,33
S01012564,No qualifications,134,128,6,0,0,0,6
S01012564,Level 1,104,99,5,0,0,0,5
S01012564,Level 2,109,105,4,1,1,1,1
S01012564,Level 3,70,64,6,0,0,0,6
S01012564,Level 4 and above,286,269,17,1,0,1,15
S01012565,All people aged 16 and over,663,643,20,4,2,0,14
S01012565,No qualifications,132,126,6,0,0,0,6
S01012565,Level 1,111,106,5,2,2,0,1
S01012565,Level 2,97,96,1,0,0,0,1
S01012565,Level 3,59,58,1,0,0,0,1
S01012565,Level 4 and above,264,257,7,2,0,0,5
S01012566,All people aged 16 and over,642,594,48,4,8,11,25
S01012566,No qualifications,144,134,10,2,1,0,7
S01012566,Level 1,130,119,11,0,4,4,3
S01012566,Level 2,79,78,1,0,0,0,1
S01012566,Level 3,77,71,6,0,0,1,5
S01012566,Level 4 and above,212,192,20,2,3,6,9
S01012567,All people aged 16 and over,897,851,46,9,7,7,23
S01012567,No qualifications,224,215,9,0,2,1,6
S01012567,Level 1,205,195,10,4,0,2,4
S01012567,Level 2,121,118,3,1,0,0,2
S01012567,Level 3,106,103,3,0,1,2,0
S01012567,Level 4 and above,241,220,21,4,4,2,11
S01012568,All people aged 16 and over,519,501,18,0,0,4,14
S01012568,No qualifications,67,66,1,0,0,0,1
S01012568,Level 1,68,65,3,0,0,2,1
S01012568,Level 2,76,74,2,0,0,0,2
S01012568,Level 3,41,40,1,0,0,0,1
S01012568,Level 4 and above,267,256,11,0,0,2,9
S01012569,All people aged 16 and over,709,683,26,2,1,4,19
S01012569,No qualifications,133,128,5,0,0,0,5
S01012569,Level 1,91,89,2,0,0,1,1
S01012569,Level 2,108,105,3,0,0,0,3
S01012569,Level 3,46,45,1,0,0,0,1
S01012569,Level 4 and above,331,316,15,2,1,3,9
S01012570,All people aged 16 and over,392,380,12,2,1,3,6
S01012570,No qualifications,121,121,0,0,0,0,0
S01012570,Level 1,90,86,4,1,1,0,2
S01012570,Level 2,48,48,0,0,0,0,0
S01012570,Level 3,45,44,1,0,0,1,0
S01012570,Level 4 and above,88,81,7,1,0,2,4
S01012571,All people aged 16 and over,672,648,24,2,5,5,12
S01012571,No qualifications,211,209,2,0,0,0,2
S01012571,Level 1,132,126,6,1,1,1,3
S01012571,Level 2,112,109,3,0,0,1,2
S01012571,Level 3,65,64,1,0,0,1,0
S01012571,Level 4 and above,152,140,12,1,4,2,5
S01012572,All people aged 16 and over,435,415,20,1,2,3,14
S01012572,No qualifications,135,131,4,0,0,0,4
S01012572,Level 1,106,104,2,0,0,0,2
S01012572,Level 2,59,58,1,0,0,1,0
S01012572,Level 3,38,36,2,1,1,0,0
S01012572,Level 4 and above,97,86,11,0,1,2,8
S01012573,All people aged 16 and over,677,646,31,2,1,3,25
S01012573,No qualifications,164,161,3,1,0,0,2
S01012573,Level 1,137,133,4,0,0,0,4
S01012573,Level 2,80,76,4,1,0,0,3
S01012573,Level 3,64,61,3,0,1,0,2
S01012573,Level 4 and above,232,215,17,0,0,3,14
S01012574,All people aged 16 and over,715,700,15,1,0,0,14
S01012574,No qualifications,152,151,1,0,0,0,1
S01012574,Level 1,121,120,1,0,0,0,1
S01012574,Level 2,120,118,2,0,0,0,2
S01012574,Level 3,71,67,4,0,0,0,4
S01012574,Level 4 and above,251,244,7,1,0,0,6
S01012575,All people aged 16 and over,542,516,26,1,2,6,17
S01012575,No qualifications,109,106,3,1,1,0,1
S01012575,Level 1,101,97,4,0,0,0,4
S01012575,Level 2,91,89,2,0,0,0,2
S01012575,Level 3,61,58,3,0,1,1,1
S01012575,Level 4 and above,180,166,14,0,0,5,9
S01012576,All people aged 16 and over,646,618,28,2,3,2,21
S01012576,No qualifications,135,129,6,0,1,0,5
S01012576,Level 1,120,113,7,0,1,2,4
S01012576,Level 2,102,99,3,0,0,0,3
S01012576,Level 3,59,58,1,0,0,0,1
S01012576,Level 4 and above,230,219,11,2,1,0,8
S01012577,All people aged 16 and over,618,594,24,4,0,5,15
S01012577,No qualifications,177,175,2,0,0,0,2
S01012577,Level 1,113,107,6,1,0,4,1
S01012577,Level 2,81,81,0,0,0,0,0
S01012577,Level 3,57,53,4,0,0,0,4
S01012577,Level 4 and above,190,178,12,3,0,1,8
S01012578,All people aged 16 and over,851,813,38,4,5,7,22
S01012578,No qualifications,282,275,7,1,0,1,5
S01012578,Level 1,146,140,6,0,1,1,4
S01012578,Level 2,101,100,1,0,0,0,1
S01012578,Level 3,68,65,3,0,0,1,2
S01012578,Level 4 and above,254,233,21,3,4,4,10
S01012579,All people aged 16 and over,547,523,24,2,2,3,17
S01012579,No qualifications,115,113,2,0,0,0,2
S01012579,Level 1,135,127,8,2,2,0,4
S01012579,Level 2,79,77,2,0,0,0,2
S01012579,Level 3,55,52,3,0,0,2,1
S01012579,Level 4 and above,163,154,9,0,0,1,8
S01012580,All people aged 16 and over,620,592,28,2,1,5,20
S01012580,No qualifications,122,122,0,0,0,0,0
S01012580,Level 1,125,121,4,0,0,1,3
S01012580,Level 2,83,83,0,0,0,0,0
S01012580,Level 3,56,54,2,0,0,0,2
S01012580,Level 4 and above,234,212,22,2,1,4,15
S01012581,All people aged 16 and over,577,558,19,1,3,4,11
S01012581,No qualifications,212,210,2,0,0,0,2
S01012581,Level 1,166,155,11,0,2,1,8
S01012581,Level 2,74,72,2,0,1,1,0
S01012581,Level 3,56,55,1,0,0,0,1
S01012581,Level 4 and above,69,66,3,1,0,2,0
S01012582,All people aged 16 and over,732,694,38,2,9,4,23
S01012582,No qualifications,133,128,5,0,0,0,5
S01012582,Level 1,162,155,7,0,3,1,3
S01012582,Level 2,119,114,5,0,1,0,4
S01012582,Level 3,79,75,4,0,1,0,3
S01012582,Level 4 and above,239,222,17,2,4,3,8
S01012583,All people aged 16 and over,584,568,16,2,4,1,9
S01012583,No qualifications,185,181,4,1,1,0,2
S01012583,Level 1,146,143,3,0,1,1,1
S01012583,Level 2,77,75,2,0,1,0,1
S01012583,Level 3,62,60,2,0,0,0,2
S01012583,Level 4 and above,114,109,5,1,1,0,3
S01012584,All people aged 16 and over,621,609,12,0,2,1,9
S01012584,No qualifications,163,160,3,0,1,0,2
S01012584,Level 1,137,136,1,0,0,0,1
S01012584,Level 2,98,97,1,0,0,0,1
S01012584,Level 3,53,52,1,0,1,0,0
S01012584,Level 4 and above,170,164,6,0,0,1,5
S01012585,All people aged 16 and over,676,649,27,2,8,3,14
S01012585,No qualifications,247,240,7,0,0,0,7
S01012585,Level 1,169,165,4,0,2,1,1
S01012585,Level 2,93,87,6,0,1,2,3
S01012585,Level 3,58,58,0,0,0,0,0
S01012585,Level 4 and above,109,99,10,2,5,0,3
S01012586,All people aged 16 and over,790,774,16,4,3,0,9
S01012586,No qualifications,222,216,6,2,1,0,3
S01012586,Level 1,171,169,2,1,0,0,1
S01012586,Level 2,126,125,1,1,0,0,0
S01012586,Level 3,84,84,0,0,0,0,0
S01012586,Level 4 and above,187,180,7,0,2,0,5
S01012587,All people aged 16 and over,708,699,9,0,0,2,7
S01012587,No qualifications,162,159,3,0,0,0,3
S01012587,Level 1,156,153,3,0,0,1,2
S01012587,Level 2,110,110,0,0,0,0,0
S01012587,Level 3,79,79,0,0,0,0,0
S01012587,Level 4 and above,201,198,3,0,0,1,2
S01012588,All people aged 16 and over,520,507,13,0,0,0,13
S01012588,No qualifications,127,123,4,0,0,0,4
S01012588,Level 1,116,112,4,0,0,0,4
S01012588,Level 2,74,73,1,0,0,0,1
S01012588,Level 3,60,58,2,0,0,0,2
S01012588,Level 4 and above,143,141,2,0,0,0,2
S01012589,All people aged 16 and over,565,552,13,0,4,2,7
S01012589,No qualifications,203,198,5,0,1,1,3
S01012589,Level 1,166,164,2,0,1,0,1
S01012589,Level 2,71,70,1,0,1,0,0
S01012589,Level 3,39,39,0,0,0,0,0
S01012589,Level 4 and above,86,81,5,0,1,1,3
S01012590,All people aged 16 and over,653,645,8,0,0,2,6
S01012590,No qualifications,243,241,2,0,0,1,1
S01012590,Level 1,178,176,2,0,0,0,2
S01012590,Level 2,72,72,0,0,0,0,0
S01012590,Level 3,58,57,1,0,0,0,1
S01012590,Level 4 and above,102,99,3,0,0,1,2
S01012591,All people aged 16 and over,653,637,16,1,3,2,10
S01012591,No qualifications,345,342,3,0,0,0,3
S01012591,Level 1,157,152,5,0,2,0,3
S01012591,Level 2,64,62,2,1,0,0,1
S01012591,Level 3,39,38,1,0,0,1,0
S01012591,Level 4 and above,48,43,5,0,1,1,3
S01012592,All people aged 16 and over,455,439,16,0,1,2,13
S01012592,No qualifications,94,87,7,0,1,0,6
S01012592,Level 1,83,83,0,0,0,0,0
S01012592,Level 2,72,71,1,0,0,1,0
S01012592,Level 3,55,54,1,0,0,0,1
S01012592,Level 4 and above,151,144,7,0,0,1,6
S01012593,All people aged 16 and over,676,668,8,0,1,4,3
S01012593,No qualifications,111,110,1,0,0,0,1
S01012593,Level 1,174,172,2,0,0,2,0
S01012593,Level 2,97,97,0,0,0,0,0
S01012593,Level 3,81,79,2,0,0,0,2
S01012593,Level 4 and above,213,210,3,0,1,2,0
S01012594,All people aged 16 and over,395,391,4,0,0,0,4
S01012594,No qualifications,112,112,0,0,0,0,0
S01012594,Level 1,98,95,3,0,0,0,3
S01012594,Level 2,53,53,0,0,0,0,0
S01012594,Level 3,40,39,1,0,0,0,1
S01012594,Level 4 and above,92,92,0,0,0,0,0
S01012595,All people aged 16 and over,532,521,11,0,0,3,8
S01012595,No qualifications,187,182,5,0,0,1,4
S01012595,Level 1,123,121,2,0,0,2,0
S01012595,Level 2,65,64,1,0,0,0,1
S01012595,Level 3,56,56,0,0,0,0,0
S01012595,Level 4 and above,101,98,3,0,0,0,3
S01012596,All people aged 16 and over,614,607,7,0,1,2,4
S01012596,No qualifications,263,263,0,0,0,0,0
S01012596,Level 1,140,137,3,0,0,0,3
S01012596,Level 2,58,58,0,0,0,0,0
S01012596,Level 3,59,59,0,0,0,0,0
S01012596,Level 4 and above,94,90,4,0,1,2,1
S01012597,All people aged 16 and over,351,335,16,0,0,6,10
S01012597,No qualifications,64,62,2,0,0,0,2
S01012597,Level 1,87,83,4,0,0,2,2
S01012597,Level 2,57,57,0,0,0,0,0
S01012597,Level 3,44,42,2,0,0,1,1
S01012597,Level 4 and above,99,91,8,0,0,3,5
S01012598,All people aged 16 and over,585,576,9,0,1,0,8
S01012598,No qualifications,96,95,1,0,0,0,1
S01012598,Level 1,108,107,1,0,0,0,1
S01012598,Level 2,87,87,0,0,0,0,0
S01012598,Level 3,73,71,2,0,0,0,2
S01012598,Level 4 and above,221,216,5,0,1,0,4
S01012599,All people aged 16 and over,565,546,19,0,0,2,17
S01012599,No qualifications,144,139,5,0,0,0,5
S01012599,Level 1,109,105,4,0,0,0,4
S01012599,Level 2,88,87,1,0,0,0,1
S01012599,Level 3,61,61,0,0,0,0,0
S01012599,Level 4 and above,163,154,9,0,0,2,7
S01012600,All people aged 16 and over,595,573,22,1,2,3,16
S01012600,No qualifications,90,85,5,0,1,0,4
S01012600,Level 1,109,108,1,0,0,0,1
S01012600,Level 2,114,110,4,0,0,0,4
S01012600,Level 3,76,76,0,0,0,0,0
S01012600,Level 4 and above,206,194,12,1,1,3,7
S01012601,All people aged 16 and over,724,704,20,0,4,4,12
S01012601,No qualifications,108,104,4,0,0,0,4
S01012601,Level 1,166,165,1,0,0,0,1
S01012601,Level 2,148,146,2,0,0,1,1
S01012601,Level 3,84,84,0,0,0,0,0
S01012601,Level 4 and above,218,205,13,0,4,3,6
S01012602,All people aged 16 and over,537,522,15,0,0,5,10
S01012602,No qualifications,206,199,7,0,0,2,5
S01012602,Level 1,101,99,2,0,0,0,2
S01012602,Level 2,87,85,2,0,0,2,0
S01012602,Level 3,40,39,1,0,0,0,1
S01012602,Level 4 and above,103,100,3,0,0,1,2
S01012603,All people aged 16 and over,588,580,8,0,2,2,4
S01012603,No qualifications,232,230,2,0,0,0,2
S01012603,Level 1,132,131,1,0,0,0,1
S01012603,Level 2,64,64,0,0,0,0,0
S01012603,Level 3,69,69,0,0,0,0,0
S01012603,Level 4 and above,91,86,5,0,2,2,1
S01012604,All people aged 16 and over,561,545,16,1,0,3,12
S01012604,No qualifications,173,171,2,0,0,0,2
S01012604,Level 1,159,157,2,0,0,0,2
S01012604,Level 2,81,81,0,0,0,0,0
S01012604,Level 3,49,48,1,0,0,0,1
S01012604,Level 4 and above,99,88,11,1,0,3,7
S01012605,All people aged 16 and over,436,430,6,0,0,0,6
S01012605,No qualifications,146,143,3,0,0,0,3
S01012605,Level 1,90,89,1,0,0,0,1
S01012605,Level 2,54,53,1,0,0,0,1
S01012605,Level 3,40,40,0,0,0,0,0
S01012605,Level 4 and above,106,105,1,0,0,0,1
S01012606,All people aged 16 and over,550,541,9,0,0,0,9
S01012606,No qualifications,28,28,0,0,0,0,0
S01012606,Level 1,116,116,0,0,0,0,0
S01012606,Level 2,100,100,0,0,0,0,0
S01012606,Level 3,82,80,2,0,0,0,2
S01012606,Level 4 and above,224,217,7,0,0,0,7
S01012607,All people aged 16 and over,624,611,13,0,0,2,11
S01012607,No qualifications,154,152,2,0,0,0,2
S01012607,Level 1,148,145,3,0,0,0,3
S01012607,Level 2,94,94,0,0,0,0,0
S01012607,Level 3,65,61,4,0,0,1,3
S01012607,Level 4 and above,163,159,4,0,0,1,3
S01012608,All people aged 16 and over,674,669,5,0,0,2,3
S01012608,No qualifications,237,237,0,0,0,0,0
S01012608,Level 1,161,159,2,0,0,2,0
S01012608,Level 2,103,101,2,0,0,0,2
S01012608,Level 3,55,55,0,0,0,0,0
S01012608,Level 4 and above,118,117,1,0,0,0,1
S01012609,All people aged 16 and over,680,676,4,0,1,1,2
S01012609,No qualifications,267,266,1,0,0,1,0
S01012609,Level 1,193,192,1,0,0,0,1
S01012609,Level 2,102,102,0,0,0,0,0
S01012609,Level 3,47,47,0,0,0,0,0
S01012609,Level 4 and above,71,69,2,0,1,0,1
S01012610,All people aged 16 and over,748,737,11,1,1,0,9
S01012610,No qualifications,251,248,3,0,0,0,3
S01012610,Level 1,202,199,3,1,0,0,2
S01012610,Level 2,95,94,1,0,0,0,1
S01012610,Level 3,74,73,1,0,0,0,1
S01012610,Level 4 and above,126,123,3,0,1,0,2
S01012611,All people aged 16 and over,697,685,12,0,0,0,12
S01012611,No qualifications,169,168,1,0,0,0,1
S01012611,Level 1,139,135,4,0,0,0,4
S01012611,Level 2,116,113,3,0,0,0,3
S01012611,Level 3,85,85,0,0,0,0,0
S01012611,Level 4 and above,188,184,4,0,0,0,4
S01012612,All people aged 16 and over,606,579,27,1,2,12,12
S01012612,No qualifications,187,181,6,0,0,2,4
S01012612,Level 1,164,159,5,0,0,2,3
S01012612,Level 2,93,91,2,0,0,1,1
S01012612,Level 3,57,55,2,0,0,0,2
S01012612,Level 4 and above,105,93,12,1,2,7,2
S01012613,All people aged 16 and over,549,542,7,1,0,0,6
S01012613,No qualifications,139,137,2,0,0,0,2
S01012613,Level 1,173,170,3,1,0,0,2
S01012613,Level 2,75,75,0,0,0,0,0
S01012613,Level 3,52,51,1,0,0,0,1
S01012613,Level 4 and above,110,109,1,0,0,0,1
S01012614,All people aged 16 and over,884,864,20,0,2,4,14
S01012614,No qualifications,223,220,3,0,0,0,3
S01012614,Level 1,172,167,5,0,0,1,4
S01012614,Level 2,162,159,3,0,0,2,1
S01012614,Level 3,98,97,1,0,0,0,1
S01012614,Level 4 and above,229,221,8,0,2,1,5
S01012615,All people aged 16 and over,572,561,11,1,1,0,9
S01012615,No qualifications,130,126,4,0,0,0,4
S01012615,Level 1,116,113,3,1,0,0,2
S01012615,Level 2,89,88,1,0,0,0,1
S01012615,Level 3,56,55,1,0,0,0,1
S01012615,Level 4 and above,181,179,2,0,1,0,1
S01012616,All people aged 16 and over,789,767,22,3,1,2,16
S01012616,No qualifications,214,209,5,0,0,1,4
S01012616,Level 1,146,139,7,3,0,0,4
S01012616,Level 2,121,121,0,0,0,0,0
S01012616,Level 3,82,77,5,0,1,0,4
S01012616,Level 4 and above,226,221,5,0,0,1,4
S01012617,All people aged 16 and over,354,346,8,0,0,2,6
S01012617,No qualifications,80,78,2,0,0,1,1
S01012617,Level 1,67,67,0,0,0,0,0
S01012617,Level 2,57,55,2,0,0,0,2
S01012617,Level 3,47,46,1,0,0,0,1
S01012617,Level 4 and above,103,100,3,0,0,1,2
S01012618,All people aged 16 and over,443,434,9,1,2,0,6
S01012618,No qualifications,103,99,4,0,1,0,3
S01012618,Level 1,115,113,2,0,0,0,2
S01012618,Level 2,64,64,0,0,0,0,0
S01012618,Level 3,36,36,0,0,0,0,0
S01012618,Level 4 and above,125,122,3,1,1,0,1
S01012619,All people aged 16 and over,490,471,19,1,3,7,8
S01012619,No qualifications,184,181,3,1,0,1,1
S01012619,Level 1,94,91,3,0,1,2,0
S01012619,Level 2,67,66,1,0,0,0,1
S01012619,Level 3,52,49,3,0,0,1,2
S01012619,Level 4 and above,93,84,9,0,2,3,4
S01012620,All people aged 16 and over,646,619,27,0,0,4,23
S01012620,No qualifications,122,117,5,0,0,0,5
S01012620,Level 1,94,90,4,0,0,2,2
S01012620,Level 2,117,116,1,0,0,0,1
S01012620,Level 3,62,59,3,0,0,0,3
S01012620,Level 4 and above,251,237,14,0,0,2,12
S01012621,All people aged 16 and over,512,496,16,0,2,5,9
S01012621,No qualifications,130,128,2,0,0,0,2
S01012621,Level 1,78,77,1,0,0,0,1
S01012621,Level 2,82,80,2,0,0,1,1
S01012621,Level 3,46,43,3,0,1,2,0
S01012621,Level 4 and above,176,168,8,0,1,2,5
S01012622,All people aged 16 and over,600,582,18,0,0,9,9
S01012622,No qualifications,177,175,2,0,0,1,1
S01012622,Level 1,140,136,4,0,0,2,2
S01012622,Level 2,83,82,1,0,0,1,0
S01012622,Level 3,73,70,3,0,0,2,1
S01012622,Level 4 and above,127,119,8,0,0,3,5
S01012623,All people aged 16 and over,555,531,24,1,1,6,16
S01012623,No qualifications,206,203,3,0,0,0,3
S01012623,Level 1,122,117,5,1,1,2,1
S01012623,Level 2,86,79,7,0,0,1,6
S01012623,Level 3,44,44,0,0,0,0,0
S01012623,Level 4 and above,97,88,9,0,0,3,6
S01012624,All people aged 16 and over,588,575,13,0,1,2,10
S01012624,No qualifications,205,204,1,0,0,0,1
S01012624,Level 1,154,150,4,0,0,0,4
S01012624,Level 2,68,67,1,0,1,0,0
S01012624,Level 3,66,62,4,0,0,2,2
S01012624,Level 4 and above,95,92,3,0,0,0,3
S01012625,All people aged 16 and over,455,450,5,0,1,0,4
S01012625,No qualifications,179,178,1,0,0,0,1
S01012625,Level 1,98,97,1,0,1,0,0
S01012625,Level 2,69,69,0,0,0,0,0
S01012625,Level 3,40,40,0,0,0,0,0
S01012625,Level 4 and above,69,66,3,0,0,0,3
S01012626,All people aged 16 and over,412,400,12,2,0,2,8
S01012626,No qualifications,81,81,0,0,0,0,0
S01012626,Level 1,96,95,1,1,0,0,0
S01012626,Level 2,66,65,1,0,0,0,1
S01012626,Level 3,41,39,2,1,0,0,1
S01012626,Level 4 and above,128,120,8,0,0,2,6
S01012627,All people aged 16 and over,431,421,10,0,1,0,9
S01012627,No qualifications,111,106,5,0,0,0,5
S01012627,Level 1,91,91,0,0,0,0,0
S01012627,Level 2,70,70,0,0,0,0,0
S01012627,Level 3,44,44,0,0,0,0,0
S01012627,Level 4 and above,115,110,5,0,1,0,4
S01012628,All people aged 16 and over,795,774,21,0,2,4,15
S01012628,No qualifications,171,166,5,0,0,2,3
S01012628,Level 1,128,125,3,0,1,0,2
S01012628,Level 2,126,126,0,0,0,0,0
S01012628,Level 3,69,68,1,0,0,0,1
S01012628,Level 4 and above,301,289,12,0,1,2,9
S01012629,All people aged 16 and over,401,379,22,0,2,1,19
S01012629,No qualifications,73,69,4,0,0,1,3
S01012629,Level 1,60,57,3,0,2,0,1
S01012629,Level 2,55,51,4,0,0,0,4
S01012629,Level 3,38,36,2,0,0,0,2
S01012629,Level 4 and above,175,166,9,0,0,0,9
S01012630,All people aged 16 and over,769,755,14,1,3,1,9
S01012630,No qualifications,239,236,3,0,0,0,3
S01012630,Level 1,160,156,4,0,1,1,2
S01012630,Level 2,105,104,1,0,0,0,1
S01012630,Level 3,72,71,1,0,0,0,1
S01012630,Level 4 and above,193,188,5,1,2,0,2
S01012631,All people aged 16 and over,727,706,21,1,2,6,12
S01012631,No qualifications,231,227,4,1,0,2,1
S01012631,Level 1,190,185,5,0,1,2,2
S01012631,Level 2,117,115,2,0,0,0,2
S01012631,Level 3,67,65,2,0,0,0,2
S01012631,Level 4 and above,122,114,8,0,1,2,5
S01012632,All people aged 16 and over,590,569,21,1,2,1,17
S01012632,No qualifications,148,142,6,0,0,0,6
S01012632,Level 1,135,132,3,0,0,0,3
S01012632,Level 2,93,92,1,1,0,0,0
S01012632,Level 3,69,68,1,0,0,0,1
S01012632,Level 4 and above,145,135,10,0,2,1,7
S01012633,All people aged 16 and over,568,548,20,0,1,1,18
S01012633,No qualifications,128,123,5,0,0,0,5
S01012633,Level 1,114,113,1,0,0,0,1
S01012633,Level 2,92,88,4,0,0,0,4
S01012633,Level 3,74,73,1,0,0,0,1
S01012633,Level 4 and above,160,151,9,0,1,1,7
S01012634,All people aged 16 and over,574,549,25,2,2,1,20
S01012634,No qualifications,223,220,3,1,0,0,2
S01012634,Level 1,148,145,3,0,0,0,3
S01012634,Level 2,80,73,7,1,1,0,5
S01012634,Level 3,35,33,2,0,0,0,2
S01012634,Level 4 and above,88,78,10,0,1,1,8
S01012635,All people aged 16 and over,878,862,16,0,2,2,12
S01012635,No qualifications,199,197,2,0,0,0,2
S01012635,Level 1,193,192,1,0,0,0,1
S01012635,Level 2,130,125,5,0,0,0,5
S01012635,Level 3,87,85,2,0,1,0,1
S01012635,Level 4 and above,269,263,6,0,1,2,3
S01012636,All people aged 16 and over,502,482,20,1,2,2,15
S01012636,No qualifications,124,120,4,1,1,0,2
S01012636,Level 1,116,108,8,0,1,1,6
S01012636,Level 2,69,68,1,0,0,0,1
S01012636,Level 3,46,45,1,0,0,0,1
S01012636,Level 4 and above,147,141,6,0,0,1,5
S01012637,All people aged 16 and over,664,653,11,1,2,1,7
S01012637,No qualifications,285,279,6,0,2,1,3
S01012637,Level 1,192,191,1,1,0,0,0
S01012637,Level 2,71,70,1,0,0,0,1
S01012637,Level 3,49,48,1,0,0,0,1
S01012637,Level 4 and above,67,65,2,0,0,0,2
S01012638,All people aged 16 and over,723,706,17,4,1,1,11
S01012638,No qualifications,298,294,4,0,0,1,3
S01012638,Level 1,179,178,1,0,0,0,1
S01012638,Level 2,93,89,4,1,0,0,3
S01012638,Level 3,37,34,3,1,1,0,1
S01012638,Level 4 and above,116,111,5,2,0,0,3
S01012639,All people aged 16 and over,683,674,9,0,2,0,7
S01012639,No qualifications,280,277,3,0,0,0,3
S01012639,Level 1,186,182,4,0,0,0,4
S01012639,Level 2,89,89,0,0,0,0,0
S01012639,Level 3,59,58,1,0,1,0,0
S01012639,Level 4 and above,69,68,1,0,1,0,0
S01012640,All people aged 16 and over,775,746,29,0,9,8,12
S01012640,No qualifications,339,329,10,0,0,4,6
S01012640,Level 1,219,213,6,0,3,0,3
S01012640,Level 2,85,80,5,0,4,1,0
S01012640,Level 3,63,60,3,0,1,0,2
S01012640,Level 4 and above,69,64,5,0,1,3,1
S01012641,All people aged 16 and over,944,919,25,1,3,3,18
S01012641,No qualifications,388,384,4,1,0,0,3
S01012641,Level 1,214,209,5,0,1,1,3
S01012641,Level 2,102,99,3,0,0,1,2
S01012641,Level 3,67,65,2,0,1,0,1
S01012641,Level 4 and above,173,162,11,0,1,1,9
S01012642,All people aged 16 and over,653,626,27,0,7,9,11
S01012642,No qualifications,297,290,7,0,2,0,5
S01012642,Level 1,207,201,6,0,2,3,1
S01012642,Level 2,65,63,2,0,0,2,0
S01012642,Level 3,32,31,1,0,0,0,1
S01012642,Level 4 and above,52,41,11,0,3,4,4
S01012643,All people aged 16 and over,375,367,8,0,0,0,8
S01012643,No qualifications,153,149,4,0,0,0,4
S01012643,Level 1,105,102,3,0,0,0,3
S01012643,Level 2,49,49,0,0,0,0,0
S01012643,Level 3,32,31,1,0,0,0,1
S01012643,Level 4 and above,36,36,0,0,0,0,0
S01012644,All people aged 16 and over,536,510,26,1,4,15,6
S01012644,No qualifications,211,204,7,0,1,4,2
S01012644,Level 1,142,140,2,0,0,2,0
S01012644,Level 2,60,57,3,0,0,3,0
S01012644,Level 3,46,44,2,0,1,0,1
S01012644,Level 4 and above,77,65,12,1,2,6,3
S01012645,All people aged 16 and over,684,662,22,1,5,0,16
S01012645,No qualifications,246,243,3,0,0,0,3
S01012645,Level 1,156,150,6,0,1,0,5
S01012645,Level 2,70,68,2,0,0,0,2
S01012645,Level 3,61,60,1,0,0,0,1
S01012645,Level 4 and above,151,141,10,1,4,0,5
S01012646,All people aged 16 and over,764,737,27,0,3,5,19
S01012646,No qualifications,187,178,9,0,1,2,6
S01012646,Level 1,211,206,5,0,1,0,4
S01012646,Level 2,111,109,2,0,0,1,1
S01012646,Level 3,85,83,2,0,0,0,2
S01012646,Level 4 and above,170,161,9,0,1,2,6
S01012647,All people aged 16 and over,529,506,23,0,1,6,16
S01012647,No qualifications,62,61,1,0,0,0,1
S01012647,Level 1,115,113,2,0,0,0,2
S01012647,Level 2,94,88,6,0,0,2,4
S01012647,Level 3,78,78,0,0,0,0,0
S01012647,Level 4 and above,180,166,14,0,1,4,9
S01012648,All people aged 16 and over,438,429,9,0,1,1,7
S01012648,No qualifications,174,170,4,0,1,1,2
S01012648,Level 1,139,136,3,0,0,0,3
S01012648,Level 2,50,49,1,0,0,0,1
S01012648,Level 3,31,31,0,0,0,0,0
S01012648,Level 4 and above,44,43,1,0,0,0,1
S01012649,All people aged 16 and over,550,527,23,1,3,10,9
S01012649,No qualifications,195,189,6,1,0,2,3
S01012649,Level 1,121,114,7,0,1,2,4
S01012649,Level 2,68,65,3,0,0,2,1
S01012649,Level 3,51,51,0,0,0,0,0
S01012649,Level 4 and above,115,108,7,0,2,4,1
S01012650,All people aged 16 and over,497,489,8,0,1,0,7
S01012650,No qualifications,134,132,2,0,0,0,2
S01012650,Level 1,126,126,0,0,0,0,0
S01012650,Level 2,64,63,1,0,0,0,1
S01012650,Level 3,57,56,1,0,0,0,1
S01012650,Level 4 and above,116,112,4,0,1,0,3
S01012651,All people aged 16 and over,523,512,11,1,0,0,10
S01012651,No qualifications,261,260,1,1,0,0,0
S01012651,Level 1,130,126,4,0,0,0,4
S01012651,Level 2,39,37,2,0,0,0,2
S01012651,Level 3,43,40,3,0,0,0,3
S01012651,Level 4 and above,50,49,1,0,0,0,1
S01012652,All people aged 16 and over,883,861,22,2,1,4,15
S01012652,No qualifications,176,175,1,0,0,1,0
S01012652,Level 1,173,167,6,1,1,0,4
S01012652,Level 2,178,173,5,1,0,1,3
S01012652,Level 3,127,123,4,0,0,0,4
S01012652,Level 4 and above,229,223,6,0,0,2,4
S01012653,All people aged 16 and over,704,693,11,0,0,2,9
S01012653,No qualifications,269,266,3,0,0,0,3
S01012653,Level 1,181,178,3,0,0,0,3
S01012653,Level 2,93,93,0,0,0,0,0
S01012653,Level 3,58,58,0,0,0,0,0
S01012653,Level 4 and above,103,98,5,0,0,2,3
S01012654,All people aged 16 and over,614,593,21,0,2,5,14
S01012654,No qualifications,139,136,3,0,1,0,2
S01012654,Level 1,131,124,7,0,1,1,5
S01012654,Level 2,105,104,1,0,0,0,1
S01012654,Level 3,70,68,2,0,0,1,1
S01012654,Level 4 and above,169,161,8,0,0,3,5
S01012655,All people aged 16 and over,964,947,17,0,3,3,11
S01012655,No qualifications,414,403,11,0,1,3,7
S01012655,Level 1,234,230,4,0,2,0,2
S01012655,Level 2,112,110,2,0,0,0,2
S01012655,Level 3,75,75,0,0,0,0,0
S01012655,Level 4 and above,129,129,0,0,0,0,0
S01012656,All people aged 16 and over,673,667,6,0,0,1,5
S01012656,No qualifications,263,261,2,0,0,1,1
S01012656,Level 1,174,171,3,0,0,0,3
S01012656,Level 2,68,68,0,0,0,0,0
S01012656,Level 3,85,85,0,0,0,0,0
S01012656,Level 4 and above,83,82,1,0,0,0,1
S01012657,All people aged 16 and over,455,445,10,0,3,1,6
S01012657,No qualifications,185,181,4,0,0,1,3
S01012657,Level 1,114,114,0,0,0,0,0
S01012657,Level 2,53,52,1,0,0,0,1
S01012657,Level 3,49,45,4,0,3,0,1
S01012657,Level 4 and above,54,53,1,0,0,0,1
S01012658,All people aged 16 and over,818,800,18,2,0,1,15
S01012658,No qualifications,229,225,4,0,0,0,4
S01012658,Level 1,194,192,2,0,0,0,2
S01012658,Level 2,134,132,2,0,0,0,2
S01012658,Level 3,99,97,2,1,0,0,1
S01012658,Level 4 and above,162,154,8,1,0,1,6
S01012659,All people aged 16 and over,771,748,23,0,5,1,17
S01012659,No qualifications,122,116,6,0,2,0,4
S01012659,Level 1,164,159,5,0,0,1,4
S01012659,Level 2,151,148,3,0,0,0,3
S01012659,Level 3,88,88,0,0,0,0,0
S01012659,Level 4 and above,246,237,9,0,3,0,6
S01012660,All people aged 16 and over,591,576,15,1,5,2,7
S01012660,No qualifications,211,208,3,0,2,0,1
S01012660,Level 1,127,126,1,0,0,0,1
S01012660,Level 2,74,73,1,0,0,0,1
S01012660,Level 3,65,64,1,0,0,0,1
S01012660,Level 4 and above,114,105,9,1,3,2,3
S01012661,All people aged 16 and over,645,636,9,0,3,2,4
S01012661,No qualifications,168,167,1,0,1,0,0
S01012661,Level 1,153,151,2,0,0,0,2
S01012661,Level 2,112,111,1,0,0,0,1
S01012661,Level 3,74,74,0,0,0,0,0
S01012661,Level 4 and above,138,133,5,0,2,2,1
S01012662,All people aged 16 and over,633,625,8,0,1,0,7
S01012662,No qualifications,246,244,2,0,0,0,2
S01012662,Level 1,164,162,2,0,1,0,1
S01012662,Level 2,90,89,1,0,0,0,1
S01012662,Level 3,59,57,2,0,0,0,2
S01012662,Level 4 and above,74,73,1,0,0,0,1
S01012663,All people aged 16 and over,597,590,7,0,0,0,7
S01012663,No qualifications,184,181,3,0,0,0,3
S01012663,Level 1,129,129,0,0,0,0,0
S01012663,Level 2,96,94,2,0,0,0,2
S01012663,Level 3,75,75,0,0,0,0,0
S01012663,Level 4 and above,113,111,2,0,0,0,2
S01012664,All people aged 16 and over,815,796,19,1,2,4,12
S01012664,No qualifications,304,297,7,0,0,0,7
S01012664,Level 1,161,157,4,1,2,1,0
S01012664,Level 2,119,117,2,0,0,0,2
S01012664,Level 3,89,88,1,0,0,1,0
S01012664,Level 4 and above,142,137,5,0,0,2,3
S01012665,All people aged 16 and over,565,559,6,0,0,0,6
S01012665,No qualifications,270,266,4,0,0,0,4
S01012665,Level 1,132,132,0,0,0,0,0
S01012665,Level 2,74,74,0,0,0,0,0
S01012665,Level 3,37,35,2,0,0,0,2
S01012665,Level 4 and above,52,52,0,0,0,0,0
S01012666,All people aged 16 and over,553,549,4,0,0,0,4
S01012666,No qualifications,279,279,0,0,0,0,0
S01012666,Level 1,136,136,0,0,0,0,0
S01012666,Level 2,51,49,2,0,0,0,2
S01012666,Level 3,42,42,0,0,0,0,0
S01012666,Level 4 and above,45,43,2,0,0,0,2
S01012667,All people aged 16 and over,482,472,10,1,0,3,6
S01012667,No qualifications,201,199,2,0,0,0,2
S01012667,Level 1,150,147,3,0,0,2,1
S01012667,Level 2,61,59,2,0,0,0,2
S01012667,Level 3,28,28,0,0,0,0,0
S01012667,Level 4 and above,42,39,3,1,0,1,1
S01012668,All people aged 16 and over,597,585,12,2,1,2,7
S01012668,No qualifications,239,235,4,1,1,2,0
S01012668,Level 1,167,164,3,1,0,0,2
S01012668,Level 2,79,78,1,0,0,0,1
S01012668,Level 3,50,48,2,0,0,0,2
S01012668,Level 4 and above,62,60,2,0,0,0,2
S01012669,All people aged 16 and over,618,610,8,0,1,3,4
S01012669,No qualifications,140,138,2,0,0,0,2
S01012669,Level 1,131,130,1,0,0,1,0
S01012669,Level 2,120,119,1,0,0,1,0
S01012669,Level 3,86,84,2,0,0,0,2
S01012669,Level 4 and above,141,139,2,0,1,1,0
S01012670,All people aged 16 and over,613,605,8,0,1,0,7
S01012670,No qualifications,140,140,0,0,0,0,0
S01012670,Level 1,144,141,3,0,1,0,2
S01012670,Level 2,114,111,3,0,0,0,3
S01012670,Level 3,57,56,1,0,0,0,1
S01012670,Level 4 and above,158,157,1,0,0,0,1
S01012671,All people aged 16 and over,762,749,13,0,0,3,10
S01012671,No qualifications,376,372,4,0,0,0,4
S01012671,Level 1,167,164,3,0,0,1,2
S01012671,Level 2,90,90,0,0,0,0,0
S01012671,Level 3,61,60,1,0,0,0,1
S01012671,Level 4 and above,68,63,5,0,0,2,3
S01012672,All people aged 16 and over,588,583,5,0,2,1,2
S01012672,No qualifications,302,301,1,0,0,0,1
S01012672,Level 1,157,156,1,0,1,0,0
S01012672,Level 2,47,47,0,0,0,0,0
S01012672,Level 3,30,30,0,0,0,0,0
S01012672,Level 4 and above,52,49,3,0,1,1,1
S01012673,All people aged 16 and over,478,472,6,0,1,0,5
S01012673,No qualifications,222,222,0,0,0,0,0
S01012673,Level 1,131,129,2,0,1,0,1
S01012673,Level 2,54,54,0,0,0,0,0
S01012673,Level 3,37,36,1,0,0,0,1
S01012673,Level 4 and above,34,31,3,0,0,0,3
S01012674,All people aged 16 and over,441,435,6,0,2,1,3
S01012674,No qualifications,209,208,1,0,1,0,0
S01012674,Level 1,115,114,1,0,0,0,1
S01012674,Level 2,53,52,1,0,0,0,1
S01012674,Level 3,26,26,0,0,0,0,0
S01012674,Level 4 and above,38,35,3,0,1,1,1
S01012675,All people aged 16 and over,641,628,13,0,3,3,7
S01012675,No qualifications,285,283,2,0,0,0,2
S01012675,Level 1,184,179,5,0,2,1,2
S01012675,Level 2,64,63,1,0,0,0,1
S01012675,Level 3,38,38,0,0,0,0,0
S01012675,Level 4 and above,70,65,5,0,1,2,2
S01012676,All people aged 16 and over,634,621,13,5,0,3,5
S01012676,No qualifications,193,190,3,1,0,1,1
S01012676,Level 1,196,192,4,3,0,0,1
S01012676,Level 2,97,95,2,0,0,0,2
S01012676,Level 3,62,59,3,1,0,1,1
S01012676,Level 4 and above,86,85,1,0,0,1,0
S01012677,All people aged 16 and over,476,469,7,0,2,0,5
S01012677,No qualifications,203,201,2,0,0,0,2
S01012677,Level 1,126,126,0,0,0,0,0
S01012677,Level 2,56,54,2,0,1,0,1
S01012677,Level 3,39,39,0,0,0,0,0
S01012677,Level 4 and above,52,49,3,0,1,0,2
S01012678,All people aged 16 and over,575,571,4,0,0,1,3
S01012678,No qualifications,119,119,0,0,0,0,0
S01012678,Level 1,153,152,1,0,0,0,1
S01012678,Level 2,108,107,1,0,0,0,1
S01012678,Level 3,62,61,1,0,0,0,1
S01012678,Level 4 and above,133,132,1,0,0,1,0
S01012679,All people aged 16 and over,668,646,22,0,2,4,16
S01012679,No qualifications,211,209,2,0,0,0,2
S01012679,Level 1,173,166,7,0,1,3,3
S01012679,Level 2,90,87,3,0,0,0,3
S01012679,Level 3,70,66,4,0,0,1,3
S01012679,Level 4 and above,124,118,6,0,1,0,5
S01012680,All people aged 16 and over,437,429,8,0,0,0,8
S01012680,No qualifications,99,98,1,0,0,0,1
S01012680,Level 1,101,99,2,0,0,0,2
S01012680,Level 2,60,60,0,0,0,0,0
S01012680,Level 3,52,51,1,0,0,0,1
S01012680,Level 4 and above,125,121,4,0,0,0,4
S01012681,All people aged 16 and over,568,553,15,0,2,0,13
S01012681,No qualifications,170,167,3,0,0,0,3
S01012681,Level 1,136,134,2,0,0,0,2
S01012681,Level 2,94,91,3,0,0,0,3
S01012681,Level 3,57,56,1,0,0,0,1
S01012681,Level 4 and above,111,105,6,0,2,0,4
S01012682,All people aged 16 and over,665,652,13,0,0,1,12
S01012682,No qualifications,248,247,1,0,0,0,1
S01012682,Level 1,128,126,2,0,0,0,2
S01012682,Level 2,82,79,3,0,0,0,3
S01012682,Level 3,61,57,4,0,0,0,4
S01012682,Level 4 and above,146,143,3,0,0,1,2
S01012683,All people aged 16 and over,604,599,5,0,1,1,3
S01012683,No qualifications,179,178,1,0,0,0,1
S01012683,Level 1,176,175,1,0,1,0,0
S01012683,Level 2,82,80,2,0,0,0,2
S01012683,Level 3,64,64,0,0,0,0,0
S01012683,Level 4 and above,103,102,1,0,0,1,0
S01012684,All people aged 16 and over,441,434,7,0,1,1,5
S01012684,No qualifications,121,117,4,0,0,1,3
S01012684,Level 1,93,92,1,0,1,0,0
S01012684,Level 2,51,51,0,0,0,0,0
S01012684,Level 3,62,62,0,0,0,0,0
S01012684,Level 4 and above,114,112,2,0,0,0,2
S01012685,All people aged 16 and over,623,612,11,0,2,1,8
S01012685,No qualifications,218,216,2,0,0,0,2
S01012685,Level 1,155,154,1,0,0,0,1
S01012685,Level 2,85,83,2,0,0,0,2
S01012685,Level 3,64,63,1,0,0,0,1
S01012685,Level 4 and above,101,96,5,0,2,1,2
S01012686,All people aged 16 and over,794,762,32,3,3,3,23
S01012686,No qualifications,138,133,5,0,0,0,5
S01012686,Level 1,133,127,6,0,1,2,3
S01012686,Level 2,137,135,2,0,1,1,0
S01012686,Level 3,90,85,5,0,1,0,4
S01012686,Level 4 and above,296,282,14,3,0,0,11
S01012687,All people aged 16 and over,456,448,8,0,0,0,8
S01012687,No qualifications,73,71,2,0,0,0,2
S01012687,Level 1,56,56,0,0,0,0,0
S01012687,Level 2,79,78,1,0,0,0,1
S01012687,Level 3,42,42,0,0,0,0,0
S01012687,Level 4 and above,206,201,5,0,0,0,5
S01012688,All people aged 16 and over,692,648,44,4,6,6,28
S01012688,No qualifications,164,157,7,0,0,2,5
S01012688,Level 1,132,121,11,1,4,2,4
S01012688,Level 2,90,87,3,0,0,1,2
S01012688,Level 3,77,73,4,0,1,1,2
S01012688,Level 4 and above,229,210,19,3,1,0,15
S01012689,All people aged 16 and over,392,384,8,0,0,1,7
S01012689,No qualifications,57,57,0,0,0,0,0
S01012689,Level 1,62,62,0,0,0,0,0
S01012689,Level 2,63,61,2,0,0,1,1
S01012689,Level 3,48,47,1,0,0,0,1
S01012689,Level 4 and above,162,157,5,0,0,0,5
S01012690,All people aged 16 and over,424,413,11,0,0,0,11
S01012690,No qualifications,84,82,2,0,0,0,2
S01012690,Level 1,82,82,0,0,0,0,0
S01012690,Level 2,71,69,2,0,0,0,2
S01012690,Level 3,53,51,2,0,0,0,2
S01012690,Level 4 and above,134,129,5,0,0,0,5
S01012691,All people aged 16 and over,595,566,29,0,1,8,20
S01012691,No qualifications,63,61,2,0,0,2,0
S01012691,Level 1,95,86,9,0,0,5,4
S01012691,Level 2,100,99,1,0,0,0,1
S01012691,Level 3,47,45,2,0,0,0,2
S01012691,Level 4 and above,290,275,15,0,1,1,13
S01012692,All people aged 16 and over,625,610,15,0,0,4,11
S01012692,No qualifications,178,177,1,0,0,0,1
S01012692,Level 1,115,112,3,0,0,1,2
S01012692,Level 2,95,95,0,0,0,0,0
S01012692,Level 3,61,60,1,0,0,0,1
S01012692,Level 4 and above,176,166,10,0,0,3,7
S01012693,All people aged 16 and over,701,676,25,0,1,5,19
S01012693,No qualifications,69,64,5,0,0,1,4
S01012693,Level 1,107,103,4,0,0,0,4
S01012693,Level 2,121,120,1,0,0,0,1
S01012693,Level 3,91,88,3,0,0,1,2
S01012693,Level 4 and above,313,301,12,0,1,3,8
S01012694,All people aged 16 and over,363,351,12,0,2,4,6
S01012694,No qualifications,113,110,3,0,1,0,2
S01012694,Level 1,74,71,3,0,1,2,0
S01012694,Level 2,51,50,1,0,0,0,1
S01012694,Level 3,42,42,0,0,0,0,0
S01012694,Level 4 and above,83,78,5,0,0,2,3
S01012695,All people aged 16 and over,651,632,19,0,4,6,9
S01012695,No qualifications,186,179,7,0,1,2,4
S01012695,Level 1,148,147,1,0,1,0,0
S01012695,Level 2,88,87,1,0,0,0,1
S01012695,Level 3,69,67,2,0,0,1,1
S01012695,Level 4 and above,160,152,8,0,2,3,3
S01012696,All people aged 16 and over,734,546,188,133,28,6,21
S01012696,No qualifications,184,133,51,42,5,1,3
S01012696,Level 1,148,111,37,24,7,1,5
S01012696,Level 2,102,82,20,15,3,1,1
S01012696,Level 3,66,51,15,9,2,1,3
S01012696,Level 4 and above,234,169,65,43,11,2,9
S01012697,All people aged 16 and over,405,388,17,2,1,2,12
S01012697,No qualifications,90,88,2,0,0,0,2
S01012697,Level 1,66,61,5,2,1,0,2
S01012697,Level 2,66,64,2,0,0,0,2
S01012697,Level 3,35,34,1,0,0,1,0
S01012697,Level 4 and above,148,141,7,0,0,1,6
S01012698,All people aged 16 and over,653,634,19,0,0,7,12
S01012698,No qualifications,124,121,3,0,0,0,3
S01012698,Level 1,144,140,4,0,0,3,1
S01012698,Level 2,119,117,2,0,0,1,1
S01012698,Level 3,81,77,4,0,0,1,3
S01012698,Level 4 and above,185,179,6,0,0,2,4
S01012699,All people aged 16 and over,847,829,18,1,1,2,14
S01012699,No qualifications,222,221,1,0,0,0,1
S01012699,Level 1,167,163,4,0,1,1,2
S01012699,Level 2,129,127,2,0,0,0,2
S01012699,Level 3,78,77,1,0,0,0,1
S01012699,Level 4 and above,251,241,10,1,0,1,8
S01012700,All people aged 16 and over,671,646,25,1,1,5,18
S01012700,No qualifications,152,150,2,0,0,0,2
S01012700,Level 1,162,158,4,0,0,2,2
S01012700,Level 2,105,101,4,0,1,0,3
S01012700,Level 3,70,64,6,0,0,1,5
S01012700,Level 4 and above,182,173,9,1,0,2,6
S01012701,All people aged 16 and over,467,456,11,0,1,4,6
S01012701,No qualifications,109,107,2,0,0,0,2
S01012701,Level 1,88,86,2,0,1,1,0
S01012701,Level 2,76,74,2,0,0,1,1
S01012701,Level 3,46,45,1,0,0,0,1
S01012701,Level 4 and above,148,144,4,0,0,2,2
S01012702,All people aged 16 and over,483,471,12,1,0,2,9
S01012702,No qualifications,108,104,4,0,0,0,4
S01012702,Level 1,90,90,0,0,0,0,0
S01012702,Level 2,54,53,1,0,0,0,1
S01012702,Level 3,52,51,1,0,0,0,1
S01012702,Level 4 and above,179,173,6,1,0,2,3
S01012703,All people aged 16 and over,464,448,16,1,0,5,10
S01012703,No qualifications,98,92,6,0,0,1,5
S01012703,Level 1,106,106,0,0,0,0,0
S01012703,Level 2,83,82,1,0,0,0,1
S01012703,Level 3,69,66,3,1,0,1,1
S01012703,Level 4 and above,108,102,6,0,0,3,3
S01012704,All people aged 16 and over,597,588,9,1,0,1,7
S01012704,No qualifications,247,245,2,0,0,0,2
S01012704,Level 1,171,170,1,1,0,0,0
S01012704,Level 2,72,71,1,0,0,0,1
S01012704,Level 3,49,47,2,0,0,0,2
S01012704,Level 4 and above,58,55,3,0,0,1,2
S01012705,All people aged 16 and over,584,549,35,2,2,7,24
S01012705,No qualifications,74,60,14,0,1,2,11
S01012705,Level 1,150,147,3,0,1,0,2
S01012705,Level 2,119,117,2,0,0,0,2
S01012705,Level 3,63,63,0,0,0,0,0
S01012705,Level 4 and above,178,162,16,2,0,5,9
S01012706,All people aged 16 and over,557,547,10,2,1,0,7
S01012706,No qualifications,247,245,2,0,0,0,2
S01012706,Level 1,144,143,1,0,0,0,1
S01012706,Level 2,65,64,1,0,0,0,1
S01012706,Level 3,34,34,0,0,0,0,0
S01012706,Level 4 and above,67,61,6,2,1,0,3
S01012707,All people aged 16 and over,728,702,26,2,1,9,14
S01012707,No qualifications,98,95,3,0,0,0,3
S01012707,Level 1,134,130,4,0,0,1,3
S01012707,Level 2,140,139,1,0,0,0,1
S01012707,Level 3,93,93,0,0,0,0,0
S01012707,Level 4 and above,263,245,18,2,1,8,7
S01012708,All people aged 16 and over,595,584,11,0,3,2,6
S01012708,No qualifications,255,250,5,0,1,1,3
S01012708,Level 1,144,143,1,0,0,0,1
S01012708,Level 2,72,72,0,0,0,0,0
S01012708,Level 3,47,46,1,0,1,0,0
S01012708,Level 4 and above,77,73,4,0,1,1,2
S01012709,All people aged 16 and over,430,415,15,2,0,3,10
S01012709,No qualifications,146,136,10,1,0,3,6
S01012709,Level 1,104,103,1,1,0,0,0
S01012709,Level 2,49,47,2,0,0,0,2
S01012709,Level 3,50,50,0,0,0,0,0
S01012709,Level 4 and above,81,79,2,0,0,0,2
S01012710,All people aged 16 and over,605,587,18,2,2,6,8
S01012710,No qualifications,235,228,7,1,0,0,6
S01012710,Level 1,127,124,3,0,0,3,0
S01012710,Level 2,87,87,0,0,0,0,0
S01012710,Level 3,58,56,2,1,0,1,0
S01012710,Level 4 and above,98,92,6,0,2,2,2
S01012711,All people aged 16 and over,716,701,15,0,2,4,9
S01012711,No qualifications,326,322,4,0,1,1,2
S01012711,Level 1,150,147,3,0,1,0,2
S01012711,Level 2,72,68,4,0,0,3,1
S01012711,Level 3,50,49,1,0,0,0,1
S01012711,Level 4 and above,118,115,3,0,0,0,3
S01012712,All people aged 16 and over,695,668,27,1,2,1,23
S01012712,No qualifications,123,111,12,1,1,0,10
S01012712,Level 1,119,117,2,0,0,0,2
S01012712,Level 2,117,115,2,0,0,0,2
S01012712,Level 3,84,83,1,0,0,0,1
S01012712,Level 4 and above,252,242,10,0,1,1,8
S01012713,All people aged 16 and over,614,590,24,1,2,2,19
S01012713,No qualifications,140,135,5,0,0,0,5
S01012713,Level 1,111,106,5,0,1,1,3
S01012713,Level 2,91,90,1,0,0,0,1
S01012713,Level 3,77,73,4,0,1,1,2
S01012713,Level 4 and above,195,186,9,1,0,0,8
S01012714,All people aged 16 and over,516,501,15,0,4,1,10
S01012714,No qualifications,81,77,4,0,3,0,1
S01012714,Level 1,84,82,2,0,0,0,2
S01012714,Level 2,94,93,1,0,0,0,1
S01012714,Level 3,78,78,0,0,0,0,0
S01012714,Level 4 and above,179,171,8,0,1,1,6
S01012715,All people aged 16 and over,624,586,38,2,13,5,18
S01012715,No qualifications,192,182,10,0,1,0,9
S01012715,Level 1,116,109,7,0,2,1,4
S01012715,Level 2,87,85,2,1,0,0,1
S01012715,Level 3,69,64,5,0,2,1,2
S01012715,Level 4 and above,160,146,14,1,8,3,2
S01012716,All people aged 16 and over,739,709,30,4,7,0,19
S01012716,No qualifications,159,144,15,0,3,0,12
S01012716,Level 1,111,106,5,0,1,0,4
S01012716,Level 2,96,96,0,0,0,0,0
S01012716,Level 3,76,71,5,2,1,0,2
S01012716,Level 4 and above,297,292,5,2,2,0,1
S01012717,All people aged 16 and over,869,826,43,6,14,11,12
S01012717,No qualifications,293,286,7,0,1,1,5
S01012717,Level 1,158,150,8,1,4,3,0
S01012717,Level 2,114,113,1,1,0,0,0
S01012717,Level 3,82,76,6,0,3,2,1
S01012717,Level 4 and above,222,201,21,4,6,5,6
S01012718,All people aged 16 and over,868,807,61,9,11,20,21
S01012718,No qualifications,238,228,10,2,0,3,5
S01012718,Level 1,124,119,5,2,0,2,1
S01012718,Level 2,113,108,5,0,1,3,1
S01012718,Level 3,98,81,17,1,4,8,4
S01012718,Level 4 and above,295,271,24,4,6,4,10
S01012719,All people aged 16 and over,695,629,66,12,13,6,35
S01012719,No qualifications,175,163,12,1,3,0,8
S01012719,Level 1,139,127,12,3,1,2,6
S01012719,Level 2,92,85,7,0,0,0,7
S01012719,Level 3,71,61,10,3,3,2,2
S01012719,Level 4 and above,218,193,25,5,6,2,12
S01012720,All people aged 16 and over,464,415,49,12,14,10,13
S01012720,No qualifications,89,78,11,4,1,1,5
S01012720,Level 1,79,74,5,0,1,1,3
S01012720,Level 2,75,71,4,0,2,1,1
S01012720,Level 3,64,57,7,5,1,1,0
S01012720,Level 4 and above,157,135,22,3,9,6,4
S01012721,All people aged 16 and over,538,515,23,7,3,0,13
S01012721,No qualifications,189,183,6,2,0,0,4
S01012721,Level 1,121,118,3,1,1,0,1
S01012721,Level 2,70,66,4,0,0,0,4
S01012721,Level 3,63,58,5,3,2,0,0
S01012721,Level 4 and above,95,90,5,1,0,0,4
S01012722,All people aged 16 and over,631,604,27,1,8,3,15
S01012722,No qualifications,292,285,7,0,1,0,6
S01012722,Level 1,139,135,4,0,1,0,3
S01012722,Level 2,71,71,0,0,0,0,0
S01012722,Level 3,57,52,5,0,1,1,3
S01012722,Level 4 and above,72,61,11,1,5,2,3
S01012723,All people aged 16 and over,572,558,14,0,2,2,10
S01012723,No qualifications,247,241,6,0,0,1,5
S01012723,Level 1,141,136,5,0,1,0,4
S01012723,Level 2,66,66,0,0,0,0,0
S01012723,Level 3,54,51,3,0,1,1,1
S01012723,Level 4 and above,64,64,0,0,0,0,0
S01012724,All people aged 16 and over,631,598,33,6,5,5,17
S01012724,No qualifications,200,193,7,2,0,1,4
S01012724,Level 1,147,141,6,0,0,0,6
S01012724,Level 2,61,59,2,0,1,0,1
S01012724,Level 3,78,76,2,1,0,0,1
S01012724,Level 4 and above,145,129,16,3,4,4,5
S01012725,All people aged 16 and over,767,702,65,13,15,11,26
S01012725,No qualifications,157,149,8,1,2,2,3
S01012725,Level 1,160,148,12,2,3,1,6
S01012725,Level 2,112,103,9,1,3,1,4
S01012725,Level 3,95,90,5,3,2,0,0
S01012725,Level 4 and above,243,212,31,6,5,7,13
S01012726,All people aged 16 and over,519,506,13,0,0,2,11
S01012726,No qualifications,211,206,5,0,0,1,4
S01012726,Level 1,132,128,4,0,0,0,4
S01012726,Level 2,55,55,0,0,0,0,0
S01012726,Level 3,44,42,2,0,0,0,2
S01012726,Level 4 and above,77,75,2,0,0,1,1
S01012727,All people aged 16 and over,566,549,17,2,2,7,6
S01012727,No qualifications,267,264,3,1,2,0,0
S01012727,Level 1,130,122,8,1,0,4,3
S01012727,Level 2,70,69,1,0,0,0,1
S01012727,Level 3,37,37,0,0,0,0,0
S01012727,Level 4 and above,62,57,5,0,0,3,2
S01012728,All people aged 16 and over,572,542,30,5,12,3,10
S01012728,No qualifications,251,242,9,2,3,0,4
S01012728,Level 1,153,148,5,0,3,0,2
S01012728,Level 2,48,46,2,0,2,0,0
S01012728,Level 3,57,55,2,0,0,1,1
S01012728,Level 4 and above,63,51,12,3,4,2,3
S01012729,All people aged 16 and over,671,642,29,2,4,4,19
S01012729,No qualifications,192,188,4,0,0,1,3
S01012729,Level 1,156,154,2,1,0,0,1
S01012729,Level 2,101,98,3,1,0,0,2
S01012729,Level 3,77,73,4,0,1,0,3
S01012729,Level 4 and above,145,129,16,0,3,3,10
S01012730,All people aged 16 and over,451,443,8,1,2,1,4
S01012730,No qualifications,192,190,2,0,0,1,1
S01012730,Level 1,120,117,3,0,2,0,1
S01012730,Level 2,57,57,0,0,0,0,0
S01012730,Level 3,43,43,0,0,0,0,0
S01012730,Level 4 and above,39,36,3,1,0,0,2
S01012731,All people aged 16 and over,626,605,21,0,3,4,14
S01012731,No qualifications,227,224,3,0,0,0,3
S01012731,Level 1,189,179,10,0,3,2,5
S01012731,Level 2,77,74,3,0,0,1,2
S01012731,Level 3,55,53,2,0,0,0,2
S01012731,Level 4 and above,78,75,3,0,0,1,2
S01012732,All people aged 16 and over,550,540,10,0,2,1,7
S01012732,No qualifications,215,212,3,0,1,0,2
S01012732,Level 1,152,149,3,0,0,0,3
S01012732,Level 2,61,59,2,0,1,0,1
S01012732,Level 3,48,48,0,0,0,0,0
S01012732,Level 4 and above,74,72,2,0,0,1,1
S01012733,All people aged 16 and over,764,732,32,1,8,4,19
S01012733,No qualifications,88,84,4,0,0,0,4
S01012733,Level 1,171,164,7,1,1,2,3
S01012733,Level 2,133,130,3,0,1,0,2
S01012733,Level 3,125,119,6,0,1,0,5
S01012733,Level 4 and above,247,235,12,0,5,2,5
S01012734,All people aged 16 and over,425,400,25,0,4,1,20
S01012734,No qualifications,33,27,6,0,0,0,6
S01012734,Level 1,88,81,7,0,3,0,4
S01012734,Level 2,77,76,1,0,0,0,1
S01012734,Level 3,61,61,0,0,0,0,0
S01012734,Level 4 and above,166,155,11,0,1,1,9
S01012735,All people aged 16 and over,401,392,9,1,2,2,4
S01012735,No qualifications,160,160,0,0,0,0,0
S01012735,Level 1,123,118,5,1,1,2,1
S01012735,Level 2,47,46,1,0,0,0,1
S01012735,Level 3,26,26,0,0,0,0,0
S01012735,Level 4 and above,45,42,3,0,1,0,2
S01012736,All people aged 16 and over,739,711,28,4,6,4,14
S01012736,No qualifications,196,192,4,0,0,0,4
S01012736,Level 1,216,210,6,4,0,1,1
S01012736,Level 2,95,92,3,0,0,0,3
S01012736,Level 3,94,90,4,0,2,0,2
S01012736,Level 4 and above,138,127,11,0,4,3,4
S01012737,All people aged 16 and over,634,601,33,4,4,4,21
S01012737,No qualifications,145,135,10,3,1,0,6
S01012737,Level 1,167,159,8,1,1,2,4
S01012737,Level 2,102,98,4,0,0,0,4
S01012737,Level 3,71,66,5,0,1,1,3
S01012737,Level 4 and above,149,143,6,0,1,1,4
S01012738,All people aged 16 and over,506,485,21,0,0,2,19
S01012738,No qualifications,196,185,11,0,0,0,11
S01012738,Level 1,134,130,4,0,0,0,4
S01012738,Level 2,64,63,1,0,0,1,0
S01012738,Level 3,40,38,2,0,0,0,2
S01012738,Level 4 and above,72,69,3,0,0,1,2
S01012739,All people aged 16 and over,614,557,57,2,1,13,41
S01012739,No qualifications,49,33,16,1,0,1,14
S01012739,Level 1,127,121,6,0,1,0,5
S01012739,Level 2,113,110,3,0,0,1,2
S01012739,Level 3,90,84,6,1,0,1,4
S01012739,Level 4 and above,235,209,26,0,0,10,16
S01012740,All people aged 16 and over,624,589,35,1,3,8,23
S01012740,No qualifications,88,79,9,1,0,0,8
S01012740,Level 1,150,145,5,0,0,0,5
S01012740,Level 2,109,102,7,0,1,4,2
S01012740,Level 3,63,59,4,0,0,0,4
S01012740,Level 4 and above,214,204,10,0,2,4,4
S01012741,All people aged 16 and over,489,478,11,0,0,1,10
S01012741,No qualifications,88,88,0,0,0,0,0
S01012741,Level 1,102,100,2,0,0,0,2
S01012741,Level 2,87,86,1,0,0,0,1
S01012741,Level 3,85,80,5,0,0,0,5
S01012741,Level 4 and above,127,124,3,0,0,1,2
S01012742,All people aged 16 and over,593,564,29,1,5,1,22
S01012742,No qualifications,109,101,8,1,1,0,6
S01012742,Level 1,100,97,3,0,0,0,3
S01012742,Level 2,95,92,3,0,0,0,3
S01012742,Level 3,80,77,3,0,0,0,3
S01012742,Level 4 and above,209,197,12,0,4,1,7
S01012743,All people aged 16 and over,506,497,9,0,0,0,9
S01012743,No qualifications,75,70,5,0,0,0,5
S01012743,Level 1,106,105,1,0,0,0,1
S01012743,Level 2,100,100,0,0,0,0,0
S01012743,Level 3,69,67,2,0,0,0,2
S01012743,Level 4 and above,156,155,1,0,0,0,1
S01012744,All people aged 16 and over,575,556,19,0,1,0,18
S01012744,No qualifications,95,92,3,0,1,0,2
S01012744,Level 1,104,102,2,0,0,0,2
S01012744,Level 2,129,125,4,0,0,0,4
S01012744,Level 3,93,91,2,0,0,0,2
S01012744,Level 4 and above,154,146,8,0,0,0,8
S01012745,All people aged 16 and over,602,572,30,4,1,4,21
S01012745,No qualifications,141,130,11,0,0,0,11
S01012745,Level 1,129,127,2,0,0,0,2
S01012745,Level 2,73,71,2,0,0,2,0
S01012745,Level 3,68,68,0,0,0,0,0
S01012745,Level 4 and above,191,176,15,4,1,2,8
S01012746,All people aged 16 and over,630,604,26,2,7,4,13
S01012746,No qualifications,126,120,6,0,0,1,5
S01012746,Level 1,172,168,4,1,1,0,2
S01012746,Level 2,102,101,1,1,0,0,0
S01012746,Level 3,84,79,5,0,2,1,2
S01012746,Level 4 and above,146,136,10,0,4,2,4
S01012747,All people aged 16 and over,684,660,24,4,6,9,5
S01012747,No qualifications,185,181,4,2,0,0,2
S01012747,Level 1,181,176,5,0,1,4,0
S01012747,Level 2,106,104,2,1,0,0,1
S01012747,Level 3,83,79,4,0,3,1,0
S01012747,Level 4 and above,129,120,9,1,2,4,2
S01012748,All people aged 16 and over,648,627,21,0,7,4,10
S01012748,No qualifications,309,302,7,0,0,1,6
S01012748,Level 1,177,173,4,0,2,1,1
S01012748,Level 2,63,59,4,0,1,1,2
S01012748,Level 3,45,43,2,0,2,0,0
S01012748,Level 4 and above,54,50,4,0,2,1,1
S01012749,All people aged 16 and over,685,627,58,10,24,15,9
S01012749,No qualifications,266,247,19,5,7,4,3
S01012749,Level 1,215,202,13,2,8,1,2
S01012749,Level 2,63,60,3,0,0,2,1
S01012749,Level 3,68,56,12,1,7,3,1
S01012749,Level 4 and above,73,62,11,2,2,5,2
S01012750,All people aged 16 and over,615,561,54,7,23,13,11
S01012750,No qualifications,237,223,14,2,9,1,2
S01012750,Level 1,205,192,13,0,10,1,2
S01012750,Level 2,64,59,5,0,2,0,3
S01012750,Level 3,52,46,6,0,1,3,2
S01012750,Level 4 and above,57,41,16,5,1,8,2
S01012751,All people aged 16 and over,706,683,23,0,8,8,7
S01012751,No qualifications,327,322,5,0,0,0,5
S01012751,Level 1,190,182,8,0,5,2,1
S01012751,Level 2,67,65,2,0,0,1,1
S01012751,Level 3,51,50,1,0,0,1,0
S01012751,Level 4 and above,71,64,7,0,3,4,0
S01012752,All people aged 16 and over,670,651,19,1,4,1,13
S01012752,No qualifications,233,229,4,0,1,0,3
S01012752,Level 1,171,168,3,0,0,0,3
S01012752,Level 2,84,81,3,0,0,0,3
S01012752,Level 3,57,52,5,0,2,1,2
S01012752,Level 4 and above,125,121,4,1,1,0,2
S01012753,All people aged 16 and over,386,377,9,0,2,1,6
S01012753,No qualifications,167,162,5,0,2,0,3
S01012753,Level 1,106,106,0,0,0,0,0
S01012753,Level 2,51,49,2,0,0,0,2
S01012753,Level 3,28,28,0,0,0,0,0
S01012753,Level 4 and above,34,32,2,0,0,1,1
S01012754,All people aged 16 and over,476,470,6,1,1,1,3
S01012754,No qualifications,179,178,1,0,0,0,1
S01012754,Level 1,115,115,0,0,0,0,0
S01012754,Level 2,60,60,0,0,0,0,0
S01012754,Level 3,52,49,3,0,1,0,2
S01012754,Level 4 and above,70,68,2,1,0,1,0
S01012755,All people aged 16 and over,442,430,12,0,4,2,6
S01012755,No qualifications,208,205,3,0,0,0,3
S01012755,Level 1,115,112,3,0,2,0,1
S01012755,Level 2,36,34,2,0,2,0,0
S01012755,Level 3,28,28,0,0,0,0,0
S01012755,Level 4 and above,55,51,4,0,0,2,2
S01012756,All people aged 16 and over,460,448,12,0,0,3,9
S01012756,No qualifications,211,208,3,0,0,1,2
S01012756,Level 1,101,97,4,0,0,0,4
S01012756,Level 2,53,50,3,0,0,1,2
S01012756,Level 3,38,37,1,0,0,1,0
S01012756,Level 4 and above,57,56,1,0,0,0,1
S01012757,All people aged 16 and over,400,391,9,0,1,4,4
S01012757,No qualifications,196,195,1,0,0,0,1
S01012757,Level 1,99,98,1,0,0,0,1
S01012757,Level 2,36,35,1,0,0,1,0
S01012757,Level 3,36,33,3,0,1,0,2
S01012757,Level 4 and above,33,30,3,0,0,3,0
S01012758,All people aged 16 and over,499,477,22,1,4,8,9
S01012758,No qualifications,178,172,6,1,1,0,4
S01012758,Level 1,123,118,5,0,0,3,2
S01012758,Level 2,75,72,3,0,0,2,1
S01012758,Level 3,54,52,2,0,0,2,0
S01012758,Level 4 and above,69,63,6,0,3,1,2
S01012759,All people aged 16 and over,585,578,7,0,0,1,6
S01012759,No qualifications,247,243,4,0,0,0,4
S01012759,Level 1,169,168,1,0,0,0,1
S01012759,Level 2,58,58,0,0,0,0,0
S01012759,Level 3,56,54,2,0,0,1,1
S01012759,Level 4 and above,55,55,0,0,0,0,0
S01012760,All people aged 16 and over,784,757,27,2,5,7,13
S01012760,No qualifications,301,293,8,0,0,0,8
S01012760,Level 1,209,205,4,0,1,2,1
S01012760,Level 2,97,95,2,0,0,1,1
S01012760,Level 3,77,73,4,1,2,0,1
S01012760,Level 4 and above,100,91,9,1,2,4,2
S01012761,All people aged 16 and over,654,632,22,2,2,3,15
S01012761,No qualifications,250,240,10,1,1,1,7
S01012761,Level 1,173,169,4,1,1,1,1
S01012761,Level 2,84,82,2,0,0,0,2
S01012761,Level 3,64,59,5,0,0,1,4
S01012761,Level 4 and above,83,82,1,0,0,0,1
S01012762,All people aged 16 and over,609,589,20,0,0,3,17
S01012762,No qualifications,218,214,4,0,0,0,4
S01012762,Level 1,162,160,2,0,0,0,2
S01012762,Level 2,83,79,4,0,0,0,4
S01012762,Level 3,67,61,6,0,0,1,5
S01012762,Level 4 and above,79,75,4,0,0,2,2
S01012763,All people aged 16 and over,349,343,6,0,2,2,2
S01012763,No qualifications,156,155,1,0,0,0,1
S01012763,Level 1,79,78,1,0,0,0,1
S01012763,Level 2,54,54,0,0,0,0,0
S01012763,Level 3,30,28,2,0,2,0,0
S01012763,Level 4 and above,30,28,2,0,0,2,0
S01012764,All people aged 16 and over,623,611,12,1,2,3,6
S01012764,No qualifications,227,221,6,1,1,2,2
S01012764,Level 1,173,172,1,0,0,0,1
S01012764,Level 2,91,91,0,0,0,0,0
S01012764,Level 3,63,61,2,0,1,0,1
S01012764,Level 4 and above,69,66,3,0,0,1,2
S01012765,All people aged 16 and over,586,565,21,1,1,4,15
S01012765,No qualifications,199,194,5,0,0,0,5
S01012765,Level 1,141,135,6,0,1,0,5
S01012765,Level 2,89,86,3,0,0,0,3
S01012765,Level 3,67,65,2,0,0,1,1
S01012765,Level 4 and above,90,85,5,1,0,3,1
S01012766,All people aged 16 and over,693,678,15,0,0,8,7
S01012766,No qualifications,223,222,1,0,0,0,1
S01012766,Level 1,206,203,3,0,0,0,3
S01012766,Level 2,106,105,1,0,0,1,0
S01012766,Level 3,71,71,0,0,0,0,0
S01012766,Level 4 and above,87,77,10,0,0,7,3
S01012767,All people aged 16 and over,483,482,1,0,0,0,1
S01012767,No qualifications,113,113,0,0,0,0,0
S01012767,Level 1,137,137,0,0,0,0,0
S01012767,Level 2,77,76,1,0,0,0,1
S01012767,Level 3,71,71,0,0,0,0,0
S01012767,Level 4 and above,85,85,0,0,0,0,0
S01012768,All people aged 16 and over,616,605,11,2,0,0,9
S01012768,No qualifications,163,158,5,0,0,0,5
S01012768,Level 1,144,143,1,0,0,0,1
S01012768,Level 2,116,116,0,0,0,0,0
S01012768,Level 3,68,66,2,0,0,0,2
S01012768,Level 4 and above,125,122,3,2,0,0,1
S01012769,All people aged 16 and over,358,351,7,0,2,0,5
S01012769,No qualifications,67,67,0,0,0,0,0
S01012769,Level 1,91,88,3,0,1,0,2
S01012769,Level 2,71,71,0,0,0,0,0
S01012769,Level 3,41,40,1,0,0,0,1
S01012769,Level 4 and above,88,85,3,0,1,0,2
S01012770,All people aged 16 and over,698,677,21,3,7,0,11
S01012770,No qualifications,235,232,3,1,0,0,2
S01012770,Level 1,179,174,5,1,2,0,2
S01012770,Level 2,97,92,5,1,1,0,3
S01012770,Level 3,76,74,2,0,1,0,1
S01012770,Level 4 and above,111,105,6,0,3,0,3
S01012771,All people aged 16 and over,602,588,14,3,0,2,9
S01012771,No qualifications,212,208,4,2,0,0,2
S01012771,Level 1,139,135,4,1,0,1,2
S01012771,Level 2,88,87,1,0,0,0,1
S01012771,Level 3,56,54,2,0,0,0,2
S01012771,Level 4 and above,107,104,3,0,0,1,2
S01012772,All people aged 16 and over,544,537,7,1,0,0,6
S01012772,No qualifications,254,251,3,0,0,0,3
S01012772,Level 1,138,136,2,0,0,0,2
S01012772,Level 2,65,64,1,0,0,0,1
S01012772,Level 3,50,50,0,0,0,0,0
S01012772,Level 4 and above,37,36,1,1,0,0,0
S01012773,All people aged 16 and over,731,712,19,0,1,8,10
S01012773,No qualifications,280,276,4,0,0,0,4
S01012773,Level 1,181,178,3,0,0,3,0
S01012773,Level 2,93,93,0,0,0,0,0
S01012773,Level 3,71,69,2,0,0,0,2
S01012773,Level 4 and above,106,96,10,0,1,5,4
S01012774,All people aged 16 and over,745,724,21,0,3,9,9
S01012774,No qualifications,275,272,3,0,0,1,2
S01012774,Level 1,180,180,0,0,0,0,0
S01012774,Level 2,80,78,2,0,0,1,1
S01012774,Level 3,74,70,4,0,0,1,3
S01012774,Level 4 and above,136,124,12,0,3,6,3
S01012775,All people aged 16 and over,369,362,7,0,1,4,2
S01012775,No qualifications,126,120,6,0,0,4,2
S01012775,Level 1,94,94,0,0,0,0,0
S01012775,Level 2,50,50,0,0,0,0,0
S01012775,Level 3,34,34,0,0,0,0,0
S01012775,Level 4 and above,65,64,1,0,1,0,0
S01012776,All people aged 16 and over,637,625,12,2,1,0,9
S01012776,No qualifications,277,275,2,0,0,0,2
S01012776,Level 1,171,167,4,1,0,0,3
S01012776,Level 2,80,79,1,0,1,0,0
S01012776,Level 3,57,54,3,1,0,0,2
S01012776,Level 4 and above,52,50,2,0,0,0,2
S01012777,All people aged 16 and over,710,687,23,3,10,3,7
S01012777,No qualifications,139,136,3,1,2,0,0
S01012777,Level 1,210,206,4,0,1,2,1
S01012777,Level 2,127,126,1,0,0,0,1
S01012777,Level 3,108,105,3,1,1,0,1
S01012777,Level 4 and above,126,114,12,1,6,1,4
S01012778,All people aged 16 and over,543,526,17,3,5,3,6
S01012778,No qualifications,144,144,0,0,0,0,0
S01012778,Level 1,168,163,5,1,2,1,1
S01012778,Level 2,68,63,5,1,0,1,3
S01012778,Level 3,67,63,4,1,1,0,2
S01012778,Level 4 and above,96,93,3,0,2,1,0
S01012779,All people aged 16 and over,340,324,16,3,2,10,1
S01012779,No qualifications,123,119,4,3,0,0,1
S01012779,Level 1,113,110,3,0,1,2,0
S01012779,Level 2,43,43,0,0,0,0,0
S01012779,Level 3,29,28,1,0,0,1,0
S01012779,Level 4 and above,32,24,8,0,1,7,0
S01012780,All people aged 16 and over,567,540,27,1,4,13,9
S01012780,No qualifications,228,222,6,0,0,0,6
S01012780,Level 1,177,170,7,1,1,3,2
S01012780,Level 2,55,52,3,0,0,2,1
S01012780,Level 3,50,46,4,0,1,3,0
S01012780,Level 4 and above,57,50,7,0,2,5,0
S01012781,All people aged 16 and over,554,533,21,1,3,4,13
S01012781,No qualifications,146,140,6,0,0,1,5
S01012781,Level 1,132,127,5,0,0,1,4
S01012781,Level 2,75,72,3,0,1,0,2
S01012781,Level 3,70,70,0,0,0,0,0
S01012781,Level 4 and above,131,124,7,1,2,2,2
S01012782,All people aged 16 and over,509,488,21,0,4,2,15
S01012782,No qualifications,249,240,9,0,1,0,8
S01012782,Level 1,134,132,2,0,0,1,1
S01012782,Level 2,46,46,0,0,0,0,0
S01012782,Level 3,44,40,4,0,2,0,2
S01012782,Level 4 and above,36,30,6,0,1,1,4
S01012783,All people aged 16 and over,558,539,19,2,5,5,7
S01012783,No qualifications,230,225,5,0,2,1,2
S01012783,Level 1,170,166,4,1,0,0,3
S01012783,Level 2,53,50,3,0,0,2,1
S01012783,Level 3,45,44,1,0,0,0,1
S01012783,Level 4 and above,60,54,6,1,3,2,0
S01012784,All people aged 16 and over,629,604,25,2,4,7,12
S01012784,No qualifications,234,231,3,1,0,1,1
S01012784,Level 1,161,158,3,0,0,1,2
S01012784,Level 2,82,73,9,0,1,4,4
S01012784,Level 3,67,65,2,0,0,0,2
S01012784,Level 4 and above,85,77,8,1,3,1,3
S01012785,All people aged 16 and over,617,581,36,6,13,11,6
S01012785,No qualifications,301,294,7,1,3,0,3
S01012785,Level 1,159,155,4,0,3,1,0
S01012785,Level 2,66,61,5,0,2,2,1
S01012785,Level 3,41,34,7,2,2,3,0
S01012785,Level 4 and above,50,37,13,3,3,5,2
S01012786,All people aged 16 and over,589,525,64,14,28,15,7
S01012786,No qualifications,250,235,15,4,5,3,3
S01012786,Level 1,150,134,16,4,10,1,1
S01012786,Level 2,70,65,5,0,2,0,3
S01012786,Level 3,55,47,8,1,2,5,0
S01012786,Level 4 and above,64,44,20,5,9,6,0
S01012787,All people aged 16 and over,447,428,19,5,5,2,7
S01012787,No qualifications,105,103,2,0,2,0,0
S01012787,Level 1,118,114,4,1,1,0,2
S01012787,Level 2,61,59,2,0,0,1,1
S01012787,Level 3,47,46,1,0,0,0,1
S01012787,Level 4 and above,116,106,10,4,2,1,3
S01012788,All people aged 16 and over,495,474,21,1,6,2,12
S01012788,No qualifications,224,218,6,0,2,0,4
S01012788,Level 1,138,135,3,0,3,0,0
S01012788,Level 2,51,49,2,0,1,0,1
S01012788,Level 3,28,27,1,0,0,0,1
S01012788,Level 4 and above,54,45,9,1,0,2,6
S01012789,All people aged 16 and over,619,577,42,6,4,4,28
S01012789,No qualifications,175,165,10,1,0,0,9
S01012789,Level 1,142,129,13,3,4,1,5
S01012789,Level 2,88,86,2,0,0,0,2
S01012789,Level 3,65,61,4,2,0,1,1
S01012789,Level 4 and above,149,136,13,0,0,2,11
S01012790,All people aged 16 and over,507,486,21,2,4,3,12
S01012790,No qualifications,93,92,1,0,0,0,1
S01012790,Level 1,85,84,1,0,0,0,1
S01012790,Level 2,70,68,2,0,0,1,1
S01012790,Level 3,50,47,3,0,1,1,1
S01012790,Level 4 and above,209,195,14,2,3,1,8
S01012791,All people aged 16 and over,607,589,18,0,8,0,10
S01012791,No qualifications,128,126,2,0,0,0,2
S01012791,Level 1,107,102,5,0,3,0,2
S01012791,Level 2,94,93,1,0,1,0,0
S01012791,Level 3,76,75,1,0,0,0,1
S01012791,Level 4 and above,202,193,9,0,4,0,5
S01012792,All people aged 16 and over,872,830,42,15,9,4,14
S01012792,No qualifications,343,339,4,0,0,2,2
S01012792,Level 1,177,161,16,10,3,1,2
S01012792,Level 2,107,106,1,0,0,0,1
S01012792,Level 3,77,72,5,3,1,0,1
S01012792,Level 4 and above,168,152,16,2,5,1,8
S01012793,All people aged 16 and over,690,602,88,21,34,18,15
S01012793,No qualifications,271,247,24,0,12,6,6
S01012793,Level 1,149,127,22,5,10,5,2
S01012793,Level 2,110,101,9,1,1,3,4
S01012793,Level 3,62,51,11,6,2,2,1
S01012793,Level 4 and above,98,76,22,9,9,2,2
S01012794,All people aged 16 and over,551,492,59,9,10,22,18
S01012794,No qualifications,125,121,4,0,1,0,3
S01012794,Level 1,114,98,16,5,4,3,4
S01012794,Level 2,71,65,6,1,0,4,1
S01012794,Level 3,60,55,5,0,1,4,0
S01012794,Level 4 and above,181,153,28,3,4,11,10
S01012795,All people aged 16 and over,868,835,33,1,12,10,10
S01012795,No qualifications,408,404,4,0,1,0,3
S01012795,Level 1,214,209,5,0,2,1,2
S01012795,Level 2,83,79,4,0,4,0,0
S01012795,Level 3,72,69,3,0,1,1,1
S01012795,Level 4 and above,91,74,17,1,4,8,4
S01012796,All people aged 16 and over,611,556,55,8,13,23,11
S01012796,No qualifications,184,182,2,0,0,2,0
S01012796,Level 1,178,166,12,1,4,5,2
S01012796,Level 2,76,63,13,1,2,5,5
S01012796,Level 3,63,59,4,0,1,1,2
S01012796,Level 4 and above,110,86,24,6,6,10,2
S01012797,All people aged 16 and over,548,510,38,4,7,12,15
S01012797,No qualifications,215,209,6,1,0,3,2
S01012797,Level 1,132,127,5,0,0,2,3
S01012797,Level 2,61,57,4,0,1,2,1
S01012797,Level 3,53,49,4,0,1,0,3
S01012797,Level 4 and above,87,68,19,3,5,5,6
S01012798,All people aged 16 and over,593,568,25,3,4,4,14
S01012798,No qualifications,112,108,4,0,0,0,4
S01012798,Level 1,92,88,4,1,1,0,2
S01012798,Level 2,79,76,3,0,1,2,0
S01012798,Level 3,55,54,1,0,0,0,1
S01012798,Level 4 and above,255,242,13,2,2,2,7
S01012799,All people aged 16 and over,666,617,49,8,7,3,31
S01012799,No qualifications,136,126,10,1,3,1,5
S01012799,Level 1,83,77,6,0,2,1,3
S01012799,Level 2,87,86,1,1,0,0,0
S01012799,Level 3,59,58,1,0,1,0,0
S01012799,Level 4 and above,301,270,31,6,1,1,23
S01012800,All people aged 16 and over,734,695,39,3,2,6,28
S01012800,No qualifications,115,109,6,0,1,0,5
S01012800,Level 1,119,113,6,2,0,2,2
S01012800,Level 2,118,116,2,0,0,1,1
S01012800,Level 3,87,83,4,0,0,0,4
S01012800,Level 4 and above,295,274,21,1,1,3,16
S01012801,All people aged 16 and over,390,370,20,0,0,7,13
S01012801,No qualifications,94,91,3,0,0,0,3
S01012801,Level 1,60,58,2,0,0,1,1
S01012801,Level 2,53,51,2,0,0,0,2
S01012801,Level 3,32,32,0,0,0,0,0
S01012801,Level 4 and above,151,138,13,0,0,6,7
S01012802,All people aged 16 and over,486,452,34,0,4,11,19
S01012802,No qualifications,55,47,8,0,0,0,8
S01012802,Level 1,71,66,5,0,1,3,1
S01012802,Level 2,91,89,2,0,0,0,2
S01012802,Level 3,55,51,4,0,0,3,1
S01012802,Level 4 and above,214,199,15,0,3,5,7
S01012803,All people aged 16 and over,573,555,18,3,0,0,15
S01012803,No qualifications,79,77,2,0,0,0,2
S01012803,Level 1,120,118,2,0,0,0,2
S01012803,Level 2,111,110,1,0,0,0,1
S01012803,Level 3,59,58,1,0,0,0,1
S01012803,Level 4 and above,204,192,12,3,0,0,9
S01012804,All people aged 16 and over,624,607,17,2,2,6,7
S01012804,No qualifications,185,184,1,0,0,0,1
S01012804,Level 1,146,144,2,0,0,2,0
S01012804,Level 2,89,87,2,0,0,0,2
S01012804,Level 3,46,45,1,0,0,0,1
S01012804,Level 4 and above,158,147,11,2,2,4,3
S01012805,All people aged 16 and over,742,723,19,3,2,3,11
S01012805,No qualifications,253,250,3,0,0,0,3
S01012805,Level 1,191,190,1,0,0,1,0
S01012805,Level 2,93,91,2,0,0,0,2
S01012805,Level 3,68,67,1,0,0,0,1
S01012805,Level 4 and above,137,125,12,3,2,2,5
S01012806,All people aged 16 and over,583,553,30,2,7,2,19
S01012806,No qualifications,148,143,5,1,0,0,4
S01012806,Level 1,135,128,7,1,4,0,2
S01012806,Level 2,81,78,3,0,0,0,3
S01012806,Level 3,67,64,3,0,1,1,1
S01012806,Level 4 and above,152,140,12,0,2,1,9
S01012807,All people aged 16 and over,474,442,32,1,1,5,25
S01012807,No qualifications,59,53,6,0,0,1,5
S01012807,Level 1,79,76,3,0,0,1,2
S01012807,Level 2,87,85,2,0,0,1,1
S01012807,Level 3,51,49,2,0,1,0,1
S01012807,Level 4 and above,198,179,19,1,0,2,16
S01012808,All people aged 16 and over,873,859,14,0,0,1,13
S01012808,No qualifications,223,221,2,0,0,0,2
S01012808,Level 1,168,166,2,0,0,0,2
S01012808,Level 2,129,129,0,0,0,0,0
S01012808,Level 3,75,74,1,0,0,0,1
S01012808,Level 4 and above,278,269,9,0,0,1,8
S01012809,All people aged 16 and over,531,509,22,3,1,12,6
S01012809,No qualifications,91,89,2,0,0,0,2
S01012809,Level 1,115,113,2,1,0,0,1
S01012809,Level 2,63,62,1,0,0,1,0
S01012809,Level 3,55,43,12,2,1,9,0
S01012809,Level 4 and above,207,202,5,0,0,2,3
S01012810,All people aged 16 and over,786,769,17,1,2,1,13
S01012810,No qualifications,269,265,4,1,0,0,3
S01012810,Level 1,195,192,3,0,1,0,2
S01012810,Level 2,111,110,1,0,0,0,1
S01012810,Level 3,65,64,1,0,0,0,1
S01012810,Level 4 and above,146,138,8,0,1,1,6
S01012811,All people aged 16 and over,663,640,23,4,1,2,16
S01012811,No qualifications,207,205,2,0,0,0,2
S01012811,Level 1,139,137,2,0,0,0,2
S01012811,Level 2,92,90,2,0,0,1,1
S01012811,Level 3,46,45,1,0,0,0,1
S01012811,Level 4 and above,179,163,16,4,1,1,10
S01012812,All people aged 16 and over,557,539,18,2,4,3,9
S01012812,No qualifications,119,114,5,0,0,1,4
S01012812,Level 1,130,129,1,0,1,0,0
S01012812,Level 2,79,79,0,0,0,0,0
S01012812,Level 3,66,65,1,0,0,0,1
S01012812,Level 4 and above,163,152,11,2,3,2,4
S01012813,All people aged 16 and over,768,747,21,1,2,3,15
S01012813,No qualifications,126,123,3,1,0,0,2
S01012813,Level 1,119,117,2,0,0,0,2
S01012813,Level 2,105,105,0,0,0,0,0
S01012813,Level 3,89,86,3,0,0,1,2
S01012813,Level 4 and above,329,316,13,0,2,2,9
S01012814,All people aged 16 and over,640,618,22,1,3,6,12
S01012814,No qualifications,106,104,2,0,0,0,2
S01012814,Level 1,181,173,8,1,2,1,4
S01012814,Level 2,113,112,1,0,0,0,1
S01012814,Level 3,74,73,1,0,0,0,1
S01012814,Level 4 and above,166,156,10,0,1,5,4
S01012815,All people aged 16 and over,625,580,45,5,9,16,15
S01012815,No qualifications,90,88,2,0,0,0,2
S01012815,Level 1,155,147,8,0,1,3,4
S01012815,Level 2,93,91,2,0,0,1,1
S01012815,Level 3,90,86,4,0,3,1,0
S01012815,Level 4 and above,197,168,29,5,5,11,8
S01012816,All people aged 16 and over,434,405,29,1,3,17,8
S01012816,No qualifications,90,86,4,0,0,0,4
S01012816,Level 1,107,102,5,0,0,3,2
S01012816,Level 2,77,75,2,0,0,2,0
S01012816,Level 3,58,57,1,0,0,1,0
S01012816,Level 4 and above,102,85,17,1,3,11,2
S01012817,All people aged 16 and over,383,360,23,1,0,5,17
S01012817,No qualifications,25,23,2,0,0,0,2
S01012817,Level 1,121,115,6,0,0,2,4
S01012817,Level 2,61,60,1,0,0,0,1
S01012817,Level 3,48,43,5,0,0,0,5
S01012817,Level 4 and above,128,119,9,1,0,3,5
S01012818,All people aged 16 and over,627,586,41,2,4,10,25
S01012818,No qualifications,111,99,12,0,0,3,9
S01012818,Level 1,170,168,2,0,0,0,2
S01012818,Level 2,117,114,3,0,0,1,2
S01012818,Level 3,78,76,2,0,1,1,0
S01012818,Level 4 and above,151,129,22,2,3,5,12
S01012819,All people aged 16 and over,606,595,11,0,1,7,3
S01012819,No qualifications,277,274,3,0,0,1,2
S01012819,Level 1,150,147,3,0,0,3,0
S01012819,Level 2,68,68,0,0,0,0,0
S01012819,Level 3,59,58,1,0,1,0,0
S01012819,Level 4 and above,52,48,4,0,0,3,1
S01012820,All people aged 16 and over,778,723,55,5,5,17,28
S01012820,No qualifications,124,109,15,0,0,4,11
S01012820,Level 1,227,218,9,0,1,3,5
S01012820,Level 2,145,138,7,2,0,3,2
S01012820,Level 3,95,92,3,0,0,1,2
S01012820,Level 4 and above,187,166,21,3,4,6,8
S01012821,All people aged 16 and over,553,471,82,4,11,20,47
S01012821,No qualifications,93,75,18,2,1,0,15
S01012821,Level 1,163,143,20,0,2,8,10
S01012821,Level 2,76,68,8,0,0,1,7
S01012821,Level 3,66,62,4,0,1,1,2
S01012821,Level 4 and above,155,123,32,2,7,10,13
S01012822,All people aged 16 and over,365,347,18,1,1,9,7
S01012822,No qualifications,151,149,2,0,0,1,1
S01012822,Level 1,107,101,6,1,1,0,4
S01012822,Level 2,41,41,0,0,0,0,0
S01012822,Level 3,32,28,4,0,0,2,2
S01012822,Level 4 and above,34,28,6,0,0,6,0
S01012823,All people aged 16 and over,635,595,40,1,3,10,26
S01012823,No qualifications,131,123,8,1,0,0,7
S01012823,Level 1,195,191,4,0,0,1,3
S01012823,Level 2,105,101,4,0,0,0,4
S01012823,Level 3,67,64,3,0,0,1,2
S01012823,Level 4 and above,137,116,21,0,3,8,10
S01012824,All people aged 16 and over,521,497,24,2,1,7,14
S01012824,No qualifications,139,136,3,0,0,0,3
S01012824,Level 1,127,124,3,1,0,0,2
S01012824,Level 2,76,76,0,0,0,0,0
S01012824,Level 3,79,74,5,0,0,0,5
S01012824,Level 4 and above,100,87,13,1,1,7,4
S01012825,All people aged 16 and over,420,404,16,2,5,3,6
S01012825,No qualifications,183,179,4,1,0,0,3
S01012825,Level 1,91,89,2,0,1,0,1
S01012825,Level 2,44,44,0,0,0,0,0
S01012825,Level 3,47,47,0,0,0,0,0
S01012825,Level 4 and above,55,45,10,1,4,3,2
S01012826,All people aged 16 and over,439,420,19,0,4,11,4
S01012826,No qualifications,162,160,2,0,1,0,1
S01012826,Level 1,150,146,4,0,0,1,3
S01012826,Level 2,52,52,0,0,0,0,0
S01012826,Level 3,29,28,1,0,1,0,0
S01012826,Level 4 and above,46,34,12,0,2,10,0
S01012827,All people aged 16 and over,478,432,46,4,7,14,21
S01012827,No qualifications,71,62,9,0,1,0,8
S01012827,Level 1,120,110,10,2,1,2,5
S01012827,Level 2,86,85,1,0,0,0,1
S01012827,Level 3,67,64,3,0,0,0,3
S01012827,Level 4 and above,134,111,23,2,5,12,4
S01012828,All people aged 16 and over,462,432,30,2,7,10,11
S01012828,No qualifications,64,58,6,0,0,1,5
S01012828,Level 1,108,105,3,0,1,1,1
S01012828,Level 2,84,84,0,0,0,0,0
S01012828,Level 3,80,74,6,0,3,2,1
S01012828,Level 4 and above,126,111,15,2,3,6,4
S01012829,All people aged 16 and over,653,628,25,1,5,10,9
S01012829,No qualifications,303,301,2,0,1,0,1
S01012829,Level 1,188,185,3,1,1,1,0
S01012829,Level 2,62,59,3,0,1,1,1
S01012829,Level 3,47,42,5,0,0,4,1
S01012829,Level 4 and above,53,41,12,0,2,4,6
S01012830,All people aged 16 and over,565,547,18,1,2,5,10
S01012830,No qualifications,236,233,3,0,0,0,3
S01012830,Level 1,115,110,5,0,0,0,5
S01012830,Level 2,87,86,1,0,0,0,1
S01012830,Level 3,50,46,4,0,0,4,0
S01012830,Level 4 and above,77,72,5,1,2,1,1
S01012831,All people aged 16 and over,560,539,21,2,4,4,11
S01012831,No qualifications,266,262,4,0,0,0,4
S01012831,Level 1,110,104,6,0,3,1,2
S01012831,Level 2,69,67,2,0,1,1,0
S01012831,Level 3,50,47,3,0,0,1,2
S01012831,Level 4 and above,65,59,6,2,0,1,3
S01012832,All people aged 16 and over,436,426,10,1,2,0,7
S01012832,No qualifications,149,144,5,1,2,0,2
S01012832,Level 1,105,103,2,0,0,0,2
S01012832,Level 2,61,60,1,0,0,0,1
S01012832,Level 3,45,45,0,0,0,0,0
S01012832,Level 4 and above,76,74,2,0,0,0,2
S01012833,All people aged 16 and over,572,553,19,2,3,4,10
S01012833,No qualifications,265,259,6,1,2,0,3
S01012833,Level 1,168,166,2,0,0,0,2
S01012833,Level 2,40,37,3,1,0,1,1
S01012833,Level 3,43,41,2,0,0,2,0
S01012833,Level 4 and above,56,50,6,0,1,1,4
S01012834,All people aged 16 and over,561,548,13,0,0,1,12
S01012834,No qualifications,241,240,1,0,0,0,1
S01012834,Level 1,130,124,6,0,0,1,5
S01012834,Level 2,59,58,1,0,0,0,1
S01012834,Level 3,48,48,0,0,0,0,0
S01012834,Level 4 and above,83,78,5,0,0,0,5
S01012835,All people aged 16 and over,771,740,31,0,7,7,17
S01012835,No qualifications,253,246,7,0,0,0,7
S01012835,Level 1,191,189,2,0,2,0,0
S01012835,Level 2,88,88,0,0,0,0,0
S01012835,Level 3,68,61,7,0,3,3,1
S01012835,Level 4 and above,171,156,15,0,2,4,9
S01012836,All people aged 16 and over,527,498,29,1,2,2,24
S01012836,No qualifications,83,75,8,0,1,0,7
S01012836,Level 1,108,105,3,0,1,0,2
S01012836,Level 2,112,110,2,0,0,0,2
S01012836,Level 3,71,66,5,0,0,0,5
S01012836,Level 4 and above,153,142,11,1,0,2,8
S01012837,All people aged 16 and over,579,557,22,2,9,1,10
S01012837,No qualifications,216,214,2,0,0,0,2
S01012837,Level 1,197,192,5,1,1,1,2
S01012837,Level 2,73,71,2,0,1,0,1
S01012837,Level 3,58,48,10,1,4,0,5
S01012837,Level 4 and above,35,32,3,0,3,0,0
S01012838,All people aged 16 and over,708,658,50,10,18,8,14
S01012838,No qualifications,278,270,8,2,1,0,5
S01012838,Level 1,214,195,19,5,8,2,4
S01012838,Level 2,67,63,4,0,3,0,1
S01012838,Level 3,69,66,3,1,1,0,1
S01012838,Level 4 and above,80,64,16,2,5,6,3
S01012839,All people aged 16 and over,578,567,11,1,0,1,9
S01012839,No qualifications,133,131,2,0,0,0,2
S01012839,Level 1,158,156,2,0,0,0,2
S01012839,Level 2,103,100,3,0,0,1,2
S01012839,Level 3,60,60,0,0,0,0,0
S01012839,Level 4 and above,124,120,4,1,0,0,3
S01012840,All people aged 16 and over,584,548,36,4,3,4,25
S01012840,No qualifications,71,66,5,0,0,0,5
S01012840,Level 1,127,118,9,0,0,1,8
S01012840,Level 2,101,101,0,0,0,0,0
S01012840,Level 3,93,88,5,0,0,1,4
S01012840,Level 4 and above,192,175,17,4,3,2,8
S01012841,All people aged 16 and over,497,471,26,3,1,5,17
S01012841,No qualifications,108,107,1,0,0,0,1
S01012841,Level 1,103,99,4,0,1,0,3
S01012841,Level 2,87,83,4,0,0,0,4
S01012841,Level 3,56,52,4,1,0,1,2
S01012841,Level 4 and above,143,130,13,2,0,4,7
S01012842,All people aged 16 and over,407,394,13,0,1,0,12
S01012842,No qualifications,103,102,1,0,0,0,1
S01012842,Level 1,93,89,4,0,0,0,4
S01012842,Level 2,58,56,2,0,1,0,1
S01012842,Level 3,38,37,1,0,0,0,1
S01012842,Level 4 and above,115,110,5,0,0,0,5
S01012843,All people aged 16 and over,774,733,41,1,5,5,30
S01012843,No qualifications,121,114,7,1,0,0,6
S01012843,Level 1,118,111,7,0,0,2,5
S01012843,Level 2,119,115,4,0,0,0,4
S01012843,Level 3,72,67,5,0,1,0,4
S01012843,Level 4 and above,344,326,18,0,4,3,11
S01012844,All people aged 16 and over,561,528,33,2,5,4,22
S01012844,No qualifications,66,61,5,1,1,1,2
S01012844,Level 1,73,71,2,0,1,0,1
S01012844,Level 2,97,95,2,0,0,0,2
S01012844,Level 3,50,46,4,1,0,0,3
S01012844,Level 4 and above,275,255,20,0,3,3,14
S01012845,All people aged 16 and over,554,539,15,0,0,3,12
S01012845,No qualifications,96,95,1,0,0,0,1
S01012845,Level 1,88,85,3,0,0,3,0
S01012845,Level 2,92,91,1,0,0,0,1
S01012845,Level 3,55,54,1,0,0,0,1
S01012845,Level 4 and above,223,214,9,0,0,0,9
S01012846,All people aged 16 and over,807,788,19,1,2,3,13
S01012846,No qualifications,347,343,4,0,0,0,4
S01012846,Level 1,181,178,3,1,0,0,2
S01012846,Level 2,86,82,4,0,0,0,4
S01012846,Level 3,82,81,1,0,1,0,0
S01012846,Level 4 and above,111,104,7,0,1,3,3
S01012847,All people aged 16 and over,456,446,10,0,0,0,10
S01012847,No qualifications,148,143,5,0,0,0,5
S01012847,Level 1,113,112,1,0,0,0,1
S01012847,Level 2,81,81,0,0,0,0,0
S01012847,Level 3,47,46,1,0,0,0,1
S01012847,Level 4 and above,67,64,3,0,0,0,3
S01012848,All people aged 16 and over,582,550,32,0,7,11,14
S01012848,No qualifications,112,103,9,0,3,1,5
S01012848,Level 1,152,146,6,0,1,3,2
S01012848,Level 2,82,80,2,0,0,1,1
S01012848,Level 3,68,67,1,0,0,1,0
S01012848,Level 4 and above,168,154,14,0,3,5,6
S01012849,All people aged 16 and over,564,528,36,5,12,5,14
S01012849,No qualifications,145,141,4,0,0,0,4
S01012849,Level 1,153,147,6,2,2,0,2
S01012849,Level 2,67,65,2,0,1,0,1
S01012849,Level 3,83,78,5,0,2,2,1
S01012849,Level 4 and above,116,97,19,3,7,3,6
S01012850,All people aged 16 and over,623,610,13,2,1,0,10
S01012850,No qualifications,279,273,6,1,0,0,5
S01012850,Level 1,154,152,2,1,1,0,0
S01012850,Level 2,78,78,0,0,0,0,0
S01012850,Level 3,55,52,3,0,0,0,3
S01012850,Level 4 and above,57,55,2,0,0,0,2
S01012851,All people aged 16 and over,698,679,19,2,1,3,13
S01012851,No qualifications,244,234,10,0,0,2,8
S01012851,Level 1,153,152,1,1,0,0,0
S01012851,Level 2,78,76,2,0,0,0,2
S01012851,Level 3,63,62,1,0,1,0,0
S01012851,Level 4 and above,160,155,5,1,0,1,3
S01012852,All people aged 16 and over,592,562,30,5,2,8,15
S01012852,No qualifications,100,94,6,0,0,2,4
S01012852,Level 1,107,105,2,1,0,1,0
S01012852,Level 2,103,96,7,2,0,2,3
S01012852,Level 3,77,69,8,0,1,1,6
S01012852,Level 4 and above,205,198,7,2,1,2,2
S01012853,All people aged 16 and over,688,668,20,3,4,0,13
S01012853,No qualifications,207,201,6,0,1,0,5
S01012853,Level 1,143,141,2,0,0,0,2
S01012853,Level 2,83,79,4,1,1,0,2
S01012853,Level 3,90,89,1,0,0,0,1
S01012853,Level 4 and above,165,158,7,2,2,0,3
S01012854,All people aged 16 and over,695,672,23,2,0,6,15
S01012854,No qualifications,111,108,3,0,0,0,3
S01012854,Level 1,139,133,6,1,0,3,2
S01012854,Level 2,124,119,5,1,0,1,3
S01012854,Level 3,85,83,2,0,0,0,2
S01012854,Level 4 and above,236,229,7,0,0,2,5
S01012855,All people aged 16 and over,539,508,31,0,6,8,17
S01012855,No qualifications,79,71,8,0,1,3,4
S01012855,Level 1,113,110,3,0,2,1,0
S01012855,Level 2,106,102,4,0,0,0,4
S01012855,Level 3,51,46,5,0,3,0,2
S01012855,Level 4 and above,190,179,11,0,0,4,7
S01012856,All people aged 16 and over,608,587,21,0,0,5,16
S01012856,No qualifications,237,230,7,0,0,0,7
S01012856,Level 1,152,150,2,0,0,1,1
S01012856,Level 2,75,71,4,0,0,3,1
S01012856,Level 3,57,55,2,0,0,0,2
S01012856,Level 4 and above,87,81,6,0,0,1,5
S01012857,All people aged 16 and over,765,753,12,0,1,1,10
S01012857,No qualifications,366,362,4,0,0,0,4
S01012857,Level 1,166,164,2,0,0,0,2
S01012857,Level 2,85,85,0,0,0,0,0
S01012857,Level 3,58,57,1,0,0,0,1
S01012857,Level 4 and above,90,85,5,0,1,1,3
S01012858,All people aged 16 and over,621,600,21,0,3,5,13
S01012858,No qualifications,234,231,3,0,0,0,3
S01012858,Level 1,142,139,3,0,1,2,0
S01012858,Level 2,60,59,1,0,1,0,0
S01012858,Level 3,74,65,9,0,1,1,7
S01012858,Level 4 and above,111,106,5,0,0,2,3
S01012859,All people aged 16 and over,845,781,64,5,14,29,16
S01012859,No qualifications,270,260,10,0,3,4,3
S01012859,Level 1,217,210,7,1,2,3,1
S01012859,Level 2,107,102,5,0,0,0,5
S01012859,Level 3,102,87,15,3,3,7,2
S01012859,Level 4 and above,149,122,27,1,6,15,5
S01012860,All people aged 16 and over,948,917,31,2,2,1,26
S01012860,No qualifications,375,358,17,1,2,0,14
S01012860,Level 1,192,190,2,0,0,0,2
S01012860,Level 2,111,107,4,1,0,1,2
S01012860,Level 3,77,74,3,0,0,0,3
S01012860,Level 4 and above,193,188,5,0,0,0,5
S01012861,All people aged 16 and over,592,556,36,6,3,7,20
S01012861,No qualifications,145,142,3,0,0,0,3
S01012861,Level 1,113,105,8,1,2,3,2
S01012861,Level 2,84,83,1,0,0,0,1
S01012861,Level 3,71,61,10,3,0,1,6
S01012861,Level 4 and above,179,165,14,2,1,3,8
S01012862,All people aged 16 and over,519,459,60,11,10,12,27
S01012862,No qualifications,219,210,9,1,0,1,7
S01012862,Level 1,137,125,12,2,2,4,4
S01012862,Level 2,44,41,3,0,0,0,3
S01012862,Level 3,61,49,12,8,2,0,2
S01012862,Level 4 and above,58,34,24,0,6,7,11
S01012863,All people aged 16 and over,556,524,32,13,4,4,11
S01012863,No qualifications,202,195,7,1,1,0,5
S01012863,Level 1,153,146,7,6,0,0,1
S01012863,Level 2,66,63,3,0,1,0,2
S01012863,Level 3,53,51,2,0,1,1,0
S01012863,Level 4 and above,82,69,13,6,1,3,3
S01012864,All people aged 16 and over,660,623,37,17,5,4,11
S01012864,No qualifications,230,227,3,1,0,0,2
S01012864,Level 1,178,174,4,2,1,0,1
S01012864,Level 2,83,79,4,2,0,0,2
S01012864,Level 3,78,74,4,0,3,0,1
S01012864,Level 4 and above,91,69,22,12,1,4,5
S01012865,All people aged 16 and over,670,652,18,3,0,1,14
S01012865,No qualifications,292,290,2,0,0,0,2
S01012865,Level 1,145,140,5,1,0,0,4
S01012865,Level 2,67,66,1,0,0,0,1
S01012865,Level 3,67,64,3,2,0,0,1
S01012865,Level 4 and above,99,92,7,0,0,1,6
S01012866,All people aged 16 and over,638,592,46,14,5,6,21
S01012866,No qualifications,227,211,16,4,0,0,12
S01012866,Level 1,177,167,10,1,2,3,4
S01012866,Level 2,87,85,2,0,0,0,2
S01012866,Level 3,53,43,10,8,1,0,1
S01012866,Level 4 and above,94,86,8,1,2,3,2
S01012867,All people aged 16 and over,645,628,17,3,2,0,12
S01012867,No qualifications,352,348,4,0,0,0,4
S01012867,Level 1,152,145,7,1,0,0,6
S01012867,Level 2,59,57,2,0,2,0,0
S01012867,Level 3,39,37,2,1,0,0,1
S01012867,Level 4 and above,43,41,2,1,0,0,1
S01012868,All people aged 16 and over,501,482,19,2,5,4,8
S01012868,No qualifications,234,230,4,0,0,1,3
S01012868,Level 1,122,120,2,0,1,0,1
S01012868,Level 2,55,51,4,1,0,1,2
S01012868,Level 3,42,39,3,1,0,1,1
S01012868,Level 4 and above,48,42,6,0,4,1,1
S01012869,All people aged 16 and over,424,405,19,2,7,8,2
S01012869,No qualifications,197,194,3,0,0,2,1
S01012869,Level 1,134,128,6,1,2,2,1
S01012869,Level 2,35,32,3,0,1,2,0
S01012869,Level 3,30,29,1,1,0,0,0
S01012869,Level 4 and above,28,22,6,0,4,2,0
S01012870,All people aged 16 and over,806,783,23,0,2,5,16
S01012870,No qualifications,262,253,9,0,0,0,9
S01012870,Level 1,214,211,3,0,1,0,2
S01012870,Level 2,124,119,5,0,0,1,4
S01012870,Level 3,80,78,2,0,0,1,1
S01012870,Level 4 and above,126,122,4,0,1,3,0
S01012871,All people aged 16 and over,699,648,51,5,9,12,25
S01012871,No qualifications,185,163,22,0,4,6,12
S01012871,Level 1,171,163,8,0,2,0,6
S01012871,Level 2,92,92,0,0,0,0,0
S01012871,Level 3,82,77,5,1,0,0,4
S01012871,Level 4 and above,169,153,16,4,3,6,3
S01012872,All people aged 16 and over,577,520,57,11,19,15,12
S01012872,No qualifications,122,116,6,1,2,0,3
S01012872,Level 1,159,153,6,1,3,1,1
S01012872,Level 2,91,89,2,0,1,0,1
S01012872,Level 3,85,74,11,4,1,3,3
S01012872,Level 4 and above,120,88,32,5,12,11,4
S01012873,All people aged 16 and over,655,613,42,5,6,9,22
S01012873,No qualifications,177,167,10,1,1,1,7
S01012873,Level 1,183,179,4,0,0,1,3
S01012873,Level 2,109,108,1,0,0,0,1
S01012873,Level 3,61,56,5,0,1,0,4
S01012873,Level 4 and above,125,103,22,4,4,7,7
S01012874,All people aged 16 and over,638,614,24,4,6,7,7
S01012874,No qualifications,239,233,6,0,3,0,3
S01012874,Level 1,155,150,5,0,1,2,2
S01012874,Level 2,89,86,3,0,1,1,1
S01012874,Level 3,56,54,2,1,0,1,0
S01012874,Level 4 and above,99,91,8,3,1,3,1
S01012875,All people aged 16 and over,486,454,32,7,3,6,16
S01012875,No qualifications,169,154,15,5,2,2,6
S01012875,Level 1,121,114,7,1,1,0,5
S01012875,Level 2,71,68,3,0,0,1,2
S01012875,Level 3,53,50,3,1,0,0,2
S01012875,Level 4 and above,72,68,4,0,0,3,1
S01012876,All people aged 16 and over,665,641,24,0,3,8,13
S01012876,No qualifications,295,288,7,0,0,0,7
S01012876,Level 1,184,183,1,0,0,0,1
S01012876,Level 2,68,63,5,0,0,1,4
S01012876,Level 3,60,56,4,0,2,2,0
S01012876,Level 4 and above,58,51,7,0,1,5,1
S01012877,All people aged 16 and over,631,620,11,0,0,2,9
S01012877,No qualifications,300,298,2,0,0,0,2
S01012877,Level 1,157,155,2,0,0,0,2
S01012877,Level 2,74,72,2,0,0,0,2
S01012877,Level 3,56,52,4,0,0,2,2
S01012877,Level 4 and above,44,43,1,0,0,0,1
S01012878,All people aged 16 and over,774,753,21,0,6,2,13
S01012878,No qualifications,121,118,3,0,0,0,3
S01012878,Level 1,163,162,1,0,0,0,1
S01012878,Level 2,175,172,3,0,0,1,2
S01012878,Level 3,84,83,1,0,0,0,1
S01012878,Level 4 and above,231,218,13,0,6,1,6
S01012879,All people aged 16 and over,609,589,20,2,3,1,14
S01012879,No qualifications,111,109,2,0,1,0,1
S01012879,Level 1,114,110,4,2,0,0,2
S01012879,Level 2,122,122,0,0,0,0,0
S01012879,Level 3,74,71,3,0,0,0,3
S01012879,Level 4 and above,188,177,11,0,2,1,8
S01012880,All people aged 16 and over,759,730,29,1,3,2,23
S01012880,No qualifications,122,118,4,0,0,0,4
S01012880,Level 1,110,106,4,0,0,0,4
S01012880,Level 2,131,127,4,0,0,0,4
S01012880,Level 3,83,80,3,0,2,0,1
S01012880,Level 4 and above,313,299,14,1,1,2,10
S01012881,All people aged 16 and over,774,740,34,1,0,5,28
S01012881,No qualifications,195,186,9,1,0,1,7
S01012881,Level 1,133,128,5,0,0,1,4
S01012881,Level 2,105,101,4,0,0,2,2
S01012881,Level 3,73,70,3,0,0,0,3
S01012881,Level 4 and above,268,255,13,0,0,1,12
S01012882,All people aged 16 and over,494,484,10,0,1,3,6
S01012882,No qualifications,200,195,5,0,0,1,4
S01012882,Level 1,137,137,0,0,0,0,0
S01012882,Level 2,62,60,2,0,1,1,0
S01012882,Level 3,42,42,0,0,0,0,0
S01012882,Level 4 and above,53,50,3,0,0,1,2
S01012883,All people aged 16 and over,529,514,15,0,0,3,12
S01012883,No qualifications,251,243,8,0,0,0,8
S01012883,Level 1,153,152,1,0,0,0,1
S01012883,Level 2,46,44,2,0,0,1,1
S01012883,Level 3,29,29,0,0,0,0,0
S01012883,Level 4 and above,50,46,4,0,0,2,2
S01012884,All people aged 16 and over,451,438,13,1,2,2,8
S01012884,No qualifications,166,162,4,0,1,0,3
S01012884,Level 1,80,77,3,1,0,0,2
S01012884,Level 2,38,37,1,0,0,0,1
S01012884,Level 3,41,39,2,0,0,2,0
S01012884,Level 4 and above,126,123,3,0,1,0,2
S01012885,All people aged 16 and over,391,373,18,0,6,4,8
S01012885,No qualifications,186,182,4,0,2,0,2
S01012885,Level 1,118,114,4,0,0,2,2
S01012885,Level 2,28,27,1,0,0,0,1
S01012885,Level 3,30,25,5,0,3,1,1
S01012885,Level 4 and above,29,25,4,0,1,1,2
S01012886,All people aged 16 and over,651,616,35,3,4,7,21
S01012886,No qualifications,125,116,9,1,0,1,7
S01012886,Level 1,134,129,5,1,2,1,1
S01012886,Level 2,88,88,0,0,0,0,0
S01012886,Level 3,75,68,7,1,0,2,4
S01012886,Level 4 and above,229,215,14,0,2,3,9
S01012887,All people aged 16 and over,631,608,23,0,3,4,16
S01012887,No qualifications,127,123,4,0,1,0,3
S01012887,Level 1,109,104,5,0,1,2,2
S01012887,Level 2,105,102,3,0,1,0,2
S01012887,Level 3,59,57,2,0,0,0,2
S01012887,Level 4 and above,231,222,9,0,0,2,7
S01012888,All people aged 16 and over,694,668,26,0,2,3,21
S01012888,No qualifications,114,109,5,0,0,0,5
S01012888,Level 1,99,98,1,0,0,1,0
S01012888,Level 2,107,105,2,0,0,1,1
S01012888,Level 3,78,78,0,0,0,0,0
S01012888,Level 4 and above,296,278,18,0,2,1,15
S01012889,All people aged 16 and over,661,628,33,0,3,6,24
S01012889,No qualifications,132,126,6,0,0,0,6
S01012889,Level 1,160,155,5,0,0,2,3
S01012889,Level 2,106,104,2,0,0,0,2
S01012889,Level 3,70,66,4,0,1,1,2
S01012889,Level 4 and above,193,177,16,0,2,3,11
S01012890,All people aged 16 and over,549,530,19,1,3,4,11
S01012890,No qualifications,197,194,3,0,0,0,3
S01012890,Level 1,161,157,4,1,2,0,1
S01012890,Level 2,65,59,6,0,1,1,4
S01012890,Level 3,53,52,1,0,0,1,0
S01012890,Level 4 and above,73,68,5,0,0,2,3
S01012891,All people aged 16 and over,456,443,13,0,2,3,8
S01012891,No qualifications,190,188,2,0,0,0,2
S01012891,Level 1,109,108,1,0,0,0,1
S01012891,Level 2,51,50,1,0,1,0,0
S01012891,Level 3,36,34,2,0,0,1,1
S01012891,Level 4 and above,70,63,7,0,1,2,4
S01012892,All people aged 16 and over,930,889,41,7,13,2,19
S01012892,No qualifications,402,389,13,3,3,1,6
S01012892,Level 1,278,273,5,1,1,0,3
S01012892,Level 2,90,84,6,0,2,0,4
S01012892,Level 3,71,68,3,0,2,0,1
S01012892,Level 4 and above,89,75,14,3,5,1,5
S01012893,All people aged 16 and over,598,574,24,1,2,4,17
S01012893,No qualifications,274,265,9,1,1,0,7
S01012893,Level 1,178,174,4,0,1,1,2
S01012893,Level 2,66,65,1,0,0,0,1
S01012893,Level 3,40,39,1,0,0,1,0
S01012893,Level 4 and above,40,31,9,0,0,2,7
S01012894,All people aged 16 and over,606,575,31,0,3,5,23
S01012894,No qualifications,117,114,3,0,0,0,3
S01012894,Level 1,141,138,3,0,2,0,1
S01012894,Level 2,109,103,6,0,1,1,4
S01012894,Level 3,71,70,1,0,0,0,1
S01012894,Level 4 and above,168,150,18,0,0,4,14
S01012895,All people aged 16 and over,411,387,24,2,1,5,16
S01012895,No qualifications,65,56,9,0,1,2,6
S01012895,Level 1,95,93,2,0,0,2,0
S01012895,Level 2,76,74,2,0,0,0,2
S01012895,Level 3,54,52,2,1,0,0,1
S01012895,Level 4 and above,121,112,9,1,0,1,7
S01012896,All people aged 16 and over,761,738,23,0,2,6,15
S01012896,No qualifications,279,273,6,0,2,0,4
S01012896,Level 1,177,172,5,0,0,2,3
S01012896,Level 2,101,99,2,0,0,0,2
S01012896,Level 3,76,74,2,0,0,2,0
S01012896,Level 4 and above,128,120,8,0,0,2,6
S01012897,All people aged 16 and over,473,449,24,5,1,4,14
S01012897,No qualifications,93,89,4,0,0,0,4
S01012897,Level 1,105,101,4,2,0,0,2
S01012897,Level 2,66,64,2,1,0,0,1
S01012897,Level 3,68,66,2,0,0,0,2
S01012897,Level 4 and above,141,129,12,2,1,4,5
S01012898,All people aged 16 and over,401,379,22,1,1,3,17
S01012898,No qualifications,35,29,6,0,1,1,4
S01012898,Level 1,93,92,1,0,0,0,1
S01012898,Level 2,81,78,3,0,0,0,3
S01012898,Level 3,50,48,2,0,0,0,2
S01012898,Level 4 and above,142,132,10,1,0,2,7
S01012899,All people aged 16 and over,477,466,11,2,0,4,5
S01012899,No qualifications,186,182,4,0,0,0,4
S01012899,Level 1,126,122,4,2,0,2,0
S01012899,Level 2,62,60,2,0,0,1,1
S01012899,Level 3,44,44,0,0,0,0,0
S01012899,Level 4 and above,59,58,1,0,0,1,0
S01012900,All people aged 16 and over,618,591,27,3,0,9,15
S01012900,No qualifications,196,191,5,0,0,1,4
S01012900,Level 1,129,123,6,1,0,1,4
S01012900,Level 2,83,82,1,0,0,1,0
S01012900,Level 3,42,40,2,1,0,0,1
S01012900,Level 4 and above,168,155,13,1,0,6,6
S01012901,All people aged 16 and over,569,548,21,2,3,0,16
S01012901,No qualifications,138,130,8,1,0,0,7
S01012901,Level 1,146,145,1,0,0,0,1
S01012901,Level 2,112,111,1,0,0,0,1
S01012901,Level 3,72,72,0,0,0,0,0
S01012901,Level 4 and above,101,90,11,1,3,0,7
S01012902,All people aged 16 and over,629,610,19,0,3,0,16
S01012902,No qualifications,129,125,4,0,1,0,3
S01012902,Level 1,189,186,3,0,0,0,3
S01012902,Level 2,102,100,2,0,0,0,2
S01012902,Level 3,79,78,1,0,1,0,0
S01012902,Level 4 and above,130,121,9,0,1,0,8
S01012903,All people aged 16 and over,683,654,29,1,3,10,15
S01012903,No qualifications,176,174,2,0,1,0,1
S01012903,Level 1,184,174,10,1,1,5,3
S01012903,Level 2,138,135,3,0,1,2,0
S01012903,Level 3,74,69,5,0,0,0,5
S01012903,Level 4 and above,111,102,9,0,0,3,6
S01012904,All people aged 16 and over,633,611,22,1,3,2,16
S01012904,No qualifications,148,141,7,0,0,1,6
S01012904,Level 1,185,181,4,1,1,1,1
S01012904,Level 2,108,106,2,0,0,0,2
S01012904,Level 3,75,72,3,0,0,0,3
S01012904,Level 4 and above,117,111,6,0,2,0,4
S01012905,All people aged 16 and over,490,482,8,0,5,0,3
S01012905,No qualifications,106,104,2,0,2,0,0
S01012905,Level 1,158,155,3,0,2,0,1
S01012905,Level 2,83,83,0,0,0,0,0
S01012905,Level 3,81,78,3,0,1,0,2
S01012905,Level 4 and above,62,62,0,0,0,0,0
S01012906,All people aged 16 and over,783,758,25,0,1,2,22
S01012906,No qualifications,171,168,3,0,0,0,3
S01012906,Level 1,181,176,5,0,0,2,3
S01012906,Level 2,145,141,4,0,0,0,4
S01012906,Level 3,106,100,6,0,1,0,5
S01012906,Level 4 and above,180,173,7,0,0,0,7
S01012907,All people aged 16 and over,736,713,23,0,2,11,10
S01012907,No qualifications,240,235,5,0,1,1,3
S01012907,Level 1,199,193,6,0,1,2,3
S01012907,Level 2,99,97,2,0,0,2,0
S01012907,Level 3,73,67,6,0,0,4,2
S01012907,Level 4 and above,125,121,4,0,0,2,2
S01012908,All people aged 16 and over,603,595,8,0,1,1,6
S01012908,No qualifications,212,209,3,0,0,0,3
S01012908,Level 1,170,168,2,0,0,0,2
S01012908,Level 2,85,85,0,0,0,0,0
S01012908,Level 3,58,58,0,0,0,0,0
S01012908,Level 4 and above,78,75,3,0,1,1,1
S01012909,All people aged 16 and over,512,492,20,0,0,4,16
S01012909,No qualifications,176,171,5,0,0,1,4
S01012909,Level 1,118,114,4,0,0,1,3
S01012909,Level 2,80,76,4,0,0,1,3
S01012909,Level 3,58,56,2,0,0,0,2
S01012909,Level 4 and above,80,75,5,0,0,1,4
S01012910,All people aged 16 and over,774,757,17,2,1,1,13
S01012910,No qualifications,290,283,7,0,0,0,7
S01012910,Level 1,190,188,2,0,0,0,2
S01012910,Level 2,112,111,1,0,0,0,1
S01012910,Level 3,72,72,0,0,0,0,0
S01012910,Level 4 and above,110,103,7,2,1,1,3
S01012911,All people aged 16 and over,631,598,33,7,2,6,18
S01012911,No qualifications,157,150,7,0,0,0,7
S01012911,Level 1,154,145,9,5,0,0,4
S01012911,Level 2,109,106,3,0,0,0,3
S01012911,Level 3,89,82,7,2,1,2,2
S01012911,Level 4 and above,122,115,7,0,1,4,2
S01012912,All people aged 16 and over,580,570,10,0,3,0,7
S01012912,No qualifications,200,200,0,0,0,0,0
S01012912,Level 1,139,138,1,0,0,0,1
S01012912,Level 2,82,81,1,0,0,0,1
S01012912,Level 3,74,72,2,0,0,0,2
S01012912,Level 4 and above,85,79,6,0,3,0,3
S01012913,All people aged 16 and over,732,710,22,5,2,1,14
S01012913,No qualifications,206,201,5,1,0,0,4
S01012913,Level 1,190,185,5,2,0,0,3
S01012913,Level 2,122,120,2,0,0,0,2
S01012913,Level 3,78,77,1,1,0,0,0
S01012913,Level 4 and above,136,127,9,1,2,1,5
S01012914,All people aged 16 and over,711,685,26,6,3,3,14
S01012914,No qualifications,182,178,4,1,0,0,3
S01012914,Level 1,187,182,5,1,0,0,4
S01012914,Level 2,87,85,2,2,0,0,0
S01012914,Level 3,84,83,1,0,0,0,1
S01012914,Level 4 and above,171,157,14,2,3,3,6
S01012915,All people aged 16 and over,810,783,27,2,1,0,24
S01012915,No qualifications,172,167,5,0,1,0,4
S01012915,Level 1,196,188,8,0,0,0,8
S01012915,Level 2,133,129,4,2,0,0,2
S01012915,Level 3,103,99,4,0,0,0,4
S01012915,Level 4 and above,206,200,6,0,0,0,6
S01012916,All people aged 16 and over,572,552,20,1,5,2,12
S01012916,No qualifications,136,129,7,0,4,0,3
S01012916,Level 1,119,117,2,0,0,0,2
S01012916,Level 2,109,108,1,0,0,0,1
S01012916,Level 3,63,58,5,1,1,0,3
S01012916,Level 4 and above,145,140,5,0,0,2,3
S01012917,All people aged 16 and over,587,565,22,0,1,3,18
S01012917,No qualifications,83,80,3,0,0,0,3
S01012917,Level 1,129,126,3,0,1,1,1
S01012917,Level 2,134,132,2,0,0,1,1
S01012917,Level 3,69,68,1,0,0,0,1
S01012917,Level 4 and above,172,159,13,0,0,1,12
S01012918,All people aged 16 and over,417,409,8,0,5,0,3
S01012918,No qualifications,99,96,3,0,2,0,1
S01012918,Level 1,108,108,0,0,0,0,0
S01012918,Level 2,80,77,3,0,1,0,2
S01012918,Level 3,48,48,0,0,0,0,0
S01012918,Level 4 and above,82,80,2,0,2,0,0
S01012919,All people aged 16 and over,397,387,10,2,6,0,2
S01012919,No qualifications,114,114,0,0,0,0,0
S01012919,Level 1,107,105,2,0,2,0,0
S01012919,Level 2,53,52,1,0,0,0,1
S01012919,Level 3,39,39,0,0,0,0,0
S01012919,Level 4 and above,84,77,7,2,4,0,1
S01012920,All people aged 16 and over,506,483,23,0,1,3,19
S01012920,No qualifications,79,77,2,0,0,0,2
S01012920,Level 1,100,94,6,0,0,1,5
S01012920,Level 2,98,98,0,0,0,0,0
S01012920,Level 3,50,47,3,0,0,0,3
S01012920,Level 4 and above,179,167,12,0,1,2,9
S01012921,All people aged 16 and over,594,568,26,3,6,8,9
S01012921,No qualifications,193,185,8,1,2,1,4
S01012921,Level 1,162,158,4,0,0,3,1
S01012921,Level 2,96,94,2,0,1,1,0
S01012921,Level 3,56,56,0,0,0,0,0
S01012921,Level 4 and above,87,75,12,2,3,3,4
S01012922,All people aged 16 and over,784,763,21,3,3,2,13
S01012922,No qualifications,164,159,5,1,1,0,3
S01012922,Level 1,190,187,3,0,0,1,2
S01012922,Level 2,133,131,2,0,0,0,2
S01012922,Level 3,117,112,5,0,1,1,3
S01012922,Level 4 and above,180,174,6,2,1,0,3
S01012923,All people aged 16 and over,578,559,19,4,3,3,9
S01012923,No qualifications,119,116,3,0,0,0,3
S01012923,Level 1,145,144,1,0,0,0,1
S01012923,Level 2,111,110,1,0,0,0,1
S01012923,Level 3,79,70,9,2,2,3,2
S01012923,Level 4 and above,124,119,5,2,1,0,2
S01012924,All people aged 16 and over,422,408,14,0,4,1,9
S01012924,No qualifications,105,99,6,0,0,0,6
S01012924,Level 1,103,101,2,0,2,0,0
S01012924,Level 2,67,65,2,0,1,0,1
S01012924,Level 3,66,65,1,0,0,1,0
S01012924,Level 4 and above,81,78,3,0,1,0,2
S01012925,All people aged 16 and over,413,402,11,0,1,4,6
S01012925,No qualifications,57,54,3,0,1,0,2
S01012925,Level 1,100,99,1,0,0,0,1
S01012925,Level 2,68,66,2,0,0,1,1
S01012925,Level 3,53,49,4,0,0,3,1
S01012925,Level 4 and above,135,134,1,0,0,0,1
S01012926,All people aged 16 and over,593,576,17,2,0,4,11
S01012926,No qualifications,99,95,4,0,0,0,4
S01012926,Level 1,173,171,2,0,0,1,1
S01012926,Level 2,114,112,2,0,0,0,2
S01012926,Level 3,75,70,5,2,0,2,1
S01012926,Level 4 and above,132,128,4,0,0,1,3
S01012927,All people aged 16 and over,628,606,22,6,2,3,11
S01012927,No qualifications,141,139,2,0,0,0,2
S01012927,Level 1,167,162,5,2,1,0,2
S01012927,Level 2,123,121,2,1,0,0,1
S01012927,Level 3,78,76,2,0,1,0,1
S01012927,Level 4 and above,119,108,11,3,0,3,5
S01012928,All people aged 16 and over,675,649,26,2,1,4,19
S01012928,No qualifications,130,124,6,0,0,0,6
S01012928,Level 1,147,143,4,0,0,2,2
S01012928,Level 2,135,132,3,0,0,1,2
S01012928,Level 3,69,67,2,0,0,1,1
S01012928,Level 4 and above,194,183,11,2,1,0,8
S01012929,All people aged 16 and over,641,624,17,2,3,1,11
S01012929,No qualifications,158,150,8,1,0,0,7
S01012929,Level 1,141,141,0,0,0,0,0
S01012929,Level 2,130,125,5,0,3,1,1
S01012929,Level 3,73,71,2,0,0,0,2
S01012929,Level 4 and above,139,137,2,1,0,0,1
S01012930,All people aged 16 and over,779,738,41,12,6,7,16
S01012930,No qualifications,247,239,8,0,1,0,7
S01012930,Level 1,135,130,5,1,3,0,1
S01012930,Level 2,99,98,1,1,0,0,0
S01012930,Level 3,90,86,4,1,0,2,1
S01012930,Level 4 and above,208,185,23,9,2,5,7
S01012931,All people aged 16 and over,730,693,37,4,0,3,30
S01012931,No qualifications,224,216,8,0,0,0,8
S01012931,Level 1,147,144,3,0,0,0,3
S01012931,Level 2,121,117,4,0,0,1,3
S01012931,Level 3,83,76,7,0,0,1,6
S01012931,Level 4 and above,155,140,15,4,0,1,10
S01012932,All people aged 16 and over,423,411,12,2,1,2,7
S01012932,No qualifications,87,85,2,0,0,0,2
S01012932,Level 1,99,98,1,0,0,0,1
S01012932,Level 2,73,70,3,2,0,0,1
S01012932,Level 3,40,39,1,0,0,0,1
S01012932,Level 4 and above,124,119,5,0,1,2,2
S01012933,All people aged 16 and over,675,666,9,0,1,3,5
S01012933,No qualifications,204,204,0,0,0,0,0
S01012933,Level 1,164,163,1,0,0,0,1
S01012933,Level 2,101,101,0,0,0,0,0
S01012933,Level 3,69,67,2,0,0,1,1
S01012933,Level 4 and above,137,131,6,0,1,2,3
S01012934,All people aged 16 and over,605,588,17,2,1,4,10
S01012934,No qualifications,216,214,2,0,0,0,2
S01012934,Level 1,131,127,4,0,0,0,4
S01012934,Level 2,77,76,1,0,0,0,1
S01012934,Level 3,61,60,1,0,0,0,1
S01012934,Level 4 and above,120,111,9,2,1,4,2
S01012935,All people aged 16 and over,717,688,29,0,1,8,20
S01012935,No qualifications,185,180,5,0,0,2,3
S01012935,Level 1,203,197,6,0,0,1,5
S01012935,Level 2,116,112,4,0,0,0,4
S01012935,Level 3,73,69,4,0,1,0,3
S01012935,Level 4 and above,140,130,10,0,0,5,5
S01012936,All people aged 16 and over,619,588,31,2,4,5,20
S01012936,No qualifications,163,155,8,0,1,0,7
S01012936,Level 1,144,142,2,0,0,1,1
S01012936,Level 2,93,91,2,1,0,0,1
S01012936,Level 3,77,74,3,0,1,0,2
S01012936,Level 4 and above,142,126,16,1,2,4,9
S01012937,All people aged 16 and over,581,555,26,0,4,1,21
S01012937,No qualifications,147,135,12,0,1,0,11
S01012937,Level 1,136,132,4,0,2,0,2
S01012937,Level 2,89,88,1,0,0,0,1
S01012937,Level 3,76,74,2,0,0,1,1
S01012937,Level 4 and above,133,126,7,0,1,0,6
S01012938,All people aged 16 and over,600,573,27,2,0,3,22
S01012938,No qualifications,141,132,9,0,0,0,9
S01012938,Level 1,110,105,5,0,0,2,3
S01012938,Level 2,91,90,1,0,0,0,1
S01012938,Level 3,51,48,3,0,0,0,3
S01012938,Level 4 and above,207,198,9,2,0,1,6
S01012939,All people aged 16 and over,500,471,29,2,1,3,23
S01012939,No qualifications,72,66,6,0,1,1,4
S01012939,Level 1,93,91,2,0,0,0,2
S01012939,Level 2,116,115,1,0,0,0,1
S01012939,Level 3,68,62,6,0,0,0,6
S01012939,Level 4 and above,151,137,14,2,0,2,10
S01012940,All people aged 16 and over,579,552,27,2,3,2,20
S01012940,No qualifications,85,74,11,0,0,0,11
S01012940,Level 1,118,116,2,0,0,0,2
S01012940,Level 2,109,106,3,1,2,0,0
S01012940,Level 3,63,62,1,0,0,0,1
S01012940,Level 4 and above,204,194,10,1,1,2,6
S01012941,All people aged 16 and over,600,575,25,0,2,3,20
S01012941,No qualifications,50,43,7,0,0,2,5
S01012941,Level 1,117,113,4,0,0,0,4
S01012941,Level 2,134,134,0,0,0,0,0
S01012941,Level 3,61,60,1,0,0,0,1
S01012941,Level 4 and above,238,225,13,0,2,1,10
S01012942,All people aged 16 and over,624,599,25,3,6,4,12
S01012942,No qualifications,177,171,6,1,0,0,5
S01012942,Level 1,185,181,4,0,0,3,1
S01012942,Level 2,80,78,2,0,0,0,2
S01012942,Level 3,72,68,4,1,1,0,2
S01012942,Level 4 and above,110,101,9,1,5,1,2
S01012943,All people aged 16 and over,575,553,22,3,2,3,14
S01012943,No qualifications,98,93,5,0,0,1,4
S01012943,Level 1,138,132,6,0,1,1,4
S01012943,Level 2,94,94,0,0,0,0,0
S01012943,Level 3,91,90,1,0,0,0,1
S01012943,Level 4 and above,154,144,10,3,1,1,5
S01012944,All people aged 16 and over,418,410,8,0,2,0,6
S01012944,No qualifications,68,68,0,0,0,0,0
S01012944,Level 1,80,77,3,0,1,0,2
S01012944,Level 2,94,92,2,0,0,0,2
S01012944,Level 3,41,41,0,0,0,0,0
S01012944,Level 4 and above,135,132,3,0,1,0,2
S01012945,All people aged 16 and over,568,531,37,2,1,7,27
S01012945,No qualifications,67,61,6,0,0,0,6
S01012945,Level 1,98,94,4,0,0,1,3
S01012945,Level 2,120,119,1,0,0,1,0
S01012945,Level 3,58,54,4,0,0,1,3
S01012945,Level 4 and above,225,203,22,2,1,4,15
S01012946,All people aged 16 and over,691,656,35,2,2,9,22
S01012946,No qualifications,103,97,6,0,0,0,6
S01012946,Level 1,136,133,3,0,1,0,2
S01012946,Level 2,154,152,2,0,0,1,1
S01012946,Level 3,87,84,3,0,0,0,3
S01012946,Level 4 and above,211,190,21,2,1,8,10
S01012947,All people aged 16 and over,372,349,23,1,2,3,17
S01012947,No qualifications,40,35,5,0,0,1,4
S01012947,Level 1,85,80,5,0,0,2,3
S01012947,Level 2,88,83,5,1,0,0,4
S01012947,Level 3,42,42,0,0,0,0,0
S01012947,Level 4 and above,117,109,8,0,2,0,6
S01012948,All people aged 16 and over,572,562,10,1,0,1,8
S01012948,No qualifications,96,96,0,0,0,0,0
S01012948,Level 1,135,133,2,0,0,0,2
S01012948,Level 2,112,112,0,0,0,0,0
S01012948,Level 3,77,76,1,0,0,0,1
S01012948,Level 4 and above,152,145,7,1,0,1,5
S01012949,All people aged 16 and over,595,578,17,1,3,0,13
S01012949,No qualifications,110,108,2,0,0,0,2
S01012949,Level 1,115,113,2,0,1,0,1
S01012949,Level 2,135,133,2,0,0,0,2
S01012949,Level 3,65,60,5,1,0,0,4
S01012949,Level 4 and above,170,164,6,0,2,0,4
S01012950,All people aged 16 and over,678,646,32,4,1,1,26
S01012950,No qualifications,56,55,1,0,0,0,1
S01012950,Level 1,166,157,9,0,1,0,8
S01012950,Level 2,162,155,7,4,0,0,3
S01012950,Level 3,74,73,1,0,0,0,1
S01012950,Level 4 and above,220,206,14,0,0,1,13
S01012951,All people aged 16 and over,649,606,43,3,3,8,29
S01012951,No qualifications,34,31,3,0,0,0,3
S01012951,Level 1,110,103,7,0,0,1,6
S01012951,Level 2,119,112,7,0,2,1,4
S01012951,Level 3,100,92,8,0,1,1,6
S01012951,Level 4 and above,286,268,18,3,0,5,10
S01012952,All people aged 16 and over,525,491,34,2,0,2,30
S01012952,No qualifications,72,65,7,0,0,0,7
S01012952,Level 1,99,92,7,1,0,0,6
S01012952,Level 2,96,90,6,0,0,0,6
S01012952,Level 3,42,41,1,0,0,0,1
S01012952,Level 4 and above,216,203,13,1,0,2,10
S01012953,All people aged 16 and over,568,548,20,3,2,0,15
S01012953,No qualifications,84,82,2,0,0,0,2
S01012953,Level 1,139,135,4,1,0,0,3
S01012953,Level 2,120,117,3,0,0,0,3
S01012953,Level 3,72,70,2,0,0,0,2
S01012953,Level 4 and above,153,144,9,2,2,0,5
S01012954,All people aged 16 and over,392,376,16,3,0,1,12
S01012954,No qualifications,58,55,3,0,0,0,3
S01012954,Level 1,107,103,4,2,0,0,2
S01012954,Level 2,75,74,1,0,0,0,1
S01012954,Level 3,54,50,4,1,0,1,2
S01012954,Level 4 and above,98,94,4,0,0,0,4
S01012955,All people aged 16 and over,763,711,52,3,11,13,25
S01012955,No qualifications,128,123,5,0,0,0,5
S01012955,Level 1,131,127,4,0,0,1,3
S01012955,Level 2,131,129,2,0,0,0,2
S01012955,Level 3,74,71,3,0,2,0,1
S01012955,Level 4 and above,299,261,38,3,9,12,14
S01012956,All people aged 16 and over,851,808,43,3,3,6,31
S01012956,No qualifications,294,288,6,0,0,0,6
S01012956,Level 1,200,188,12,0,2,1,9
S01012956,Level 2,117,112,5,0,0,1,4
S01012956,Level 3,86,83,3,0,0,1,2
S01012956,Level 4 and above,154,137,17,3,1,3,10
S01012957,All people aged 16 and over,540,517,23,3,5,6,9
S01012957,No qualifications,163,159,4,0,1,0,3
S01012957,Level 1,146,143,3,0,1,0,2
S01012957,Level 2,84,82,2,0,1,0,1
S01012957,Level 3,49,48,1,0,0,0,1
S01012957,Level 4 and above,98,85,13,3,2,6,2
S01012958,All people aged 16 and over,435,430,5,0,0,1,4
S01012958,No qualifications,103,100,3,0,0,1,2
S01012958,Level 1,125,125,0,0,0,0,0
S01012958,Level 2,62,61,1,0,0,0,1
S01012958,Level 3,57,56,1,0,0,0,1
S01012958,Level 4 and above,88,88,0,0,0,0,0
S01012959,All people aged 16 and over,466,455,11,2,1,1,7
S01012959,No qualifications,59,59,0,0,0,0,0
S01012959,Level 1,137,135,2,2,0,0,0
S01012959,Level 2,92,92,0,0,0,0,0
S01012959,Level 3,61,61,0,0,0,0,0
S01012959,Level 4 and above,117,108,9,0,1,1,7
S01012960,All people aged 16 and over,502,487,15,0,1,4,10
S01012960,No qualifications,88,88,0,0,0,0,0
S01012960,Level 1,136,133,3,0,1,0,2
S01012960,Level 2,91,89,2,0,0,0,2
S01012960,Level 3,67,64,3,0,0,1,2
S01012960,Level 4 and above,120,113,7,0,0,3,4
S01012961,All people aged 16 and over,416,406,10,0,0,3,7
S01012961,No qualifications,66,66,0,0,0,0,0
S01012961,Level 1,99,94,5,0,0,1,4
S01012961,Level 2,95,95,0,0,0,0,0
S01012961,Level 3,52,52,0,0,0,0,0
S01012961,Level 4 and above,104,99,5,0,0,2,3
S01012962,All people aged 16 and over,555,526,29,0,0,2,27
S01012962,No qualifications,90,83,7,0,0,1,6
S01012962,Level 1,118,110,8,0,0,0,8
S01012962,Level 2,125,121,4,0,0,0,4
S01012962,Level 3,74,69,5,0,0,0,5
S01012962,Level 4 and above,148,143,5,0,0,1,4
S01012963,All people aged 16 and over,616,588,28,0,0,4,24
S01012963,No qualifications,75,71,4,0,0,1,3
S01012963,Level 1,144,140,4,0,0,1,3
S01012963,Level 2,122,118,4,0,0,0,4
S01012963,Level 3,78,74,4,0,0,1,3
S01012963,Level 4 and above,197,185,12,0,0,1,11
S01012964,All people aged 16 and over,449,421,28,1,0,2,25
S01012964,No qualifications,34,28,6,0,0,1,5
S01012964,Level 1,106,104,2,0,0,0,2
S01012964,Level 2,87,87,0,0,0,0,0
S01012964,Level 3,70,62,8,0,0,0,8
S01012964,Level 4 and above,152,140,12,1,0,1,10
S01012965,All people aged 16 and over,563,552,11,3,1,3,4
S01012965,No qualifications,123,120,3,0,0,1,2
S01012965,Level 1,138,137,1,0,0,1,0
S01012965,Level 2,110,108,2,1,0,0,1
S01012965,Level 3,68,66,2,0,0,1,1
S01012965,Level 4 and above,124,121,3,2,1,0,0
S01012966,All people aged 16 and over,593,569,24,1,2,8,13
S01012966,No qualifications,116,113,3,0,1,1,1
S01012966,Level 1,194,190,4,0,1,0,3
S01012966,Level 2,87,86,1,0,0,0,1
S01012966,Level 3,77,73,4,1,0,2,1
S01012966,Level 4 and above,119,107,12,0,0,5,7
S01012967,All people aged 16 and over,397,391,6,0,0,1,5
S01012967,No qualifications,98,98,0,0,0,0,0
S01012967,Level 1,126,125,1,0,0,0,1
S01012967,Level 2,56,54,2,0,0,0,2
S01012967,Level 3,56,55,1,0,0,0,1
S01012967,Level 4 and above,61,59,2,0,0,1,1
S01012968,All people aged 16 and over,517,490,27,3,11,5,8
S01012968,No qualifications,133,128,5,0,2,1,2
S01012968,Level 1,173,167,6,1,3,1,1
S01012968,Level 2,78,76,2,0,0,0,2
S01012968,Level 3,61,56,5,0,3,1,1
S01012968,Level 4 and above,72,63,9,2,3,2,2
S01012969,All people aged 16 and over,570,547,23,3,7,5,8
S01012969,No qualifications,199,197,2,2,0,0,0
S01012969,Level 1,143,139,4,1,0,0,3
S01012969,Level 2,73,71,2,0,0,1,1
S01012969,Level 3,70,69,1,0,0,0,1
S01012969,Level 4 and above,85,71,14,0,7,4,3
S01012970,All people aged 16 and over,489,473,16,1,1,0,14
S01012970,No qualifications,161,160,1,0,0,0,1
S01012970,Level 1,139,134,5,1,1,0,3
S01012970,Level 2,76,75,1,0,0,0,1
S01012970,Level 3,52,49,3,0,0,0,3
S01012970,Level 4 and above,61,55,6,0,0,0,6
S01012971,All people aged 16 and over,638,619,19,1,3,1,14
S01012971,No qualifications,171,166,5,0,0,0,5
S01012971,Level 1,218,215,3,0,1,0,2
S01012971,Level 2,93,91,2,0,0,0,2
S01012971,Level 3,69,69,0,0,0,0,0
S01012971,Level 4 and above,87,78,9,1,2,1,5
S01012972,All people aged 16 and over,612,589,23,0,2,1,20
S01012972,No qualifications,192,189,3,0,1,0,2
S01012972,Level 1,198,189,9,0,0,0,9
S01012972,Level 2,85,84,1,0,0,0,1
S01012972,Level 3,65,63,2,0,0,0,2
S01012972,Level 4 and above,72,64,8,0,1,1,6
S01012973,All people aged 16 and over,647,631,16,1,1,2,12
S01012973,No qualifications,215,212,3,0,0,1,2
S01012973,Level 1,179,176,3,0,0,1,2
S01012973,Level 2,89,89,0,0,0,0,0
S01012973,Level 3,83,80,3,0,0,0,3
S01012973,Level 4 and above,81,74,7,1,1,0,5
S01012974,All people aged 16 and over,884,868,16,0,2,3,11
S01012974,No qualifications,353,348,5,0,0,0,5
S01012974,Level 1,208,206,2,0,0,1,1
S01012974,Level 2,101,100,1,0,0,0,1
S01012974,Level 3,101,99,2,0,0,1,1
S01012974,Level 4 and above,121,115,6,0,2,1,3
S01012975,All people aged 16 and over,491,471,20,1,4,6,9
S01012975,No qualifications,188,179,9,0,3,2,4
S01012975,Level 1,141,136,5,1,0,2,2
S01012975,Level 2,62,62,0,0,0,0,0
S01012975,Level 3,44,42,2,0,0,0,2
S01012975,Level 4 and above,56,52,4,0,1,2,1
S01012976,All people aged 16 and over,427,417,10,1,5,0,4
S01012976,No qualifications,137,137,0,0,0,0,0
S01012976,Level 1,127,124,3,0,1,0,2
S01012976,Level 2,53,53,0,0,0,0,0
S01012976,Level 3,49,48,1,0,0,0,1
S01012976,Level 4 and above,61,55,6,1,4,0,1
S01012977,All people aged 16 and over,559,541,18,2,3,0,13
S01012977,No qualifications,124,122,2,0,0,0,2
S01012977,Level 1,207,199,8,0,0,0,8
S01012977,Level 2,90,90,0,0,0,0,0
S01012977,Level 3,69,68,1,0,0,0,1
S01012977,Level 4 and above,69,62,7,2,3,0,2
S01012978,All people aged 16 and over,647,636,11,1,0,1,9
S01012978,No qualifications,218,212,6,1,0,0,5
S01012978,Level 1,201,198,3,0,0,0,3
S01012978,Level 2,82,82,0,0,0,0,0
S01012978,Level 3,76,75,1,0,0,0,1
S01012978,Level 4 and above,70,69,1,0,0,1,0
S01012979,All people aged 16 and over,516,494,22,1,1,1,19
S01012979,No qualifications,147,140,7,1,1,0,5
S01012979,Level 1,146,140,6,0,0,0,6
S01012979,Level 2,73,72,1,0,0,0,1
S01012979,Level 3,54,53,1,0,0,0,1
S01012979,Level 4 and above,96,89,7,0,0,1,6
S01012980,All people aged 16 and over,527,509,18,2,0,5,11
S01012980,No qualifications,138,129,9,0,0,3,6
S01012980,Level 1,183,180,3,0,0,0,3
S01012980,Level 2,74,74,0,0,0,0,0
S01012980,Level 3,62,60,2,0,0,2,0
S01012980,Level 4 and above,70,66,4,2,0,0,2
S01012981,All people aged 16 and over,622,587,35,7,4,9,15
S01012981,No qualifications,133,130,3,0,0,1,2
S01012981,Level 1,185,176,9,3,0,2,4
S01012981,Level 2,131,122,9,1,1,0,7
S01012981,Level 3,73,69,4,2,1,0,1
S01012981,Level 4 and above,100,90,10,1,2,6,1
S01012982,All people aged 16 and over,662,635,27,0,4,6,17
S01012982,No qualifications,174,166,8,0,0,0,8
S01012982,Level 1,203,198,5,0,1,1,3
S01012982,Level 2,98,97,1,0,0,0,1
S01012982,Level 3,79,75,4,0,0,1,3
S01012982,Level 4 and above,108,99,9,0,3,4,2
S01012983,All people aged 16 and over,633,614,19,0,2,2,15
S01012983,No qualifications,119,117,2,0,0,0,2
S01012983,Level 1,169,161,8,0,0,2,6
S01012983,Level 2,97,96,1,0,0,0,1
S01012983,Level 3,89,89,0,0,0,0,0
S01012983,Level 4 and above,159,151,8,0,2,0,6
S01012984,All people aged 16 and over,530,502,28,0,3,6,19
S01012984,No qualifications,142,131,11,0,0,0,11
S01012984,Level 1,148,139,9,0,1,3,5
S01012984,Level 2,92,89,3,0,2,0,1
S01012984,Level 3,63,63,0,0,0,0,0
S01012984,Level 4 and above,85,80,5,0,0,3,2
S01012985,All people aged 16 and over,659,641,18,1,0,0,17
S01012985,No qualifications,182,180,2,0,0,0,2
S01012985,Level 1,185,184,1,0,0,0,1
S01012985,Level 2,101,97,4,1,0,0,3
S01012985,Level 3,69,67,2,0,0,0,2
S01012985,Level 4 and above,122,113,9,0,0,0,9
S01012986,All people aged 16 and over,626,610,16,0,1,4,11
S01012986,No qualifications,186,181,5,0,0,0,5
S01012986,Level 1,158,156,2,0,1,1,0
S01012986,Level 2,91,90,1,0,0,1,0
S01012986,Level 3,82,79,3,0,0,0,3
S01012986,Level 4 and above,109,104,5,0,0,2,3
S01012987,All people aged 16 and over,632,604,28,0,8,0,20
S01012987,No qualifications,220,209,11,0,3,0,8
S01012987,Level 1,144,142,2,0,0,0,2
S01012987,Level 2,97,92,5,0,2,0,3
S01012987,Level 3,66,65,1,0,0,0,1
S01012987,Level 4 and above,105,96,9,0,3,0,6
S01012988,All people aged 16 and over,744,709,35,6,12,2,15
S01012988,No qualifications,253,248,5,0,1,0,4
S01012988,Level 1,193,180,13,6,4,0,3
S01012988,Level 2,110,107,3,0,1,1,1
S01012988,Level 3,82,77,5,0,2,0,3
S01012988,Level 4 and above,106,97,9,0,4,1,4
S01012989,All people aged 16 and over,809,782,27,2,3,5,17
S01012989,No qualifications,231,228,3,0,0,0,3
S01012989,Level 1,210,204,6,1,0,0,5
S01012989,Level 2,137,132,5,1,0,0,4
S01012989,Level 3,94,92,2,0,0,0,2
S01012989,Level 4 and above,137,126,11,0,3,5,3
S01012990,All people aged 16 and over,516,492,24,0,1,10,13
S01012990,No qualifications,177,172,5,0,0,1,4
S01012990,Level 1,135,132,3,0,0,0,3
S01012990,Level 2,73,69,4,0,0,3,1
S01012990,Level 3,62,60,2,0,0,1,1
S01012990,Level 4 and above,69,59,10,0,1,5,4
S01012991,All people aged 16 and over,669,641,28,1,5,8,14
S01012991,No qualifications,192,189,3,0,0,0,3
S01012991,Level 1,170,162,8,1,3,0,4
S01012991,Level 2,96,94,2,0,0,0,2
S01012991,Level 3,88,86,2,0,0,1,1
S01012991,Level 4 and above,123,110,13,0,2,7,4
S01012992,All people aged 16 and over,659,637,22,2,4,7,9
S01012992,No qualifications,191,184,7,0,0,2,5
S01012992,Level 1,183,179,4,0,2,2,0
S01012992,Level 2,103,103,0,0,0,0,0
S01012992,Level 3,77,74,3,0,0,0,3
S01012992,Level 4 and above,105,97,8,2,2,3,1
S01012993,All people aged 16 and over,585,568,17,2,2,8,5
S01012993,No qualifications,178,177,1,0,0,0,1
S01012993,Level 1,157,155,2,0,0,0,2
S01012993,Level 2,88,87,1,0,0,1,0
S01012993,Level 3,65,64,1,0,1,0,0
S01012993,Level 4 and above,97,85,12,2,1,7,2
S01012994,All people aged 16 and over,760,726,34,2,4,5,23
S01012994,No qualifications,214,208,6,0,0,0,6
S01012994,Level 1,207,201,6,0,1,2,3
S01012994,Level 2,105,105,0,0,0,0,0
S01012994,Level 3,108,99,9,1,1,0,7
S01012994,Level 4 and above,126,113,13,1,2,3,7
S01012995,All people aged 16 and over,662,645,17,1,3,1,12
S01012995,No qualifications,128,122,6,1,0,0,5
S01012995,Level 1,173,171,2,0,0,0,2
S01012995,Level 2,128,124,4,0,1,0,3
S01012995,Level 3,95,95,0,0,0,0,0
S01012995,Level 4 and above,138,133,5,0,2,1,2
S01012996,All people aged 16 and over,550,528,22,2,4,2,14
S01012996,No qualifications,122,121,1,1,0,0,0
S01012996,Level 1,161,153,8,0,2,0,6
S01012996,Level 2,92,92,0,0,0,0,0
S01012996,Level 3,77,70,7,0,1,1,5
S01012996,Level 4 and above,98,92,6,1,1,1,3
S01012997,All people aged 16 and over,392,383,9,0,0,0,9
S01012997,No qualifications,112,111,1,0,0,0,1
S01012997,Level 1,114,113,1,0,0,0,1
S01012997,Level 2,50,47,3,0,0,0,3
S01012997,Level 3,47,44,3,0,0,0,3
S01012997,Level 4 and above,69,68,1,0,0,0,1
S01012998,All people aged 16 and over,837,812,25,1,8,2,14
S01012998,No qualifications,195,192,3,0,0,0,3
S01012998,Level 1,210,205,5,0,2,1,2
S01012998,Level 2,157,152,5,1,0,0,4
S01012998,Level 3,102,100,2,0,0,0,2
S01012998,Level 4 and above,173,163,10,0,6,1,3
S01012999,All people aged 16 and over,397,375,22,1,3,8,10
S01012999,No qualifications,106,102,4,0,0,0,4
S01012999,Level 1,114,110,4,0,0,2,2
S01012999,Level 2,60,60,0,0,0,0,0
S01012999,Level 3,50,47,3,0,0,1,2
S01012999,Level 4 and above,67,56,11,1,3,5,2
S01013000,All people aged 16 and over,549,527,22,2,3,5,12
S01013000,No qualifications,174,170,4,0,0,0,4
S01013000,Level 1,146,146,0,0,0,0,0
S01013000,Level 2,86,83,3,0,2,0,1
S01013000,Level 3,55,55,0,0,0,0,0
S01013000,Level 4 and above,88,73,15,2,1,5,7
S01013001,All people aged 16 and over,321,289,32,1,4,1,26
S01013001,No qualifications,52,49,3,0,1,0,2
S01013001,Level 1,54,52,2,1,0,0,1
S01013001,Level 2,38,33,5,0,0,1,4
S01013001,Level 3,26,25,1,0,0,0,1
S01013001,Level 4 and above,151,130,21,0,3,0,18
S01013002,All people aged 16 and over,405,390,15,2,0,1,12
S01013002,No qualifications,70,70,0,0,0,0,0
S01013002,Level 1,53,51,2,1,0,0,1
S01013002,Level 2,70,68,2,0,0,0,2
S01013002,Level 3,34,34,0,0,0,0,0
S01013002,Level 4 and above,178,167,11,1,0,1,9
S01013003,All people aged 16 and over,522,501,21,0,2,0,19
S01013003,No qualifications,39,37,2,0,0,0,2
S01013003,Level 1,61,61,0,0,0,0,0
S01013003,Level 2,71,69,2,0,0,0,2
S01013003,Level 3,58,56,2,0,0,0,2
S01013003,Level 4 and above,293,278,15,0,2,0,13
S01013004,All people aged 16 and over,533,514,19,0,0,1,18
S01013004,No qualifications,84,82,2,0,0,0,2
S01013004,Level 1,92,91,1,0,0,0,1
S01013004,Level 2,68,67,1,0,0,0,1
S01013004,Level 3,50,48,2,0,0,1,1
S01013004,Level 4 and above,239,226,13,0,0,0,13
S01013005,All people aged 16 and over,575,550,25,2,1,1,21
S01013005,No qualifications,71,67,4,0,1,0,3
S01013005,Level 1,82,81,1,0,0,0,1
S01013005,Level 2,90,88,2,0,0,0,2
S01013005,Level 3,50,47,3,0,0,1,2
S01013005,Level 4 and above,282,267,15,2,0,0,13
S01013006,All people aged 16 and over,503,470,33,5,1,6,21
S01013006,No qualifications,56,55,1,0,0,0,1
S01013006,Level 1,81,78,3,0,0,1,2
S01013006,Level 2,74,70,4,1,0,1,2
S01013006,Level 3,32,32,0,0,0,0,0
S01013006,Level 4 and above,260,235,25,4,1,4,16
S01013007,All people aged 16 and over,798,767,31,1,2,6,22
S01013007,No qualifications,100,96,4,0,0,2,2
S01013007,Level 1,115,114,1,0,0,0,1
S01013007,Level 2,123,120,3,0,1,1,1
S01013007,Level 3,65,63,2,0,0,0,2
S01013007,Level 4 and above,395,374,21,1,1,3,16
S01013008,All people aged 16 and over,616,578,38,10,5,5,18
S01013008,No qualifications,105,104,1,0,0,0,1
S01013008,Level 1,94,89,5,0,3,1,1
S01013008,Level 2,93,90,3,0,0,1,2
S01013008,Level 3,44,43,1,0,1,0,0
S01013008,Level 4 and above,280,252,28,10,1,3,14
S01013009,All people aged 16 and over,526,510,16,1,2,0,13
S01013009,No qualifications,98,95,3,0,0,0,3
S01013009,Level 1,103,101,2,0,0,0,2
S01013009,Level 2,90,89,1,0,0,0,1
S01013009,Level 3,62,59,3,0,0,0,3
S01013009,Level 4 and above,173,166,7,1,2,0,4
S01013010,All people aged 16 and over,481,456,25,2,1,0,22
S01013010,No qualifications,64,62,2,0,0,0,2
S01013010,Level 1,67,64,3,1,0,0,2
S01013010,Level 2,80,77,3,0,1,0,2
S01013010,Level 3,51,47,4,0,0,0,4
S01013010,Level 4 and above,219,206,13,1,0,0,12
S01013011,All people aged 16 and over,512,494,18,1,3,0,14
S01013011,No qualifications,63,62,1,0,0,0,1
S01013011,Level 1,94,87,7,0,3,0,4
S01013011,Level 2,90,89,1,0,0,0,1
S01013011,Level 3,59,58,1,1,0,0,0
S01013011,Level 4 and above,206,198,8,0,0,0,8
S01013012,All people aged 16 and over,540,508,32,8,7,6,11
S01013012,No qualifications,124,122,2,0,1,0,1
S01013012,Level 1,108,101,7,1,1,3,2
S01013012,Level 2,74,73,1,0,0,1,0
S01013012,Level 3,72,69,3,2,1,0,0
S01013012,Level 4 and above,162,143,19,5,4,2,8
S01013013,All people aged 16 and over,566,537,29,2,2,2,23
S01013013,No qualifications,88,86,2,0,0,0,2
S01013013,Level 1,103,95,8,1,0,0,7
S01013013,Level 2,82,79,3,1,0,0,2
S01013013,Level 3,67,63,4,0,1,0,3
S01013013,Level 4 and above,226,214,12,0,1,2,9
S01013014,All people aged 16 and over,607,578,29,3,1,4,21
S01013014,No qualifications,147,145,2,0,0,0,2
S01013014,Level 1,125,121,4,0,0,2,2
S01013014,Level 2,82,76,6,0,1,0,5
S01013014,Level 3,46,46,0,0,0,0,0
S01013014,Level 4 and above,207,190,17,3,0,2,12
S01013015,All people aged 16 and over,608,572,36,2,2,5,27
S01013015,No qualifications,103,99,4,0,0,0,4
S01013015,Level 1,102,99,3,0,0,1,2
S01013015,Level 2,99,96,3,0,1,0,2
S01013015,Level 3,49,48,1,0,0,0,1
S01013015,Level 4 and above,255,230,25,2,1,4,18
S01013016,All people aged 16 and over,497,473,24,0,0,1,23
S01013016,No qualifications,64,64,0,0,0,0,0
S01013016,Level 1,75,71,4,0,0,1,3
S01013016,Level 2,72,70,2,0,0,0,2
S01013016,Level 3,44,44,0,0,0,0,0
S01013016,Level 4 and above,242,224,18,0,0,0,18
S01013017,All people aged 16 and over,659,637,22,1,3,2,16
S01013017,No qualifications,128,127,1,0,0,1,0
S01013017,Level 1,135,131,4,0,0,1,3
S01013017,Level 2,88,84,4,0,1,0,3
S01013017,Level 3,55,54,1,1,0,0,0
S01013017,Level 4 and above,253,241,12,0,2,0,10
S01013018,All people aged 16 and over,770,729,41,0,2,4,35
S01013018,No qualifications,114,112,2,0,0,1,1
S01013018,Level 1,132,126,6,0,0,0,6
S01013018,Level 2,126,122,4,0,0,2,2
S01013018,Level 3,64,57,7,0,1,0,6
S01013018,Level 4 and above,334,312,22,0,1,1,20
S01013019,All people aged 16 and over,687,652,35,2,9,10,14
S01013019,No qualifications,69,67,2,0,0,1,1
S01013019,Level 1,117,112,5,0,2,0,3
S01013019,Level 2,98,93,5,0,1,1,3
S01013019,Level 3,57,55,2,1,0,0,1
S01013019,Level 4 and above,346,325,21,1,6,8,6
S01013020,All people aged 16 and over,405,389,16,3,2,1,10
S01013020,No qualifications,147,140,7,3,1,0,3
S01013020,Level 1,89,88,1,0,0,0,1
S01013020,Level 2,54,53,1,0,0,0,1
S01013020,Level 3,32,30,2,0,0,0,2
S01013020,Level 4 and above,83,78,5,0,1,1,3
S01013021,All people aged 16 and over,376,355,21,2,0,7,12
S01013021,No qualifications,96,93,3,0,0,0,3
S01013021,Level 1,111,109,2,0,0,0,2
S01013021,Level 2,69,69,0,0,0,0,0
S01013021,Level 3,30,29,1,0,0,0,1
S01013021,Level 4 and above,70,55,15,2,0,7,6
S01013022,All people aged 16 and over,324,307,17,3,5,1,8
S01013022,No qualifications,56,55,1,0,0,0,1
S01013022,Level 1,67,65,2,0,1,0,1
S01013022,Level 2,62,59,3,0,1,0,2
S01013022,Level 3,34,32,2,0,2,0,0
S01013022,Level 4 and above,105,96,9,3,1,1,4
S01013023,All people aged 16 and over,709,677,32,5,1,5,21
S01013023,No qualifications,93,90,3,2,0,0,1
S01013023,Level 1,113,107,6,0,1,2,3
S01013023,Level 2,86,85,1,0,0,0,1
S01013023,Level 3,64,61,3,1,0,1,1
S01013023,Level 4 and above,353,334,19,2,0,2,15
S01013024,All people aged 16 and over,422,405,17,1,1,3,12
S01013024,No qualifications,61,60,1,0,0,1,0
S01013024,Level 1,78,76,2,1,0,1,0
S01013024,Level 2,59,59,0,0,0,0,0
S01013024,Level 3,39,39,0,0,0,0,0
S01013024,Level 4 and above,185,171,14,0,1,1,12
S01013025,All people aged 16 and over,478,454,24,1,5,4,14
S01013025,No qualifications,115,114,1,0,0,0,1
S01013025,Level 1,102,95,7,1,2,0,4
S01013025,Level 2,60,59,1,0,0,0,1
S01013025,Level 3,47,42,5,0,1,0,4
S01013025,Level 4 and above,154,144,10,0,2,4,4
S01013026,All people aged 16 and over,812,776,36,8,2,6,20
S01013026,No qualifications,253,247,6,2,0,0,4
S01013026,Level 1,197,192,5,1,0,2,2
S01013026,Level 2,117,115,2,0,0,0,2
S01013026,Level 3,72,69,3,0,0,0,3
S01013026,Level 4 and above,173,153,20,5,2,4,9
S01013027,All people aged 16 and over,794,782,12,0,1,3,8
S01013027,No qualifications,340,338,2,0,1,0,1
S01013027,Level 1,231,227,4,0,0,0,4
S01013027,Level 2,95,94,1,0,0,0,1
S01013027,Level 3,49,49,0,0,0,0,0
S01013027,Level 4 and above,79,74,5,0,0,3,2
S01013028,All people aged 16 and over,393,367,26,6,4,3,13
S01013028,No qualifications,108,102,6,0,0,0,6
S01013028,Level 1,115,110,5,2,2,0,1
S01013028,Level 2,49,47,2,1,0,1,0
S01013028,Level 3,38,37,1,0,1,0,0
S01013028,Level 4 and above,83,71,12,3,1,2,6
S01013029,All people aged 16 and over,490,477,13,4,4,0,5
S01013029,No qualifications,228,227,1,0,1,0,0
S01013029,Level 1,141,138,3,1,1,0,1
S01013029,Level 2,58,57,1,0,0,0,1
S01013029,Level 3,21,19,2,0,0,0,2
S01013029,Level 4 and above,42,36,6,3,2,0,1
S01013030,All people aged 16 and over,481,470,11,1,0,2,8
S01013030,No qualifications,203,200,3,0,0,0,3
S01013030,Level 1,142,139,3,0,0,1,2
S01013030,Level 2,54,53,1,0,0,0,1
S01013030,Level 3,34,34,0,0,0,0,0
S01013030,Level 4 and above,48,44,4,1,0,1,2
S01013031,All people aged 16 and over,505,498,7,0,1,0,6
S01013031,No qualifications,223,219,4,0,1,0,3
S01013031,Level 1,153,151,2,0,0,0,2
S01013031,Level 2,55,55,0,0,0,0,0
S01013031,Level 3,31,30,1,0,0,0,1
S01013031,Level 4 and above,43,43,0,0,0,0,0
S01013032,All people aged 16 and over,571,532,39,3,4,17,15
S01013032,No qualifications,95,88,7,0,2,3,2
S01013032,Level 1,177,172,5,1,0,0,4
S01013032,Level 2,95,91,4,0,1,0,3
S01013032,Level 3,66,64,2,0,1,1,0
S01013032,Level 4 and above,138,117,21,2,0,13,6
S01013033,All people aged 16 and over,512,482,30,3,4,8,15
S01013033,No qualifications,115,110,5,0,0,0,5
S01013033,Level 1,180,175,5,2,1,2,0
S01013033,Level 2,73,71,2,0,0,1,1
S01013033,Level 3,56,52,4,0,1,1,2
S01013033,Level 4 and above,88,74,14,1,2,4,7
S01013034,All people aged 16 and over,576,564,12,2,3,3,4
S01013034,No qualifications,259,255,4,1,3,0,0
S01013034,Level 1,158,157,1,0,0,0,1
S01013034,Level 2,59,56,3,0,0,2,1
S01013034,Level 3,42,40,2,1,0,0,1
S01013034,Level 4 and above,58,56,2,0,0,1,1
S01013035,All people aged 16 and over,548,534,14,4,1,1,8
S01013035,No qualifications,238,232,6,0,1,1,4
S01013035,Level 1,184,181,3,2,0,0,1
S01013035,Level 2,58,58,0,0,0,0,0
S01013035,Level 3,29,28,1,0,0,0,1
S01013035,Level 4 and above,39,35,4,2,0,0,2
S01013036,All people aged 16 and over,605,600,5,0,1,0,4
S01013036,No qualifications,247,247,0,0,0,0,0
S01013036,Level 1,212,210,2,0,0,0,2
S01013036,Level 2,52,52,0,0,0,0,0
S01013036,Level 3,46,45,1,0,0,0,1
S01013036,Level 4 and above,48,46,2,0,1,0,1
S01013037,All people aged 16 and over,654,636,18,0,1,3,14
S01013037,No qualifications,155,154,1,0,0,0,1
S01013037,Level 1,167,159,8,0,0,0,8
S01013037,Level 2,110,109,1,0,0,0,1
S01013037,Level 3,62,61,1,0,0,0,1
S01013037,Level 4 and above,160,153,7,0,1,3,3
S01013038,All people aged 16 and over,811,780,31,4,4,7,16
S01013038,No qualifications,261,258,3,0,0,0,3
S01013038,Level 1,230,221,9,2,2,1,4
S01013038,Level 2,116,115,1,0,0,0,1
S01013038,Level 3,61,57,4,1,1,0,2
S01013038,Level 4 and above,143,129,14,1,1,6,6
S01013039,All people aged 16 and over,427,404,23,4,2,2,15
S01013039,No qualifications,45,41,4,0,0,1,3
S01013039,Level 1,119,118,1,1,0,0,0
S01013039,Level 2,93,91,2,0,0,0,2
S01013039,Level 3,41,36,5,0,0,0,5
S01013039,Level 4 and above,129,118,11,3,2,1,5
S01013040,All people aged 16 and over,544,529,15,5,1,3,6
S01013040,No qualifications,181,180,1,0,0,0,1
S01013040,Level 1,149,142,7,2,1,0,4
S01013040,Level 2,70,70,0,0,0,0,0
S01013040,Level 3,60,57,3,2,0,1,0
S01013040,Level 4 and above,84,80,4,1,0,2,1
S01013041,All people aged 16 and over,485,463,22,4,2,0,16
S01013041,No qualifications,143,138,5,0,0,0,5
S01013041,Level 1,126,124,2,2,0,0,0
S01013041,Level 2,68,64,4,1,1,0,2
S01013041,Level 3,45,45,0,0,0,0,0
S01013041,Level 4 and above,103,92,11,1,1,0,9
S01013042,All people aged 16 and over,650,632,18,0,7,2,9
S01013042,No qualifications,154,151,3,0,1,0,2
S01013042,Level 1,159,156,3,0,1,1,1
S01013042,Level 2,115,113,2,0,0,0,2
S01013042,Level 3,71,67,4,0,3,0,1
S01013042,Level 4 and above,151,145,6,0,2,1,3
S01013043,All people aged 16 and over,558,527,31,0,5,4,22
S01013043,No qualifications,219,204,15,0,2,3,10
S01013043,Level 1,167,160,7,0,2,1,4
S01013043,Level 2,62,60,2,0,0,0,2
S01013043,Level 3,49,45,4,0,1,0,3
S01013043,Level 4 and above,61,58,3,0,0,0,3
S01013044,All people aged 16 and over,649,625,24,1,4,4,15
S01013044,No qualifications,230,225,5,0,0,0,5
S01013044,Level 1,208,204,4,0,0,1,3
S01013044,Level 2,86,85,1,0,0,0,1
S01013044,Level 3,56,52,4,0,1,1,2
S01013044,Level 4 and above,69,59,10,1,3,2,4
S01013045,All people aged 16 and over,541,509,32,3,9,4,16
S01013045,No qualifications,149,140,9,1,1,0,7
S01013045,Level 1,142,134,8,0,4,1,3
S01013045,Level 2,72,71,1,0,0,0,1
S01013045,Level 3,55,54,1,0,0,0,1
S01013045,Level 4 and above,123,110,13,2,4,3,4
S01013046,All people aged 16 and over,421,404,17,0,4,3,10
S01013046,No qualifications,157,153,4,0,0,0,4
S01013046,Level 1,126,120,6,0,2,1,3
S01013046,Level 2,47,45,2,0,1,1,0
S01013046,Level 3,38,34,4,0,1,0,3
S01013046,Level 4 and above,53,52,1,0,0,1,0
S01013047,All people aged 16 and over,703,659,44,4,5,4,31
S01013047,No qualifications,89,78,11,0,0,0,11
S01013047,Level 1,167,161,6,1,1,0,4
S01013047,Level 2,129,125,4,1,1,0,2
S01013047,Level 3,105,101,4,0,0,1,3
S01013047,Level 4 and above,213,194,19,2,3,3,11
S01013048,All people aged 16 and over,684,641,43,6,11,11,15
S01013048,No qualifications,124,122,2,0,0,0,2
S01013048,Level 1,172,159,13,0,4,3,6
S01013048,Level 2,130,126,4,0,1,0,3
S01013048,Level 3,67,61,6,0,3,2,1
S01013048,Level 4 and above,191,173,18,6,3,6,3
S01013049,All people aged 16 and over,685,647,38,6,5,5,22
S01013049,No qualifications,105,103,2,0,0,0,2
S01013049,Level 1,173,167,6,1,1,0,4
S01013049,Level 2,108,105,3,0,0,0,3
S01013049,Level 3,72,69,3,0,0,1,2
S01013049,Level 4 and above,227,203,24,5,4,4,11
S01013050,All people aged 16 and over,649,624,25,2,6,4,13
S01013050,No qualifications,188,186,2,0,0,0,2
S01013050,Level 1,169,165,4,0,0,0,4
S01013050,Level 2,89,84,5,2,1,0,2
S01013050,Level 3,71,68,3,0,2,0,1
S01013050,Level 4 and above,132,121,11,0,3,4,4
S01013051,All people aged 16 and over,763,745,18,0,3,0,15
S01013051,No qualifications,249,244,5,0,0,0,5
S01013051,Level 1,240,237,3,0,1,0,2
S01013051,Level 2,94,92,2,0,0,0,2
S01013051,Level 3,63,62,1,0,1,0,0
S01013051,Level 4 and above,117,110,7,0,1,0,6
S01013052,All people aged 16 and over,637,624,13,0,1,3,9
S01013052,No qualifications,232,229,3,0,0,2,1
S01013052,Level 1,164,162,2,0,0,0,2
S01013052,Level 2,79,78,1,0,0,0,1
S01013052,Level 3,51,48,3,0,0,0,3
S01013052,Level 4 and above,111,107,4,0,1,1,2
S01013053,All people aged 16 and over,526,495,31,6,4,9,12
S01013053,No qualifications,202,195,7,1,0,2,4
S01013053,Level 1,153,148,5,0,1,2,2
S01013053,Level 2,47,44,3,2,0,0,1
S01013053,Level 3,41,35,6,2,1,2,1
S01013053,Level 4 and above,83,73,10,1,2,3,4
S01013054,All people aged 16 and over,577,553,24,3,3,6,12
S01013054,No qualifications,165,162,3,0,0,1,2
S01013054,Level 1,155,149,6,1,1,1,3
S01013054,Level 2,70,67,3,0,0,1,2
S01013054,Level 3,51,49,2,0,2,0,0
S01013054,Level 4 and above,136,126,10,2,0,3,5
S01013055,All people aged 16 and over,581,546,35,5,9,5,16
S01013055,No qualifications,190,182,8,0,0,0,8
S01013055,Level 1,171,160,11,2,4,2,3
S01013055,Level 2,71,69,2,0,0,0,2
S01013055,Level 3,42,39,3,0,2,1,0
S01013055,Level 4 and above,107,96,11,3,3,2,3
S01013056,All people aged 16 and over,774,737,37,4,7,6,20
S01013056,No qualifications,293,282,11,2,0,1,8
S01013056,Level 1,215,206,9,0,2,0,7
S01013056,Level 2,86,84,2,0,0,1,1
S01013056,Level 3,71,67,4,0,3,1,0
S01013056,Level 4 and above,109,98,11,2,2,3,4
S01013057,All people aged 16 and over,641,613,28,4,2,5,17
S01013057,No qualifications,227,222,5,1,0,1,3
S01013057,Level 1,205,200,5,0,0,1,4
S01013057,Level 2,66,64,2,0,0,0,2
S01013057,Level 3,48,45,3,0,0,0,3
S01013057,Level 4 and above,95,82,13,3,2,3,5
S01013058,All people aged 16 and over,420,381,39,6,8,4,21
S01013058,No qualifications,33,26,7,0,3,2,2
S01013058,Level 1,75,73,2,1,0,0,1
S01013058,Level 2,80,77,3,0,2,0,1
S01013058,Level 3,49,45,4,0,2,0,2
S01013058,Level 4 and above,183,160,23,5,1,2,15
S01013059,All people aged 16 and over,669,636,33,3,6,5,19
S01013059,No qualifications,129,121,8,0,2,0,6
S01013059,Level 1,110,109,1,0,0,0,1
S01013059,Level 2,86,83,3,1,0,0,2
S01013059,Level 3,58,56,2,0,0,0,2
S01013059,Level 4 and above,286,267,19,2,4,5,8
S01013060,All people aged 16 and over,449,417,32,8,2,4,18
S01013060,No qualifications,70,68,2,1,0,1,0
S01013060,Level 1,72,67,5,1,1,1,2
S01013060,Level 2,52,46,6,1,0,0,5
S01013060,Level 3,38,37,1,0,0,0,1
S01013060,Level 4 and above,217,199,18,5,1,2,10
S01013061,All people aged 16 and over,683,650,33,13,1,2,17
S01013061,No qualifications,79,76,3,0,0,0,3
S01013061,Level 1,93,92,1,0,0,0,1
S01013061,Level 2,94,91,3,1,0,1,1
S01013061,Level 3,64,61,3,0,0,1,2
S01013061,Level 4 and above,353,330,23,12,1,0,10
S01013062,All people aged 16 and over,746,677,69,30,5,5,29
S01013062,No qualifications,83,79,4,0,0,0,4
S01013062,Level 1,106,99,7,3,0,0,4
S01013062,Level 2,78,74,4,4,0,0,0
S01013062,Level 3,53,44,9,2,1,1,5
S01013062,Level 4 and above,426,381,45,21,4,4,16
S01013063,All people aged 16 and over,678,609,69,12,7,7,43
S01013063,No qualifications,73,62,11,0,1,1,9
S01013063,Level 1,70,63,7,2,1,0,4
S01013063,Level 2,88,85,3,1,0,1,1
S01013063,Level 3,49,46,3,0,1,0,2
S01013063,Level 4 and above,398,353,45,9,4,5,27
S01013064,All people aged 16 and over,714,680,34,3,8,4,19
S01013064,No qualifications,255,246,9,0,1,0,8
S01013064,Level 1,188,178,10,1,2,2,5
S01013064,Level 2,104,104,0,0,0,0,0
S01013064,Level 3,55,54,1,0,0,1,0
S01013064,Level 4 and above,112,98,14,2,5,1,6
S01013065,All people aged 16 and over,731,683,48,18,13,8,9
S01013065,No qualifications,207,204,3,0,1,0,2
S01013065,Level 1,189,181,8,3,3,0,2
S01013065,Level 2,112,105,7,4,0,2,1
S01013065,Level 3,72,64,8,6,1,1,0
S01013065,Level 4 and above,151,129,22,5,8,5,4
S01013066,All people aged 16 and over,614,577,37,2,3,13,19
S01013066,No qualifications,181,179,2,0,0,0,2
S01013066,Level 1,136,128,8,1,0,2,5
S01013066,Level 2,80,76,4,0,0,0,4
S01013066,Level 3,63,61,2,0,0,1,1
S01013066,Level 4 and above,154,133,21,1,3,10,7
S01013067,All people aged 16 and over,774,542,232,130,54,22,26
S01013067,No qualifications,44,37,7,1,2,1,3
S01013067,Level 1,97,59,38,16,12,7,3
S01013067,Level 2,262,243,19,5,2,2,10
S01013067,Level 3,77,53,24,15,4,2,3
S01013067,Level 4 and above,294,150,144,93,34,10,7
S01013068,All people aged 16 and over,659,544,115,52,29,20,14
S01013068,No qualifications,116,110,6,1,1,2,2
S01013068,Level 1,125,102,23,13,9,1,0
S01013068,Level 2,134,125,9,2,2,3,2
S01013068,Level 3,68,54,14,9,3,2,0
S01013068,Level 4 and above,216,153,63,27,14,12,10
S01013069,All people aged 16 and over,670,531,139,65,27,18,29
S01013069,No qualifications,85,73,12,6,1,3,2
S01013069,Level 1,108,80,28,15,7,1,5
S01013069,Level 2,200,181,19,6,3,0,10
S01013069,Level 3,43,36,7,1,3,1,2
S01013069,Level 4 and above,234,161,73,37,13,13,10
S01013070,All people aged 16 and over,561,424,137,92,27,10,8
S01013070,No qualifications,93,83,10,8,1,1,0
S01013070,Level 1,88,62,26,13,6,4,3
S01013070,Level 2,132,124,8,1,3,1,3
S01013070,Level 3,70,59,11,6,2,2,1
S01013070,Level 4 and above,178,96,82,64,15,2,1
S01013071,All people aged 16 and over,924,664,260,132,59,39,30
S01013071,No qualifications,52,39,13,8,1,1,3
S01013071,Level 1,121,63,58,28,22,8,0
S01013071,Level 2,366,344,22,8,2,4,8
S01013071,Level 3,71,47,24,10,7,2,5
S01013071,Level 4 and above,314,171,143,78,27,24,14
S01013072,All people aged 16 and over,433,425,8,0,3,2,3
S01013072,No qualifications,240,239,1,0,0,0,1
S01013072,Level 1,106,105,1,0,1,0,0
S01013072,Level 2,34,33,1,0,0,0,1
S01013072,Level 3,17,15,2,0,0,2,0
S01013072,Level 4 and above,36,33,3,0,2,0,1
S01013073,All people aged 16 and over,639,577,62,15,16,13,18
S01013073,No qualifications,227,220,7,2,0,1,4
S01013073,Level 1,153,143,10,1,4,4,1
S01013073,Level 2,75,71,4,0,1,1,2
S01013073,Level 3,37,31,6,2,1,3,0
S01013073,Level 4 and above,147,112,35,10,10,4,11
S01013074,All people aged 16 and over,526,497,29,8,10,6,5
S01013074,No qualifications,243,239,4,0,1,1,2
S01013074,Level 1,144,137,7,1,3,2,1
S01013074,Level 2,58,58,0,0,0,0,0
S01013074,Level 3,34,30,4,1,2,1,0
S01013074,Level 4 and above,47,33,14,6,4,2,2
S01013075,All people aged 16 and over,750,700,50,16,7,13,14
S01013075,No qualifications,358,348,10,2,0,3,5
S01013075,Level 1,173,162,11,5,1,2,3
S01013075,Level 2,79,74,5,0,0,3,2
S01013075,Level 3,48,42,6,0,4,0,2
S01013075,Level 4 and above,92,74,18,9,2,5,2
S01013076,All people aged 16 and over,652,450,202,160,15,14,13
S01013076,No qualifications,60,49,11,7,0,0,4
S01013076,Level 1,111,76,35,31,2,0,2
S01013076,Level 2,192,171,21,10,4,4,3
S01013076,Level 3,44,39,5,1,1,2,1
S01013076,Level 4 and above,245,115,130,111,8,8,3
S01013077,All people aged 16 and over,544,507,37,7,6,10,14
S01013077,No qualifications,215,208,7,1,0,2,4
S01013077,Level 1,161,148,13,0,4,3,6
S01013077,Level 2,45,43,2,0,0,0,2
S01013077,Level 3,45,45,0,0,0,0,0
S01013077,Level 4 and above,78,63,15,6,2,5,2
S01013078,All people aged 16 and over,436,406,30,8,6,6,10
S01013078,No qualifications,154,147,7,3,1,1,2
S01013078,Level 1,142,131,11,4,3,1,3
S01013078,Level 2,37,37,0,0,0,0,0
S01013078,Level 3,37,35,2,0,0,1,1
S01013078,Level 4 and above,66,56,10,1,2,3,4
S01013079,All people aged 16 and over,1086,1001,85,18,10,11,46
S01013079,No qualifications,249,235,14,5,0,3,6
S01013079,Level 1,230,211,19,5,4,3,7
S01013079,Level 2,169,162,7,0,2,1,4
S01013079,Level 3,86,85,1,0,0,1,0
S01013079,Level 4 and above,352,308,44,8,4,3,29
S01013080,All people aged 16 and over,738,645,93,35,24,8,26
S01013080,No qualifications,131,118,13,2,4,1,6
S01013080,Level 1,109,92,17,7,4,3,3
S01013080,Level 2,119,108,11,3,1,0,7
S01013080,Level 3,70,65,5,2,2,0,1
S01013080,Level 4 and above,309,262,47,21,13,4,9
S01013081,All people aged 16 and over,548,525,23,3,1,3,16
S01013081,No qualifications,78,75,3,0,0,0,3
S01013081,Level 1,95,92,3,1,0,0,2
S01013081,Level 2,84,81,3,0,0,1,2
S01013081,Level 3,69,64,5,0,0,1,4
S01013081,Level 4 and above,222,213,9,2,1,1,5
S01013082,All people aged 16 and over,736,696,40,4,4,4,28
S01013082,No qualifications,125,118,7,1,2,0,4
S01013082,Level 1,151,148,3,1,0,0,2
S01013082,Level 2,123,119,4,0,0,0,4
S01013082,Level 3,99,94,5,1,1,1,2
S01013082,Level 4 and above,238,217,21,1,1,3,16
S01013083,All people aged 16 and over,2207,1757,450,332,43,27,48
S01013083,No qualifications,81,49,32,31,0,1,0
S01013083,Level 1,246,106,140,126,6,4,4
S01013083,Level 2,1315,1229,86,35,8,14,29
S01013083,Level 3,198,148,50,37,5,2,6
S01013083,Level 4 and above,367,225,142,103,24,6,9
S01013084,All people aged 16 and over,624,586,38,6,5,2,25
S01013084,No qualifications,80,74,6,0,0,0,6
S01013084,Level 1,86,81,5,0,0,0,5
S01013084,Level 2,101,96,5,1,2,0,2
S01013084,Level 3,64,61,3,0,0,0,3
S01013084,Level 4 and above,293,274,19,5,3,2,9
S01013085,All people aged 16 and over,596,415,181,155,5,4,17
S01013085,No qualifications,169,154,15,12,0,1,2
S01013085,Level 1,97,78,19,15,0,0,4
S01013085,Level 2,50,46,4,2,0,0,2
S01013085,Level 3,31,28,3,1,0,1,1
S01013085,Level 4 and above,249,109,140,125,5,2,8
S01013086,All people aged 16 and over,760,634,126,44,34,16,32
S01013086,No qualifications,95,80,15,0,5,3,7
S01013086,Level 1,81,69,12,4,3,2,3
S01013086,Level 2,124,115,9,4,2,1,2
S01013086,Level 3,63,53,10,4,4,1,1
S01013086,Level 4 and above,397,317,80,32,20,9,19
S01013087,All people aged 16 and over,689,558,131,64,19,14,34
S01013087,No qualifications,68,60,8,2,1,0,5
S01013087,Level 1,65,51,14,13,0,1,0
S01013087,Level 2,85,79,6,3,0,1,2
S01013087,Level 3,39,36,3,1,0,1,1
S01013087,Level 4 and above,432,332,100,45,18,11,26
S01013088,All people aged 16 and over,773,722,51,6,5,3,37
S01013088,No qualifications,73,72,1,0,0,0,1
S01013088,Level 1,87,84,3,0,0,0,3
S01013088,Level 2,104,100,4,0,1,0,3
S01013088,Level 3,67,58,9,0,0,1,8
S01013088,Level 4 and above,442,408,34,6,4,2,22
S01013089,All people aged 16 and over,633,571,62,19,8,19,16
S01013089,No qualifications,151,145,6,0,0,3,3
S01013089,Level 1,123,111,12,5,1,2,4
S01013089,Level 2,89,88,1,0,0,0,1
S01013089,Level 3,48,44,4,0,3,1,0
S01013089,Level 4 and above,222,183,39,14,4,13,8
S01013090,All people aged 16 and over,688,565,123,59,37,9,18
S01013090,No qualifications,78,70,8,0,3,2,3
S01013090,Level 1,94,77,17,4,7,1,5
S01013090,Level 2,134,126,8,1,4,1,2
S01013090,Level 3,44,31,13,10,3,0,0
S01013090,Level 4 and above,338,261,77,44,20,5,8
S01013091,All people aged 16 and over,462,354,108,59,27,12,10
S01013091,No qualifications,26,23,3,1,0,1,1
S01013091,Level 1,63,41,22,13,8,1,0
S01013091,Level 2,107,100,7,3,2,1,1
S01013091,Level 3,38,35,3,1,2,0,0
S01013091,Level 4 and above,228,155,73,41,15,9,8
S01013092,All people aged 16 and over,741,652,89,36,21,13,19
S01013092,No qualifications,124,118,6,1,0,2,3
S01013092,Level 1,148,135,13,3,6,2,2
S01013092,Level 2,132,123,9,2,3,2,2
S01013092,Level 3,61,49,12,6,3,3,0
S01013092,Level 4 and above,276,227,49,24,9,4,12
S01013093,All people aged 16 and over,410,376,34,2,6,1,25
S01013093,No qualifications,50,48,2,0,0,0,2
S01013093,Level 1,84,75,9,1,4,0,4
S01013093,Level 2,58,55,3,0,0,0,3
S01013093,Level 3,31,29,2,0,0,0,2
S01013093,Level 4 and above,187,169,18,1,2,1,14
S01013094,All people aged 16 and over,477,462,15,0,1,1,13
S01013094,No qualifications,23,23,0,0,0,0,0
S01013094,Level 1,78,77,1,0,0,0,1
S01013094,Level 2,65,64,1,0,0,0,1
S01013094,Level 3,43,42,1,0,1,0,0
S01013094,Level 4 and above,268,256,12,0,0,1,11
S01013095,All people aged 16 and over,632,589,43,5,5,0,33
S01013095,No qualifications,33,31,2,0,0,0,2
S01013095,Level 1,67,62,5,1,1,0,3
S01013095,Level 2,88,85,3,0,0,0,3
S01013095,Level 3,38,37,1,0,0,0,1
S01013095,Level 4 and above,406,374,32,4,4,0,24
S01013096,All people aged 16 and over,448,392,56,13,1,13,29
S01013096,No qualifications,103,100,3,0,0,0,3
S01013096,Level 1,122,95,27,11,0,5,11
S01013096,Level 2,84,76,8,0,1,2,5
S01013096,Level 3,34,30,4,0,0,0,4
S01013096,Level 4 and above,105,91,14,2,0,6,6
S01013097,All people aged 16 and over,494,460,34,3,4,0,27
S01013097,No qualifications,56,53,3,1,0,0,2
S01013097,Level 1,63,56,7,1,1,0,5
S01013097,Level 2,73,68,5,1,1,0,3
S01013097,Level 3,40,39,1,0,0,0,1
S01013097,Level 4 and above,262,244,18,0,2,0,16
S01013098,All people aged 16 and over,421,398,23,1,1,2,19
S01013098,No qualifications,11,10,1,0,0,1,0
S01013098,Level 1,53,51,2,0,0,0,2
S01013098,Level 2,38,36,2,1,0,0,1
S01013098,Level 3,44,42,2,0,0,0,2
S01013098,Level 4 and above,275,259,16,0,1,1,14
S01013099,All people aged 16 and over,791,724,67,16,7,5,39
S01013099,No qualifications,132,123,9,0,0,0,9
S01013099,Level 1,118,102,16,6,6,2,2
S01013099,Level 2,84,78,6,0,0,1,5
S01013099,Level 3,66,62,4,1,0,0,3
S01013099,Level 4 and above,391,359,32,9,1,2,20
S01013100,All people aged 16 and over,495,459,36,6,2,4,24
S01013100,No qualifications,57,54,3,0,1,0,2
S01013100,Level 1,49,43,6,2,0,2,2
S01013100,Level 2,45,44,1,0,0,0,1
S01013100,Level 3,30,27,3,1,0,0,2
S01013100,Level 4 and above,314,291,23,3,1,2,17
S01013101,All people aged 16 and over,835,803,32,0,4,5,23
S01013101,No qualifications,259,251,8,0,0,1,7
S01013101,Level 1,170,166,4,0,2,1,1
S01013101,Level 2,109,107,2,0,0,0,2
S01013101,Level 3,73,72,1,0,0,0,1
S01013101,Level 4 and above,224,207,17,0,2,3,12
S01013102,All people aged 16 and over,501,469,32,0,4,7,21
S01013102,No qualifications,93,91,2,0,0,0,2
S01013102,Level 1,67,63,4,0,0,2,2
S01013102,Level 2,59,58,1,0,0,0,1
S01013102,Level 3,42,38,4,0,0,2,2
S01013102,Level 4 and above,240,219,21,0,4,3,14
S01013103,All people aged 16 and over,619,597,22,0,0,4,18
S01013103,No qualifications,37,35,2,0,0,0,2
S01013103,Level 1,100,99,1,0,0,0,1
S01013103,Level 2,98,97,1,0,0,0,1
S01013103,Level 3,64,62,2,0,0,1,1
S01013103,Level 4 and above,320,304,16,0,0,3,13
S01013104,All people aged 16 and over,795,761,34,0,4,2,28
S01013104,No qualifications,90,84,6,0,0,0,6
S01013104,Level 1,127,125,2,0,1,0,1
S01013104,Level 2,128,127,1,0,0,0,1
S01013104,Level 3,69,66,3,0,0,0,3
S01013104,Level 4 and above,381,359,22,0,3,2,17
S01013105,All people aged 16 and over,732,688,44,2,5,0,37
S01013105,No qualifications,82,80,2,0,0,0,2
S01013105,Level 1,103,97,6,2,0,0,4
S01013105,Level 2,107,101,6,0,0,0,6
S01013105,Level 3,59,57,2,0,0,0,2
S01013105,Level 4 and above,381,353,28,0,5,0,23
S01013106,All people aged 16 and over,659,634,25,3,3,1,18
S01013106,No qualifications,145,143,2,0,0,0,2
S01013106,Level 1,146,143,3,2,0,0,1
S01013106,Level 2,88,87,1,0,0,0,1
S01013106,Level 3,68,67,1,0,0,0,1
S01013106,Level 4 and above,212,194,18,1,3,1,13
S01013107,All people aged 16 and over,556,540,16,1,1,0,14
S01013107,No qualifications,75,75,0,0,0,0,0
S01013107,Level 1,92,89,3,0,0,0,3
S01013107,Level 2,77,76,1,0,0,0,1
S01013107,Level 3,60,58,2,0,0,0,2
S01013107,Level 4 and above,252,242,10,1,1,0,8
S01013108,All people aged 16 and over,478,459,19,2,1,1,15
S01013108,No qualifications,101,98,3,0,0,0,3
S01013108,Level 1,96,93,3,0,0,1,2
S01013108,Level 2,68,68,0,0,0,0,0
S01013108,Level 3,60,57,3,0,0,0,3
S01013108,Level 4 and above,153,143,10,2,1,0,7
S01013109,All people aged 16 and over,888,818,70,32,4,5,29
S01013109,No qualifications,199,185,14,10,1,1,2
S01013109,Level 1,161,153,8,2,2,0,4
S01013109,Level 2,117,111,6,2,0,1,3
S01013109,Level 3,63,59,4,1,0,0,3
S01013109,Level 4 and above,348,310,38,17,1,3,17
S01013110,All people aged 16 and over,488,454,34,3,6,7,18
S01013110,No qualifications,103,95,8,0,5,2,1
S01013110,Level 1,78,78,0,0,0,0,0
S01013110,Level 2,72,71,1,0,0,0,1
S01013110,Level 3,47,44,3,0,1,1,1
S01013110,Level 4 and above,188,166,22,3,0,4,15
S01013111,All people aged 16 and over,376,358,18,0,2,3,13
S01013111,No qualifications,63,59,4,0,2,0,2
S01013111,Level 1,55,54,1,0,0,1,0
S01013111,Level 2,51,45,6,0,0,0,6
S01013111,Level 3,28,27,1,0,0,1,0
S01013111,Level 4 and above,179,173,6,0,0,1,5
S01013112,All people aged 16 and over,489,466,23,3,5,1,14
S01013112,No qualifications,90,88,2,0,0,0,2
S01013112,Level 1,115,109,6,0,3,0,3
S01013112,Level 2,74,68,6,3,0,1,2
S01013112,Level 3,57,56,1,0,1,0,0
S01013112,Level 4 and above,153,145,8,0,1,0,7
S01013113,All people aged 16 and over,680,643,37,2,3,4,28
S01013113,No qualifications,238,231,7,0,0,0,7
S01013113,Level 1,187,180,7,0,0,1,6
S01013113,Level 2,80,75,5,0,0,1,4
S01013113,Level 3,42,41,1,0,0,0,1
S01013113,Level 4 and above,133,116,17,2,3,2,10
S01013114,All people aged 16 and over,676,595,81,28,12,14,27
S01013114,No qualifications,129,123,6,1,0,0,5
S01013114,Level 1,159,128,31,17,4,8,2
S01013114,Level 2,92,86,6,0,1,1,4
S01013114,Level 3,58,51,7,0,1,1,5
S01013114,Level 4 and above,238,207,31,10,6,4,11
S01013115,All people aged 16 and over,574,526,48,4,16,9,19
S01013115,No qualifications,141,134,7,0,0,1,6
S01013115,Level 1,125,111,14,4,5,1,4
S01013115,Level 2,92,86,6,0,2,3,1
S01013115,Level 3,47,44,3,0,1,1,1
S01013115,Level 4 and above,169,151,18,0,8,3,7
S01013116,All people aged 16 and over,682,642,40,6,7,7,20
S01013116,No qualifications,107,104,3,1,0,0,2
S01013116,Level 1,102,97,5,0,2,1,2
S01013116,Level 2,97,93,4,0,0,1,3
S01013116,Level 3,72,68,4,1,0,2,1
S01013116,Level 4 and above,304,280,24,4,5,3,12
S01013117,All people aged 16 and over,510,466,44,17,8,5,14
S01013117,No qualifications,107,106,1,1,0,0,0
S01013117,Level 1,117,103,14,7,4,1,2
S01013117,Level 2,88,80,8,3,1,2,2
S01013117,Level 3,38,37,1,0,0,0,1
S01013117,Level 4 and above,160,140,20,6,3,2,9
S01013118,All people aged 16 and over,454,385,69,27,20,6,16
S01013118,No qualifications,59,57,2,0,0,0,2
S01013118,Level 1,102,79,23,17,4,1,1
S01013118,Level 2,66,63,3,1,0,0,2
S01013118,Level 3,34,24,10,3,3,2,2
S01013118,Level 4 and above,193,162,31,6,13,3,9
S01013119,All people aged 16 and over,668,625,43,10,6,6,21
S01013119,No qualifications,143,136,7,0,2,0,5
S01013119,Level 1,131,127,4,2,1,0,1
S01013119,Level 2,78,77,1,1,0,0,0
S01013119,Level 3,54,51,3,1,1,0,1
S01013119,Level 4 and above,262,234,28,6,2,6,14
S01013120,All people aged 16 and over,832,768,64,20,11,3,30
S01013120,No qualifications,209,205,4,0,0,0,4
S01013120,Level 1,165,152,13,5,4,1,3
S01013120,Level 2,119,113,6,1,2,0,3
S01013120,Level 3,89,78,11,7,0,1,3
S01013120,Level 4 and above,250,220,30,7,5,1,17
S01013121,All people aged 16 and over,332,281,51,23,9,6,13
S01013121,No qualifications,84,77,7,1,1,0,5
S01013121,Level 1,84,68,16,8,6,2,0
S01013121,Level 2,45,36,9,6,0,1,2
S01013121,Level 3,25,24,1,1,0,0,0
S01013121,Level 4 and above,94,76,18,7,2,3,6
S01013122,All people aged 16 and over,481,384,97,6,55,17,19
S01013122,No qualifications,206,171,35,1,19,5,10
S01013122,Level 1,118,89,29,3,14,8,4
S01013122,Level 2,50,46,4,1,2,0,1
S01013122,Level 3,42,31,11,0,7,1,3
S01013122,Level 4 and above,65,47,18,1,13,3,1
S01013123,All people aged 16 and over,614,587,27,4,4,7,12
S01013123,No qualifications,197,188,9,2,2,0,5
S01013123,Level 1,150,146,4,0,0,2,2
S01013123,Level 2,104,100,4,2,1,0,1
S01013123,Level 3,67,63,4,0,0,1,3
S01013123,Level 4 and above,96,90,6,0,1,4,1
S01013124,All people aged 16 and over,597,573,24,1,2,1,20
S01013124,No qualifications,220,204,16,1,0,0,15
S01013124,Level 1,149,145,4,0,2,0,2
S01013124,Level 2,80,79,1,0,0,0,1
S01013124,Level 3,64,63,1,0,0,0,1
S01013124,Level 4 and above,84,82,2,0,0,1,1
S01013125,All people aged 16 and over,688,661,27,2,2,2,21
S01013125,No qualifications,236,225,11,0,1,0,10
S01013125,Level 1,162,155,7,0,1,1,5
S01013125,Level 2,94,91,3,1,0,0,2
S01013125,Level 3,80,78,2,0,0,0,2
S01013125,Level 4 and above,116,112,4,1,0,1,2
S01013126,All people aged 16 and over,580,559,21,0,1,2,18
S01013126,No qualifications,229,219,10,0,1,0,9
S01013126,Level 1,172,171,1,0,0,0,1
S01013126,Level 2,71,70,1,0,0,0,1
S01013126,Level 3,59,57,2,0,0,0,2
S01013126,Level 4 and above,49,42,7,0,0,2,5
S01013127,All people aged 16 and over,625,591,34,0,2,13,19
S01013127,No qualifications,264,244,20,0,1,5,14
S01013127,Level 1,180,173,7,0,0,4,3
S01013127,Level 2,61,60,1,0,0,1,0
S01013127,Level 3,60,59,1,0,0,1,0
S01013127,Level 4 and above,60,55,5,0,1,2,2
S01013128,All people aged 16 and over,559,533,26,9,3,4,10
S01013128,No qualifications,174,166,8,2,1,0,5
S01013128,Level 1,156,146,10,4,1,2,3
S01013128,Level 2,80,78,2,2,0,0,0
S01013128,Level 3,70,68,2,0,1,0,1
S01013128,Level 4 and above,79,75,4,1,0,2,1
S01013129,All people aged 16 and over,972,927,45,3,7,3,32
S01013129,No qualifications,320,305,15,0,3,1,11
S01013129,Level 1,223,216,7,1,1,0,5
S01013129,Level 2,133,129,4,0,1,0,3
S01013129,Level 3,134,127,7,1,1,0,5
S01013129,Level 4 and above,162,150,12,1,1,2,8
S01013130,All people aged 16 and over,541,504,37,3,11,9,14
S01013130,No qualifications,184,175,9,0,0,1,8
S01013130,Level 1,160,153,7,3,0,3,1
S01013130,Level 2,61,58,3,0,1,0,2
S01013130,Level 3,63,59,4,0,2,1,1
S01013130,Level 4 and above,73,59,14,0,8,4,2
S01013131,All people aged 16 and over,507,485,22,0,2,4,16
S01013131,No qualifications,139,134,5,0,0,0,5
S01013131,Level 1,175,169,6,0,1,0,5
S01013131,Level 2,69,68,1,0,0,0,1
S01013131,Level 3,53,49,4,0,0,2,2
S01013131,Level 4 and above,71,65,6,0,1,2,3
S01013132,All people aged 16 and over,481,463,18,1,0,3,14
S01013132,No qualifications,165,155,10,0,0,0,10
S01013132,Level 1,139,135,4,1,0,2,1
S01013132,Level 2,64,64,0,0,0,0,0
S01013132,Level 3,46,45,1,0,0,0,1
S01013132,Level 4 and above,67,64,3,0,0,1,2
S01013133,All people aged 16 and over,774,746,28,2,3,4,19
S01013133,No qualifications,358,347,11,0,0,1,10
S01013133,Level 1,158,155,3,0,0,0,3
S01013133,Level 2,97,94,3,1,0,0,2
S01013133,Level 3,79,75,4,0,1,1,2
S01013133,Level 4 and above,82,75,7,1,2,2,2
S01013134,All people aged 16 and over,669,643,26,3,1,2,20
S01013134,No qualifications,220,208,12,0,0,1,11
S01013134,Level 1,156,151,5,1,0,0,4
S01013134,Level 2,94,92,2,0,0,0,2
S01013134,Level 3,64,63,1,0,1,0,0
S01013134,Level 4 and above,135,129,6,2,0,1,3
S01013135,All people aged 16 and over,604,572,32,1,8,4,19
S01013135,No qualifications,243,232,11,0,1,1,9
S01013135,Level 1,181,172,9,0,2,0,7
S01013135,Level 2,68,66,2,0,0,1,1
S01013135,Level 3,66,66,0,0,0,0,0
S01013135,Level 4 and above,46,36,10,1,5,2,2
S01013136,All people aged 16 and over,787,759,28,0,2,7,19
S01013136,No qualifications,332,319,13,0,2,3,8
S01013136,Level 1,217,213,4,0,0,2,2
S01013136,Level 2,92,89,3,0,0,0,3
S01013136,Level 3,72,70,2,0,0,0,2
S01013136,Level 4 and above,74,68,6,0,0,2,4
S01013137,All people aged 16 and over,627,598,29,2,2,3,22
S01013137,No qualifications,273,254,19,1,0,1,17
S01013137,Level 1,164,159,5,0,1,0,4
S01013137,Level 2,75,74,1,0,1,0,0
S01013137,Level 3,62,61,1,1,0,0,0
S01013137,Level 4 and above,53,50,3,0,0,2,1
S01013138,All people aged 16 and over,517,493,24,5,4,5,10
S01013138,No qualifications,203,199,4,0,1,0,3
S01013138,Level 1,152,146,6,1,2,0,3
S01013138,Level 2,62,61,1,0,0,1,0
S01013138,Level 3,47,43,4,0,0,3,1
S01013138,Level 4 and above,53,44,9,4,1,1,3
S01013139,All people aged 16 and over,710,674,36,2,1,6,27
S01013139,No qualifications,295,275,20,0,0,0,20
S01013139,Level 1,176,171,5,0,0,1,4
S01013139,Level 2,80,74,6,0,0,4,2
S01013139,Level 3,68,67,1,0,0,1,0
S01013139,Level 4 and above,91,87,4,2,1,0,1
S01013140,All people aged 16 and over,672,648,24,1,3,2,18
S01013140,No qualifications,298,287,11,0,0,0,11
S01013140,Level 1,185,179,6,1,3,2,0
S01013140,Level 2,75,74,1,0,0,0,1
S01013140,Level 3,53,50,3,0,0,0,3
S01013140,Level 4 and above,61,58,3,0,0,0,3
S01013141,All people aged 16 and over,539,523,16,0,5,4,7
S01013141,No qualifications,214,209,5,0,0,0,5
S01013141,Level 1,134,125,9,0,5,2,2
S01013141,Level 2,63,63,0,0,0,0,0
S01013141,Level 3,47,46,1,0,0,1,0
S01013141,Level 4 and above,81,80,1,0,0,1,0
S01013142,All people aged 16 and over,750,723,27,3,0,8,16
S01013142,No qualifications,382,372,10,0,0,0,10
S01013142,Level 1,181,174,7,2,0,1,4
S01013142,Level 2,59,56,3,0,0,1,2
S01013142,Level 3,58,57,1,0,0,1,0
S01013142,Level 4 and above,70,64,6,1,0,5,0
S01013143,All people aged 16 and over,728,699,29,3,1,5,20
S01013143,No qualifications,269,253,16,0,0,2,14
S01013143,Level 1,182,180,2,0,0,0,2
S01013143,Level 2,95,95,0,0,0,0,0
S01013143,Level 3,88,84,4,1,0,0,3
S01013143,Level 4 and above,94,87,7,2,1,3,1
S01013144,All people aged 16 and over,782,756,26,0,3,4,19
S01013144,No qualifications,308,301,7,0,1,1,5
S01013144,Level 1,182,174,8,0,1,2,5
S01013144,Level 2,107,104,3,0,0,0,3
S01013144,Level 3,69,65,4,0,0,0,4
S01013144,Level 4 and above,116,112,4,0,1,1,2
S01013145,All people aged 16 and over,608,589,19,1,1,2,15
S01013145,No qualifications,229,219,10,0,1,0,9
S01013145,Level 1,129,126,3,0,0,1,2
S01013145,Level 2,97,97,0,0,0,0,0
S01013145,Level 3,59,59,0,0,0,0,0
S01013145,Level 4 and above,94,88,6,1,0,1,4
S01013146,All people aged 16 and over,369,363,6,0,0,1,5
S01013146,No qualifications,141,137,4,0,0,0,4
S01013146,Level 1,93,92,1,0,0,0,1
S01013146,Level 2,54,54,0,0,0,0,0
S01013146,Level 3,39,39,0,0,0,0,0
S01013146,Level 4 and above,42,41,1,0,0,1,0
S01013147,All people aged 16 and over,595,556,39,0,6,13,20
S01013147,No qualifications,173,162,11,0,1,1,9
S01013147,Level 1,153,150,3,0,0,2,1
S01013147,Level 2,93,91,2,0,1,1,0
S01013147,Level 3,67,60,7,0,1,3,3
S01013147,Level 4 and above,109,93,16,0,3,6,7
S01013148,All people aged 16 and over,649,626,23,1,6,4,12
S01013148,No qualifications,201,195,6,1,0,0,5
S01013148,Level 1,129,127,2,0,0,0,2
S01013148,Level 2,114,113,1,0,1,0,0
S01013148,Level 3,88,87,1,0,1,0,0
S01013148,Level 4 and above,117,104,13,0,4,4,5
S01013149,All people aged 16 and over,692,673,19,0,0,1,18
S01013149,No qualifications,210,204,6,0,0,1,5
S01013149,Level 1,186,182,4,0,0,0,4
S01013149,Level 2,101,101,0,0,0,0,0
S01013149,Level 3,73,71,2,0,0,0,2
S01013149,Level 4 and above,122,115,7,0,0,0,7
S01013150,All people aged 16 and over,729,710,19,1,1,2,15
S01013150,No qualifications,252,245,7,0,0,1,6
S01013150,Level 1,176,173,3,1,0,0,2
S01013150,Level 2,87,83,4,0,0,0,4
S01013150,Level 3,100,98,2,0,0,0,2
S01013150,Level 4 and above,114,111,3,0,1,1,1
S01013151,All people aged 16 and over,476,464,12,0,0,1,11
S01013151,No qualifications,102,97,5,0,0,0,5
S01013151,Level 1,120,116,4,0,0,0,4
S01013151,Level 2,86,86,0,0,0,0,0
S01013151,Level 3,65,64,1,0,0,0,1
S01013151,Level 4 and above,103,101,2,0,0,1,1
S01013152,All people aged 16 and over,736,716,20,1,3,3,13
S01013152,No qualifications,250,242,8,1,1,0,6
S01013152,Level 1,152,149,3,0,0,0,3
S01013152,Level 2,134,132,2,0,0,1,1
S01013152,Level 3,73,71,2,0,0,2,0
S01013152,Level 4 and above,127,122,5,0,2,0,3
S01013153,All people aged 16 and over,677,657,20,0,0,2,18
S01013153,No qualifications,247,239,8,0,0,0,8
S01013153,Level 1,226,223,3,0,0,1,2
S01013153,Level 2,76,75,1,0,0,0,1
S01013153,Level 3,70,68,2,0,0,0,2
S01013153,Level 4 and above,58,52,6,0,0,1,5
S01013154,All people aged 16 and over,783,754,29,3,8,7,11
S01013154,No qualifications,279,273,6,0,1,0,5
S01013154,Level 1,207,204,3,0,1,2,0
S01013154,Level 2,105,101,4,0,2,0,2
S01013154,Level 3,95,91,4,0,2,2,0
S01013154,Level 4 and above,97,85,12,3,2,3,4
S01013155,All people aged 16 and over,666,609,57,6,12,26,13
S01013155,No qualifications,215,207,8,1,2,1,4
S01013155,Level 1,200,187,13,0,2,8,3
S01013155,Level 2,99,93,6,0,0,5,1
S01013155,Level 3,73,69,4,0,2,1,1
S01013155,Level 4 and above,79,53,26,5,6,11,4
S01013156,All people aged 16 and over,647,625,22,1,5,7,9
S01013156,No qualifications,207,203,4,0,0,2,2
S01013156,Level 1,218,211,7,0,4,1,2
S01013156,Level 2,88,84,4,1,0,1,2
S01013156,Level 3,69,66,3,0,1,0,2
S01013156,Level 4 and above,65,61,4,0,0,3,1
S01013157,All people aged 16 and over,740,675,65,3,13,33,16
S01013157,No qualifications,264,261,3,0,0,1,2
S01013157,Level 1,231,218,13,1,2,7,3
S01013157,Level 2,91,85,6,0,2,3,1
S01013157,Level 3,66,60,6,0,2,1,3
S01013157,Level 4 and above,88,51,37,2,7,21,7
S01013158,All people aged 16 and over,495,484,11,0,1,2,8
S01013158,No qualifications,132,128,4,0,0,0,4
S01013158,Level 1,105,104,1,0,1,0,0
S01013158,Level 2,91,90,1,0,0,0,1
S01013158,Level 3,62,61,1,0,0,0,1
S01013158,Level 4 and above,105,101,4,0,0,2,2
S01013159,All people aged 16 and over,604,573,31,0,6,4,21
S01013159,No qualifications,162,151,11,0,1,1,9
S01013159,Level 1,139,135,4,0,1,0,3
S01013159,Level 2,89,84,5,0,2,0,3
S01013159,Level 3,71,69,2,0,1,0,1
S01013159,Level 4 and above,143,134,9,0,1,3,5
S01013160,All people aged 16 and over,581,571,10,0,1,1,8
S01013160,No qualifications,96,92,4,0,0,0,4
S01013160,Level 1,160,160,0,0,0,0,0
S01013160,Level 2,111,110,1,0,0,0,1
S01013160,Level 3,89,89,0,0,0,0,0
S01013160,Level 4 and above,125,120,5,0,1,1,3
S01013161,All people aged 16 and over,836,818,18,0,2,1,15
S01013161,No qualifications,249,246,3,0,0,0,3
S01013161,Level 1,228,224,4,0,0,0,4
S01013161,Level 2,142,138,4,0,0,0,4
S01013161,Level 3,102,101,1,0,0,1,0
S01013161,Level 4 and above,115,109,6,0,2,0,4
S01013162,All people aged 16 and over,704,688,16,0,2,4,10
S01013162,No qualifications,291,285,6,0,0,0,6
S01013162,Level 1,176,172,4,0,1,2,1
S01013162,Level 2,80,78,2,0,0,0,2
S01013162,Level 3,61,61,0,0,0,0,0
S01013162,Level 4 and above,96,92,4,0,1,2,1
S01013163,All people aged 16 and over,577,570,7,0,1,0,6
S01013163,No qualifications,122,118,4,0,0,0,4
S01013163,Level 1,156,156,0,0,0,0,0
S01013163,Level 2,127,127,0,0,0,0,0
S01013163,Level 3,49,48,1,0,0,0,1
S01013163,Level 4 and above,123,121,2,0,1,0,1
S01013164,All people aged 16 and over,858,832,26,0,2,7,17
S01013164,No qualifications,254,248,6,0,0,0,6
S01013164,Level 1,195,191,4,0,1,1,2
S01013164,Level 2,133,130,3,0,0,1,2
S01013164,Level 3,102,99,3,0,0,0,3
S01013164,Level 4 and above,174,164,10,0,1,5,4
S01013165,All people aged 16 and over,772,741,31,5,4,3,19
S01013165,No qualifications,255,247,8,0,0,0,8
S01013165,Level 1,169,165,4,0,1,1,2
S01013165,Level 2,119,111,8,3,2,1,2
S01013165,Level 3,73,69,4,1,0,0,3
S01013165,Level 4 and above,156,149,7,1,1,1,4
S01013166,All people aged 16 and over,531,516,15,1,1,4,9
S01013166,No qualifications,194,191,3,0,0,0,3
S01013166,Level 1,173,168,5,1,1,2,1
S01013166,Level 2,76,75,1,0,0,1,0
S01013166,Level 3,51,48,3,0,0,0,3
S01013166,Level 4 and above,37,34,3,0,0,1,2
S01013167,All people aged 16 and over,529,494,35,2,5,13,15
S01013167,No qualifications,162,156,6,0,0,0,6
S01013167,Level 1,165,157,8,0,1,3,4
S01013167,Level 2,76,71,5,0,1,1,3
S01013167,Level 3,63,59,4,2,1,1,0
S01013167,Level 4 and above,63,51,12,0,2,8,2
S01013168,All people aged 16 and over,760,729,31,2,7,8,14
S01013168,No qualifications,318,304,14,1,2,2,9
S01013168,Level 1,212,207,5,0,1,2,2
S01013168,Level 2,88,87,1,0,0,1,0
S01013168,Level 3,71,69,2,0,2,0,0
S01013168,Level 4 and above,71,62,9,1,2,3,3
S01013169,All people aged 16 and over,723,700,23,3,2,3,15
S01013169,No qualifications,341,329,12,2,1,1,8
S01013169,Level 1,149,147,2,0,0,0,2
S01013169,Level 2,82,79,3,1,0,0,2
S01013169,Level 3,67,65,2,0,1,0,1
S01013169,Level 4 and above,84,80,4,0,0,2,2
S01013170,All people aged 16 and over,437,424,13,1,2,1,9
S01013170,No qualifications,184,181,3,0,0,0,3
S01013170,Level 1,132,128,4,0,0,0,4
S01013170,Level 2,48,46,2,1,1,0,0
S01013170,Level 3,38,37,1,0,1,0,0
S01013170,Level 4 and above,35,32,3,0,0,1,2
S01013171,All people aged 16 and over,523,508,15,0,7,2,6
S01013171,No qualifications,107,105,2,0,0,0,2
S01013171,Level 1,164,158,6,0,3,1,2
S01013171,Level 2,83,81,2,0,1,1,0
S01013171,Level 3,60,60,0,0,0,0,0
S01013171,Level 4 and above,109,104,5,0,3,0,2
S01013172,All people aged 16 and over,613,594,19,1,0,4,14
S01013172,No qualifications,205,199,6,0,0,0,6
S01013172,Level 1,159,156,3,0,0,1,2
S01013172,Level 2,83,83,0,0,0,0,0
S01013172,Level 3,74,73,1,0,0,0,1
S01013172,Level 4 and above,92,83,9,1,0,3,5
S01013173,All people aged 16 and over,658,640,18,0,2,2,14
S01013173,No qualifications,163,160,3,0,0,0,3
S01013173,Level 1,188,183,5,0,1,0,4
S01013173,Level 2,103,102,1,0,0,0,1
S01013173,Level 3,77,75,2,0,1,0,1
S01013173,Level 4 and above,127,120,7,0,0,2,5
S01013174,All people aged 16 and over,625,617,8,0,1,1,6
S01013174,No qualifications,83,81,2,0,0,1,1
S01013174,Level 1,161,161,0,0,0,0,0
S01013174,Level 2,122,121,1,0,0,0,1
S01013174,Level 3,89,87,2,0,1,0,1
S01013174,Level 4 and above,170,167,3,0,0,0,3
S01013175,All people aged 16 and over,659,642,17,0,0,4,13
S01013175,No qualifications,127,123,4,0,0,0,4
S01013175,Level 1,148,144,4,0,0,0,4
S01013175,Level 2,106,104,2,0,0,2,0
S01013175,Level 3,90,89,1,0,0,0,1
S01013175,Level 4 and above,188,182,6,0,0,2,4
S01013176,All people aged 16 and over,702,677,25,3,1,5,16
S01013176,No qualifications,222,218,4,0,0,0,4
S01013176,Level 1,146,139,7,1,0,2,4
S01013176,Level 2,101,100,1,1,0,0,0
S01013176,Level 3,77,73,4,0,0,1,3
S01013176,Level 4 and above,156,147,9,1,1,2,5
S01013177,All people aged 16 and over,532,521,11,0,0,1,10
S01013177,No qualifications,123,119,4,0,0,0,4
S01013177,Level 1,126,123,3,0,0,1,2
S01013177,Level 2,75,74,1,0,0,0,1
S01013177,Level 3,73,72,1,0,0,0,1
S01013177,Level 4 and above,135,133,2,0,0,0,2
S01013178,All people aged 16 and over,623,608,15,1,2,0,12
S01013178,No qualifications,129,127,2,0,0,0,2
S01013178,Level 1,163,161,2,0,0,0,2
S01013178,Level 2,102,100,2,0,0,0,2
S01013178,Level 3,89,84,5,1,0,0,4
S01013178,Level 4 and above,140,136,4,0,2,0,2
S01013179,All people aged 16 and over,706,681,25,4,4,4,13
S01013179,No qualifications,171,169,2,0,0,0,2
S01013179,Level 1,185,179,6,3,0,0,3
S01013179,Level 2,119,116,3,0,0,0,3
S01013179,Level 3,83,81,2,1,1,0,0
S01013179,Level 4 and above,148,136,12,0,3,4,5
S01013180,All people aged 16 and over,360,352,8,0,0,4,4
S01013180,No qualifications,59,57,2,0,0,2,0
S01013180,Level 1,79,77,2,0,0,1,1
S01013180,Level 2,75,75,0,0,0,0,0
S01013180,Level 3,64,64,0,0,0,0,0
S01013180,Level 4 and above,83,79,4,0,0,1,3
S01013181,All people aged 16 and over,611,593,18,0,0,0,18
S01013181,No qualifications,186,178,8,0,0,0,8
S01013181,Level 1,123,119,4,0,0,0,4
S01013181,Level 2,113,111,2,0,0,0,2
S01013181,Level 3,82,81,1,0,0,0,1
S01013181,Level 4 and above,107,104,3,0,0,0,3
S01013182,All people aged 16 and over,633,622,11,0,0,1,10
S01013182,No qualifications,266,261,5,0,0,0,5
S01013182,Level 1,131,130,1,0,0,0,1
S01013182,Level 2,84,82,2,0,0,0,2
S01013182,Level 3,63,63,0,0,0,0,0
S01013182,Level 4 and above,89,86,3,0,0,1,2
S01013183,All people aged 16 and over,706,681,25,1,1,5,18
S01013183,No qualifications,160,152,8,0,0,0,8
S01013183,Level 1,135,129,6,0,1,2,3
S01013183,Level 2,123,122,1,0,0,0,1
S01013183,Level 3,96,96,0,0,0,0,0
S01013183,Level 4 and above,192,182,10,1,0,3,6
S01013184,All people aged 16 and over,439,427,12,0,0,0,12
S01013184,No qualifications,163,159,4,0,0,0,4
S01013184,Level 1,152,150,2,0,0,0,2
S01013184,Level 2,54,53,1,0,0,0,1
S01013184,Level 3,39,37,2,0,0,0,2
S01013184,Level 4 and above,31,28,3,0,0,0,3
S01013185,All people aged 16 and over,618,606,12,1,1,2,8
S01013185,No qualifications,226,225,1,0,0,0,1
S01013185,Level 1,180,176,4,0,0,1,3
S01013185,Level 2,93,92,1,0,0,0,1
S01013185,Level 3,64,62,2,0,0,1,1
S01013185,Level 4 and above,55,51,4,1,1,0,2
S01013186,All people aged 16 and over,522,503,19,4,1,2,12
S01013186,No qualifications,180,173,7,0,0,0,7
S01013186,Level 1,175,171,4,0,1,0,3
S01013186,Level 2,74,73,1,0,0,0,1
S01013186,Level 3,54,52,2,0,0,1,1
S01013186,Level 4 and above,39,34,5,4,0,1,0
S01013187,All people aged 16 and over,659,650,9,0,0,4,5
S01013187,No qualifications,201,196,5,0,0,3,2
S01013187,Level 1,214,213,1,0,0,0,1
S01013187,Level 2,83,83,0,0,0,0,0
S01013187,Level 3,56,56,0,0,0,0,0
S01013187,Level 4 and above,105,102,3,0,0,1,2
S01013188,All people aged 16 and over,733,711,22,4,2,0,16
S01013188,No qualifications,190,188,2,0,0,0,2
S01013188,Level 1,178,175,3,0,0,0,3
S01013188,Level 2,134,129,5,1,0,0,4
S01013188,Level 3,90,84,6,1,1,0,4
S01013188,Level 4 and above,141,135,6,2,1,0,3
S01013189,All people aged 16 and over,524,513,11,2,1,0,8
S01013189,No qualifications,135,133,2,0,0,0,2
S01013189,Level 1,107,106,1,0,0,0,1
S01013189,Level 2,85,85,0,0,0,0,0
S01013189,Level 3,62,60,2,0,0,0,2
S01013189,Level 4 and above,135,129,6,2,1,0,3
S01013190,All people aged 16 and over,652,635,17,0,0,2,15
S01013190,No qualifications,197,192,5,0,0,0,5
S01013190,Level 1,150,144,6,0,0,0,6
S01013190,Level 2,101,100,1,0,0,0,1
S01013190,Level 3,62,61,1,0,0,0,1
S01013190,Level 4 and above,142,138,4,0,0,2,2
S01013191,All people aged 16 and over,834,812,22,2,4,1,15
S01013191,No qualifications,127,125,2,0,0,0,2
S01013191,Level 1,185,182,3,2,0,0,1
S01013191,Level 2,179,175,4,0,1,0,3
S01013191,Level 3,116,111,5,0,1,0,4
S01013191,Level 4 and above,227,219,8,0,2,1,5
S01013192,All people aged 16 and over,819,788,31,0,5,5,21
S01013192,No qualifications,213,208,5,0,0,0,5
S01013192,Level 1,158,156,2,0,0,1,1
S01013192,Level 2,147,144,3,0,1,0,2
S01013192,Level 3,83,75,8,0,2,1,5
S01013192,Level 4 and above,218,205,13,0,2,3,8
S01013193,All people aged 16 and over,557,529,28,1,1,5,21
S01013193,No qualifications,146,142,4,0,0,0,4
S01013193,Level 1,136,127,9,0,1,2,6
S01013193,Level 2,86,82,4,0,0,0,4
S01013193,Level 3,74,71,3,0,0,1,2
S01013193,Level 4 and above,115,107,8,1,0,2,5
S01013194,All people aged 16 and over,495,477,18,2,2,1,13
S01013194,No qualifications,116,111,5,2,0,0,3
S01013194,Level 1,107,106,1,0,0,0,1
S01013194,Level 2,92,90,2,0,0,0,2
S01013194,Level 3,84,79,5,0,2,0,3
S01013194,Level 4 and above,96,91,5,0,0,1,4
S01013195,All people aged 16 and over,891,844,47,9,2,10,26
S01013195,No qualifications,272,259,13,3,0,1,9
S01013195,Level 1,181,178,3,0,0,1,2
S01013195,Level 2,133,132,1,0,0,0,1
S01013195,Level 3,125,120,5,0,1,1,3
S01013195,Level 4 and above,180,155,25,6,1,7,11
S01013196,All people aged 16 and over,563,543,20,0,1,2,17
S01013196,No qualifications,138,131,7,0,0,0,7
S01013196,Level 1,117,114,3,0,1,0,2
S01013196,Level 2,89,87,2,0,0,0,2
S01013196,Level 3,75,73,2,0,0,0,2
S01013196,Level 4 and above,144,138,6,0,0,2,4
S01013197,All people aged 16 and over,502,485,17,0,2,2,13
S01013197,No qualifications,141,133,8,0,1,0,7
S01013197,Level 1,93,89,4,0,1,2,1
S01013197,Level 2,71,70,1,0,0,0,1
S01013197,Level 3,58,57,1,0,0,0,1
S01013197,Level 4 and above,139,136,3,0,0,0,3
S01013198,All people aged 16 and over,701,680,21,1,5,3,12
S01013198,No qualifications,277,273,4,0,0,0,4
S01013198,Level 1,148,144,4,0,1,1,2
S01013198,Level 2,86,79,7,1,1,0,5
S01013198,Level 3,72,68,4,0,1,2,1
S01013198,Level 4 and above,118,116,2,0,2,0,0
S01013199,All people aged 16 and over,816,778,38,4,3,8,23
S01013199,No qualifications,290,277,13,1,1,0,11
S01013199,Level 1,123,119,4,0,0,1,3
S01013199,Level 2,104,103,1,1,0,0,0
S01013199,Level 3,74,71,3,0,0,2,1
S01013199,Level 4 and above,225,208,17,2,2,5,8
S01013200,All people aged 16 and over,597,577,20,1,3,0,16
S01013200,No qualifications,199,190,9,0,2,0,7
S01013200,Level 1,106,100,6,1,0,0,5
S01013200,Level 2,89,88,1,0,0,0,1
S01013200,Level 3,74,74,0,0,0,0,0
S01013200,Level 4 and above,129,125,4,0,1,0,3
S01013201,All people aged 16 and over,600,593,7,0,0,1,6
S01013201,No qualifications,287,283,4,0,0,1,3
S01013201,Level 1,151,151,0,0,0,0,0
S01013201,Level 2,57,56,1,0,0,0,1
S01013201,Level 3,50,49,1,0,0,0,1
S01013201,Level 4 and above,55,54,1,0,0,0,1
S01013202,All people aged 16 and over,466,451,15,0,0,4,11
S01013202,No qualifications,152,148,4,0,0,2,2
S01013202,Level 1,128,124,4,0,0,0,4
S01013202,Level 2,70,70,0,0,0,0,0
S01013202,Level 3,46,46,0,0,0,0,0
S01013202,Level 4 and above,70,63,7,0,0,2,5
S01013203,All people aged 16 and over,576,553,23,0,2,5,16
S01013203,No qualifications,221,211,10,0,2,1,7
S01013203,Level 1,158,154,4,0,0,1,3
S01013203,Level 2,72,68,4,0,0,0,4
S01013203,Level 3,48,47,1,0,0,0,1
S01013203,Level 4 and above,77,73,4,0,0,3,1
S01013204,All people aged 16 and over,633,613,20,3,3,3,11
S01013204,No qualifications,170,167,3,0,0,0,3
S01013204,Level 1,148,144,4,1,1,0,2
S01013204,Level 2,93,90,3,0,0,0,3
S01013204,Level 3,91,88,3,2,0,0,1
S01013204,Level 4 and above,131,124,7,0,2,3,2
S01013205,All people aged 16 and over,463,452,11,1,4,2,4
S01013205,No qualifications,211,209,2,0,0,1,1
S01013205,Level 1,132,127,5,0,3,0,2
S01013205,Level 2,48,48,0,0,0,0,0
S01013205,Level 3,34,32,2,1,0,0,1
S01013205,Level 4 and above,38,36,2,0,1,1,0
S01013206,All people aged 16 and over,519,501,18,0,0,2,16
S01013206,No qualifications,207,200,7,0,0,0,7
S01013206,Level 1,142,138,4,0,0,0,4
S01013206,Level 2,63,62,1,0,0,0,1
S01013206,Level 3,50,50,0,0,0,0,0
S01013206,Level 4 and above,57,51,6,0,0,2,4
S01013207,All people aged 16 and over,664,642,22,3,1,5,13
S01013207,No qualifications,253,245,8,1,0,2,5
S01013207,Level 1,164,163,1,1,0,0,0
S01013207,Level 2,81,80,1,0,0,0,1
S01013207,Level 3,62,60,2,0,0,1,1
S01013207,Level 4 and above,104,94,10,1,1,2,6
S01013208,All people aged 16 and over,741,718,23,0,7,5,11
S01013208,No qualifications,290,288,2,0,0,0,2
S01013208,Level 1,200,196,4,0,1,1,2
S01013208,Level 2,86,80,6,0,4,0,2
S01013208,Level 3,75,71,4,0,0,0,4
S01013208,Level 4 and above,90,83,7,0,2,4,1
S01013209,All people aged 16 and over,708,697,11,1,1,1,8
S01013209,No qualifications,266,263,3,1,0,0,2
S01013209,Level 1,135,134,1,0,0,0,1
S01013209,Level 2,107,105,2,0,1,0,1
S01013209,Level 3,80,79,1,0,0,0,1
S01013209,Level 4 and above,120,116,4,0,0,1,3
S01013210,All people aged 16 and over,512,502,10,0,1,0,9
S01013210,No qualifications,103,100,3,0,0,0,3
S01013210,Level 1,111,110,1,0,0,0,1
S01013210,Level 2,101,100,1,0,0,0,1
S01013210,Level 3,57,57,0,0,0,0,0
S01013210,Level 4 and above,140,135,5,0,1,0,4
S01013211,All people aged 16 and over,733,712,21,2,3,3,13
S01013211,No qualifications,213,210,3,0,1,0,2
S01013211,Level 1,193,189,4,0,1,0,3
S01013211,Level 2,114,112,2,0,0,1,1
S01013211,Level 3,95,94,1,0,0,1,0
S01013211,Level 4 and above,118,107,11,2,1,1,7
S01013212,All people aged 16 and over,473,451,22,0,1,5,16
S01013212,No qualifications,72,71,1,0,0,0,1
S01013212,Level 1,125,117,8,0,0,1,7
S01013212,Level 2,92,90,2,0,0,1,1
S01013212,Level 3,67,62,5,0,0,1,4
S01013212,Level 4 and above,117,111,6,0,1,2,3
S01013213,All people aged 16 and over,459,448,11,0,0,2,9
S01013213,No qualifications,68,66,2,0,0,0,2
S01013213,Level 1,128,125,3,0,0,0,3
S01013213,Level 2,91,90,1,0,0,1,0
S01013213,Level 3,71,69,2,0,0,0,2
S01013213,Level 4 and above,101,98,3,0,0,1,2
S01013214,All people aged 16 and over,348,340,8,0,0,0,8
S01013214,No qualifications,60,60,0,0,0,0,0
S01013214,Level 1,99,97,2,0,0,0,2
S01013214,Level 2,65,63,2,0,0,0,2
S01013214,Level 3,45,44,1,0,0,0,1
S01013214,Level 4 and above,79,76,3,0,0,0,3
S01013215,All people aged 16 and over,650,628,22,0,4,1,17
S01013215,No qualifications,170,165,5,0,0,0,5
S01013215,Level 1,185,177,8,0,2,1,5
S01013215,Level 2,107,103,4,0,1,0,3
S01013215,Level 3,83,81,2,0,1,0,1
S01013215,Level 4 and above,105,102,3,0,0,0,3
S01013216,All people aged 16 and over,451,439,12,0,1,1,10
S01013216,No qualifications,154,152,2,0,0,0,2
S01013216,Level 1,148,144,4,0,1,0,3
S01013216,Level 2,54,52,2,0,0,1,1
S01013216,Level 3,49,49,0,0,0,0,0
S01013216,Level 4 and above,46,42,4,0,0,0,4
S01013217,All people aged 16 and over,542,527,15,0,2,0,13
S01013217,No qualifications,176,173,3,0,0,0,3
S01013217,Level 1,176,169,7,0,1,0,6
S01013217,Level 2,68,67,1,0,0,0,1
S01013217,Level 3,65,65,0,0,0,0,0
S01013217,Level 4 and above,57,53,4,0,1,0,3
S01013218,All people aged 16 and over,455,446,9,0,2,2,5
S01013218,No qualifications,165,165,0,0,0,0,0
S01013218,Level 1,162,159,3,0,0,0,3
S01013218,Level 2,48,47,1,0,1,0,0
S01013218,Level 3,41,40,1,0,1,0,0
S01013218,Level 4 and above,39,35,4,0,0,2,2
S01013219,All people aged 16 and over,424,414,10,1,1,1,7
S01013219,No qualifications,156,153,3,0,0,0,3
S01013219,Level 1,117,117,0,0,0,0,0
S01013219,Level 2,56,54,2,0,0,0,2
S01013219,Level 3,45,45,0,0,0,0,0
S01013219,Level 4 and above,50,45,5,1,1,1,2
S01013220,All people aged 16 and over,524,518,6,1,1,1,3
S01013220,No qualifications,200,199,1,0,0,0,1
S01013220,Level 1,146,143,3,0,1,1,1
S01013220,Level 2,70,70,0,0,0,0,0
S01013220,Level 3,52,52,0,0,0,0,0
S01013220,Level 4 and above,56,54,2,1,0,0,1
S01013221,All people aged 16 and over,721,695,26,3,3,0,20
S01013221,No qualifications,268,260,8,3,1,0,4
S01013221,Level 1,195,189,6,0,2,0,4
S01013221,Level 2,96,90,6,0,0,0,6
S01013221,Level 3,85,81,4,0,0,0,4
S01013221,Level 4 and above,77,75,2,0,0,0,2
S01013222,All people aged 16 and over,477,454,23,3,2,7,11
S01013222,No qualifications,203,196,7,1,0,1,5
S01013222,Level 1,127,120,7,0,0,2,5
S01013222,Level 2,49,49,0,0,0,0,0
S01013222,Level 3,44,44,0,0,0,0,0
S01013222,Level 4 and above,54,45,9,2,2,4,1
S01013223,All people aged 16 and over,938,914,24,3,4,4,13
S01013223,No qualifications,360,355,5,1,1,0,3
S01013223,Level 1,207,201,6,1,1,0,4
S01013223,Level 2,132,129,3,0,0,2,1
S01013223,Level 3,96,95,1,0,0,0,1
S01013223,Level 4 and above,143,134,9,1,2,2,4
S01013224,All people aged 16 and over,674,659,15,0,0,3,12
S01013224,No qualifications,202,199,3,0,0,2,1
S01013224,Level 1,172,169,3,0,0,0,3
S01013224,Level 2,107,106,1,0,0,0,1
S01013224,Level 3,80,78,2,0,0,0,2
S01013224,Level 4 and above,113,107,6,0,0,1,5
S01013225,All people aged 16 and over,620,597,23,0,1,3,19
S01013225,No qualifications,267,262,5,0,0,0,5
S01013225,Level 1,153,149,4,0,1,0,3
S01013225,Level 2,68,66,2,0,0,0,2
S01013225,Level 3,64,61,3,0,0,0,3
S01013225,Level 4 and above,68,59,9,0,0,3,6
S01013226,All people aged 16 and over,402,388,14,3,0,0,11
S01013226,No qualifications,76,75,1,0,0,0,1
S01013226,Level 1,100,98,2,1,0,0,1
S01013226,Level 2,69,66,3,0,0,0,3
S01013226,Level 3,56,56,0,0,0,0,0
S01013226,Level 4 and above,101,93,8,2,0,0,6
S01013227,All people aged 16 and over,564,556,8,0,0,0,8
S01013227,No qualifications,209,207,2,0,0,0,2
S01013227,Level 1,165,164,1,0,0,0,1
S01013227,Level 2,68,65,3,0,0,0,3
S01013227,Level 3,59,58,1,0,0,0,1
S01013227,Level 4 and above,63,62,1,0,0,0,1
S01013228,All people aged 16 and over,606,592,14,1,2,4,7
S01013228,No qualifications,209,205,4,0,0,2,2
S01013228,Level 1,140,136,4,1,1,0,2
S01013228,Level 2,75,74,1,0,1,0,0
S01013228,Level 3,69,67,2,0,0,0,2
S01013228,Level 4 and above,113,110,3,0,0,2,1
S01013229,All people aged 16 and over,620,605,15,0,2,1,12
S01013229,No qualifications,230,228,2,0,0,0,2
S01013229,Level 1,160,159,1,0,0,0,1
S01013229,Level 2,85,83,2,0,1,0,1
S01013229,Level 3,79,75,4,0,0,0,4
S01013229,Level 4 and above,66,60,6,0,1,1,4
S01013230,All people aged 16 and over,563,555,8,0,3,2,3
S01013230,No qualifications,213,212,1,0,0,0,1
S01013230,Level 1,130,129,1,0,1,0,0
S01013230,Level 2,76,76,0,0,0,0,0
S01013230,Level 3,55,53,2,0,2,0,0
S01013230,Level 4 and above,89,85,4,0,0,2,2
S01013231,All people aged 16 and over,622,604,18,1,0,3,14
S01013231,No qualifications,232,228,4,0,0,0,4
S01013231,Level 1,159,156,3,0,0,1,2
S01013231,Level 2,82,81,1,0,0,0,1
S01013231,Level 3,57,55,2,0,0,0,2
S01013231,Level 4 and above,92,84,8,1,0,2,5
S01013232,All people aged 16 and over,603,589,14,1,2,0,11
S01013232,No qualifications,248,240,8,0,0,0,8
S01013232,Level 1,150,149,1,0,1,0,0
S01013232,Level 2,68,67,1,0,0,0,1
S01013232,Level 3,68,66,2,1,0,0,1
S01013232,Level 4 and above,69,67,2,0,1,0,1
S01013233,All people aged 16 and over,510,483,27,4,3,2,18
S01013233,No qualifications,163,152,11,1,1,1,8
S01013233,Level 1,120,118,2,0,0,1,1
S01013233,Level 2,70,68,2,0,1,0,1
S01013233,Level 3,51,51,0,0,0,0,0
S01013233,Level 4 and above,106,94,12,3,1,0,8
S01013234,All people aged 16 and over,311,293,18,0,0,7,11
S01013234,No qualifications,37,34,3,0,0,0,3
S01013234,Level 1,67,65,2,0,0,2,0
S01013234,Level 2,61,59,2,0,0,1,1
S01013234,Level 3,36,34,2,0,0,1,1
S01013234,Level 4 and above,110,101,9,0,0,3,6
S01013235,All people aged 16 and over,681,664,17,0,1,5,11
S01013235,No qualifications,211,206,5,0,0,2,3
S01013235,Level 1,163,159,4,0,0,1,3
S01013235,Level 2,106,105,1,0,0,0,1
S01013235,Level 3,84,82,2,0,0,1,1
S01013235,Level 4 and above,117,112,5,0,1,1,3
S01013236,All people aged 16 and over,763,741,22,2,1,1,18
S01013236,No qualifications,188,177,11,0,1,1,9
S01013236,Level 1,161,158,3,0,0,0,3
S01013236,Level 2,125,124,1,0,0,0,1
S01013236,Level 3,103,101,2,0,0,0,2
S01013236,Level 4 and above,186,181,5,2,0,0,3
S01013237,All people aged 16 and over,648,625,23,3,2,5,13
S01013237,No qualifications,147,142,5,1,0,0,4
S01013237,Level 1,141,138,3,1,0,1,1
S01013237,Level 2,117,115,2,0,0,0,2
S01013237,Level 3,93,89,4,0,1,1,2
S01013237,Level 4 and above,150,141,9,1,1,3,4
S01013238,All people aged 16 and over,627,609,18,0,2,2,14
S01013238,No qualifications,264,258,6,0,0,1,5
S01013238,Level 1,176,171,5,0,1,1,3
S01013238,Level 2,71,67,4,0,0,0,4
S01013238,Level 3,49,48,1,0,1,0,0
S01013238,Level 4 and above,67,65,2,0,0,0,2
S01013239,All people aged 16 and over,709,691,18,2,0,4,12
S01013239,No qualifications,268,265,3,0,0,0,3
S01013239,Level 1,199,196,3,1,0,1,1
S01013239,Level 2,107,106,1,0,0,0,1
S01013239,Level 3,60,57,3,0,0,1,2
S01013239,Level 4 and above,75,67,8,1,0,2,5
S01013240,All people aged 16 and over,433,415,18,0,2,7,9
S01013240,No qualifications,175,171,4,0,0,0,4
S01013240,Level 1,125,121,4,0,0,3,1
S01013240,Level 2,41,41,0,0,0,0,0
S01013240,Level 3,32,30,2,0,0,0,2
S01013240,Level 4 and above,60,52,8,0,2,4,2
S01013241,All people aged 16 and over,727,707,20,3,0,3,14
S01013241,No qualifications,149,148,1,0,0,0,1
S01013241,Level 1,148,145,3,0,0,1,2
S01013241,Level 2,127,125,2,1,0,0,1
S01013241,Level 3,92,91,1,0,0,0,1
S01013241,Level 4 and above,211,198,13,2,0,2,9
S01013242,All people aged 16 and over,509,497,12,0,0,2,10
S01013242,No qualifications,115,115,0,0,0,0,0
S01013242,Level 1,97,95,2,0,0,0,2
S01013242,Level 2,81,80,1,0,0,0,1
S01013242,Level 3,52,52,0,0,0,0,0
S01013242,Level 4 and above,164,155,9,0,0,2,7
S01013243,All people aged 16 and over,600,566,34,3,16,11,4
S01013243,No qualifications,229,217,12,3,7,1,1
S01013243,Level 1,180,173,7,0,2,3,2
S01013243,Level 2,75,71,4,0,3,1,0
S01013243,Level 3,47,46,1,0,1,0,0
S01013243,Level 4 and above,69,59,10,0,3,6,1
S01013244,All people aged 16 and over,617,607,10,0,0,2,8
S01013244,No qualifications,287,282,5,0,0,0,5
S01013244,Level 1,146,144,2,0,0,1,1
S01013244,Level 2,76,76,0,0,0,0,0
S01013244,Level 3,49,49,0,0,0,0,0
S01013244,Level 4 and above,59,56,3,0,0,1,2
S01013245,All people aged 16 and over,797,781,16,0,1,5,10
S01013245,No qualifications,243,240,3,0,0,1,2
S01013245,Level 1,246,243,3,0,0,1,2
S01013245,Level 2,102,100,2,0,0,0,2
S01013245,Level 3,82,82,0,0,0,0,0
S01013245,Level 4 and above,124,116,8,0,1,3,4
S01013246,All people aged 16 and over,366,362,4,0,0,0,4
S01013246,No qualifications,122,121,1,0,0,0,1
S01013246,Level 1,107,106,1,0,0,0,1
S01013246,Level 2,57,57,0,0,0,0,0
S01013246,Level 3,32,32,0,0,0,0,0
S01013246,Level 4 and above,48,46,2,0,0,0,2
S01013247,All people aged 16 and over,629,615,14,0,2,2,10
S01013247,No qualifications,254,250,4,0,1,1,2
S01013247,Level 1,189,186,3,0,0,0,3
S01013247,Level 2,73,72,1,0,0,0,1
S01013247,Level 3,58,57,1,0,0,1,0
S01013247,Level 4 and above,55,50,5,0,1,0,4
S01013248,All people aged 16 and over,511,499,12,2,2,3,5
S01013248,No qualifications,225,220,5,0,2,1,2
S01013248,Level 1,150,145,5,1,0,2,2
S01013248,Level 2,63,63,0,0,0,0,0
S01013248,Level 3,38,38,0,0,0,0,0
S01013248,Level 4 and above,35,33,2,1,0,0,1
S01013249,All people aged 16 and over,375,371,4,1,1,0,2
S01013249,No qualifications,162,161,1,0,0,0,1
S01013249,Level 1,109,108,1,0,0,0,1
S01013249,Level 2,42,42,0,0,0,0,0
S01013249,Level 3,24,24,0,0,0,0,0
S01013249,Level 4 and above,38,36,2,1,1,0,0
S01013250,All people aged 16 and over,705,671,34,1,6,5,22
S01013250,No qualifications,176,164,12,0,2,2,8
S01013250,Level 1,179,176,3,0,0,0,3
S01013250,Level 2,95,92,3,1,0,0,2
S01013250,Level 3,56,54,2,0,1,0,1
S01013250,Level 4 and above,199,185,14,0,3,3,8
S01013251,All people aged 16 and over,558,535,23,1,9,2,11
S01013251,No qualifications,198,193,5,0,3,0,2
S01013251,Level 1,180,178,2,0,0,0,2
S01013251,Level 2,65,63,2,0,0,0,2
S01013251,Level 3,46,45,1,1,0,0,0
S01013251,Level 4 and above,69,56,13,0,6,2,5
S01013252,All people aged 16 and over,546,524,22,0,5,4,13
S01013252,No qualifications,175,169,6,0,2,1,3
S01013252,Level 1,174,169,5,0,0,2,3
S01013252,Level 2,79,76,3,0,2,0,1
S01013252,Level 3,44,40,4,0,1,1,2
S01013252,Level 4 and above,74,70,4,0,0,0,4
S01013253,All people aged 16 and over,585,569,16,0,1,5,10
S01013253,No qualifications,204,201,3,0,0,1,2
S01013253,Level 1,160,154,6,0,1,1,4
S01013253,Level 2,81,78,3,0,0,0,3
S01013253,Level 3,53,51,2,0,0,1,1
S01013253,Level 4 and above,87,85,2,0,0,2,0
S01013254,All people aged 16 and over,499,481,18,0,2,5,11
S01013254,No qualifications,214,208,6,0,2,1,3
S01013254,Level 1,159,153,6,0,0,1,5
S01013254,Level 2,54,53,1,0,0,0,1
S01013254,Level 3,29,29,0,0,0,0,0
S01013254,Level 4 and above,43,38,5,0,0,3,2
S01013255,All people aged 16 and over,1200,1146,54,8,6,15,25
S01013255,No qualifications,462,442,20,3,0,8,9
S01013255,Level 1,393,382,11,2,2,2,5
S01013255,Level 2,125,121,4,2,1,0,1
S01013255,Level 3,84,78,6,0,1,2,3
S01013255,Level 4 and above,136,123,13,1,2,3,7
S01013256,All people aged 16 and over,604,580,24,0,0,3,21
S01013256,No qualifications,197,185,12,0,0,2,10
S01013256,Level 1,143,142,1,0,0,0,1
S01013256,Level 2,81,77,4,0,0,0,4
S01013256,Level 3,48,47,1,0,0,0,1
S01013256,Level 4 and above,135,129,6,0,0,1,5
S01013257,All people aged 16 and over,696,675,21,1,6,3,11
S01013257,No qualifications,212,207,5,1,0,0,4
S01013257,Level 1,182,173,9,0,6,2,1
S01013257,Level 2,105,104,1,0,0,0,1
S01013257,Level 3,65,65,0,0,0,0,0
S01013257,Level 4 and above,132,126,6,0,0,1,5
S01013258,All people aged 16 and over,638,614,24,2,3,5,14
S01013258,No qualifications,140,137,3,0,0,1,2
S01013258,Level 1,158,154,4,0,0,1,3
S01013258,Level 2,97,93,4,1,0,0,3
S01013258,Level 3,73,70,3,0,2,0,1
S01013258,Level 4 and above,170,160,10,1,1,3,5
S01013259,All people aged 16 and over,678,661,17,2,2,0,13
S01013259,No qualifications,206,203,3,0,0,0,3
S01013259,Level 1,228,225,3,0,1,0,2
S01013259,Level 2,97,93,4,0,0,0,4
S01013259,Level 3,55,55,0,0,0,0,0
S01013259,Level 4 and above,92,85,7,2,1,0,4
S01013260,All people aged 16 and over,677,658,19,0,1,6,12
S01013260,No qualifications,252,250,2,0,0,0,2
S01013260,Level 1,224,219,5,0,1,0,4
S01013260,Level 2,80,79,1,0,0,0,1
S01013260,Level 3,52,50,2,0,0,1,1
S01013260,Level 4 and above,69,60,9,0,0,5,4
S01013261,All people aged 16 and over,622,609,13,0,3,1,9
S01013261,No qualifications,248,245,3,0,0,0,3
S01013261,Level 1,197,195,2,0,2,0,0
S01013261,Level 2,89,87,2,0,0,0,2
S01013261,Level 3,44,41,3,0,0,0,3
S01013261,Level 4 and above,44,41,3,0,1,1,1
S01013262,All people aged 16 and over,529,503,26,1,12,5,8
S01013262,No qualifications,200,196,4,0,2,1,1
S01013262,Level 1,164,157,7,0,5,0,2
S01013262,Level 2,64,63,1,0,0,0,1
S01013262,Level 3,45,40,5,0,1,2,2
S01013262,Level 4 and above,56,47,9,1,4,2,2
S01013263,All people aged 16 and over,407,394,13,0,1,3,9
S01013263,No qualifications,47,46,1,0,0,0,1
S01013263,Level 1,79,76,3,0,0,1,2
S01013263,Level 2,77,76,1,0,0,0,1
S01013263,Level 3,41,41,0,0,0,0,0
S01013263,Level 4 and above,163,155,8,0,1,2,5
S01013264,All people aged 16 and over,381,361,20,2,1,5,12
S01013264,No qualifications,34,31,3,0,0,0,3
S01013264,Level 1,92,89,3,0,0,0,3
S01013264,Level 2,80,79,1,0,0,1,0
S01013264,Level 3,39,35,4,0,0,1,3
S01013264,Level 4 and above,136,127,9,2,1,3,3
S01013265,All people aged 16 and over,485,426,59,1,2,15,41
S01013265,No qualifications,37,28,9,0,0,2,7
S01013265,Level 1,87,73,14,1,0,6,7
S01013265,Level 2,98,95,3,0,0,0,3
S01013265,Level 3,60,51,9,0,0,4,5
S01013265,Level 4 and above,203,179,24,0,2,3,19
S01013266,All people aged 16 and over,425,400,25,0,3,11,11
S01013266,No qualifications,47,44,3,0,0,1,2
S01013266,Level 1,98,95,3,0,0,0,3
S01013266,Level 2,76,74,2,0,0,1,1
S01013266,Level 3,54,52,2,0,0,1,1
S01013266,Level 4 and above,150,135,15,0,3,8,4
S01013267,All people aged 16 and over,462,445,17,0,4,2,11
S01013267,No qualifications,148,148,0,0,0,0,0
S01013267,Level 1,128,125,3,0,0,2,1
S01013267,Level 2,65,62,3,0,0,0,3
S01013267,Level 3,45,42,3,0,2,0,1
S01013267,Level 4 and above,76,68,8,0,2,0,6
S01013268,All people aged 16 and over,657,617,40,4,4,9,23
S01013268,No qualifications,153,149,4,0,0,0,4
S01013268,Level 1,213,201,12,1,1,1,9
S01013268,Level 2,90,87,3,0,0,2,1
S01013268,Level 3,85,83,2,0,1,0,1
S01013268,Level 4 and above,116,97,19,3,2,6,8
S01013269,All people aged 16 and over,748,664,84,15,18,19,32
S01013269,No qualifications,98,87,11,2,2,2,5
S01013269,Level 1,172,158,14,3,1,3,7
S01013269,Level 2,130,124,6,0,0,4,2
S01013269,Level 3,94,92,2,0,0,0,2
S01013269,Level 4 and above,254,203,51,10,15,10,16
S01013270,All people aged 16 and over,611,580,31,2,2,8,19
S01013270,No qualifications,52,49,3,0,1,0,2
S01013270,Level 1,144,132,12,2,1,4,5
S01013270,Level 2,116,116,0,0,0,0,0
S01013270,Level 3,57,57,0,0,0,0,0
S01013270,Level 4 and above,242,226,16,0,0,4,12
S01013271,All people aged 16 and over,501,470,31,5,2,4,20
S01013271,No qualifications,55,52,3,1,1,0,1
S01013271,Level 1,86,78,8,2,0,1,5
S01013271,Level 2,65,64,1,0,0,0,1
S01013271,Level 3,54,51,3,0,0,0,3
S01013271,Level 4 and above,241,225,16,2,1,3,10
S01013272,All people aged 16 and over,565,542,23,0,2,1,20
S01013272,No qualifications,45,42,3,0,0,0,3
S01013272,Level 1,103,99,4,0,0,0,4
S01013272,Level 2,88,87,1,0,0,0,1
S01013272,Level 3,80,76,4,0,0,0,4
S01013272,Level 4 and above,249,238,11,0,2,1,8
S01013273,All people aged 16 and over,641,588,53,3,3,6,41
S01013273,No qualifications,49,43,6,0,0,0,6
S01013273,Level 1,142,139,3,2,0,0,1
S01013273,Level 2,102,97,5,0,1,0,4
S01013273,Level 3,73,67,6,0,0,0,6
S01013273,Level 4 and above,275,242,33,1,2,6,24
S01013274,All people aged 16 and over,686,651,35,2,8,2,23
S01013274,No qualifications,119,112,7,0,1,0,6
S01013274,Level 1,167,163,4,0,0,0,4
S01013274,Level 2,130,123,7,0,3,0,4
S01013274,Level 3,93,89,4,0,2,0,2
S01013274,Level 4 and above,177,164,13,2,2,2,7
S01013275,All people aged 16 and over,569,527,42,3,8,7,24
S01013275,No qualifications,121,109,12,3,0,0,9
S01013275,Level 1,160,150,10,0,4,1,5
S01013275,Level 2,80,78,2,0,0,0,2
S01013275,Level 3,52,50,2,0,1,0,1
S01013275,Level 4 and above,156,140,16,0,3,6,7
S01013276,All people aged 16 and over,501,483,18,1,2,2,13
S01013276,No qualifications,83,80,3,0,0,0,3
S01013276,Level 1,156,154,2,0,1,0,1
S01013276,Level 2,94,93,1,0,0,0,1
S01013276,Level 3,64,60,4,0,1,0,3
S01013276,Level 4 and above,104,96,8,1,0,2,5
S01013277,All people aged 16 and over,719,659,60,2,24,11,23
S01013277,No qualifications,213,196,17,1,12,1,3
S01013277,Level 1,239,225,14,0,4,3,7
S01013277,Level 2,97,94,3,0,2,1,0
S01013277,Level 3,65,59,6,0,2,2,2
S01013277,Level 4 and above,105,85,20,1,4,4,11
S01013278,All people aged 16 and over,704,657,47,4,11,7,25
S01013278,No qualifications,252,242,10,1,5,2,2
S01013278,Level 1,217,205,12,1,0,2,9
S01013278,Level 2,78,75,3,0,0,1,2
S01013278,Level 3,65,57,8,0,1,2,5
S01013278,Level 4 and above,92,78,14,2,5,0,7
S01013279,All people aged 16 and over,550,498,52,5,16,11,20
S01013279,No qualifications,159,149,10,2,1,3,4
S01013279,Level 1,208,188,20,2,7,5,6
S01013279,Level 2,68,63,5,0,1,1,3
S01013279,Level 3,54,49,5,0,3,1,1
S01013279,Level 4 and above,61,49,12,1,4,1,6
S01013280,All people aged 16 and over,456,407,49,2,13,14,20
S01013280,No qualifications,109,107,2,0,0,0,2
S01013280,Level 1,142,128,14,1,6,2,5
S01013280,Level 2,69,67,2,1,0,0,1
S01013280,Level 3,47,42,5,0,0,3,2
S01013280,Level 4 and above,89,63,26,0,7,9,10
S01013281,All people aged 16 and over,741,670,71,6,18,18,29
S01013281,No qualifications,251,242,9,0,1,1,7
S01013281,Level 1,229,214,15,2,1,2,10
S01013281,Level 2,82,78,4,0,2,0,2
S01013281,Level 3,73,61,12,2,4,3,3
S01013281,Level 4 and above,106,75,31,2,10,12,7
S01013282,All people aged 16 and over,629,568,61,10,16,6,29
S01013282,No qualifications,168,154,14,1,5,1,7
S01013282,Level 1,251,236,15,2,4,0,9
S01013282,Level 2,74,66,8,2,2,1,3
S01013282,Level 3,69,62,7,1,1,2,3
S01013282,Level 4 and above,67,50,17,4,4,2,7
S01013283,All people aged 16 and over,535,408,127,40,47,22,18
S01013283,No qualifications,106,97,9,2,3,2,2
S01013283,Level 1,152,140,12,1,4,4,3
S01013283,Level 2,53,48,5,0,3,1,1
S01013283,Level 3,74,55,19,5,7,3,4
S01013283,Level 4 and above,150,68,82,32,30,12,8
S01013284,All people aged 16 and over,538,508,30,0,7,5,18
S01013284,No qualifications,82,80,2,0,1,1,0
S01013284,Level 1,153,144,9,0,2,0,7
S01013284,Level 2,99,95,4,0,3,0,1
S01013284,Level 3,64,58,6,0,0,2,4
S01013284,Level 4 and above,140,131,9,0,1,2,6
S01013285,All people aged 16 and over,542,516,26,7,3,2,14
S01013285,No qualifications,86,82,4,1,1,0,2
S01013285,Level 1,139,133,6,0,1,1,4
S01013285,Level 2,113,111,2,0,0,0,2
S01013285,Level 3,72,69,3,1,0,0,2
S01013285,Level 4 and above,132,121,11,5,1,1,4
S01013286,All people aged 16 and over,556,530,26,3,5,4,14
S01013286,No qualifications,91,89,2,0,1,1,0
S01013286,Level 1,155,146,9,1,1,0,7
S01013286,Level 2,99,97,2,1,0,0,1
S01013286,Level 3,63,59,4,0,0,1,3
S01013286,Level 4 and above,148,139,9,1,3,2,3
S01013287,All people aged 16 and over,634,610,24,0,3,0,21
S01013287,No qualifications,66,63,3,0,2,0,1
S01013287,Level 1,123,120,3,0,0,0,3
S01013287,Level 2,140,139,1,0,0,0,1
S01013287,Level 3,99,98,1,0,0,0,1
S01013287,Level 4 and above,206,190,16,0,1,0,15
S01013288,All people aged 16 and over,544,526,18,1,4,2,11
S01013288,No qualifications,141,139,2,0,0,0,2
S01013288,Level 1,135,133,2,1,0,0,1
S01013288,Level 2,70,68,2,0,1,0,1
S01013288,Level 3,56,53,3,0,1,0,2
S01013288,Level 4 and above,142,133,9,0,2,2,5
S01013289,All people aged 16 and over,594,550,44,0,2,6,36
S01013289,No qualifications,86,81,5,0,0,0,5
S01013289,Level 1,138,129,9,0,1,1,7
S01013289,Level 2,99,93,6,0,0,2,4
S01013289,Level 3,49,46,3,0,0,0,3
S01013289,Level 4 and above,222,201,21,0,1,3,17
S01013290,All people aged 16 and over,692,640,52,3,9,7,33
S01013290,No qualifications,144,138,6,1,0,3,2
S01013290,Level 1,214,204,10,0,2,0,8
S01013290,Level 2,94,86,8,1,0,0,7
S01013290,Level 3,70,60,10,1,4,0,5
S01013290,Level 4 and above,170,152,18,0,3,4,11
S01013291,All people aged 16 and over,527,497,30,1,0,9,20
S01013291,No qualifications,109,102,7,1,0,2,4
S01013291,Level 1,171,166,5,0,0,2,3
S01013291,Level 2,84,81,3,0,0,0,3
S01013291,Level 3,52,50,2,0,0,0,2
S01013291,Level 4 and above,111,98,13,0,0,5,8
S01013292,All people aged 16 and over,620,600,20,0,2,2,16
S01013292,No qualifications,115,109,6,0,0,0,6
S01013292,Level 1,187,182,5,0,1,0,4
S01013292,Level 2,128,127,1,0,0,0,1
S01013292,Level 3,63,61,2,0,1,0,1
S01013292,Level 4 and above,127,121,6,0,0,2,4
S01013293,All people aged 16 and over,582,563,19,0,2,3,14
S01013293,No qualifications,89,84,5,0,0,0,5
S01013293,Level 1,154,152,2,0,0,0,2
S01013293,Level 2,124,122,2,0,0,0,2
S01013293,Level 3,58,55,3,0,0,1,2
S01013293,Level 4 and above,157,150,7,0,2,2,3
S01013294,All people aged 16 and over,599,572,27,0,3,8,16
S01013294,No qualifications,118,117,1,0,0,1,0
S01013294,Level 1,164,156,8,0,0,3,5
S01013294,Level 2,101,97,4,0,0,2,2
S01013294,Level 3,74,73,1,0,1,0,0
S01013294,Level 4 and above,142,129,13,0,2,2,9
S01013295,All people aged 16 and over,627,599,28,1,2,1,24
S01013295,No qualifications,100,100,0,0,0,0,0
S01013295,Level 1,193,184,9,0,1,0,8
S01013295,Level 2,120,115,5,1,0,0,4
S01013295,Level 3,70,65,5,0,0,0,5
S01013295,Level 4 and above,144,135,9,0,1,1,7
S01013296,All people aged 16 and over,597,574,23,2,3,2,16
S01013296,No qualifications,233,227,6,1,2,0,3
S01013296,Level 1,167,160,7,0,0,2,5
S01013296,Level 2,71,70,1,0,0,0,1
S01013296,Level 3,43,42,1,0,0,0,1
S01013296,Level 4 and above,83,75,8,1,1,0,6
S01013297,All people aged 16 and over,575,547,28,1,3,6,18
S01013297,No qualifications,158,151,7,0,0,0,7
S01013297,Level 1,196,191,5,0,0,1,4
S01013297,Level 2,83,81,2,0,0,1,1
S01013297,Level 3,44,39,5,0,0,3,2
S01013297,Level 4 and above,94,85,9,1,3,1,4
S01013298,All people aged 16 and over,581,554,27,8,4,3,12
S01013298,No qualifications,207,201,6,2,0,1,3
S01013298,Level 1,131,124,7,4,1,0,2
S01013298,Level 2,93,92,1,0,0,0,1
S01013298,Level 3,36,34,2,0,1,1,0
S01013298,Level 4 and above,114,103,11,2,2,1,6
S01013299,All people aged 16 and over,822,794,28,2,3,7,16
S01013299,No qualifications,238,234,4,0,0,0,4
S01013299,Level 1,228,220,8,1,2,2,3
S01013299,Level 2,126,123,3,0,1,0,2
S01013299,Level 3,85,81,4,0,0,2,2
S01013299,Level 4 and above,145,136,9,1,0,3,5
S01013300,All people aged 16 and over,485,456,29,4,3,6,16
S01013300,No qualifications,167,166,1,0,1,0,0
S01013300,Level 1,139,128,11,0,1,0,10
S01013300,Level 2,65,64,1,0,0,0,1
S01013300,Level 3,41,37,4,0,0,3,1
S01013300,Level 4 and above,73,61,12,4,1,3,4
S01013301,All people aged 16 and over,409,390,19,3,6,5,5
S01013301,No qualifications,150,143,7,0,1,2,4
S01013301,Level 1,130,128,2,1,1,0,0
S01013301,Level 2,44,41,3,0,1,2,0
S01013301,Level 3,33,31,2,0,2,0,0
S01013301,Level 4 and above,52,47,5,2,1,1,1
S01013302,All people aged 16 and over,515,490,25,3,7,5,10
S01013302,No qualifications,120,120,0,0,0,0,0
S01013302,Level 1,139,134,5,1,1,0,3
S01013302,Level 2,82,78,4,1,1,1,1
S01013302,Level 3,56,51,5,1,2,1,1
S01013302,Level 4 and above,118,107,11,0,3,3,5
S01013303,All people aged 16 and over,761,700,61,12,19,3,27
S01013303,No qualifications,206,185,21,5,6,1,9
S01013303,Level 1,236,223,13,1,6,1,5
S01013303,Level 2,93,91,2,0,0,0,2
S01013303,Level 3,67,62,5,1,2,0,2
S01013303,Level 4 and above,159,139,20,5,5,1,9
S01013304,All people aged 16 and over,747,670,77,15,32,21,9
S01013304,No qualifications,221,209,12,2,10,0,0
S01013304,Level 1,251,234,17,4,5,5,3
S01013304,Level 2,109,101,8,0,1,2,5
S01013304,Level 3,67,49,18,5,5,8,0
S01013304,Level 4 and above,99,77,22,4,11,6,1
S01013305,All people aged 16 and over,790,660,130,30,49,28,23
S01013305,No qualifications,302,266,36,9,14,6,7
S01013305,Level 1,214,187,27,3,12,8,4
S01013305,Level 2,85,77,8,1,5,0,2
S01013305,Level 3,81,68,13,5,3,2,3
S01013305,Level 4 and above,108,62,46,12,15,12,7
S01013306,All people aged 16 and over,756,699,57,14,11,8,24
S01013306,No qualifications,267,247,20,3,6,2,9
S01013306,Level 1,287,271,16,6,2,2,6
S01013306,Level 2,94,87,7,2,0,1,4
S01013306,Level 3,50,48,2,0,0,1,1
S01013306,Level 4 and above,58,46,12,3,3,2,4
S01013307,All people aged 16 and over,815,665,150,25,57,40,28
S01013307,No qualifications,284,243,41,9,13,12,7
S01013307,Level 1,288,243,45,6,20,7,12
S01013307,Level 2,69,63,6,1,2,1,2
S01013307,Level 3,80,60,20,3,7,7,3
S01013307,Level 4 and above,94,56,38,6,15,13,4
S01013308,All people aged 16 and over,709,656,53,4,18,17,14
S01013308,No qualifications,231,215,16,2,4,4,6
S01013308,Level 1,254,241,13,0,9,2,2
S01013308,Level 2,87,85,2,0,1,1,0
S01013308,Level 3,69,64,5,0,0,1,4
S01013308,Level 4 and above,68,51,17,2,4,9,2
S01013309,All people aged 16 and over,493,446,47,8,14,6,19
S01013309,No qualifications,92,79,13,3,6,0,4
S01013309,Level 1,135,122,13,3,3,3,4
S01013309,Level 2,80,79,1,0,0,0,1
S01013309,Level 3,49,45,4,0,2,0,2
S01013309,Level 4 and above,137,121,16,2,3,3,8
S01013310,All people aged 16 and over,506,465,41,6,11,17,7
S01013310,No qualifications,137,130,7,1,1,3,2
S01013310,Level 1,171,160,11,4,2,4,1
S01013310,Level 2,62,59,3,0,2,1,0
S01013310,Level 3,61,54,7,0,0,5,2
S01013310,Level 4 and above,75,62,13,1,6,4,2
S01013311,All people aged 16 and over,619,587,32,4,9,6,13
S01013311,No qualifications,193,186,7,2,2,1,2
S01013311,Level 1,216,210,6,0,2,2,2
S01013311,Level 2,67,66,1,0,0,1,0
S01013311,Level 3,56,52,4,0,2,0,2
S01013311,Level 4 and above,87,73,14,2,3,2,7
S01013312,All people aged 16 and over,833,746,87,16,27,14,30
S01013312,No qualifications,232,218,14,1,7,2,4
S01013312,Level 1,284,259,25,7,5,4,9
S01013312,Level 2,109,107,2,0,0,0,2
S01013312,Level 3,100,86,14,6,2,1,5
S01013312,Level 4 and above,108,76,32,2,13,7,10
S01013313,All people aged 16 and over,538,455,83,11,37,13,22
S01013313,No qualifications,159,150,9,0,6,0,3
S01013313,Level 1,166,140,26,9,7,4,6
S01013313,Level 2,76,71,5,0,1,1,3
S01013313,Level 3,66,44,22,2,11,4,5
S01013313,Level 4 and above,71,50,21,0,12,4,5
S01013314,All people aged 16 and over,537,480,57,6,20,9,22
S01013314,No qualifications,165,155,10,0,5,0,5
S01013314,Level 1,152,143,9,0,2,3,4
S01013314,Level 2,72,68,4,1,1,0,2
S01013314,Level 3,59,52,7,3,1,0,3
S01013314,Level 4 and above,89,62,27,2,11,6,8
S01013315,All people aged 16 and over,382,347,35,3,5,5,22
S01013315,No qualifications,32,28,4,0,0,1,3
S01013315,Level 1,81,75,6,1,0,1,4
S01013315,Level 2,80,74,6,1,2,0,3
S01013315,Level 3,44,43,1,0,0,0,1
S01013315,Level 4 and above,145,127,18,1,3,3,11
S01013316,All people aged 16 and over,548,529,19,0,3,1,15
S01013316,No qualifications,94,89,5,0,0,0,5
S01013316,Level 1,126,119,7,0,3,0,4
S01013316,Level 2,95,95,0,0,0,0,0
S01013316,Level 3,51,50,1,0,0,0,1
S01013316,Level 4 and above,182,176,6,0,0,1,5
S01013317,All people aged 16 and over,459,443,16,1,2,9,4
S01013317,No qualifications,112,111,1,0,0,1,0
S01013317,Level 1,98,97,1,0,0,0,1
S01013317,Level 2,79,74,5,0,1,3,1
S01013317,Level 3,62,58,4,1,1,1,1
S01013317,Level 4 and above,108,103,5,0,0,4,1
S01013318,All people aged 16 and over,480,434,46,5,14,10,17
S01013318,No qualifications,80,78,2,0,0,0,2
S01013318,Level 1,125,111,14,0,4,4,6
S01013318,Level 2,68,64,4,0,3,0,1
S01013318,Level 3,53,49,4,1,0,2,1
S01013318,Level 4 and above,154,132,22,4,7,4,7
S01013319,All people aged 16 and over,430,392,38,3,6,7,22
S01013319,No qualifications,73,64,9,0,1,1,7
S01013319,Level 1,127,120,7,1,0,1,5
S01013319,Level 2,66,63,3,0,0,1,2
S01013319,Level 3,56,51,5,0,2,0,3
S01013319,Level 4 and above,108,94,14,2,3,4,5
S01013320,All people aged 16 and over,733,639,94,11,27,27,29
S01013320,No qualifications,80,60,20,1,12,2,5
S01013320,Level 1,170,160,10,1,3,3,3
S01013320,Level 2,146,138,8,0,3,0,5
S01013320,Level 3,97,82,15,4,2,6,3
S01013320,Level 4 and above,240,199,41,5,7,16,13
S01013321,All people aged 16 and over,368,346,22,2,6,2,12
S01013321,No qualifications,119,119,0,0,0,0,0
S01013321,Level 1,105,104,1,0,0,0,1
S01013321,Level 2,41,36,5,0,0,0,5
S01013321,Level 3,49,42,7,1,3,0,3
S01013321,Level 4 and above,54,45,9,1,3,2,3
S01013322,All people aged 16 and over,642,604,38,3,4,7,24
S01013322,No qualifications,199,183,16,2,3,2,9
S01013322,Level 1,184,177,7,0,0,2,5
S01013322,Level 2,84,83,1,0,0,0,1
S01013322,Level 3,65,59,6,0,0,1,5
S01013322,Level 4 and above,110,102,8,1,1,2,4
S01013323,All people aged 16 and over,770,705,65,7,16,17,25
S01013323,No qualifications,224,214,10,0,1,1,8
S01013323,Level 1,266,243,23,3,7,6,7
S01013323,Level 2,101,100,1,0,0,0,1
S01013323,Level 3,89,75,14,2,6,1,5
S01013323,Level 4 and above,90,73,17,2,2,9,4
S01013324,All people aged 16 and over,500,441,59,9,6,16,28
S01013324,No qualifications,160,142,18,4,4,3,7
S01013324,Level 1,172,158,14,2,0,4,8
S01013324,Level 2,55,49,6,0,0,1,5
S01013324,Level 3,46,41,5,2,1,1,1
S01013324,Level 4 and above,67,51,16,1,1,7,7
S01013325,All people aged 16 and over,662,626,36,3,10,11,12
S01013325,No qualifications,210,202,8,1,3,3,1
S01013325,Level 1,216,206,10,1,3,3,3
S01013325,Level 2,72,70,2,0,1,0,1
S01013325,Level 3,78,73,5,0,2,0,3
S01013325,Level 4 and above,86,75,11,1,1,5,4
S01013326,All people aged 16 and over,429,375,54,7,17,10,20
S01013326,No qualifications,142,128,14,1,3,2,8
S01013326,Level 1,152,140,12,4,2,1,5
S01013326,Level 2,50,45,5,0,0,1,4
S01013326,Level 3,37,31,6,0,4,1,1
S01013326,Level 4 and above,48,31,17,2,8,5,2
S01013327,All people aged 16 and over,542,498,44,6,17,9,12
S01013327,No qualifications,167,159,8,1,4,1,2
S01013327,Level 1,188,174,14,0,5,4,5
S01013327,Level 2,63,58,5,1,2,1,1
S01013327,Level 3,59,54,5,1,1,1,2
S01013327,Level 4 and above,65,53,12,3,5,2,2
S01013328,All people aged 16 and over,480,447,33,2,4,9,18
S01013328,No qualifications,149,141,8,0,1,1,6
S01013328,Level 1,186,177,9,1,0,5,3
S01013328,Level 2,54,50,4,0,0,0,4
S01013328,Level 3,43,41,2,0,0,1,1
S01013328,Level 4 and above,48,38,10,1,3,2,4
S01013329,All people aged 16 and over,435,408,27,7,9,2,9
S01013329,No qualifications,143,134,9,2,2,0,5
S01013329,Level 1,154,149,5,1,1,0,3
S01013329,Level 2,43,43,0,0,0,0,0
S01013329,Level 3,39,38,1,0,0,1,0
S01013329,Level 4 and above,56,44,12,4,6,1,1
S01013330,All people aged 16 and over,819,721,98,9,35,23,31
S01013330,No qualifications,101,86,15,3,8,3,1
S01013330,Level 1,208,195,13,0,5,2,6
S01013330,Level 2,138,133,5,1,1,1,2
S01013330,Level 3,104,85,19,2,7,5,5
S01013330,Level 4 and above,268,222,46,3,14,12,17
S01013331,All people aged 16 and over,481,376,105,16,30,24,35
S01013331,No qualifications,54,41,13,3,4,1,5
S01013331,Level 1,143,116,27,2,8,10,7
S01013331,Level 2,83,75,8,0,2,1,5
S01013331,Level 3,54,46,8,3,0,2,3
S01013331,Level 4 and above,147,98,49,8,16,10,15
S01013332,All people aged 16 and over,536,504,32,6,5,1,20
S01013332,No qualifications,155,148,7,1,0,0,6
S01013332,Level 1,172,167,5,1,0,1,3
S01013332,Level 2,81,78,3,0,0,0,3
S01013332,Level 3,52,50,2,0,1,0,1
S01013332,Level 4 and above,76,61,15,4,4,0,7
S01013333,All people aged 16 and over,643,591,52,5,7,10,30
S01013333,No qualifications,122,112,10,0,0,2,8
S01013333,Level 1,186,174,12,1,3,0,8
S01013333,Level 2,101,97,4,0,1,1,2
S01013333,Level 3,102,94,8,1,3,0,4
S01013333,Level 4 and above,132,114,18,3,0,7,8
S01013334,All people aged 16 and over,570,530,40,10,7,7,16
S01013334,No qualifications,176,164,12,1,2,3,6
S01013334,Level 1,206,197,9,2,2,0,5
S01013334,Level 2,53,50,3,0,0,1,2
S01013334,Level 3,60,57,3,0,0,1,2
S01013334,Level 4 and above,75,62,13,7,3,2,1
S01013335,All people aged 16 and over,571,518,53,5,14,9,25
S01013335,No qualifications,176,161,15,0,5,1,9
S01013335,Level 1,214,202,12,3,4,1,4
S01013335,Level 2,70,63,7,0,1,1,5
S01013335,Level 3,49,43,6,1,0,3,2
S01013335,Level 4 and above,62,49,13,1,4,3,5
S01013336,All people aged 16 and over,660,597,63,6,24,13,20
S01013336,No qualifications,220,207,13,1,6,2,4
S01013336,Level 1,224,207,17,4,4,3,6
S01013336,Level 2,78,76,2,0,0,0,2
S01013336,Level 3,43,39,4,0,1,1,2
S01013336,Level 4 and above,95,68,27,1,13,7,6
S01013337,All people aged 16 and over,784,708,76,9,13,13,41
S01013337,No qualifications,170,159,11,0,2,2,7
S01013337,Level 1,212,196,16,3,2,1,10
S01013337,Level 2,123,118,5,0,0,1,4
S01013337,Level 3,87,71,16,1,4,4,7
S01013337,Level 4 and above,192,164,28,5,5,5,13
S01013338,All people aged 16 and over,388,337,51,7,9,4,31
S01013338,No qualifications,30,21,9,1,1,1,6
S01013338,Level 1,104,85,19,5,4,0,10
S01013338,Level 2,72,70,2,0,0,1,1
S01013338,Level 3,44,39,5,0,0,1,4
S01013338,Level 4 and above,138,122,16,1,4,1,10
S01013339,All people aged 16 and over,473,434,39,6,14,7,12
S01013339,No qualifications,75,64,11,1,4,0,6
S01013339,Level 1,117,111,6,0,4,1,1
S01013339,Level 2,80,79,1,0,0,0,1
S01013339,Level 3,59,53,6,3,1,2,0
S01013339,Level 4 and above,142,127,15,2,5,4,4
S01013340,All people aged 16 and over,695,648,47,4,3,7,33
S01013340,No qualifications,119,108,11,1,0,2,8
S01013340,Level 1,172,167,5,0,0,0,5
S01013340,Level 2,112,107,5,0,0,1,4
S01013340,Level 3,93,86,7,2,0,0,5
S01013340,Level 4 and above,199,180,19,1,3,4,11
S01013341,All people aged 16 and over,726,653,73,6,12,13,42
S01013341,No qualifications,99,83,16,2,4,1,9
S01013341,Level 1,169,155,14,2,0,5,7
S01013341,Level 2,79,73,6,0,0,0,6
S01013341,Level 3,76,73,3,0,0,1,2
S01013341,Level 4 and above,303,269,34,2,8,6,18
S01013342,All people aged 16 and over,516,488,28,0,8,11,9
S01013342,No qualifications,182,177,5,0,1,1,3
S01013342,Level 1,162,157,5,0,3,1,1
S01013342,Level 2,69,63,6,0,1,3,2
S01013342,Level 3,43,35,8,0,1,6,1
S01013342,Level 4 and above,60,56,4,0,2,0,2
S01013343,All people aged 16 and over,526,484,42,2,9,14,17
S01013343,No qualifications,136,131,5,0,2,1,2
S01013343,Level 1,168,158,10,0,1,7,2
S01013343,Level 2,84,82,2,0,0,2,0
S01013343,Level 3,66,57,9,0,1,1,7
S01013343,Level 4 and above,72,56,16,2,5,3,6
S01013344,All people aged 16 and over,654,628,26,3,1,9,13
S01013344,No qualifications,249,247,2,0,0,0,2
S01013344,Level 1,216,208,8,2,0,1,5
S01013344,Level 2,77,73,4,0,1,0,3
S01013344,Level 3,52,52,0,0,0,0,0
S01013344,Level 4 and above,60,48,12,1,0,8,3
S01013345,All people aged 16 and over,575,521,54,17,14,5,18
S01013345,No qualifications,176,170,6,1,0,1,4
S01013345,Level 1,187,172,15,4,0,3,8
S01013345,Level 2,75,72,3,0,0,0,3
S01013345,Level 3,60,50,10,5,4,0,1
S01013345,Level 4 and above,77,57,20,7,10,1,2
S01013346,All people aged 16 and over,621,557,64,3,11,10,40
S01013346,No qualifications,67,58,9,1,2,2,4
S01013346,Level 1,161,152,9,1,1,2,5
S01013346,Level 2,111,105,6,0,0,1,5
S01013346,Level 3,87,84,3,0,1,2,0
S01013346,Level 4 and above,195,158,37,1,7,3,26
S01013347,All people aged 16 and over,575,523,52,8,17,9,18
S01013347,No qualifications,104,96,8,2,1,1,4
S01013347,Level 1,143,126,17,5,5,3,4
S01013347,Level 2,106,104,2,1,1,0,0
S01013347,Level 3,75,69,6,0,2,1,3
S01013347,Level 4 and above,147,128,19,0,8,4,7
S01013348,All people aged 16 and over,343,323,20,1,3,4,12
S01013348,No qualifications,31,29,2,1,1,0,0
S01013348,Level 1,97,90,7,0,0,1,6
S01013348,Level 2,62,62,0,0,0,0,0
S01013348,Level 3,49,49,0,0,0,0,0
S01013348,Level 4 and above,104,93,11,0,2,3,6
S01013349,All people aged 16 and over,615,445,170,55,61,26,28
S01013349,No qualifications,75,50,25,16,6,0,3
S01013349,Level 1,164,133,31,8,11,5,7
S01013349,Level 2,82,73,9,2,3,0,4
S01013349,Level 3,71,54,17,3,7,3,4
S01013349,Level 4 and above,223,135,88,26,34,18,10
S01013350,All people aged 16 and over,551,510,41,3,11,13,14
S01013350,No qualifications,152,149,3,0,0,0,3
S01013350,Level 1,220,204,16,1,6,3,6
S01013350,Level 2,65,61,4,0,1,3,0
S01013350,Level 3,50,45,5,0,2,3,0
S01013350,Level 4 and above,64,51,13,2,2,4,5
S01013351,All people aged 16 and over,631,569,62,9,20,11,22
S01013351,No qualifications,126,124,2,0,1,0,1
S01013351,Level 1,183,166,17,1,5,4,7
S01013351,Level 2,101,100,1,0,0,0,1
S01013351,Level 3,73,66,7,0,2,4,1
S01013351,Level 4 and above,148,113,35,8,12,3,12
S01013352,All people aged 16 and over,715,669,46,4,8,12,22
S01013352,No qualifications,199,185,14,0,3,5,6
S01013352,Level 1,230,221,9,1,0,3,5
S01013352,Level 2,117,113,4,0,2,0,2
S01013352,Level 3,72,63,9,2,1,2,4
S01013352,Level 4 and above,97,87,10,1,2,2,5
S01013353,All people aged 16 and over,510,481,29,4,2,4,19
S01013353,No qualifications,155,152,3,0,0,1,2
S01013353,Level 1,179,170,9,2,1,1,5
S01013353,Level 2,67,63,4,0,0,0,4
S01013353,Level 3,51,47,4,0,0,1,3
S01013353,Level 4 and above,58,49,9,2,1,1,5
S01013354,All people aged 16 and over,589,561,28,0,4,8,16
S01013354,No qualifications,166,161,5,0,0,2,3
S01013354,Level 1,178,168,10,0,2,3,5
S01013354,Level 2,67,64,3,0,0,1,2
S01013354,Level 3,71,69,2,0,0,1,1
S01013354,Level 4 and above,107,99,8,0,2,1,5
S01013355,All people aged 16 and over,522,514,8,0,0,2,6
S01013355,No qualifications,167,166,1,0,0,0,1
S01013355,Level 1,162,160,2,0,0,1,1
S01013355,Level 2,51,50,1,0,0,0,1
S01013355,Level 3,48,47,1,0,0,0,1
S01013355,Level 4 and above,94,91,3,0,0,1,2
S01013356,All people aged 16 and over,583,552,31,1,9,9,12
S01013356,No qualifications,212,207,5,0,0,1,4
S01013356,Level 1,193,185,8,1,2,0,5
S01013356,Level 2,68,64,4,0,1,2,1
S01013356,Level 3,43,40,3,0,2,1,0
S01013356,Level 4 and above,67,56,11,0,4,5,2
S01013357,All people aged 16 and over,658,615,43,0,16,11,16
S01013357,No qualifications,151,146,5,0,0,0,5
S01013357,Level 1,212,202,10,0,4,2,4
S01013357,Level 2,96,94,2,0,1,0,1
S01013357,Level 3,58,52,6,0,3,1,2
S01013357,Level 4 and above,141,121,20,0,8,8,4
S01013358,All people aged 16 and over,677,643,34,3,10,9,12
S01013358,No qualifications,259,252,7,1,2,0,4
S01013358,Level 1,195,180,15,0,5,8,2
S01013358,Level 2,76,74,2,0,0,0,2
S01013358,Level 3,61,59,2,0,0,0,2
S01013358,Level 4 and above,86,78,8,2,3,1,2
S01013359,All people aged 16 and over,503,473,30,0,7,13,10
S01013359,No qualifications,216,210,6,0,2,0,4
S01013359,Level 1,145,135,10,0,2,5,3
S01013359,Level 2,61,55,6,0,3,1,2
S01013359,Level 3,35,30,5,0,0,5,0
S01013359,Level 4 and above,46,43,3,0,0,2,1
S01013360,All people aged 16 and over,573,556,17,4,3,1,9
S01013360,No qualifications,241,236,5,0,1,0,4
S01013360,Level 1,186,180,6,2,1,1,2
S01013360,Level 2,54,52,2,1,0,0,1
S01013360,Level 3,49,48,1,1,0,0,0
S01013360,Level 4 and above,43,40,3,0,1,0,2
S01013361,All people aged 16 and over,482,465,17,1,3,6,7
S01013361,No qualifications,199,196,3,0,0,0,3
S01013361,Level 1,135,130,5,1,1,1,2
S01013361,Level 2,59,59,0,0,0,0,0
S01013361,Level 3,44,42,2,0,1,1,0
S01013361,Level 4 and above,45,38,7,0,1,4,2
S01013362,All people aged 16 and over,389,372,17,0,6,2,9
S01013362,No qualifications,164,157,7,0,1,1,5
S01013362,Level 1,132,128,4,0,3,0,1
S01013362,Level 2,27,27,0,0,0,0,0
S01013362,Level 3,37,35,2,0,1,0,1
S01013362,Level 4 and above,29,25,4,0,1,1,2
S01013363,All people aged 16 and over,610,576,34,9,10,7,8
S01013363,No qualifications,236,232,4,1,1,1,1
S01013363,Level 1,216,203,13,1,5,2,5
S01013363,Level 2,72,70,2,0,0,2,0
S01013363,Level 3,49,40,9,3,3,2,1
S01013363,Level 4 and above,37,31,6,4,1,0,1
S01013364,All people aged 16 and over,719,698,21,0,4,5,12
S01013364,No qualifications,236,229,7,0,1,2,4
S01013364,Level 1,198,195,3,0,1,1,1
S01013364,Level 2,96,95,1,0,1,0,0
S01013364,Level 3,73,71,2,0,1,0,1
S01013364,Level 4 and above,116,108,8,0,0,2,6
S01013365,All people aged 16 and over,668,638,30,3,8,6,13
S01013365,No qualifications,155,149,6,0,3,0,3
S01013365,Level 1,159,154,5,0,0,0,5
S01013365,Level 2,132,129,3,0,1,1,1
S01013365,Level 3,75,72,3,2,1,0,0
S01013365,Level 4 and above,147,134,13,1,3,5,4
S01013366,All people aged 16 and over,699,683,16,0,2,3,11
S01013366,No qualifications,134,134,0,0,0,0,0
S01013366,Level 1,205,204,1,0,0,0,1
S01013366,Level 2,139,136,3,0,0,0,3
S01013366,Level 3,92,92,0,0,0,0,0
S01013366,Level 4 and above,129,117,12,0,2,3,7
S01013367,All people aged 16 and over,470,448,22,0,3,4,15
S01013367,No qualifications,91,89,2,0,0,0,2
S01013367,Level 1,131,124,7,0,2,0,5
S01013367,Level 2,80,80,0,0,0,0,0
S01013367,Level 3,62,62,0,0,0,0,0
S01013367,Level 4 and above,106,93,13,0,1,4,8
S01013368,All people aged 16 and over,639,628,11,0,2,1,8
S01013368,No qualifications,226,221,5,0,0,1,4
S01013368,Level 1,179,178,1,0,0,0,1
S01013368,Level 2,87,86,1,0,0,0,1
S01013368,Level 3,61,59,2,0,0,0,2
S01013368,Level 4 and above,86,84,2,0,2,0,0
S01013369,All people aged 16 and over,711,696,15,1,5,4,5
S01013369,No qualifications,279,276,3,0,1,0,2
S01013369,Level 1,235,232,3,0,1,0,2
S01013369,Level 2,72,72,0,0,0,0,0
S01013369,Level 3,60,59,1,0,0,1,0
S01013369,Level 4 and above,65,57,8,1,3,3,1
S01013370,All people aged 16 and over,499,477,22,2,8,3,9
S01013370,No qualifications,205,197,8,1,3,0,4
S01013370,Level 1,154,144,10,0,5,2,3
S01013370,Level 2,54,53,1,0,0,0,1
S01013370,Level 3,47,46,1,0,0,0,1
S01013370,Level 4 and above,39,37,2,1,0,1,0
S01013371,All people aged 16 and over,558,545,13,0,0,0,13
S01013371,No qualifications,241,236,5,0,0,0,5
S01013371,Level 1,149,144,5,0,0,0,5
S01013371,Level 2,50,50,0,0,0,0,0
S01013371,Level 3,48,48,0,0,0,0,0
S01013371,Level 4 and above,70,67,3,0,0,0,3
S01013372,All people aged 16 and over,843,817,26,3,7,8,8
S01013372,No qualifications,329,325,4,2,0,1,1
S01013372,Level 1,303,298,5,1,0,1,3
S01013372,Level 2,85,84,1,0,0,0,1
S01013372,Level 3,54,47,7,0,3,2,2
S01013372,Level 4 and above,72,63,9,0,4,4,1
S01013373,All people aged 16 and over,757,746,11,0,1,0,10
S01013373,No qualifications,320,317,3,0,0,0,3
S01013373,Level 1,222,219,3,0,1,0,2
S01013373,Level 2,76,76,0,0,0,0,0
S01013373,Level 3,60,58,2,0,0,0,2
S01013373,Level 4 and above,79,76,3,0,0,0,3
S01013374,All people aged 16 and over,747,726,21,0,5,6,10
S01013374,No qualifications,339,328,11,0,4,2,5
S01013374,Level 1,240,238,2,0,0,0,2
S01013374,Level 2,68,65,3,0,0,0,3
S01013374,Level 3,50,50,0,0,0,0,0
S01013374,Level 4 and above,50,45,5,0,1,4,0
S01013375,All people aged 16 and over,467,449,18,7,4,4,3
S01013375,No qualifications,183,179,4,4,0,0,0
S01013375,Level 1,135,129,6,2,2,1,1
S01013375,Level 2,52,51,1,1,0,0,0
S01013375,Level 3,46,42,4,0,1,2,1
S01013375,Level 4 and above,51,48,3,0,1,1,1
S01013376,All people aged 16 and over,480,470,10,3,0,1,6
S01013376,No qualifications,205,202,3,0,0,0,3
S01013376,Level 1,144,142,2,0,0,1,1
S01013376,Level 2,51,50,1,0,0,0,1
S01013376,Level 3,33,33,0,0,0,0,0
S01013376,Level 4 and above,47,43,4,3,0,0,1
S01013377,All people aged 16 and over,654,638,16,1,9,4,2
S01013377,No qualifications,278,277,1,0,0,0,1
S01013377,Level 1,182,177,5,0,3,1,1
S01013377,Level 2,69,68,1,0,0,1,0
S01013377,Level 3,60,54,6,1,4,1,0
S01013377,Level 4 and above,65,62,3,0,2,1,0
S01013378,All people aged 16 and over,788,766,22,0,3,2,17
S01013378,No qualifications,242,236,6,0,2,0,4
S01013378,Level 1,251,246,5,0,0,0,5
S01013378,Level 2,107,104,3,0,0,2,1
S01013378,Level 3,71,71,0,0,0,0,0
S01013378,Level 4 and above,117,109,8,0,1,0,7
S01013379,All people aged 16 and over,705,675,30,2,4,3,21
S01013379,No qualifications,223,214,9,0,0,0,9
S01013379,Level 1,217,214,3,0,0,1,2
S01013379,Level 2,91,87,4,0,1,0,3
S01013379,Level 3,58,56,2,0,0,0,2
S01013379,Level 4 and above,116,104,12,2,3,2,5
S01013380,All people aged 16 and over,126,125,1,0,0,0,1
S01013380,No qualifications,51,50,1,0,0,0,1
S01013380,Level 1,33,33,0,0,0,0,0
S01013380,Level 2,15,15,0,0,0,0,0
S01013380,Level 3,9,9,0,0,0,0,0
S01013380,Level 4 and above,18,18,0,0,0,0,0
S01013381,All people aged 16 and over,403,391,12,0,4,5,3
S01013381,No qualifications,171,170,1,0,0,1,0
S01013381,Level 1,120,118,2,0,1,1,0
S01013381,Level 2,35,33,2,0,1,1,0
S01013381,Level 3,33,33,0,0,0,0,0
S01013381,Level 4 and above,44,37,7,0,2,2,3
S01013382,All people aged 16 and over,446,414,32,0,9,12,11
S01013382,No qualifications,148,141,7,0,2,2,3
S01013382,Level 1,140,133,7,0,3,3,1
S01013382,Level 2,56,53,3,0,2,1,0
S01013382,Level 3,45,40,5,0,0,1,4
S01013382,Level 4 and above,57,47,10,0,2,5,3
S01013383,All people aged 16 and over,581,565,16,0,3,4,9
S01013383,No qualifications,238,232,6,0,1,2,3
S01013383,Level 1,183,180,3,0,0,1,2
S01013383,Level 2,62,62,0,0,0,0,0
S01013383,Level 3,43,42,1,0,0,0,1
S01013383,Level 4 and above,55,49,6,0,2,1,3
S01013384,All people aged 16 and over,619,594,25,7,6,1,11
S01013384,No qualifications,216,212,4,1,0,0,3
S01013384,Level 1,194,181,13,6,3,0,4
S01013384,Level 2,71,71,0,0,0,0,0
S01013384,Level 3,51,49,2,0,0,1,1
S01013384,Level 4 and above,87,81,6,0,3,0,3
S01013385,All people aged 16 and over,407,398,9,0,3,3,3
S01013385,No qualifications,104,104,0,0,0,0,0
S01013385,Level 1,108,106,2,0,0,2,0
S01013385,Level 2,61,61,0,0,0,0,0
S01013385,Level 3,58,55,3,0,2,0,1
S01013385,Level 4 and above,76,72,4,0,1,1,2
S01013386,All people aged 16 and over,689,676,13,1,2,0,10
S01013386,No qualifications,145,144,1,0,0,0,1
S01013386,Level 1,206,203,3,1,1,0,1
S01013386,Level 2,107,106,1,0,0,0,1
S01013386,Level 3,91,88,3,0,0,0,3
S01013386,Level 4 and above,140,135,5,0,1,0,4
S01013387,All people aged 16 and over,471,460,11,0,1,1,9
S01013387,No qualifications,178,175,3,0,0,0,3
S01013387,Level 1,161,156,5,0,0,0,5
S01013387,Level 2,55,55,0,0,0,0,0
S01013387,Level 3,35,34,1,0,0,1,0
S01013387,Level 4 and above,42,40,2,0,1,0,1
S01013388,All people aged 16 and over,639,625,14,2,1,2,9
S01013388,No qualifications,262,256,6,0,0,0,6
S01013388,Level 1,175,173,2,1,0,0,1
S01013388,Level 2,68,68,0,0,0,0,0
S01013388,Level 3,58,58,0,0,0,0,0
S01013388,Level 4 and above,76,70,6,1,1,2,2
S01013389,All people aged 16 and over,623,615,8,0,1,2,5
S01013389,No qualifications,177,176,1,0,0,0,1
S01013389,Level 1,203,199,4,0,0,2,2
S01013389,Level 2,98,97,1,0,0,0,1
S01013389,Level 3,62,62,0,0,0,0,0
S01013389,Level 4 and above,83,81,2,0,1,0,1
S01013390,All people aged 16 and over,382,376,6,1,0,1,4
S01013390,No qualifications,151,150,1,0,0,0,1
S01013390,Level 1,127,127,0,0,0,0,0
S01013390,Level 2,39,38,1,0,0,0,1
S01013390,Level 3,29,29,0,0,0,0,0
S01013390,Level 4 and above,36,32,4,1,0,1,2
S01013391,All people aged 16 and over,356,349,7,2,2,1,2
S01013391,No qualifications,113,113,0,0,0,0,0
S01013391,Level 1,98,97,1,0,1,0,0
S01013391,Level 2,49,49,0,0,0,0,0
S01013391,Level 3,33,32,1,0,0,0,1
S01013391,Level 4 and above,63,58,5,2,1,1,1
S01013392,All people aged 16 and over,549,523,26,0,5,9,12
S01013392,No qualifications,54,51,3,0,2,0,1
S01013392,Level 1,168,163,5,0,0,2,3
S01013392,Level 2,88,85,3,0,0,2,1
S01013392,Level 3,68,66,2,0,0,1,1
S01013392,Level 4 and above,171,158,13,0,3,4,6
S01013393,All people aged 16 and over,563,535,28,0,5,16,7
S01013393,No qualifications,183,179,4,0,1,1,2
S01013393,Level 1,194,182,12,0,4,5,3
S01013393,Level 2,72,70,2,0,0,2,0
S01013393,Level 3,44,42,2,0,0,1,1
S01013393,Level 4 and above,70,62,8,0,0,7,1
S01013394,All people aged 16 and over,534,504,30,1,6,6,17
S01013394,No qualifications,186,185,1,0,0,0,1
S01013394,Level 1,162,156,6,1,0,2,3
S01013394,Level 2,64,61,3,0,0,0,3
S01013394,Level 3,51,47,4,0,1,0,3
S01013394,Level 4 and above,71,55,16,0,5,4,7
S01013395,All people aged 16 and over,518,483,35,3,11,11,10
S01013395,No qualifications,192,190,2,0,0,0,2
S01013395,Level 1,205,189,16,1,6,5,4
S01013395,Level 2,58,54,4,0,2,1,1
S01013395,Level 3,27,24,3,0,1,1,1
S01013395,Level 4 and above,36,26,10,2,2,4,2
S01013396,All people aged 16 and over,501,457,44,3,5,19,17
S01013396,No qualifications,43,40,3,0,0,1,2
S01013396,Level 1,147,137,10,1,3,3,3
S01013396,Level 2,89,84,5,0,0,1,4
S01013396,Level 3,73,67,6,0,0,4,2
S01013396,Level 4 and above,149,129,20,2,2,10,6
S01013397,All people aged 16 and over,705,665,40,4,8,15,13
S01013397,No qualifications,223,213,10,1,2,4,3
S01013397,Level 1,219,206,13,1,2,7,3
S01013397,Level 2,72,69,3,0,0,0,3
S01013397,Level 3,68,66,2,0,1,0,1
S01013397,Level 4 and above,123,111,12,2,3,4,3
S01013398,All people aged 16 and over,446,410,36,4,5,7,20
S01013398,No qualifications,54,51,3,0,0,0,3
S01013398,Level 1,132,129,3,0,1,0,2
S01013398,Level 2,76,76,0,0,0,0,0
S01013398,Level 3,60,49,11,1,2,4,4
S01013398,Level 4 and above,124,105,19,3,2,3,11
S01013399,All people aged 16 and over,839,798,41,4,10,17,10
S01013399,No qualifications,192,189,3,2,1,0,0
S01013399,Level 1,221,205,16,1,2,9,4
S01013399,Level 2,122,122,0,0,0,0,0
S01013399,Level 3,116,109,7,1,2,2,2
S01013399,Level 4 and above,188,173,15,0,5,6,4
S01013400,All people aged 16 and over,537,507,30,1,15,2,12
S01013400,No qualifications,136,128,8,0,3,0,5
S01013400,Level 1,156,152,4,1,3,0,0
S01013400,Level 2,98,96,2,0,1,0,1
S01013400,Level 3,58,55,3,0,1,0,2
S01013400,Level 4 and above,89,76,13,0,7,2,4
S01013401,All people aged 16 and over,616,562,54,1,16,13,24
S01013401,No qualifications,51,41,10,1,4,0,5
S01013401,Level 1,164,154,10,0,3,1,6
S01013401,Level 2,104,101,3,0,0,1,2
S01013401,Level 3,81,72,9,0,3,4,2
S01013401,Level 4 and above,216,194,22,0,6,7,9
S01013402,All people aged 16 and over,769,668,101,3,42,21,35
S01013402,No qualifications,51,43,8,0,4,0,4
S01013402,Level 1,145,127,18,2,11,0,5
S01013402,Level 2,121,115,6,0,3,2,1
S01013402,Level 3,115,101,14,0,6,5,3
S01013402,Level 4 and above,337,282,55,1,18,14,22
S01013403,All people aged 16 and over,622,569,53,8,8,15,22
S01013403,No qualifications,47,40,7,0,1,2,4
S01013403,Level 1,158,151,7,2,3,0,2
S01013403,Level 2,110,107,3,0,0,1,2
S01013403,Level 3,85,78,7,4,2,1,0
S01013403,Level 4 and above,222,193,29,2,2,11,14
S01013404,All people aged 16 and over,422,383,39,7,13,5,14
S01013404,No qualifications,53,42,11,2,3,3,3
S01013404,Level 1,104,92,12,3,7,1,1
S01013404,Level 2,71,69,2,0,0,0,2
S01013404,Level 3,61,59,2,0,1,0,1
S01013404,Level 4 and above,133,121,12,2,2,1,7
S01013405,All people aged 16 and over,571,516,55,7,20,10,18
S01013405,No qualifications,167,159,8,0,1,0,7
S01013405,Level 1,170,151,19,5,10,2,2
S01013405,Level 2,57,57,0,0,0,0,0
S01013405,Level 3,57,50,7,0,1,4,2
S01013405,Level 4 and above,120,99,21,2,8,4,7
S01013406,All people aged 16 and over,505,465,40,4,16,11,9
S01013406,No qualifications,193,181,12,1,6,2,3
S01013406,Level 1,167,160,7,0,3,2,2
S01013406,Level 2,40,38,2,0,0,0,2
S01013406,Level 3,51,44,7,2,1,2,2
S01013406,Level 4 and above,54,42,12,1,6,5,0
S01013407,All people aged 16 and over,436,392,44,2,14,14,14
S01013407,No qualifications,154,147,7,0,0,4,3
S01013407,Level 1,142,128,14,0,7,1,6
S01013407,Level 2,39,38,1,0,0,1,0
S01013407,Level 3,38,33,5,0,2,2,1
S01013407,Level 4 and above,63,46,17,2,5,6,4
S01013408,All people aged 16 and over,519,470,49,9,19,10,11
S01013408,No qualifications,183,174,9,4,3,0,2
S01013408,Level 1,178,161,17,1,7,3,6
S01013408,Level 2,46,42,4,1,2,0,1
S01013408,Level 3,43,38,5,1,0,3,1
S01013408,Level 4 and above,69,55,14,2,7,4,1
S01013409,All people aged 16 and over,834,766,68,13,20,16,19
S01013409,No qualifications,180,169,11,0,5,2,4
S01013409,Level 1,254,234,20,5,9,4,2
S01013409,Level 2,125,119,6,1,0,1,4
S01013409,Level 3,81,72,9,3,0,2,4
S01013409,Level 4 and above,194,172,22,4,6,7,5
S01013410,All people aged 16 and over,486,444,42,5,12,17,8
S01013410,No qualifications,137,129,8,2,1,3,2
S01013410,Level 1,188,174,14,1,5,5,3
S01013410,Level 2,58,54,4,0,1,0,3
S01013410,Level 3,48,43,5,0,2,3,0
S01013410,Level 4 and above,55,44,11,2,3,6,0
S01013411,All people aged 16 and over,604,532,72,17,21,14,20
S01013411,No qualifications,129,114,15,3,5,4,3
S01013411,Level 1,174,161,13,1,5,3,4
S01013411,Level 2,84,81,3,0,0,1,2
S01013411,Level 3,60,55,5,1,2,1,1
S01013411,Level 4 and above,157,121,36,12,9,5,10
S01013412,All people aged 16 and over,661,619,42,8,12,9,13
S01013412,No qualifications,133,121,12,2,4,2,4
S01013412,Level 1,194,183,11,2,3,4,2
S01013412,Level 2,113,106,7,2,2,1,2
S01013412,Level 3,79,74,5,1,1,0,3
S01013412,Level 4 and above,142,135,7,1,2,2,2
S01013413,All people aged 16 and over,636,620,16,0,2,3,11
S01013413,No qualifications,122,121,1,0,0,0,1
S01013413,Level 1,107,105,2,0,0,0,2
S01013413,Level 2,100,97,3,0,0,0,3
S01013413,Level 3,82,79,3,0,0,2,1
S01013413,Level 4 and above,225,218,7,0,2,1,4
S01013414,All people aged 16 and over,766,694,72,14,34,12,12
S01013414,No qualifications,276,260,16,3,5,5,3
S01013414,Level 1,191,169,22,4,13,2,3
S01013414,Level 2,79,75,4,0,3,1,0
S01013414,Level 3,66,59,7,0,5,1,1
S01013414,Level 4 and above,154,131,23,7,8,3,5
S01013415,All people aged 16 and over,566,536,30,9,5,10,6
S01013415,No qualifications,243,228,15,6,2,4,3
S01013415,Level 1,146,140,6,1,0,3,2
S01013415,Level 2,68,66,2,0,0,2,0
S01013415,Level 3,44,40,4,1,2,0,1
S01013415,Level 4 and above,65,62,3,1,1,1,0
S01013416,All people aged 16 and over,491,449,42,7,8,11,16
S01013416,No qualifications,173,164,9,0,0,3,6
S01013416,Level 1,132,125,7,1,4,0,2
S01013416,Level 2,63,57,6,0,0,4,2
S01013416,Level 3,64,56,8,1,2,1,4
S01013416,Level 4 and above,59,47,12,5,2,3,2
S01013417,All people aged 16 and over,730,646,84,15,33,22,14
S01013417,No qualifications,187,171,16,3,6,5,2
S01013417,Level 1,195,177,18,3,9,3,3
S01013417,Level 2,110,103,7,0,3,3,1
S01013417,Level 3,77,66,11,2,6,2,1
S01013417,Level 4 and above,161,129,32,7,9,9,7
S01013418,All people aged 16 and over,510,482,28,8,7,3,10
S01013418,No qualifications,149,146,3,0,0,0,3
S01013418,Level 1,108,106,2,0,0,1,1
S01013418,Level 2,79,77,2,0,0,0,2
S01013418,Level 3,57,53,4,2,0,0,2
S01013418,Level 4 and above,117,100,17,6,7,2,2
S01013419,All people aged 16 and over,387,374,13,0,0,5,8
S01013419,No qualifications,49,47,2,0,0,1,1
S01013419,Level 1,99,98,1,0,0,1,0
S01013419,Level 2,77,77,0,0,0,0,0
S01013419,Level 3,47,45,2,0,0,0,2
S01013419,Level 4 and above,115,107,8,0,0,3,5
S01013420,All people aged 16 and over,468,451,17,2,5,3,7
S01013420,No qualifications,106,105,1,0,0,0,1
S01013420,Level 1,133,126,7,2,2,1,2
S01013420,Level 2,86,85,1,0,0,0,1
S01013420,Level 3,63,63,0,0,0,0,0
S01013420,Level 4 and above,80,72,8,0,3,2,3
S01013421,All people aged 16 and over,565,531,34,1,6,10,17
S01013421,No qualifications,79,77,2,0,0,0,2
S01013421,Level 1,150,146,4,0,2,1,1
S01013421,Level 2,96,94,2,0,0,0,2
S01013421,Level 3,74,68,6,0,2,1,3
S01013421,Level 4 and above,166,146,20,1,2,8,9
S01013422,All people aged 16 and over,591,566,25,3,1,12,9
S01013422,No qualifications,168,165,3,0,0,2,1
S01013422,Level 1,177,172,5,3,0,1,1
S01013422,Level 2,87,84,3,0,0,2,1
S01013422,Level 3,76,76,0,0,0,0,0
S01013422,Level 4 and above,83,69,14,0,1,7,6
S01013423,All people aged 16 and over,668,642,26,3,4,10,9
S01013423,No qualifications,158,154,4,0,1,0,3
S01013423,Level 1,190,185,5,0,1,2,2
S01013423,Level 2,116,113,3,0,0,2,1
S01013423,Level 3,68,67,1,0,0,0,1
S01013423,Level 4 and above,136,123,13,3,2,6,2
S01013424,All people aged 16 and over,386,371,15,0,3,5,7
S01013424,No qualifications,63,59,4,0,1,0,3
S01013424,Level 1,122,119,3,0,0,2,1
S01013424,Level 2,53,53,0,0,0,0,0
S01013424,Level 3,36,33,3,0,0,1,2
S01013424,Level 4 and above,112,107,5,0,2,2,1
S01013425,All people aged 16 and over,358,344,14,7,3,2,2
S01013425,No qualifications,80,78,2,2,0,0,0
S01013425,Level 1,78,76,2,0,2,0,0
S01013425,Level 2,57,56,1,1,0,0,0
S01013425,Level 3,68,66,2,1,0,0,1
S01013425,Level 4 and above,75,68,7,3,1,2,1
S01013426,All people aged 16 and over,671,647,24,4,9,4,7
S01013426,No qualifications,243,240,3,0,2,0,1
S01013426,Level 1,180,180,0,0,0,0,0
S01013426,Level 2,75,73,2,1,0,0,1
S01013426,Level 3,87,78,9,1,1,4,3
S01013426,Level 4 and above,86,76,10,2,6,0,2
S01013427,All people aged 16 and over,348,335,13,0,4,2,7
S01013427,No qualifications,41,39,2,0,0,0,2
S01013427,Level 1,66,64,2,0,0,0,2
S01013427,Level 2,62,61,1,0,0,0,1
S01013427,Level 3,40,40,0,0,0,0,0
S01013427,Level 4 and above,139,131,8,0,4,2,2
S01013428,All people aged 16 and over,739,685,54,13,21,7,13
S01013428,No qualifications,216,202,14,3,6,1,4
S01013428,Level 1,237,225,12,4,3,2,3
S01013428,Level 2,87,86,1,0,0,0,1
S01013428,Level 3,86,76,10,3,5,0,2
S01013428,Level 4 and above,113,96,17,3,7,4,3
S01013429,All people aged 16 and over,549,520,29,0,12,7,10
S01013429,No qualifications,157,154,3,0,1,0,2
S01013429,Level 1,169,162,7,0,2,3,2
S01013429,Level 2,79,76,3,0,2,0,1
S01013429,Level 3,56,53,3,0,1,0,2
S01013429,Level 4 and above,88,75,13,0,6,4,3
S01013430,All people aged 16 and over,552,533,19,0,2,5,12
S01013430,No qualifications,161,158,3,0,0,0,3
S01013430,Level 1,175,165,10,0,0,4,6
S01013430,Level 2,62,62,0,0,0,0,0
S01013430,Level 3,63,61,2,0,1,0,1
S01013430,Level 4 and above,91,87,4,0,1,1,2
S01013431,All people aged 16 and over,563,549,14,3,3,3,5
S01013431,No qualifications,213,209,4,1,3,0,0
S01013431,Level 1,151,147,4,2,0,0,2
S01013431,Level 2,74,74,0,0,0,0,0
S01013431,Level 3,52,52,0,0,0,0,0
S01013431,Level 4 and above,73,67,6,0,0,3,3
S01013432,All people aged 16 and over,591,572,19,0,1,5,13
S01013432,No qualifications,172,169,3,0,0,0,3
S01013432,Level 1,147,144,3,0,0,2,1
S01013432,Level 2,74,73,1,0,0,0,1
S01013432,Level 3,60,54,6,0,0,2,4
S01013432,Level 4 and above,138,132,6,0,1,1,4
S01013433,All people aged 16 and over,601,581,20,0,0,4,16
S01013433,No qualifications,107,107,0,0,0,0,0
S01013433,Level 1,133,129,4,0,0,1,3
S01013433,Level 2,79,78,1,0,0,0,1
S01013433,Level 3,53,51,2,0,0,1,1
S01013433,Level 4 and above,229,216,13,0,0,2,11
S01013434,All people aged 16 and over,421,390,31,1,1,3,26
S01013434,No qualifications,49,42,7,0,0,0,7
S01013434,Level 1,81,76,5,0,0,1,4
S01013434,Level 2,53,51,2,1,0,0,1
S01013434,Level 3,45,44,1,0,0,0,1
S01013434,Level 4 and above,193,177,16,0,1,2,13
S01013435,All people aged 16 and over,488,459,29,0,2,5,22
S01013435,No qualifications,24,22,2,0,0,1,1
S01013435,Level 1,54,52,2,0,0,2,0
S01013435,Level 2,77,73,4,0,0,0,4
S01013435,Level 3,46,42,4,0,1,2,1
S01013435,Level 4 and above,287,270,17,0,1,0,16
S01013436,All people aged 16 and over,662,636,26,0,5,1,20
S01013436,No qualifications,171,167,4,0,0,0,4
S01013436,Level 1,172,165,7,0,1,0,6
S01013436,Level 2,82,78,4,0,2,1,1
S01013436,Level 3,61,59,2,0,0,0,2
S01013436,Level 4 and above,176,167,9,0,2,0,7
S01013437,All people aged 16 and over,561,527,34,3,5,10,16
S01013437,No qualifications,110,109,1,0,0,0,1
S01013437,Level 1,134,126,8,1,3,0,4
S01013437,Level 2,85,81,4,0,0,2,2
S01013437,Level 3,60,59,1,0,0,0,1
S01013437,Level 4 and above,172,152,20,2,2,8,8
S01013438,All people aged 16 and over,469,437,32,3,7,8,14
S01013438,No qualifications,106,103,3,0,0,0,3
S01013438,Level 1,124,119,5,0,0,3,2
S01013438,Level 2,54,53,1,0,0,0,1
S01013438,Level 3,54,50,4,0,1,1,2
S01013438,Level 4 and above,131,112,19,3,6,4,6
S01013439,All people aged 16 and over,738,702,36,3,5,2,26
S01013439,No qualifications,50,50,0,0,0,0,0
S01013439,Level 1,112,105,7,0,3,1,3
S01013439,Level 2,94,93,1,0,0,0,1
S01013439,Level 3,74,70,4,1,0,0,3
S01013439,Level 4 and above,408,384,24,2,2,1,19
S01013440,All people aged 16 and over,827,803,24,0,4,2,18
S01013440,No qualifications,60,57,3,0,0,0,3
S01013440,Level 1,110,106,4,0,1,0,3
S01013440,Level 2,111,110,1,0,1,0,0
S01013440,Level 3,65,64,1,0,0,1,0
S01013440,Level 4 and above,481,466,15,0,2,1,12
S01013441,All people aged 16 and over,639,603,36,0,3,7,26
S01013441,No qualifications,74,72,2,0,1,1,0
S01013441,Level 1,94,87,7,0,0,2,5
S01013441,Level 2,69,67,2,0,0,0,2
S01013441,Level 3,44,44,0,0,0,0,0
S01013441,Level 4 and above,358,333,25,0,2,4,19
S01013442,All people aged 16 and over,633,598,35,1,5,9,20
S01013442,No qualifications,87,77,10,1,2,0,7
S01013442,Level 1,127,122,5,0,1,2,2
S01013442,Level 2,112,110,2,0,1,0,1
S01013442,Level 3,67,61,6,0,0,2,4
S01013442,Level 4 and above,240,228,12,0,1,5,6
S01013443,All people aged 16 and over,509,486,23,4,6,3,10
S01013443,No qualifications,80,78,2,1,0,1,0
S01013443,Level 1,103,100,3,0,2,1,0
S01013443,Level 2,52,51,1,1,0,0,0
S01013443,Level 3,45,44,1,0,0,0,1
S01013443,Level 4 and above,229,213,16,2,4,1,9
S01013444,All people aged 16 and over,814,737,77,8,16,12,41
S01013444,No qualifications,195,186,9,1,0,1,7
S01013444,Level 1,160,143,17,2,4,0,11
S01013444,Level 2,80,80,0,0,0,0,0
S01013444,Level 3,76,75,1,0,1,0,0
S01013444,Level 4 and above,303,253,50,5,11,11,23
S01013445,All people aged 16 and over,580,563,17,0,1,2,14
S01013445,No qualifications,128,126,2,0,0,0,2
S01013445,Level 1,77,75,2,0,1,0,1
S01013445,Level 2,72,71,1,0,0,0,1
S01013445,Level 3,66,64,2,0,0,1,1
S01013445,Level 4 and above,237,227,10,0,0,1,9
S01013446,All people aged 16 and over,578,550,28,0,0,2,26
S01013446,No qualifications,186,178,8,0,0,0,8
S01013446,Level 1,165,157,8,0,0,0,8
S01013446,Level 2,68,68,0,0,0,0,0
S01013446,Level 3,53,51,2,0,0,1,1
S01013446,Level 4 and above,106,96,10,0,0,1,9
S01013447,All people aged 16 and over,421,392,29,1,6,1,21
S01013447,No qualifications,11,9,2,0,1,0,1
S01013447,Level 1,54,52,2,0,0,0,2
S01013447,Level 2,53,47,6,0,2,0,4
S01013447,Level 3,43,40,3,1,0,1,1
S01013447,Level 4 and above,260,244,16,0,3,0,13
S01013448,All people aged 16 and over,688,650,38,3,6,3,26
S01013448,No qualifications,83,81,2,0,1,0,1
S01013448,Level 1,113,109,4,0,0,0,4
S01013448,Level 2,100,95,5,0,0,0,5
S01013448,Level 3,62,60,2,0,1,0,1
S01013448,Level 4 and above,330,305,25,3,4,3,15
S01013449,All people aged 16 and over,524,494,30,3,2,1,24
S01013449,No qualifications,52,46,6,2,1,0,3
S01013449,Level 1,102,99,3,0,0,0,3
S01013449,Level 2,81,79,2,0,0,0,2
S01013449,Level 3,67,65,2,1,1,0,0
S01013449,Level 4 and above,222,205,17,0,0,1,16
S01013450,All people aged 16 and over,470,440,30,3,7,8,12
S01013450,No qualifications,39,39,0,0,0,0,0
S01013450,Level 1,92,89,3,0,1,2,0
S01013450,Level 2,67,66,1,0,0,0,1
S01013450,Level 3,66,62,4,0,1,0,3
S01013450,Level 4 and above,206,184,22,3,5,6,8
S01013451,All people aged 16 and over,668,635,33,2,0,5,26
S01013451,No qualifications,46,45,1,0,0,0,1
S01013451,Level 1,101,98,3,0,0,0,3
S01013451,Level 2,135,130,5,2,0,1,2
S01013451,Level 3,66,62,4,0,0,0,4
S01013451,Level 4 and above,320,300,20,0,0,4,16
S01013452,All people aged 16 and over,606,575,31,2,1,8,20
S01013452,No qualifications,48,46,2,0,0,0,2
S01013452,Level 1,100,97,3,0,0,1,2
S01013452,Level 2,108,102,6,1,0,1,4
S01013452,Level 3,57,54,3,1,0,2,0
S01013452,Level 4 and above,293,276,17,0,1,4,12
S01013453,All people aged 16 and over,599,573,26,1,2,9,14
S01013453,No qualifications,224,220,4,0,0,1,3
S01013453,Level 1,188,184,4,0,0,2,2
S01013453,Level 2,66,63,3,0,0,1,2
S01013453,Level 3,36,34,2,0,1,0,1
S01013453,Level 4 and above,85,72,13,1,1,5,6
S01013454,All people aged 16 and over,600,575,25,0,4,6,15
S01013454,No qualifications,112,110,2,0,2,0,0
S01013454,Level 1,142,138,4,0,1,0,3
S01013454,Level 2,80,79,1,0,0,0,1
S01013454,Level 3,61,57,4,0,0,0,4
S01013454,Level 4 and above,205,191,14,0,1,6,7
S01013455,All people aged 16 and over,467,438,29,7,6,1,15
S01013455,No qualifications,96,95,1,0,0,0,1
S01013455,Level 1,113,108,5,0,2,0,3
S01013455,Level 2,69,62,7,3,3,0,1
S01013455,Level 3,39,38,1,0,0,0,1
S01013455,Level 4 and above,150,135,15,4,1,1,9
S01013456,All people aged 16 and over,649,625,24,1,4,6,13
S01013456,No qualifications,213,207,6,0,1,1,4
S01013456,Level 1,163,157,6,0,1,2,3
S01013456,Level 2,99,97,2,0,0,0,2
S01013456,Level 3,58,55,3,1,1,0,1
S01013456,Level 4 and above,116,109,7,0,1,3,3
S01013457,All people aged 16 and over,728,706,22,0,2,9,11
S01013457,No qualifications,282,279,3,0,0,0,3
S01013457,Level 1,238,227,11,0,2,2,7
S01013457,Level 2,86,85,1,0,0,0,1
S01013457,Level 3,52,50,2,0,0,2,0
S01013457,Level 4 and above,70,65,5,0,0,5,0
S01013458,All people aged 16 and over,588,546,42,7,3,5,27
S01013458,No qualifications,125,121,4,1,0,0,3
S01013458,Level 1,185,171,14,3,2,1,8
S01013458,Level 2,85,80,5,1,0,0,4
S01013458,Level 3,64,62,2,0,0,0,2
S01013458,Level 4 and above,129,112,17,2,1,4,10
S01013459,All people aged 16 and over,723,662,61,5,15,16,25
S01013459,No qualifications,272,252,20,2,2,1,15
S01013459,Level 1,187,170,17,1,8,6,2
S01013459,Level 2,83,80,3,1,1,0,1
S01013459,Level 3,60,56,4,0,1,1,2
S01013459,Level 4 and above,121,104,17,1,3,8,5
S01013460,All people aged 16 and over,653,625,28,2,5,6,15
S01013460,No qualifications,242,235,7,0,1,0,6
S01013460,Level 1,188,179,9,1,0,4,4
S01013460,Level 2,79,77,2,0,0,0,2
S01013460,Level 3,59,56,3,0,2,0,1
S01013460,Level 4 and above,85,78,7,1,2,2,2
S01013461,All people aged 16 and over,829,755,74,9,14,19,32
S01013461,No qualifications,186,169,17,3,4,2,8
S01013461,Level 1,267,249,18,2,4,7,5
S01013461,Level 2,120,115,5,0,0,1,4
S01013461,Level 3,85,81,4,0,0,1,3
S01013461,Level 4 and above,171,141,30,4,6,8,12
S01013462,All people aged 16 and over,681,630,51,4,14,8,25
S01013462,No qualifications,123,112,11,3,2,3,3
S01013462,Level 1,190,181,9,1,3,1,4
S01013462,Level 2,124,119,5,0,2,1,2
S01013462,Level 3,82,77,5,0,1,0,4
S01013462,Level 4 and above,162,141,21,0,6,3,12
S01013463,All people aged 16 and over,404,344,60,9,14,24,13
S01013463,No qualifications,83,75,8,0,4,3,1
S01013463,Level 1,141,129,12,2,2,7,1
S01013463,Level 2,43,43,0,0,0,0,0
S01013463,Level 3,53,46,7,5,0,0,2
S01013463,Level 4 and above,84,51,33,2,8,14,9
S01013464,All people aged 16 and over,620,592,28,4,3,3,18
S01013464,No qualifications,147,140,7,0,1,1,5
S01013464,Level 1,168,165,3,1,1,0,1
S01013464,Level 2,84,82,2,0,0,0,2
S01013464,Level 3,52,48,4,0,1,2,1
S01013464,Level 4 and above,169,157,12,3,0,0,9
S01013465,All people aged 16 and over,587,564,23,4,2,2,15
S01013465,No qualifications,158,148,10,1,1,1,7
S01013465,Level 1,168,163,5,1,1,0,3
S01013465,Level 2,92,89,3,2,0,0,1
S01013465,Level 3,47,47,0,0,0,0,0
S01013465,Level 4 and above,122,117,5,0,0,1,4
S01013466,All people aged 16 and over,401,383,18,8,3,1,6
S01013466,No qualifications,49,45,4,2,0,0,2
S01013466,Level 1,136,133,3,1,2,0,0
S01013466,Level 2,70,68,2,2,0,0,0
S01013466,Level 3,51,49,2,0,0,0,2
S01013466,Level 4 and above,95,88,7,3,1,1,2
S01013467,All people aged 16 and over,721,678,43,5,3,12,23
S01013467,No qualifications,125,120,5,2,0,0,3
S01013467,Level 1,187,184,3,0,0,2,1
S01013467,Level 2,98,95,3,0,0,1,2
S01013467,Level 3,86,85,1,0,0,0,1
S01013467,Level 4 and above,225,194,31,3,3,9,16
S01013468,All people aged 16 and over,586,566,20,2,2,3,13
S01013468,No qualifications,192,184,8,1,0,3,4
S01013468,Level 1,121,117,4,1,0,0,3
S01013468,Level 2,89,85,4,0,0,0,4
S01013468,Level 3,46,44,2,0,2,0,0
S01013468,Level 4 and above,138,136,2,0,0,0,2
S01013469,All people aged 16 and over,645,614,31,4,6,7,14
S01013469,No qualifications,151,144,7,4,0,0,3
S01013469,Level 1,173,170,3,0,1,0,2
S01013469,Level 2,100,98,2,0,0,0,2
S01013469,Level 3,74,68,6,0,0,6,0
S01013469,Level 4 and above,147,134,13,0,5,1,7
S01013470,All people aged 16 and over,577,516,61,8,28,14,11
S01013470,No qualifications,195,189,6,2,2,0,2
S01013470,Level 1,193,170,23,1,11,7,4
S01013470,Level 2,66,59,7,1,2,2,2
S01013470,Level 3,41,31,10,2,6,0,2
S01013470,Level 4 and above,82,67,15,2,7,5,1
S01013471,All people aged 16 and over,743,710,33,4,9,9,11
S01013471,No qualifications,207,202,5,0,1,0,4
S01013471,Level 1,243,237,6,0,2,2,2
S01013471,Level 2,105,103,2,1,1,0,0
S01013471,Level 3,79,73,6,2,0,2,2
S01013471,Level 4 and above,109,95,14,1,5,5,3
S01013472,All people aged 16 and over,469,426,43,2,7,8,26
S01013472,No qualifications,67,59,8,1,2,0,5
S01013472,Level 1,135,129,6,0,2,0,4
S01013472,Level 2,75,74,1,0,0,1,0
S01013472,Level 3,48,43,5,0,1,2,2
S01013472,Level 4 and above,144,121,23,1,2,5,15
S01013473,All people aged 16 and over,469,428,41,4,2,9,26
S01013473,No qualifications,43,40,3,0,0,0,3
S01013473,Level 1,106,99,7,0,0,0,7
S01013473,Level 2,81,77,4,0,0,0,4
S01013473,Level 3,55,46,9,1,2,1,5
S01013473,Level 4 and above,184,166,18,3,0,8,7
S01013474,All people aged 16 and over,465,412,53,5,7,13,28
S01013474,No qualifications,80,71,9,1,2,1,5
S01013474,Level 1,119,113,6,1,0,0,5
S01013474,Level 2,80,75,5,0,0,1,4
S01013474,Level 3,52,43,9,2,0,5,2
S01013474,Level 4 and above,134,110,24,1,5,6,12
S01013475,All people aged 16 and over,511,488,23,0,4,4,15
S01013475,No qualifications,118,115,3,0,0,0,3
S01013475,Level 1,155,145,10,0,3,2,5
S01013475,Level 2,85,84,1,0,0,0,1
S01013475,Level 3,52,49,3,0,1,0,2
S01013475,Level 4 and above,101,95,6,0,0,2,4
S01013476,All people aged 16 and over,538,504,34,9,12,4,9
S01013476,No qualifications,141,131,10,0,4,4,2
S01013476,Level 1,163,157,6,2,2,0,2
S01013476,Level 2,94,85,9,6,2,0,1
S01013476,Level 3,33,31,2,1,0,0,1
S01013476,Level 4 and above,107,100,7,0,4,0,3
S01013477,All people aged 16 and over,512,453,59,16,16,14,13
S01013477,No qualifications,174,156,18,7,5,3,3
S01013477,Level 1,121,110,11,2,3,5,1
S01013477,Level 2,77,71,6,2,0,1,3
S01013477,Level 3,52,38,14,2,6,4,2
S01013477,Level 4 and above,88,78,10,3,2,1,4
S01013478,All people aged 16 and over,671,621,50,1,24,16,9
S01013478,No qualifications,137,133,4,0,2,1,1
S01013478,Level 1,208,199,9,0,2,3,4
S01013478,Level 2,118,112,6,0,4,0,2
S01013478,Level 3,59,55,4,0,1,3,0
S01013478,Level 4 and above,149,122,27,1,15,9,2
S01013479,All people aged 16 and over,683,605,78,10,33,17,18
S01013479,No qualifications,272,253,19,1,10,3,5
S01013479,Level 1,179,157,22,3,7,8,4
S01013479,Level 2,82,77,5,2,1,1,1
S01013479,Level 3,54,49,5,2,3,0,0
S01013479,Level 4 and above,96,69,27,2,12,5,8
S01013480,All people aged 16 and over,566,514,52,15,15,11,11
S01013480,No qualifications,245,228,17,6,4,3,4
S01013480,Level 1,157,147,10,1,2,4,3
S01013480,Level 2,64,64,0,0,0,0,0
S01013480,Level 3,36,23,13,8,3,1,1
S01013480,Level 4 and above,64,52,12,0,6,3,3
S01013481,All people aged 16 and over,393,370,23,6,2,7,8
S01013481,No qualifications,98,92,6,1,1,1,3
S01013481,Level 1,108,99,9,5,0,3,1
S01013481,Level 2,58,57,1,0,0,1,0
S01013481,Level 3,49,47,2,0,0,1,1
S01013481,Level 4 and above,80,75,5,0,1,1,3
