,LC6126SC0001,LC6126SC0002,LC6126SC0003,LC6126SC0004,LC6126SC0005,LC6126SC0006,LC6126SC0007,LC6126SC0008,LC6126SC0009,LC6126SC0010,LC6126SC0011,LC6126SC0012,LC6126SC0013,LC6126SC0014,LC6126SC0015,LC6126SC0016,LC6126SC0017,LC6126SC0018,LC6126SC0019,LC6126SC0020,LC6126SC0021,LC6126SC0022,LC6126SC0023,LC6126SC0024,LC6126SC0025,LC6126SC0026,LC6126SC0027,LC6126SC0028,LC6126SC0029,LC6126SC0030
S92000003,1765009,327941,559669,385670,491729,1152919,208494,376194,247706,320525,612090,119447,183475,137964,171204,236219,47154,66920,52475,69670,199533,38937,60854,44387,55355,176338,33356,55701,41102,46179
S01006506,333,105,105,71,52,244,74,82,50,38,89,31,23,21,14,48,17,16,9,6,19,7,3,5,4,22,7,4,7,4
S01006507,260,60,76,64,60,161,29,44,43,45,99,31,32,21,15,32,9,10,7,6,36,11,12,9,4,31,11,10,5,5
S01006508,295,81,118,57,39,225,59,94,46,26,70,22,24,11,13,31,10,7,7,7,23,7,11,2,3,16,5,6,2,3
S01006509,197,34,68,61,34,128,18,44,42,24,69,16,24,19,10,30,10,8,10,2,27,4,11,8,4,12,2,5,1,4
S01006510,176,38,60,38,40,109,23,39,23,24,67,15,21,15,16,20,7,3,4,6,28,5,10,6,7,19,3,8,5,3
S01006511,196,65,76,33,22,113,34,45,19,15,83,31,31,14,7,15,5,6,2,2,37,16,11,7,3,31,10,14,5,2
S01006512,139,70,28,26,15,56,24,14,11,7,83,46,14,15,8,28,18,3,5,2,32,16,7,7,2,23,12,4,3,4
S01006513,146,56,52,31,7,70,22,27,14,7,76,34,25,17,0,22,8,6,8,0,26,17,6,3,0,28,9,13,6,0
S01006514,252,145,67,27,13,114,59,33,12,10,138,86,34,15,3,38,19,14,5,0,46,35,6,4,1,54,32,14,6,2
S01006515,210,113,65,19,13,98,47,36,10,5,112,66,29,9,8,33,17,11,3,2,47,31,10,4,2,32,18,8,2,4
S01006516,127,71,35,15,6,79,45,23,7,4,48,26,12,8,2,11,5,1,4,1,19,11,5,2,1,18,10,6,2,0
S01006517,281,149,58,43,31,151,70,38,23,20,130,79,20,20,11,38,23,6,5,4,46,22,8,12,4,46,34,6,3,3
S01006518,166,96,43,16,11,87,45,27,9,6,79,51,16,7,5,20,12,5,1,2,24,14,5,4,1,35,25,6,2,2
S01006519,223,121,60,26,16,109,58,35,8,8,114,63,25,18,8,30,15,6,8,1,38,25,4,4,5,46,23,15,6,2
S01006520,199,142,38,18,1,74,47,21,6,0,125,95,17,12,1,37,27,4,6,0,43,34,6,3,0,45,34,7,3,1
S01006521,208,124,54,23,7,106,56,32,14,4,102,68,22,9,3,40,24,7,7,2,32,21,8,2,1,30,23,7,0,0
S01006522,162,109,32,16,5,75,47,19,4,5,87,62,13,12,0,42,28,6,8,0,15,11,4,0,0,30,23,3,4,0
S01006523,282,154,80,29,19,165,76,56,20,13,117,78,24,9,6,37,23,10,3,1,42,30,4,4,4,38,25,10,2,1
S01006524,199,99,60,26,14,121,50,43,16,12,78,49,17,10,2,22,10,7,4,1,29,21,5,3,0,27,18,5,3,1
S01006525,221,115,65,27,14,127,59,43,15,10,94,56,22,12,4,29,17,7,4,1,28,14,8,5,1,37,25,7,3,2
S01006526,306,37,122,66,81,217,25,95,46,51,89,12,27,20,30,40,7,11,12,10,26,0,12,3,11,23,5,4,5,9
S01006527,201,24,57,60,60,119,18,33,32,36,82,6,24,28,24,33,4,11,9,9,24,1,6,6,11,25,1,7,13,4
S01006528,300,49,118,66,67,200,33,85,38,44,100,16,33,28,23,43,8,13,10,12,27,7,6,8,6,30,1,14,10,5
S01006529,368,66,172,67,63,298,50,137,58,53,70,16,35,9,10,34,10,19,3,2,15,4,4,3,4,21,2,12,3,4
S01006530,265,29,93,52,91,206,21,72,38,75,59,8,21,14,16,19,5,9,5,0,20,1,6,6,7,20,2,6,3,9
S01006531,306,38,104,70,94,210,22,83,45,60,96,16,21,25,34,38,9,8,10,11,31,3,5,9,14,27,4,8,6,9
S01006532,214,95,83,30,6,149,57,68,19,5,65,38,15,11,1,28,19,3,6,0,16,8,6,2,0,21,11,6,3,1
S01006533,222,115,67,25,15,143,61,54,15,13,79,54,13,10,2,32,25,3,3,1,20,9,9,1,1,27,20,1,6,0
S01006534,311,162,95,39,15,195,100,64,22,9,116,62,31,17,6,44,27,12,5,0,41,21,9,8,3,31,14,10,4,3
S01006535,496,184,193,76,43,406,148,163,58,37,90,36,30,18,6,50,18,19,8,5,21,9,6,6,0,19,9,5,4,1
S01006536,522,185,223,65,49,446,151,195,58,42,76,34,28,7,7,44,22,17,2,3,16,4,8,3,1,16,8,3,2,3
S01006537,201,90,63,34,14,120,49,40,19,12,81,41,23,15,2,29,15,7,6,1,26,16,8,2,0,26,10,8,7,1
S01006538,154,67,52,24,11,95,41,34,12,8,59,26,18,12,3,24,13,7,3,1,23,10,5,6,2,12,3,6,3,0
S01006539,225,93,90,23,19,143,52,66,15,10,82,41,24,8,9,33,16,9,4,4,25,16,6,3,0,24,9,9,1,5
S01006540,341,142,130,44,25,239,90,101,28,20,102,52,29,16,5,45,26,8,8,3,31,17,8,4,2,26,9,13,4,0
S01006541,206,102,68,24,12,127,62,42,15,8,79,40,26,9,4,46,26,12,4,4,15,5,6,4,0,18,9,8,1,0
S01006542,306,157,93,34,22,212,102,66,25,19,94,55,27,9,3,37,20,13,3,1,29,20,8,1,0,28,15,6,5,2
S01006543,204,74,81,33,16,123,40,56,17,10,81,34,25,16,6,31,11,14,4,2,24,12,2,7,3,26,11,9,5,1
S01006544,417,233,106,60,18,320,174,86,46,14,97,59,20,14,4,45,31,6,7,1,30,21,3,4,2,22,7,11,3,1
S01006545,379,146,150,50,33,291,104,119,39,29,88,42,31,11,4,45,21,15,6,3,22,11,8,2,1,21,10,8,3,0
S01006546,172,85,60,21,6,96,45,38,8,5,76,40,22,13,1,22,13,7,2,0,25,14,7,3,1,29,13,8,8,0
S01006547,267,85,94,34,54,175,46,63,22,44,92,39,31,12,10,33,12,12,4,5,38,19,12,4,3,21,8,7,4,2
S01006548,172,69,62,28,13,99,34,44,14,7,73,35,18,14,6,24,14,2,6,2,21,9,6,5,1,28,12,10,3,3
S01006549,239,121,64,38,16,162,81,50,21,10,77,40,14,17,6,32,20,2,8,2,19,10,5,4,0,26,10,7,5,4
S01006550,242,118,74,36,14,150,72,48,21,9,92,46,26,15,5,35,17,9,6,3,21,12,6,2,1,36,17,11,7,1
S01006551,249,46,67,55,81,178,20,49,41,68,71,26,18,14,13,24,11,2,7,4,22,8,7,5,2,25,7,9,2,7
S01006552,323,128,117,50,28,233,93,84,35,21,90,35,33,15,7,34,13,13,6,2,20,9,8,2,1,36,13,12,7,4
S01006553,207,55,68,43,41,125,30,45,21,29,82,25,23,22,12,27,10,3,9,5,27,7,10,5,5,28,8,10,8,2
S01006554,234,61,65,58,50,167,46,45,40,36,67,15,20,18,14,28,11,6,6,5,25,3,7,9,6,14,1,7,3,3
S01006555,327,37,103,73,114,217,22,73,49,73,110,15,30,24,41,52,9,11,12,20,31,4,12,6,9,27,2,7,6,12
S01006556,260,24,63,79,94,172,18,37,56,61,88,6,26,23,33,44,4,12,11,17,27,2,9,7,9,17,0,5,5,7
S01006557,256,28,76,75,77,172,15,54,51,52,84,13,22,24,25,36,7,8,10,11,21,2,7,5,7,27,4,7,9,7
S01006558,280,135,88,36,21,234,109,81,28,16,46,26,7,8,5,19,11,3,5,0,12,7,3,2,0,15,8,1,1,5
S01006559,221,127,70,14,10,148,75,53,13,7,73,52,17,1,3,25,17,6,0,2,24,20,4,0,0,24,15,7,1,1
S01006560,311,178,85,29,19,185,98,52,20,15,126,80,33,9,4,47,35,8,3,1,39,21,12,5,1,40,24,13,1,2
S01006561,240,130,74,30,6,143,74,47,18,4,97,56,27,12,2,33,19,6,7,1,32,18,10,3,1,32,19,11,2,0
S01006562,229,84,72,39,34,155,43,56,29,27,74,41,16,10,7,21,10,4,4,3,30,18,6,5,1,23,13,6,1,3
S01006563,262,129,70,36,27,165,73,49,20,23,97,56,21,16,4,43,31,4,7,1,27,13,8,5,1,27,12,9,4,2
S01006564,495,129,171,84,111,420,118,146,68,88,75,11,25,16,23,34,8,10,8,8,17,0,8,3,6,24,3,7,5,9
S01006565,518,131,217,81,89,484,123,209,73,79,34,8,8,8,10,22,6,6,2,8,7,1,0,5,1,5,1,2,1,1
S01006566,395,132,167,62,34,348,115,150,52,31,47,17,17,10,3,22,7,11,2,2,17,4,6,7,0,8,6,0,1,1
S01006567,474,91,212,81,90,443,85,200,75,83,31,6,12,6,7,15,5,2,3,5,8,0,5,3,0,8,1,5,0,2
S01006568,554,202,219,83,50,513,186,204,79,44,41,16,15,4,6,25,11,8,3,3,7,2,3,0,2,9,3,4,1,1
S01006569,267,111,90,32,34,215,77,80,27,31,52,34,10,5,3,28,16,6,4,2,7,5,1,0,1,17,13,3,1,0
S01006570,302,139,102,34,27,211,91,84,17,19,91,48,18,17,8,43,24,6,8,5,22,11,6,5,0,26,13,6,4,3
S01006571,357,171,133,32,21,269,122,108,26,13,88,49,25,6,8,42,28,8,3,3,31,13,12,2,4,15,8,5,1,1
S01006572,275,175,66,25,9,152,91,43,12,6,123,84,23,13,3,41,29,10,2,0,41,31,5,2,3,41,24,8,9,0
S01006573,237,153,52,23,9,135,79,35,13,8,102,74,17,10,1,27,20,4,3,0,38,28,6,4,0,37,26,7,3,1
S01006574,350,203,92,38,17,237,124,70,29,14,113,79,22,9,3,41,27,10,4,0,35,29,3,2,1,37,23,9,3,2
S01006575,329,172,92,42,23,210,108,70,23,9,119,64,22,19,14,45,26,6,10,3,36,18,8,6,4,38,20,8,3,7
S01006576,277,130,89,36,22,184,77,63,24,20,93,53,26,12,2,35,19,9,6,1,33,19,8,5,1,25,15,9,1,0
S01006577,380,163,131,55,31,314,127,119,44,24,66,36,12,11,7,26,13,4,4,5,26,14,6,4,2,14,9,2,3,0
S01006578,593,208,227,80,78,537,190,211,68,68,56,18,16,12,10,30,10,7,6,7,13,3,6,2,2,13,5,3,4,1
S01006579,599,207,238,81,73,558,199,223,74,62,41,8,15,7,11,26,7,5,6,8,11,0,8,1,2,4,1,2,0,1
S01006580,376,157,135,44,40,323,132,121,37,33,53,25,14,7,7,21,11,7,1,2,16,9,2,2,3,16,5,5,4,2
S01006581,299,161,85,35,18,201,110,61,18,12,98,51,24,17,6,20,8,5,4,3,35,18,8,8,1,43,25,11,5,2
S01006582,439,151,181,40,67,396,132,171,36,57,43,19,10,4,10,27,13,5,0,9,9,3,4,2,0,7,3,1,2,1
S01006583,386,125,169,43,49,362,116,163,38,45,24,9,6,5,4,15,6,4,3,2,5,0,2,1,2,4,3,0,1,0
S01006584,335,118,152,45,20,291,103,137,34,17,44,15,15,11,3,21,6,6,7,2,11,5,4,1,1,12,4,5,3,0
S01006585,390,74,135,72,109,344,69,127,58,90,46,5,8,14,19,17,1,1,6,9,15,1,3,4,7,14,3,4,4,3
S01006586,550,133,234,75,108,522,127,222,72,101,28,6,12,3,7,15,5,4,2,4,6,0,3,0,3,7,1,5,1,0
S01006587,306,66,125,57,58,277,59,115,49,54,29,7,10,8,4,22,7,6,6,3,3,0,1,1,1,4,0,3,1,0
S01006588,338,75,162,44,57,309,68,151,41,49,29,7,11,3,8,22,6,6,3,7,2,1,0,0,1,5,0,5,0,0
S01006589,352,60,145,60,87,313,57,133,54,69,39,3,12,6,18,17,2,3,4,8,15,1,7,1,6,7,0,2,1,4
S01006590,361,120,139,48,54,331,104,133,44,50,30,16,6,4,4,17,11,2,2,2,5,3,1,1,0,8,2,3,1,2
S01006591,355,124,137,47,47,294,104,117,41,32,61,20,20,6,15,34,12,7,4,11,13,4,6,1,2,14,4,7,1,2
S01006592,354,142,124,70,18,303,120,116,54,13,51,22,8,16,5,29,13,4,9,3,11,3,2,4,2,11,6,2,3,0
S01006593,383,147,148,57,31,339,127,136,48,28,44,20,12,9,3,28,10,9,7,2,9,5,2,2,0,7,5,1,0,1
S01006594,254,69,117,39,29,227,63,105,36,23,27,6,12,3,6,16,3,8,2,3,8,3,2,0,3,3,0,2,1,0
S01006595,520,190,213,56,61,451,163,187,51,50,69,27,26,5,11,35,18,10,2,5,23,5,12,2,4,11,4,4,1,2
S01006596,322,137,107,48,30,266,105,96,38,27,56,32,11,10,3,38,23,4,8,3,11,7,3,1,0,7,2,4,1,0
S01006597,330,92,142,59,37,315,89,139,55,32,15,3,3,4,5,11,2,2,3,4,2,0,1,1,0,2,1,0,0,1
S01006598,362,186,107,49,20,253,117,86,34,16,109,69,21,15,4,50,31,9,10,0,33,24,4,2,3,26,14,8,3,1
S01006599,371,84,140,74,73,326,72,124,64,66,45,12,16,10,7,28,6,14,3,5,9,5,0,2,2,8,1,2,5,0
S01006600,419,137,167,81,34,339,108,143,60,28,80,29,24,21,6,32,11,12,6,3,24,11,6,7,0,24,7,6,8,3
S01006601,482,143,186,81,72,409,119,169,61,60,73,24,17,20,12,31,11,6,9,5,18,5,5,4,4,24,8,6,7,3
S01006602,287,150,87,36,14,188,98,57,23,10,99,52,30,13,4,38,20,8,9,1,29,18,8,2,1,32,14,14,2,2
S01006603,269,18,73,79,99,178,12,55,51,60,91,6,18,28,39,43,3,5,16,19,25,1,7,8,9,23,2,6,4,11
S01006604,210,24,69,57,60,137,14,46,35,42,73,10,23,22,18,26,5,6,9,6,17,2,4,6,5,30,3,13,7,7
S01006605,270,22,78,59,111,176,13,58,42,63,94,9,20,17,48,50,6,9,8,27,21,0,7,6,8,23,3,4,3,13
S01006606,230,46,94,51,39,159,29,69,29,32,71,17,25,22,7,27,7,8,9,3,26,7,11,6,2,18,3,6,7,2
S01006607,273,29,82,88,74,167,15,57,52,43,106,14,25,36,31,44,8,11,17,8,29,3,6,8,12,33,3,8,11,11
S01006608,203,54,58,63,28,118,27,38,36,17,85,27,20,27,11,37,12,12,12,1,32,13,3,10,6,16,2,5,5,4
S01006609,335,24,99,107,105,208,15,63,69,61,127,9,36,38,44,46,4,11,17,14,40,3,10,11,16,41,2,15,10,14
S01006610,138,6,42,39,51,91,5,27,26,33,47,1,15,13,18,18,0,6,4,8,18,0,7,6,5,11,1,2,3,5
S01006611,298,24,87,74,113,189,14,60,50,65,109,10,27,24,48,44,8,12,8,16,34,1,7,10,16,31,1,8,6,16
S01006612,273,48,100,65,60,180,27,71,45,37,93,21,29,20,23,28,8,8,5,7,30,5,13,8,4,35,8,8,7,12
S01006613,230,41,105,61,23,147,25,68,39,15,83,16,37,22,8,22,6,3,8,5,32,6,18,7,1,29,4,16,7,2
S01006614,248,59,107,53,29,126,34,55,24,13,122,25,52,29,16,51,11,24,11,5,51,13,19,12,7,20,1,9,6,4
S01006615,250,72,103,56,19,105,24,47,28,6,145,48,56,28,13,78,33,29,12,4,38,8,16,9,5,29,7,11,7,4
S01006616,314,55,126,90,43,219,41,86,55,37,95,14,40,35,6,38,6,17,13,2,32,6,10,14,2,25,2,13,8,2
S01006617,219,32,94,55,38,145,24,62,30,29,74,8,32,25,9,20,3,6,9,2,33,3,17,7,6,21,2,9,9,1
S01006618,182,40,62,63,17,146,31,48,51,16,36,9,14,12,1,10,2,5,3,0,12,4,4,3,1,14,3,5,6,0
S01006619,307,58,92,96,61,201,35,65,56,45,106,23,27,40,16,35,8,10,11,6,34,9,7,15,3,37,6,10,14,7
S01006620,302,49,117,86,50,224,30,91,65,38,78,19,26,21,12,31,10,11,8,2,22,3,6,9,4,25,6,9,4,6
S01006621,194,29,68,47,50,133,16,49,35,33,61,13,19,12,17,27,7,6,7,7,20,3,4,4,9,14,3,9,1,1
S01006622,272,48,126,75,23,183,36,88,41,18,89,12,38,34,5,30,6,9,11,4,25,5,12,8,0,34,1,17,15,1
S01006623,282,33,87,85,77,208,23,66,62,57,74,10,21,23,20,32,5,9,10,8,18,3,5,6,4,24,2,7,7,8
S01006624,420,49,135,106,130,367,45,125,86,111,53,4,10,20,19,27,2,6,9,10,13,0,4,3,6,13,2,0,8,3
S01006625,221,30,65,67,59,164,22,52,51,39,57,8,13,16,20,27,4,5,7,11,12,1,1,4,6,18,3,7,5,3
S01006626,277,17,67,76,117,201,14,52,55,80,76,3,15,21,37,33,0,4,11,18,23,2,6,5,10,20,1,5,5,9
S01006627,463,65,153,96,149,390,55,135,76,124,73,10,18,20,25,44,4,10,12,18,18,3,6,3,6,11,3,2,5,1
S01006628,605,61,177,161,206,517,55,168,131,163,88,6,9,30,43,61,4,6,20,31,18,1,2,5,10,9,1,1,5,2
S01006629,274,23,55,76,120,166,19,30,50,67,108,4,25,26,53,47,0,6,12,29,34,2,14,7,11,27,2,5,7,13
S01006630,202,9,37,61,95,122,5,18,31,68,80,4,19,30,27,31,1,8,9,13,25,1,2,13,9,24,2,9,8,5
S01006631,371,22,103,98,148,282,18,85,72,107,89,4,18,26,41,32,2,9,7,14,39,2,5,12,20,18,0,4,7,7
S01006632,356,29,84,92,151,247,24,60,61,102,109,5,24,31,49,51,1,11,18,21,30,1,5,6,18,28,3,8,7,10
S01006633,240,12,52,67,109,149,9,34,40,66,91,3,18,27,43,38,1,7,14,16,35,1,8,8,18,18,1,3,5,9
S01006634,257,14,41,63,139,155,10,24,37,84,102,4,17,26,55,40,2,2,11,25,40,1,9,8,22,22,1,6,7,8
S01006635,224,22,56,69,77,135,13,36,43,43,89,9,20,26,34,39,6,5,10,18,28,1,9,11,7,22,2,6,5,9
S01006636,322,10,53,76,183,173,5,24,43,101,149,5,29,33,82,74,5,9,16,44,44,0,7,10,27,31,0,13,7,11
S01006637,350,74,142,58,76,300,63,127,52,58,50,11,15,6,18,30,6,7,4,13,7,2,1,0,4,13,3,7,2,1
S01006638,448,76,182,68,122,421,69,175,62,115,27,7,7,6,7,12,4,3,2,3,10,2,2,3,3,5,1,2,1,1
S01006639,463,73,188,71,131,426,66,183,61,116,37,7,5,10,15,22,6,3,6,7,7,1,1,2,3,8,0,1,2,5
S01006640,370,119,162,59,30,335,106,148,55,26,35,13,14,4,4,20,10,7,2,1,9,3,2,1,3,6,0,5,1,0
S01006641,585,114,255,95,121,538,107,238,88,105,47,7,17,7,16,25,7,8,4,6,15,0,7,3,5,7,0,2,0,5
S01006642,463,79,241,68,75,425,69,229,56,71,38,10,12,12,4,23,8,5,8,2,9,1,4,2,2,6,1,3,2,0
S01006643,403,81,223,49,50,384,76,216,46,46,19,5,7,3,4,15,5,5,2,3,2,0,0,1,1,2,0,2,0,0
S01006644,519,101,244,72,102,480,94,231,65,90,39,7,13,7,12,20,5,2,4,9,10,0,5,2,3,9,2,6,1,0
S01006645,338,36,116,67,119,257,24,96,46,91,81,12,20,21,28,53,9,12,15,17,15,3,4,4,4,13,0,4,2,7
S01006646,294,42,157,37,58,275,41,147,32,55,19,1,10,5,3,11,1,7,1,2,4,0,1,2,1,4,0,2,2,0
S01006647,288,40,114,45,89,220,35,90,34,61,68,5,24,11,28,33,2,13,6,12,20,0,9,1,10,15,3,2,4,6
S01006648,630,99,267,114,150,577,92,251,98,136,53,7,16,16,14,35,4,11,14,6,9,2,3,2,2,9,1,2,0,6
S01006649,556,109,210,92,145,501,97,193,77,134,55,12,17,15,11,36,9,9,9,9,14,2,6,5,1,5,1,2,1,1
S01006650,452,85,202,67,98,419,74,196,62,87,33,11,6,5,11,14,6,2,3,3,15,5,3,2,5,4,0,1,0,3
S01006651,321,49,146,53,73,302,47,136,52,67,19,2,10,1,6,9,2,4,0,3,8,0,4,1,3,2,0,2,0,0
S01006652,280,57,140,48,35,262,56,135,41,30,18,1,5,7,5,11,1,5,4,1,5,0,0,2,3,2,0,0,1,1
S01006653,272,91,116,32,33,233,76,102,28,27,39,15,14,4,6,21,11,6,1,3,10,2,4,2,2,8,2,4,1,1
S01006654,396,59,140,75,122,310,51,115,61,83,86,8,25,14,39,38,4,9,7,18,25,2,8,4,11,23,2,8,3,10
S01006655,293,109,117,35,32,242,79,107,30,26,51,30,10,5,6,27,17,7,2,1,14,9,1,2,2,10,4,2,1,3
S01006656,481,138,189,81,73,404,114,169,65,56,77,24,20,16,17,36,15,6,7,8,21,4,6,5,6,20,5,8,4,3
S01006657,271,54,111,42,64,229,48,101,30,50,42,6,10,12,14,22,4,6,6,6,15,0,4,5,6,5,2,0,1,2
S01006658,491,68,198,94,131,393,57,181,67,88,98,11,17,27,43,52,9,9,18,16,31,2,5,7,17,15,0,3,2,10
S01006659,245,67,124,28,26,216,60,111,24,21,29,7,13,4,5,17,3,9,1,4,10,4,2,3,1,2,0,2,0,0
S01006660,242,30,100,38,74,191,23,95,26,47,51,7,5,12,27,24,2,3,7,12,20,2,2,5,11,7,3,0,0,4
S01006661,262,60,132,31,39,236,51,122,29,34,26,9,10,2,5,14,4,6,2,2,5,1,1,0,3,7,4,3,0,0
S01006662,272,28,117,47,80,210,24,99,34,53,62,4,18,13,27,36,4,13,4,15,14,0,3,2,9,12,0,2,7,3
S01006663,227,47,134,24,22,199,41,120,18,20,28,6,14,6,2,21,5,9,5,2,3,0,3,0,0,4,1,2,1,0
S01006664,218,43,117,29,29,197,37,112,24,24,21,6,5,5,5,11,2,2,3,4,4,2,0,2,0,6,2,3,0,1
S01006665,276,50,154,36,36,256,45,147,33,31,20,5,7,3,5,11,3,4,3,1,4,1,1,0,2,5,1,2,0,2
S01006666,355,24,72,83,176,246,20,52,52,122,109,4,20,31,54,53,2,12,10,29,30,2,6,12,10,26,0,2,9,15
S01006667,376,25,105,88,158,309,18,98,71,122,67,7,7,17,36,39,4,4,12,19,15,2,0,3,10,13,1,3,2,7
S01006668,378,79,202,44,53,347,74,190,37,46,31,5,12,7,7,17,5,6,2,4,10,0,3,4,3,4,0,3,1,0
S01006669,335,71,97,71,96,297,64,83,59,91,38,7,14,12,5,28,6,10,7,5,7,1,2,4,0,3,0,2,1,0
S01006670,272,47,127,52,46,250,42,120,47,41,22,5,7,5,5,14,4,3,3,4,7,0,4,2,1,1,1,0,0,0
S01006671,182,47,82,26,27,142,33,72,18,19,40,14,10,8,8,22,7,5,5,5,14,4,5,2,3,4,3,0,1,0
S01006672,291,37,86,61,107,201,29,64,43,65,90,8,22,18,42,51,5,16,13,17,23,3,6,1,13,16,0,0,4,12
S01006673,330,54,100,69,107,254,41,85,48,80,76,13,15,21,27,33,4,6,11,12,22,5,4,3,10,21,4,5,7,5
S01006674,385,23,99,104,159,270,16,68,71,115,115,7,31,33,44,59,5,16,18,20,37,2,12,8,15,19,0,3,7,9
S01006675,305,15,70,65,155,172,5,46,36,85,133,10,24,29,70,69,5,14,15,35,40,1,6,9,24,24,4,4,5,11
S01006676,280,30,59,66,125,188,14,43,46,85,92,16,16,20,40,55,10,11,11,23,25,4,3,6,12,12,2,2,3,5
S01006677,347,26,115,85,121,274,22,102,62,88,73,4,13,23,33,39,3,6,14,16,20,1,3,3,13,14,0,4,6,4
S01006678,447,17,107,129,194,288,10,73,83,122,159,7,34,46,72,83,3,14,23,43,41,2,13,9,17,35,2,7,14,12
S01006679,231,42,78,57,54,174,33,61,41,39,57,9,17,16,15,29,8,7,6,8,12,1,4,3,4,16,0,6,7,3
S01006680,348,11,61,110,166,210,5,36,62,107,138,6,25,48,59,78,3,12,25,38,38,2,10,14,12,22,1,3,9,9
S01006681,333,42,119,87,85,272,37,98,74,63,61,5,21,13,22,31,3,13,5,10,9,1,2,2,4,21,1,6,6,8
S01006682,318,26,72,90,130,193,19,52,50,72,125,7,20,40,58,54,4,7,19,24,49,3,5,15,26,22,0,8,6,8
S01006683,342,35,120,74,113,230,22,91,45,72,112,13,29,29,41,58,6,11,21,20,23,4,5,5,9,31,3,13,3,12
S01006684,364,27,100,100,137,299,20,84,83,112,65,7,16,17,25,39,5,5,10,19,12,0,7,3,2,14,2,4,4,4
S01006685,358,41,110,83,124,283,33,81,64,105,75,8,29,19,19,34,5,10,11,8,26,3,12,5,6,15,0,7,3,5
S01006686,240,29,64,64,83,165,18,47,42,58,75,11,17,22,25,38,6,12,12,8,19,3,4,7,5,18,2,1,3,12
S01006687,309,37,103,75,94,215,24,80,48,63,94,13,23,27,31,48,8,8,14,18,23,2,7,9,5,23,3,8,4,8
S01006688,268,49,92,71,56,194,34,72,53,35,74,15,20,18,21,33,8,7,10,8,23,3,6,6,8,18,4,7,2,5
S01006689,253,101,100,34,18,191,73,84,23,11,62,28,16,11,7,30,15,7,5,3,14,8,2,3,1,18,5,7,3,3
S01006690,234,68,95,28,43,185,51,83,20,31,49,17,12,8,12,24,10,8,4,2,14,6,1,2,5,11,1,3,2,5
S01006691,222,77,86,33,26,176,57,72,25,22,46,20,14,8,4,27,15,6,5,1,12,3,3,3,3,7,2,5,0,0
S01006692,264,77,113,43,31,214,58,94,36,26,50,19,19,7,5,28,10,11,4,3,9,5,2,1,1,13,4,6,2,1
S01006693,418,95,149,84,90,292,64,114,59,55,126,31,35,25,35,67,15,19,13,20,38,11,12,5,10,21,5,4,7,5
S01006694,253,10,69,65,109,162,6,44,44,68,91,4,25,21,41,51,3,13,14,21,26,0,8,4,14,14,1,4,3,6
S01006695,227,27,59,59,82,157,14,46,37,60,70,13,13,22,22,26,7,5,9,5,27,4,4,8,11,17,2,4,5,6
S01006696,276,27,92,63,94,175,15,59,41,60,101,12,33,22,34,37,10,13,6,8,34,0,10,7,17,30,2,10,9,9
S01006697,311,33,83,85,110,195,18,59,48,70,116,15,24,37,40,42,7,13,7,15,38,5,3,18,12,36,3,8,12,13
S01006698,273,21,88,49,115,210,13,67,41,89,63,8,21,8,26,31,6,7,5,13,25,1,12,2,10,7,1,2,1,3
S01006699,153,24,50,38,41,107,17,39,26,25,46,7,11,12,16,18,3,4,7,4,20,4,4,3,9,8,0,3,2,3
S01006700,291,52,98,57,84,232,38,86,43,65,59,14,12,14,19,24,6,6,4,8,23,5,3,6,9,12,3,3,4,2
S01006701,254,14,63,82,95,137,7,35,51,44,117,7,28,31,51,42,3,13,9,17,44,3,11,11,19,31,1,4,11,15
S01006702,223,11,63,82,67,141,7,39,46,49,82,4,24,36,18,37,1,13,18,5,23,2,6,7,8,22,1,5,11,5
S01006703,227,17,58,54,98,128,7,36,34,51,99,10,22,20,47,39,3,9,6,21,43,5,7,12,19,17,2,6,2,7
S01006704,244,6,59,60,119,158,3,38,39,78,86,3,21,21,41,43,1,8,10,24,29,2,7,8,12,14,0,6,3,5
S01006705,241,18,58,75,90,166,12,36,50,68,75,6,22,25,22,28,3,6,8,11,24,1,8,8,7,23,2,8,9,4
S01006706,210,18,59,67,66,121,11,29,38,43,89,7,30,29,23,41,4,13,13,11,26,1,13,8,4,22,2,4,8,8
S01006707,251,14,68,60,109,151,9,44,37,61,100,5,24,23,48,39,2,8,8,21,34,3,11,8,12,27,0,5,7,15
S01006708,221,12,66,79,64,139,9,38,54,38,82,3,28,25,26,29,2,8,7,12,33,0,11,11,11,20,1,9,7,3
S01006709,281,19,76,81,105,151,11,42,45,53,130,8,34,36,52,71,5,17,20,29,30,1,12,8,9,29,2,5,8,14
S01006710,250,21,76,80,73,179,13,48,64,54,71,8,28,16,19,23,2,11,6,4,24,2,8,6,8,24,4,9,4,7
S01006711,347,22,100,88,137,268,12,80,62,114,79,10,20,26,23,29,1,10,10,8,32,7,6,10,9,18,2,4,6,6
S01006712,158,12,52,47,47,106,9,37,28,32,52,3,15,19,15,22,1,10,5,6,15,0,3,8,4,15,2,2,6,5
S01006713,300,19,78,104,99,194,10,52,73,59,106,9,26,31,40,36,4,5,12,15,42,2,14,9,17,28,3,7,10,8
S01006714,196,15,54,64,63,133,8,41,40,44,63,7,13,24,19,30,6,8,11,5,26,0,5,10,11,7,1,0,3,3
S01006715,182,12,37,48,85,85,7,16,22,40,97,5,21,26,45,35,2,9,7,17,43,3,7,12,21,19,0,5,7,7
S01006716,197,14,55,53,75,119,5,34,31,49,78,9,21,22,26,25,2,8,4,11,28,4,6,9,9,25,3,7,9,6
S01006717,288,13,73,93,109,182,7,39,60,76,106,6,34,33,33,50,5,17,15,13,31,1,9,10,11,25,0,8,8,9
S01006718,175,16,36,56,67,111,12,21,34,44,64,4,15,22,23,18,0,6,4,8,22,2,4,6,10,24,2,5,12,5
S01006719,280,20,83,87,90,157,12,46,45,54,123,8,37,42,36,50,6,19,18,7,43,2,11,12,18,30,0,7,12,11
S01006720,189,10,47,60,72,121,5,31,33,52,68,5,16,27,20,29,3,5,10,11,19,1,6,9,3,20,1,5,8,6
S01006721,293,19,71,91,112,186,12,41,61,72,107,7,30,30,40,45,3,13,13,16,38,2,9,13,14,24,2,8,4,10
S01006722,234,19,59,62,94,129,10,34,37,48,105,9,25,25,46,36,3,10,10,13,39,2,11,7,19,30,4,4,8,14
S01006723,209,14,62,60,73,131,10,31,39,51,78,4,31,21,22,32,1,11,9,11,19,2,9,4,4,27,1,11,8,7
S01006724,315,15,52,86,162,127,3,18,37,69,188,12,34,49,93,76,4,14,23,35,70,7,12,17,34,42,1,8,9,24
S01006725,220,8,52,71,89,134,4,30,44,56,86,4,22,27,33,40,1,10,15,14,25,3,7,3,12,21,0,5,9,7
S01006726,467,25,80,120,242,218,11,46,61,100,249,14,34,59,142,97,1,9,22,65,94,4,15,19,56,58,9,10,18,21
S01006727,332,11,59,104,158,180,7,27,53,93,152,4,32,51,65,67,1,11,26,29,50,1,11,17,21,35,2,10,8,15
S01006728,257,23,78,68,88,140,7,44,40,49,117,16,34,28,39,48,10,12,15,11,38,4,13,5,16,31,2,9,8,12
S01006729,272,18,47,76,131,147,11,21,53,62,125,7,26,23,69,53,5,11,11,26,42,1,8,7,26,30,1,7,5,17
S01006730,223,20,63,72,68,136,11,39,46,40,87,9,24,26,28,29,3,9,6,11,26,3,10,6,7,32,3,5,14,10
S01006731,212,3,53,64,92,151,1,38,44,68,61,2,15,20,24,20,1,8,3,8,23,1,2,12,8,18,0,5,5,8
S01006732,294,111,88,62,33,170,54,53,40,23,124,57,35,22,10,50,23,16,6,5,48,24,15,8,1,26,10,4,8,4
S01006733,275,115,104,38,18,111,42,46,17,6,164,73,58,21,12,60,28,23,8,1,64,28,23,8,5,40,17,12,5,6
S01006734,301,139,82,60,20,151,56,42,37,16,150,83,40,23,4,67,41,12,14,0,41,21,13,5,2,42,21,15,4,2
S01006735,159,81,45,25,8,87,38,30,14,5,72,43,15,11,3,23,15,3,4,1,20,11,6,3,0,29,17,6,4,2
S01006736,375,141,132,73,29,170,68,57,29,16,205,73,75,44,13,111,41,38,27,5,65,18,29,11,7,29,14,8,6,1
S01006737,192,60,65,47,20,121,31,42,32,16,71,29,23,15,4,26,13,6,6,1,30,10,12,6,2,15,6,5,3,1
S01006738,400,59,150,105,86,317,49,122,81,65,83,10,28,24,21,43,7,13,13,10,26,3,9,9,5,14,0,6,2,6
S01006739,262,47,104,65,46,203,41,80,50,32,59,6,24,15,14,33,4,12,8,9,16,0,9,4,3,10,2,3,3,2
S01006740,235,26,75,66,68,165,17,59,43,46,70,9,16,23,22,31,4,5,11,11,18,4,4,6,4,21,1,7,6,7
S01006741,188,20,57,53,58,134,12,40,36,46,54,8,17,17,12,25,7,6,8,4,13,0,3,5,5,16,1,8,4,3
S01006742,129,16,40,30,43,77,11,27,11,28,52,5,13,19,15,23,3,5,8,7,19,1,6,7,5,10,1,2,4,3
S01006743,193,30,80,53,30,152,25,60,40,27,41,5,20,13,3,12,0,7,4,1,15,3,7,5,0,14,2,6,4,2
S01006744,245,41,75,69,60,190,36,65,53,36,55,5,10,16,24,26,1,5,12,8,15,2,3,3,7,14,2,2,1,9
S01006745,265,24,84,68,89,187,18,64,42,63,78,6,20,26,26,34,3,10,9,12,21,2,5,6,8,23,1,5,11,6
S01006746,237,23,83,76,55,135,15,52,33,35,102,8,31,43,20,38,2,15,18,3,40,4,10,13,13,24,2,6,12,4
S01006747,205,39,83,59,24,139,19,57,43,20,66,20,26,16,4,24,5,13,4,2,22,9,5,7,1,20,6,8,5,1
S01006748,275,69,89,74,43,187,48,64,43,32,88,21,25,31,11,32,6,9,8,9,39,8,9,20,2,17,7,7,3,0
S01006749,301,29,103,96,73,202,15,76,58,53,99,14,27,38,20,32,7,11,9,5,33,4,9,11,9,34,3,7,18,6
S01006750,194,22,71,62,39,136,15,44,43,34,58,7,27,19,5,28,3,15,9,1,15,2,7,5,1,15,2,5,5,3
S01006751,143,20,45,35,43,94,12,29,20,33,49,8,16,15,10,19,4,5,6,4,15,2,8,4,1,15,2,3,5,5
S01006752,223,28,67,61,67,147,14,46,39,48,76,14,21,22,19,33,7,8,11,7,19,4,7,2,6,24,3,6,9,6
S01006753,263,56,93,85,29,174,33,60,61,20,89,23,33,24,9,39,9,12,14,4,27,7,11,7,2,23,7,10,3,3
S01006754,266,66,103,61,36,192,41,76,45,30,74,25,27,16,6,22,7,6,9,0,20,8,9,0,3,32,10,12,7,3
S01006755,242,71,81,60,30,132,31,45,39,17,110,40,36,21,13,47,21,14,8,4,38,13,14,6,5,25,6,8,7,4
S01006756,281,115,100,47,19,191,73,74,29,15,90,42,26,18,4,46,24,11,8,3,23,13,6,4,0,21,5,9,6,1
S01006757,286,63,125,74,24,207,49,88,53,17,79,14,37,21,7,29,6,12,10,1,17,2,9,3,3,33,6,16,8,3
S01006758,272,85,90,66,31,204,59,68,52,25,68,26,22,14,6,22,7,9,5,1,22,10,6,4,2,24,9,7,5,3
S01006759,195,47,76,51,21,124,25,49,37,13,71,22,27,14,8,22,8,9,3,2,27,8,10,5,4,22,6,8,6,2
S01006760,204,44,89,45,26,145,34,67,28,16,59,10,22,17,10,26,8,8,7,3,13,1,5,5,2,20,1,9,5,5
S01006761,246,50,98,52,46,186,35,74,41,36,60,15,24,11,10,18,6,6,3,3,15,3,9,1,2,27,6,9,7,5
S01006762,231,58,77,66,30,168,40,57,50,21,63,18,20,16,9,20,2,7,6,5,24,9,9,6,0,19,7,4,4,4
S01006763,319,75,131,76,37,173,49,71,32,21,146,26,60,44,16,61,14,23,18,6,46,6,21,11,8,39,6,16,15,2
S01006764,321,72,120,86,43,222,50,89,52,31,99,22,31,34,12,41,11,14,13,3,25,5,8,10,2,33,6,9,11,7
S01006765,248,45,102,61,40,188,34,79,45,30,60,11,23,16,10,22,7,6,5,4,20,1,8,6,5,18,3,9,5,1
S01006766,214,58,86,38,32,147,40,65,25,17,67,18,21,13,15,17,3,6,4,4,28,7,10,5,6,22,8,5,4,5
S01006767,206,35,82,61,28,126,18,54,34,20,80,17,28,27,8,28,8,11,7,2,22,7,6,7,2,30,2,11,13,4
S01006768,182,70,65,35,12,99,36,37,17,9,83,34,28,18,3,19,11,3,4,1,19,7,5,6,1,45,16,20,8,1
S01006769,299,59,101,93,46,178,31,64,50,33,121,28,37,43,13,40,14,11,13,2,39,4,17,12,6,42,10,9,18,5
S01006770,207,39,83,49,36,145,25,64,34,22,62,14,19,15,14,24,4,9,7,4,18,7,5,3,3,20,3,5,5,7
S01006771,135,36,54,33,12,69,20,24,17,8,66,16,30,16,4,21,4,7,7,3,15,5,7,3,0,30,7,16,6,1
S01006772,308,65,118,82,43,230,46,95,56,33,78,19,23,26,10,24,8,7,7,2,30,3,11,10,6,24,8,5,9,2
S01006773,210,41,91,52,26,120,24,58,24,14,90,17,33,28,12,27,6,6,12,3,27,5,11,6,5,36,6,16,10,4
S01006774,196,51,64,47,34,118,30,38,24,26,78,21,26,23,8,25,8,10,4,3,34,7,11,14,2,19,6,5,5,3
S01006775,241,38,94,63,46,183,35,66,50,32,58,3,28,13,14,21,2,10,3,6,12,1,6,1,4,25,0,12,9,4
S01006776,148,12,50,43,43,110,8,41,30,31,38,4,9,13,12,15,1,5,5,4,11,3,2,2,4,12,0,2,6,4
S01006777,200,37,83,53,27,130,24,49,35,22,70,13,34,18,5,24,6,10,7,1,22,2,9,9,2,24,5,15,2,2
S01006778,205,41,68,48,48,149,29,49,34,37,56,12,19,14,11,13,4,3,4,2,19,3,7,5,4,24,5,9,5,5
S01006779,177,15,61,51,50,110,10,37,36,27,67,5,24,15,23,24,4,9,6,5,16,0,4,4,8,27,1,11,5,10
S01006780,180,29,63,44,44,122,18,47,24,33,58,11,16,20,11,19,5,5,3,6,21,3,7,8,3,18,3,4,9,2
S01006781,174,37,55,52,30,107,19,30,37,21,67,18,25,15,9,19,4,10,4,1,16,4,4,4,4,32,10,11,7,4
S01006782,279,53,118,71,37,195,37,82,51,25,84,16,36,20,12,30,9,12,6,3,25,4,13,6,2,29,3,11,8,7
S01006783,174,28,65,52,29,112,20,39,33,20,62,8,26,19,9,21,2,10,4,5,23,3,8,8,4,18,3,8,7,0
S01006784,227,56,95,52,24,181,44,73,43,21,46,12,22,9,3,25,6,14,3,2,8,4,2,2,0,13,2,6,4,1
S01006785,187,47,74,44,22,104,25,44,26,9,83,22,30,18,13,35,13,11,8,3,21,3,10,4,4,27,6,9,6,6
S01006786,289,83,120,46,40,179,50,74,27,28,110,33,46,19,12,37,13,14,6,4,42,12,16,8,6,31,8,16,5,2
S01006787,201,39,77,53,32,140,25,50,37,28,61,14,27,16,4,21,5,10,5,1,19,7,6,5,1,21,2,11,6,2
S01006788,271,68,100,69,34,166,42,58,40,26,105,26,42,29,8,41,12,18,11,0,37,12,9,12,4,27,2,15,6,4
S01006789,178,29,48,62,39,126,20,39,41,26,52,9,9,21,13,12,0,3,6,3,25,7,6,6,6,15,2,0,9,4
S01006790,240,39,65,67,69,154,28,48,37,41,86,11,17,30,28,33,4,6,13,10,27,2,7,10,8,26,5,4,7,10
S01006791,179,35,36,66,42,129,27,26,45,31,50,8,10,21,11,22,3,5,11,3,13,1,4,5,3,15,4,1,5,5
S01006792,139,25,35,48,31,95,16,26,33,20,44,9,9,15,11,20,4,1,8,7,12,1,5,3,3,12,4,3,4,1
S01006793,153,31,36,59,27,110,25,21,48,16,43,6,15,11,11,16,2,3,5,6,19,4,8,5,2,8,0,4,1,3
S01006794,178,40,31,59,48,134,29,22,48,35,44,11,9,11,13,9,2,3,3,1,17,6,2,3,6,18,3,4,5,6
S01006795,219,87,51,50,31,126,46,37,25,18,93,41,14,25,13,42,14,4,13,11,21,11,4,5,1,30,16,6,7,1
S01006796,168,44,48,52,24,80,16,25,26,13,88,28,23,26,11,44,14,10,15,5,25,7,8,6,4,19,7,5,5,2
S01006797,192,68,54,45,25,120,39,41,27,13,72,29,13,18,12,20,12,3,2,3,29,9,5,11,4,23,8,5,5,5
S01006798,169,58,44,49,18,95,37,25,23,10,74,21,19,26,8,28,9,9,9,1,26,7,4,11,4,20,5,6,6,3
S01006799,266,48,73,94,51,163,24,43,58,38,103,24,30,36,13,41,9,10,19,3,29,9,6,9,5,33,6,14,8,5
S01006800,238,113,50,54,21,133,60,30,30,13,105,53,20,24,8,27,16,3,7,1,36,22,4,6,4,42,15,13,11,3
S01006801,264,72,68,82,42,165,39,43,54,29,99,33,25,28,13,33,14,10,8,1,39,9,10,13,7,27,10,5,7,5
S01006802,205,48,45,70,42,126,25,29,51,21,79,23,16,19,21,34,10,6,11,7,23,7,5,3,8,22,6,5,5,6
S01006803,185,28,63,62,32,114,21,35,36,22,71,7,28,26,10,28,4,7,12,5,22,3,13,6,0,21,0,8,8,5
S01006804,226,54,69,63,40,121,30,40,34,17,105,24,29,29,23,52,17,14,11,10,41,6,12,17,6,12,1,3,1,7
S01006805,333,72,91,103,67,186,38,48,59,41,147,34,43,44,26,45,8,12,18,7,51,13,16,7,15,51,13,15,19,4
S01006806,322,76,93,100,53,206,49,62,64,31,116,27,31,36,22,43,11,9,17,6,37,12,9,8,8,36,4,13,11,8
S01006807,204,50,55,49,50,125,29,36,32,28,79,21,19,17,22,29,6,7,8,8,30,8,8,6,8,20,7,4,3,6
S01006808,187,62,58,45,22,111,35,36,27,13,76,27,22,18,9,24,8,8,3,5,25,10,5,8,2,27,9,9,7,2
S01006809,238,31,79,72,56,146,20,45,48,33,92,11,34,24,23,23,4,6,8,5,43,6,19,9,9,26,1,9,7,9
S01006810,276,72,72,78,54,175,42,48,46,39,101,30,24,32,15,33,10,8,12,3,40,12,9,9,10,28,8,7,11,2
S01006811,340,98,98,92,52,187,52,56,53,26,153,46,42,39,26,58,18,17,12,11,54,21,13,10,10,41,7,12,17,5
S01006812,255,52,82,84,37,153,26,53,53,21,102,26,29,31,16,46,13,10,16,7,26,6,8,7,5,30,7,11,8,4
S01006813,238,44,69,84,41,134,25,39,47,23,104,19,30,37,18,44,6,12,13,13,28,10,8,8,2,32,3,10,16,3
S01006814,230,71,77,62,20,124,40,37,36,11,106,31,40,26,9,37,9,17,5,6,31,10,11,10,0,38,12,12,11,3
S01006815,189,21,49,57,62,129,12,29,41,47,60,9,20,16,15,25,5,7,7,6,25,1,10,5,9,10,3,3,4,0
S01006816,225,50,73,62,40,133,21,47,39,26,92,29,26,23,14,39,11,12,11,5,28,10,7,5,6,25,8,7,7,3
S01006817,210,58,44,63,45,127,32,24,42,29,83,26,20,21,16,38,12,7,11,8,27,8,5,7,7,18,6,8,3,1
S01006818,217,62,58,64,33,134,32,40,37,25,83,30,18,27,8,26,8,7,6,5,32,13,5,13,1,25,9,6,8,2
S01006819,265,94,82,68,21,147,44,51,36,16,118,50,31,32,5,38,19,10,8,1,44,14,13,14,3,36,17,8,10,1
S01006820,135,57,38,30,10,88,41,24,15,8,47,16,14,15,2,19,5,7,5,2,11,6,0,5,0,17,5,7,5,0
S01006821,175,58,49,43,25,105,26,32,28,19,70,32,17,15,6,24,9,9,4,2,21,9,3,5,4,25,14,5,6,0
S01006822,224,77,57,70,20,130,38,42,37,13,94,39,15,33,7,29,15,3,8,3,30,11,7,11,1,35,13,5,14,3
S01006823,226,77,86,42,21,152,45,60,30,17,74,32,26,12,4,18,10,4,4,0,36,14,12,6,4,20,8,10,2,0
S01006824,291,21,79,83,108,178,12,46,49,71,113,9,33,34,37,47,4,20,9,14,30,2,5,11,12,36,3,8,14,11
S01006825,244,45,76,73,50,148,28,45,41,34,96,17,31,32,16,37,7,6,20,4,29,6,12,6,5,30,4,13,6,7
S01006826,257,86,85,54,32,145,42,51,28,24,112,44,34,26,8,29,6,9,12,2,41,15,15,8,3,42,23,10,6,3
S01006827,291,72,82,61,76,182,41,50,41,50,109,31,32,20,26,38,9,13,7,9,34,9,9,7,9,37,13,10,6,8
S01006828,343,76,115,89,63,254,51,80,72,51,89,25,35,17,12,35,10,13,6,6,23,8,8,6,1,31,7,14,5,5
S01006829,129,53,36,34,6,48,24,11,11,2,81,29,25,23,4,40,16,13,9,2,26,8,9,8,1,15,5,3,6,1
S01006830,217,40,77,57,43,136,19,50,38,29,81,21,27,19,14,23,6,4,7,6,19,8,7,3,1,39,7,16,9,7
S01006831,148,39,59,33,17,92,19,41,22,10,56,20,18,11,7,13,8,1,3,1,17,6,6,3,2,26,6,11,5,4
S01006832,303,106,96,58,43,182,57,57,41,27,121,49,39,17,16,38,17,9,5,7,40,16,12,9,3,43,16,18,3,6
S01006833,109,55,35,11,8,53,28,16,5,4,56,27,19,6,4,16,12,3,0,1,22,10,6,3,3,18,5,10,3,0
S01006834,159,64,54,23,18,53,16,22,6,9,106,48,32,17,9,28,16,6,4,2,40,16,16,5,3,38,16,10,8,4
S01006835,282,69,89,79,45,205,45,66,56,38,77,24,23,23,7,32,8,9,12,3,13,6,4,3,0,32,10,10,8,4
S01006836,193,61,69,37,26,99,28,32,22,17,94,33,37,15,9,38,17,12,4,5,42,14,17,8,3,14,2,8,3,1
S01006837,172,53,53,42,24,82,19,25,24,14,90,34,28,18,10,36,15,10,7,4,24,10,5,7,2,30,9,13,4,4
S01006838,207,63,66,51,27,109,25,31,32,21,98,38,35,19,6,29,14,9,5,1,35,12,11,9,3,34,12,15,5,2
S01006839,318,69,116,80,53,199,40,68,50,41,119,29,48,30,12,39,12,11,12,4,47,13,19,10,5,33,4,18,8,3
S01006840,282,86,100,72,24,138,47,52,30,9,144,39,48,42,15,44,16,15,8,5,64,12,20,22,10,36,11,13,12,0
S01006841,294,91,107,66,30,163,48,62,36,17,131,43,45,30,13,46,17,14,10,5,40,11,14,11,4,45,15,17,9,4
S01006842,234,43,97,64,30,136,27,55,32,22,98,16,42,32,8,30,11,9,9,1,27,2,12,12,1,41,3,21,11,6
S01006843,263,54,110,67,32,146,29,63,35,19,117,25,47,32,13,40,7,21,8,4,38,10,12,11,5,39,8,14,13,4
S01006844,267,49,103,72,43,195,34,77,49,35,72,15,26,23,8,23,3,7,11,2,17,4,2,7,4,32,8,17,5,2
S01006845,320,75,132,69,44,192,40,86,38,28,128,35,46,31,16,31,9,12,8,2,41,9,16,10,6,56,17,18,13,8
S01006846,189,28,71,64,26,130,20,52,36,22,59,8,19,28,4,15,2,5,8,0,20,1,6,11,2,24,5,8,9,2
S01006847,202,50,75,58,19,102,26,32,30,14,100,24,43,28,5,31,10,10,9,2,26,5,11,10,0,43,9,22,9,3
S01006848,278,105,73,55,45,162,49,50,26,37,116,56,23,29,8,31,14,7,7,3,52,25,9,14,4,33,17,7,8,1
S01006849,339,77,136,85,41,152,36,61,38,17,187,41,75,47,24,105,26,39,26,14,50,9,24,11,6,32,6,12,10,4
S01006850,320,42,116,102,60,187,23,68,60,36,133,19,48,42,24,56,7,18,22,9,40,7,16,9,8,37,5,14,11,7
S01006851,243,28,86,74,55,135,12,43,45,35,108,16,43,29,20,26,4,8,10,4,45,3,22,10,10,37,9,13,9,6
S01006852,170,46,63,38,23,101,22,40,17,22,69,24,23,21,1,25,6,9,10,0,19,9,4,6,0,25,9,10,5,1
S01006853,252,115,56,59,22,137,49,37,36,15,115,66,19,23,7,27,14,3,8,2,49,27,11,7,4,39,25,5,8,1
S01006854,260,80,71,64,45,157,45,49,38,25,103,35,22,26,20,41,15,8,12,6,28,9,7,5,7,34,11,7,9,7
S01006855,221,99,59,49,14,126,54,34,28,10,95,45,25,21,4,31,15,8,6,2,33,18,6,8,1,31,12,11,7,1
S01006856,193,68,61,49,15,101,27,32,34,8,92,41,29,15,7,32,17,8,4,3,33,17,9,5,2,27,7,12,6,2
S01006857,296,86,82,102,26,187,47,50,70,20,109,39,32,32,6,37,19,7,8,3,43,16,14,10,3,29,4,11,14,0
S01006858,181,73,42,50,16,111,40,27,35,9,70,33,15,15,7,22,14,3,3,2,32,14,6,7,5,16,5,6,5,0
S01006859,316,133,88,73,22,180,66,55,44,15,136,67,33,29,7,40,22,8,7,3,44,22,10,11,1,52,23,15,11,3
S01006860,167,22,38,57,50,112,9,23,46,34,55,13,15,11,16,14,2,3,3,6,23,7,4,4,8,18,4,8,4,2
S01006861,185,88,56,30,11,64,23,19,14,8,121,65,37,16,3,57,28,18,9,2,40,22,12,5,1,24,15,7,2,0
S01006862,197,52,59,54,32,123,25,40,37,21,74,27,19,17,11,29,11,7,7,4,25,7,10,3,5,20,9,2,7,2
S01006863,202,31,62,67,42,116,20,35,37,24,86,11,27,30,18,36,7,9,14,6,27,3,10,8,6,23,1,8,8,6
S01006864,152,32,56,33,31,78,19,26,16,17,74,13,30,17,14,34,8,8,9,9,21,4,12,3,2,19,1,10,5,3
S01006865,315,109,78,80,48,224,69,62,55,38,91,40,16,25,10,33,9,5,15,4,31,20,3,4,4,27,11,8,6,2
S01006866,143,63,44,21,15,84,36,24,14,10,59,27,20,7,5,13,6,2,3,2,22,8,9,2,3,24,13,9,2,0
S01006867,180,87,51,27,15,103,53,24,15,11,77,34,27,12,4,25,12,7,5,1,21,11,8,2,0,31,11,12,5,3
S01006868,242,72,66,58,46,132,26,37,37,32,110,46,29,21,14,37,14,14,6,3,39,18,6,6,9,34,14,9,9,2
S01006869,152,36,38,48,30,97,22,26,29,20,55,14,12,19,10,22,8,4,8,2,22,5,6,5,6,11,1,2,6,2
S01006870,127,45,30,35,17,66,21,16,17,12,61,24,14,18,5,13,4,2,6,1,28,11,7,9,1,20,9,5,3,3
S01006871,191,73,54,44,20,93,32,27,23,11,98,41,27,21,9,34,15,5,9,5,38,16,13,8,1,26,10,9,4,3
S01006872,194,89,45,49,11,97,36,24,28,9,97,53,21,21,2,32,16,6,10,0,38,21,9,7,1,27,16,6,4,1
S01006873,240,93,49,64,34,131,40,30,39,22,109,53,19,25,12,38,16,6,12,4,35,16,7,8,4,36,21,6,5,4
S01006874,170,65,36,52,17,98,39,23,26,10,72,26,13,26,7,16,8,2,6,0,26,9,7,5,5,30,9,4,15,2
S01006875,202,39,45,75,43,122,26,29,38,29,80,13,16,37,14,31,2,8,17,4,27,6,6,10,5,22,5,2,10,5
S01006876,297,77,71,109,40,179,48,55,56,20,118,29,16,53,20,45,11,5,23,6,33,8,6,10,9,40,10,5,20,5
S01006877,291,81,87,97,26,184,47,55,64,18,107,34,32,33,8,34,7,11,15,1,38,14,8,11,5,35,13,13,7,2
S01006878,214,42,48,78,46,146,25,32,54,35,68,17,16,24,11,19,3,7,7,2,28,7,6,8,7,21,7,3,9,2
S01006879,233,64,46,91,32,151,40,31,59,21,82,24,15,32,11,25,5,4,14,2,27,9,5,8,5,30,10,6,10,4
S01006880,183,69,60,37,17,95,33,33,21,8,88,36,27,16,9,43,21,11,7,4,26,8,11,5,2,19,7,5,4,3
S01006881,171,59,37,52,23,102,34,23,32,13,69,25,14,20,10,24,9,5,6,4,22,10,3,4,5,23,6,6,10,1
S01006882,111,15,30,35,31,73,11,17,21,24,38,4,13,14,7,11,2,4,4,1,14,1,4,5,4,13,1,5,5,2
S01006883,150,34,45,48,23,102,19,30,33,20,48,15,15,15,3,20,5,4,9,2,13,5,5,3,0,15,5,6,3,1
S01006884,250,58,77,72,43,138,32,41,36,29,112,26,36,36,14,40,8,10,16,6,32,9,10,10,3,40,9,16,10,5
S01006885,144,46,48,42,8,89,28,27,30,4,55,18,21,12,4,13,7,3,2,1,17,4,10,3,0,25,7,8,7,3
S01006886,248,84,64,64,36,169,57,42,47,23,79,27,22,17,13,23,8,6,4,5,27,8,10,6,3,29,11,6,7,5
S01006887,176,64,50,41,21,90,30,27,18,15,86,34,23,23,6,32,11,6,11,4,32,13,12,5,2,22,10,5,7,0
S01006888,246,78,65,69,34,141,45,41,37,18,105,33,24,32,16,35,15,6,8,6,45,13,15,13,4,25,5,3,11,6
S01006889,264,30,73,85,76,169,19,51,51,48,95,11,22,34,28,40,6,9,11,14,33,2,10,15,6,22,3,3,8,8
S01006890,207,59,72,55,21,121,26,45,35,15,86,33,27,20,6,26,9,9,5,3,39,15,9,13,2,21,9,9,2,1
S01006891,296,77,87,88,44,187,48,55,55,29,109,29,32,33,15,35,12,8,11,4,42,8,16,12,6,32,9,8,10,5
S01006892,206,22,58,66,60,132,16,30,42,44,74,6,28,24,16,37,4,14,10,9,20,1,5,11,3,17,1,9,3,4
S01006893,147,20,44,51,32,72,9,21,28,14,75,11,23,23,18,19,3,7,4,5,31,4,12,8,7,25,4,4,11,6
S01006894,276,60,88,77,51,192,38,64,47,43,84,22,24,30,8,21,4,5,10,2,31,7,12,8,4,32,11,7,12,2
S01006895,205,25,58,67,55,157,18,45,49,45,48,7,13,18,10,25,5,7,8,5,13,2,4,4,3,10,0,2,6,2
S01006896,254,42,90,73,49,183,29,67,51,36,71,13,23,22,13,27,5,8,8,6,21,4,6,7,4,23,4,9,7,3
S01006897,225,44,69,73,39,147,31,40,45,31,78,13,29,28,8,32,4,9,14,5,22,5,8,8,1,24,4,12,6,2
S01006898,261,49,79,78,55,173,29,57,55,32,88,20,22,23,23,32,8,8,9,7,33,10,6,10,7,23,2,8,4,9
S01006899,200,50,86,47,17,113,22,52,25,14,87,28,34,22,3,32,12,10,7,3,27,8,13,6,0,28,8,11,9,0
S01006900,187,40,60,61,26,123,25,40,38,20,64,15,20,23,6,24,3,8,13,0,21,7,6,5,3,19,5,6,5,3
S01006901,187,27,67,55,38,124,18,47,38,21,63,9,20,17,17,18,2,7,7,2,19,3,8,3,5,26,4,5,7,10
S01006902,235,45,71,61,58,140,23,40,36,41,95,22,31,25,17,37,9,10,9,9,29,5,8,10,6,29,8,13,6,2
S01006903,265,40,75,77,73,166,24,43,49,50,99,16,32,28,23,42,3,15,12,12,32,9,10,7,6,25,4,7,9,5
S01006904,221,39,66,61,55,129,23,45,33,28,92,16,21,28,27,31,4,7,11,9,34,7,5,7,15,27,5,9,10,3
S01006905,231,62,68,57,44,151,38,38,42,33,80,24,30,15,11,33,12,11,7,3,21,5,9,3,4,26,7,10,5,4
S01006906,256,21,77,72,86,184,18,49,49,68,72,3,28,23,18,35,0,16,10,9,21,2,5,8,6,16,1,7,5,3
S01006907,238,31,75,69,63,189,21,64,56,48,49,10,11,13,15,21,4,3,5,9,16,4,4,4,4,12,2,4,4,2
S01006908,298,42,91,88,77,233,36,67,70,60,65,6,24,18,17,26,0,11,8,7,21,3,5,6,7,18,3,8,4,3
S01006909,240,71,97,60,12,121,32,54,28,7,119,39,43,32,5,58,19,20,16,3,40,12,15,11,2,21,8,8,5,0
S01006910,296,93,96,75,32,191,52,66,49,24,105,41,30,26,8,48,19,12,11,6,28,10,8,9,1,29,12,10,6,1
S01006911,218,80,72,44,22,87,33,29,17,8,131,47,43,27,14,85,35,27,18,5,22,6,5,5,6,24,6,11,4,3
S01006912,130,45,33,37,15,86,25,22,28,11,44,20,11,9,4,10,4,4,2,0,11,6,3,2,0,23,10,4,5,4
S01006913,172,64,53,39,16,81,28,24,20,9,91,36,29,19,7,48,21,15,10,2,28,11,7,7,3,15,4,7,2,2
S01006914,228,87,50,61,30,128,40,33,35,20,100,47,17,26,10,30,11,6,7,6,32,15,4,11,2,38,21,7,8,2
S01006915,251,71,74,75,31,144,39,51,37,17,107,32,23,38,14,42,13,9,14,6,33,9,10,9,5,32,10,4,15,3
S01006916,192,34,60,49,49,87,16,35,18,18,105,18,25,31,31,61,13,17,19,12,28,2,8,8,10,16,3,0,4,9
S01006917,309,116,112,61,20,97,31,36,21,9,212,85,76,40,11,131,53,50,24,4,57,25,14,14,4,24,7,12,2,3
S01006918,148,40,55,37,16,74,17,28,19,10,74,23,27,18,6,37,11,14,9,3,19,7,5,7,0,18,5,8,2,3
S01006919,142,46,44,37,15,97,25,32,29,11,45,21,12,8,4,18,8,5,4,1,14,8,4,2,0,13,5,3,2,3
S01006920,159,44,47,40,28,99,31,25,22,21,60,13,22,18,7,33,5,11,13,4,18,5,8,4,1,9,3,3,1,2
S01006921,252,79,95,48,30,89,24,37,18,10,163,55,58,30,20,86,34,30,17,5,54,18,18,8,10,23,3,10,5,5
S01006922,149,47,42,37,23,94,28,21,28,17,55,19,21,9,6,18,9,3,3,3,25,8,11,4,2,12,2,7,2,1
S01006923,205,61,67,59,18,126,33,44,38,11,79,28,23,21,7,22,8,7,6,1,35,10,11,10,4,22,10,5,5,2
S01006924,176,68,45,46,17,103,31,32,30,10,73,37,13,16,7,24,18,2,2,2,27,12,7,5,3,22,7,4,9,2
S01006925,159,44,58,39,18,107,33,42,21,11,52,11,16,18,7,15,1,4,7,3,17,6,4,5,2,20,4,8,6,2
S01006926,232,77,81,51,23,121,37,46,25,13,111,40,35,26,10,58,26,12,14,6,41,9,19,10,3,12,5,4,2,1
S01006927,351,114,144,75,18,160,51,68,28,13,191,63,76,47,5,130,46,52,31,1,49,13,19,14,3,12,4,5,2,1
S01006928,337,80,120,95,42,198,44,66,62,26,139,36,54,33,16,45,15,14,11,5,52,13,19,14,6,42,8,21,8,5
S01006929,247,132,78,25,12,135,62,51,14,8,112,70,27,11,4,23,15,5,2,1,53,33,14,5,1,36,22,8,4,2
S01006930,284,117,113,37,17,179,67,81,17,14,105,50,32,20,3,29,11,10,8,0,28,17,6,4,1,48,22,16,8,2
S01006931,124,48,39,25,12,75,23,29,15,8,49,25,10,10,4,13,7,3,3,0,14,8,3,2,1,22,10,4,5,3
S01006932,186,59,77,29,21,62,16,28,13,5,124,43,49,16,16,41,16,12,6,7,48,18,19,6,5,35,9,18,4,4
S01006933,198,65,67,41,25,115,38,40,19,18,83,27,27,22,7,22,10,4,6,2,26,6,12,7,1,35,11,11,9,4
S01006934,171,54,53,36,28,104,28,35,23,18,67,26,18,13,10,20,7,5,4,4,22,10,6,4,2,25,9,7,5,4
S01006935,203,62,85,35,21,139,39,63,23,14,64,23,22,12,7,23,5,10,3,5,22,10,6,5,1,19,8,6,4,1
S01006936,194,50,80,37,27,118,30,50,20,18,76,20,30,17,9,29,8,14,7,0,22,5,8,6,3,25,7,8,4,6
S01006937,244,61,103,51,29,160,39,73,30,18,84,22,30,21,11,24,6,10,4,4,28,6,9,11,2,32,10,11,6,5
S01006938,167,37,68,40,22,111,18,51,24,18,56,19,17,16,4,30,10,9,8,3,15,6,2,7,0,11,3,6,1,1
S01006939,175,50,67,38,20,101,26,42,20,13,74,24,25,18,7,24,5,12,4,3,18,10,3,4,1,32,9,10,10,3
S01006940,302,103,112,53,34,195,66,79,30,20,107,37,33,23,14,28,11,7,7,3,34,10,12,9,3,45,16,14,7,8
S01006941,195,52,61,51,31,99,26,30,24,19,96,26,31,27,12,32,7,9,9,7,28,10,8,8,2,36,9,14,10,3
S01006942,315,105,122,59,29,152,47,63,22,20,163,58,59,37,9,57,16,26,11,4,55,22,15,17,1,51,20,18,9,4
S01006943,201,100,66,28,7,58,24,22,7,5,143,76,44,21,2,68,41,14,12,1,50,21,22,6,1,25,14,8,3,0
S01006944,319,91,128,67,33,152,35,75,27,15,167,56,53,40,18,84,27,27,25,5,49,17,14,7,11,34,12,12,8,2
S01006945,175,59,66,34,16,120,35,50,24,11,55,24,16,10,5,24,9,7,6,2,14,8,3,2,1,17,7,6,2,2
S01006946,260,88,93,51,28,160,57,61,29,13,100,31,32,22,15,38,13,12,8,5,30,10,11,6,3,32,8,9,8,7
S01006947,285,71,116,60,38,132,26,58,30,18,153,45,58,30,20,60,19,26,9,6,60,16,21,16,7,33,10,11,5,7
S01006948,255,71,87,54,43,163,43,61,32,27,92,28,26,22,16,39,16,10,8,5,24,5,7,9,3,29,7,9,5,8
S01006949,211,77,67,51,16,114,37,41,24,12,97,40,26,27,4,38,19,9,9,1,31,10,9,9,3,28,11,8,9,0
S01006950,194,51,70,47,26,85,27,29,19,10,109,24,41,28,16,73,22,26,18,7,28,1,11,9,7,8,1,4,1,2
S01006951,157,24,59,44,30,105,10,42,31,22,52,14,17,13,8,16,7,4,3,2,21,5,7,7,2,15,2,6,3,4
S01006952,265,52,86,80,47,187,32,65,52,38,78,20,21,28,9,29,11,4,12,2,31,6,7,13,5,18,3,10,3,2
S01006953,252,75,100,46,31,145,40,56,32,17,107,35,44,14,14,49,20,20,5,4,34,11,16,4,3,24,4,8,5,7
S01006954,250,68,93,64,25,141,37,54,34,16,109,31,39,30,9,46,15,17,11,3,38,9,12,11,6,25,7,10,8,0
S01006955,212,36,82,50,44,128,20,46,27,35,84,16,36,23,9,47,8,22,14,3,22,4,7,7,4,15,4,7,2,2
S01006956,363,93,144,83,43,178,40,71,44,23,185,53,73,39,20,92,30,40,16,6,53,13,20,12,8,40,10,13,11,6
S01006957,331,103,111,86,31,177,59,61,39,18,154,44,50,47,13,64,20,18,20,6,47,14,14,17,2,43,10,18,10,5
S01006958,259,71,96,53,39,190,48,69,41,32,69,23,27,12,7,14,5,5,2,2,28,7,14,5,2,27,11,8,5,3
S01006959,212,29,71,62,50,140,16,45,38,41,72,13,26,24,9,35,5,15,10,5,14,2,3,7,2,23,6,8,7,2
S01006960,298,107,96,59,36,105,35,38,17,15,193,72,58,42,21,85,37,26,18,4,58,20,14,18,6,50,15,18,6,11
S01006961,309,98,113,75,23,114,41,38,22,13,195,57,75,53,10,104,29,36,36,3,57,18,26,9,4,34,10,13,8,3
S01006962,257,58,83,76,40,190,44,63,57,26,67,14,20,19,14,24,3,9,9,3,19,5,5,6,3,24,6,6,4,8
S01006963,219,49,79,62,29,147,35,53,38,21,72,14,26,24,8,18,3,4,9,2,16,3,8,3,2,38,8,14,12,4
S01006964,302,49,99,101,53,217,33,68,73,43,85,16,31,28,10,31,6,12,10,3,20,1,6,10,3,34,9,13,8,4
S01006965,158,45,46,43,24,108,28,30,33,17,50,17,16,10,7,14,6,3,3,2,14,2,7,3,2,22,9,6,4,3
S01006966,184,20,62,54,48,107,13,36,31,27,77,7,26,23,21,20,3,5,9,3,24,2,9,8,5,33,2,12,6,13
S01006967,200,50,65,60,25,116,32,38,30,16,84,18,27,30,9,27,6,7,12,2,22,6,7,6,3,35,6,13,12,4
S01006968,161,25,48,54,34,105,10,35,35,25,56,15,13,19,9,23,4,5,10,4,13,6,3,2,2,20,5,5,7,3
S01006969,287,56,95,83,53,205,37,62,60,46,82,19,33,23,7,34,7,16,7,4,21,5,7,8,1,27,7,10,8,2
S01006970,210,63,82,53,12,116,37,49,28,2,94,26,33,25,10,33,9,12,8,4,27,10,10,7,0,34,7,11,10,6
S01006971,154,26,50,41,37,106,19,41,26,20,48,7,9,15,17,16,4,2,3,7,16,0,3,7,6,16,3,4,5,4
S01006972,154,46,48,34,26,90,25,28,18,19,64,21,20,16,7,22,7,9,4,2,22,9,8,3,2,20,5,3,9,3
S01006973,169,50,58,40,21,117,30,38,31,18,52,20,20,9,3,20,8,6,4,2,17,4,8,4,1,15,8,6,1,0
S01006974,319,107,114,67,31,174,61,61,33,19,145,46,53,34,12,50,14,18,14,4,50,11,17,15,7,45,21,18,5,1
S01006975,320,82,89,109,40,215,50,61,72,32,105,32,28,37,8,33,10,6,15,2,35,13,11,8,3,37,9,11,14,3
S01006976,143,37,56,34,16,96,27,32,24,13,47,10,24,10,3,15,4,8,3,0,19,2,10,4,3,13,4,6,3,0
S01006977,265,65,77,90,33,164,38,50,47,29,101,27,27,43,4,36,11,10,14,1,44,12,12,18,2,21,4,5,11,1
S01006978,273,65,83,77,48,179,43,53,51,32,94,22,30,26,16,32,5,11,9,7,30,4,12,8,6,32,13,7,9,3
S01006979,253,65,69,74,45,157,37,43,48,29,96,28,26,26,16,36,11,11,9,5,30,8,8,6,8,30,9,7,11,3
S01006980,261,71,85,76,29,161,41,54,46,20,100,30,31,30,9,33,11,9,9,4,35,13,11,9,2,32,6,11,12,3
S01006981,272,80,64,84,44,170,41,40,58,31,102,39,24,26,13,37,17,10,8,2,31,12,5,11,3,34,10,9,7,8
S01006982,295,58,99,85,53,155,29,50,40,36,140,29,49,45,17,66,17,18,23,8,45,9,18,13,5,29,3,13,9,4
S01006983,237,48,91,68,30,137,25,51,42,19,100,23,40,26,11,39,11,16,9,3,33,8,11,9,5,28,4,13,8,3
S01006984,219,86,71,45,17,127,48,44,28,7,92,38,27,17,10,34,16,10,5,3,28,10,8,6,4,30,12,9,6,3
S01006985,302,76,83,92,51,187,43,47,62,35,115,33,36,30,16,38,12,12,9,5,32,11,13,6,2,45,10,11,15,9
S01006986,210,59,69,59,23,105,28,42,29,6,105,31,27,30,17,53,14,13,18,8,28,12,7,5,4,24,5,7,7,5
S01006987,199,43,77,40,39,128,27,51,25,25,71,16,26,15,14,29,4,14,7,4,22,5,6,4,7,20,7,6,4,3
S01006988,191,53,54,55,29,90,24,28,22,16,101,29,26,33,13,37,9,9,13,6,43,15,11,12,5,21,5,6,8,2
S01006989,320,121,91,76,32,183,56,59,46,22,137,65,32,30,10,54,26,14,9,5,46,20,10,13,3,37,19,8,8,2
S01006990,288,102,94,68,24,138,45,49,35,9,150,57,45,33,15,66,24,21,15,6,49,20,10,11,8,35,13,14,7,1
S01006991,136,25,30,48,33,91,17,21,31,22,45,8,9,17,11,15,5,3,4,3,18,3,4,7,4,12,0,2,6,4
S01006992,185,53,55,53,24,113,30,31,35,17,72,23,24,18,7,29,7,12,7,3,20,6,8,5,1,23,10,4,6,3
S01006993,162,24,52,63,23,98,14,31,39,14,64,10,21,24,9,13,1,6,5,1,26,3,8,9,6,25,6,7,10,2
S01006994,191,50,47,65,29,132,35,28,48,21,59,15,19,17,8,16,3,5,6,2,22,8,5,4,5,21,4,9,7,1
S01006995,270,77,71,81,41,154,41,40,52,21,116,36,31,29,20,45,16,9,10,10,40,12,9,13,6,31,8,13,6,4
S01006996,238,37,65,90,46,120,13,34,44,29,118,24,31,46,17,55,9,14,25,7,29,7,8,9,5,34,8,9,12,5
S01006997,245,90,70,55,30,130,41,36,35,18,115,49,34,20,12,43,22,10,7,4,39,15,14,7,3,33,12,10,6,5
S01006998,353,79,116,115,43,216,39,68,78,31,137,40,48,37,12,54,19,19,14,2,44,8,15,16,5,39,13,14,7,5
S01006999,261,37,68,124,32,170,20,44,81,25,91,17,24,43,7,39,10,10,16,3,24,2,12,9,1,28,5,2,18,3
S01007000,288,76,75,82,55,181,39,46,51,45,107,37,29,31,10,43,17,12,11,3,33,10,10,11,2,31,10,7,9,5
S01007001,278,64,94,75,45,165,33,59,43,30,113,31,35,32,15,44,13,15,11,5,33,11,10,8,4,36,7,10,13,6
S01007002,182,33,45,56,48,95,12,26,29,28,87,21,19,27,20,45,9,8,16,12,29,8,8,10,3,13,4,3,1,5
S01007003,154,30,28,67,29,93,16,17,37,23,61,14,11,30,6,22,3,3,14,2,21,4,7,7,3,18,7,1,9,1
S01007004,239,54,53,92,40,160,34,31,66,29,79,20,22,26,11,28,9,9,8,2,24,5,7,8,4,27,6,6,10,5
S01007005,274,83,53,99,39,170,47,33,66,24,104,36,20,33,15,35,11,6,13,5,36,9,10,10,7,33,16,4,10,3
S01007006,287,56,64,101,66,185,32,42,63,48,102,24,22,38,18,36,7,7,16,6,46,12,10,14,10,20,5,5,8,2
S01007007,250,45,53,108,44,155,29,40,60,26,95,16,13,48,18,32,2,4,19,7,34,6,6,13,9,29,8,3,16,2
S01007008,301,42,64,117,78,178,22,39,68,49,123,20,25,49,29,40,7,5,15,13,36,4,8,16,8,47,9,12,18,8
S01007009,327,48,77,105,97,240,31,57,83,69,87,17,20,22,28,40,7,10,8,15,21,5,4,5,7,26,5,6,9,6
S01007010,221,45,54,70,52,152,28,38,48,38,69,17,16,22,14,20,4,4,4,8,28,9,8,7,4,21,4,4,11,2
S01007011,297,19,74,102,102,214,14,51,69,80,83,5,23,33,22,35,2,8,19,6,31,1,9,12,9,17,2,6,2,7
S01007012,218,8,37,78,95,124,5,23,48,48,94,3,14,30,47,36,0,6,13,17,31,0,5,6,20,27,3,3,11,10
S01007013,166,30,42,69,25,101,20,28,35,18,65,10,14,34,7,21,5,4,10,2,22,2,6,13,1,22,3,4,11,4
S01007014,319,57,94,121,47,183,35,52,64,32,136,22,42,57,15,64,10,20,28,6,37,7,12,12,6,35,5,10,17,3
S01007015,189,28,41,83,37,118,20,23,52,23,71,8,18,31,14,26,3,5,14,4,27,3,6,9,9,18,2,7,8,1
S01007016,179,39,43,66,31,102,24,26,37,15,77,15,17,29,16,23,6,7,6,4,20,4,4,9,3,34,5,6,14,9
S01007017,316,25,75,115,101,216,15,52,80,69,100,10,23,35,32,48,4,9,19,16,28,2,6,10,10,24,4,8,6,6
S01007018,266,25,81,97,63,144,14,44,49,37,122,11,37,48,26,41,5,12,16,8,49,2,15,23,9,32,4,10,9,9
S01007019,193,19,41,75,58,134,14,30,46,44,59,5,11,29,14,23,1,5,10,7,18,1,2,12,3,18,3,4,7,4
S01007020,256,37,59,91,69,186,31,46,61,48,70,6,13,30,21,28,1,2,16,9,22,2,4,10,6,20,3,7,4,6
S01007021,242,33,60,87,62,154,17,39,57,41,88,16,21,30,21,31,4,7,14,6,41,8,11,13,9,16,4,3,3,6
S01007022,138,15,36,48,39,72,4,26,20,22,66,11,10,28,17,26,3,7,9,7,22,7,1,10,4,18,1,2,9,6
S01007023,140,16,29,56,39,86,12,18,33,23,54,4,11,23,16,24,2,2,11,9,17,1,4,7,5,13,1,5,5,2
S01007024,295,41,75,117,62,191,30,51,75,35,104,11,24,42,27,33,0,5,17,11,36,7,8,14,7,35,4,11,11,9
S01007025,254,16,52,106,80,161,10,28,67,56,93,6,24,39,24,43,1,11,19,12,32,4,8,13,7,18,1,5,7,5
S01007026,234,28,45,82,79,152,15,27,55,55,82,13,18,27,24,26,6,2,10,8,28,3,7,10,8,28,4,9,7,8
S01007027,310,43,68,114,85,189,26,43,68,52,121,17,25,46,33,51,6,10,23,12,34,7,8,8,11,36,4,7,15,10
S01007028,222,31,64,76,51,151,19,49,45,38,71,12,15,31,13,19,3,5,8,3,30,3,8,12,7,22,6,2,11,3
S01007029,142,20,24,67,31,85,12,16,36,21,57,8,8,31,10,24,4,4,15,1,15,1,1,7,6,18,3,3,9,3
S01007030,226,26,40,78,82,129,14,23,41,51,97,12,17,37,31,50,3,11,20,16,19,6,2,4,7,28,3,4,13,8
S01007031,190,19,34,76,61,118,11,26,41,40,72,8,8,35,21,26,2,3,16,5,23,4,2,7,10,23,2,3,12,6
S01007032,337,38,85,104,110,234,31,60,63,80,103,7,25,41,30,32,2,6,16,8,42,2,9,16,15,29,3,10,9,7
S01007033,239,19,49,100,71,149,15,31,57,46,90,4,18,43,25,35,1,8,17,9,27,0,3,15,9,28,3,7,11,7
S01007034,201,26,55,54,66,125,18,34,34,39,76,8,21,20,27,26,2,6,6,12,25,2,8,9,6,25,4,7,5,9
S01007035,248,11,33,88,116,149,8,20,52,69,99,3,13,36,47,40,2,4,14,20,36,1,5,10,20,23,0,4,12,7
S01007036,269,49,72,78,70,163,32,42,42,47,106,17,30,36,23,36,4,8,16,8,39,8,11,11,9,31,5,11,9,6
S01007037,295,21,54,119,101,171,14,28,63,66,124,7,26,56,35,46,2,9,24,11,44,3,10,19,12,34,2,7,13,12
S01007038,251,22,58,89,82,165,18,38,52,57,86,4,20,37,25,38,3,11,14,10,30,0,6,14,10,18,1,3,9,5
S01007039,273,19,64,105,85,163,16,33,58,56,110,3,31,47,29,50,2,14,22,12,34,1,11,12,10,26,0,6,13,7
S01007040,201,19,33,81,68,127,13,20,48,46,74,6,13,33,22,27,1,6,13,7,23,1,5,10,7,24,4,2,10,8
S01007041,231,28,49,93,61,161,20,32,58,51,70,8,17,35,10,19,3,3,13,0,21,2,7,4,8,30,3,7,18,2
S01007042,208,23,45,96,44,122,7,32,56,27,86,16,13,40,17,34,6,4,16,8,25,4,4,13,4,27,6,5,11,5
S01007043,298,52,56,136,54,197,31,34,90,42,101,21,22,46,12,38,10,9,14,5,35,5,4,21,5,28,6,9,11,2
S01007044,191,28,53,68,42,135,19,37,44,35,56,9,16,24,7,16,3,4,7,2,24,2,7,11,4,16,4,5,6,1
S01007045,233,42,59,103,29,162,26,45,71,20,71,16,14,32,9,25,4,4,15,2,18,6,3,7,2,28,6,7,10,5
S01007046,190,26,44,74,46,136,17,34,55,30,54,9,10,19,16,16,2,3,7,4,21,5,4,6,6,17,2,3,6,6
S01007047,186,28,42,75,41,121,16,32,49,24,65,12,10,26,17,25,4,1,11,9,25,7,4,9,5,15,1,5,6,3
S01007048,254,36,53,119,46,169,27,29,79,34,85,9,24,40,12,32,5,7,16,4,25,1,10,11,3,28,3,7,13,5
S01007049,296,21,61,117,97,185,12,35,74,64,111,9,26,43,33,53,6,13,21,13,35,3,7,15,10,23,0,6,7,10
S01007050,198,34,45,74,45,126,22,28,42,34,72,12,17,32,11,27,3,5,15,4,22,5,8,8,1,23,4,4,9,6
S01007051,245,28,63,105,49,148,20,32,61,35,97,8,31,44,14,33,2,9,19,3,39,4,15,13,7,25,2,7,12,4
S01007052,170,15,52,70,33,105,5,32,45,23,65,10,20,25,10,24,1,8,11,4,23,6,6,6,5,18,3,6,8,1
S01007053,141,26,40,53,22,85,16,24,29,16,56,10,16,24,6,12,4,0,7,1,24,3,7,12,2,20,3,9,5,3
S01007054,279,31,61,113,74,169,16,38,66,49,110,15,23,47,25,37,5,6,15,11,45,7,7,22,9,28,3,10,10,5
S01007055,156,31,30,63,32,94,21,17,36,20,62,10,13,27,12,20,4,8,7,1,19,3,1,10,5,23,3,4,10,6
S01007056,178,37,48,65,28,109,19,27,40,23,69,18,21,25,5,19,3,6,8,2,29,8,7,12,2,21,7,8,5,1
S01007057,140,18,49,47,26,96,14,31,30,21,44,4,18,17,5,20,1,10,9,0,8,0,3,3,2,16,3,5,5,3
S01007058,153,14,43,55,41,100,10,30,33,27,53,4,13,22,14,20,1,4,10,5,15,2,6,4,3,18,1,3,8,6
S01007059,308,46,100,98,64,177,30,57,50,40,131,16,43,48,24,49,7,14,20,8,37,4,10,15,8,45,5,19,13,8
S01007060,174,12,34,59,69,96,9,18,34,35,78,3,16,25,34,33,1,7,9,16,22,1,4,7,10,23,1,5,9,8
S01007061,290,87,80,89,34,178,57,49,50,22,112,30,31,39,12,43,15,14,9,5,35,7,10,14,4,34,8,7,16,3
S01007062,210,58,42,82,28,139,37,30,49,23,71,21,12,33,5,24,5,7,9,3,16,5,2,9,0,31,11,3,15,2
S01007063,195,27,58,75,35,124,11,36,52,25,71,16,22,23,10,24,5,8,9,2,28,7,8,9,4,19,4,6,5,4
S01007064,202,48,47,74,33,133,30,33,47,23,69,18,14,27,10,27,8,6,12,1,16,6,3,5,2,26,4,5,10,7
S01007065,189,47,58,60,24,119,31,33,39,16,70,16,25,21,8,26,7,9,8,2,23,3,10,7,3,21,6,6,6,3
S01007066,201,46,56,71,28,127,28,39,42,18,74,18,17,29,10,26,6,6,12,2,20,4,4,10,2,28,8,7,7,6
S01007067,186,31,62,61,32,138,26,41,48,23,48,5,21,13,9,16,3,7,4,2,16,2,4,6,4,16,0,10,3,3
S01007068,232,43,70,61,58,155,27,50,45,33,77,16,20,16,25,30,12,6,4,8,27,3,7,7,10,20,1,7,5,7
S01007069,268,24,91,81,72,151,13,49,41,48,117,11,42,40,24,55,4,19,19,13,35,3,12,13,7,27,4,11,8,4
S01007070,180,7,59,51,63,132,5,40,35,52,48,2,19,16,11,22,1,9,6,6,15,1,5,7,2,11,0,5,3,3
S01007071,282,44,98,71,69,186,29,60,42,55,96,15,38,29,14,32,2,12,13,5,35,5,13,12,5,29,8,13,4,4
S01007072,208,27,76,60,45,123,19,41,31,32,85,8,35,29,13,21,2,9,7,3,33,3,13,9,8,31,3,13,13,2
S01007073,248,25,89,80,54,145,18,55,44,28,103,7,34,36,26,33,3,9,16,5,37,1,13,12,11,33,3,12,8,10
S01007074,234,17,47,78,92,159,13,31,53,62,75,4,16,25,30,29,2,6,11,10,25,1,3,9,12,21,1,7,5,8
S01007075,222,14,57,67,84,124,8,28,37,51,98,6,29,30,33,45,4,13,13,15,23,2,9,3,9,30,0,7,14,9
S01007076,240,12,63,76,89,146,9,34,45,58,94,3,29,31,31,46,1,11,14,20,23,2,7,7,7,25,0,11,10,4
S01007077,202,21,58,67,56,148,16,40,49,43,54,5,18,18,13,21,0,10,5,6,15,2,5,5,3,18,3,3,8,4
S01007078,264,25,58,84,97,173,17,38,55,63,91,8,20,29,34,38,2,12,12,12,23,2,4,8,9,30,4,4,9,13
S01007079,324,37,73,96,118,235,24,49,69,93,89,13,24,27,25,36,5,12,10,9,29,3,7,10,9,24,5,5,7,7
S01007080,245,11,74,68,92,155,6,47,44,58,90,5,27,24,34,39,2,9,11,17,23,1,10,5,7,28,2,8,8,10
S01007081,292,23,52,115,102,157,17,35,49,56,135,6,17,66,46,64,0,5,35,24,41,2,7,15,17,30,4,5,16,5
S01007082,185,9,41,50,85,113,4,28,33,48,72,5,13,17,37,27,0,5,7,15,25,4,5,5,11,20,1,3,5,11
S01007083,316,10,63,91,152,203,8,41,59,95,113,2,22,32,57,61,2,9,12,38,29,0,7,13,9,23,0,6,7,10
S01007084,171,20,54,53,44,122,15,39,33,35,49,5,15,20,9,19,2,5,7,5,12,1,3,7,1,18,2,7,6,3
S01007085,299,40,69,83,107,210,23,53,58,76,89,17,16,25,31,44,9,6,13,16,22,5,5,5,7,23,3,5,7,8
S01007086,500,15,116,111,258,352,11,89,78,174,148,4,27,33,84,85,3,12,16,54,38,1,8,10,19,25,0,7,7,11
S01007087,341,21,55,90,175,240,14,41,73,112,101,7,14,17,63,47,2,6,6,33,36,3,3,8,22,18,2,5,3,8
S01007088,201,8,35,63,95,130,4,27,45,54,71,4,8,18,41,33,2,3,6,22,22,2,3,7,10,16,0,2,5,9
S01007089,159,21,54,60,24,100,15,34,36,15,59,6,20,24,9,22,2,7,11,2,26,4,8,10,4,11,0,5,3,3
S01007090,202,23,69,74,36,144,18,45,57,24,58,5,24,17,12,25,1,10,9,5,15,3,4,4,4,18,1,10,4,3
S01007091,262,18,81,84,79,101,6,34,32,29,161,12,47,52,50,62,6,16,24,16,64,3,20,20,21,35,3,11,8,13
S01007092,184,11,51,62,60,127,7,34,39,47,57,4,17,23,13,27,3,7,9,8,15,0,4,7,4,15,1,6,7,1
S01007093,295,45,92,103,55,201,28,63,71,39,94,17,29,32,16,18,2,6,7,3,35,8,10,13,4,41,7,13,12,9
S01007094,241,32,74,85,50,152,25,42,50,35,89,7,32,35,15,36,1,11,18,6,24,2,8,9,5,29,4,13,8,4
S01007095,160,31,47,55,27,99,17,31,32,19,61,14,16,23,8,18,3,3,9,3,23,8,8,5,2,20,3,5,9,3
S01007096,252,46,73,102,31,135,26,40,51,18,117,20,33,51,13,54,13,14,22,5,34,2,8,20,4,29,5,11,9,4
S01007097,154,27,41,63,23,98,16,27,40,15,56,11,14,23,8,23,6,4,10,3,14,3,6,4,1,19,2,4,9,4
S01007098,228,45,67,85,31,114,24,35,33,22,114,21,32,52,9,55,9,17,26,3,29,6,8,12,3,30,6,7,14,3
S01007099,258,29,91,103,35,138,17,51,51,19,120,12,40,52,16,46,3,17,21,5,38,4,13,14,7,36,5,10,17,4
S01007100,221,42,62,74,43,136,29,34,45,28,85,13,28,29,15,26,6,7,9,4,17,2,6,5,4,42,5,15,15,7
S01007101,257,20,42,100,95,154,12,24,61,57,103,8,18,39,38,44,4,6,18,16,31,2,6,13,10,28,2,6,8,12
S01007102,191,23,50,84,34,122,18,31,50,23,69,5,19,34,11,21,2,5,10,4,26,2,9,11,4,22,1,5,13,3
S01007103,235,28,45,99,63,130,16,18,53,43,105,12,27,46,20,35,6,11,13,5,36,4,9,18,5,34,2,7,15,10
S01007104,138,20,33,52,33,81,12,22,27,20,57,8,11,25,13,20,3,3,9,5,18,0,3,10,5,19,5,5,6,3
S01007105,149,26,31,59,33,83,14,19,30,20,66,12,12,29,13,23,5,3,10,5,23,4,8,9,2,20,3,1,10,6
S01007106,215,30,47,64,74,143,21,25,43,54,72,9,22,21,20,16,1,6,3,6,35,5,10,10,10,21,3,6,8,4
S01007107,198,29,70,67,32,117,22,37,38,20,81,7,33,29,12,25,0,13,10,2,29,2,10,10,7,27,5,10,9,3
S01007108,165,20,33,71,41,105,10,21,46,28,60,10,12,25,13,26,3,3,15,5,19,6,3,7,3,15,1,6,3,5
S01007109,266,17,50,86,113,168,10,27,52,79,98,7,23,34,34,38,3,7,16,12,38,2,10,13,13,22,2,6,5,9
S01007110,239,21,55,105,58,121,11,33,47,30,118,10,22,58,28,50,3,14,24,9,39,4,4,20,11,29,3,4,14,8
S01007111,156,19,36,61,40,92,11,21,35,25,64,8,15,26,15,19,3,2,9,5,23,3,8,7,5,22,2,5,10,5
S01007112,134,23,31,48,32,89,18,18,30,23,45,5,13,18,9,17,2,4,7,4,7,1,3,0,3,21,2,6,11,2
S01007113,155,39,36,45,35,110,30,19,35,26,45,9,17,10,9,16,3,7,5,1,14,3,4,2,5,15,3,6,3,3
S01007114,250,22,57,105,66,143,10,35,55,43,107,12,22,50,23,41,4,10,17,10,26,3,7,10,6,40,5,5,23,7
S01007115,175,19,47,68,41,96,9,25,40,22,79,10,22,28,19,18,3,6,7,2,27,5,7,11,4,34,2,9,10,13
S01007116,276,51,74,111,40,101,13,28,40,20,175,38,46,71,20,57,13,15,22,7,68,16,16,29,7,50,9,15,20,6
S01007117,127,24,28,47,28,80,14,16,32,18,47,10,12,15,10,14,5,3,3,3,16,3,5,7,1,17,2,4,5,6
S01007118,237,13,44,73,107,126,10,21,33,62,111,3,23,40,45,52,1,10,19,22,35,1,9,13,12,24,1,4,8,11
S01007119,259,11,49,93,106,157,8,34,55,60,102,3,15,38,46,44,2,9,18,15,33,0,3,12,18,25,1,3,8,13
S01007120,381,19,59,104,199,251,12,42,67,130,130,7,17,37,69,64,3,4,18,39,32,3,7,9,13,34,1,6,10,17
S01007121,156,6,38,43,69,115,5,24,29,57,41,1,14,14,12,19,0,7,8,4,12,1,3,4,4,10,0,4,2,4
S01007122,212,26,57,62,67,149,15,41,43,50,63,11,16,19,17,19,3,3,6,7,23,6,9,4,4,21,2,4,9,6
S01007123,204,16,43,69,76,133,10,28,38,57,71,6,15,31,19,31,3,3,14,11,23,2,6,9,6,17,1,6,8,2
S01007124,275,29,66,109,71,161,19,35,59,48,114,10,31,50,23,42,2,15,18,7,43,4,8,23,8,29,4,8,9,8
S01007125,259,24,45,89,101,139,12,27,47,53,120,12,18,42,48,52,5,9,15,23,35,5,4,11,15,33,2,5,16,10
S01007126,329,7,50,104,168,193,7,27,66,93,136,0,23,38,75,74,0,11,17,46,33,0,4,10,19,29,0,8,11,10
S01007127,376,20,50,104,202,256,16,33,69,138,120,4,17,35,64,52,3,7,13,29,40,0,8,14,18,28,1,2,8,17
S01007128,266,13,46,83,124,168,10,29,48,81,98,3,17,35,43,50,2,5,18,25,25,0,7,7,11,23,1,5,10,7
S01007129,297,133,100,41,23,164,71,54,21,18,133,62,46,20,5,39,26,10,2,1,58,26,21,9,2,36,10,15,9,2
S01007130,171,50,57,38,26,109,27,39,27,16,62,23,18,11,10,27,5,10,6,6,15,6,4,4,1,20,12,4,1,3
S01007131,225,57,90,45,33,140,36,52,32,20,85,21,38,13,13,23,8,7,4,4,28,6,15,3,4,34,7,16,6,5
S01007132,199,49,78,42,30,119,26,48,24,21,80,23,30,18,9,15,4,6,3,2,31,10,14,4,3,34,9,10,11,4
S01007133,197,53,66,55,23,114,29,44,26,15,83,24,22,29,8,21,7,8,5,1,34,10,8,13,3,28,7,6,11,4
S01007134,229,55,58,71,45,141,33,32,39,37,88,22,26,32,8,30,6,9,11,4,24,8,10,5,1,34,8,7,16,3
S01007135,166,58,59,31,18,94,36,33,17,8,72,22,26,14,10,21,4,9,5,3,26,9,10,5,2,25,9,7,4,5
S01007136,150,55,57,32,6,73,21,29,17,6,77,34,28,15,0,25,12,10,3,0,32,13,12,7,0,20,9,6,5,0
S01007137,236,80,92,40,24,96,33,41,12,10,140,47,51,28,14,59,20,21,11,7,49,17,17,11,4,32,10,13,6,3
S01007138,182,54,62,45,21,106,33,37,22,14,76,21,25,23,7,32,7,12,8,5,18,8,4,5,1,26,6,9,10,1
S01007139,230,48,73,64,45,128,25,37,37,29,102,23,36,27,16,22,6,7,5,4,47,10,18,15,4,33,7,11,7,8
S01007140,292,72,112,62,46,170,43,62,34,31,122,29,50,28,15,40,7,17,11,5,44,10,15,9,10,38,12,18,8,0
S01007141,185,45,55,58,27,97,20,29,32,16,88,25,26,26,11,31,10,7,11,3,27,5,13,6,3,30,10,6,9,5
S01007142,150,58,59,19,14,29,11,10,3,5,121,47,49,16,9,42,17,13,7,5,47,20,18,7,2,32,10,18,2,2
S01007143,194,49,74,54,17,51,14,19,15,3,143,35,55,39,14,70,17,25,22,6,52,14,22,11,5,21,4,8,6,3
S01007144,180,39,56,50,35,123,30,33,29,31,57,9,23,21,4,14,4,4,6,0,23,3,11,7,2,20,2,8,8,2
S01007145,231,54,85,53,39,152,37,53,39,23,79,17,32,14,16,31,4,13,4,10,28,8,10,6,4,20,5,9,4,2
S01007146,208,44,89,38,37,115,21,38,27,29,93,23,51,11,8,38,8,15,9,6,31,9,20,2,0,24,6,16,0,2
S01007147,192,37,79,43,33,122,26,50,22,24,70,11,29,21,9,22,3,11,4,4,23,1,10,8,4,25,7,8,9,1
S01007148,148,46,47,33,22,82,25,23,20,14,66,21,24,13,8,14,5,5,1,3,26,8,6,8,4,26,8,13,4,1
S01007149,142,30,60,22,30,98,19,42,17,20,44,11,18,5,10,14,3,5,1,5,17,5,5,3,4,13,3,8,1,1
S01007150,151,52,54,23,22,108,39,37,15,17,43,13,17,8,5,11,1,8,2,0,11,3,2,2,4,21,9,7,4,1
S01007151,241,69,90,50,32,129,36,50,29,14,112,33,40,21,18,26,10,8,4,4,43,14,10,11,8,43,9,22,6,6
S01007152,152,38,67,24,23,89,21,38,13,17,63,17,29,11,6,17,4,9,1,3,24,5,12,7,0,22,8,8,3,3
S01007153,181,40,76,35,30,108,25,50,17,16,73,15,26,18,14,23,4,6,7,6,27,6,11,5,5,23,5,9,6,3
S01007154,249,53,101,50,45,193,40,78,40,35,56,13,23,10,10,17,1,7,6,3,21,6,9,2,4,18,6,7,2,3
S01007155,176,44,72,37,23,109,27,42,20,20,67,17,30,17,3,22,9,8,4,1,24,5,13,5,1,21,3,9,8,1
S01007156,233,39,65,68,61,157,28,44,51,34,76,11,21,17,27,23,4,5,5,9,31,4,8,7,12,22,3,8,5,6
S01007157,222,22,70,69,61,126,13,39,42,32,96,9,31,27,29,34,4,7,9,14,38,4,15,10,9,24,1,9,8,6
S01007158,312,51,117,84,60,186,32,63,50,41,126,19,54,34,19,61,9,30,16,6,35,6,10,10,9,30,4,14,8,4
S01007159,293,21,100,81,91,178,19,56,51,52,115,2,44,30,39,34,2,12,14,6,51,0,19,8,24,30,0,13,8,9
S01007160,255,19,85,54,97,146,12,42,36,56,109,7,43,18,41,39,1,13,6,19,33,2,12,7,12,37,4,18,5,10
S01007161,226,40,70,56,60,140,32,39,32,37,86,8,31,24,23,33,2,10,6,15,31,2,14,11,4,22,4,7,7,4
S01007162,187,30,72,44,41,115,22,50,24,19,72,8,22,20,22,36,3,12,7,14,22,4,5,9,4,14,1,5,4,4
S01007163,247,56,88,51,52,161,36,54,40,31,86,20,34,11,21,33,8,11,4,10,37,7,17,5,8,16,5,6,2,3
S01007164,164,40,51,48,25,108,23,35,32,18,56,17,16,16,7,22,9,5,4,4,18,4,6,5,3,16,4,5,7,0
S01007165,232,70,80,53,29,138,39,44,36,19,94,31,36,17,10,24,7,9,5,3,36,14,14,6,2,34,10,13,6,5
S01007166,204,53,71,36,44,121,34,40,20,27,83,19,31,16,17,30,7,12,4,7,30,8,12,4,6,23,4,7,8,4
S01007167,226,63,81,45,37,148,40,51,28,29,78,23,30,17,8,18,4,6,7,1,31,11,13,3,4,29,8,11,7,3
S01007168,269,92,94,60,23,178,58,65,40,15,91,34,29,20,8,27,9,8,7,3,26,12,8,4,2,38,13,13,9,3
S01007169,210,58,72,44,36,124,38,47,19,20,86,20,25,25,16,27,7,4,10,6,28,8,7,5,8,31,5,14,10,2
S01007170,204,33,53,82,36,138,23,41,50,24,66,10,12,32,12,26,2,8,14,2,22,3,3,8,8,18,5,1,10,2
S01007171,273,40,65,84,84,202,27,46,62,67,71,13,19,22,17,24,4,6,6,8,25,4,8,9,4,22,5,5,7,5
S01007172,226,63,62,56,45,150,38,40,33,39,76,25,22,23,6,22,10,4,6,2,28,9,12,5,2,26,6,6,12,2
S01007173,281,35,117,85,44,144,15,62,42,25,137,20,55,43,19,47,10,18,13,6,46,5,19,17,5,44,5,18,13,8
S01007174,246,39,77,67,63,102,16,37,27,22,144,23,40,40,41,38,3,10,9,16,60,14,12,18,16,46,6,18,13,9
S01007175,161,17,57,47,40,88,10,28,25,25,73,7,29,22,15,23,1,9,8,5,33,4,14,7,8,17,2,6,7,2
S01007176,195,19,83,50,43,94,13,37,18,26,101,6,46,32,17,51,3,23,14,11,25,1,9,11,4,25,2,14,7,2
S01007177,218,12,66,52,88,129,8,32,32,57,89,4,34,20,31,36,1,15,10,10,30,2,11,6,11,23,1,8,4,10
S01007178,393,27,103,99,164,251,16,66,67,102,142,11,37,32,62,52,5,9,10,28,50,2,16,10,22,40,4,12,12,12
S01007179,256,69,88,66,33,170,43,62,39,26,86,26,26,27,7,25,6,7,9,3,24,9,8,7,0,37,11,11,11,4
S01007180,190,42,66,36,46,116,23,37,27,29,74,19,29,9,17,20,7,6,1,6,32,6,15,5,6,22,6,8,3,5
S01007181,207,44,93,36,34,126,22,59,20,25,81,22,34,16,9,18,4,7,4,3,29,10,10,6,3,34,8,17,6,3
S01007182,357,62,121,90,84,252,41,86,66,59,105,21,35,24,25,37,2,16,9,10,34,8,9,9,8,34,11,10,6,7
S01007183,351,46,97,100,108,246,35,67,66,78,105,11,30,34,30,42,5,12,10,15,31,1,12,10,8,32,5,6,14,7
S01007184,423,38,144,93,148,329,31,108,67,123,94,7,36,26,25,33,2,13,9,9,28,2,13,5,8,33,3,10,12,8
S01007185,313,23,82,77,131,198,12,53,54,79,115,11,29,23,52,56,9,11,10,26,33,1,11,8,13,26,1,7,5,13
S01007186,270,7,67,72,124,197,3,49,58,87,73,4,18,14,37,31,2,6,6,17,19,0,4,3,12,23,2,8,5,8
S01007187,345,37,108,89,111,274,31,88,75,80,71,6,20,14,31,30,1,12,3,14,21,1,4,7,9,20,4,4,4,8
S01007188,267,28,66,78,95,208,21,52,67,68,59,7,14,11,27,22,2,5,5,10,20,3,5,3,9,17,2,4,3,8
S01007189,282,16,81,85,100,217,12,62,62,81,65,4,19,23,19,33,0,11,10,12,20,2,5,8,5,12,2,3,5,2
S01007190,198,17,60,69,52,126,11,32,46,37,72,6,28,23,15,25,3,9,9,4,21,2,8,8,3,26,1,11,6,8
S01007191,200,13,55,58,74,132,10,35,38,49,68,3,20,20,25,30,2,7,12,9,25,1,11,5,8,13,0,2,3,8
S01007192,215,10,44,57,104,139,7,29,37,66,76,3,15,20,38,36,0,7,10,19,19,2,1,4,12,21,1,7,6,7
S01007193,213,12,39,88,74,111,6,19,46,40,102,6,20,42,34,32,2,6,9,15,35,3,8,14,10,35,1,6,19,9
S01007194,212,6,37,59,110,112,3,22,31,56,100,3,15,28,54,42,2,7,7,26,38,1,3,15,19,20,0,5,6,9
S01007195,172,13,43,42,74,82,6,22,23,31,90,7,21,19,43,36,4,9,4,19,32,1,6,11,14,22,2,6,4,10
S01007196,245,13,66,74,92,112,7,30,31,44,133,6,36,43,48,60,5,12,16,27,44,0,16,15,13,29,1,8,12,8
S01007197,249,12,51,66,120,136,4,26,40,66,113,8,25,26,54,46,2,9,13,22,36,4,5,10,17,31,2,11,3,15
S01007198,182,12,47,52,71,102,12,36,24,30,80,0,11,28,41,37,0,5,11,21,28,0,6,9,13,15,0,0,8,7
S01007199,248,16,49,63,120,137,8,26,40,63,111,8,23,23,57,45,3,10,8,24,31,2,5,6,18,35,3,8,9,15
S01007200,313,23,66,111,113,212,17,42,65,88,101,6,24,46,25,38,3,7,19,9,34,1,11,14,8,29,2,6,13,8
S01007201,238,19,63,82,74,152,9,41,54,48,86,10,22,28,26,25,2,7,11,5,38,2,7,14,15,23,6,8,3,6
S01007202,270,16,65,76,113,187,11,43,54,79,83,5,22,22,34,40,1,11,12,16,24,4,4,3,13,19,0,7,7,5
S01007203,190,14,63,59,54,110,5,37,31,37,80,9,26,28,17,26,5,6,9,6,29,2,8,11,8,25,2,12,8,3
S01007204,337,54,106,106,71,235,34,76,82,43,102,20,30,24,28,41,5,12,12,12,32,9,10,6,7,29,6,8,6,9
S01007205,195,41,51,50,53,129,27,34,32,36,66,14,17,18,17,21,5,3,7,6,13,4,3,1,5,32,5,11,10,6
S01007206,138,17,32,44,45,96,12,24,25,35,42,5,8,19,10,17,0,1,13,3,13,4,4,3,2,12,1,3,3,5
S01007207,303,40,100,88,75,206,27,72,56,51,97,13,28,32,24,32,8,7,9,8,40,5,13,13,9,25,0,8,10,7
S01007208,436,46,123,114,153,318,31,83,91,113,118,15,40,23,40,46,6,11,12,17,46,4,17,9,16,26,5,12,2,7
S01007209,293,48,95,64,86,222,39,68,47,68,71,9,27,17,18,22,4,6,8,4,25,2,11,4,8,24,3,10,5,6
S01007210,288,21,65,94,108,199,17,47,64,71,89,4,18,30,37,45,1,9,14,21,27,2,3,13,9,17,1,6,3,7
S01007211,361,31,96,89,145,256,22,68,63,103,105,9,28,26,42,37,7,7,11,12,30,1,8,6,15,38,1,13,9,15
S01007212,199,17,71,62,49,143,11,50,44,38,56,6,21,18,11,29,3,10,8,8,15,3,5,5,2,12,0,6,5,1
S01007213,270,53,85,68,64,186,38,56,47,45,84,15,29,21,19,34,6,14,7,7,23,6,4,6,7,27,3,11,8,5
S01007214,282,31,79,64,108,222,23,58,51,90,60,8,21,13,18,30,5,12,7,6,17,3,4,4,6,13,0,5,2,6
S01007215,281,28,83,81,89,196,17,59,55,65,85,11,24,26,24,38,5,9,11,13,22,3,4,7,8,25,3,11,8,3
S01007216,206,32,77,62,35,134,25,49,38,22,72,7,28,24,13,21,3,10,7,1,26,1,7,12,6,25,3,11,5,6
S01007217,339,34,84,89,132,222,23,52,60,87,117,11,32,29,45,39,5,12,10,12,31,3,5,10,13,47,3,15,9,20
S01007218,236,40,95,61,40,135,18,59,33,25,101,22,36,28,15,30,4,7,14,5,33,11,13,3,6,38,7,16,11,4
S01007219,276,23,76,79,98,179,14,47,50,68,97,9,29,29,30,32,2,11,10,9,28,2,7,8,11,37,5,11,11,10
S01007220,251,12,55,85,99,165,9,30,53,73,86,3,25,32,26,33,1,8,16,8,30,2,10,9,9,23,0,7,7,9
S01007221,185,50,60,48,27,86,19,34,19,14,99,31,26,29,13,46,17,15,11,3,34,8,6,13,7,19,6,5,5,3
S01007222,251,28,71,76,76,139,21,39,40,39,112,7,32,36,37,38,4,5,17,12,43,3,17,8,15,31,0,10,11,10
S01007223,149,33,49,44,23,74,11,21,25,17,75,22,28,19,6,22,5,8,8,1,35,14,14,6,1,18,3,6,5,4
S01007224,174,37,53,41,43,94,23,29,20,22,80,14,24,21,21,28,2,7,8,11,40,10,13,11,6,12,2,4,2,4
S01007225,278,66,74,84,54,177,40,46,52,39,101,26,28,32,15,39,14,5,14,6,31,9,11,7,4,31,3,12,11,5
S01007226,234,50,65,73,46,147,29,48,42,28,87,21,17,31,18,29,4,5,10,10,24,10,2,9,3,34,7,10,12,5
S01007227,281,52,84,83,62,169,28,53,50,38,112,24,31,33,24,35,8,5,10,12,40,8,13,12,7,37,8,13,11,5
S01007228,199,37,49,72,41,114,19,31,36,28,85,18,18,36,13,13,1,2,7,3,40,13,10,12,5,32,4,6,17,5
S01007229,341,64,94,123,60,221,46,63,70,42,120,18,31,53,18,40,5,10,20,5,34,7,6,15,6,46,6,15,18,7
S01007230,277,15,50,79,133,166,10,39,40,77,111,5,11,39,56,53,2,5,20,26,32,2,4,12,14,26,1,2,7,16
S01007231,253,17,41,75,120,166,9,28,51,78,87,8,13,24,42,37,2,4,12,19,29,5,5,4,15,21,1,4,8,8
S01007232,278,13,52,70,143,193,5,37,49,102,85,8,15,21,41,36,2,5,7,22,21,1,3,7,10,28,5,7,7,9
S01007233,263,34,68,84,77,176,18,52,52,54,87,16,16,32,23,37,4,4,18,11,30,9,3,12,6,20,3,9,2,6
S01007234,170,18,48,48,56,97,11,26,31,29,73,7,22,17,27,21,1,6,4,10,24,3,7,5,9,28,3,9,8,8
S01007235,267,25,87,74,81,188,14,68,56,50,79,11,19,18,31,42,5,6,11,20,15,3,4,2,6,22,3,9,5,5
S01007236,215,25,71,68,51,146,17,55,42,32,69,8,16,26,19,28,2,6,12,8,15,3,2,6,4,26,3,8,8,7
S01007237,212,25,76,62,49,134,17,49,38,30,78,8,27,24,19,16,1,2,8,5,33,4,13,7,9,29,3,12,9,5
S01007238,275,28,81,89,77,179,18,50,57,54,96,10,31,32,23,34,2,15,12,5,25,3,5,8,9,37,5,11,12,9
S01007239,220,53,83,56,28,151,38,59,34,20,69,15,24,22,8,23,5,3,11,4,22,7,9,5,1,24,3,12,6,3
S01007240,170,27,52,49,42,122,18,39,35,30,48,9,13,14,12,15,4,2,3,6,19,2,6,7,4,14,3,5,4,2
S01007241,176,41,43,62,30,108,21,28,40,19,68,20,15,22,11,18,4,5,8,1,19,7,1,9,2,31,9,9,5,8
S01007242,291,47,94,68,82,184,29,60,38,57,107,18,34,30,25,38,4,14,11,9,40,7,8,12,13,29,7,12,7,3
S01007243,171,41,61,38,31,106,21,36,24,25,65,20,25,14,6,21,6,6,5,4,20,5,8,5,2,24,9,11,4,0
S01007244,208,48,69,56,35,143,33,47,34,29,65,15,22,22,6,21,3,8,7,3,20,7,6,5,2,24,5,8,10,1
S01007245,202,31,66,62,43,140,24,41,43,32,62,7,25,19,11,24,0,9,9,6,18,5,8,4,1,20,2,8,6,4
S01007246,190,26,50,71,43,133,15,34,52,32,57,11,16,19,11,23,5,6,8,4,17,5,5,5,2,17,1,5,6,5
S01007247,210,52,53,60,45,140,35,34,41,30,70,17,19,19,15,24,6,5,8,5,30,9,8,7,6,16,2,6,4,4
S01007248,192,37,84,49,22,110,25,43,27,15,82,12,41,22,7,27,4,15,7,1,20,2,8,6,4,35,6,18,9,2
S01007249,117,23,44,22,28,76,17,25,16,18,41,6,19,6,10,15,1,7,1,6,16,3,7,2,4,10,2,5,3,0
S01007250,318,40,107,95,76,241,29,84,64,64,77,11,23,31,12,31,6,7,13,5,20,4,4,9,3,26,1,12,9,4
S01007251,157,18,46,44,49,98,9,27,25,37,59,9,19,19,12,18,2,3,6,7,22,3,9,7,3,19,4,7,6,2
S01007252,237,24,72,88,53,127,15,42,45,25,110,9,30,43,28,42,1,10,18,13,36,6,9,13,8,32,2,11,12,7
S01007253,220,33,85,67,35,139,18,55,41,25,81,15,30,26,10,25,3,14,7,1,23,3,5,10,5,33,9,11,9,4
S01007254,264,24,73,61,106,170,15,50,34,71,94,9,23,27,35,47,3,11,14,19,27,4,7,6,10,20,2,5,7,6
S01007255,298,20,64,85,129,181,11,42,53,75,117,9,22,32,54,48,1,8,11,28,46,3,9,16,18,23,5,5,5,8
S01007256,301,25,76,99,101,206,21,54,63,68,95,4,22,36,33,44,4,5,20,15,32,0,14,8,10,19,0,3,8,8
S01007257,228,19,48,61,100,146,13,31,39,63,82,6,17,22,37,35,2,6,11,16,23,3,6,5,9,24,1,5,6,12
S01007258,278,42,62,72,102,180,26,43,45,66,98,16,19,27,36,44,5,6,13,20,27,2,6,7,12,27,9,7,7,4
S01007259,277,23,74,78,102,177,15,51,52,59,100,8,23,26,43,34,3,9,6,16,26,2,8,8,8,40,3,6,12,19
S01007260,340,19,92,91,138,212,12,51,60,89,128,7,41,31,49,52,2,15,12,23,42,3,14,8,17,34,2,12,11,9
S01007261,224,40,81,54,49,148,26,55,36,31,76,14,26,18,18,18,3,6,4,5,26,5,9,6,6,32,6,11,8,7
S01007262,212,17,46,74,75,128,9,24,36,59,84,8,22,38,16,31,4,9,14,4,27,1,10,10,6,26,3,3,14,6
S01007263,242,12,79,54,97,160,10,46,37,67,82,2,33,17,30,32,1,13,4,14,30,0,13,7,10,20,1,7,6,6
S01007264,202,28,69,56,49,131,17,43,41,30,71,11,26,15,19,24,4,6,6,8,19,4,10,1,4,28,3,10,8,7
S01007265,339,28,98,86,127,210,13,58,53,86,129,15,40,33,41,51,8,15,12,16,39,4,12,13,10,39,3,13,8,15
S01007266,211,29,64,61,57,144,17,38,49,40,67,12,26,12,17,25,7,5,5,8,22,2,10,4,6,20,3,11,3,3
S01007267,162,40,35,63,24,109,30,17,45,17,53,10,18,18,7,21,5,5,8,3,18,4,6,6,2,14,1,7,4,2
S01007268,185,49,41,64,31,116,34,21,40,21,69,15,20,24,10,15,5,5,5,0,22,5,3,7,7,32,5,12,12,3
S01007269,143,32,49,41,21,82,16,27,23,16,61,16,22,18,5,18,3,5,8,2,15,4,5,5,1,28,9,12,5,2
S01007270,146,29,41,57,19,101,18,32,36,15,45,11,9,21,4,11,3,2,6,0,24,6,5,11,2,10,2,2,4,2
S01007271,309,50,87,105,67,206,32,52,75,47,103,18,35,30,20,39,6,9,14,10,34,3,19,7,5,30,9,7,9,5
S01007272,294,22,73,82,117,164,11,42,46,65,130,11,31,36,52,59,3,11,10,35,39,1,10,15,13,32,7,10,11,4
S01007273,210,27,73,56,54,120,10,39,37,34,90,17,34,19,20,33,3,11,8,11,34,6,14,8,6,23,8,9,3,3
S01007274,290,58,84,74,74,209,40,55,63,51,81,18,29,11,23,27,5,8,5,9,22,4,7,4,7,32,9,14,2,7
S01007275,156,34,55,35,32,102,21,39,21,21,54,13,16,14,11,13,2,4,4,3,24,4,8,7,5,17,7,4,3,3
S01007276,258,45,75,68,70,149,27,45,36,41,109,18,30,32,29,45,10,12,12,11,33,2,8,11,12,31,6,10,9,6
S01007277,197,51,71,44,31,119,31,47,24,17,78,20,24,20,14,19,6,4,4,5,25,6,9,9,1,34,8,11,7,8
S01007278,153,47,50,43,13,84,27,22,24,11,69,20,28,19,2,19,5,7,6,1,25,10,6,8,1,25,5,15,5,0
S01007279,168,58,26,55,29,111,36,19,33,23,57,22,7,22,6,15,5,1,8,1,21,11,5,3,2,21,6,1,11,3
S01007280,182,36,50,59,37,119,25,32,38,24,63,11,18,21,13,27,2,6,13,6,22,5,6,7,4,14,4,6,1,3
S01007281,290,52,83,97,58,186,30,61,60,35,104,22,22,37,23,32,4,9,13,6,40,11,9,14,6,32,7,4,10,11
S01007282,180,22,30,85,43,116,16,18,57,25,64,6,12,28,18,15,0,1,9,5,27,3,9,8,7,22,3,2,11,6
S01007283,266,72,67,68,59,170,44,36,52,38,96,28,31,16,21,29,10,7,6,6,36,9,12,5,10,31,9,12,5,5
S01007284,272,53,71,91,57,185,44,46,56,39,87,9,25,35,18,37,5,12,9,11,26,1,8,12,5,24,3,5,14,2
S01007285,226,37,66,77,46,137,24,42,47,24,89,13,24,30,22,27,2,9,10,6,33,10,5,12,6,29,1,10,8,10
S01007286,330,66,96,87,81,218,51,57,56,54,112,15,39,31,27,42,5,12,14,11,40,7,12,8,13,30,3,15,9,3
S01007287,191,39,48,68,36,139,30,39,43,27,52,9,9,25,9,32,5,5,19,3,12,2,4,4,2,8,2,0,2,4
S01007288,164,26,47,55,36,122,20,38,39,25,42,6,9,16,11,11,1,2,7,1,21,3,4,5,9,10,2,3,4,1
S01007289,237,70,78,54,35,151,48,51,29,23,86,22,27,25,12,22,4,4,9,5,33,10,8,10,5,31,8,15,6,2
S01007290,262,33,59,79,91,93,10,30,31,22,169,23,29,48,69,76,8,12,25,31,57,6,9,15,27,36,9,8,8,11
S01007291,217,29,61,46,81,150,23,37,31,59,67,6,24,15,22,26,3,9,7,7,20,1,9,4,6,21,2,6,4,9
S01007292,240,31,74,82,53,147,24,48,49,26,93,7,26,33,27,26,2,9,11,4,30,2,8,10,10,37,3,9,12,13
S01007293,262,17,44,88,113,134,9,29,46,50,128,8,15,42,63,45,2,6,15,22,47,2,8,13,24,36,4,1,14,17
S01007294,275,29,75,86,85,182,18,55,51,58,93,11,20,35,27,36,5,4,17,10,34,3,9,11,11,23,3,7,7,6
S01007295,217,17,41,54,105,157,13,32,39,73,60,4,9,15,32,25,1,3,8,13,20,1,2,5,12,15,2,4,2,7
S01007296,254,39,68,70,77,220,35,63,60,62,34,4,5,10,15,11,0,1,2,8,9,1,1,2,5,14,3,3,6,2
S01007297,338,88,112,69,69,253,68,82,53,50,85,20,30,16,19,40,11,14,7,8,19,3,7,5,4,26,6,9,4,7
S01007298,155,26,40,48,41,91,13,23,27,28,64,13,17,21,13,24,6,4,10,4,18,4,5,5,4,22,3,8,6,5
S01007299,298,42,68,100,88,204,29,45,67,63,94,13,23,33,25,41,3,11,13,14,18,2,4,8,4,35,8,8,12,7
S01007300,177,9,35,65,68,122,5,20,41,56,55,4,15,24,12,23,0,6,11,6,19,2,5,9,3,13,2,4,4,3
S01007301,194,60,54,51,29,118,34,34,30,20,76,26,20,21,9,26,10,9,5,2,24,11,4,7,2,26,5,7,9,5
S01007302,194,22,51,59,62,130,18,36,32,44,64,4,15,27,18,21,1,6,7,7,21,1,2,11,7,22,2,7,9,4
S01007303,251,59,73,73,46,160,35,47,47,31,91,24,26,26,15,28,7,8,7,6,34,10,6,12,6,29,7,12,7,3
S01007304,162,44,38,46,34,99,32,19,29,19,63,12,19,17,15,23,5,7,6,5,19,2,6,6,5,21,5,6,5,5
S01007305,210,63,42,59,46,126,39,23,31,33,84,24,19,28,13,33,10,9,11,3,24,9,5,3,7,27,5,5,14,3
S01007306,233,50,69,61,53,139,31,43,31,34,94,19,26,30,19,32,5,11,10,6,39,7,9,14,9,23,7,6,6,4
S01007307,238,57,82,63,36,163,35,54,46,28,75,22,28,17,8,22,5,11,3,3,27,8,10,6,3,26,9,7,8,2
S01007308,223,52,68,54,49,150,44,44,28,34,73,8,24,26,15,22,3,2,11,6,26,3,13,7,3,25,2,9,8,6
S01007309,208,47,75,47,39,151,39,53,33,26,57,8,22,14,13,20,3,5,4,8,18,3,9,5,1,19,2,8,5,4
S01007310,234,49,65,71,49,160,36,54,44,26,74,13,11,27,23,20,3,1,8,8,30,6,5,9,10,24,4,5,10,5
S01007311,240,24,61,83,72,166,17,42,57,50,74,7,19,26,22,26,1,7,9,9,30,1,8,9,12,18,5,4,8,1
S01007312,226,49,67,62,48,152,35,50,36,31,74,14,17,26,17,25,4,8,8,5,33,7,4,12,10,16,3,5,6,2
S01007313,277,72,94,76,35,190,51,66,46,27,87,21,28,30,8,22,4,11,7,0,32,12,5,10,5,33,5,12,13,3
S01007314,225,46,76,65,38,153,36,48,43,26,72,10,28,22,12,25,4,6,9,6,25,3,12,5,5,22,3,10,8,1
S01007315,307,66,99,92,50,197,48,61,56,32,110,18,38,36,18,40,4,10,14,12,30,8,10,9,3,40,6,18,13,3
S01007316,303,44,85,78,96,216,28,59,53,76,87,16,26,25,20,27,4,9,9,5,25,3,8,7,7,35,9,9,9,8
S01007317,221,41,72,61,47,128,26,44,33,25,93,15,28,28,22,31,5,5,11,10,26,4,8,8,6,36,6,15,9,6
S01007318,196,25,51,60,60,115,11,28,36,40,81,14,23,24,20,24,2,4,8,10,32,6,13,7,6,25,6,6,9,4
S01007319,244,51,75,65,53,168,35,47,44,42,76,16,28,21,11,26,6,6,9,5,21,3,11,2,5,29,7,11,10,1
S01007320,220,65,75,47,33,143,42,50,32,19,77,23,25,15,14,18,8,3,6,1,21,7,6,2,6,38,8,16,7,7
S01007321,173,44,40,52,37,129,30,30,38,31,44,14,10,14,6,14,5,4,4,1,13,2,2,5,4,17,7,4,5,1
S01007322,258,27,81,86,64,187,20,61,58,48,71,7,20,28,16,23,1,5,11,6,26,4,9,8,5,22,2,6,9,5
S01007323,154,17,44,55,38,111,13,29,42,27,43,4,15,13,11,11,1,2,5,3,14,1,7,3,3,18,2,6,5,5
S01007324,114,18,35,31,30,90,13,25,28,24,24,5,10,3,6,8,1,4,1,2,7,3,2,1,1,9,1,4,1,3
S01007325,249,48,58,79,64,163,38,39,44,42,86,10,19,35,22,33,2,4,15,12,38,7,9,16,6,15,1,6,4,4
S01007326,211,23,43,70,75,141,16,25,46,54,70,7,18,24,21,13,0,2,7,4,29,5,7,9,8,28,2,9,8,9
S01007327,230,34,49,67,80,146,24,31,40,51,84,10,18,27,29,27,4,3,12,8,31,1,7,14,9,26,5,8,1,12
S01007328,259,25,56,86,92,172,19,38,55,60,87,6,18,31,32,27,3,3,8,13,23,1,8,7,7,37,2,7,16,12
S01007329,203,36,45,75,47,124,22,29,41,32,79,14,16,34,15,22,6,3,9,4,33,5,5,15,8,24,3,8,10,3
S01007330,203,32,51,68,52,149,29,37,43,40,54,3,14,25,12,14,1,3,6,4,23,1,6,11,5,17,1,5,8,3
S01007331,297,36,79,106,76,191,27,45,65,54,106,9,34,41,22,31,3,9,10,9,39,2,12,19,6,36,4,13,12,7
S01007332,130,18,33,57,22,76,8,21,32,15,54,10,12,25,7,6,0,2,4,0,22,7,4,10,1,26,3,6,11,6
S01007333,239,46,76,64,53,153,31,54,35,33,86,15,22,29,20,28,6,4,13,5,27,5,9,8,5,31,4,9,8,10
S01007334,255,13,49,70,123,164,6,33,44,81,91,7,16,26,42,44,5,9,9,21,24,1,5,10,8,23,1,2,7,13
S01007335,281,16,64,89,112,184,15,42,55,72,97,1,22,34,40,47,1,7,21,18,26,0,6,6,14,24,0,9,7,8
S01007336,240,24,60,55,101,191,19,46,39,87,49,5,14,16,14,21,0,10,3,8,14,3,1,6,4,14,2,3,7,2
S01007337,215,19,69,58,69,159,13,49,41,56,56,6,20,17,13,25,3,4,9,9,16,1,6,5,4,15,2,10,3,0
S01007338,205,21,53,70,61,108,12,30,32,34,97,9,23,38,27,32,3,6,14,9,35,3,10,13,9,30,3,7,11,9
S01007339,169,33,54,49,33,108,20,38,30,20,61,13,16,19,13,22,3,7,8,4,16,4,3,5,4,23,6,6,6,5
S01007340,163,18,52,41,52,123,14,44,27,38,40,4,8,14,14,17,2,1,8,6,13,2,5,2,4,10,0,2,4,4
S01007341,221,32,63,68,58,153,22,44,47,40,68,10,19,21,18,18,4,6,3,5,27,5,5,10,7,23,1,8,8,6
S01007342,215,68,73,43,31,141,40,59,25,17,74,28,14,18,14,18,7,4,5,2,18,10,1,3,4,38,11,9,10,8
S01007343,175,35,47,56,37,124,29,33,36,26,51,6,14,20,11,17,2,3,7,5,19,2,4,8,5,15,2,7,5,1
S01007344,135,22,48,35,30,99,15,35,25,24,36,7,13,10,6,8,1,1,4,2,11,1,6,3,1,17,5,6,3,3
S01007345,221,12,50,62,97,133,4,33,38,58,88,8,17,24,39,45,5,8,13,19,23,3,1,7,12,20,0,8,4,8
S01007346,236,22,69,56,89,196,19,58,44,75,40,3,11,12,14,16,0,4,7,5,10,0,3,2,5,14,3,4,3,4
S01007347,226,17,59,62,88,175,14,44,45,72,51,3,15,17,16,13,0,4,5,4,14,1,4,2,7,24,2,7,10,5
S01007348,185,9,44,62,70,104,6,20,35,43,81,3,24,27,27,26,0,7,14,5,30,2,11,6,11,25,1,6,7,11
S01007349,147,14,39,35,59,82,8,18,25,31,65,6,21,10,28,27,2,6,2,17,29,4,13,7,5,9,0,2,1,6
S01007350,193,14,60,48,71,154,11,53,37,53,39,3,7,11,18,11,2,2,3,4,16,0,5,3,8,12,1,0,5,6
S01007351,195,28,55,64,48,154,24,45,48,37,41,4,10,16,11,12,3,2,5,2,17,0,3,6,8,12,1,5,5,1
S01007352,151,30,49,43,29,115,25,39,30,21,36,5,10,13,8,12,0,4,5,3,16,4,3,7,2,8,1,3,1,3
S01007353,167,45,46,46,30,111,32,35,30,14,56,13,11,16,16,18,4,3,4,7,20,5,7,5,3,18,4,1,7,6
S01007354,214,50,79,57,28,157,39,53,40,25,57,11,26,17,3,19,6,8,5,0,14,3,7,4,0,24,2,11,8,3
S01007355,285,66,91,73,55,228,56,75,52,45,57,10,16,21,10,18,2,5,5,6,15,6,2,7,0,24,2,9,9,4
S01007356,205,49,58,42,56,142,35,39,27,41,63,14,19,15,15,24,6,8,5,5,14,6,3,2,3,25,2,8,8,7
S01007357,226,52,54,66,54,150,36,36,36,42,76,16,18,30,12,21,3,7,7,4,30,6,8,11,5,25,7,3,12,3
S01007358,284,51,101,81,51,194,39,75,51,29,90,12,26,30,22,34,6,10,15,3,41,4,7,12,18,15,2,9,3,1
S01007359,236,27,56,67,86,139,21,33,39,46,97,6,23,28,40,31,1,10,5,15,36,3,6,13,14,30,2,7,10,11
S01007360,131,29,51,27,24,96,20,41,19,16,35,9,10,8,8,8,1,2,0,5,10,4,1,4,1,17,4,7,4,2
S01007361,285,54,105,66,60,209,40,72,46,51,76,14,33,20,9,22,3,9,3,7,26,6,8,11,1,28,5,16,6,1
S01007362,185,32,64,47,42,109,21,43,25,20,76,11,21,22,22,27,1,6,10,10,22,4,5,7,6,27,6,10,5,6
S01007363,179,28,56,42,53,127,15,43,29,40,52,13,13,13,13,13,0,5,6,2,17,6,4,4,3,22,7,4,3,8
S01007364,315,22,80,65,148,175,11,40,38,86,140,11,40,27,62,55,5,17,10,23,36,4,13,10,9,49,2,10,7,30
S01007365,147,16,33,47,51,90,13,19,27,31,57,3,14,20,20,22,1,9,5,7,22,2,3,8,9,13,0,2,7,4
S01007366,164,14,34,42,74,112,8,20,32,52,52,6,14,10,22,22,1,7,3,11,18,3,4,4,7,12,2,3,3,4
S01007367,191,21,43,59,68,137,15,34,38,50,54,6,9,21,18,27,0,6,12,9,14,4,0,6,4,13,2,3,3,5
S01007368,184,11,56,40,77,105,7,29,25,44,79,4,27,15,33,34,2,9,4,19,26,1,10,7,8,19,1,8,4,6
S01007369,289,21,91,81,96,194,12,55,58,69,95,9,36,23,27,53,4,24,14,11,28,3,9,7,9,14,2,3,2,7
S01007370,305,41,93,71,100,230,32,72,50,76,75,9,21,21,24,32,2,6,9,15,20,4,8,5,3,23,3,7,7,6
S01007371,242,27,79,59,77,144,15,47,35,47,98,12,32,24,30,25,0,8,5,12,38,4,15,11,8,35,8,9,8,10
S01007372,225,48,79,57,41,136,33,42,31,30,89,15,37,26,11,25,1,10,9,5,39,8,17,8,6,25,6,10,9,0
S01007373,175,51,49,44,31,127,33,38,37,19,48,18,11,7,12,8,1,5,2,0,23,10,4,4,5,17,7,2,1,7
S01007374,161,30,61,39,31,102,14,44,23,21,59,16,17,16,10,27,9,7,5,6,19,4,6,7,2,13,3,4,4,2
S01007375,137,37,55,23,22,100,27,42,21,10,37,10,13,2,12,12,6,2,1,3,10,2,4,1,3,15,2,7,0,6
S01007376,279,18,87,86,88,161,9,52,45,55,118,9,35,41,33,43,3,9,17,14,39,4,11,15,9,36,2,15,9,10
S01007377,207,59,88,45,15,130,35,55,28,12,77,24,33,17,3,21,7,9,4,1,29,10,11,7,1,27,7,13,6,1
S01007378,163,48,58,34,23,105,31,36,21,17,58,17,22,13,6,20,7,11,2,0,25,9,8,6,2,13,1,3,5,4
S01007379,147,7,41,49,50,89,4,22,32,31,58,3,19,17,19,30,0,9,8,13,15,1,4,6,4,13,2,6,3,2
S01007380,182,28,56,47,51,100,15,33,25,27,82,13,23,22,24,34,3,12,9,10,24,4,9,5,6,24,6,2,8,8
S01007381,121,64,36,10,11,72,35,24,5,8,49,29,12,5,3,13,10,0,2,1,20,9,9,2,0,16,10,3,1,2
S01007382,203,74,82,31,16,122,40,53,17,12,81,34,29,14,4,14,8,5,1,0,39,14,15,8,2,28,12,9,5,2
S01007383,224,63,86,33,42,153,35,64,23,31,71,28,22,10,11,23,9,4,4,6,25,6,13,3,3,23,13,5,3,2
S01007384,254,75,94,37,48,136,32,52,22,30,118,43,42,15,18,46,21,15,6,4,39,13,15,4,7,33,9,12,5,7
S01007385,235,52,85,66,32,157,36,58,41,22,78,16,27,25,10,20,3,5,8,4,26,6,11,7,2,32,7,11,10,4
S01007386,209,107,66,21,15,121,59,37,12,13,88,48,29,9,2,18,6,8,3,1,38,25,9,4,0,32,17,12,2,1
S01007387,206,104,61,26,15,121,57,40,14,10,85,47,21,12,5,15,6,2,6,1,41,23,13,2,3,29,18,6,4,1
S01007388,176,56,78,27,15,102,31,46,14,11,74,25,32,13,4,19,11,6,1,1,25,6,12,6,1,30,8,14,6,2
S01007389,194,13,108,31,42,79,6,46,11,16,115,7,62,20,26,59,3,37,8,11,28,0,15,4,9,28,4,10,8,6
S01007390,189,12,107,33,37,62,4,26,11,21,127,8,81,22,16,58,4,39,12,3,42,3,24,8,7,27,1,18,2,6
S01007391,150,41,73,27,9,92,26,43,17,6,58,15,30,10,3,15,4,11,0,0,21,5,9,5,2,22,6,10,5,1
S01007392,122,40,53,19,10,86,29,42,11,4,36,11,11,8,6,5,2,2,1,0,14,5,5,2,2,17,4,4,5,4
S01007393,163,73,50,19,21,96,41,33,9,13,67,32,17,10,8,24,12,5,4,3,23,13,5,3,2,20,7,7,3,3
S01007394,153,57,56,23,17,96,30,36,16,14,57,27,20,7,3,13,6,5,2,0,21,9,10,1,1,23,12,5,4,2
S01007395,365,44,141,80,100,308,35,123,61,89,57,9,18,19,11,29,8,6,9,6,14,1,7,6,0,14,0,5,4,5
S01007396,332,37,139,69,87,255,34,110,51,60,77,3,29,18,27,29,0,11,8,10,30,2,12,6,10,18,1,6,4,7
S01007397,284,77,99,60,48,186,41,67,41,37,98,36,32,19,11,28,12,8,4,4,31,11,6,10,4,39,13,18,5,3
S01007398,232,14,32,63,123,132,9,14,34,75,100,5,18,29,48,44,1,6,16,21,31,0,9,9,13,25,4,3,4,14
S01007399,277,23,74,61,119,188,19,49,40,80,89,4,25,21,39,38,4,8,12,14,28,0,10,4,14,23,0,7,5,11
S01007400,212,51,74,42,45,149,35,47,29,38,63,16,27,13,7,15,3,8,4,0,25,8,8,5,4,23,5,11,4,3
S01007401,202,32,84,55,31,127,17,58,35,17,75,15,26,20,14,24,6,8,4,6,24,3,12,7,2,27,6,6,9,6
S01007402,164,38,65,41,20,94,19,42,22,11,70,19,23,19,9,22,5,4,9,4,21,6,9,5,1,27,8,10,5,4
S01007403,239,32,151,30,26,75,10,43,12,10,164,22,108,18,16,85,10,63,4,8,44,4,29,7,4,35,8,16,7,4
S01007404,127,28,37,40,22,90,19,30,22,19,37,9,7,18,3,16,4,2,9,1,12,3,5,4,0,9,2,0,5,2
S01007405,210,83,79,28,20,138,53,56,15,14,72,30,23,13,6,25,10,11,3,1,23,13,4,5,1,24,7,8,5,4
S01007406,170,71,67,24,8,106,40,43,17,6,64,31,24,7,2,23,10,8,5,0,26,14,11,1,0,15,7,5,1,2
S01007407,201,70,57,49,25,116,42,31,27,16,85,28,26,22,9,22,10,4,5,3,30,5,11,11,3,33,13,11,6,3
S01007408,189,26,58,59,46,108,12,33,30,33,81,14,25,29,13,27,7,9,8,3,30,5,11,11,3,24,2,5,10,7
S01007409,234,31,72,63,68,163,18,51,44,50,71,13,21,19,18,31,6,8,9,8,18,1,7,5,5,22,6,6,5,5
S01007410,219,8,34,52,125,124,4,19,27,74,95,4,15,25,51,39,2,7,9,21,32,1,5,12,14,24,1,3,4,16
S01007411,322,26,73,77,146,191,17,40,47,87,131,9,33,30,59,70,4,19,15,32,36,4,8,9,15,25,1,6,6,12
S01007412,141,15,31,40,55,91,15,20,25,31,50,0,11,15,24,15,0,4,4,7,23,0,4,9,10,12,0,3,2,7
S01007413,317,50,129,90,48,188,30,84,46,28,129,20,45,44,20,44,9,11,15,9,45,8,19,12,6,40,3,15,17,5
S01007414,215,68,88,34,25,103,33,46,16,8,112,35,42,18,17,44,14,21,5,4,41,12,16,6,7,27,9,5,7,6
S01007415,279,16,53,73,137,161,10,32,37,82,118,6,21,36,55,36,2,5,12,17,47,4,10,17,16,35,0,6,7,22
S01007416,201,9,25,49,118,90,6,14,21,49,111,3,11,28,69,52,1,7,13,31,27,1,1,6,19,32,1,3,9,19
S01007417,336,86,138,60,52,207,52,87,37,31,129,34,51,23,21,57,8,25,14,10,42,15,15,6,6,30,11,11,3,5
S01007418,232,18,52,68,94,148,11,31,46,60,84,7,21,22,34,23,2,6,6,9,28,1,10,4,13,33,4,5,12,12
S01007419,287,18,66,71,132,158,15,32,40,71,129,3,34,31,61,49,1,12,10,26,44,1,11,14,18,36,1,11,7,17
S01007420,254,61,95,61,37,141,28,60,29,24,113,33,35,32,13,54,23,14,14,3,25,3,10,9,3,34,7,11,9,7
S01007421,223,56,63,47,57,125,32,30,27,36,98,24,33,20,21,42,14,9,8,11,32,9,12,7,4,24,1,12,5,6
S01007422,204,47,56,52,49,135,31,33,38,33,69,16,23,14,16,37,7,12,9,9,17,3,7,3,4,15,6,4,2,3
S01007423,252,67,81,62,42,147,39,45,30,33,105,28,36,32,9,59,20,16,20,3,30,5,13,9,3,16,3,7,3,3
S01007424,223,64,78,48,33,146,32,61,28,25,77,32,17,20,8,26,10,5,10,1,24,10,7,5,2,27,12,5,5,5
S01007425,276,58,74,74,70,171,36,43,46,46,105,22,31,28,24,39,10,8,12,9,33,6,10,8,9,33,6,13,8,6
S01007426,241,34,68,44,95,163,24,46,29,64,78,10,22,15,31,32,6,9,4,13,31,1,12,7,11,15,3,1,4,7
S01007427,212,11,57,61,83,143,5,44,43,51,69,6,13,18,32,23,2,1,9,11,25,0,7,5,13,21,4,5,4,8
S01007428,324,49,95,83,97,228,34,64,60,70,96,15,31,23,27,35,5,7,9,14,37,7,15,8,7,24,3,9,6,6
S01007429,251,35,83,62,71,173,23,58,42,50,78,12,25,20,21,28,4,13,4,7,24,4,4,9,7,26,4,8,7,7
S01007430,144,36,43,31,34,107,28,33,22,24,37,8,10,9,10,8,1,4,1,2,9,0,2,1,6,20,7,4,7,2
S01007431,159,44,51,34,30,97,23,32,20,22,62,21,19,14,8,13,4,4,3,2,22,10,5,4,3,27,7,10,7,3
S01007432,249,35,78,71,65,168,21,56,51,40,81,14,22,20,25,28,3,5,11,9,27,5,6,5,11,26,6,11,4,5
S01007433,244,52,65,61,66,158,30,40,39,49,86,22,25,22,17,21,6,3,9,3,37,7,10,12,8,28,9,12,1,6
S01007434,198,13,45,55,85,131,9,31,41,50,67,4,14,14,35,29,0,8,6,15,20,3,3,5,9,18,1,3,3,11
S01007435,245,34,78,62,71,171,27,53,36,55,74,7,25,26,16,24,2,6,10,6,27,4,10,7,6,23,1,9,9,4
S01007436,275,32,73,57,113,192,23,52,43,74,83,9,21,14,39,31,4,5,4,18,34,3,9,6,16,18,2,7,4,5
S01007437,179,24,53,42,60,127,12,46,34,35,52,12,7,8,25,24,5,1,4,14,11,3,1,1,6,17,4,5,3,5
S01007438,238,26,67,59,86,168,20,41,47,60,70,6,26,12,26,32,4,7,5,16,23,2,10,4,7,15,0,9,3,3
S01007439,237,42,79,56,60,165,26,62,38,39,72,16,17,18,21,22,5,2,8,7,19,5,6,4,4,31,6,9,6,10
S01007440,208,20,59,62,67,128,14,35,41,38,80,6,24,21,29,22,2,9,7,4,26,1,8,6,11,32,3,7,8,14
S01007441,171,32,72,47,20,103,17,47,30,9,68,15,25,17,11,15,5,1,5,4,27,7,10,7,3,26,3,14,5,4
S01007442,140,50,46,28,16,99,35,28,21,15,41,15,18,7,1,9,5,4,0,0,14,4,8,2,0,18,6,6,5,1
S01007443,224,88,58,51,27,126,38,38,32,18,98,50,20,19,9,31,16,6,7,2,27,14,6,3,4,40,20,8,9,3
S01007444,276,131,76,39,30,161,65,48,28,20,115,66,28,11,10,29,15,8,2,4,40,26,9,5,0,46,25,11,4,6
S01007445,189,91,64,21,13,113,50,40,13,10,76,41,24,8,3,23,13,7,1,2,27,13,8,5,1,26,15,9,2,0
S01007446,141,83,34,9,15,68,37,18,6,7,73,46,16,3,8,15,9,5,0,1,29,18,6,0,5,29,19,5,3,2
S01007447,136,65,31,29,11,84,34,22,19,9,52,31,9,10,2,7,4,2,0,1,28,17,5,5,1,17,10,2,5,0
S01007448,249,49,77,78,45,166,30,53,51,32,83,19,24,27,13,23,5,3,9,6,35,10,10,13,2,25,4,11,5,5
S01007449,338,33,86,86,133,223,23,59,59,82,115,10,27,27,51,50,4,10,13,23,32,3,6,3,20,33,3,11,11,8
S01007450,252,24,60,60,108,157,17,39,35,66,95,7,21,25,42,38,4,4,11,19,38,3,12,8,15,19,0,5,6,8
S01007451,193,16,66,50,61,127,10,48,27,42,66,6,18,23,19,19,3,4,6,6,29,3,9,8,9,18,0,5,9,4
S01007452,151,18,36,35,62,82,8,18,18,38,69,10,18,17,24,20,0,7,5,8,27,6,7,6,8,22,4,4,6,8
S01007453,201,63,83,38,17,96,29,42,14,11,105,34,41,24,6,54,20,18,14,2,32,9,16,6,1,19,5,7,4,3
S01007454,143,10,32,38,63,83,5,18,25,35,60,5,14,13,28,16,1,5,2,8,20,0,6,4,10,24,4,3,7,10
S01007455,307,26,66,66,149,186,17,48,41,80,121,9,18,25,69,49,3,6,8,32,36,4,6,9,17,36,2,6,8,20
S01007456,321,11,67,72,171,175,8,36,50,81,146,3,31,22,90,76,1,17,12,46,35,1,6,7,21,35,1,8,3,23
S01007457,379,32,96,109,142,238,16,50,66,106,141,16,46,43,36,54,5,18,18,13,55,7,18,13,17,32,4,10,12,6
S01007458,151,19,56,53,23,89,9,36,33,11,62,10,20,20,12,15,1,4,6,4,23,6,6,8,3,24,3,10,6,5
S01007459,168,21,61,58,28,107,11,41,33,22,61,10,20,25,6,21,2,7,10,2,20,4,6,7,3,20,4,7,8,1
S01007460,250,17,66,63,104,182,13,46,43,80,68,4,20,20,24,29,1,8,10,10,17,2,5,4,6,22,1,7,6,8
S01007461,299,15,49,67,168,208,10,34,45,119,91,5,15,22,49,37,3,7,8,19,23,1,2,7,13,31,1,6,7,17
S01007462,310,45,85,88,92,226,35,67,62,62,84,10,18,26,30,29,5,7,4,13,24,1,5,12,6,31,4,6,10,11
S01007463,308,19,45,60,184,165,15,21,33,96,143,4,24,27,88,49,2,5,9,33,45,1,11,5,28,49,1,8,13,27
S01007464,237,9,39,52,137,157,4,25,33,95,80,5,14,19,42,34,3,6,6,19,29,1,3,11,14,17,1,5,2,9
S01007465,313,12,41,65,195,188,8,27,45,108,125,4,14,20,87,48,0,5,8,35,51,1,7,10,33,26,3,2,2,19
S01007466,474,42,96,92,244,375,32,76,73,194,99,10,20,19,50,55,7,11,10,27,20,1,2,4,13,24,2,7,5,10
S01007467,363,48,104,98,113,248,35,68,66,79,115,13,36,32,34,47,6,14,10,17,42,3,18,13,8,26,4,4,9,9
S01007468,266,56,73,77,60,181,38,49,50,44,85,18,24,27,16,25,9,6,6,4,32,5,12,11,4,28,4,6,10,8
S01007469,194,16,49,58,71,104,10,26,34,34,90,6,23,24,37,38,2,12,8,16,32,2,7,11,12,20,2,4,5,9
S01007470,230,27,67,50,86,154,20,43,32,59,76,7,24,18,27,27,2,6,8,11,26,4,11,4,7,23,1,7,6,9
S01007471,159,17,47,35,60,88,8,32,11,37,71,9,15,24,23,26,2,3,8,13,14,2,3,6,3,31,5,9,10,7
S01007472,185,10,34,62,79,111,9,22,39,41,74,1,12,23,38,34,1,6,6,21,19,0,3,10,6,21,0,3,7,11
S01007473,171,8,48,48,67,117,7,28,36,46,54,1,20,12,21,16,0,5,3,8,19,1,8,3,7,19,0,7,6,6
S01007474,161,31,55,42,33,94,19,30,24,21,67,12,25,18,12,19,4,6,5,4,19,1,10,4,4,29,7,9,9,4
S01007475,207,44,66,52,45,138,28,48,35,27,69,16,18,17,18,34,5,9,7,13,17,7,4,4,2,18,4,5,6,3
S01007476,186,42,57,49,38,127,30,40,34,23,59,12,17,15,15,16,1,4,5,6,27,7,11,5,4,16,4,2,5,5
S01007477,181,43,63,37,38,119,25,40,25,29,62,18,23,12,9,28,9,12,4,3,17,4,7,4,2,17,5,4,4,4
S01007478,302,83,102,50,67,198,48,65,35,50,104,35,37,15,17,39,14,12,6,7,31,10,13,4,4,34,11,12,5,6
S01007479,228,36,70,52,70,141,20,41,31,49,87,16,29,21,21,34,5,10,10,9,32,8,12,6,6,21,3,7,5,6
S01007480,282,41,92,76,73,173,22,61,49,41,109,19,31,27,32,48,9,16,13,10,38,7,11,9,11,23,3,4,5,11
S01007481,191,41,61,52,37,125,32,40,31,22,66,9,21,21,15,21,1,7,8,5,17,3,3,4,7,28,5,11,9,3
S01007482,134,11,39,30,54,92,7,26,23,36,42,4,13,7,18,15,2,3,2,8,13,2,6,2,3,14,0,4,3,7
S01007483,240,18,56,92,74,138,12,34,48,44,102,6,22,44,30,34,3,9,14,8,35,0,7,19,9,33,3,6,11,13
S01007484,193,15,48,58,72,125,11,29,42,43,68,4,19,16,29,30,1,8,8,13,22,2,5,4,11,16,1,6,4,5
S01007485,180,3,22,47,108,100,3,12,30,55,80,0,10,17,53,50,0,7,9,34,19,0,2,2,15,11,0,1,6,4
S01007486,201,3,29,36,133,94,1,10,21,62,107,2,19,15,71,57,0,12,6,39,39,2,4,8,25,11,0,3,1,7
S01007487,361,20,69,99,173,271,14,45,74,138,90,6,24,25,35,39,1,6,14,18,25,1,13,3,8,26,4,5,8,9
S01007488,348,33,98,110,107,215,15,61,69,70,133,18,37,41,37,48,3,10,21,14,38,8,10,6,14,47,7,17,14,9
S01007489,258,24,70,76,88,154,13,42,47,52,104,11,28,29,36,32,3,8,9,12,33,4,10,7,12,39,4,10,13,12
S01007490,238,13,52,75,98,140,8,33,48,51,98,5,19,27,47,31,2,10,6,13,32,0,5,6,21,35,3,4,15,13
S01007491,383,29,90,112,152,198,21,46,58,73,185,8,44,54,79,91,4,25,28,34,53,2,12,11,28,41,2,7,15,17
S01007492,224,17,55,69,83,160,10,37,48,65,64,7,18,21,18,19,2,4,5,8,17,3,4,7,3,28,2,10,9,7
S01007493,268,20,57,88,103,161,14,31,49,67,107,6,26,39,36,41,0,12,14,15,36,3,6,13,14,30,3,8,12,7
S01007494,156,24,34,56,42,101,16,26,36,23,55,8,8,20,19,20,4,5,5,6,16,2,1,8,5,19,2,2,7,8
S01007495,248,26,60,108,54,145,16,40,52,37,103,10,20,56,17,38,6,6,19,7,39,4,10,23,2,26,0,4,14,8
S01007496,285,41,89,86,69,200,28,61,62,49,85,13,28,24,20,32,7,6,11,8,25,3,11,3,8,28,3,11,10,4
S01007497,179,12,32,53,82,108,8,17,34,49,71,4,15,19,33,27,2,6,5,14,24,0,5,9,10,20,2,4,5,9
S01007498,251,20,65,85,81,175,12,52,63,48,76,8,13,22,33,24,3,1,13,7,24,0,6,5,13,28,5,6,4,13
S01007499,260,35,51,96,78,160,25,31,54,50,100,10,20,42,28,37,6,7,12,12,34,1,9,16,8,29,3,4,14,8
S01007500,184,15,38,72,59,131,13,29,50,39,53,2,9,22,20,20,0,4,8,8,18,1,1,10,6,15,1,4,4,6
S01007501,195,22,40,75,58,143,20,29,52,42,52,2,11,23,16,16,0,3,5,8,20,2,5,8,5,16,0,3,10,3
S01007502,172,26,37,66,43,124,21,28,43,32,48,5,9,23,11,10,2,2,4,2,22,2,4,12,4,16,1,3,7,5
S01007503,304,33,57,114,100,196,22,37,67,70,108,11,20,47,30,35,4,8,10,13,40,3,7,18,12,33,4,5,19,5
S01007504,210,35,41,87,47,157,22,35,61,39,53,13,6,26,8,18,4,3,8,3,14,3,2,7,2,21,6,1,11,3
S01007505,134,22,30,43,39,82,16,19,27,20,52,6,11,16,19,22,3,4,5,10,12,2,2,5,3,18,1,5,6,6
S01007506,132,23,33,43,33,83,15,20,24,24,49,8,13,19,9,17,3,5,5,4,21,4,4,9,4,11,1,4,5,1
S01007507,280,35,48,99,98,184,27,35,58,64,96,8,13,41,34,33,2,4,16,11,30,5,4,12,9,33,1,5,13,14
S01007508,212,24,36,86,66,159,19,31,65,44,53,5,5,21,22,23,0,3,8,12,17,2,1,8,6,13,3,1,5,4
S01007509,173,28,37,58,50,115,21,24,36,34,58,7,13,22,16,20,2,6,6,6,27,1,6,13,7,11,4,1,3,3
S01007510,248,38,56,84,70,159,25,43,45,46,89,13,13,39,24,24,3,3,11,7,40,7,8,17,8,25,3,2,11,9
S01007511,242,20,36,70,116,159,18,20,46,75,83,2,16,24,41,39,1,3,12,23,28,0,10,8,10,16,1,3,4,8
S01007512,152,20,39,46,47,105,15,29,29,32,47,5,10,17,15,13,3,1,4,5,21,1,6,9,5,13,1,3,4,5
S01007513,342,29,67,108,138,192,21,36,59,76,150,8,31,49,62,68,3,10,24,31,42,2,11,13,16,40,3,10,12,15
S01007514,175,15,45,60,55,124,11,30,43,40,51,4,15,17,15,16,0,3,4,9,21,3,8,7,3,14,1,4,6,3
S01007515,152,37,43,43,29,95,24,26,26,19,57,13,17,17,10,22,5,8,6,3,15,3,4,4,4,20,5,5,7,3
S01007516,174,13,30,61,70,87,9,15,26,37,87,4,15,35,33,41,2,2,18,19,24,1,5,13,5,22,1,8,4,9
S01007517,119,22,19,41,37,94,21,13,31,29,25,1,6,10,8,10,0,1,5,4,5,0,1,2,2,10,1,4,3,2
S01007518,245,12,55,97,81,158,10,31,59,58,87,2,24,38,23,33,1,4,16,12,24,0,10,9,5,30,1,10,13,6
S01007519,123,27,32,37,27,97,22,29,25,21,26,5,3,12,6,5,0,2,0,3,6,0,0,5,1,15,5,1,7,2
S01007520,269,42,59,83,85,171,24,41,55,51,98,18,18,28,34,37,6,6,9,16,34,7,5,10,12,27,5,7,9,6
S01007521,140,21,36,37,46,98,16,27,26,29,42,5,9,11,17,14,1,1,5,7,18,3,6,3,6,10,1,2,3,4
S01007522,248,45,59,60,84,170,36,40,36,58,78,9,19,24,26,27,2,4,9,12,31,4,9,10,8,20,3,6,5,6
S01007523,144,29,37,46,32,95,21,24,26,24,49,8,13,20,8,18,4,4,7,3,17,2,4,8,3,14,2,5,5,2
S01007524,251,46,62,78,65,163,32,42,53,36,88,14,20,25,29,35,5,4,12,14,29,6,8,4,11,24,3,8,9,4
S01007525,150,18,40,50,42,106,13,31,33,29,44,5,9,17,13,16,1,4,6,5,18,3,3,6,6,10,1,2,5,2
S01007526,229,32,59,52,86,161,20,47,33,61,68,12,12,19,25,25,5,2,12,6,23,4,5,2,12,20,3,5,5,7
S01007527,221,28,55,84,54,149,18,32,58,41,72,10,23,26,13,37,6,8,16,7,16,1,7,4,4,19,3,8,6,2
S01007528,233,23,48,78,84,153,17,24,54,58,80,6,24,24,26,26,1,5,9,11,24,1,9,7,7,30,4,10,8,8
S01007529,180,43,48,42,47,116,27,32,24,33,64,16,16,18,14,20,4,2,7,7,18,6,6,2,4,26,6,8,9,3
S01007530,142,25,35,45,37,87,19,21,23,24,55,6,14,22,13,21,2,5,10,4,16,2,5,6,3,18,2,4,6,6
S01007531,215,30,55,74,56,140,19,39,43,39,75,11,16,31,17,19,3,3,5,8,28,3,8,11,6,28,5,5,15,3
S01007532,177,26,40,61,50,109,17,24,40,28,68,9,16,21,22,17,2,4,5,6,26,3,8,6,9,25,4,4,10,7
S01007533,154,22,34,65,33,105,15,28,39,23,49,7,6,26,10,22,3,2,8,9,14,2,1,11,0,13,2,3,7,1
S01007534,259,33,48,94,84,149,22,30,53,44,110,11,18,41,40,33,2,2,14,15,32,2,4,14,12,45,7,12,13,13
S01007535,314,43,62,86,123,184,24,32,51,77,130,19,30,35,46,47,5,8,16,18,43,6,11,9,17,40,8,11,10,11
S01007536,292,26,62,109,95,199,19,45,75,60,93,7,17,34,35,33,2,4,14,13,33,4,8,9,12,27,1,5,11,10
S01007537,315,43,75,87,110,217,25,54,60,78,98,18,21,27,32,42,9,6,14,13,30,7,4,9,10,26,2,11,4,9
S01007538,266,51,57,96,62,155,32,32,47,44,111,19,25,49,18,36,3,7,19,7,42,10,9,16,7,33,6,9,14,4
S01007539,172,34,60,50,28,116,22,36,34,24,56,12,24,16,4,20,6,6,8,0,18,2,8,6,2,18,4,10,2,2
S01007540,275,32,65,79,99,199,24,46,55,74,76,8,19,24,25,29,4,6,7,12,23,1,8,10,4,24,3,5,7,9
S01007541,207,25,61,73,48,132,18,41,40,33,75,7,20,33,15,25,1,8,11,5,23,4,7,11,1,27,2,5,11,9
S01007542,300,25,71,106,98,184,14,45,68,57,116,11,26,38,41,34,2,5,13,14,43,3,11,16,13,39,6,10,9,14
S01007543,362,26,76,127,133,228,19,45,78,86,134,7,31,49,47,52,2,12,19,19,48,1,11,19,17,34,4,8,11,11
S01007544,245,61,77,58,49,165,42,55,36,32,80,19,22,22,17,27,8,7,7,5,32,7,7,10,8,21,4,8,5,4
S01007545,226,41,54,66,65,136,24,36,35,41,90,17,18,31,24,30,4,7,13,6,29,7,5,10,7,31,6,6,8,11
S01007546,155,29,39,64,23,90,12,26,36,16,65,17,13,28,7,28,6,7,13,2,20,4,3,9,4,17,7,3,6,1
S01007547,175,31,48,60,36,117,22,38,38,19,58,9,10,22,17,20,1,4,8,7,18,2,1,10,5,20,6,5,4,5
S01007548,206,38,53,56,59,131,23,31,36,41,75,15,22,20,18,26,3,6,7,10,26,5,9,8,4,23,7,7,5,4
S01007549,184,35,62,36,51,127,24,44,26,33,57,11,18,10,18,19,4,7,4,4,21,3,2,4,12,17,4,9,2,2
S01007550,257,54,68,61,74,175,36,50,45,44,82,18,18,16,30,26,4,9,6,7,24,4,5,6,9,32,10,4,4,14
S01007551,252,58,65,86,43,189,45,50,62,32,63,13,15,24,11,19,4,4,7,4,21,2,6,10,3,23,7,5,7,4
S01007552,308,18,51,95,144,193,13,30,55,95,115,5,21,40,49,50,1,9,15,25,33,2,7,11,13,32,2,5,14,11
S01007553,256,12,43,64,137,153,10,26,35,82,103,2,17,29,55,40,2,5,9,24,34,0,5,11,18,29,0,7,9,13
S01007554,148,6,19,33,90,97,4,13,24,56,51,2,6,9,34,24,2,3,4,15,14,0,1,3,10,13,0,2,2,9
S01007555,147,28,28,53,38,99,22,13,39,25,48,6,15,14,13,19,4,5,7,3,12,0,3,4,5,17,2,7,3,5
S01007556,144,10,24,48,62,102,6,15,33,48,42,4,9,15,14,5,0,4,0,1,21,2,4,9,6,16,2,1,6,7
S01007557,320,12,59,109,140,167,8,25,61,73,153,4,34,48,67,52,1,11,18,22,56,2,14,19,21,45,1,9,11,24
S01007558,129,13,37,46,33,90,8,27,27,28,39,5,10,19,5,18,4,3,9,2,8,1,1,5,1,13,0,6,5,2
S01007559,228,51,52,83,42,140,37,34,45,24,88,14,18,38,18,26,4,3,14,5,32,6,6,11,9,30,4,9,13,4
S01007560,259,39,67,80,73,163,24,43,45,51,96,15,24,35,22,31,5,5,13,8,36,4,12,13,7,29,6,7,9,7
S01007561,194,27,42,50,75,136,20,29,34,53,58,7,13,16,22,19,2,5,6,6,25,3,5,6,11,14,2,3,4,5
S01007562,255,41,70,77,67,145,23,40,41,41,110,18,30,36,26,34,6,8,9,11,38,7,8,14,9,38,5,14,13,6
S01007563,259,47,79,66,67,157,30,44,42,41,102,17,35,24,26,30,6,8,7,9,33,7,12,6,8,39,4,15,11,9
S01007564,207,43,53,69,42,132,26,33,49,24,75,17,20,20,18,21,3,5,10,3,23,7,7,3,6,31,7,8,7,9
S01007565,280,55,74,86,65,183,40,42,54,47,97,15,32,32,18,30,4,6,12,8,40,7,15,12,6,27,4,11,8,4
S01007566,196,29,48,73,46,109,12,30,40,27,87,17,18,33,19,32,5,9,10,8,23,4,3,12,4,32,8,6,11,7
S01007567,177,37,45,70,25,103,19,31,36,17,74,18,14,34,8,17,6,3,6,2,23,2,6,11,4,34,10,5,17,2
S01007568,212,41,60,57,54,139,22,38,38,41,73,19,22,19,13,25,7,6,5,7,23,5,6,8,4,25,7,10,6,2
S01007569,224,25,52,73,74,146,15,31,49,51,78,10,21,24,23,29,3,6,10,10,20,4,5,6,5,29,3,10,8,8
S01007570,216,48,66,43,59,146,37,43,31,35,70,11,23,12,24,28,1,6,6,15,21,2,11,2,6,21,8,6,4,3
S01007571,160,34,55,39,32,107,26,32,28,21,53,8,23,11,11,14,2,6,5,1,15,3,4,3,5,24,3,13,3,5
S01007572,267,36,72,67,92,151,23,44,34,50,116,13,28,33,42,43,5,11,6,21,37,6,9,11,11,36,2,8,16,10
S01007573,294,59,108,68,59,134,26,51,30,27,160,33,57,38,32,83,17,27,22,17,41,10,16,9,6,36,6,14,7,9
S01007574,312,14,73,76,149,177,7,40,39,91,135,7,33,37,58,51,4,10,15,22,42,0,10,12,20,42,3,13,10,16
S01007575,303,8,71,67,157,201,5,44,41,111,102,3,27,26,46,49,2,15,10,22,25,0,7,6,12,28,1,5,10,12
S01007576,273,8,38,61,166,167,4,18,37,108,106,4,20,24,58,52,1,8,13,30,35,1,8,8,18,19,2,4,3,10
S01007577,236,1,45,47,143,133,1,22,27,83,103,0,23,20,60,40,0,11,7,22,33,0,5,10,18,30,0,7,3,20
S01007578,246,5,32,62,147,145,2,18,33,92,101,3,14,29,55,52,1,5,19,27,25,1,4,7,13,24,1,5,3,15
S01007579,241,8,59,65,109,128,7,38,26,57,113,1,21,39,52,47,0,5,17,25,31,1,6,10,14,35,0,10,12,13
S01007580,237,5,44,70,118,115,2,22,33,58,122,3,22,37,60,39,1,5,6,27,39,2,11,14,12,44,0,6,17,21
S01007581,150,1,22,49,78,81,0,10,25,46,69,1,12,24,32,29,0,6,7,16,21,1,2,9,9,19,0,4,8,7
S01007582,213,7,44,58,104,123,4,26,38,55,90,3,18,20,49,37,0,10,9,18,31,3,4,6,18,22,0,4,5,13
S01007583,411,18,77,93,223,257,13,51,56,137,154,5,26,37,86,63,1,11,10,41,51,2,10,12,27,40,2,5,15,18
S01007584,213,17,46,48,102,132,11,28,31,62,81,6,18,17,40,33,5,10,4,14,32,0,2,11,19,16,1,6,2,7
S01007585,227,36,71,57,63,164,22,52,44,46,63,14,19,13,17,19,3,6,4,6,23,3,8,5,7,21,8,5,4,4
S01007586,282,13,71,61,137,156,10,40,36,70,126,3,31,25,67,57,1,11,14,31,39,1,11,7,20,30,1,9,4,16
S01007587,200,41,65,62,32,143,23,45,51,24,57,18,20,11,8,20,6,5,5,4,24,7,13,3,1,13,5,2,3,3
S01007588,223,77,65,42,39,125,40,40,21,24,98,37,25,21,15,24,11,2,5,6,36,13,10,8,5,38,13,13,8,4
S01007589,310,73,103,54,80,244,51,88,40,65,66,22,15,14,15,22,6,4,4,8,14,4,3,5,2,30,12,8,5,5
S01007590,166,56,71,27,12,93,29,40,15,9,73,27,31,12,3,24,7,13,4,0,23,8,9,5,1,26,12,9,3,2
S01007591,207,39,52,47,69,144,24,41,31,48,63,15,11,16,21,25,8,1,6,10,17,1,6,6,4,21,6,4,4,7
S01007592,273,27,73,62,111,194,19,58,45,72,79,8,15,17,39,29,3,7,7,12,29,2,3,6,18,21,3,5,4,9
S01007593,286,55,83,82,66,170,34,52,42,42,116,21,31,40,24,41,5,11,18,7,43,10,11,12,10,32,6,9,10,7
S01007594,240,40,71,70,59,150,25,41,40,44,90,15,30,30,15,33,6,12,12,3,24,4,4,11,5,33,5,14,7,7
S01007595,299,53,68,105,73,203,33,51,67,52,96,20,17,38,21,33,6,6,14,7,33,5,7,15,6,30,9,4,9,8
S01007596,166,19,55,51,41,124,13,41,41,29,42,6,14,10,12,12,1,3,6,2,14,4,4,4,2,16,1,7,0,8
S01007597,181,42,61,52,26,104,23,33,33,15,77,19,28,19,11,24,7,8,6,3,25,5,10,7,3,28,7,10,6,5
S01007598,180,38,56,57,29,118,24,42,36,16,62,14,14,21,13,17,3,1,11,2,18,5,8,2,3,27,6,5,8,8
S01007599,279,45,94,53,87,174,25,61,28,60,105,20,33,25,27,47,9,16,7,15,28,5,8,9,6,30,6,9,9,6
S01007600,328,101,103,61,63,220,66,70,39,45,108,35,33,22,18,28,12,2,10,4,44,10,19,7,8,36,13,12,5,6
S01007601,264,40,99,62,63,181,33,76,35,37,83,7,23,27,26,43,4,12,15,12,25,3,5,9,8,15,0,6,3,6
S01007602,222,41,78,64,39,147,24,57,39,27,75,17,21,25,12,29,6,7,8,8,27,7,8,9,3,19,4,6,8,1
S01007603,257,51,107,56,43,165,34,68,33,30,92,17,39,23,13,26,5,12,6,3,31,9,9,9,4,35,3,18,8,6
S01007604,258,59,90,68,41,169,39,62,40,28,89,20,28,28,13,19,3,4,10,2,36,6,13,11,6,34,11,11,7,5
S01007605,240,40,90,65,45,158,31,59,39,29,82,9,31,26,16,22,1,8,10,3,27,4,11,7,5,33,4,12,9,8
S01007606,221,36,84,50,51,155,27,59,32,37,66,9,25,18,14,25,1,9,9,6,17,2,9,5,1,24,6,7,4,7
S01007607,206,37,74,57,38,127,26,47,31,23,79,11,27,26,15,25,5,6,9,5,26,3,11,8,4,28,3,10,9,6
S01007608,214,33,88,52,41,132,19,53,31,29,82,14,35,21,12,21,4,7,5,5,29,6,14,6,3,32,4,14,10,4
S01007609,346,33,87,89,137,218,24,50,62,82,128,9,37,27,55,51,2,14,13,22,48,4,14,10,20,29,3,9,4,13
S01007610,189,20,56,43,70,142,18,41,32,51,47,2,15,11,19,16,1,7,3,5,18,1,2,3,12,13,0,6,5,2
S01007611,357,35,75,77,170,272,26,57,56,133,85,9,18,21,37,43,5,5,12,21,24,3,8,4,9,18,1,5,5,7
S01007612,483,42,127,92,222,406,37,110,72,187,77,5,17,20,35,24,1,6,1,16,30,3,8,8,11,23,1,3,11,8
S01007613,232,67,76,47,42,158,47,50,31,30,74,20,26,16,12,23,2,10,5,6,22,6,9,4,3,29,12,7,7,3
S01007614,241,85,99,31,26,132,45,60,12,15,109,40,39,19,11,31,13,12,4,2,31,11,10,6,4,47,16,17,9,5
S01007615,368,74,123,67,104,241,46,79,43,73,127,28,44,24,31,50,11,10,9,20,40,12,18,5,5,37,5,16,10,6
S01007616,281,25,100,70,86,198,20,73,45,60,83,5,27,25,26,30,2,6,12,10,29,3,13,6,7,24,0,8,7,9
S01007617,160,8,38,43,71,98,3,21,27,47,62,5,17,16,24,19,1,6,4,8,19,1,5,5,8,24,3,6,7,8
S01007618,157,8,33,47,69,75,4,15,25,31,82,4,18,22,38,29,2,8,8,11,25,1,7,7,10,28,1,3,7,17
S01007619,194,13,45,52,84,121,7,27,28,59,73,6,18,24,25,34,2,10,10,12,23,1,5,9,8,16,3,3,5,5
S01007620,175,22,57,51,45,127,16,42,37,32,48,6,15,14,13,18,1,8,5,4,15,4,3,5,3,15,1,4,4,6
S01007621,177,18,56,54,49,109,17,34,27,31,68,1,22,27,18,26,1,9,11,5,21,0,10,7,4,21,0,3,9,9
S01007622,158,20,42,43,53,91,9,24,22,36,67,11,18,21,17,25,6,8,6,5,25,1,7,9,8,17,4,3,6,4
S01007623,170,39,55,41,35,96,22,29,22,23,74,17,26,19,12,21,8,3,7,3,25,4,13,5,3,28,5,10,7,6
S01007624,214,26,64,61,63,129,16,38,34,41,85,10,26,27,22,32,3,9,12,8,30,6,6,9,9,23,1,11,6,5
S01007625,157,27,45,45,40,101,19,24,28,30,56,8,21,17,10,19,2,5,7,5,12,3,5,3,1,25,3,11,7,4
S01007626,228,31,82,69,46,129,20,41,42,26,99,11,41,27,20,37,3,10,13,11,43,6,23,8,6,19,2,8,6,3
S01007627,170,34,62,46,28,101,22,37,26,16,69,12,25,20,12,27,8,9,5,5,22,2,9,6,5,20,2,7,9,2
S01007628,187,33,67,59,28,117,23,40,36,18,70,10,27,23,10,21,5,5,6,5,28,3,12,10,3,21,2,10,7,2
S01007629,190,28,65,56,41,118,22,41,29,26,72,6,24,27,15,24,2,6,9,7,18,3,7,6,2,30,1,11,12,6
S01007630,238,35,79,74,50,154,24,55,42,33,84,11,24,32,17,22,2,7,9,4,28,3,10,10,5,34,6,7,13,8
S01007631,182,39,40,67,36,119,23,25,45,26,63,16,15,22,10,19,2,5,7,5,26,8,8,7,3,18,6,2,8,2
S01007632,289,38,68,93,90,177,22,45,51,59,112,16,23,42,31,45,3,5,21,16,39,5,10,11,13,28,8,8,10,2
S01007633,285,36,67,86,96,175,25,35,52,63,110,11,32,34,33,37,5,12,11,9,29,2,11,7,9,44,4,9,16,15
S01007634,160,31,41,41,47,104,18,27,29,30,56,13,14,12,17,15,5,1,3,6,24,6,7,5,6,17,2,6,4,5
S01007635,144,29,38,51,26,91,20,28,28,15,53,9,10,23,11,22,2,5,9,6,11,3,2,5,1,20,4,3,9,4
S01007636,252,30,70,58,94,175,24,47,34,70,77,6,23,24,24,32,1,9,8,14,19,2,5,8,4,26,3,9,8,6
S01007637,266,14,57,91,104,162,6,35,52,69,104,8,22,39,35,49,4,11,18,16,21,0,5,7,9,34,4,6,14,10
S01007638,251,35,55,75,86,172,22,45,43,62,79,13,10,32,24,33,5,2,17,9,28,3,6,9,10,18,5,2,6,5
S01007639,349,32,75,112,130,192,16,42,59,75,157,16,33,53,55,59,7,12,22,18,50,4,11,15,20,48,5,10,16,17
S01007640,223,25,46,95,57,145,18,33,63,31,78,7,13,32,26,31,6,5,15,5,23,0,4,10,9,24,1,4,7,12
S01007641,258,43,73,72,70,149,25,47,39,38,109,18,26,33,32,49,5,9,19,16,35,7,7,8,13,25,6,10,6,3
S01007642,242,58,69,56,59,165,40,41,41,43,77,18,28,15,16,23,5,9,5,4,26,6,8,4,8,28,7,11,6,4
S01007643,265,57,75,76,57,176,35,45,57,39,89,22,30,19,18,32,4,10,10,8,26,7,8,6,5,31,11,12,3,5
S01007644,234,47,54,64,69,136,29,35,38,34,98,18,19,26,35,31,3,4,10,14,34,9,6,8,11,33,6,9,8,10
S01007645,152,34,35,50,33,102,21,22,36,23,50,13,13,14,10,18,5,5,5,3,15,2,4,6,3,17,6,4,3,4
S01007646,181,32,53,54,42,124,25,29,37,33,57,7,24,17,9,17,3,6,4,4,19,3,9,6,1,21,1,9,7,4
S01007647,229,34,58,61,76,155,20,37,34,64,74,14,21,27,12,27,4,6,9,8,19,5,6,6,2,28,5,9,12,2
S01007648,293,38,100,70,85,208,29,73,47,59,85,9,27,23,26,26,3,8,6,9,24,3,10,5,6,35,3,9,12,11
S01007649,229,22,44,91,72,151,16,27,59,49,78,6,17,32,23,28,3,5,11,9,31,2,5,14,10,19,1,7,7,4
S01007650,272,45,67,86,74,174,26,41,58,49,98,19,26,28,25,27,3,4,12,8,30,8,8,8,6,41,8,14,8,11
S01007651,153,23,31,58,41,87,14,21,28,24,66,9,10,30,17,19,2,3,9,5,24,2,4,11,7,23,5,3,10,5
S01007652,169,17,51,52,49,98,9,36,26,27,71,8,15,26,22,26,2,5,11,8,25,2,9,6,8,20,4,1,9,6
S01007653,262,36,55,108,63,170,21,35,66,48,92,15,20,42,15,32,6,8,13,5,22,2,6,8,6,38,7,6,21,4
S01007654,324,23,63,127,111,203,16,36,75,76,121,7,27,52,35,54,3,14,21,16,32,1,6,18,7,35,3,7,13,12
S01007655,239,40,57,96,46,161,24,38,66,33,78,16,19,30,13,29,7,8,10,4,19,4,4,10,1,30,5,7,10,8
S01007656,247,27,49,92,79,154,18,29,52,55,93,9,20,40,24,33,4,6,13,10,24,0,7,9,8,36,5,7,18,6
S01007657,131,21,27,50,33,84,13,19,27,25,47,8,8,23,8,16,1,3,8,4,19,5,3,9,2,12,2,2,6,2
S01007658,147,24,42,45,36,91,14,27,28,22,56,10,15,17,14,15,2,3,6,4,21,5,7,4,5,20,3,5,7,5
S01007659,232,34,56,79,63,138,19,43,32,44,94,15,13,47,19,38,8,5,15,10,29,5,3,18,3,27,2,5,14,6
S01007660,321,16,52,97,156,202,13,32,61,96,119,3,20,36,60,66,2,9,21,34,28,1,7,7,13,25,0,4,8,13
S01007661,213,27,50,58,78,146,23,32,37,54,67,4,18,21,24,26,2,4,8,12,18,1,5,5,7,23,1,9,8,5
S01007662,297,30,77,82,108,210,16,52,60,82,87,14,25,22,26,38,5,12,6,15,24,3,6,11,4,25,6,7,5,7
S01007663,238,25,76,76,61,163,18,52,45,48,75,7,24,31,13,34,3,9,13,9,19,1,8,10,0,22,3,7,8,4
S01007664,186,7,42,44,93,118,5,22,29,62,68,2,20,15,31,31,1,11,6,13,14,0,3,2,9,23,1,6,7,9
S01007665,200,17,48,61,74,106,12,22,29,43,94,5,26,32,31,52,4,14,18,16,21,0,7,7,7,21,1,5,7,8
S01007666,121,22,41,32,26,66,12,23,16,15,55,10,18,16,11,15,2,6,5,2,24,6,9,6,3,16,2,3,5,6
S01007667,189,24,74,56,35,113,17,42,29,25,76,7,32,27,10,36,5,15,12,4,24,1,6,12,5,16,1,11,3,1
S01007668,343,17,71,107,148,211,8,40,65,98,132,9,31,42,50,66,5,11,23,27,41,2,14,12,13,25,2,6,7,10
S01007669,216,11,25,66,114,109,7,14,40,48,107,4,11,26,66,38,2,4,4,28,36,1,4,11,20,33,1,3,11,18
S01007670,232,19,39,47,127,114,12,23,21,58,118,7,16,26,69,43,4,4,8,27,47,0,6,11,30,28,3,6,7,12
S01007671,201,46,52,67,36,132,33,34,38,27,69,13,18,29,9,18,5,1,11,1,26,5,5,13,3,25,3,12,5,5
S01007672,217,49,72,62,34,150,33,46,45,26,67,16,26,17,8,17,5,6,3,3,26,6,10,8,2,24,5,10,6,3
S01007673,222,25,66,77,54,142,17,43,47,35,80,8,23,30,19,28,4,9,6,9,24,1,7,13,3,28,3,7,11,7
S01007674,266,12,36,91,127,179,7,24,69,79,87,5,12,22,48,33,3,2,5,23,31,1,5,11,14,23,1,5,6,11
S01007675,172,26,42,66,38,114,14,29,48,23,58,12,13,18,15,20,5,3,6,6,24,5,5,7,7,14,2,5,5,2
S01007676,193,32,50,73,38,128,20,38,47,23,65,12,12,26,15,25,7,3,8,7,18,3,4,8,3,22,2,5,10,5
S01007677,134,11,36,46,41,66,7,18,19,22,68,4,18,27,19,24,0,8,10,6,27,3,6,10,8,17,1,4,7,5
S01007678,215,14,40,71,90,135,8,27,43,57,80,6,13,28,33,29,3,3,10,13,26,1,2,9,14,25,2,8,9,6
S01007679,245,12,46,68,119,155,8,32,42,73,90,4,14,26,46,41,2,4,11,24,31,1,6,9,15,18,1,4,6,7
S01007680,254,26,61,98,69,162,16,43,58,45,92,10,18,40,24,28,3,3,14,8,28,5,4,10,9,36,2,11,16,7
S01007681,117,5,29,44,39,94,4,22,35,33,23,1,7,9,6,9,0,4,3,2,9,1,2,3,3,5,0,1,3,1
S01007682,285,112,108,37,28,199,88,69,27,15,86,24,39,10,13,28,8,12,4,4,23,9,8,5,1,35,7,19,1,8
S01007683,218,105,80,22,11,138,60,59,8,11,80,45,21,14,0,29,22,4,3,0,21,10,6,5,0,30,13,11,6,0
S01007684,197,92,71,14,20,114,51,42,8,13,83,41,29,6,7,19,10,3,2,4,24,13,10,0,1,40,18,16,4,2
S01007685,191,113,52,13,13,122,66,35,10,11,69,47,17,3,2,17,13,3,0,1,22,13,6,3,0,30,21,8,0,1
S01007686,227,105,87,19,16,173,80,70,11,12,54,25,17,8,4,13,8,4,1,0,16,5,6,3,2,25,12,7,4,2
S01007687,311,111,140,23,37,242,84,118,15,25,69,27,22,8,12,31,13,11,3,4,13,8,1,3,1,25,6,10,2,7
S01007688,506,129,268,42,67,446,110,248,33,55,60,19,20,9,12,27,8,11,4,4,20,7,5,2,6,13,4,4,3,2
S01007689,245,64,139,10,32,213,51,128,9,25,32,13,11,1,7,16,7,5,1,3,7,4,0,0,3,9,2,6,0,1
S01007690,351,70,205,29,47,312,58,194,21,39,39,12,11,8,8,20,8,2,5,5,10,3,5,1,1,9,1,4,2,2
S01007691,483,68,262,59,94,439,56,251,55,77,44,12,11,4,17,15,6,4,1,4,12,2,2,1,7,17,4,5,2,6
S01007692,384,75,233,28,48,341,62,220,24,35,43,13,13,4,13,20,7,5,3,5,14,3,7,0,4,9,3,1,1,4
S01007693,332,36,195,26,75,305,31,185,25,64,27,5,10,1,11,15,2,6,1,6,7,2,2,0,3,5,1,2,0,2
S01007694,456,45,249,55,107,381,41,218,42,80,75,4,31,13,27,29,3,12,4,10,21,0,9,7,5,25,1,10,2,12
S01007695,427,109,182,55,81,376,87,163,50,76,51,22,19,5,5,26,9,12,2,3,16,7,6,1,2,9,6,1,2,0
S01007696,392,41,214,31,106,336,39,197,24,76,56,2,17,7,30,24,2,6,5,11,19,0,3,2,14,13,0,8,0,5
S01007697,430,102,203,44,81,377,91,182,37,67,53,11,21,7,14,28,8,11,1,8,15,0,7,3,5,10,3,3,3,1
S01007698,568,72,304,60,132,486,65,270,45,106,82,7,34,15,26,34,6,13,6,9,23,0,11,2,10,25,1,10,7,7
S01007699,421,60,211,42,108,356,53,190,34,79,65,7,21,8,29,39,4,12,3,20,16,3,4,5,4,10,0,5,0,5
S01007700,355,133,142,35,45,273,100,116,25,32,82,33,26,10,13,35,14,12,4,5,27,10,6,4,7,20,9,8,2,1
S01007701,271,32,125,28,86,238,29,117,26,66,33,3,8,2,20,12,1,1,2,8,11,1,3,0,7,10,1,4,0,5
S01007702,256,64,139,15,38,215,56,120,12,27,41,8,19,3,11,18,3,9,1,5,12,5,4,2,1,11,0,6,0,5
S01007703,309,68,123,40,78,243,53,99,30,61,66,15,24,10,17,20,5,3,3,9,23,5,10,5,3,23,5,11,2,5
S01007704,428,34,117,53,224,338,28,98,43,169,90,6,19,10,55,39,2,7,3,27,27,1,10,2,14,24,3,2,5,14
S01007705,261,18,176,26,41,249,18,173,21,37,12,0,3,5,4,7,0,2,4,1,1,0,0,0,1,4,0,1,1,2
S01007706,364,28,280,12,44,348,27,271,12,38,16,1,9,0,6,8,0,4,0,4,5,1,3,0,1,3,0,2,0,1
S01007707,451,134,239,36,42,389,120,207,31,31,62,14,32,5,11,48,6,28,4,10,10,6,3,0,1,4,2,1,1,0
S01007708,296,40,118,50,88,241,35,103,41,62,55,5,15,9,26,20,3,6,4,7,24,1,7,1,15,11,1,2,4,4
S01007709,234,35,92,33,74,200,28,84,30,58,34,7,8,3,16,20,6,6,1,7,5,0,1,0,4,9,1,1,2,5
S01007710,425,53,221,54,97,368,45,199,44,80,57,8,22,10,17,31,4,13,6,8,16,3,6,2,5,10,1,3,2,4
S01007711,408,26,199,49,134,355,24,183,39,109,53,2,16,10,25,19,2,5,5,7,14,0,5,1,8,20,0,6,4,10
S01007712,332,61,175,28,68,295,53,160,24,58,37,8,15,4,10,17,6,4,2,5,15,0,10,2,3,5,2,1,0,2
S01007713,187,25,79,21,62,142,21,65,15,41,45,4,14,6,21,17,3,5,3,6,20,1,4,2,13,8,0,5,1,2
S01007714,269,22,104,64,79,196,16,72,50,58,73,6,32,14,21,24,1,11,6,6,21,2,8,5,6,28,3,13,3,9
S01007715,215,15,73,42,85,150,7,54,31,58,65,8,19,11,27,26,2,7,6,11,22,3,5,3,11,17,3,7,2,5
S01007716,448,37,179,63,169,373,28,159,51,135,75,9,20,12,34,41,6,10,8,17,16,2,5,4,5,18,1,5,0,12
S01007717,465,26,161,93,185,349,20,130,79,120,116,6,31,14,65,52,2,11,5,34,34,1,12,4,17,30,3,8,5,14
S01007718,337,21,115,67,134,297,21,106,57,113,40,0,9,10,21,22,0,3,6,13,14,0,3,4,7,4,0,3,0,1
S01007719,475,41,151,110,173,402,33,128,97,144,73,8,23,13,29,32,1,15,7,9,23,2,5,4,12,18,5,3,2,8
S01007720,231,20,84,46,81,178,16,62,38,62,53,4,22,8,19,17,3,5,1,8,16,1,5,3,7,20,0,12,4,4
S01007721,325,29,115,66,115,255,23,93,49,90,70,6,22,17,25,30,3,8,7,12,21,3,7,5,6,19,0,7,5,7
S01007722,408,25,121,77,185,314,19,83,61,151,94,6,38,16,34,39,3,9,8,19,28,2,17,4,5,27,1,12,4,10
S01007723,385,24,107,86,168,300,18,83,66,133,85,6,24,20,35,32,3,9,7,13,25,1,7,9,8,28,2,8,4,14
S01007724,342,18,107,43,174,255,15,85,34,121,87,3,22,9,53,41,2,11,6,22,29,1,7,1,20,17,0,4,2,11
S01007725,410,29,130,59,192,351,28,118,50,155,59,1,12,9,37,23,1,3,2,17,22,0,5,2,15,14,0,4,5,5
S01007726,394,28,144,68,154,327,20,131,52,124,67,8,13,16,30,26,5,6,4,11,23,1,4,5,13,18,2,3,7,6
S01007727,513,33,187,76,217,415,30,160,62,163,98,3,27,14,54,34,0,9,2,23,41,3,13,5,20,23,0,5,7,11
S01007728,385,39,125,63,158,326,35,112,52,127,59,4,13,11,31,29,2,3,4,20,20,1,8,3,8,10,1,2,4,3
S01007729,409,42,151,63,153,333,40,120,55,118,76,2,31,8,35,30,1,9,4,16,25,0,12,2,11,21,1,10,2,8
S01007730,432,63,169,71,129,362,59,149,56,98,70,4,20,15,31,44,3,13,11,17,20,0,5,4,11,6,1,2,0,3
S01007731,356,62,138,54,102,278,54,115,40,69,78,8,23,14,33,26,3,5,4,14,31,5,11,5,10,21,0,7,5,9
S01007732,318,47,127,52,92,261,42,110,41,68,57,5,17,11,24,35,5,14,6,10,15,0,1,2,12,7,0,2,3,2
S01007733,273,87,93,40,53,170,62,53,23,32,103,25,40,17,21,46,11,15,5,15,32,8,15,5,4,25,6,10,7,2
S01007734,244,70,85,46,43,173,49,60,36,28,71,21,25,10,15,18,5,8,2,3,19,5,4,2,8,34,11,13,6,4
S01007735,252,60,87,61,44,173,41,67,44,21,79,19,20,17,23,20,6,4,5,5,26,1,9,6,10,33,12,7,6,8
S01007736,215,47,81,41,46,138,28,56,27,27,77,19,25,14,19,26,6,13,4,3,22,5,5,4,8,29,8,7,6,8
S01007737,378,60,154,54,110,262,38,115,33,76,116,22,39,21,34,54,9,19,9,17,25,4,9,6,6,37,9,11,6,11
S01007738,207,42,65,41,59,132,26,46,27,33,75,16,19,14,26,28,4,6,5,13,19,7,4,4,4,28,5,9,5,9
S01007739,159,18,51,36,54,117,12,38,21,46,42,6,13,15,8,12,2,3,5,2,14,0,3,6,5,16,4,7,4,1
S01007740,192,32,90,26,44,138,24,62,20,32,54,8,28,6,12,19,2,11,2,4,18,4,7,3,4,17,2,10,1,4
S01007741,231,31,78,38,84,164,21,55,26,62,67,10,23,12,22,26,3,7,2,14,26,7,9,5,5,15,0,7,5,3
S01007742,197,33,71,42,51,134,25,42,28,39,63,8,29,14,12,29,1,13,5,10,12,3,4,4,1,22,4,12,5,1
S01007743,361,30,106,73,152,238,17,70,51,100,123,13,36,22,52,57,4,17,7,29,35,3,7,8,17,31,6,12,7,6
S01007744,273,8,58,55,152,167,6,29,35,97,106,2,29,20,55,46,0,14,9,23,34,2,8,5,19,26,0,7,6,13
S01007745,276,15,71,66,124,199,8,56,49,86,77,7,15,17,38,33,1,5,6,21,29,3,7,6,13,15,3,3,5,4
S01007746,332,9,67,83,173,205,5,40,53,107,127,4,27,30,66,53,2,8,13,30,45,1,11,9,24,29,1,8,8,12
S01007747,190,10,42,37,101,114,7,25,29,53,76,3,17,8,48,29,1,8,5,15,22,0,2,2,18,25,2,7,1,15
S01007748,300,6,70,66,158,186,5,43,48,90,114,1,27,18,68,51,0,9,8,34,40,0,16,5,19,23,1,2,5,15
S01007749,199,32,89,39,39,121,13,57,22,29,78,19,32,17,10,24,4,11,4,5,23,5,10,7,1,31,10,11,6,4
S01007750,190,60,80,30,20,126,43,52,15,16,64,17,28,15,4,23,3,14,5,1,17,7,6,3,1,24,7,8,7,2
S01007751,171,72,57,21,21,111,45,39,15,12,60,27,18,6,9,26,10,9,3,4,20,9,5,3,3,14,8,4,0,2
S01007752,151,64,52,18,17,94,37,35,12,10,57,27,17,6,7,19,9,5,2,3,19,11,5,2,1,19,7,7,2,3
S01007753,189,7,39,51,92,105,5,23,27,50,84,2,16,24,42,36,0,7,10,19,23,1,7,5,10,25,1,2,9,13
S01007754,296,11,68,63,154,170,7,41,30,92,126,4,27,33,62,57,2,11,18,26,26,1,5,3,17,43,1,11,12,19
S01007755,277,10,57,53,157,144,9,35,28,72,133,1,22,25,85,72,1,12,12,47,32,0,6,6,20,29,0,4,7,18
S01007756,207,9,51,49,98,115,4,28,28,55,92,5,23,21,43,40,3,10,11,16,29,1,8,7,13,23,1,5,3,14
S01007757,197,59,83,39,16,111,32,54,19,6,86,27,29,20,10,17,4,3,5,5,34,13,13,6,2,35,10,13,9,3
S01007758,248,99,83,35,31,176,61,64,27,24,72,38,19,8,7,15,4,4,5,2,31,15,9,2,5,26,19,6,1,0
S01007759,421,85,155,86,95,349,79,123,72,75,72,6,32,14,20,21,1,9,5,6,30,2,14,6,8,21,3,9,3,6
S01007760,159,72,55,20,12,100,41,35,15,9,59,31,20,5,3,21,12,3,4,2,19,9,8,1,1,19,10,9,0,0
S01007761,261,99,91,38,33,175,62,61,27,25,86,37,30,11,8,28,9,11,3,5,27,13,8,5,1,31,15,11,3,2
S01007762,306,96,115,39,56,244,81,93,27,43,62,15,22,12,13,19,7,3,6,3,20,5,6,3,6,23,3,13,3,4
S01007763,143,18,49,28,48,100,14,38,18,30,43,4,11,10,18,23,1,2,8,12,11,1,3,2,5,9,2,6,0,1
S01007764,224,64,94,37,29,130,41,52,19,18,94,23,42,18,11,21,3,10,4,4,34,9,12,7,6,39,11,20,7,1
S01007765,179,42,81,37,19,103,22,44,22,15,76,20,37,15,4,28,7,14,5,2,25,10,13,2,0,23,3,10,8,2
S01007766,223,74,90,34,25,125,41,51,19,14,98,33,39,15,11,30,13,9,4,4,31,7,12,8,4,37,13,18,3,3
S01007767,247,73,97,38,39,164,43,73,18,30,83,30,24,20,9,16,7,4,2,3,31,10,8,11,2,36,13,12,7,4
S01007768,224,84,84,23,33,167,53,68,21,25,57,31,16,2,8,18,11,6,0,1,19,10,3,2,4,20,10,7,0,3
S01007769,194,67,77,18,32,131,46,53,11,21,63,21,24,7,11,19,4,9,4,2,21,8,4,2,7,23,9,11,1,2
S01007770,193,88,70,18,17,108,45,43,8,12,85,43,27,10,5,28,11,9,3,5,29,15,10,4,0,28,17,8,3,0
S01007771,119,51,38,23,7,65,27,20,12,6,54,24,18,11,1,20,11,6,3,0,17,8,2,6,1,17,5,10,2,0
S01007772,342,43,113,82,104,250,32,80,55,83,92,11,33,27,21,41,5,13,14,9,31,4,12,9,6,20,2,8,4,6
S01007773,202,38,96,37,31,128,28,56,26,18,74,10,40,11,13,20,3,9,6,2,27,3,17,1,6,27,4,14,4,5
S01007774,306,97,127,51,31,119,40,46,22,11,187,57,81,29,20,76,25,36,8,7,71,22,27,15,7,40,10,18,6,6
S01007775,284,90,105,50,39,163,50,62,31,20,121,40,43,19,19,46,12,18,8,8,35,10,13,7,5,40,18,12,4,6
S01007776,229,82,91,38,18,118,43,51,15,9,111,39,40,23,9,34,11,11,9,3,34,13,12,7,2,43,15,17,7,4
S01007777,299,103,116,52,28,104,29,42,25,8,195,74,74,27,20,63,26,23,6,8,71,29,25,9,8,61,19,26,12,4
S01007778,139,64,44,23,8,62,24,21,10,7,77,40,23,13,1,42,27,12,3,0,19,9,5,5,0,16,4,6,5,1
S01007779,246,27,90,76,53,174,22,63,52,37,72,5,27,24,16,25,2,11,7,5,25,2,9,9,5,22,1,7,8,6
S01007780,289,45,95,79,70,180,30,62,45,43,109,15,33,34,27,35,5,11,8,11,32,4,8,13,7,42,6,14,13,9
S01007781,335,40,118,80,97,210,31,65,57,57,125,9,53,23,40,50,6,24,7,13,36,0,11,7,18,39,3,18,9,9
S01007782,207,20,52,44,91,136,18,33,31,54,71,2,19,13,37,36,2,9,5,20,19,0,7,4,8,16,0,3,4,9
S01007783,273,4,49,44,176,173,3,30,34,106,100,1,19,10,70,43,0,10,5,28,31,1,4,3,23,26,0,5,2,19
S01007784,258,25,85,58,90,139,14,51,23,51,119,11,34,35,39,38,3,10,16,9,50,2,16,9,23,31,6,8,10,7
S01007785,215,6,55,33,121,102,4,27,19,52,113,2,28,14,69,51,1,10,3,37,35,0,10,4,21,27,1,8,7,11
S01007786,231,11,56,55,109,138,4,31,35,68,93,7,25,20,41,36,3,10,8,15,30,2,6,8,14,27,2,9,4,12
S01007787,206,7,44,57,98,115,3,18,35,59,91,4,26,22,39,41,1,16,10,14,27,1,4,6,16,23,2,6,6,9
S01007788,242,7,38,46,151,108,5,14,20,69,134,2,24,26,82,61,1,6,10,44,44,1,9,11,23,29,0,9,5,15
S01007789,215,12,52,42,109,106,5,20,29,52,109,7,32,13,57,36,2,9,6,19,34,2,11,5,16,39,3,12,2,22
S01007790,309,7,55,53,194,125,3,18,32,72,184,4,37,21,122,58,2,11,8,37,86,1,18,8,59,40,1,8,5,26
S01007791,155,36,43,40,36,86,21,28,18,19,69,15,15,22,17,33,8,6,10,9,18,3,5,8,2,18,4,4,4,6
S01007792,287,10,61,95,121,177,5,34,58,80,110,5,27,37,41,40,0,8,15,17,39,3,8,11,17,31,2,11,11,7
S01007793,314,9,59,64,182,161,4,23,36,98,153,5,36,28,84,72,2,9,14,47,41,1,13,7,20,40,2,14,7,17
S01007794,177,5,52,46,74,96,1,31,22,42,81,4,21,24,32,32,2,9,7,14,18,1,6,5,6,31,1,6,12,12
S01007795,193,2,44,54,93,106,0,25,28,53,87,2,19,26,40,44,0,7,15,22,24,1,8,10,5,19,1,4,1,13
S01007796,249,17,82,45,105,130,8,42,26,54,119,9,40,19,51,60,5,16,9,30,35,2,16,4,13,24,2,8,6,8
S01007797,197,7,48,42,100,117,6,32,20,59,80,1,16,22,41,36,0,5,8,23,23,1,8,6,8,21,0,3,8,10
S01007798,208,38,77,48,45,96,21,40,15,20,112,17,37,33,25,49,11,14,15,9,38,6,14,10,8,25,0,9,8,8
S01007799,188,39,65,46,38,67,19,18,17,13,121,20,47,29,25,53,9,19,16,9,36,7,13,7,9,32,4,15,6,7
S01007800,296,6,65,58,167,152,3,30,32,87,144,3,35,26,80,52,2,16,8,26,60,0,16,9,35,32,1,3,9,19
S01007801,298,7,60,60,171,196,6,42,43,105,102,1,18,17,66,34,1,8,5,20,39,0,4,5,30,29,0,6,7,16
S01007802,191,16,73,53,49,93,11,31,23,28,98,5,42,30,21,39,5,19,6,9,37,0,17,11,9,22,0,6,13,3
S01007803,391,16,80,58,237,236,12,53,36,135,155,4,27,22,102,68,3,8,9,48,59,1,12,3,43,28,0,7,10,11
S01007804,224,9,57,28,130,112,2,23,18,69,112,7,34,10,61,37,3,14,3,17,41,2,10,4,25,34,2,10,3,19
S01007805,188,11,42,28,107,96,7,20,11,58,92,4,22,17,49,39,1,11,6,21,37,3,9,7,18,16,0,2,4,10
S01007806,213,13,48,50,102,136,9,27,32,68,77,4,21,18,34,41,3,8,12,18,15,1,7,2,5,21,0,6,4,11
S01007807,212,36,86,51,39,108,18,45,24,21,104,18,41,27,18,37,6,13,10,8,28,7,14,6,1,39,5,14,11,9
S01007808,268,15,86,55,112,142,7,46,29,60,126,8,40,26,52,40,4,18,6,12,50,3,17,8,22,36,1,5,12,18
S01007809,252,45,100,59,48,153,30,60,37,26,99,15,40,22,22,29,2,11,5,11,33,6,12,9,6,37,7,17,8,5
S01007810,260,10,54,67,129,150,6,29,37,78,110,4,25,30,51,45,3,12,12,18,34,1,7,8,18,31,0,6,10,15
S01007811,261,13,59,64,125,134,11,30,33,60,127,2,29,31,65,49,1,15,12,21,50,0,7,12,31,28,1,7,7,13
S01007812,298,9,53,60,176,147,0,23,30,94,151,9,30,30,82,64,5,10,12,37,53,3,14,10,26,34,1,6,8,19
S01007813,239,10,62,48,119,125,8,32,26,59,114,2,30,22,60,51,0,14,10,27,31,2,12,6,11,32,0,4,6,22
S01007814,165,10,54,37,64,104,9,37,17,41,61,1,17,20,23,20,1,4,8,7,21,0,7,5,9,20,0,6,7,7
S01007815,238,31,97,67,43,150,22,67,35,26,88,9,30,32,17,23,4,8,6,5,24,0,7,11,6,41,5,15,15,6
S01007816,203,16,77,67,43,128,13,50,40,25,75,3,27,27,18,27,2,9,10,6,33,1,12,9,11,15,0,6,8,1
S01007817,117,7,42,29,39,73,4,25,22,22,44,3,17,7,17,13,1,5,4,3,15,1,5,2,7,16,1,7,1,7
S01007818,250,25,92,72,61,148,18,58,44,28,102,7,34,28,33,41,4,12,10,15,30,1,9,10,10,31,2,13,8,8
S01007819,220,26,68,69,57,140,20,47,38,35,80,6,21,31,22,29,1,6,11,11,35,5,12,10,8,16,0,3,10,3
S01007820,264,28,81,60,95,159,17,45,39,58,105,11,36,21,37,33,3,12,6,12,34,1,9,9,15,38,7,15,6,10
S01007821,168,24,53,36,55,106,13,37,24,32,62,11,16,12,23,22,4,7,3,8,19,4,6,4,5,21,3,3,5,10
S01007822,210,37,76,54,43,136,22,42,40,32,74,15,34,14,11,15,3,6,5,1,27,6,15,4,2,32,6,13,5,8
S01007823,206,38,82,59,27,139,24,54,42,19,67,14,28,17,8,23,5,12,5,1,17,3,7,5,2,27,6,9,7,5
S01007824,201,44,71,40,46,122,24,47,19,32,79,20,24,21,14,23,4,7,7,5,21,7,4,5,5,35,9,13,9,4
S01007825,304,57,112,67,68,204,37,74,46,47,100,20,38,21,21,31,9,9,5,8,32,5,16,5,6,37,6,13,11,7
S01007826,184,7,54,37,86,105,5,27,20,53,79,2,27,17,33,34,1,15,6,12,19,0,3,7,9,26,1,9,4,12
S01007827,263,54,93,46,70,195,45,72,30,48,68,9,21,16,22,26,3,11,4,8,23,4,3,7,9,19,2,7,5,5
S01007828,417,47,139,84,147,344,39,109,72,124,73,8,30,12,23,34,5,12,6,11,20,1,13,2,4,19,2,5,4,8
S01007829,169,24,58,32,55,136,20,45,25,46,33,4,13,7,9,11,1,4,3,3,10,0,7,2,1,12,3,2,2,5
S01007830,337,37,120,52,128,258,33,93,36,96,79,4,27,16,32,38,0,12,11,15,24,2,5,3,14,17,2,10,2,3
S01007831,352,27,137,55,133,256,21,99,46,90,96,6,38,9,43,40,6,18,6,10,28,0,13,0,15,28,0,7,3,18
S01007832,256,18,90,56,92,193,16,67,41,69,63,2,23,15,23,25,1,5,7,12,20,0,11,4,5,18,1,7,4,6
S01007833,189,12,73,49,55,146,10,57,37,42,43,2,16,12,13,22,1,9,4,8,13,1,3,6,3,8,0,4,2,2
S01007834,326,35,122,52,117,241,29,91,40,81,85,6,31,12,36,33,3,11,5,14,34,2,15,5,12,18,1,5,2,10
S01007835,204,43,61,47,53,124,30,30,28,36,80,13,31,19,17,31,5,9,8,9,30,4,15,5,6,19,4,7,6,2
S01007836,181,40,73,30,38,143,31,58,21,33,38,9,15,9,5,12,3,4,2,3,12,1,6,4,1,14,5,5,3,1
S01007837,214,37,95,53,29,153,27,73,35,18,61,10,22,18,11,12,2,4,5,1,24,2,7,9,6,25,6,11,4,4
S01007838,223,44,87,54,38,145,30,60,27,28,78,14,27,27,10,23,7,9,4,3,22,2,7,10,3,33,5,11,13,4
S01007839,122,14,44,32,32,81,8,31,20,22,41,6,13,12,10,19,5,4,5,5,11,1,5,2,3,11,0,4,5,2
S01007840,303,25,110,61,107,218,17,81,47,73,85,8,29,14,34,41,4,11,7,19,23,0,12,2,9,21,4,6,5,6
S01007841,254,16,80,51,107,152,10,47,36,59,102,6,33,15,48,43,4,8,7,24,29,0,14,2,13,30,2,11,6,11
S01007842,346,21,102,46,177,227,15,80,29,103,119,6,22,17,74,62,4,10,6,42,33,0,5,8,20,24,2,7,3,12
S01007843,269,20,97,54,98,172,13,62,33,64,97,7,35,21,34,42,3,17,9,13,25,2,9,5,9,30,2,9,7,12
S01007844,433,34,139,95,165,315,31,104,62,118,118,3,35,33,47,43,1,15,11,16,50,1,15,13,21,25,1,5,9,10
S01007845,331,14,78,60,179,191,11,43,38,99,140,3,35,22,80,71,3,14,11,43,44,0,16,7,21,25,0,5,4,16
S01007846,244,8,69,68,99,130,1,41,38,50,114,7,28,30,49,46,3,6,18,19,36,3,10,3,20,32,1,12,9,10
S01007847,319,13,90,74,142,193,7,53,50,83,126,6,37,24,59,70,2,22,8,38,33,3,11,5,14,23,1,4,11,7
S01007848,352,14,94,65,179,237,9,52,53,123,115,5,42,12,56,47,3,18,8,18,39,2,11,4,22,29,0,13,0,16
S01007849,335,16,86,60,173,176,11,58,28,79,159,5,28,32,94,68,2,9,13,44,54,1,14,10,29,37,2,5,9,21
S01007850,192,8,41,53,90,110,5,20,36,49,82,3,21,17,41,30,0,9,5,16,23,2,3,6,12,29,1,9,6,13
S01007851,235,27,72,59,77,150,18,44,38,50,85,9,28,21,27,23,2,11,5,5,39,4,12,8,15,23,3,5,8,7
S01007852,295,15,61,57,162,199,10,42,40,107,96,5,19,17,55,38,0,10,4,24,28,2,6,5,15,30,3,3,8,16
S01007853,264,14,64,41,145,198,12,49,30,107,66,2,15,11,38,37,1,6,5,25,13,0,2,2,9,16,1,7,4,4
S01007854,424,30,102,87,205,272,24,56,56,136,152,6,46,31,69,61,5,16,13,27,47,0,12,7,28,44,1,18,11,14
S01007855,245,18,66,57,104,193,15,52,43,83,52,3,14,14,21,31,1,8,6,16,12,1,3,4,4,9,1,3,4,1
S01007856,267,22,82,70,93,149,13,45,41,50,118,9,37,29,43,42,4,17,7,14,42,3,6,16,17,34,2,14,6,12
S01007857,174,5,46,22,101,96,2,27,16,51,78,3,19,6,50,29,1,8,4,16,31,1,8,2,20,18,1,3,0,14
S01007858,361,23,110,65,163,233,16,67,40,110,128,7,43,25,53,45,4,19,5,17,42,1,14,8,19,41,2,10,12,17
S01007859,183,8,38,43,94,105,3,14,30,58,78,5,24,13,36,22,3,4,4,11,37,2,16,5,14,19,0,4,4,11
S01007860,220,33,61,52,74,105,16,24,23,42,115,17,37,29,32,43,9,13,11,10,42,6,16,7,13,30,2,8,11,9
S01007861,182,7,48,40,87,103,1,22,30,50,79,6,26,10,37,28,5,5,2,16,23,0,9,4,10,28,1,12,4,11
S01007862,233,9,51,53,120,143,7,27,33,76,90,2,24,20,44,44,2,11,11,20,16,0,5,4,7,30,0,8,5,17
S01007863,364,4,94,62,204,206,3,46,38,119,158,1,48,24,85,91,0,28,11,52,42,1,13,6,22,25,0,7,7,11
S01007864,338,20,90,65,163,222,16,63,35,108,116,4,27,30,55,64,4,11,13,36,39,0,13,13,13,13,0,3,4,6
S01007865,221,58,69,61,33,82,23,25,22,12,139,35,44,39,21,51,15,15,13,8,53,13,18,16,6,35,7,11,10,7
S01007866,197,33,78,54,32,101,14,44,22,21,96,19,34,32,11,37,8,12,12,5,32,6,12,13,1,27,5,10,7,5
S01007867,165,46,67,29,23,95,27,44,16,8,70,19,23,13,15,35,12,13,6,4,21,5,4,4,8,14,2,6,3,3
S01007868,266,60,101,69,36,180,41,67,46,26,86,19,34,23,10,16,4,7,3,2,27,6,11,8,2,43,9,16,12,6
S01007869,290,106,94,45,45,168,61,57,31,19,122,45,37,14,26,45,22,11,6,6,39,17,12,2,8,38,6,14,6,12
S01007870,159,23,40,55,41,100,17,23,33,27,59,6,17,22,14,17,2,3,8,4,21,1,9,4,7,21,3,5,10,3
S01007871,204,11,22,50,121,120,7,15,29,69,84,4,7,21,52,24,0,1,10,13,37,2,4,5,26,23,2,2,6,13
S01007872,259,10,29,59,161,161,5,17,33,106,98,5,12,26,55,41,2,5,11,23,31,3,3,9,16,26,0,4,6,16
S01007873,198,14,53,64,67,129,7,37,33,52,69,7,16,31,15,21,1,4,11,5,26,3,7,10,6,22,3,5,10,4
S01007874,219,12,42,85,80,145,6,28,53,58,74,6,14,32,22,16,0,5,8,3,29,3,5,12,9,29,3,4,12,10
S01007875,184,23,60,39,62,121,20,40,25,36,63,3,20,14,26,21,1,8,6,6,23,2,6,3,12,19,0,6,5,8
S01007876,322,37,94,99,92,181,26,47,60,48,141,11,47,39,44,70,5,21,23,21,49,4,19,11,15,22,2,7,5,8
S01007877,223,13,50,77,83,138,9,32,39,58,85,4,18,38,25,39,3,8,18,10,23,1,4,12,6,23,0,6,8,9
S01007878,206,14,46,63,83,132,12,27,37,56,74,2,19,26,27,29,0,5,12,12,21,1,8,4,8,24,1,6,10,7
S01007879,253,5,34,89,125,140,2,16,51,71,113,3,18,38,54,52,1,9,19,23,28,1,2,9,16,33,1,7,10,15
S01007880,127,33,30,35,29,96,22,22,29,23,31,11,8,6,6,9,4,2,2,1,9,3,1,3,2,13,4,5,1,3
S01007881,174,14,42,63,55,107,10,29,35,33,67,4,13,28,22,23,1,4,10,8,27,3,4,11,9,17,0,5,7,5
S01007882,226,56,63,73,34,137,33,36,44,24,89,23,27,29,10,21,6,5,9,1,31,7,6,13,5,37,10,16,7,4
S01007883,348,52,106,105,85,224,38,71,63,52,124,14,35,42,33,51,7,21,11,12,39,6,8,13,12,34,1,6,18,9
S01007884,200,10,52,60,78,108,6,23,35,44,92,4,29,25,34,41,4,11,10,16,22,0,6,6,10,29,0,12,9,8
S01007885,256,14,57,53,132,169,12,33,35,89,87,2,24,18,43,29,0,11,7,11,24,0,5,5,14,34,2,8,6,18
S01007886,312,30,81,98,103,224,13,60,67,84,88,17,21,31,19,28,4,10,9,5,22,5,3,7,7,38,8,8,15,7
S01007887,164,32,40,63,29,105,17,27,41,20,59,15,13,22,9,22,2,7,9,4,17,8,1,5,3,20,5,5,8,2
S01007888,365,10,60,111,184,204,7,29,73,95,161,3,31,38,89,65,2,16,16,31,54,0,8,12,34,42,1,7,10,24
S01007889,155,9,30,49,67,94,5,19,28,42,61,4,11,21,25,26,1,7,11,7,14,0,1,4,9,21,3,3,6,9
S01007890,229,18,55,74,82,135,12,28,41,54,94,6,27,33,28,20,1,4,4,11,49,2,14,21,12,25,3,9,8,5
S01007891,258,18,72,94,74,152,9,41,57,45,106,9,31,37,29,33,0,7,14,12,35,5,15,10,5,38,4,9,13,12
S01007892,239,44,71,62,62,167,27,51,44,45,72,17,20,18,17,30,5,10,6,9,20,8,4,4,4,22,4,6,8,4
S01007893,288,55,96,82,55,168,35,51,47,35,120,20,45,35,20,43,7,19,12,5,30,5,12,9,4,47,8,14,14,11
S01007894,278,22,69,99,88,155,13,36,54,52,123,9,33,45,36,36,5,9,12,10,35,3,13,9,10,52,1,11,24,16
S01007895,152,21,52,39,40,95,15,33,24,23,57,6,19,15,17,18,3,4,6,5,21,3,8,3,7,18,0,7,6,5
S01007896,278,8,59,91,120,163,3,35,52,73,115,5,24,39,47,49,2,6,18,23,34,0,10,10,14,32,3,8,11,10
S01007897,121,23,38,39,21,69,10,23,20,16,52,13,15,19,5,17,5,5,6,1,18,3,3,8,4,17,5,7,5,0
S01007898,131,20,32,55,24,80,11,23,32,14,51,9,9,23,10,16,2,4,9,1,17,3,4,7,3,18,4,1,7,6
S01007899,109,10,33,46,20,78,6,22,34,16,31,4,11,12,4,11,1,7,3,0,10,2,2,4,2,10,1,2,5,2
S01007900,159,7,31,50,71,99,4,20,31,44,60,3,11,19,27,19,1,4,4,10,20,1,5,4,10,21,1,2,11,7
S01007901,223,11,45,86,81,133,8,23,50,52,90,3,22,36,29,48,3,16,18,11,20,0,4,8,8,22,0,2,10,10
S01007902,283,6,52,98,127,180,4,33,59,84,103,2,19,39,43,43,0,8,16,19,35,1,7,11,16,25,1,4,12,8
S01007903,203,17,50,72,64,142,12,38,47,45,61,5,12,25,19,18,1,3,10,4,19,2,2,9,6,24,2,7,6,9
S01007904,228,37,63,83,45,141,23,38,48,32,87,14,25,35,13,29,7,9,9,4,30,5,7,13,5,28,2,9,13,4
S01007905,227,4,22,74,127,122,3,10,39,70,105,1,12,35,57,36,1,4,12,19,27,0,3,5,19,42,0,5,18,19
S01007906,220,10,32,66,112,154,9,19,46,80,66,1,13,20,32,28,0,3,10,15,22,1,7,5,9,16,0,3,5,8
S01007907,159,9,28,51,71,113,8,20,36,49,46,1,8,15,22,11,0,1,3,7,13,1,1,6,5,22,0,6,6,10
S01007908,252,25,58,89,80,164,13,33,60,58,88,12,25,29,22,32,3,6,13,10,24,5,10,6,3,32,4,9,10,9
S01007909,179,13,36,54,76,94,8,14,34,38,85,5,22,20,38,31,4,7,6,14,34,0,10,5,19,20,1,5,9,5
S01007910,301,14,65,85,137,145,10,28,35,72,156,4,37,50,65,56,2,12,16,26,53,1,12,18,22,47,1,13,16,17
S01007911,242,16,65,71,90,139,8,31,44,56,103,8,34,27,34,39,5,14,6,14,31,1,7,13,10,33,2,13,8,10
S01007912,241,14,50,88,89,164,13,29,57,65,77,1,21,31,24,33,0,11,10,12,13,1,1,8,3,31,0,9,13,9
S01007913,207,8,41,62,96,132,6,22,42,62,75,2,19,20,34,28,1,6,11,10,25,0,9,4,12,22,1,4,5,12
S01007914,203,7,51,60,85,121,6,32,34,49,82,1,19,26,36,33,0,6,13,14,18,1,5,6,6,31,0,8,7,16
S01007915,273,15,64,97,97,159,10,40,53,56,114,5,24,44,41,48,2,8,19,19,23,0,8,11,4,43,3,8,14,18
S01007916,233,17,59,68,89,156,12,34,48,62,77,5,25,20,27,27,2,8,7,10,20,2,8,5,5,30,1,9,8,12
S01007917,282,20,52,110,100,198,14,36,75,73,84,6,16,35,27,26,1,5,12,8,36,4,5,13,14,22,1,6,10,5
S01007918,318,25,82,93,118,221,16,49,59,97,97,9,33,34,21,33,5,10,12,6,28,4,7,11,6,36,0,16,11,9
S01007919,215,59,72,51,33,124,35,43,26,20,91,24,29,25,13,25,5,6,8,6,38,13,14,9,2,28,6,9,8,5
S01007920,189,35,54,59,41,110,22,32,33,23,79,13,22,26,18,34,9,10,10,5,25,4,5,9,7,20,0,7,7,6
S01007921,291,14,41,105,131,174,3,25,61,85,117,11,16,44,46,42,4,7,15,16,39,5,7,12,15,36,2,2,17,15
S01007922,289,8,46,86,149,178,3,31,50,94,111,5,15,36,55,25,3,1,10,11,44,0,11,10,23,42,2,3,16,21
S01007923,310,27,80,124,79,202,19,43,82,58,108,8,37,42,21,52,6,16,25,5,29,1,11,10,7,27,1,10,7,9
S01007924,334,19,67,95,153,202,11,40,55,96,132,8,27,40,57,51,6,12,15,18,51,1,11,17,22,30,1,4,8,17
S01007925,136,27,40,49,20,88,16,26,31,15,48,11,14,18,5,11,0,3,5,3,24,7,10,6,1,13,4,1,7,1
S01007926,141,33,51,38,19,84,20,28,24,12,57,13,23,14,7,21,5,8,7,1,14,3,7,2,2,22,5,8,5,4
S01007927,180,45,56,63,16,114,26,33,44,11,66,19,23,19,5,23,6,6,9,2,14,4,6,3,1,29,9,11,7,2
S01007928,289,83,94,76,36,171,45,62,39,25,118,38,32,37,11,41,11,13,13,4,41,11,11,14,5,36,16,8,10,2
S01007929,223,64,69,64,26,131,34,37,39,21,92,30,32,25,5,42,12,12,14,4,23,10,8,5,0,27,8,12,6,1
S01007930,166,57,41,52,16,94,29,26,30,9,72,28,15,22,7,30,11,6,9,4,17,5,5,7,0,25,12,4,6,3
S01007931,326,104,92,67,63,184,45,59,44,36,142,59,33,23,27,75,30,18,13,14,29,12,5,5,7,38,17,10,5,6
S01007932,231,72,82,47,30,153,55,52,23,23,78,17,30,24,7,22,6,11,4,1,26,7,8,7,4,30,4,11,13,2
S01007933,254,49,94,68,43,117,21,38,33,25,137,28,56,35,18,51,12,22,11,6,47,8,19,15,5,39,8,15,9,7
S01007934,221,35,74,53,59,114,16,35,26,37,107,19,39,27,22,39,8,14,8,9,36,9,12,9,6,32,2,13,10,7
S01007935,318,54,106,79,79,226,37,75,60,54,92,17,31,19,25,40,6,16,6,12,28,6,7,7,8,24,5,8,6,5
S01007936,312,119,103,54,36,167,56,57,30,24,145,63,46,24,12,46,22,17,7,0,56,24,21,8,3,43,17,8,9,9
S01007937,341,84,124,72,61,208,48,78,40,42,133,36,46,32,19,60,23,21,12,4,36,8,12,10,6,37,5,13,10,9
S01007938,258,30,85,62,81,169,17,54,47,51,89,13,31,15,30,32,5,9,6,12,29,3,10,5,11,28,5,12,4,7
S01007939,294,17,75,85,117,177,10,42,52,73,117,7,33,33,44,43,2,9,12,20,38,4,9,8,17,36,1,15,13,7
S01007940,349,59,85,95,110,229,35,53,64,77,120,24,32,31,33,42,11,11,9,11,43,6,12,12,13,35,7,9,10,9
S01007941,198,40,73,46,39,130,29,42,30,29,68,11,31,16,10,16,4,5,4,3,22,4,8,5,5,30,3,18,7,2
S01007942,177,20,45,54,58,90,9,13,34,34,87,11,32,20,24,50,9,19,11,11,29,2,10,7,10,8,0,3,2,3
S01007943,205,33,64,45,63,142,18,47,33,44,63,15,17,12,19,29,10,5,3,11,16,1,6,4,5,18,4,6,5,3
S01007944,312,37,76,89,110,204,23,47,60,74,108,14,29,29,36,36,6,8,12,10,42,5,14,11,12,30,3,7,6,14
S01007945,312,45,83,82,102,223,30,50,65,78,89,15,33,17,24,31,4,11,6,10,28,3,13,5,7,30,8,9,6,7
S01007946,304,35,94,71,104,213,26,60,52,75,91,9,34,19,29,32,2,13,8,9,24,2,9,7,6,35,5,12,4,14
S01007947,228,48,63,58,59,137,33,36,36,32,91,15,27,22,27,27,5,12,4,6,36,7,6,9,14,28,3,9,9,7
S01007948,228,15,39,64,110,150,8,30,47,65,78,7,9,17,45,33,1,3,6,23,30,5,6,8,11,15,1,0,3,11
S01007949,239,41,80,61,57,163,29,54,37,43,76,12,26,24,14,22,3,8,7,4,25,4,10,7,4,29,5,8,10,6
S01007950,278,56,107,71,44,172,36,64,41,31,106,20,43,30,13,21,5,6,7,3,46,10,18,12,6,39,5,19,11,4
S01007951,231,35,77,56,63,141,23,50,31,37,90,12,27,25,26,29,4,9,11,5,32,4,10,8,10,29,4,8,6,11
S01007952,227,17,64,64,82,177,13,51,47,66,50,4,13,17,16,20,0,3,7,10,12,0,6,4,2,18,4,4,6,4
S01007953,306,20,84,82,120,174,13,46,48,67,132,7,38,34,53,40,3,11,8,18,44,2,15,12,15,48,2,12,14,20
S01007954,259,10,53,69,127,165,5,37,43,80,94,5,16,26,47,33,2,4,6,21,31,2,6,9,14,30,1,6,11,12
S01007955,270,5,58,83,124,137,1,33,45,58,133,4,25,38,66,63,1,12,23,27,37,2,7,5,23,33,1,6,10,16
S01007956,219,6,52,66,95,106,2,23,30,51,113,4,29,36,44,44,0,15,14,15,42,1,10,14,17,27,3,4,8,12
S01007957,299,24,75,72,128,202,14,46,47,95,97,10,29,25,33,29,4,8,7,10,37,1,13,11,12,31,5,8,7,11
S01007958,315,19,72,86,138,210,13,52,53,92,105,6,20,33,46,50,1,5,17,27,35,3,8,10,14,20,2,7,6,5
S01007959,230,25,76,73,56,172,19,60,49,44,58,6,16,24,12,15,1,4,8,2,21,3,6,7,5,22,2,6,9,5
S01007960,224,17,47,71,89,129,9,24,39,57,95,8,23,32,32,29,4,4,13,8,31,3,7,12,9,35,1,12,7,15
S01007961,199,43,49,68,39,134,35,31,43,25,65,8,18,25,14,24,5,6,8,5,19,2,4,8,5,22,1,8,9,4
S01007962,206,10,52,53,91,112,5,31,32,44,94,5,21,21,47,33,1,4,6,22,41,2,11,10,18,20,2,6,5,7
S01007963,341,10,54,73,204,178,6,31,44,97,163,4,23,29,107,80,2,8,11,59,49,1,5,12,31,34,1,10,6,17
S01007964,239,16,41,68,114,148,9,27,44,68,91,7,14,24,46,41,2,7,11,21,25,1,3,5,16,25,4,4,8,9
S01007965,181,11,35,48,87,112,8,21,31,52,69,3,14,17,35,31,1,9,7,14,19,0,1,7,11,19,2,4,3,10
S01007966,315,18,70,71,156,158,6,32,37,83,157,12,38,34,73,62,6,21,13,22,53,5,11,9,28,42,1,6,12,23
S01007967,207,4,43,46,114,99,2,18,22,57,108,2,25,24,57,46,0,14,5,27,31,1,5,7,18,31,1,6,12,12
S01007968,256,10,69,84,93,161,6,44,53,58,95,4,25,31,35,36,1,9,11,15,32,2,7,12,11,27,1,9,8,9
S01007969,253,11,79,60,103,158,3,49,34,72,95,8,30,26,31,45,4,13,13,15,29,3,11,5,10,21,1,6,8,6
S01007970,297,16,79,96,106,189,8,49,65,67,108,8,30,31,39,42,3,10,15,14,37,2,12,9,14,29,3,8,7,11
S01007971,317,21,77,84,135,220,11,55,56,98,97,10,22,28,37,35,4,8,11,12,32,2,5,12,13,30,4,9,5,12
S01007972,249,15,70,83,81,152,6,45,49,52,97,9,25,34,29,29,4,7,10,8,35,3,7,16,9,33,2,11,8,12
S01007973,260,46,95,69,50,187,32,71,45,39,73,14,24,24,11,25,4,9,8,4,17,4,2,8,3,31,6,13,8,4
S01007974,307,18,71,73,145,220,14,40,54,112,87,4,31,19,33,32,2,14,8,8,28,0,7,5,16,27,2,10,6,9
S01007975,215,12,62,65,76,144,7,41,43,53,71,5,21,22,23,29,2,8,9,10,22,1,8,5,8,20,2,5,8,5
S01007976,294,26,93,73,102,247,23,74,62,88,47,3,19,11,14,24,3,9,6,6,12,0,6,3,3,11,0,4,2,5
S01007977,229,43,66,60,60,154,29,42,41,42,75,14,24,19,18,31,9,10,8,4,15,2,3,5,5,29,3,11,6,9
S01007978,275,28,93,73,81,232,22,82,62,66,43,6,11,11,15,18,2,4,5,7,10,1,5,2,2,15,3,2,4,6
S01007979,263,78,86,54,45,178,53,56,35,34,85,25,30,19,11,26,12,7,3,4,32,5,11,12,4,27,8,12,4,3
S01007980,212,34,79,51,48,145,28,57,29,31,67,6,22,22,17,22,4,7,6,5,23,1,7,6,9,22,1,8,10,3
S01007981,151,34,52,34,31,114,27,40,25,22,37,7,12,9,9,10,1,4,2,3,12,2,4,3,3,15,4,4,4,3
S01007982,135,34,37,34,30,77,18,21,18,20,58,16,16,16,10,17,2,5,5,5,17,7,3,5,2,24,7,8,6,3
S01007983,223,12,55,60,96,126,7,31,37,51,97,5,24,23,45,22,2,7,4,9,41,0,10,9,22,34,3,7,10,14
S01007984,233,38,75,53,67,136,21,43,23,49,97,17,32,30,18,37,8,8,12,9,31,6,11,10,4,29,3,13,8,5
S01007985,298,10,68,84,136,178,6,40,51,81,120,4,28,33,55,45,2,9,15,19,40,1,12,6,21,35,1,7,12,15
S01007986,146,19,45,42,40,73,9,25,19,20,73,10,20,23,20,25,3,6,7,9,23,4,8,6,5,25,3,6,10,6
S01007987,239,38,91,53,57,145,21,58,31,35,94,17,33,22,22,20,4,5,7,4,38,6,16,9,7,36,7,12,6,11
S01007988,231,19,57,71,84,130,13,26,44,47,101,6,31,27,37,44,2,12,11,19,33,2,10,9,12,24,2,9,7,6
S01007989,244,11,67,71,95,123,5,35,38,45,121,6,32,33,50,42,4,8,13,17,38,1,11,6,20,41,1,13,14,13
S01007990,297,24,94,71,108,141,9,45,36,51,156,15,49,35,57,51,4,13,14,20,65,7,22,12,24,40,4,14,9,13
S01007991,305,100,118,61,26,147,42,60,30,15,158,58,58,31,11,64,25,22,13,4,60,20,23,13,4,34,13,13,5,3
S01007992,208,47,82,53,26,92,21,36,22,13,116,26,46,31,13,44,13,15,13,3,38,4,21,8,5,34,9,10,10,5
S01007993,258,48,97,67,46,173,31,64,48,30,85,17,33,19,16,29,6,11,7,5,34,6,12,7,9,22,5,10,5,2
S01007994,277,90,112,50,25,123,43,51,15,14,154,47,61,35,11,73,23,28,17,5,58,21,24,9,4,23,3,9,9,2
S01007995,275,60,114,56,45,138,28,59,28,23,137,32,55,28,22,54,14,23,11,6,52,14,20,9,9,31,4,12,8,7
S01007996,142,37,53,30,22,92,21,39,17,15,50,16,14,13,7,16,5,4,5,2,18,7,6,3,2,16,4,4,5,3
S01007997,194,67,74,32,21,137,52,53,18,14,57,15,21,14,7,17,5,4,5,3,24,6,8,7,3,16,4,9,2,1
S01007998,162,56,57,26,23,110,42,38,15,15,52,14,19,11,8,21,5,9,3,4,15,5,4,4,2,16,4,6,4,2
S01007999,234,8,40,76,110,146,4,21,54,67,88,4,19,22,43,33,2,6,7,18,24,1,6,7,10,31,1,7,8,15
S01008000,295,21,55,76,143,160,13,24,46,77,135,8,31,30,66,52,1,11,11,29,49,3,13,10,23,34,4,7,9,14
S01008001,298,7,52,63,176,161,3,21,34,103,137,4,31,29,73,52,1,12,11,28,48,1,12,6,29,37,2,7,12,16
S01008002,285,13,48,64,160,175,7,21,42,105,110,6,27,22,55,41,1,11,9,20,40,4,9,9,18,29,1,7,4,17
S01008003,206,20,63,51,72,118,14,28,27,49,88,6,35,24,23,26,1,11,7,7,39,5,17,10,7,23,0,7,7,9
S01008004,212,34,72,42,64,89,14,31,18,26,123,20,41,24,38,66,15,25,11,15,34,4,12,10,8,23,1,4,3,15
S01008005,214,42,70,45,57,95,19,35,23,18,119,23,35,22,39,65,12,18,13,22,33,8,11,4,10,21,3,6,5,7
S01008006,194,8,32,30,124,105,3,11,19,72,89,5,21,11,52,39,4,10,3,22,26,1,8,1,16,24,0,3,7,14
S01008007,190,7,30,38,115,123,6,19,27,71,67,1,11,11,44,32,1,7,4,20,14,0,3,2,9,21,0,1,5,15
S01008008,228,16,64,40,108,115,10,29,21,55,113,6,35,19,53,56,5,18,8,25,35,1,13,7,14,22,0,4,4,14
S01008009,326,33,80,69,144,203,23,45,46,89,123,10,35,23,55,67,8,18,12,29,36,0,11,10,15,20,2,6,1,11
S01008010,406,30,108,85,183,319,20,83,65,151,87,10,25,20,32,39,6,7,6,20,27,3,7,12,5,21,1,11,2,7
S01008011,278,30,68,53,127,245,27,57,46,115,33,3,11,7,12,19,1,8,3,7,8,1,1,4,2,6,1,2,0,3
S01008012,380,62,129,82,107,316,44,115,66,91,64,18,14,16,16,27,9,4,5,9,15,2,6,5,2,22,7,4,6,5
S01008013,252,41,89,48,74,196,23,77,39,57,56,18,12,9,17,26,9,4,7,6,20,4,7,1,8,10,5,1,1,3
S01008014,229,43,85,49,52,169,30,63,36,40,60,13,22,13,12,22,9,5,5,3,17,0,8,4,5,21,4,9,4,4
S01008015,317,44,80,55,138,234,38,61,42,93,83,6,19,13,45,34,3,7,2,22,31,2,9,7,13,18,1,3,4,10
S01008016,273,24,92,74,83,201,15,66,56,64,72,9,26,18,19,27,3,8,6,10,27,5,12,7,3,18,1,6,5,6
S01008017,213,76,68,41,28,125,42,41,25,17,88,34,27,16,11,23,10,6,4,3,29,14,8,4,3,36,10,13,8,5
S01008018,195,53,82,37,23,142,38,62,25,17,53,15,20,12,6,18,6,7,4,1,15,5,4,4,2,20,4,9,4,3
S01008019,204,73,61,38,32,118,40,38,21,19,86,33,23,17,13,18,7,4,4,3,28,12,8,3,5,40,14,11,10,5
S01008020,253,46,92,63,52,196,31,72,47,46,57,15,20,16,6,20,4,10,4,2,20,7,7,5,1,17,4,3,7,3
S01008021,155,44,58,33,20,97,28,38,17,14,58,16,20,16,6,18,4,7,5,2,22,6,7,7,2,18,6,6,4,2
S01008022,206,65,79,35,27,122,34,51,21,16,84,31,28,14,11,26,11,9,4,2,33,12,9,8,4,25,8,10,2,5
S01008023,210,64,78,42,26,85,21,33,21,10,125,43,45,21,16,27,11,8,5,3,48,20,13,10,5,50,12,24,6,8
S01008024,216,65,91,39,21,82,23,36,13,10,134,42,55,26,11,76,26,30,15,5,38,9,16,8,5,20,7,9,3,1
S01008025,217,31,75,68,43,144,22,44,47,31,73,9,31,21,12,19,3,9,5,2,26,4,9,10,3,28,2,13,6,7
S01008026,320,31,91,93,105,203,18,56,66,63,117,13,35,27,42,50,5,17,11,17,35,3,10,8,14,32,5,8,8,11
S01008027,172,22,50,45,55,110,16,36,23,35,62,6,14,22,20,20,2,7,6,5,22,3,6,7,6,20,1,1,9,9
S01008028,188,21,64,53,50,103,10,36,28,29,85,11,28,25,21,31,3,12,11,5,32,6,9,7,10,22,2,7,7,6
S01008029,259,57,88,59,55,186,42,63,41,40,73,15,25,18,15,21,2,7,6,6,26,6,12,5,3,26,7,6,7,6
S01008030,315,68,109,75,63,201,45,67,45,44,114,23,42,30,19,36,4,15,12,5,38,8,13,9,8,40,11,14,9,6
S01008031,290,48,77,72,93,183,32,48,44,59,107,16,29,28,34,31,7,7,7,10,41,5,13,11,12,35,4,9,10,12
S01008032,286,38,91,69,88,170,22,48,43,57,116,16,43,26,31,37,6,14,8,9,40,4,12,11,13,39,6,17,7,9
S01008033,224,108,77,25,14,99,46,32,15,6,125,62,45,10,8,25,13,9,2,1,44,26,13,3,2,56,23,23,5,5
S01008034,234,107,80,29,18,106,44,46,9,7,128,63,34,20,11,42,20,11,7,4,42,21,13,4,4,44,22,10,9,3
S01008035,202,67,82,29,24,129,43,50,19,17,73,24,32,10,7,23,8,9,3,3,27,9,9,5,4,23,7,14,2,0
S01008036,162,57,59,32,14,87,27,31,19,10,75,30,28,13,4,20,11,6,3,0,24,8,10,3,3,31,11,12,7,1
S01008037,304,43,108,69,84,181,25,63,41,52,123,18,45,28,32,43,8,13,12,10,35,5,12,10,8,45,5,20,6,14
S01008038,226,34,66,58,68,112,18,32,31,31,114,16,34,27,37,40,7,11,8,14,36,6,12,9,9,38,3,11,10,14
S01008039,280,51,92,70,67,149,22,51,37,39,131,29,41,33,28,41,15,11,8,7,41,9,11,12,9,49,5,19,13,12
S01008040,208,80,65,37,26,110,34,34,25,17,98,46,31,12,9,31,12,11,5,3,31,18,8,2,3,36,16,12,5,3
S01008041,206,78,68,32,28,135,50,46,20,19,71,28,22,12,9,25,13,6,5,1,28,9,9,4,6,18,6,7,3,2
S01008042,172,85,54,16,17,104,44,35,9,16,68,41,19,7,1,17,12,1,4,0,28,16,10,1,1,23,13,8,2,0
S01008043,237,131,70,19,17,113,63,35,9,6,124,68,35,10,11,49,27,15,3,4,45,22,11,7,5,30,19,9,0,2
S01008044,274,117,93,38,26,169,66,62,24,17,105,51,31,14,9,31,12,9,4,6,37,22,9,5,1,37,17,13,5,2
S01008045,256,114,76,29,37,158,69,52,12,25,98,45,24,17,12,26,13,4,7,2,38,15,9,5,9,34,17,11,5,1
S01008046,275,65,99,42,69,216,46,76,34,60,59,19,23,8,9,29,9,12,3,5,15,5,5,2,3,15,5,6,3,1
S01008047,163,80,48,19,16,88,32,34,11,11,75,48,14,8,5,25,14,5,4,2,22,16,4,1,1,28,18,5,3,2
S01008048,143,63,52,20,8,85,36,34,10,5,58,27,18,10,3,13,7,4,1,1,25,14,6,5,0,20,6,8,4,2
S01008049,199,81,86,20,12,101,31,52,12,6,98,50,34,8,6,39,20,13,3,3,28,13,10,3,2,31,17,11,2,1
S01008050,138,62,50,14,12,70,25,29,9,7,68,37,21,5,5,18,9,7,1,1,29,18,7,1,3,21,10,7,3,1
S01008051,226,119,70,23,14,98,45,32,12,9,128,74,38,11,5,38,26,8,2,2,47,27,17,1,2,43,21,13,8,1
S01008052,241,125,88,17,11,135,68,50,10,7,106,57,38,7,4,36,18,14,4,0,43,27,11,2,3,27,12,13,1,1
S01008053,145,75,48,14,8,74,38,22,8,6,71,37,26,6,2,26,15,8,2,1,26,16,7,2,1,19,6,11,2,0
S01008054,206,109,62,13,22,129,58,41,12,18,77,51,21,1,4,19,11,6,0,2,30,22,6,1,1,28,18,9,0,1
S01008055,258,161,68,17,12,120,71,30,11,8,138,90,38,6,4,57,37,15,2,3,36,24,11,1,0,45,29,12,3,1
S01008056,167,93,47,16,11,77,35,29,7,6,90,58,18,9,5,31,20,7,3,1,27,19,3,3,2,32,19,8,3,2
S01008057,250,129,77,24,20,141,70,42,15,14,109,59,35,9,6,27,20,3,2,2,49,24,17,5,3,33,15,15,2,1
S01008058,248,134,78,28,8,136,73,44,15,4,112,61,34,13,4,32,19,9,3,1,37,19,12,4,2,43,23,13,6,1
S01008059,184,75,70,22,17,109,42,42,15,10,75,33,28,7,7,25,14,8,1,2,18,10,4,1,3,32,9,16,5,2
S01008060,247,94,91,39,23,128,49,42,22,15,119,45,49,17,8,32,16,12,3,1,47,14,20,8,5,40,15,17,6,2
S01008061,222,82,91,24,25,106,39,37,10,20,116,43,54,14,5,34,19,13,2,0,46,9,26,7,4,36,15,15,5,1
S01008062,257,64,102,62,29,154,39,63,34,18,103,25,39,28,11,36,12,12,7,5,37,9,19,9,0,30,4,8,12,6
S01008063,244,97,95,27,25,125,47,53,15,10,119,50,42,12,15,33,17,8,4,4,47,20,20,5,2,39,13,14,3,9
S01008064,219,39,66,51,63,129,23,37,31,38,90,16,29,20,25,27,4,8,8,7,34,8,11,4,11,29,4,10,8,7
S01008065,251,130,91,21,9,113,52,43,12,6,138,78,48,9,3,37,24,11,1,1,46,27,15,4,0,55,27,22,4,2
S01008066,219,149,48,12,10,93,59,27,3,4,126,90,21,9,6,32,21,7,2,2,48,34,7,5,2,46,35,7,2,2
S01008067,162,85,52,20,5,87,32,39,15,1,75,53,13,5,4,16,13,1,1,1,24,16,6,1,1,35,24,6,3,2
S01008068,242,101,76,45,20,149,60,48,24,17,93,41,28,21,3,28,13,9,6,0,31,16,9,5,1,34,12,10,10,2
S01008069,266,63,110,51,42,145,36,62,25,22,121,27,48,26,20,38,7,11,11,9,48,10,20,8,10,35,10,17,7,1
S01008070,260,50,104,75,31,157,27,63,44,23,103,23,41,31,8,37,10,15,10,2,30,7,13,8,2,36,6,13,13,4
S01008071,208,67,87,34,20,109,26,52,22,9,99,41,35,12,11,36,19,12,1,4,29,8,13,4,4,34,14,10,7,3
S01008072,292,145,105,19,23,199,94,76,14,15,93,51,29,5,8,33,20,11,0,2,31,19,11,0,1,29,12,7,5,5
S01008073,113,57,36,14,6,66,27,24,10,5,47,30,12,4,1,17,13,4,0,0,14,7,5,1,1,16,10,3,3,0
S01008074,261,118,89,41,13,150,69,53,19,9,111,49,36,22,4,30,15,7,8,0,44,21,14,6,3,37,13,15,8,1
S01008075,129,72,40,9,8,54,31,12,6,5,75,41,28,3,3,14,7,5,0,2,34,17,13,3,1,27,17,10,0,0
S01008076,139,83,41,9,6,93,53,28,7,5,46,30,13,2,1,17,11,6,0,0,17,14,3,0,0,12,5,4,2,1
S01008077,214,117,68,18,11,119,57,45,10,7,95,60,23,8,4,28,19,6,2,1,33,23,7,1,2,34,18,10,5,1
S01008078,212,91,77,30,14,116,45,44,15,12,96,46,33,15,2,23,13,7,3,0,41,20,12,7,2,32,13,14,5,0
S01008079,200,103,62,22,13,103,45,41,12,5,97,58,21,10,8,43,28,8,3,4,34,23,5,4,2,20,7,8,3,2
S01008080,189,81,60,33,15,105,54,28,15,8,84,27,32,18,7,33,10,16,5,2,29,11,7,7,4,22,6,9,6,1
S01008081,156,74,50,17,15,87,36,34,11,6,69,38,16,6,9,24,13,6,2,3,24,13,4,2,5,21,12,6,2,1
S01008082,213,80,92,23,18,118,40,51,16,11,95,40,41,7,7,29,14,11,2,2,37,18,14,3,2,29,8,16,2,3
S01008083,174,85,58,19,12,84,40,31,10,3,90,45,27,9,9,30,15,9,4,2,24,10,9,1,4,36,20,9,4,3
S01008084,248,78,84,40,46,138,40,43,23,32,110,38,41,17,14,27,9,8,4,6,37,10,16,7,4,46,19,17,6,4
S01008085,264,109,86,40,29,139,50,56,18,15,125,59,30,22,14,35,19,5,8,3,38,15,13,5,5,52,25,12,9,6
S01008086,327,98,114,69,46,176,46,62,45,23,151,52,52,24,23,44,17,15,4,8,55,18,20,12,5,52,17,17,8,10
S01008087,190,63,70,35,22,89,23,36,17,13,101,40,34,18,9,26,13,7,4,2,42,16,12,9,5,33,11,15,5,2
S01008088,234,66,95,37,36,135,36,57,24,18,99,30,38,13,18,28,13,7,4,4,32,10,11,5,6,39,7,20,4,8
S01008089,155,51,60,28,16,82,26,34,14,8,73,25,26,14,8,25,9,9,5,2,22,6,8,5,3,26,10,9,4,3
S01008090,206,68,67,38,33,102,30,31,18,23,104,38,36,20,10,37,20,10,5,2,33,12,12,5,4,34,6,14,10,4
S01008091,95,33,30,14,18,54,17,14,8,15,41,16,16,6,3,14,6,4,3,1,10,3,5,1,1,17,7,7,2,1
S01008092,189,72,77,27,13,90,30,39,14,7,99,42,38,13,6,29,12,11,4,2,26,13,6,4,3,44,17,21,5,1
S01008093,193,54,72,39,28,98,32,34,21,11,95,22,38,18,17,29,8,12,4,5,31,6,12,7,6,35,8,14,7,6
S01008094,157,59,49,36,13,85,30,25,21,9,72,29,24,15,4,13,5,4,2,2,32,13,11,7,1,27,11,9,6,1
S01008095,212,43,88,39,42,139,29,59,21,30,73,14,29,18,12,25,5,12,5,3,22,4,4,7,7,26,5,13,6,2
S01008096,172,56,61,33,22,94,32,27,24,11,78,24,34,9,11,22,9,9,3,1,29,10,11,4,4,27,5,14,2,6
S01008097,141,54,45,28,14,76,30,23,15,8,65,24,22,13,6,18,11,3,2,2,18,5,6,7,0,29,8,13,4,4
S01008098,193,62,65,43,23,107,30,37,26,14,86,32,28,17,9,22,11,6,5,0,28,14,7,4,3,36,7,15,8,6
S01008099,154,30,53,41,30,87,16,35,20,16,67,14,18,21,14,23,8,5,6,4,20,3,4,6,7,24,3,9,9,3
S01008100,215,96,72,21,26,124,55,41,14,14,91,41,31,7,12,26,14,7,1,4,32,13,14,3,2,33,14,10,3,6
S01008101,296,82,94,62,58,183,47,64,37,35,113,35,30,25,23,37,16,7,6,8,44,10,16,11,7,32,9,7,8,8
S01008102,229,43,91,56,39,146,25,61,36,24,83,18,30,20,15,34,8,14,6,6,24,4,7,8,5,25,6,9,6,4
S01008103,228,32,86,43,67,163,20,62,30,51,65,12,24,13,16,27,6,9,5,7,19,3,8,3,5,19,3,7,5,4
S01008104,290,32,93,80,85,183,24,61,44,54,107,8,32,36,31,33,3,14,10,6,39,2,9,12,16,35,3,9,14,9
S01008105,387,39,133,87,128,236,22,72,57,85,151,17,61,30,43,56,3,24,12,17,41,9,19,6,7,54,5,18,12,19
S01008106,270,23,77,61,109,169,12,53,38,66,101,11,24,23,43,29,3,8,5,13,48,6,13,9,20,24,2,3,9,10
S01008107,265,83,84,54,44,101,23,35,24,19,164,60,49,30,25,66,32,18,8,8,57,20,17,13,7,41,8,14,9,10
S01008108,213,56,76,46,35,135,32,54,23,26,78,24,22,23,9,21,9,5,6,1,37,10,12,11,4,20,5,5,6,4
S01008109,247,46,102,61,38,124,28,48,29,19,123,18,54,32,19,40,2,16,9,13,35,9,13,10,3,48,7,25,13,3
S01008110,242,61,92,51,38,110,30,40,22,18,132,31,52,29,20,42,9,19,10,4,49,16,16,9,8,41,6,17,10,8
S01008111,200,70,66,36,28,109,32,39,24,14,91,38,27,12,14,27,12,8,4,3,31,14,8,4,5,33,12,11,4,6
S01008112,181,44,63,43,31,104,19,40,28,17,77,25,23,15,14,21,9,6,4,2,23,7,7,4,5,33,9,10,7,7
S01008113,222,66,86,37,33,140,41,59,23,17,82,25,27,14,16,24,11,8,3,2,23,8,8,5,2,35,6,11,6,12
S01008114,167,41,60,27,39,97,20,33,15,29,70,21,27,12,10,17,7,8,0,2,33,8,12,6,7,20,6,7,6,1
S01008115,308,59,108,83,58,192,38,65,53,36,116,21,43,30,22,25,3,9,9,4,44,9,13,14,8,47,9,21,7,10
S01008116,251,80,109,30,32,131,38,60,15,18,120,42,49,15,14,33,12,14,4,3,44,17,18,4,5,43,13,17,7,6
S01008117,201,71,70,29,31,117,38,38,21,20,84,33,32,8,11,23,7,9,2,5,28,14,11,0,3,33,12,12,6,3
S01008118,230,60,83,46,41,113,30,41,19,23,117,30,42,27,18,41,11,13,12,5,40,11,15,7,7,36,8,14,8,6
S01008119,178,16,40,51,71,106,9,23,34,40,72,7,17,17,31,21,1,4,3,13,25,2,9,6,8,26,4,4,8,10
S01008120,174,60,57,25,32,100,31,34,13,22,74,29,23,12,10,31,14,11,3,3,23,7,6,5,5,20,8,6,4,2
S01008121,150,74,44,16,16,77,35,25,9,8,73,39,19,7,8,21,15,4,1,1,26,14,7,4,1,26,10,8,2,6
S01008122,191,102,58,18,13,89,37,36,7,9,102,65,22,11,4,33,22,7,2,2,34,18,10,6,0,35,25,5,3,2
S01008123,219,119,71,16,13,119,62,40,11,6,100,57,31,5,7,28,18,7,2,1,29,21,5,1,2,43,18,19,2,4
S01008124,223,88,76,37,22,106,38,38,15,15,117,50,38,22,7,29,13,10,4,2,37,16,11,10,0,51,21,17,8,5
S01008125,268,90,107,42,29,167,52,73,25,17,101,38,34,17,12,35,17,8,5,5,38,8,16,9,5,28,13,10,3,2
S01008126,253,90,107,37,19,145,46,68,21,10,108,44,39,16,9,23,12,5,3,3,45,17,17,6,5,40,15,17,7,1
S01008127,136,53,54,19,10,88,38,34,9,7,48,15,20,10,3,23,7,10,4,2,14,5,6,3,0,11,3,4,3,1
S01008128,249,67,105,46,31,148,38,61,27,22,101,29,44,19,9,31,9,13,6,3,22,6,9,5,2,48,14,22,8,4
S01008129,328,39,121,76,92,231,28,83,54,66,97,11,38,22,26,36,5,14,10,7,33,3,13,7,10,28,3,11,5,9
S01008130,359,53,137,81,88,254,37,98,55,64,105,16,39,26,24,41,8,12,12,9,32,2,11,9,10,32,6,16,5,5
S01008131,302,34,116,61,91,221,30,82,40,69,81,4,34,21,22,33,1,14,9,9,23,1,9,5,8,25,2,11,7,5
S01008132,240,80,95,43,22,128,40,61,16,11,112,40,34,27,11,33,11,10,8,4,40,14,14,8,4,39,15,10,11,3
S01008133,211,51,53,41,66,151,27,41,33,50,60,24,12,8,16,25,9,5,3,8,19,10,3,3,3,16,5,4,2,5
S01008134,252,60,97,50,45,195,39,75,43,38,57,21,22,7,7,24,13,9,1,1,19,4,5,6,4,14,4,8,0,2
S01008135,422,79,156,102,85,240,48,81,58,53,182,31,75,44,32,80,15,29,21,15,57,10,24,13,10,45,6,22,10,7
S01008136,320,39,121,65,95,235,31,85,44,75,85,8,36,21,20,27,2,10,8,7,35,5,18,7,5,23,1,8,6,8
S01008137,352,16,67,84,185,202,11,36,49,106,150,5,31,35,79,76,3,12,19,42,45,1,10,8,26,29,1,9,8,11
S01008138,314,15,71,86,142,193,11,42,49,91,121,4,29,37,51,49,3,10,9,27,36,1,9,13,13,36,0,10,15,11
S01008139,293,25,87,82,99,180,13,50,57,60,113,12,37,25,39,37,1,14,6,16,35,5,9,8,13,41,6,14,11,10
S01008140,160,21,32,44,63,88,14,19,22,33,72,7,13,22,30,33,2,2,12,17,22,3,5,5,9,17,2,6,5,4
S01008141,210,39,87,59,25,116,21,52,26,17,94,18,35,33,8,22,5,6,10,1,35,6,13,13,3,37,7,16,10,4
S01008142,242,51,103,61,27,143,26,69,28,20,99,25,34,33,7,27,9,6,10,2,39,10,15,11,3,33,6,13,12,2
S01008143,305,37,114,79,75,198,27,72,54,45,107,10,42,25,30,37,4,12,6,15,31,3,12,7,9,39,3,18,12,6
S01008144,171,39,63,40,29,90,21,36,16,17,81,18,27,24,12,16,5,5,2,4,24,5,5,12,2,41,8,17,10,6
S01008145,249,17,63,76,93,145,9,34,47,55,104,8,29,29,38,36,3,12,11,10,32,1,8,9,14,36,4,9,9,14
S01008146,144,17,28,29,70,86,11,14,20,41,58,6,14,9,29,26,2,3,4,17,13,2,3,2,6,19,2,8,3,6
S01008147,261,25,98,63,75,170,16,60,39,55,91,9,38,24,20,28,4,13,5,6,31,1,13,8,9,32,4,12,11,5
S01008148,260,39,95,68,58,179,30,65,38,46,81,9,30,30,12,33,3,11,12,7,16,4,4,8,0,32,2,15,10,5
S01008149,238,26,80,65,67,138,12,45,42,39,100,14,35,23,28,37,6,13,8,10,32,2,9,7,14,31,6,13,8,4
S01008150,299,25,112,79,83,178,12,72,49,45,121,13,40,30,38,57,8,15,15,19,32,4,14,7,7,32,1,11,8,12
S01008151,219,23,53,65,78,131,16,31,40,44,88,7,22,25,34,31,1,5,8,17,20,0,7,8,5,37,6,10,9,12
S01008152,326,38,115,67,106,209,24,66,48,71,117,14,49,19,35,45,5,19,7,14,45,5,22,6,12,27,4,8,6,9
S01008153,242,65,98,55,24,142,38,59,29,16,100,27,39,26,8,28,7,13,7,1,25,7,8,7,3,47,13,18,12,4
S01008154,218,53,98,41,26,139,36,63,26,14,79,17,35,15,12,29,6,10,9,4,21,4,9,4,4,29,7,16,2,4
S01008155,200,52,70,46,32,132,29,46,36,21,68,23,24,10,11,20,4,6,3,7,20,9,7,3,1,28,10,11,4,3
S01008156,275,45,91,58,81,167,33,60,27,47,108,12,31,31,34,37,3,11,11,12,31,3,10,9,9,40,6,10,11,13
S01008157,235,62,87,54,32,135,31,52,38,14,100,31,35,16,18,27,10,7,4,6,42,11,17,6,8,31,10,11,6,4
S01008158,247,50,104,64,29,171,35,71,46,19,76,15,33,18,10,27,4,13,7,3,20,3,8,5,4,29,8,12,6,3
S01008159,353,29,91,88,145,215,15,48,59,93,138,14,43,29,52,58,4,15,15,24,40,5,17,3,15,40,5,11,11,13
S01008160,306,36,75,65,130,161,22,36,34,69,145,14,39,31,61,46,5,8,10,23,47,5,17,8,17,52,4,14,13,21
S01008161,342,84,130,84,44,198,49,86,40,23,144,35,44,44,21,52,13,14,18,7,52,16,17,10,9,40,6,13,16,5
S01008162,297,70,97,76,54,189,42,62,46,39,108,28,35,30,15,45,18,14,8,5,36,5,13,13,5,27,5,8,9,5
S01008163,245,18,58,77,92,136,9,33,46,48,109,9,25,31,44,49,4,8,16,21,29,2,8,7,12,31,3,9,8,11
S01008164,231,17,73,72,69,141,8,45,46,42,90,9,28,26,27,39,5,10,7,17,21,1,8,9,3,30,3,10,10,7
S01008165,248,68,88,64,28,112,35,37,23,17,136,33,51,41,11,69,19,27,18,5,45,9,18,14,4,22,5,6,9,2
S01008166,170,7,43,56,64,99,3,27,30,39,71,4,16,26,25,24,1,6,9,8,24,2,6,7,9,23,1,4,10,8
S01008167,221,16,52,69,84,117,9,27,42,39,104,7,25,27,45,39,2,12,13,12,31,3,7,6,15,34,2,6,8,18
S01008168,280,18,83,75,104,155,13,52,36,54,125,5,31,39,50,48,3,10,15,20,42,2,13,10,17,35,0,8,14,13
S01008169,237,24,65,67,81,137,17,28,43,49,100,7,37,24,32,46,6,15,7,18,23,0,8,5,10,31,1,14,12,4
S01008170,183,56,67,29,31,103,31,36,19,17,80,25,31,10,14,22,6,9,2,5,28,9,11,3,5,30,10,11,5,4
S01008171,258,46,94,56,62,169,31,62,37,39,89,15,32,19,23,33,4,14,6,9,32,7,12,6,7,24,4,6,7,7
S01008172,171,27,72,41,31,103,13,53,17,20,68,14,19,24,11,21,3,8,7,3,21,5,5,8,3,26,6,6,9,5
S01008173,196,36,80,45,35,93,12,36,23,22,103,24,44,22,13,21,5,7,2,7,36,8,18,9,1,46,11,19,11,5
S01008174,170,27,64,42,37,105,17,36,23,29,65,10,28,19,8,23,3,9,8,3,16,3,8,2,3,26,4,11,9,2
S01008175,311,50,120,68,73,218,37,88,42,51,93,13,32,26,22,48,6,13,12,17,23,5,8,9,1,22,2,11,5,4
S01008176,251,103,73,52,23,171,62,56,38,15,80,41,17,14,8,30,14,6,8,2,22,15,3,2,2,28,12,8,4,4
S01008177,248,33,90,49,76,156,20,55,32,49,92,13,35,17,27,45,6,13,9,17,28,4,13,4,7,19,3,9,4,3
S01008178,185,30,72,44,39,125,17,50,30,28,60,13,22,14,11,23,5,6,7,5,19,5,9,3,2,18,3,7,4,4
S01008179,155,42,61,35,17,66,15,28,14,9,89,27,33,21,8,22,5,7,6,4,34,11,14,8,1,33,11,12,7,3
S01008180,152,50,61,32,9,85,22,35,21,7,67,28,26,11,2,18,6,7,4,1,21,10,8,2,1,28,12,11,5,0
S01008181,179,43,86,28,22,112,20,58,19,15,67,23,28,9,7,25,12,5,5,3,18,7,8,2,1,24,4,15,2,3
S01008182,454,78,163,81,132,387,59,144,70,114,67,19,19,11,18,37,13,10,5,9,14,5,4,1,4,16,1,5,5,5
S01008183,215,41,91,47,36,125,16,63,26,20,90,25,28,21,16,33,9,10,7,7,28,11,8,6,3,29,5,10,8,6
S01008184,312,61,134,51,66,265,50,117,41,57,47,11,17,10,9,24,5,9,4,6,14,4,3,6,1,9,2,5,0,2
S01008185,413,61,159,89,104,316,46,128,66,76,97,15,31,23,28,37,6,10,10,11,31,7,9,7,8,29,2,12,6,9
S01008186,264,57,109,41,57,209,46,86,30,47,55,11,23,11,10,27,2,11,7,7,18,5,9,2,2,10,4,3,2,1
S01008187,215,38,59,48,70,131,23,35,32,41,84,15,24,16,29,38,8,8,7,15,21,4,9,3,5,25,3,7,6,9
S01008188,325,34,120,67,104,215,22,88,41,64,110,12,32,26,40,50,6,12,13,19,27,3,8,7,9,33,3,12,6,12
S01008189,180,28,77,40,35,120,20,49,25,26,60,8,28,15,9,20,3,8,4,5,17,3,7,5,2,23,2,13,6,2
S01008190,257,27,70,72,88,141,17,40,36,48,116,10,30,36,40,30,4,6,13,7,34,2,10,5,17,52,4,14,18,16
S01008191,123,16,47,29,31,66,8,24,19,15,57,8,23,10,16,22,3,9,4,6,21,3,7,6,5,14,2,7,0,5
S01008192,289,45,103,65,76,210,33,81,42,54,79,12,22,23,22,18,3,5,3,7,29,4,10,10,5,32,5,7,10,10
S01008193,228,54,68,50,56,128,20,42,32,34,100,34,26,18,22,30,12,9,4,5,31,10,6,5,10,39,12,11,9,7
S01008194,188,41,44,43,60,105,21,21,23,40,83,20,23,20,20,40,11,11,8,10,22,4,5,8,5,21,5,7,4,5
S01008195,289,18,82,79,110,166,9,49,52,56,123,9,33,27,54,55,3,18,10,24,31,1,3,8,19,37,5,12,9,11
S01008196,284,13,77,85,109,147,9,45,41,52,137,4,32,44,57,51,3,9,20,19,48,1,11,14,22,38,0,12,10,16
S01008197,379,75,151,95,58,231,49,108,46,28,148,26,43,49,30,96,18,26,34,18,31,7,10,7,7,21,1,7,8,5
S01008198,196,16,58,60,62,120,9,41,38,32,76,7,17,22,30,29,4,6,8,11,23,1,5,6,11,24,2,6,8,8
S01008199,250,3,54,70,123,138,2,30,35,71,112,1,24,35,52,46,1,16,13,16,39,0,4,11,24,27,0,4,11,12
S01008200,183,14,46,48,75,110,10,30,26,44,73,4,16,22,31,24,1,4,8,11,30,3,6,8,13,19,0,6,6,7
S01008201,263,17,77,72,97,168,10,54,50,54,95,7,23,22,43,40,4,10,8,18,30,2,6,6,16,25,1,7,8,9
S01008202,167,19,65,50,33,105,13,41,30,21,62,6,24,20,12,21,3,7,3,8,15,2,7,5,1,26,1,10,12,3
S01008203,217,15,62,59,81,149,12,46,46,45,68,3,16,13,36,33,2,5,9,17,20,1,6,1,12,15,0,5,3,7
S01008204,262,48,72,61,81,191,27,49,49,66,71,21,23,12,15,26,13,5,3,5,22,6,7,6,3,23,2,11,3,7
S01008205,196,19,56,52,69,112,5,31,37,39,84,14,25,15,30,26,6,7,4,9,29,2,8,7,12,29,6,10,4,9
S01008206,196,11,56,76,53,125,6,34,53,32,71,5,22,23,21,33,2,10,11,10,19,0,4,6,9,19,3,8,6,2
S01008207,199,9,54,61,75,98,5,29,31,33,101,4,25,30,42,40,1,15,9,15,31,2,1,13,15,30,1,9,8,12
S01008208,316,58,111,89,58,195,40,66,54,35,121,18,45,35,23,71,12,27,18,14,27,4,9,9,5,23,2,9,8,4
S01008209,188,42,67,47,32,84,21,27,21,15,104,21,40,26,17,57,16,18,16,7,20,3,9,5,3,27,2,13,5,7
S01008210,312,36,120,83,73,193,26,67,51,49,119,10,53,32,24,43,4,19,10,10,40,3,17,13,7,36,3,17,9,7
S01008211,300,55,106,59,80,199,40,68,36,55,101,15,38,23,25,37,6,12,7,12,38,7,15,9,7,26,2,11,7,6
S01008212,187,40,72,54,21,102,30,39,23,10,85,10,33,31,11,26,4,8,9,5,33,3,12,15,3,26,3,13,7,3
S01008213,292,68,112,71,41,129,27,56,26,20,163,41,56,45,21,55,17,14,18,6,49,14,16,12,7,59,10,26,15,8
S01008214,217,22,81,58,56,144,13,49,39,43,73,9,32,19,13,33,1,16,10,6,23,6,8,3,6,17,2,8,6,1
S01008215,240,33,96,68,43,157,18,64,46,29,83,15,32,22,14,21,3,8,5,5,26,5,10,7,4,36,7,14,10,5
S01008216,167,33,65,45,24,100,13,39,28,20,67,20,26,17,4,18,7,7,4,0,23,5,10,6,2,26,8,9,7,2
S01008217,159,62,60,25,12,92,25,44,15,8,67,37,16,10,4,28,21,4,3,0,24,13,6,3,2,15,3,6,4,2
S01008218,327,100,127,60,40,153,50,60,25,18,174,50,67,35,22,70,24,27,13,6,64,20,22,13,9,40,6,18,9,7
S01008219,344,56,114,89,85,226,37,72,59,58,118,19,42,30,27,51,8,16,16,11,33,4,16,7,6,34,7,10,7,10
S01008220,185,10,34,60,81,88,3,18,26,41,97,7,16,34,40,34,2,6,11,15,38,3,7,13,15,25,2,3,10,10
S01008221,254,22,56,64,112,143,13,39,42,49,111,9,17,22,63,52,6,7,9,30,40,1,5,7,27,19,2,5,6,6
S01008222,171,15,44,49,63,89,7,22,28,32,82,8,22,21,31,35,4,9,7,15,25,2,7,7,9,22,2,6,7,7
S01008223,171,14,57,40,60,109,6,34,26,43,62,8,23,14,17,27,4,8,7,8,16,3,5,3,5,19,1,10,4,4
S01008224,320,32,139,91,58,227,24,102,55,46,93,8,37,36,12,34,4,11,15,4,34,2,16,12,4,25,2,10,9,4
S01008225,220,22,78,60,60,135,16,46,31,42,85,6,32,29,18,30,1,8,11,10,23,1,9,9,4,32,4,15,9,4
S01008226,243,11,64,57,111,165,6,45,36,78,78,5,19,21,33,31,3,9,9,10,27,2,7,9,9,20,0,3,3,14
S01008227,271,17,64,79,111,179,11,41,47,80,92,6,23,32,31,39,4,12,12,11,22,1,5,9,7,31,1,6,11,13
S01008228,193,31,76,46,40,121,16,51,29,25,72,15,25,17,15,29,6,8,7,8,24,6,9,6,3,19,3,8,4,4
S01008229,215,15,74,56,70,120,10,37,35,38,95,5,37,21,32,45,3,16,11,15,25,0,11,4,10,25,2,10,6,7
S01008230,286,53,104,84,45,153,27,49,45,32,133,26,55,39,13,71,17,25,24,5,32,7,14,9,2,30,2,16,6,6
S01008231,234,52,82,69,31,75,13,31,20,11,159,39,51,49,20,82,22,21,27,12,50,13,16,17,4,27,4,14,5,4
S01008232,252,45,88,52,67,119,25,43,25,26,133,20,45,27,41,77,12,27,16,22,39,7,13,5,14,17,1,5,6,5
S01008233,163,36,58,36,33,84,18,28,19,19,79,18,30,17,14,46,13,16,10,7,22,2,11,3,6,11,3,3,4,1
S01008234,119,12,39,37,31,86,7,29,25,25,33,5,10,12,6,8,2,0,5,1,14,1,7,4,2,11,2,3,3,3
S01008235,241,27,71,88,55,147,18,39,56,34,94,9,32,32,21,39,2,15,14,8,34,3,13,12,6,21,4,4,6,7
S01008236,272,46,94,83,49,168,22,61,51,34,104,24,33,32,15,45,16,13,10,6,26,5,7,10,4,33,3,13,12,5
S01008237,282,49,81,79,73,167,34,41,46,46,115,15,40,33,27,46,5,14,15,12,40,5,15,10,10,29,5,11,8,5
S01008238,219,19,65,66,69,135,13,30,44,48,84,6,35,22,21,31,2,9,8,12,33,2,19,6,6,20,2,7,8,3
S01008239,235,41,78,68,48,146,19,53,50,24,89,22,25,18,24,45,13,13,11,8,20,3,6,5,6,24,6,6,2,10
S01008240,238,83,88,40,27,143,44,51,28,20,95,39,37,12,7,30,16,7,5,2,39,12,19,4,4,26,11,11,3,1
S01008241,173,63,70,30,10,112,36,47,21,8,61,27,23,9,2,15,6,9,0,0,19,9,8,2,0,27,12,6,7,2
S01008242,249,64,76,62,47,170,41,45,47,37,79,23,31,15,10,25,8,7,5,5,29,7,13,5,4,25,8,11,5,1
S01008243,265,103,73,50,39,122,34,34,29,25,143,69,39,21,14,51,34,8,6,3,53,21,18,9,5,39,14,13,6,6
S01008244,153,54,46,21,32,90,30,26,12,22,63,24,20,9,10,14,6,4,3,1,26,7,13,4,2,23,11,3,2,7
S01008245,288,102,91,58,37,160,50,61,29,20,128,52,30,29,17,47,21,6,11,9,45,18,14,10,3,36,13,10,8,5
S01008246,285,125,84,47,29,166,64,45,34,23,119,61,39,13,6,40,21,14,4,1,47,25,13,6,3,32,15,12,3,2
S01008247,256,88,69,63,36,159,43,49,41,26,97,45,20,22,10,41,26,6,7,2,27,12,9,6,0,29,7,5,9,8
S01008248,269,81,65,62,61,153,40,36,41,36,116,41,29,21,25,45,12,10,9,14,36,17,11,4,4,35,12,8,8,7
S01008249,284,103,72,74,35,190,58,52,56,24,94,45,20,18,11,38,16,9,7,6,26,17,2,5,2,30,12,9,6,3
S01008250,328,133,98,52,45,211,75,71,30,35,117,58,27,22,10,41,24,9,7,1,40,18,8,8,6,36,16,10,7,3
S01008251,207,94,68,28,17,71,31,21,10,9,136,63,47,18,8,49,25,15,5,4,42,18,18,3,3,45,20,14,10,1
S01008252,220,85,73,39,23,121,46,37,23,15,99,39,36,16,8,22,9,7,6,0,40,15,18,3,4,37,15,11,7,4
S01008253,222,28,57,77,60,150,15,37,52,46,72,13,20,25,14,20,2,2,10,6,30,10,11,6,3,22,1,7,9,5
S01008254,288,45,67,72,104,167,18,39,41,69,121,27,28,31,35,35,9,8,5,13,45,11,11,13,10,41,7,9,13,12
S01008255,215,47,71,55,42,114,21,48,27,18,101,26,23,28,24,38,9,9,13,7,29,12,7,4,6,34,5,7,11,11
S01008256,276,35,60,67,114,160,20,37,43,60,116,15,23,24,54,45,8,8,9,20,36,3,9,8,16,35,4,6,7,18
S01008257,180,32,60,43,45,121,18,42,32,29,59,14,18,11,16,37,7,11,7,12,11,5,5,0,1,11,2,2,4,3
S01008258,303,74,117,63,49,233,52,94,47,40,70,22,23,16,9,24,6,6,7,5,26,12,7,5,2,20,4,10,4,2
S01008259,251,78,74,52,47,163,44,47,36,36,88,34,27,16,11,42,15,13,7,7,29,13,10,4,2,17,6,4,5,2
S01008260,279,27,81,61,110,177,20,55,37,65,102,7,26,24,45,32,3,7,7,15,34,2,7,10,15,36,2,12,7,15
S01008261,287,22,79,78,108,165,12,43,52,58,122,10,36,26,50,40,6,11,6,17,45,2,14,12,17,37,2,11,8,16
S01008262,198,59,42,54,43,125,32,25,39,29,73,27,17,15,14,28,9,5,8,6,22,11,5,3,3,23,7,7,4,5
S01008263,189,71,68,27,23,137,45,54,21,17,52,26,14,6,6,17,8,5,3,1,20,10,3,2,5,15,8,6,1,0
S01008264,226,43,77,57,49,116,20,36,27,33,110,23,41,30,16,52,12,23,14,3,32,5,9,7,11,26,6,9,9,2
S01008265,177,83,55,24,15,97,38,30,17,12,80,45,25,7,3,25,18,4,2,1,35,17,16,2,0,20,10,5,3,2
S01008266,150,86,35,12,17,86,44,22,8,12,64,42,13,4,5,22,17,2,2,1,22,13,6,1,2,20,12,5,1,2
S01008267,243,81,68,52,42,149,38,48,34,29,94,43,20,18,13,38,21,6,6,5,30,12,10,3,5,26,10,4,9,3
S01008268,208,127,58,12,11,119,67,40,7,5,89,60,18,5,6,24,17,4,1,2,29,16,8,2,3,36,27,6,2,1
S01008269,174,71,66,18,19,102,33,45,10,14,72,38,21,8,5,17,10,6,1,0,31,19,6,4,2,24,9,9,3,3
S01008270,198,100,51,23,24,121,52,32,19,18,77,48,19,4,6,29,18,5,2,4,23,15,6,1,1,25,15,8,1,1
S01008271,281,57,103,52,69,215,38,79,46,52,66,19,24,6,17,24,11,8,1,4,14,1,6,4,3,28,7,10,1,10
S01008272,291,103,80,53,55,159,38,52,34,35,132,65,28,19,20,36,20,6,4,6,46,24,11,4,7,50,21,11,11,7
S01008273,219,78,74,28,39,113,33,45,7,28,106,45,29,21,11,20,8,7,4,1,45,20,11,9,5,41,17,11,8,5
S01008274,209,27,54,59,69,120,13,27,32,48,89,14,27,27,21,24,6,3,6,9,34,4,12,11,7,31,4,12,10,5
S01008275,167,67,50,23,27,108,43,31,16,18,59,24,19,7,9,16,6,5,3,2,25,10,8,2,5,18,8,6,2,2
S01008276,159,78,37,24,20,78,25,22,14,17,81,53,15,10,3,22,15,2,4,1,35,24,7,2,2,24,14,6,4,0
S01008277,156,58,40,37,21,93,33,24,23,13,63,25,16,14,8,17,8,6,3,0,26,8,7,5,6,20,9,3,6,2
S01008278,220,107,64,27,22,127,62,38,15,12,93,45,26,12,10,27,18,6,1,2,28,14,9,2,3,38,13,11,9,5
S01008279,209,46,59,53,51,127,23,31,35,38,82,23,28,18,13,32,10,11,7,4,26,6,12,5,3,24,7,5,6,6
S01008280,294,96,76,69,53,192,56,48,48,40,102,40,28,21,13,50,22,10,11,7,27,10,11,3,3,25,8,7,7,3
S01008281,251,67,72,62,50,171,42,52,42,35,80,25,20,20,15,29,7,5,9,8,37,13,9,9,6,14,5,6,2,1
S01008282,217,50,72,65,30,143,31,49,43,20,74,19,23,22,10,33,10,9,11,3,26,7,8,6,5,15,2,6,5,2
S01008283,160,63,52,30,15,92,31,25,26,10,68,32,27,4,5,24,14,8,0,2,24,12,9,3,0,20,6,10,1,3
S01008284,268,71,73,73,51,134,26,29,47,32,134,45,44,26,19,58,21,16,10,11,48,15,19,9,5,28,9,9,7,3
S01008285,236,18,44,76,98,149,11,25,48,65,87,7,19,28,33,43,4,7,14,18,23,3,6,7,7,21,0,6,7,8
S01008286,210,27,49,67,67,120,12,31,38,39,90,15,18,29,28,33,4,8,10,11,22,6,6,6,4,35,5,4,13,13
S01008287,231,57,54,67,53,147,38,35,39,35,84,19,19,28,18,30,7,4,15,4,28,9,10,6,3,26,3,5,7,11
S01008288,255,71,71,53,60,157,40,45,35,37,98,31,26,18,23,36,15,7,5,9,36,10,10,8,8,26,6,9,5,6
S01008289,253,30,80,70,73,192,24,62,57,49,61,6,18,13,24,26,2,4,9,11,19,1,9,2,7,16,3,5,2,6
S01008290,311,84,79,65,83,193,45,47,46,55,118,39,32,19,28,45,12,11,10,12,44,16,10,6,12,29,11,11,3,4
S01008291,194,28,56,73,37,143,20,46,50,27,51,8,10,23,10,20,1,2,12,5,17,2,3,7,5,14,5,5,4,0
S01008292,265,40,81,54,90,115,12,36,21,46,150,28,45,33,44,62,10,18,14,20,61,13,20,10,18,27,5,7,9,6
S01008293,164,64,66,24,10,55,19,23,10,3,109,45,43,14,7,44,23,15,4,2,38,12,17,7,2,27,10,11,3,3
S01008294,265,91,90,50,34,123,26,50,28,19,142,65,40,22,15,60,28,15,10,7,56,29,20,4,3,26,8,5,8,5
S01008295,317,42,115,97,63,198,26,74,56,42,119,16,41,41,21,37,6,8,18,5,37,4,13,11,9,45,6,20,12,7
S01008296,203,33,60,43,67,122,23,32,25,42,81,10,28,18,25,35,5,7,9,14,22,3,11,5,3,24,2,10,4,8
S01008297,238,44,83,65,46,115,18,44,33,20,123,26,39,32,26,49,11,14,12,12,44,9,13,13,9,30,6,12,7,5
S01008298,233,46,77,63,47,137,27,48,38,24,96,19,29,25,23,28,5,7,9,7,34,8,12,4,10,34,6,10,12,6
S01008299,270,26,76,52,116,173,15,42,40,76,97,11,34,12,40,40,0,14,5,21,32,6,10,5,11,25,5,10,2,8
S01008300,272,23,80,69,100,168,12,48,39,69,104,11,32,30,31,28,3,9,6,10,34,3,11,10,10,42,5,12,14,11
S01008301,264,70,97,58,39,156,44,52,34,26,108,26,45,24,13,29,9,9,9,2,36,11,14,7,4,43,6,22,8,7
S01008302,195,59,85,32,19,111,32,47,17,15,84,27,38,15,4,26,8,15,2,1,26,9,11,3,3,32,10,12,10,0
S01008303,189,36,72,29,52,121,24,42,16,39,68,12,30,13,13,19,2,8,4,5,21,5,9,4,3,28,5,13,5,5
S01008304,148,43,41,29,35,108,34,30,18,26,40,9,11,11,9,12,1,3,6,2,11,3,1,2,5,17,5,7,3,2
S01008305,219,54,92,52,21,136,35,51,34,16,83,19,41,18,5,28,8,13,5,2,32,5,19,7,1,23,6,9,6,2
S01008306,175,36,68,41,30,108,26,41,22,19,67,10,27,19,11,15,2,5,6,2,19,3,7,7,2,33,5,15,6,7
S01008307,178,44,69,34,31,81,16,33,19,13,97,28,36,15,18,29,11,9,4,5,40,12,16,9,3,28,5,11,2,10
S01008308,149,40,61,31,17,95,26,38,20,11,54,14,23,11,6,14,3,8,2,1,16,6,6,2,2,24,5,9,7,3
S01008309,279,27,84,46,122,181,19,56,31,75,98,8,28,15,47,35,1,7,6,21,25,3,8,3,11,38,4,13,6,15
S01008310,303,35,113,61,94,200,22,72,39,67,103,13,41,22,27,25,3,13,1,8,30,2,13,9,6,48,8,15,12,13
S01008311,135,18,35,31,51,76,7,21,19,29,59,11,14,12,22,14,3,1,4,6,16,2,5,1,8,29,6,8,7,8
S01008312,131,21,50,23,37,70,14,23,13,20,61,7,27,10,17,27,4,12,4,7,15,1,6,4,4,19,2,9,2,6
S01008313,293,29,79,63,122,200,21,52,47,80,93,8,27,16,42,33,5,10,3,15,28,1,9,6,12,32,2,8,7,15
S01008314,280,20,92,58,110,207,17,64,49,77,73,3,28,9,33,31,2,11,5,13,24,1,9,2,12,18,0,8,2,8
S01008315,369,25,111,71,162,277,24,80,50,123,92,1,31,21,39,47,0,15,13,19,28,0,10,6,12,17,1,6,2,8
S01008316,247,17,54,45,131,141,7,29,23,82,106,10,25,22,49,43,4,14,8,17,35,3,5,8,19,28,3,6,6,13
S01008317,286,45,85,56,100,166,27,45,36,58,120,18,40,20,42,56,10,21,11,14,37,4,10,4,19,27,4,9,5,9
S01008318,269,76,98,50,45,155,41,59,29,26,114,35,39,21,19,35,12,13,5,5,37,13,12,8,4,42,10,14,8,10
S01008319,232,29,81,47,75,148,17,54,24,53,84,12,27,23,22,25,4,8,5,8,36,4,14,10,8,23,4,5,8,6
S01008320,176,22,69,33,52,130,19,46,25,40,46,3,23,8,12,15,1,8,3,3,14,1,7,1,5,17,1,8,4,4
S01008321,164,36,53,49,26,88,17,30,25,16,76,19,23,24,10,17,4,4,7,2,28,10,6,7,5,31,5,13,10,3
S01008322,383,53,133,88,109,249,31,88,59,71,134,22,45,29,38,57,8,22,15,12,41,9,11,7,14,36,5,12,7,12
S01008323,255,20,58,65,112,150,13,33,39,65,105,7,25,26,47,31,1,11,6,13,39,2,6,13,18,35,4,8,7,16
S01008324,204,26,65,46,67,113,10,34,30,39,91,16,31,16,28,40,6,14,11,9,30,8,9,4,9,21,2,8,1,10
S01008325,248,23,68,56,101,120,14,32,29,45,128,9,36,27,56,61,6,15,6,34,44,1,12,13,18,23,2,9,8,4
S01008326,359,22,111,79,147,207,14,63,51,79,152,8,48,28,68,80,3,31,18,28,42,2,13,3,24,30,3,4,7,16
S01008327,262,30,76,68,88,164,19,50,44,51,98,11,26,24,37,31,1,8,9,13,44,6,9,12,17,23,4,9,3,7
S01008328,207,73,91,21,22,83,25,34,11,13,124,48,57,10,9,48,24,20,3,1,44,15,22,3,4,32,9,15,4,4
S01008329,244,84,95,39,26,118,38,47,19,14,126,46,48,20,12,47,21,14,7,5,38,9,19,7,3,41,16,15,6,4
S01008330,229,65,90,42,32,108,33,42,16,17,121,32,48,26,15,29,11,11,5,2,45,12,17,10,6,47,9,20,11,7
S01008331,210,50,83,38,39,121,27,50,21,23,89,23,33,17,16,29,4,15,7,3,32,12,11,4,5,28,7,7,6,8
S01008332,234,92,92,19,31,150,52,61,11,26,84,40,31,8,5,22,8,8,5,1,28,18,7,1,2,34,14,16,2,2
S01008333,220,97,84,15,24,136,55,53,10,18,84,42,31,5,6,26,12,13,0,1,33,19,9,1,4,25,11,9,4,1
S01008334,211,82,75,26,28,123,44,46,15,18,88,38,29,11,10,27,15,7,4,1,28,12,6,3,7,33,11,16,4,2
S01008335,219,43,90,32,54,107,13,42,18,34,112,30,48,14,20,38,13,17,4,4,38,11,16,3,8,36,6,15,7,8
S01008336,187,54,58,28,47,91,16,32,14,29,96,38,26,14,18,31,10,10,6,5,41,17,11,5,8,24,11,5,3,5
S01008337,293,106,109,46,32,147,50,55,18,24,146,56,54,28,8,77,34,25,15,3,39,10,20,6,3,30,12,9,7,2
S01008338,241,115,83,28,15,68,31,23,7,7,173,84,60,21,8,61,28,23,9,1,62,37,18,4,3,50,19,19,8,4
S01008339,200,72,74,30,24,108,33,44,17,14,92,39,30,13,10,39,20,9,6,4,27,11,11,3,2,26,8,10,4,4
S01008340,273,97,110,35,31,150,47,66,22,15,123,50,44,13,16,39,19,12,6,2,45,19,14,4,8,39,12,18,3,6
S01008341,190,96,67,9,18,64,31,25,4,4,126,65,42,5,14,32,14,12,1,5,48,28,14,2,4,46,23,16,2,5
S01008342,247,71,86,34,56,138,25,47,21,45,109,46,39,13,11,33,16,12,2,3,32,18,9,1,4,44,12,18,10,4
S01008343,205,116,59,17,13,106,52,32,13,9,99,64,27,4,4,21,15,4,2,0,32,22,7,2,1,46,27,16,0,3
S01008344,234,126,68,23,17,138,72,40,15,11,96,54,28,8,6,31,18,8,4,1,33,19,10,1,3,32,17,10,3,2
S01008345,214,126,60,16,12,114,69,32,8,5,100,57,28,8,7,29,16,9,1,3,35,20,10,4,1,36,21,9,3,3
S01008346,242,125,80,15,22,106,42,47,5,12,136,83,33,10,10,47,29,9,5,4,49,28,15,3,3,40,26,9,2,3
S01008347,251,104,88,36,23,155,60,57,20,18,96,44,31,16,5,31,19,8,3,1,28,11,9,8,0,37,14,14,5,4
S01008348,198,84,72,18,24,114,44,42,8,20,84,40,30,10,4,27,16,8,2,1,31,15,8,6,2,26,9,14,2,1
S01008349,227,132,75,11,9,83,43,31,8,1,144,89,44,3,8,36,27,8,0,1,65,38,21,3,3,43,24,15,0,4
S01008350,135,69,40,14,12,82,41,23,6,12,53,28,17,8,0,16,9,5,2,0,20,13,4,3,0,17,6,8,3,0
S01008351,225,114,77,15,19,116,60,38,6,12,109,54,39,9,7,27,14,9,2,2,48,22,18,4,4,34,18,12,3,1
S01008352,161,91,48,11,11,73,33,30,6,4,88,58,18,5,7,27,17,6,1,3,31,20,7,1,3,30,21,5,3,1
S01008353,134,64,47,11,12,58,19,25,8,6,76,45,22,3,6,19,12,6,1,0,31,19,7,1,4,26,14,9,1,2
S01008354,192,81,56,35,20,102,33,37,20,12,90,48,19,15,8,37,21,9,4,3,31,18,5,6,2,22,9,5,5,3
S01008355,184,49,56,34,45,108,25,29,21,33,76,24,27,13,12,32,10,11,5,6,21,8,5,4,4,23,6,11,4,2
S01008356,216,48,92,43,33,131,25,56,28,22,85,23,36,15,11,35,9,15,6,5,26,7,12,5,2,24,7,9,4,4
S01008357,199,62,76,31,30,106,28,41,15,22,93,34,35,16,8,31,15,11,2,3,37,16,14,6,1,25,3,10,8,4
S01008358,213,47,78,39,49,141,33,50,26,32,72,14,28,13,17,27,3,12,5,7,23,7,6,4,6,22,4,10,4,4
S01008359,172,50,71,30,21,85,26,40,9,10,87,24,31,21,11,32,7,11,8,6,35,10,12,9,4,20,7,8,4,1
S01008360,213,86,81,31,15,107,39,40,23,5,106,47,41,8,10,27,9,11,4,3,36,19,11,2,4,43,19,19,2,3
S01008361,150,49,58,28,15,79,21,34,16,8,71,28,24,12,7,13,5,3,3,2,25,12,9,4,0,33,11,12,5,5
S01008362,332,115,140,35,42,181,55,82,22,22,151,60,58,13,20,51,21,18,6,6,57,26,19,3,9,43,13,21,4,5
S01008363,241,83,105,22,31,150,51,65,15,19,91,32,40,7,12,23,10,10,2,1,37,9,19,2,7,31,13,11,3,4
S01008364,217,96,62,25,34,121,50,41,14,16,96,46,21,11,18,24,14,4,3,3,38,17,12,3,6,34,15,5,5,9
S01008365,182,79,70,14,19,108,41,43,11,13,74,38,27,3,6,18,9,6,1,2,28,15,9,0,4,28,14,12,2,0
S01008366,259,46,115,49,49,146,33,66,24,23,113,13,49,25,26,37,6,16,6,9,37,1,14,14,8,39,6,19,5,9
S01008367,264,46,103,42,73,186,22,78,30,56,78,24,25,12,17,22,12,6,2,2,26,5,9,4,8,30,7,10,6,7
S01008368,228,74,95,19,40,144,46,64,8,26,84,28,31,11,14,23,11,6,2,4,34,13,10,5,6,27,4,15,4,4
S01008369,173,49,64,27,33,100,27,35,14,24,73,22,29,13,9,23,4,9,6,4,25,10,8,4,3,25,8,12,3,2
S01008370,218,63,102,25,28,130,32,61,22,15,88,31,41,3,13,30,13,12,0,5,26,9,13,1,3,32,9,16,2,5
S01008371,221,79,81,39,22,102,38,36,17,11,119,41,45,22,11,44,18,14,9,3,33,9,14,5,5,42,14,17,8,3
S01008372,218,79,80,28,31,108,35,39,12,22,110,44,41,16,9,41,16,15,8,2,34,14,10,5,5,35,14,16,3,2
S01008373,206,96,72,28,10,87,35,34,11,7,119,61,38,17,3,38,24,8,5,1,42,17,20,4,1,39,20,10,8,1
S01008374,181,60,77,28,16,90,30,35,17,8,91,30,42,11,8,26,11,10,2,3,33,10,15,5,3,32,9,17,4,2
S01008375,192,81,64,31,16,87,28,31,17,11,105,53,33,14,5,36,17,10,7,2,34,20,10,3,1,35,16,13,4,2
S01008376,161,66,54,22,19,86,31,30,13,12,75,35,24,9,7,34,18,9,2,5,17,10,5,2,0,24,7,10,5,2
S01008377,220,90,81,21,28,120,39,47,14,20,100,51,34,7,8,39,26,12,1,0,32,14,10,4,4,29,11,12,2,4
S01008378,252,115,78,26,33,116,46,40,10,20,136,69,38,16,13,47,23,13,5,6,41,25,10,4,2,48,21,15,7,5
S01008379,123,47,50,14,12,68,28,31,4,5,55,19,19,10,7,19,6,8,3,2,16,7,5,3,1,20,6,6,4,4
S01008380,183,74,73,18,18,92,31,36,11,14,91,43,37,7,4,34,19,13,2,0,24,10,9,3,2,33,14,15,2,2
S01008381,190,84,68,22,16,87,31,32,13,11,103,53,36,9,5,51,30,14,5,2,25,9,13,2,1,27,14,9,2,2
S01008382,165,76,57,21,11,74,29,29,7,9,91,47,28,14,2,30,19,6,5,0,36,18,10,7,1,25,10,12,2,1
S01008383,126,60,38,17,11,57,23,20,6,8,69,37,18,11,3,27,20,4,2,1,21,9,7,4,1,21,8,7,5,1
S01008384,287,86,110,43,48,147,38,59,21,29,140,48,51,22,19,42,19,14,8,1,44,12,15,7,10,54,17,22,7,8
S01008385,165,90,41,18,16,84,34,23,11,16,81,56,18,7,0,22,18,4,0,0,25,14,7,4,0,34,24,7,3,0
S01008386,251,67,97,45,42,145,34,56,28,27,106,33,41,17,15,36,13,17,3,3,33,10,10,6,7,37,10,14,8,5
S01008387,192,48,81,37,26,96,20,44,18,14,96,28,37,19,12,36,14,15,5,2,28,5,8,10,5,32,9,14,4,5
S01008388,220,64,81,44,31,109,28,40,27,14,111,36,41,17,17,35,16,11,2,6,38,12,12,10,4,38,8,18,5,7
S01008389,125,52,42,15,16,82,33,28,9,12,43,19,14,6,4,11,4,3,2,2,20,10,6,2,2,12,5,5,2,0
S01008390,167,83,51,22,11,95,44,32,14,5,72,39,19,8,6,22,14,4,2,2,25,15,7,2,1,25,10,8,4,3
S01008391,186,82,64,17,23,93,32,40,9,12,93,50,24,8,11,26,13,7,1,5,36,21,8,3,4,31,16,9,4,2
S01008392,255,150,64,21,20,115,55,36,9,15,140,95,28,12,5,48,33,10,3,2,44,29,8,6,1,48,33,10,3,2
S01008393,211,107,69,17,18,104,41,38,13,12,107,66,31,4,6,33,23,7,2,1,34,23,9,1,1,40,20,15,1,4
S01008394,219,134,58,16,11,78,33,28,11,6,141,101,30,5,5,48,37,6,2,3,50,39,9,1,1,43,25,15,2,1
S01008395,158,48,69,25,16,82,19,37,12,14,76,29,32,13,2,18,9,6,3,0,35,13,17,5,0,23,7,9,5,2
S01008396,151,51,59,23,18,102,30,41,16,15,49,21,18,7,3,7,4,2,1,0,20,7,7,5,1,22,10,9,1,2
S01008397,249,114,80,33,22,132,51,53,16,12,117,63,27,17,10,41,24,8,7,2,36,12,11,7,6,40,27,8,3,2
S01008398,142,70,44,17,11,68,33,22,10,3,74,37,22,7,8,24,10,7,4,3,27,14,11,1,1,23,13,4,2,4
S01008399,130,52,52,15,11,87,34,37,11,5,43,18,15,4,6,14,4,5,1,4,17,9,4,2,2,12,5,6,1,0
S01008400,175,71,67,16,21,85,33,31,8,13,90,38,36,8,8,33,17,11,3,2,27,13,10,1,3,30,8,15,4,3
S01008401,242,85,97,30,30,136,43,57,16,20,106,42,40,14,10,43,16,19,5,3,31,11,12,4,4,32,15,9,5,3
S01008402,247,146,71,19,11,134,70,48,10,6,113,76,23,9,5,19,12,3,4,0,51,34,11,3,3,43,30,9,2,2
S01008403,141,74,47,12,8,59,26,22,7,4,82,48,25,5,4,28,20,5,3,0,29,17,9,2,1,25,11,11,0,3
S01008404,216,112,57,27,20,104,47,31,18,8,112,65,26,9,12,49,32,11,1,5,27,14,5,4,4,36,19,10,4,3
S01008405,196,118,49,16,13,97,54,29,7,7,99,64,20,9,6,28,19,5,1,3,41,23,9,6,3,30,22,6,2,0
S01008406,232,107,79,14,32,132,55,43,8,26,100,52,36,6,6,41,23,12,4,2,34,17,13,2,2,25,12,11,0,2
S01008407,160,43,68,27,22,113,29,49,17,18,47,14,19,10,4,17,5,8,3,1,16,6,5,4,1,14,3,6,3,2
S01008408,203,61,75,38,29,100,23,42,17,18,103,38,33,21,11,36,18,10,5,3,38,13,11,10,4,29,7,12,6,4
S01008409,278,52,97,56,73,179,34,52,38,55,99,18,45,18,18,32,8,17,4,3,35,5,18,6,6,32,5,10,8,9
S01008410,152,52,53,19,28,98,28,37,14,19,54,24,16,5,9,18,7,4,3,4,19,11,5,1,2,17,6,7,1,3
S01008411,179,47,69,26,37,109,26,37,17,29,70,21,32,9,8,27,8,13,4,2,27,9,11,2,5,16,4,8,3,1
S01008412,197,57,70,28,42,100,26,36,8,30,97,31,34,20,12,26,11,10,3,2,22,9,4,7,2,49,11,20,10,8
S01008413,169,51,48,29,41,107,28,29,16,34,62,23,19,13,7,20,9,4,6,1,20,5,10,1,4,22,9,5,6,2
S01008414,114,53,38,11,12,55,23,21,5,6,59,30,17,6,6,25,13,9,1,2,15,7,3,1,4,19,10,5,4,0
S01008415,257,58,67,59,73,149,38,41,30,40,108,20,26,29,33,31,8,10,5,8,43,6,12,10,15,34,6,4,14,10
S01008416,343,50,111,64,118,222,27,72,45,78,121,23,39,19,40,36,6,9,10,11,37,9,14,3,11,48,8,16,6,18
S01008417,204,83,72,23,26,114,31,51,16,16,90,52,21,7,10,21,12,5,2,2,40,25,8,4,3,29,15,8,1,5
S01008418,201,81,72,29,19,131,49,47,21,14,70,32,25,8,5,31,18,11,1,1,22,8,6,7,1,17,6,8,0,3
S01008419,148,80,43,13,12,74,30,27,7,10,74,50,16,6,2,21,17,3,0,1,30,21,4,4,1,23,12,9,2,0
S01008420,129,61,35,18,15,75,30,23,10,12,54,31,12,8,3,19,10,7,2,0,18,11,1,4,2,17,10,4,2,1
S01008421,294,81,96,61,56,175,39,61,37,38,119,42,35,24,18,45,23,7,8,7,45,15,12,10,8,29,4,16,6,3
S01008422,152,84,50,10,8,80,36,32,5,7,72,48,18,5,1,23,16,5,2,0,31,21,8,2,0,18,11,5,1,1
S01008423,291,157,91,26,17,141,62,51,15,13,150,95,40,11,4,37,25,6,3,3,57,33,20,3,1,56,37,14,5,0
S01008424,188,109,46,20,13,97,52,25,11,9,91,57,21,9,4,30,19,8,2,1,27,16,4,6,1,34,22,9,1,2
S01008425,265,78,102,46,39,169,44,71,29,25,96,34,31,17,14,28,10,6,5,7,36,13,15,6,2,32,11,10,6,5
S01008426,155,23,48,41,43,87,10,28,18,31,68,13,20,23,12,25,6,8,7,4,17,4,4,6,3,26,3,8,10,5
S01008427,349,102,137,69,41,200,52,87,36,25,149,50,50,33,16,58,21,21,13,3,42,16,13,6,7,49,13,16,14,6
S01008428,186,37,60,43,46,109,18,35,25,31,77,19,25,18,15,33,8,13,5,7,18,6,5,6,1,26,5,7,7,7
S01008429,209,67,81,38,23,116,35,48,21,12,93,32,33,17,11,27,9,12,4,2,33,14,8,6,5,33,9,13,7,4
S01008430,172,65,59,21,27,95,34,37,10,14,77,31,22,11,13,21,12,4,5,0,23,11,5,1,6,33,8,13,5,7
S01008431,217,77,81,32,27,116,39,41,17,19,101,38,40,15,8,31,14,9,5,3,30,15,11,2,2,40,9,20,8,3
S01008432,170,51,58,33,28,92,25,30,22,15,78,26,28,11,13,29,10,10,4,5,25,6,10,4,5,24,10,8,3,3
S01008433,258,49,109,48,52,175,30,81,25,39,83,19,28,23,13,31,9,9,10,3,26,4,12,5,5,26,6,7,8,5
S01008434,244,72,99,40,33,149,39,64,26,20,95,33,35,14,13,30,14,8,3,5,33,10,11,5,7,32,9,16,6,1
S01008435,200,58,74,40,28,121,35,42,26,18,79,23,32,14,10,23,7,9,5,2,27,8,11,6,2,29,8,12,3,6
S01008436,254,107,83,28,36,148,53,56,18,21,106,54,27,10,15,38,21,10,2,5,31,17,5,5,4,37,16,12,3,6
S01008437,237,93,76,34,34,167,54,56,29,28,70,39,20,5,6,19,13,5,0,1,33,14,11,3,5,18,12,4,2,0
S01008438,154,68,62,9,15,97,30,47,9,11,57,38,15,0,4,19,15,2,0,2,15,11,4,0,0,23,12,9,0,2
S01008439,317,194,83,25,15,148,80,48,11,9,169,114,35,14,6,53,38,8,4,3,66,43,17,6,0,50,33,10,4,3
S01008440,250,152,64,16,18,128,67,36,12,13,122,85,28,4,5,32,23,7,0,2,42,31,7,2,2,48,31,14,2,1
S01008441,127,66,43,12,6,68,25,32,6,5,59,41,11,6,1,22,18,2,1,1,22,15,4,3,0,15,8,5,2,0
S01008442,245,131,85,16,13,158,75,60,14,9,87,56,25,2,4,39,23,13,1,2,28,20,7,0,1,20,13,5,1,1
S01008443,163,92,41,17,13,97,51,27,12,7,66,41,14,5,6,18,11,5,0,2,24,14,4,3,3,24,16,5,2,1
S01008444,214,95,64,24,31,127,48,44,16,19,87,47,20,8,12,34,26,3,1,4,24,13,6,2,3,29,8,11,5,5
S01008445,194,48,116,9,21,69,18,36,6,9,125,30,80,3,12,65,13,45,2,5,44,13,28,0,3,16,4,7,1,4
S01008446,203,110,65,15,13,98,39,38,10,11,105,71,27,5,2,34,25,7,0,2,45,30,11,4,0,26,16,9,1,0
S01008447,195,104,56,23,12,116,56,43,11,6,79,48,13,12,6,33,22,5,4,2,21,12,3,3,3,25,14,5,5,1
S01008448,216,67,79,36,34,129,31,55,23,20,87,36,24,13,14,30,11,9,7,3,28,16,6,2,4,29,9,9,4,7
S01008449,312,25,76,59,152,190,17,51,28,94,122,8,25,31,58,53,7,9,13,24,33,0,9,8,16,36,1,7,10,18
S01008450,235,10,56,52,117,131,8,40,24,59,104,2,16,28,58,51,1,8,11,31,40,0,6,12,22,13,1,2,5,5
S01008451,306,13,69,45,179,191,9,41,32,109,115,4,28,13,70,41,2,6,3,30,40,1,12,2,25,34,1,10,8,15
S01008452,251,9,70,40,132,159,9,46,25,79,92,0,24,15,53,38,0,9,2,27,30,0,9,8,13,24,0,6,5,13
S01008453,206,26,67,39,74,130,16,52,24,38,76,10,15,15,36,46,6,7,11,22,16,1,3,2,10,14,3,5,2,4
S01008454,362,16,93,64,189,210,9,65,38,98,152,7,28,26,91,54,3,5,9,37,43,1,12,8,22,55,3,11,9,32
S01008455,412,23,123,82,184,275,15,90,51,119,137,8,33,31,65,75,3,25,16,31,30,1,3,9,17,32,4,5,6,17
S01008456,461,26,106,88,241,317,14,76,61,166,144,12,30,27,75,91,6,19,18,48,29,4,8,2,15,24,2,3,7,12
S01008457,242,16,61,45,120,184,11,51,35,87,58,5,10,10,33,34,2,3,6,23,12,1,5,0,6,12,2,2,4,4
S01008458,356,32,115,83,126,226,19,79,58,70,130,13,36,25,56,74,8,19,11,36,27,2,10,7,8,29,3,7,7,12
S01008459,348,12,83,62,191,260,8,65,50,137,88,4,18,12,54,43,4,6,7,26,24,0,5,3,16,21,0,7,2,12
S01008460,334,7,72,64,191,199,5,44,45,105,135,2,28,19,86,68,0,15,10,43,37,2,7,3,25,30,0,6,6,18
S01008461,415,15,98,91,211,269,11,61,68,129,146,4,37,23,82,78,2,20,17,39,36,1,7,1,27,32,1,10,5,16
S01008462,281,12,55,64,150,238,9,49,60,120,43,3,6,4,30,20,3,2,0,15,9,0,2,1,6,14,0,2,3,9
S01008463,308,17,73,68,150,225,13,57,55,100,83,4,16,13,50,53,4,11,9,29,19,0,4,2,13,11,0,1,2,8
S01008464,315,20,132,72,91,208,15,94,50,49,107,5,38,22,42,56,3,17,8,28,32,1,14,9,8,19,1,7,5,6
S01008465,264,20,103,64,77,179,15,81,40,43,85,5,22,24,34,34,4,6,5,19,34,1,9,13,11,17,0,7,6,4
S01008466,252,18,88,73,73,151,11,58,42,40,101,7,30,31,33,49,6,12,13,18,26,0,8,10,8,26,1,10,8,7
S01008467,244,13,71,69,91,144,8,48,36,52,100,5,23,33,39,45,1,9,16,19,34,4,8,9,13,21,0,6,8,7
S01008468,187,13,54,41,79,98,6,35,20,37,89,7,19,21,42,42,5,6,5,26,25,2,8,7,8,22,0,5,9,8
S01008469,177,23,70,35,49,114,16,47,23,28,63,7,23,12,21,31,5,12,6,8,16,2,5,2,7,16,0,6,4,6
S01008470,229,11,56,53,109,140,9,42,31,58,89,2,14,22,51,29,1,8,12,8,34,1,5,4,24,26,0,1,6,19
S01008471,310,19,75,58,158,177,14,46,42,75,133,5,29,16,83,55,0,12,5,38,51,4,12,7,28,27,1,5,4,17
S01008472,226,20,73,48,85,133,16,40,36,41,93,4,33,12,44,43,2,14,6,21,28,1,10,4,13,22,1,9,2,10
S01008473,238,23,69,61,85,144,14,44,37,49,94,9,25,24,36,34,5,9,6,14,33,0,10,10,13,27,4,6,8,9
S01008474,317,24,93,75,125,234,22,70,53,89,83,2,23,22,36,45,2,13,11,19,21,0,6,5,10,17,0,4,6,7
S01008475,226,16,82,42,86,153,15,61,21,56,73,1,21,21,30,37,0,16,10,11,20,0,2,8,10,16,1,3,3,9
S01008476,281,41,82,51,107,214,34,62,39,79,67,7,20,12,28,35,3,12,8,12,15,2,4,1,8,17,2,4,3,8
S01008477,328,23,111,73,121,260,19,88,62,91,68,4,23,11,30,37,2,10,5,20,20,0,9,4,7,11,2,4,2,3
S01008478,300,53,104,38,105,219,42,80,23,74,81,11,24,15,31,32,5,11,5,11,32,2,8,5,17,17,4,5,5,3
S01008479,280,26,84,51,119,196,20,63,39,74,84,6,21,12,45,45,4,10,8,23,25,1,9,2,13,14,1,2,2,9
S01008480,250,39,108,28,75,176,35,83,18,40,74,4,25,10,35,34,4,13,3,14,27,0,8,3,16,13,0,4,4,5
S01008481,274,28,75,73,98,146,12,46,39,49,128,16,29,34,49,45,4,9,11,21,35,5,5,11,14,48,7,15,12,14
S01008482,208,29,70,43,66,140,23,44,31,42,68,6,26,12,24,33,3,16,6,8,14,1,3,3,7,21,2,7,3,9
S01008483,223,14,79,49,81,172,11,64,43,54,51,3,15,6,27,19,3,2,2,12,20,0,7,3,10,12,0,6,1,5
S01008484,244,35,84,57,68,163,21,63,35,44,81,14,21,22,24,32,9,10,5,8,28,4,4,9,11,21,1,7,8,5
S01008485,321,42,163,52,64,187,29,86,30,42,134,13,77,22,22,62,7,41,8,6,46,4,26,6,10,26,2,10,8,6
S01008486,272,47,115,45,65,204,34,93,33,44,68,13,22,12,21,26,4,7,5,10,19,8,8,1,2,23,1,7,6,9
S01008487,367,110,171,45,41,301,90,145,35,31,66,20,26,10,10,38,14,13,5,6,15,3,9,2,1,13,3,4,3,3
S01008488,310,69,133,44,64,246,58,103,37,48,64,11,30,7,16,32,6,16,5,5,19,4,7,2,6,13,1,7,0,5
S01008489,227,26,94,29,78,163,18,68,22,55,64,8,26,7,23,17,5,5,2,5,24,1,9,3,11,23,2,12,2,7
S01008490,431,101,175,60,95,361,85,158,53,65,70,16,17,7,30,34,8,9,4,13,19,4,4,0,11,17,4,4,3,6
S01008491,415,103,194,42,76,345,87,171,34,53,70,16,23,8,23,41,10,12,5,14,12,2,4,0,6,17,4,7,3,3
S01008492,486,119,195,61,111,399,108,161,48,82,87,11,34,13,29,48,7,21,7,13,17,1,5,3,8,22,3,8,3,8
S01008493,308,51,131,52,74,236,40,114,32,50,72,11,17,20,24,30,5,6,8,11,19,3,5,4,7,23,3,6,8,6
S01008494,358,60,153,55,90,304,54,142,45,63,54,6,11,10,27,35,5,7,7,16,10,0,2,0,8,9,1,2,3,3
S01008495,555,129,257,58,111,519,122,247,50,100,36,7,10,8,11,26,5,7,6,8,6,2,2,1,1,4,0,1,1,2
S01008496,642,176,288,74,104,614,169,281,70,94,28,7,7,4,10,16,4,3,3,6,3,1,1,1,0,9,2,3,0,4
S01008497,544,155,219,59,111,517,147,214,55,101,27,8,5,4,10,22,7,3,2,10,3,0,2,1,0,2,1,0,1,0
S01008498,489,120,178,58,133,456,108,169,54,125,33,12,9,4,8,21,8,7,2,4,7,2,2,1,2,5,2,0,1,2
S01008499,560,150,246,69,95,510,140,230,58,82,50,10,16,11,13,33,4,13,7,9,10,4,0,2,4,7,2,3,2,0
S01008500,205,41,59,31,74,175,37,51,26,61,30,4,8,5,13,11,2,2,2,5,10,0,4,3,3,9,2,2,0,5
S01008501,308,143,112,25,28,275,124,105,21,25,33,19,7,4,3,27,18,3,3,3,3,1,2,0,0,3,0,2,1,0
S01008502,363,123,178,26,36,336,115,166,25,30,27,8,12,1,6,19,7,7,0,5,3,1,2,0,0,5,0,3,1,1
S01008503,408,161,170,38,39,346,130,149,31,36,62,31,21,7,3,40,22,12,3,3,11,3,4,4,0,11,6,5,0,0
S01008504,487,225,201,33,28,371,158,162,29,22,116,67,39,4,6,63,37,22,2,2,31,22,8,0,1,22,8,9,2,3
S01008505,285,138,103,25,19,207,94,80,19,14,78,44,23,6,5,34,26,4,2,2,21,11,9,0,1,23,7,10,4,2
S01008506,295,150,100,20,25,230,114,83,15,18,65,36,17,5,7,31,19,7,3,2,20,10,7,1,2,14,7,3,1,3
S01008507,353,156,152,18,27,287,121,128,16,22,66,35,24,2,5,27,18,6,2,1,20,9,9,0,2,19,8,9,0,2
S01008508,258,151,70,15,22,156,80,49,11,16,102,71,21,4,6,46,36,6,1,3,35,23,8,3,1,21,12,7,0,2
S01008509,351,178,122,23,28,256,123,92,17,24,95,55,30,6,4,45,28,14,2,1,29,16,9,3,1,21,11,7,1,2
S01008510,269,112,101,33,23,166,61,67,22,16,103,51,34,11,7,38,23,9,2,4,31,20,7,3,1,34,8,18,6,2
S01008511,243,128,76,26,13,127,70,31,19,7,116,58,45,7,6,41,21,15,3,2,38,18,15,1,4,37,19,15,3,0
S01008512,133,84,36,8,5,67,39,24,2,2,66,45,12,6,3,21,13,4,2,2,18,13,3,1,1,27,19,5,3,0
S01008513,170,95,44,19,12,82,40,28,9,5,88,55,16,10,7,30,18,5,4,3,26,19,4,2,1,32,18,7,4,3
S01008514,248,154,68,16,10,130,72,41,11,6,118,82,27,5,4,43,34,5,2,2,38,25,10,1,2,37,23,12,2,0
S01008515,243,148,61,24,10,130,75,33,16,6,113,73,28,8,4,53,39,10,3,1,33,15,12,5,1,27,19,6,0,2
S01008516,514,195,219,45,55,461,174,199,36,52,53,21,20,9,3,31,14,12,3,2,14,6,4,3,1,8,1,4,3,0
S01008517,344,140,166,17,21,291,112,150,13,16,53,28,16,4,5,25,14,8,1,2,16,10,5,0,1,12,4,3,3,2
S01008518,299,175,98,12,14,186,95,73,8,10,113,80,25,4,4,38,25,10,2,1,37,30,6,0,1,38,25,9,2,2
S01008519,235,156,57,11,11,117,61,41,8,7,118,95,16,3,4,41,36,2,1,2,36,28,5,1,2,41,31,9,1,0
S01008520,260,163,65,19,13,133,74,42,12,5,127,89,23,7,8,28,22,4,1,1,65,45,12,4,4,34,22,7,2,3
S01008521,236,156,62,10,8,118,68,39,7,4,118,88,23,3,4,30,25,5,0,0,46,35,9,0,2,42,28,9,3,2
S01008522,170,118,40,6,6,102,62,33,3,4,68,56,7,3,2,25,22,1,1,1,19,14,3,1,1,24,20,3,1,0
S01008523,349,228,92,13,16,214,127,67,9,11,135,101,25,4,5,60,48,10,1,1,44,33,7,1,3,31,20,8,2,1
S01008524,355,33,110,73,139,247,28,72,47,100,108,5,38,26,39,53,2,17,13,21,31,3,14,6,8,24,0,7,7,10
S01008525,241,21,77,48,95,151,16,55,28,52,90,5,22,20,43,45,2,15,9,19,30,2,6,7,15,15,1,1,4,9
S01008526,297,60,101,57,79,209,41,72,38,58,88,19,29,19,21,43,9,15,6,13,17,5,5,5,2,28,5,9,8,6
S01008527,272,54,112,48,58,173,39,80,28,26,99,15,32,20,32,38,6,15,1,16,26,4,5,8,9,35,5,12,11,7
S01008528,242,46,101,43,52,131,25,66,22,18,111,21,35,21,34,50,8,17,10,15,31,9,9,5,8,30,4,9,6,11
S01008529,234,32,78,59,65,160,22,60,36,42,74,10,18,23,23,30,4,5,7,14,23,3,7,9,4,21,3,6,7,5
S01008530,284,28,80,56,120,185,22,53,37,73,99,6,27,19,47,44,5,8,11,20,31,1,11,3,16,24,0,8,5,11
S01008531,286,25,74,56,131,198,14,52,43,89,88,11,22,13,42,43,6,8,9,20,25,3,7,3,12,20,2,7,1,10
S01008532,140,14,46,28,52,89,8,29,19,33,51,6,17,9,19,20,4,5,3,8,19,2,8,3,6,12,0,4,3,5
S01008533,162,18,123,6,15,65,10,43,3,9,97,8,80,3,6,76,5,66,2,3,15,1,11,1,2,6,2,3,0,1
S01008534,231,68,113,25,25,135,42,62,13,18,96,26,51,12,7,40,5,27,3,5,30,11,14,4,1,26,10,10,5,1
S01008535,198,80,76,19,23,113,45,41,13,14,85,35,35,6,9,21,10,8,1,2,24,11,9,2,2,40,14,18,3,5
S01008536,149,64,46,21,18,88,32,31,13,12,61,32,15,8,6,25,15,4,2,4,17,7,8,2,0,19,10,3,4,2
S01008537,181,100,54,12,15,108,58,34,8,8,73,42,20,4,7,29,20,6,0,3,16,6,6,3,1,28,16,8,1,3
S01008538,128,75,41,5,7,73,41,24,2,6,55,34,17,3,1,12,7,5,0,0,16,10,5,1,0,27,17,7,2,1
S01008539,234,134,68,16,16,129,74,36,8,11,105,60,32,8,5,28,14,11,3,0,33,21,9,2,1,44,25,12,3,4
S01008540,226,122,70,19,15,139,68,44,17,10,87,54,26,2,5,24,15,7,1,1,29,19,5,1,4,34,20,14,0,0
S01008541,232,99,88,27,18,98,34,38,15,11,134,65,50,12,7,51,31,17,2,1,41,16,15,7,3,42,18,18,3,3
S01008542,254,136,84,18,16,119,52,44,9,14,135,84,40,9,2,43,27,11,3,2,56,39,13,4,0,36,18,16,2,0
S01008543,215,90,76,31,18,102,35,36,20,11,113,55,40,11,7,41,23,12,3,3,47,20,18,6,3,25,12,10,2,1
S01008544,202,122,49,12,19,84,40,27,6,11,118,82,22,6,8,25,17,7,1,0,50,34,7,4,5,43,31,8,1,3
S01008545,237,143,68,15,11,110,63,35,3,9,127,80,33,12,2,39,29,6,4,0,40,28,9,3,0,48,23,18,5,2
S01008546,220,136,62,13,9,142,84,42,11,5,78,52,20,2,4,22,15,4,1,2,21,14,7,0,0,35,23,9,1,2
S01008547,368,86,156,60,66,240,64,109,35,32,128,22,47,25,34,50,10,18,10,12,43,7,15,11,10,35,5,14,4,12
S01008548,319,67,123,62,67,194,44,76,37,37,125,23,47,25,30,65,12,26,12,15,32,7,11,6,8,28,4,10,7,7
S01008549,324,53,128,89,54,217,36,84,66,31,107,17,44,23,23,31,4,12,8,7,50,8,20,9,13,26,5,12,6,3
S01008550,279,98,112,37,32,177,48,83,28,18,102,50,29,9,14,33,16,9,2,6,32,14,8,3,7,37,20,12,4,1
S01008551,344,94,149,46,55,262,72,121,31,38,82,22,28,15,17,32,11,6,7,8,19,5,9,3,2,31,6,13,5,7
S01008552,265,86,86,46,47,178,54,61,35,28,87,32,25,11,19,34,14,9,3,8,23,9,6,4,4,30,9,10,4,7
S01008553,167,34,55,33,45,120,24,41,25,30,47,10,14,8,15,16,7,4,2,3,12,2,4,2,4,19,1,6,4,8
S01008554,307,32,54,72,149,140,13,32,43,52,167,19,22,29,97,64,15,7,10,32,51,3,9,9,30,52,1,6,10,35
S01008555,437,27,117,75,218,274,19,75,49,131,163,8,42,26,87,74,5,21,15,33,51,3,13,5,30,38,0,8,6,24
S01008556,257,15,66,62,114,147,10,41,44,52,110,5,25,18,62,55,5,12,9,29,32,0,4,7,21,23,0,9,2,12
S01008557,306,20,77,65,144,183,10,45,45,83,123,10,32,20,61,71,6,18,12,35,32,1,7,4,20,20,3,7,4,6
S01008558,302,28,84,74,116,195,17,61,52,65,107,11,23,22,51,51,5,10,7,29,35,4,6,9,16,21,2,7,6,6
S01008559,215,15,68,44,88,131,10,35,27,59,84,5,33,17,29,39,1,15,9,14,20,3,7,3,7,25,1,11,5,8
S01008560,205,22,54,55,74,115,12,32,33,38,90,10,22,22,36,45,4,14,12,15,26,3,4,4,15,19,3,4,6,6
S01008561,207,30,57,56,64,117,15,36,33,33,90,15,21,23,31,38,11,4,7,16,26,1,11,7,7,26,3,6,9,8
S01008562,241,21,67,54,99,154,11,48,32,63,87,10,19,22,36,53,4,13,14,22,26,5,5,7,9,8,1,1,1,5
S01008563,294,37,61,71,125,178,27,39,40,72,116,10,22,31,53,65,7,15,12,31,28,3,6,7,12,23,0,1,12,10
S01008564,201,26,59,60,56,146,23,47,44,32,55,3,12,16,24,22,3,5,4,10,13,0,3,3,7,20,0,4,9,7
S01008565,307,19,80,63,145,174,10,43,42,79,133,9,37,21,66,56,4,19,5,28,44,3,9,10,22,33,2,9,6,16
S01008566,329,31,89,90,119,192,18,57,52,65,137,13,32,38,54,53,4,14,14,21,45,5,9,13,18,39,4,9,11,15
S01008567,227,31,67,49,80,124,16,37,30,41,103,15,30,19,39,44,6,14,7,17,35,5,11,6,13,24,4,5,6,9
S01008568,288,44,103,67,74,176,31,74,35,36,112,13,29,32,38,53,7,13,15,18,28,3,9,8,8,31,3,7,9,12
S01008569,366,30,68,62,206,283,28,58,43,154,83,2,10,19,52,55,2,5,11,37,19,0,4,6,9,9,0,1,2,6
S01008570,354,24,77,91,162,197,14,42,56,85,157,10,35,35,77,82,5,19,15,43,38,3,8,12,15,37,2,8,8,19
S01008571,204,19,59,51,75,132,12,37,36,47,72,7,22,15,28,29,3,6,7,13,24,3,9,5,7,19,1,7,3,8
S01008572,250,44,76,58,72,156,29,52,29,46,94,15,24,29,26,44,9,11,11,13,32,4,8,9,11,18,2,5,9,2
S01008573,272,82,101,40,49,151,40,55,25,31,121,42,46,15,18,41,19,17,2,3,52,18,18,9,7,28,5,11,4,8
S01008574,266,93,91,43,39,170,61,60,19,30,96,32,31,24,9,35,13,8,10,4,29,10,11,7,1,32,9,12,7,4
S01008575,261,104,101,28,28,154,56,63,18,17,107,48,38,10,11,33,19,9,2,3,39,16,15,5,3,35,13,14,3,5
S01008576,270,76,107,46,41,204,60,80,34,30,66,16,27,12,11,29,9,11,3,6,19,5,6,4,4,18,2,10,5,1
S01008577,230,96,74,32,28,150,51,57,22,20,80,45,17,10,8,24,13,6,3,2,25,14,7,3,1,31,18,4,4,5
S01008578,196,119,59,13,5,105,61,36,7,1,91,58,23,6,4,36,23,8,3,2,27,20,5,1,1,28,15,10,2,1
S01008579,182,73,65,20,24,123,40,50,17,16,59,33,15,3,8,19,12,4,0,3,15,3,9,0,3,25,18,2,3,2
S01008580,189,44,82,30,33,133,29,62,22,20,56,15,20,8,13,19,4,11,3,1,18,4,4,3,7,19,7,5,2,5
S01008581,318,29,112,72,105,231,24,76,55,76,87,5,36,17,29,36,1,13,5,17,21,2,10,6,3,30,2,13,6,9
S01008582,361,63,107,67,124,239,42,72,44,81,122,21,35,23,43,48,9,11,7,21,37,6,10,8,13,37,6,14,8,9
S01008583,242,49,88,43,62,161,35,62,26,38,81,14,26,17,24,44,9,14,9,12,23,4,8,5,6,14,1,4,3,6
S01008584,291,52,102,55,82,186,38,68,32,48,105,14,34,23,34,51,6,21,10,14,27,5,7,6,9,27,3,6,7,11
S01008585,189,26,60,43,60,121,17,38,31,35,68,9,22,12,25,38,7,12,4,15,18,0,9,3,6,12,2,1,5,4
S01008586,248,30,76,60,82,158,20,45,43,50,90,10,31,17,32,39,5,7,9,18,28,3,12,3,10,23,2,12,5,4
S01008587,221,99,76,25,21,143,59,56,16,12,78,40,20,9,9,32,14,7,5,6,19,14,4,0,1,27,12,9,4,2
S01008588,238,119,85,18,16,145,62,60,11,12,93,57,25,7,4,36,27,4,4,1,32,20,8,2,2,25,10,13,1,1
S01008589,102,44,39,6,13,59,19,26,6,8,43,25,13,0,5,15,13,2,0,0,18,6,9,0,3,10,6,2,0,2
S01008590,246,104,106,13,23,173,71,79,8,15,73,33,27,5,8,29,13,14,1,1,32,18,9,2,3,12,2,4,2,4
S01008591,260,119,91,20,30,170,60,73,14,23,90,59,18,6,7,41,28,9,1,3,25,17,4,3,1,24,14,5,2,3
S01008592,257,69,96,36,56,157,30,76,17,34,100,39,20,19,22,42,20,7,7,8,30,9,5,7,9,28,10,8,5,5
S01008593,203,145,41,5,12,112,72,28,4,8,91,73,13,1,4,32,25,7,0,0,38,32,2,1,3,21,16,4,0,1
S01008594,320,200,89,13,18,216,125,71,7,13,104,75,18,6,5,45,33,8,2,2,27,17,5,2,3,32,25,5,2,0
S01008595,347,63,117,58,109,285,43,102,47,93,62,20,15,11,16,31,7,9,3,12,11,5,2,2,2,20,8,4,6,2
S01008596,333,58,126,50,99,265,48,105,45,67,68,10,21,5,32,36,7,9,4,16,16,2,2,0,12,16,1,10,1,4
S01008597,256,83,102,34,37,159,42,72,21,24,97,41,30,13,13,40,19,10,4,7,30,13,10,4,3,27,9,10,5,3
S01008598,271,72,148,20,31,210,44,126,16,24,61,28,22,4,7,27,13,8,1,5,21,11,7,1,2,13,4,7,2,0
S01008599,297,145,116,18,18,219,88,102,15,14,78,57,14,3,4,27,17,8,1,1,22,16,3,1,2,29,24,3,1,1
S01008600,242,108,104,8,22,135,60,59,5,11,107,48,45,3,11,53,21,27,0,5,31,15,11,2,3,23,12,7,1,3
S01008601,269,65,157,16,31,239,52,148,14,25,30,13,9,2,6,15,5,5,1,4,11,5,4,0,2,4,3,0,1,0
S01008602,287,85,138,21,43,258,74,128,18,38,29,11,10,3,5,15,6,5,2,2,8,3,2,1,2,6,2,3,0,1
S01008603,498,138,266,35,59,456,121,252,30,53,42,17,14,5,6,26,10,10,3,3,9,3,2,2,2,7,4,2,0,1
S01008604,357,159,149,23,26,297,115,137,21,24,60,44,12,2,2,23,16,6,1,0,21,16,4,0,1,16,12,2,1,1
S01008605,303,136,128,13,26,254,100,119,12,23,49,36,9,1,3,21,14,5,0,2,12,11,1,0,0,16,11,3,1,1
S01008606,221,132,64,12,13,126,67,42,6,11,95,65,22,6,2,36,27,7,1,1,30,20,7,2,1,29,18,8,3,0
S01008607,163,113,37,4,9,92,50,30,4,8,71,63,7,0,1,28,24,4,0,0,25,24,1,0,0,18,15,2,0,1
S01008608,199,132,55,8,4,123,75,40,5,3,76,57,15,3,1,30,23,5,2,0,23,17,5,1,0,23,17,5,0,1
S01008609,263,151,73,23,16,156,81,49,18,8,107,70,24,5,8,33,23,5,3,2,43,26,13,1,3,31,21,6,1,3
S01008610,225,117,88,11,9,155,69,71,7,8,70,48,17,4,1,20,16,3,1,0,27,17,8,1,1,23,15,6,2,0
S01008611,521,182,263,35,41,457,142,246,32,37,64,40,17,3,4,30,16,11,2,1,19,14,3,0,2,15,10,3,1,1
S01008612,348,107,179,25,37,309,94,167,16,32,39,13,12,9,5,19,6,6,5,2,8,2,2,2,2,12,5,4,2,1
S01008613,288,110,142,9,27,227,71,132,5,19,61,39,10,4,8,29,19,4,2,4,17,11,4,1,1,15,9,2,1,3
S01008614,265,87,148,8,22,243,69,145,8,21,22,18,3,0,1,15,13,1,0,1,4,2,2,0,0,3,3,0,0,0
S01008615,300,102,160,20,18,246,62,151,16,17,54,40,9,4,1,24,18,3,3,0,16,14,1,1,0,14,8,5,0,1
S01008616,244,75,148,10,11,208,49,140,9,10,36,26,8,1,1,17,13,4,0,0,10,7,2,0,1,9,6,2,1,0
S01008617,250,79,152,7,12,200,47,139,6,8,50,32,13,1,4,19,15,4,0,0,18,10,6,0,2,13,7,3,1,2
S01008618,247,74,153,8,12,209,51,144,6,8,38,23,9,2,4,15,11,3,1,0,12,8,3,0,1,11,4,3,1,3
S01008619,181,72,85,3,21,156,57,79,3,17,25,15,6,0,4,15,10,3,0,2,2,1,1,0,0,8,4,2,0,2
S01008620,269,86,153,9,21,239,74,140,7,18,30,12,13,2,3,15,8,5,1,1,9,2,4,1,2,6,2,4,0,0
S01008621,246,71,153,6,16,204,47,141,3,13,42,24,12,3,3,17,11,3,2,1,13,8,3,1,1,12,5,6,0,1
S01008622,172,77,80,7,8,139,57,74,2,6,33,20,6,5,2,15,12,0,2,1,8,4,3,1,0,10,4,3,2,1
S01008623,268,124,116,13,15,211,85,102,11,13,57,39,14,2,2,25,18,3,2,2,23,15,8,0,0,9,6,3,0,0
S01008624,183,113,51,7,12,121,64,42,5,10,62,49,9,2,2,23,17,4,1,1,21,19,2,0,0,18,13,3,1,1
S01008625,162,121,36,1,4,91,64,24,1,2,71,57,12,0,2,21,18,3,0,0,27,19,7,0,1,23,20,2,0,1
S01008626,302,189,84,16,13,193,105,69,11,8,109,84,15,5,5,44,37,5,1,1,35,29,3,0,3,30,18,7,4,1
S01008627,200,120,60,9,11,94,49,34,4,7,106,71,26,5,4,39,27,10,1,1,34,24,7,1,2,33,20,9,3,1
S01008628,216,117,66,17,16,162,83,55,12,12,54,34,11,5,4,20,15,4,1,0,15,9,3,2,1,19,10,4,2,3
S01008629,234,97,95,16,26,178,69,77,11,21,56,28,18,5,5,24,12,7,2,3,20,10,6,2,2,12,6,5,1,0
S01008630,216,82,104,16,14,179,66,96,8,9,37,16,8,8,5,21,9,5,4,3,10,4,2,2,2,6,3,1,2,0
S01008631,402,191,148,30,33,341,158,130,28,25,61,33,18,2,8,33,18,8,1,6,12,5,6,0,1,16,10,4,1,1
S01008632,351,161,132,27,31,313,140,119,25,29,38,21,13,2,2,14,8,5,0,1,12,8,4,0,0,12,5,4,2,1
S01008633,261,154,83,11,13,166,88,59,10,9,95,66,24,1,4,32,23,7,1,1,33,23,8,0,2,30,20,9,0,1
S01008634,212,122,74,8,8,136,66,60,4,6,76,56,14,4,2,33,24,5,3,1,16,11,4,1,0,27,21,5,0,1
S01008635,299,168,102,15,14,231,125,85,10,11,68,43,17,5,3,24,16,6,2,0,20,14,3,1,2,24,13,8,2,1
S01008636,272,133,104,14,21,200,85,87,9,19,72,48,17,5,2,30,23,4,3,0,21,15,4,0,2,21,10,9,2,0
S01008637,233,119,91,11,12,172,85,73,7,7,61,34,18,4,5,23,15,4,3,1,28,15,9,1,3,10,4,5,0,1
S01008638,231,94,96,16,25,182,66,85,10,21,49,28,11,6,4,23,14,4,4,1,14,9,4,1,0,12,5,3,1,3
S01008639,391,188,146,22,35,331,157,131,17,26,60,31,15,5,9,31,15,12,3,1,13,7,0,0,6,16,9,3,2,2
S01008640,328,153,133,18,24,274,115,123,16,20,54,38,10,2,4,28,19,5,2,2,12,9,2,0,1,14,10,3,0,1
S01008641,327,131,151,16,29,290,112,138,14,26,37,19,13,2,3,11,8,2,1,0,15,6,6,1,2,11,5,5,0,1
S01008642,386,201,147,15,23,322,162,130,11,19,64,39,17,4,4,29,19,6,2,2,21,12,6,1,2,14,8,5,1,0
S01008643,297,145,113,20,19,232,106,95,16,15,65,39,18,4,4,34,19,10,3,2,18,14,3,0,1,13,6,5,1,1
S01008644,316,118,144,24,30,272,93,131,23,25,44,25,13,1,5,21,15,5,1,0,15,8,5,0,2,8,2,3,0,3
S01008645,309,121,137,19,32,241,92,112,11,26,68,29,25,8,6,31,19,7,3,2,23,6,11,4,2,14,4,7,1,2
S01008646,401,154,171,37,39,344,127,150,30,37,57,27,21,7,2,29,17,8,3,1,13,6,5,1,1,15,4,8,3,0
S01008647,310,126,130,24,30,280,112,121,19,28,30,14,9,5,2,22,13,6,3,0,2,0,1,0,1,6,1,2,2,1
S01008648,301,95,116,43,47,272,88,109,38,37,29,7,7,5,10,19,4,5,4,6,7,3,2,0,2,3,0,0,1,2
S01008649,523,165,224,52,82,497,157,212,49,79,26,8,12,3,3,16,5,8,2,1,7,1,3,1,2,3,2,1,0,0
S01008650,446,165,170,37,74,426,158,163,37,68,20,7,7,0,6,9,3,4,0,2,6,2,2,0,2,5,2,1,0,2
S01008651,468,135,181,49,103,454,130,178,48,98,14,5,3,1,5,7,2,2,1,2,3,1,1,0,1,4,2,0,0,2
S01008652,362,80,141,40,101,347,78,140,33,96,15,2,1,7,5,7,1,0,3,3,2,0,0,2,0,6,1,1,2,2
S01008653,366,99,144,37,86,338,91,138,35,74,28,8,6,2,12,16,7,3,1,5,4,0,0,0,4,8,1,3,1,3
S01008654,555,156,250,40,109,514,144,239,35,96,41,12,11,5,13,19,8,4,3,4,15,3,5,1,6,7,1,2,1,3
S01008655,408,145,170,30,63,376,133,158,26,59,32,12,12,4,4,17,8,4,3,2,8,2,5,1,0,7,2,3,0,2
S01008656,394,78,165,45,106,362,69,153,41,99,32,9,12,4,7,20,7,7,3,3,8,1,3,1,3,4,1,2,0,1
S01008657,324,101,132,23,68,271,89,117,18,47,53,12,15,5,21,30,9,8,1,12,13,1,4,4,4,10,2,3,0,5
S01008658,483,132,192,56,103,442,121,175,48,98,41,11,17,8,5,18,7,5,5,1,15,4,6,1,4,8,0,6,2,0
S01008659,412,101,185,45,81,385,97,181,38,69,27,4,4,7,12,12,2,4,3,3,8,1,0,2,5,7,1,0,2,4
S01008660,421,147,184,19,71,379,132,176,16,55,42,15,8,3,16,19,5,3,2,9,11,5,2,0,4,12,5,3,1,3
S01008661,381,77,180,42,82,355,73,171,41,70,26,4,9,1,12,10,1,5,0,4,7,1,3,0,3,9,2,1,1,5
S01008662,266,63,127,22,54,249,58,125,21,45,17,5,2,1,9,6,4,1,1,0,7,1,0,0,6,4,0,1,0,3
S01008663,375,81,198,38,58,351,77,189,33,52,24,4,9,5,6,12,2,5,3,2,7,0,2,2,3,5,2,2,0,1
S01008664,367,124,161,23,59,343,116,155,23,49,24,8,6,0,10,11,4,3,0,4,7,2,2,0,3,6,2,1,0,3
S01008665,492,158,192,46,96,434,139,173,41,81,58,19,19,5,15,29,10,10,2,7,16,6,5,3,2,13,3,4,0,6
S01008666,277,93,138,20,26,243,74,129,15,25,34,19,9,5,1,18,11,5,1,1,8,4,2,2,0,8,4,2,2,0
S01008667,272,90,116,26,40,226,67,106,19,34,46,23,10,7,6,14,10,3,0,1,12,4,4,2,2,20,9,3,5,3
S01008668,258,73,139,23,23,240,70,132,20,18,18,3,7,3,5,15,1,6,3,5,0,0,0,0,0,3,2,1,0,0
S01008669,165,19,114,3,29,149,16,109,2,22,16,3,5,1,7,8,0,3,1,4,5,1,1,0,3,3,2,1,0,0
S01008670,234,43,161,10,20,211,38,149,9,15,23,5,12,1,5,13,4,4,1,4,4,1,2,0,1,6,0,6,0,0
S01008671,301,60,200,12,29,290,57,198,9,26,11,3,2,3,3,3,1,1,0,1,4,0,1,2,1,4,2,0,1,1
S01008672,291,73,171,13,34,265,64,163,12,26,26,9,8,1,8,12,4,4,1,3,7,2,1,0,4,7,3,3,0,1
S01008673,609,132,376,25,76,558,119,353,21,65,51,13,23,4,11,25,10,9,3,3,16,2,8,1,5,10,1,6,0,3
S01008674,385,76,217,30,62,363,71,209,28,55,22,5,8,2,7,8,4,4,0,0,9,1,3,2,3,5,0,1,0,4
S01008675,421,108,197,26,90,393,105,184,25,79,28,3,13,1,11,17,2,8,1,6,8,0,4,0,4,3,1,1,0,1
S01008676,310,116,137,26,31,282,106,127,23,26,28,10,10,3,5,13,7,2,1,3,12,2,7,2,1,3,1,1,0,1
S01008677,389,104,203,30,52,366,98,192,28,48,23,6,11,2,4,11,5,4,1,1,6,1,2,1,2,6,0,5,0,1
S01008678,377,70,235,26,46,350,68,219,21,42,27,2,16,5,4,14,1,8,3,2,6,1,5,0,0,7,0,3,2,2
S01008679,468,79,255,40,94,441,74,244,35,88,27,5,11,5,6,14,1,6,5,2,7,2,2,0,3,6,2,3,0,1
S01008680,303,56,165,26,56,283,52,160,23,48,20,4,5,3,8,7,0,2,0,5,8,2,3,3,0,5,2,0,0,3
S01008681,447,82,251,29,85,422,78,245,26,73,25,4,6,3,12,15,2,4,1,8,4,2,0,1,1,6,0,2,1,3
S01008682,385,88,191,18,88,340,73,174,15,78,45,15,17,3,10,24,10,11,1,2,13,2,3,2,6,8,3,3,0,2
S01008683,501,58,187,63,193,404,45,164,54,141,97,13,23,9,52,45,4,8,4,29,34,2,11,3,18,18,7,4,2,5
S01008684,469,77,173,61,158,370,61,142,52,115,99,16,31,9,43,42,10,10,5,17,35,5,9,1,20,22,1,12,3,6
S01008685,421,87,205,41,88,381,79,187,37,78,40,8,18,4,10,15,4,8,1,2,15,2,5,2,6,10,2,5,1,2
S01008686,430,77,171,55,127,368,70,149,43,106,62,7,22,12,21,28,4,8,5,11,14,2,7,3,2,20,1,7,4,8
S01008687,390,124,161,29,76,367,118,155,27,67,23,6,6,2,9,11,4,0,2,5,7,1,3,0,3,5,1,3,0,1
S01008688,430,146,173,33,78,369,131,161,18,59,61,15,12,15,19,37,13,6,7,11,17,2,3,4,8,7,0,3,4,0
S01008689,464,124,191,51,98,422,112,177,45,88,42,12,14,6,10,28,9,8,4,7,6,2,3,1,0,8,1,3,1,3
S01008690,534,179,216,63,76,473,156,200,57,60,61,23,16,6,16,36,12,10,3,11,16,7,3,2,4,9,4,3,1,1
S01008691,622,172,265,63,122,574,160,248,53,113,48,12,17,10,9,31,10,10,5,6,14,2,6,4,2,3,0,1,1,1
S01008692,354,84,150,37,83,330,84,140,33,73,24,0,10,4,10,14,0,5,3,6,6,0,4,1,1,4,0,1,0,3
S01008693,144,25,54,35,30,95,16,43,16,20,49,9,11,19,10,17,2,6,7,2,12,2,1,7,2,20,5,4,5,6
S01008694,479,125,214,57,83,397,101,190,40,66,82,24,24,17,17,43,19,10,8,6,21,5,7,4,5,18,0,7,5,6
S01008695,289,97,133,26,33,198,66,92,17,23,91,31,41,9,10,53,21,24,3,5,23,6,10,4,3,15,4,7,2,2
S01008696,220,99,69,33,19,127,50,43,21,13,93,49,26,12,6,37,24,7,6,0,21,9,7,2,3,35,16,12,4,3
S01008697,315,125,119,43,28,206,82,81,23,20,109,43,38,20,8,44,19,17,5,3,29,12,11,5,1,36,12,10,10,4
S01008698,132,37,52,24,19,81,19,36,14,12,51,18,16,10,7,12,5,4,3,0,22,7,7,2,6,17,6,5,5,1
S01008699,310,51,120,48,91,204,33,83,33,55,106,18,37,15,36,43,8,17,7,11,37,5,12,3,17,26,5,8,5,8
S01008700,165,68,64,11,22,100,39,37,8,16,65,29,27,3,6,18,6,10,1,1,26,14,6,2,4,21,9,11,0,1
S01008701,182,12,45,22,103,132,7,36,17,72,50,5,9,5,31,26,3,3,4,16,18,1,4,1,12,6,1,2,0,3
S01008702,295,49,129,38,79,233,40,112,28,53,62,9,17,10,26,39,5,9,7,18,16,4,5,2,5,7,0,3,1,3
S01008703,399,26,84,75,214,264,18,59,52,135,135,8,25,23,79,66,6,11,13,36,45,1,10,8,26,24,1,4,2,17
S01008704,259,26,78,44,111,163,22,49,30,62,96,4,29,14,49,52,3,19,7,23,25,1,5,5,14,19,0,5,2,12
S01008705,173,16,40,40,77,104,11,30,26,37,69,5,10,14,40,31,4,3,3,21,20,0,5,6,9,18,1,2,5,10
S01008706,211,13,52,33,113,112,8,21,18,65,99,5,31,15,48,60,5,14,9,32,23,0,11,5,7,16,0,6,1,9
S01008707,348,17,73,46,212,199,9,41,26,123,149,8,32,20,89,90,4,17,13,56,34,0,8,4,22,25,4,7,3,11
S01008708,413,14,93,77,229,291,10,63,54,164,122,4,30,23,65,62,4,15,15,28,32,0,8,2,22,28,0,7,6,15
S01008709,250,13,48,54,135,123,9,25,26,63,127,4,23,28,72,63,1,10,11,41,40,2,9,10,19,24,1,4,7,12
S01008710,185,12,45,38,90,102,7,31,18,46,83,5,14,20,44,45,3,6,14,22,23,1,3,5,14,15,1,5,1,8
S01008711,253,14,48,47,144,159,10,25,35,89,94,4,23,12,55,46,1,8,5,32,30,1,9,5,15,18,2,6,2,8
S01008712,339,21,61,73,184,219,14,35,51,119,120,7,26,22,65,49,4,13,7,25,40,2,7,10,21,31,1,6,5,19
S01008713,247,9,47,56,135,126,5,23,31,67,121,4,24,25,68,59,4,5,12,38,31,0,9,5,17,31,0,10,8,13
S01008714,212,27,49,40,96,148,16,34,33,65,64,11,15,7,31,32,7,4,3,18,14,2,6,1,5,18,2,5,3,8
S01008715,229,14,69,51,95,146,11,45,31,59,83,3,24,20,36,25,1,9,5,10,28,1,5,6,16,30,1,10,9,10
S01008716,175,13,55,49,58,121,9,45,30,37,54,4,10,19,21,29,1,4,12,12,15,2,3,5,5,10,1,3,2,4
S01008717,162,19,62,34,47,93,12,40,21,20,69,7,22,13,27,30,2,12,5,11,21,5,4,4,8,18,0,6,4,8
S01008718,173,22,62,45,44,113,14,41,31,27,60,8,21,14,17,23,3,7,3,10,17,2,8,3,4,20,3,6,8,3
S01008719,362,34,121,76,131,221,24,78,47,72,141,10,43,29,59,75,5,23,17,30,47,2,13,9,23,19,3,7,3,6
S01008720,180,24,66,35,55,134,18,57,26,33,46,6,9,9,22,17,3,1,1,12,19,1,6,6,6,10,2,2,2,4
S01008721,271,59,113,57,42,154,29,62,36,27,117,30,51,21,15,42,12,18,9,3,34,9,19,3,3,41,9,14,9,9
S01008722,274,87,107,41,39,174,46,73,27,28,100,41,34,14,11,33,13,10,5,5,34,14,12,5,3,33,14,12,4,3
S01008723,193,51,93,35,14,120,34,57,19,10,73,17,36,16,4,21,7,8,5,1,19,4,12,3,0,33,6,16,8,3
S01008724,256,107,85,28,36,141,51,50,16,24,115,56,35,12,12,40,19,15,2,4,47,23,13,6,5,28,14,7,4,3
S01008725,255,96,82,37,40,164,53,57,24,30,91,43,25,13,10,33,17,11,1,4,27,10,7,8,2,31,16,7,4,4
S01008726,182,97,58,20,7,103,48,37,14,4,79,49,21,6,3,28,16,9,3,0,33,22,8,2,1,18,11,4,1,2
S01008727,339,132,131,30,46,219,70,93,23,33,120,62,38,7,13,54,27,17,2,8,38,22,11,3,2,28,13,10,2,3
S01008728,178,47,57,24,50,94,27,32,14,21,84,20,25,10,29,37,11,6,3,17,33,4,16,5,8,14,5,3,2,4
S01008729,219,107,61,28,23,104,41,41,15,7,115,66,20,13,16,44,28,5,6,5,41,26,6,5,4,30,12,9,2,7
S01008730,372,129,125,43,75,270,92,88,34,56,102,37,37,9,19,45,25,10,4,6,37,9,19,1,8,20,3,8,4,5
S01008731,129,26,44,18,41,91,20,31,12,28,38,6,13,6,13,12,5,5,0,2,10,0,2,3,5,16,1,6,3,6
S01008732,274,47,101,49,77,210,33,83,40,54,64,14,18,9,23,33,6,9,4,14,15,4,2,3,6,16,4,7,2,3
S01008733,388,84,162,53,89,332,75,141,41,75,56,9,21,12,14,37,6,13,7,11,10,3,3,2,2,9,0,5,3,1
S01008734,197,65,78,21,33,133,41,53,16,23,64,24,25,5,10,28,14,10,2,2,24,5,11,1,7,12,5,4,2,1
S01008735,243,107,80,26,30,128,46,52,14,16,115,61,28,12,14,43,22,8,4,9,30,20,7,2,1,42,19,13,6,4
S01008736,173,43,68,28,34,88,18,40,14,16,85,25,28,14,18,19,5,4,6,4,33,11,14,4,4,33,9,10,4,10
S01008737,201,59,92,27,23,119,29,59,18,13,82,30,33,9,10,27,10,8,4,5,29,9,12,4,4,26,11,13,1,1
S01008738,178,60,69,22,27,93,29,40,10,14,85,31,29,12,13,36,14,13,2,7,21,9,7,4,1,28,8,9,6,5
S01008739,168,28,64,36,40,98,17,40,23,18,70,11,24,13,22,19,4,6,3,6,17,5,5,2,5,34,2,13,8,11
S01008740,138,25,54,33,26,77,8,35,18,16,61,17,19,15,10,23,10,5,3,5,14,5,7,1,1,24,2,7,11,4
S01008741,238,45,98,53,42,135,21,62,31,21,103,24,36,22,21,28,5,14,3,6,40,12,11,7,10,35,7,11,12,5
S01008742,142,26,66,27,23,112,19,51,22,20,30,7,15,5,3,11,3,3,2,3,13,3,9,1,0,6,1,3,2,0
S01008743,357,58,125,66,108,258,49,99,49,61,99,9,26,17,47,50,5,14,3,28,23,2,5,7,9,26,2,7,7,10
S01008744,343,66,119,62,96,208,36,82,33,57,135,30,37,29,39,46,12,12,3,19,50,15,13,12,10,39,3,12,14,10
S01008745,169,57,62,21,29,123,40,48,16,19,46,17,14,5,10,16,6,4,1,5,16,4,8,1,3,14,7,2,3,2
S01008746,458,71,143,69,175,341,59,117,53,112,117,12,26,16,63,51,10,9,7,25,26,2,5,5,14,40,0,12,4,24
S01008747,149,41,60,24,24,93,25,41,14,13,56,16,19,10,11,18,8,3,2,5,18,6,8,1,3,20,2,8,7,3
S01008748,155,50,59,25,21,87,22,40,17,8,68,28,19,8,13,32,17,6,4,5,16,5,6,1,4,20,6,7,3,4
S01008749,249,65,89,59,36,151,35,64,34,18,98,30,25,25,18,33,13,9,7,4,35,10,5,12,8,30,7,11,6,6
S01008750,177,46,80,21,30,111,24,54,17,16,66,22,26,4,14,15,10,1,1,3,27,7,11,3,6,24,5,14,0,5
S01008751,193,31,47,45,70,129,16,26,34,53,64,15,21,11,17,25,6,10,0,9,24,7,6,8,3,15,2,5,3,5
S01008752,346,20,113,55,158,249,16,84,45,104,97,4,29,10,54,44,2,13,3,26,33,1,9,3,20,20,1,7,4,8
S01008753,230,19,74,43,94,175,17,53,33,72,55,2,21,10,22,21,1,7,2,11,26,1,11,7,7,8,0,3,1,4
S01008754,298,43,107,66,82,263,39,98,57,69,35,4,9,9,13,21,2,7,5,7,6,0,2,2,2,8,2,0,2,4
S01008755,447,47,148,80,172,345,38,118,67,122,102,9,30,13,50,61,4,17,7,33,22,4,5,5,8,19,1,8,1,9
S01008756,317,31,83,61,142,258,26,71,50,111,59,5,12,11,31,28,3,8,5,12,20,2,4,5,9,11,0,0,1,10
S01008757,294,16,61,59,158,226,14,54,47,111,68,2,7,12,47,34,1,4,5,24,14,0,0,5,9,20,1,3,2,14
S01008758,315,34,85,71,125,209,25,61,41,82,106,9,24,30,43,44,4,9,9,22,29,2,6,16,5,33,3,9,5,16
S01008759,238,16,76,43,103,169,10,56,28,75,69,6,20,15,28,34,4,8,7,15,20,1,5,3,11,15,1,7,5,2
S01008760,406,32,99,65,210,270,23,64,44,139,136,9,35,21,71,52,1,12,9,30,46,6,13,7,20,38,2,10,5,21
S01008761,274,46,103,48,77,174,30,73,27,44,100,16,30,21,33,49,5,12,12,20,31,7,11,6,7,20,4,7,3,6
S01008762,210,46,71,38,55,151,28,51,28,44,59,18,20,10,11,26,8,10,4,4,13,4,5,3,1,20,6,5,3,6
S01008763,352,131,125,37,59,241,87,91,22,41,111,44,34,15,18,59,31,19,3,6,31,8,9,6,8,21,5,6,6,4
S01008764,244,87,89,24,44,158,48,57,21,32,86,39,32,3,12,48,26,15,1,6,20,9,8,1,2,18,4,9,1,4
S01008765,326,112,120,51,43,224,65,88,39,32,102,47,32,12,11,53,27,13,6,7,29,14,10,2,3,20,6,9,4,1
S01008766,300,81,112,54,53,174,43,65,31,35,126,38,47,23,18,54,25,15,5,9,47,12,17,11,7,25,1,15,7,2
S01008767,203,30,85,44,44,134,18,52,31,33,69,12,33,13,11,26,6,12,5,3,17,3,6,4,4,26,3,15,4,4
S01008768,216,45,85,35,51,161,37,62,25,37,55,8,23,10,14,31,3,14,7,7,12,2,5,2,3,12,3,4,1,4
S01008769,362,158,150,27,27,325,141,143,22,19,37,17,7,5,8,22,15,1,2,4,7,2,2,3,0,8,0,4,0,4
S01008770,419,174,149,39,57,331,147,126,28,30,88,27,23,11,27,49,18,15,1,15,23,4,6,4,9,16,5,2,6,3
S01008771,373,139,129,35,70,276,108,106,26,36,97,31,23,9,34,64,20,20,5,19,21,5,1,4,11,12,6,2,0,4
S01008772,286,110,102,33,41,205,71,75,29,30,81,39,27,4,11,38,20,10,2,6,27,15,11,1,0,16,4,6,1,5
S01008773,492,121,191,64,116,404,96,162,55,91,88,25,29,9,25,44,15,14,4,11,28,7,6,5,10,16,3,9,0,4
S01008774,440,77,153,82,128,355,68,126,63,98,85,9,27,19,30,44,7,12,10,15,20,2,4,5,9,21,0,11,4,6
S01008775,180,57,67,30,26,138,44,50,24,20,42,13,17,6,6,17,6,7,3,1,16,6,8,1,1,9,1,2,2,4
S01008776,425,68,158,52,147,342,53,136,40,113,83,15,22,12,34,50,9,16,7,18,19,4,1,3,11,14,2,5,2,5
S01008777,517,78,152,79,208,464,71,134,74,185,53,7,18,5,23,29,3,11,3,12,6,1,3,0,2,18,3,4,2,9
S01008778,634,210,228,71,125,559,195,205,62,97,75,15,23,9,28,49,12,11,6,20,12,1,7,1,3,14,2,5,2,5
S01008779,383,171,142,41,29,339,148,135,32,24,44,23,7,9,5,35,20,6,6,3,6,2,1,2,1,3,1,0,1,1
S01008780,318,99,121,42,56,274,89,108,35,42,44,10,13,7,14,29,6,9,6,8,8,3,2,0,3,7,1,2,1,3
S01008781,509,139,157,87,126,425,130,134,69,92,84,9,23,18,34,50,8,15,14,13,23,1,4,2,16,11,0,4,2,5
S01008782,382,137,137,42,66,311,121,112,34,44,71,16,25,8,22,54,13,17,6,18,10,2,4,2,2,7,1,4,0,2
S01008783,230,81,84,27,38,190,71,75,21,23,40,10,9,6,15,25,8,4,3,10,11,2,4,0,5,4,0,1,3,0
S01008784,257,85,81,29,62,214,82,66,23,43,43,3,15,6,19,16,2,4,3,7,17,1,7,1,8,10,0,4,2,4
S01008785,387,63,115,42,167,290,53,88,33,116,97,10,27,9,51,58,7,13,5,33,21,2,6,2,11,18,1,8,2,7
S01008786,497,168,170,57,102,446,156,154,49,87,51,12,16,8,15,34,11,9,5,9,15,1,5,3,6,2,0,2,0,0
S01008787,171,10,34,27,100,103,8,22,17,56,68,2,12,10,44,41,2,8,6,25,14,0,4,2,8,13,0,0,2,11
S01008788,350,131,117,42,60,302,117,106,37,42,48,14,11,5,18,30,12,4,3,11,8,1,2,2,3,10,1,5,0,4
S01008789,239,42,94,44,59,187,35,75,33,44,52,7,19,11,15,25,4,9,4,8,13,1,6,4,2,14,2,4,3,5
S01008790,312,62,111,48,91,263,53,98,36,76,49,9,13,12,15,26,8,6,6,6,13,1,4,4,4,10,0,3,2,5
S01008791,391,98,146,57,90,318,84,128,45,61,73,14,18,12,29,32,8,6,4,14,26,2,9,5,10,15,4,3,3,5
S01008792,362,87,139,40,96,295,69,117,34,75,67,18,22,6,21,31,7,11,3,10,22,6,6,3,7,14,5,5,0,4
S01008793,206,24,77,29,76,174,20,57,27,70,32,4,20,2,6,12,3,6,1,2,9,0,7,0,2,11,1,7,1,2
S01008794,327,65,126,57,79,256,55,106,42,53,71,10,20,15,26,33,5,9,10,9,18,3,4,2,9,20,2,7,3,8
S01008795,560,149,209,77,125,473,128,186,62,97,87,21,23,15,28,49,13,11,11,14,23,5,6,2,10,15,3,6,2,4
S01008796,534,93,197,76,168,440,82,162,63,133,94,11,35,13,35,50,9,15,8,18,28,2,13,2,11,16,0,7,3,6
S01008797,486,117,201,58,110,442,110,181,54,97,44,7,20,4,13,24,4,11,2,7,14,3,5,2,4,6,0,4,0,2
S01008798,422,98,158,66,100,373,91,147,56,79,49,7,11,10,21,31,6,7,7,11,10,0,4,2,4,8,1,0,1,6
S01008799,302,49,116,50,87,228,40,96,37,55,74,9,20,13,32,38,7,9,6,16,24,2,6,1,15,12,0,5,6,1
S01008800,618,168,245,71,134,560,161,226,58,115,58,7,19,13,19,41,6,13,9,13,10,0,4,2,4,7,1,2,2,2
S01008801,551,137,230,72,112,494,129,211,62,92,57,8,19,10,20,36,6,10,8,12,10,1,3,2,4,11,1,6,0,4
S01008802,562,115,226,75,146,505,108,213,70,114,57,7,13,5,32,34,4,9,4,17,8,1,4,0,3,15,2,0,1,12
S01008803,515,124,169,74,148,451,116,161,56,118,64,8,8,18,30,29,4,4,11,10,18,2,1,2,13,17,2,3,5,7
S01008804,308,71,120,38,79,272,66,109,33,64,36,5,11,5,15,27,3,9,3,12,2,1,1,0,0,7,1,1,2,3
S01008805,300,95,130,24,51,270,81,122,22,45,30,14,8,2,6,19,11,4,1,3,6,2,2,0,2,5,1,2,1,1
S01008806,528,193,193,63,79,464,170,182,53,59,64,23,11,10,20,38,13,10,8,7,16,6,1,2,7,10,4,0,0,6
S01008807,439,135,171,52,81,398,121,157,49,71,41,14,14,3,10,18,8,6,2,2,10,3,4,1,2,13,3,4,0,6
S01008808,321,124,109,30,58,278,112,92,26,48,43,12,17,4,10,24,9,8,4,3,8,1,3,0,4,11,2,6,0,3
S01008809,272,117,104,18,33,231,96,93,16,26,41,21,11,2,7,18,8,5,0,5,14,10,2,1,1,9,3,4,1,1
S01008810,348,150,135,23,40,297,123,125,17,32,51,27,10,6,8,25,18,2,4,1,19,8,5,2,4,7,1,3,0,3
S01008811,353,131,133,38,51,319,112,125,34,48,34,19,8,4,3,20,12,6,1,1,11,5,2,2,2,3,2,0,1,0
S01008812,233,104,83,16,30,210,98,74,15,23,23,6,9,1,7,11,4,4,0,3,9,2,4,1,2,3,0,1,0,2
S01008813,448,93,142,65,148,356,71,118,52,115,92,22,24,13,33,44,14,8,5,17,27,6,7,2,12,21,2,9,6,4
S01008814,353,102,131,49,71,281,76,111,38,56,72,26,20,11,15,29,12,9,2,6,19,6,4,5,4,24,8,7,4,5
S01008815,515,113,210,65,127,446,101,188,55,102,69,12,22,10,25,39,10,14,4,11,20,1,3,4,12,10,1,5,2,2
S01008816,267,86,98,32,51,240,80,90,27,43,27,6,8,5,8,14,3,4,3,4,7,2,2,0,3,6,1,2,2,1
S01008817,393,109,126,57,101,306,96,101,46,63,87,13,25,11,38,47,7,14,4,22,27,4,7,5,11,13,2,4,2,5
S01008818,336,118,121,35,62,234,91,91,20,32,102,27,30,15,30,51,12,11,8,20,23,5,4,6,8,28,10,15,1,2
S01008819,315,135,116,31,33,244,104,93,24,23,71,31,23,7,10,43,20,18,1,4,15,8,3,3,1,13,3,2,3,5
S01008820,530,111,209,71,139,416,88,159,62,107,114,23,50,9,32,65,15,26,5,19,29,5,14,3,7,20,3,10,1,6
S01008821,234,131,62,15,26,137,68,45,8,16,97,63,17,7,10,50,37,5,2,6,20,13,3,2,2,27,13,9,3,2
S01008822,222,114,81,12,15,131,53,59,8,11,91,61,22,4,4,30,24,3,2,1,34,23,9,2,0,27,14,10,0,3
S01008823,190,104,58,15,13,112,51,40,9,12,78,53,18,6,1,33,26,6,1,0,21,13,5,2,1,24,14,7,3,0
S01008824,385,192,120,38,35,292,136,97,31,28,93,56,23,7,7,48,32,9,3,4,24,14,7,1,2,21,10,7,3,1
S01008825,221,107,69,25,20,141,64,49,18,10,80,43,20,7,10,40,24,11,4,1,19,11,3,1,4,21,8,6,2,5
S01008826,320,91,111,44,74,266,62,98,36,70,54,29,13,8,4,19,11,4,3,1,22,14,5,2,1,13,4,4,3,2
S01008827,199,125,59,9,6,99,52,39,4,4,100,73,20,5,2,31,24,4,3,0,39,32,5,0,2,30,17,11,2,0
S01008828,323,125,133,35,30,230,72,105,28,25,93,53,28,7,5,40,27,9,3,1,32,17,11,2,2,21,9,8,2,2
S01008829,201,84,59,27,31,105,36,41,14,14,96,48,18,13,17,44,22,12,6,4,30,10,4,4,12,22,16,2,3,1
S01008830,221,121,75,12,13,139,64,55,8,12,82,57,20,4,1,45,37,5,2,1,19,10,8,1,0,18,10,7,1,0
S01008831,208,103,71,21,13,123,57,47,9,10,85,46,24,12,3,29,15,9,4,1,29,17,8,3,1,27,14,7,5,1
S01008832,236,116,85,17,18,169,76,71,13,9,67,40,14,4,9,21,13,2,1,5,30,20,6,2,2,16,7,6,1,2
S01008833,344,187,105,22,30,256,133,82,18,23,88,54,23,4,7,28,21,6,1,0,40,25,10,3,2,20,8,7,0,5
S01008834,374,188,133,27,26,258,125,100,16,17,116,63,33,11,9,43,33,7,1,2,35,16,10,6,3,38,14,16,4,4
S01008835,281,111,110,27,33,198,80,82,13,23,83,31,28,14,10,36,17,8,8,3,22,9,9,1,3,25,5,11,5,4
S01008836,343,87,121,46,89,292,71,103,41,77,51,16,18,5,12,24,10,7,2,5,14,4,6,0,4,13,2,5,3,3
S01008837,582,235,211,53,83,517,200,192,48,77,65,35,19,5,6,47,30,12,4,1,13,5,7,1,0,5,0,0,0,5
S01008838,522,184,219,47,72,463,160,199,41,63,59,24,20,6,9,25,10,9,3,3,22,9,10,1,2,12,5,1,2,4
S01008839,476,209,163,35,69,403,172,143,27,61,73,37,20,8,8,38,20,10,4,4,23,11,6,4,2,12,6,4,0,2
S01008840,432,198,148,43,43,334,151,116,33,34,98,47,32,10,9,56,28,20,3,5,18,8,5,4,1,24,11,7,3,3
S01008841,259,92,101,31,35,209,79,85,24,21,50,13,16,7,14,30,8,8,3,11,10,3,4,1,2,10,2,4,3,1
S01008842,409,133,156,38,82,343,116,138,29,60,66,17,18,9,22,39,9,10,5,15,20,6,7,3,4,7,2,1,1,3
S01008843,422,180,157,31,54,368,159,140,26,43,54,21,17,5,11,36,14,10,5,7,11,4,4,0,3,7,3,3,0,1
S01008844,330,158,113,26,33,282,136,102,22,22,48,22,11,4,11,30,15,8,3,4,14,5,3,0,6,4,2,0,1,1
S01008845,384,166,176,20,22,343,138,169,18,18,41,28,7,2,4,24,16,4,1,3,8,4,3,0,1,9,8,0,1,0
S01008846,340,152,133,15,40,285,123,118,12,32,55,29,15,3,8,24,11,9,1,3,20,11,5,2,2,11,7,1,0,3
S01008847,231,120,75,19,17,200,98,71,17,14,31,22,4,2,3,20,16,1,1,2,3,2,1,0,0,8,4,2,1,1
S01008848,341,170,117,22,32,302,147,107,20,28,39,23,10,2,4,11,7,1,1,2,18,9,8,1,0,10,7,1,0,2
S01008849,336,170,114,21,31,297,152,101,16,28,39,18,13,5,3,19,11,5,2,1,11,2,7,1,1,9,5,1,2,1
S01008850,327,186,122,9,10,273,150,106,9,8,54,36,16,0,2,19,15,3,0,1,20,12,7,0,1,15,9,6,0,0
S01008851,487,215,176,28,68,434,189,154,26,65,53,26,22,2,3,22,8,12,1,1,11,9,2,0,0,20,9,8,1,2
S01008852,392,243,121,15,13,322,185,111,13,13,70,58,10,2,0,25,20,4,1,0,29,26,3,0,0,16,12,3,1,0
S01008853,328,178,106,21,23,278,151,88,19,20,50,27,18,2,3,28,15,9,2,2,16,8,7,0,1,6,4,2,0,0
S01008854,420,216,168,13,23,371,186,157,9,19,49,30,11,4,4,27,14,6,4,3,11,6,4,0,1,11,10,1,0,0
S01008855,556,297,204,19,36,491,254,189,16,32,65,43,15,3,4,34,21,8,3,2,17,12,5,0,0,14,10,2,0,2
S01008856,271,112,108,20,31,230,88,94,19,29,41,24,14,1,2,23,14,8,1,0,11,6,3,0,2,7,4,3,0,0
S01008857,378,203,115,29,31,318,171,98,22,27,60,32,17,7,4,34,24,7,2,1,13,6,4,1,2,13,2,6,4,1
S01008858,265,143,90,14,18,228,119,80,13,16,37,24,10,1,2,17,14,3,0,0,9,4,4,1,0,11,6,3,0,2
S01008859,554,284,191,37,42,499,251,180,29,39,55,33,11,8,3,31,19,4,6,2,17,11,4,1,1,7,3,3,1,0
S01008860,422,200,154,28,40,365,174,139,20,32,57,26,15,8,8,25,15,6,2,2,16,7,2,4,3,16,4,7,2,3
S01008861,266,179,67,14,6,187,119,51,11,6,79,60,16,3,0,23,17,6,0,0,26,19,7,0,0,30,24,3,3,0
S01008862,500,242,183,37,38,463,221,172,36,34,37,21,11,1,4,18,12,5,0,1,15,6,6,0,3,4,3,0,1,0
S01008863,324,182,106,16,20,257,137,91,12,17,67,45,15,4,3,38,28,8,2,0,13,7,4,1,1,16,10,3,1,2
S01008864,296,175,89,14,18,230,127,77,11,15,66,48,12,3,3,36,25,7,2,2,16,11,3,1,1,14,12,2,0,0
S01008865,348,183,115,16,34,274,152,89,12,21,74,31,26,4,13,31,17,10,2,2,30,10,12,1,7,13,4,4,1,4
S01008866,404,241,117,21,25,347,206,105,15,21,57,35,12,6,4,36,25,5,4,2,10,4,3,1,2,11,6,4,1,0
S01008867,323,218,88,12,5,249,164,71,10,4,74,54,17,2,1,39,32,6,1,0,18,14,4,0,0,17,8,7,1,1
S01008868,361,161,149,21,30,330,144,138,19,29,31,17,11,2,1,17,11,5,1,0,7,4,3,0,0,7,2,3,1,1
S01008869,481,277,146,24,34,435,251,128,24,32,46,26,18,0,2,26,15,10,0,1,11,7,4,0,0,9,4,4,0,1
S01008870,348,207,103,19,19,297,170,92,18,17,51,37,11,1,2,30,24,6,0,0,14,7,4,1,2,7,6,1,0,0
S01008871,431,243,141,16,31,364,190,133,13,28,67,53,8,3,3,37,28,7,1,1,16,13,1,1,1,14,12,0,1,1
S01008872,350,182,124,23,21,297,141,118,22,16,53,41,6,1,5,34,31,3,0,0,9,6,1,0,2,10,4,2,1,3
S01008873,270,147,97,12,14,202,99,78,11,14,68,48,19,1,0,29,20,8,1,0,17,12,5,0,0,22,16,6,0,0
S01008874,399,202,136,29,32,337,170,120,23,24,62,32,16,6,8,33,19,7,4,3,13,9,2,0,2,16,4,7,2,3
S01008875,388,146,157,35,50,338,132,141,26,39,50,14,16,9,11,31,8,9,8,6,8,3,3,1,1,11,3,4,0,4
S01008876,161,77,48,14,22,95,37,34,10,14,66,40,14,4,8,21,12,5,2,2,22,16,2,0,4,23,12,7,2,2
S01008877,169,81,56,15,17,95,42,35,7,11,74,39,21,8,6,31,22,8,0,1,22,10,4,6,2,21,7,9,2,3
S01008878,293,70,117,41,65,200,44,83,27,46,93,26,34,14,19,30,9,7,6,8,37,12,14,5,6,26,5,13,3,5
S01008879,281,79,102,43,57,194,49,77,31,37,87,30,25,12,20,47,19,10,8,10,18,6,5,3,4,22,5,10,1,6
S01008880,223,88,86,20,29,153,50,66,14,23,70,38,20,6,6,32,19,9,2,2,16,8,5,2,1,22,11,6,2,3
S01008881,159,86,46,12,15,117,63,34,7,13,42,23,12,5,2,12,8,2,1,1,13,8,3,1,1,17,7,7,3,0
S01008882,313,220,74,13,6,183,114,57,7,5,130,106,17,6,1,47,32,10,4,1,38,35,2,1,0,45,39,5,1,0
S01008883,225,153,53,9,10,113,64,37,5,7,112,89,16,4,3,25,21,2,1,1,46,35,9,1,1,41,33,5,2,1
S01008884,161,107,43,6,5,86,47,31,4,4,75,60,12,2,1,23,21,2,0,0,21,17,4,0,0,31,22,6,2,1
S01008885,236,160,52,9,15,102,58,29,6,9,134,102,23,3,6,34,24,6,1,3,53,44,6,0,3,47,34,11,2,0
S01008886,313,159,108,26,20,231,116,82,20,13,82,43,26,6,7,28,17,7,3,1,22,9,8,2,3,32,17,11,1,3
S01008887,242,114,84,23,21,150,66,61,13,10,92,48,23,10,11,36,20,7,5,4,23,13,4,3,3,33,15,12,2,4
S01008888,307,160,125,13,9,264,132,113,11,8,43,28,12,2,1,26,18,6,1,1,11,8,2,1,0,6,2,4,0,0
S01008889,198,79,64,27,28,144,54,56,18,16,54,25,8,9,12,31,17,2,5,7,12,2,4,4,2,11,6,2,0,3
S01008890,197,73,73,24,27,115,36,43,17,19,82,37,30,7,8,30,19,9,1,1,29,11,11,3,4,23,7,10,3,3
S01008891,205,103,69,23,10,115,51,44,15,5,90,52,25,8,5,30,23,6,1,0,32,14,12,3,3,28,15,7,4,2
S01008892,327,139,118,37,33,242,95,94,25,28,85,44,24,12,5,35,20,5,8,2,28,16,9,3,0,22,8,10,1,3
S01008893,235,139,66,14,16,110,55,38,7,10,125,84,28,7,6,47,37,8,1,1,44,29,10,3,2,34,18,10,3,3
S01008894,223,133,61,15,14,109,64,28,10,7,114,69,33,5,7,46,30,9,4,3,40,29,10,0,1,28,10,14,1,3
S01008895,191,113,54,16,8,89,50,28,8,3,102,63,26,8,5,27,16,7,2,2,51,31,13,5,2,24,16,6,1,1
S01008896,157,86,48,12,11,60,28,21,6,5,97,58,27,6,6,29,23,6,0,0,38,20,9,4,5,30,15,12,2,1
S01008897,194,95,61,19,19,112,42,41,17,12,82,53,20,2,7,29,18,10,0,1,29,20,6,1,2,24,15,4,1,4
S01008898,212,117,55,25,15,95,40,31,12,12,117,77,24,13,3,40,26,8,4,2,37,26,5,5,1,40,25,11,4,0
S01008899,274,17,75,46,136,165,13,44,33,75,109,4,31,13,61,43,3,13,4,23,40,0,11,6,23,26,1,7,3,15
S01008900,297,38,88,62,109,189,23,61,39,66,108,15,27,23,43,50,7,13,6,24,30,3,7,7,13,28,5,7,10,6
S01008901,259,29,79,65,86,152,14,47,37,54,107,15,32,28,32,40,6,15,9,10,33,3,9,7,14,34,6,8,12,8
S01008902,372,50,112,68,142,245,35,83,46,81,127,15,29,22,61,59,9,11,9,30,42,1,14,6,21,26,5,4,7,10
S01008903,296,24,88,81,103,200,18,65,53,64,96,6,23,28,39,40,5,15,8,12,31,1,4,12,14,25,0,4,8,13
S01008904,358,25,89,82,162,219,20,72,47,80,139,5,17,35,82,60,2,10,11,37,41,1,2,11,27,38,2,5,13,18
S01008905,439,22,116,72,229,292,16,81,49,146,147,6,35,23,83,76,4,14,13,45,51,0,16,6,29,20,2,5,4,9
S01008906,359,20,91,76,172,247,17,69,55,106,112,3,22,21,66,53,2,9,9,33,38,0,8,7,23,21,1,5,5,10
S01008907,209,7,42,26,134,86,3,27,12,44,123,4,15,14,90,55,3,7,6,39,47,1,5,4,37,21,0,3,4,14
S01008908,342,47,96,59,140,220,32,69,43,76,122,15,27,16,64,51,6,14,4,27,44,7,7,5,25,27,2,6,7,12
S01008909,276,31,86,62,97,159,22,58,31,48,117,9,28,31,49,43,3,8,10,22,40,4,11,15,10,34,2,9,6,17
S01008910,169,30,47,39,53,101,24,31,22,24,68,6,16,17,29,29,5,5,3,16,20,1,3,6,10,19,0,8,8,3
S01008911,414,165,140,49,60,321,146,108,35,32,93,19,32,14,28,65,18,19,10,18,17,0,7,3,7,11,1,6,1,3
S01008912,246,80,89,37,40,142,46,52,24,20,104,34,37,13,20,49,22,15,6,6,30,3,13,4,10,25,9,9,3,4
S01008913,239,80,66,40,53,126,44,36,22,24,113,36,30,18,29,66,27,15,9,15,23,5,7,2,9,24,4,8,7,5
S01008914,259,43,90,57,69,170,26,66,35,43,89,17,24,22,26,33,8,7,10,8,26,5,9,7,5,30,4,8,5,13
S01008915,159,51,56,28,24,81,21,34,18,8,78,30,22,10,16,26,14,8,3,1,26,5,8,4,9,26,11,6,3,6
S01008916,382,33,105,55,189,257,22,71,38,126,125,11,34,17,63,54,2,16,8,28,46,5,13,8,20,25,4,5,1,15
S01008917,312,23,78,55,156,221,20,58,40,103,91,3,20,15,53,48,3,9,4,32,26,0,6,8,12,17,0,5,3,9
S01008918,273,12,47,52,162,160,11,32,26,91,113,1,15,26,71,54,1,7,15,31,34,0,5,6,23,25,0,3,5,17
S01008919,240,19,46,35,140,144,13,25,28,78,96,6,21,7,62,44,3,10,2,29,38,2,7,4,25,14,1,4,1,8
S01008920,554,177,224,57,96,452,150,187,42,73,102,27,37,15,23,66,21,24,11,10,17,3,7,1,6,19,3,6,3,7
S01008921,300,9,62,64,165,190,7,42,43,98,110,2,20,21,67,64,2,10,6,46,31,0,7,8,16,15,0,3,7,5
S01008922,289,20,81,59,129,184,12,54,37,81,105,8,27,22,48,38,3,13,3,19,33,2,7,10,14,34,3,7,9,15
S01008923,288,18,73,60,137,190,11,52,40,87,98,7,21,20,50,52,5,13,6,28,20,0,4,7,9,26,2,4,7,13
S01008924,319,16,69,74,160,164,6,42,39,77,155,10,27,35,83,67,3,11,14,39,45,1,7,11,26,43,6,9,10,18
S01008925,244,18,78,66,82,135,12,54,40,29,109,6,24,26,53,63,4,18,15,26,27,2,2,5,18,19,0,4,6,9
S01008926,211,27,74,44,66,124,19,43,28,34,87,8,31,16,32,42,3,22,7,10,24,3,5,5,11,21,2,4,4,11
S01008927,400,72,157,69,102,282,55,119,41,67,118,17,38,28,35,86,15,30,19,22,23,2,5,7,9,9,0,3,2,4
S01008928,202,47,67,37,51,140,35,51,22,32,62,12,16,15,19,35,8,8,6,13,13,3,5,2,3,14,1,3,7,3
S01008929,430,15,69,73,273,336,14,55,62,205,94,1,14,11,68,58,0,5,6,47,16,0,5,3,8,20,1,4,2,13
S01008930,344,15,65,56,208,191,11,38,32,110,153,4,27,24,98,56,1,7,10,38,56,1,9,8,38,41,2,11,6,22
S01008931,265,6,65,46,148,147,4,41,28,74,118,2,24,18,74,43,1,10,6,26,32,1,0,8,23,43,0,14,4,25
S01008932,356,48,137,68,103,218,32,91,44,51,138,16,46,24,52,89,10,28,15,36,27,4,10,6,7,22,2,8,3,9
S01008933,262,17,65,43,137,139,8,36,24,71,123,9,29,19,66,52,1,16,6,29,46,5,9,9,23,25,3,4,4,14
S01008934,297,37,77,43,140,175,20,46,27,82,122,17,31,16,58,64,10,14,4,36,39,6,10,8,15,19,1,7,4,7
S01008935,243,71,87,37,48,132,35,47,22,28,111,36,40,15,20,42,15,12,5,10,41,16,16,6,3,28,5,12,4,7
S01008936,109,60,32,12,5,47,21,17,5,4,62,39,15,7,1,22,18,3,1,0,21,12,6,3,0,19,9,6,3,1
S01008937,276,77,109,47,43,182,47,78,28,29,94,30,31,19,14,31,12,9,7,3,33,12,11,6,4,30,6,11,6,7
S01008938,182,68,63,26,25,72,21,31,10,10,110,47,32,16,15,36,18,8,8,2,42,16,14,6,6,32,13,10,2,7
S01008939,191,55,68,33,35,96,27,35,19,15,95,28,33,14,20,31,10,12,4,5,27,6,10,3,8,37,12,11,7,7
S01008940,143,83,41,9,10,74,38,23,7,6,69,45,18,2,4,24,18,5,0,1,26,15,7,2,2,19,12,6,0,1
S01008941,225,135,61,16,13,99,49,32,9,9,126,86,29,7,4,55,42,10,2,1,39,25,9,3,2,32,19,10,2,1
S01008942,238,98,89,26,25,149,51,63,18,17,89,47,26,8,8,31,17,7,3,4,34,22,8,2,2,24,8,11,3,2
S01008943,193,117,55,10,11,95,51,29,7,8,98,66,26,3,3,25,16,7,0,2,47,34,11,2,0,26,16,8,1,1
S01008944,261,141,87,16,17,142,74,48,10,10,119,67,39,6,7,32,20,8,3,1,55,31,21,0,3,32,16,10,3,3
S01008945,209,116,71,12,10,113,59,41,7,6,96,57,30,5,4,29,13,12,3,1,37,23,11,2,1,30,21,7,0,2
S01008946,236,125,71,15,25,145,69,52,9,15,91,56,19,6,10,32,20,6,3,3,24,19,2,0,3,35,17,11,3,4
S01008947,244,121,81,22,20,116,58,41,6,11,128,63,40,16,9,34,17,13,4,0,40,21,11,4,4,54,25,16,8,5
S01008948,217,85,81,27,24,132,47,52,16,17,85,38,29,11,7,34,18,8,6,2,30,10,14,3,3,21,10,7,2,2
S01008949,259,37,92,54,76,136,18,47,29,42,123,19,45,25,34,45,9,17,4,15,40,8,15,9,8,38,2,13,12,11
S01008950,269,55,90,58,66,158,31,56,34,37,111,24,34,24,29,44,9,12,10,13,32,12,9,6,5,35,3,13,8,11
S01008951,316,37,106,57,116,231,31,77,38,85,85,6,29,19,31,40,1,16,8,15,25,3,6,6,10,20,2,7,5,6
S01008952,336,32,92,78,134,240,28,73,62,77,96,4,19,16,57,49,3,6,4,36,21,1,6,8,6,26,0,7,4,15
S01008953,284,30,101,65,88,181,19,61,41,60,103,11,40,24,28,33,0,15,10,8,34,6,12,5,11,36,5,13,9,9
S01008954,263,35,90,51,87,184,22,63,34,65,79,13,27,17,22,39,7,11,9,12,23,3,10,5,5,17,3,6,3,5
S01008955,206,65,89,28,24,124,37,54,19,14,82,28,35,9,10,28,6,12,4,6,26,10,13,2,1,28,12,10,3,3
S01008956,347,83,153,60,51,248,59,109,43,37,99,24,44,17,14,42,13,13,10,6,27,7,12,3,5,30,4,19,4,3
S01008957,324,87,105,57,75,209,58,68,31,52,115,29,37,26,23,44,10,12,12,10,42,11,13,9,9,29,8,12,5,4
S01008958,280,51,114,39,76,202,32,84,30,56,78,19,30,9,20,31,10,12,3,6,30,7,11,4,8,17,2,7,2,6
S01008959,287,59,116,63,49,202,40,82,44,36,85,19,34,19,13,31,10,10,3,8,28,6,13,8,1,26,3,11,8,4
S01008960,310,162,105,24,19,161,81,59,14,7,149,81,46,10,12,64,35,21,5,3,45,26,11,3,5,40,20,14,2,4
S01008961,257,67,106,37,47,179,47,81,24,27,78,20,25,13,20,34,11,8,7,8,18,5,7,2,4,26,4,10,4,8
S01008962,204,61,88,27,28,135,37,61,18,19,69,24,27,9,9,26,13,7,4,2,19,6,8,3,2,24,5,12,2,5
S01008963,219,73,90,35,21,137,40,60,24,13,82,33,30,11,8,26,15,9,1,1,30,8,11,6,5,26,10,10,4,2
S01008964,120,54,37,19,10,58,27,19,7,5,62,27,18,12,5,16,9,4,3,0,23,10,6,3,4,23,8,8,6,1
S01008965,175,86,46,23,20,103,44,33,10,16,72,42,13,13,4,23,14,5,3,1,24,13,4,6,1,25,15,4,4,2
S01008966,157,45,58,33,21,85,18,36,16,15,72,27,22,17,6,31,14,4,8,5,19,6,7,6,0,22,7,11,3,1
S01008967,263,108,98,29,28,145,50,66,14,15,118,58,32,15,13,41,25,12,3,1,43,21,9,7,6,34,12,11,5,6
S01008968,257,120,80,36,21,140,60,46,21,13,117,60,34,15,8,51,29,14,5,3,33,17,13,2,1,33,14,7,8,4
S01008969,298,92,112,43,51,170,46,65,28,31,128,46,47,15,20,52,23,20,2,7,39,8,17,7,7,37,15,10,6,6
S01008970,305,156,95,28,26,188,88,62,20,18,117,68,33,8,8,47,27,15,3,2,30,18,7,2,3,40,23,11,3,3
S01008971,206,119,57,19,11,112,62,36,9,5,94,57,21,10,6,38,25,10,3,0,26,16,6,1,3,30,16,5,6,3
S01008972,215,127,71,11,6,112,51,47,10,4,103,76,24,1,2,34,25,9,0,0,35,28,5,1,1,34,23,10,0,1
S01008973,255,104,104,19,28,192,73,81,15,23,63,31,23,4,5,27,16,8,2,1,20,10,7,1,2,16,5,8,1,2
S01008974,242,92,76,32,42,153,59,56,22,16,89,33,20,10,26,47,17,12,7,11,23,8,4,0,11,19,8,4,3,4
S01008975,213,59,84,38,32,161,42,68,28,23,52,17,16,10,9,19,9,5,4,1,18,5,5,2,6,15,3,6,4,2
S01008976,142,71,47,13,11,83,35,33,9,6,59,36,14,4,5,29,20,5,3,1,14,10,1,0,3,16,6,8,1,1
S01008977,171,78,59,17,17,109,53,39,7,10,62,25,20,10,7,13,3,5,2,3,26,18,4,2,2,23,4,11,6,2
S01008978,197,30,84,44,39,125,21,59,24,21,72,9,25,20,18,25,5,9,5,6,27,1,10,9,7,20,3,6,6,5
S01008979,277,62,110,46,59,144,38,55,25,26,133,24,55,21,33,57,15,18,3,21,38,5,15,11,7,38,4,22,7,5
S01008980,286,50,113,66,57,148,26,63,33,26,138,24,50,33,31,51,9,15,11,16,49,10,19,11,9,38,5,16,11,6
S01008981,173,56,63,32,22,107,33,38,21,15,66,23,25,11,7,28,9,8,8,3,25,11,10,2,2,13,3,7,1,2
S01008982,284,44,126,55,59,173,31,80,32,30,111,13,46,23,29,52,7,16,10,19,29,3,13,6,7,30,3,17,7,3
S01008983,292,42,108,70,72,200,30,79,53,38,92,12,29,17,34,50,8,17,5,20,23,3,5,7,8,19,1,7,5,6
S01008984,188,31,76,31,50,97,20,41,18,18,91,11,35,13,32,40,4,17,5,14,25,2,9,3,11,26,5,9,5,7
S01008985,246,30,104,52,60,177,15,80,39,43,69,15,24,13,17,37,7,11,6,13,16,3,7,3,3,16,5,6,4,1
S01008986,213,37,85,51,40,121,16,45,34,26,92,21,40,17,14,37,9,17,4,7,28,5,10,8,5,27,7,13,5,2
S01008987,208,37,91,50,30,134,23,62,34,15,74,14,29,16,15,25,11,5,4,5,29,3,14,9,3,20,0,10,3,7
S01008988,330,89,140,47,54,235,68,103,28,36,95,21,37,19,18,40,14,15,5,6,30,5,10,8,7,25,2,12,6,5
S01008989,296,69,144,43,40,216,55,108,28,25,80,14,36,15,15,35,7,14,5,9,20,3,10,3,4,25,4,12,7,2
S01008990,347,94,151,59,43,266,72,121,44,29,81,22,30,15,14,42,13,15,7,7,19,7,2,6,4,20,2,13,2,3
S01008991,340,104,141,58,37,201,59,88,29,25,139,45,53,29,12,47,21,13,9,4,39,13,15,7,4,53,11,25,13,4
S01008992,194,44,65,41,44,142,28,51,32,31,52,16,14,9,13,25,10,5,3,7,16,2,8,2,4,11,4,1,4,2
S01008993,340,114,131,52,43,213,76,79,35,23,127,38,52,17,20,38,12,12,7,7,55,16,22,8,9,34,10,18,2,4
S01008994,246,33,68,56,89,154,14,48,37,55,92,19,20,19,34,44,11,13,6,14,26,3,6,5,12,22,5,1,8,8
S01008995,278,108,94,46,30,171,55,64,34,18,107,53,30,12,12,40,22,9,2,7,37,19,10,6,2,30,12,11,4,3
S01008996,167,25,46,44,52,115,16,34,31,34,52,9,12,13,18,15,3,5,3,4,19,5,3,4,7,18,1,4,6,7
S01008997,330,72,112,72,74,192,28,64,46,54,138,44,48,26,20,57,27,12,12,6,44,10,19,7,8,37,7,17,7,6
S01008998,206,21,53,41,91,111,8,32,24,47,95,13,21,17,44,38,2,7,8,21,31,6,7,5,13,26,5,7,4,10
S01008999,257,47,85,51,74,166,23,57,34,52,91,24,28,17,22,32,8,7,7,10,28,6,11,6,5,31,10,10,4,7
S01009000,272,88,102,48,34,177,56,67,33,21,95,32,35,15,13,33,14,9,5,5,34,14,12,5,3,28,4,14,5,5
S01009001,231,80,83,45,23,96,27,38,23,8,135,53,45,22,15,48,23,18,3,4,47,17,14,12,4,40,13,13,7,7
S01009002,258,99,75,36,48,146,49,42,19,36,112,50,33,17,12,56,26,16,7,7,22,6,7,5,4,34,18,10,5,1
S01009003,312,143,106,26,37,180,72,61,20,27,132,71,45,6,10,55,28,21,2,4,37,20,12,4,1,40,23,12,0,5
S01009004,210,35,77,64,34,121,18,43,40,20,89,17,34,24,14,39,8,14,11,6,28,5,10,7,6,22,4,10,6,2
S01009005,251,54,96,53,48,165,34,66,34,31,86,20,30,19,17,40,14,15,6,5,25,4,7,6,8,21,2,8,7,4
S01009006,226,50,75,41,60,118,24,38,23,33,108,26,37,18,27,53,14,13,11,15,30,6,14,6,4,25,6,10,1,8
S01009007,214,21,79,51,63,114,9,38,31,36,100,12,41,20,27,38,4,12,9,13,33,4,13,4,12,29,4,16,7,2
S01009008,301,100,104,45,52,211,61,73,31,46,90,39,31,14,6,36,19,10,5,2,30,14,8,6,2,24,6,13,3,2
S01009009,172,17,52,43,60,115,15,35,27,38,57,2,17,16,22,31,1,9,6,15,16,1,5,6,4,10,0,3,4,3
S01009010,351,103,141,52,55,207,55,88,31,33,144,48,53,21,22,54,17,18,9,10,43,12,19,5,7,47,19,16,7,5
S01009011,291,97,117,54,23,167,44,70,36,17,124,53,47,18,6,53,25,15,10,3,30,16,8,4,2,41,12,24,4,1
S01009012,243,79,97,43,24,145,51,59,20,15,98,28,38,23,9,37,8,18,9,2,32,12,8,8,4,29,8,12,6,3
S01009013,298,97,97,57,47,185,56,58,38,33,113,41,39,19,14,37,14,12,5,6,32,13,10,3,6,44,14,17,11,2
S01009014,203,28,51,65,59,128,19,29,38,42,75,9,22,27,17,33,1,10,15,7,20,3,5,5,7,22,5,7,7,3
S01009015,192,38,44,64,46,116,30,20,42,24,76,8,24,22,22,35,2,10,8,15,16,0,3,7,6,25,6,11,7,1
S01009016,154,27,34,52,41,100,19,19,32,30,54,8,15,20,11,15,2,4,5,4,22,4,3,11,4,17,2,8,4,3
S01009017,209,25,52,70,62,140,20,36,41,43,69,5,16,29,19,33,2,8,12,11,19,1,5,11,2,17,2,3,6,6
S01009018,244,46,55,94,49,156,30,31,64,31,88,16,24,30,18,29,4,8,9,8,30,5,7,16,2,29,7,9,5,8
S01009019,165,19,48,56,42,109,18,26,33,32,56,1,22,23,10,24,0,10,12,2,18,0,7,6,5,14,1,5,5,3
S01009020,292,53,73,88,78,185,39,44,52,50,107,14,29,36,28,41,3,12,15,11,35,4,12,8,11,31,7,5,13,6
S01009021,219,49,51,75,44,154,34,37,48,35,65,15,14,27,9,24,6,5,11,2,17,1,4,9,3,24,8,5,7,4
S01009022,270,40,62,98,70,195,25,44,74,52,75,15,18,24,18,26,6,4,9,7,22,4,7,6,5,27,5,7,9,6
S01009023,261,46,60,90,65,182,33,38,60,51,79,13,22,30,14,24,2,7,10,5,22,5,8,7,2,33,6,7,13,7
S01009024,276,40,71,93,72,200,31,44,66,59,76,9,27,27,13,33,4,14,10,5,31,4,10,12,5,12,1,3,5,3
S01009025,285,42,73,97,73,191,34,54,56,47,94,8,19,41,26,29,5,2,10,12,36,2,12,15,7,29,1,5,16,7
S01009026,259,46,73,85,55,182,29,58,59,36,77,17,15,26,19,25,3,7,12,3,27,11,5,5,6,25,3,3,9,10
S01009027,237,51,71,66,49,166,32,49,47,38,71,19,22,19,11,17,6,3,5,3,27,2,12,8,5,27,11,7,6,3
S01009028,147,22,32,58,35,104,16,18,41,29,43,6,14,17,6,14,2,4,7,1,11,2,3,2,4,18,2,7,8,1
S01009029,186,37,46,52,51,130,22,30,39,39,56,15,16,13,12,16,2,7,2,5,18,5,6,4,3,22,8,3,7,4
S01009030,221,32,50,77,62,148,23,31,48,46,73,9,19,29,16,26,1,10,10,5,24,4,3,11,6,23,4,6,8,5
S01009031,234,30,74,77,53,161,21,44,52,44,73,9,30,25,9,30,3,8,12,7,23,2,10,9,2,20,4,12,4,0
S01009032,170,26,43,62,39,109,16,26,41,26,61,10,17,21,13,22,3,6,9,4,17,3,4,4,6,22,4,7,8,3
S01009033,218,26,60,73,59,134,14,36,44,40,84,12,24,29,19,25,2,7,12,4,33,4,11,10,8,26,6,6,7,7
S01009034,168,35,50,48,35,95,17,32,26,20,73,18,18,22,15,23,7,7,6,3,33,10,6,8,9,17,1,5,8,3
S01009035,253,48,68,86,51,145,29,34,49,33,108,19,34,37,18,37,6,9,15,7,38,7,13,12,6,33,6,12,10,5
S01009036,336,51,88,115,82,184,26,42,62,54,152,25,46,53,28,70,8,21,29,12,44,10,15,9,10,38,7,10,15,6
S01009037,278,53,79,78,68,148,24,41,41,42,130,29,38,37,26,36,11,11,10,4,57,9,19,17,12,37,9,8,10,10
S01009038,337,52,103,100,82,205,34,65,54,52,132,18,38,46,30,54,6,17,19,12,43,5,9,19,10,35,7,12,8,8
S01009039,248,22,53,71,102,161,16,32,46,67,87,6,21,25,35,26,2,2,14,8,35,1,6,8,20,26,3,13,3,7
S01009040,217,34,63,72,48,146,25,41,49,31,71,9,22,23,17,24,5,7,7,5,24,3,8,6,7,23,1,7,10,5
S01009041,320,83,85,83,69,248,60,69,57,62,72,23,16,26,7,33,6,6,16,5,20,7,6,6,1,19,10,4,4,1
S01009042,293,37,81,79,96,189,23,45,53,68,104,14,36,26,28,39,4,9,13,13,28,4,13,6,5,37,6,14,7,10
S01009043,216,29,55,54,78,162,18,44,40,60,54,11,11,14,18,24,2,3,8,11,14,6,3,3,2,16,3,5,3,5
S01009044,249,46,60,69,74,168,30,39,50,49,81,16,21,19,25,30,4,5,9,12,29,8,8,8,5,22,4,8,2,8
S01009045,207,35,50,62,60,141,28,30,37,46,66,7,20,25,14,23,2,6,11,4,21,4,4,8,5,22,1,10,6,5
S01009046,253,52,63,85,53,146,34,32,49,31,107,18,31,36,22,35,5,11,12,7,34,7,6,12,9,38,6,14,12,6
S01009047,245,36,76,87,46,142,15,46,52,29,103,21,30,35,17,35,11,8,10,6,37,6,12,14,5,31,4,10,11,6
S01009048,241,44,80,69,48,152,24,53,43,32,89,20,27,26,16,36,3,8,16,9,29,9,11,4,5,24,8,8,6,2
S01009049,183,40,54,52,37,114,26,32,30,26,69,14,22,22,11,29,4,11,10,4,24,6,5,9,4,16,4,6,3,3
S01009050,256,39,85,79,53,174,27,54,56,37,82,12,31,23,16,35,6,13,10,6,31,4,13,11,3,16,2,5,2,7
S01009051,228,21,60,84,63,102,11,26,29,36,126,10,34,55,27,43,2,17,16,8,57,6,12,25,14,26,2,5,14,5
S01009052,197,20,80,61,36,141,17,53,41,30,56,3,27,20,6,14,2,4,5,3,15,0,9,4,2,27,1,14,11,1
S01009053,219,4,46,39,130,139,2,28,23,86,80,2,18,16,44,26,2,3,5,16,30,0,5,7,18,24,0,10,4,10
S01009054,188,19,54,60,55,116,9,38,40,29,72,10,16,20,26,28,5,6,9,8,21,1,4,6,10,23,4,6,5,8
S01009055,274,54,73,88,59,194,41,50,60,43,80,13,23,28,16,32,5,10,9,8,27,4,7,10,6,21,4,6,9,2
S01009056,173,7,37,64,65,105,4,21,45,35,68,3,16,19,30,29,2,10,3,14,27,1,4,10,12,12,0,2,6,4
S01009057,207,16,51,54,86,136,9,33,39,55,71,7,18,15,31,31,3,9,3,16,26,1,6,7,12,14,3,3,5,3
S01009058,262,26,93,71,72,174,21,55,46,52,88,5,38,25,20,42,3,18,9,12,21,0,7,9,5,25,2,13,7,3
S01009059,286,54,89,76,67,152,30,40,42,40,134,24,49,34,27,54,10,19,11,14,48,10,12,16,10,32,4,18,7,3
S01009060,168,39,68,46,15,75,16,32,17,10,93,23,36,29,5,35,12,15,8,0,36,10,11,13,2,22,1,10,8,3
S01009061,258,17,70,70,101,141,7,33,33,68,117,10,37,37,33,44,1,13,17,13,35,6,11,10,8,38,3,13,10,12
S01009062,204,5,54,69,76,134,3,34,51,46,70,2,20,18,30,28,1,9,8,10,23,1,7,5,10,19,0,4,5,10
S01009063,204,41,58,56,49,120,25,34,26,35,84,16,24,30,14,25,3,9,8,5,34,5,10,13,6,25,8,5,9,3
S01009064,188,21,55,51,61,113,13,33,31,36,75,8,22,20,25,37,2,11,10,14,20,4,3,4,9,18,2,8,6,2
S01009065,238,16,53,53,116,138,7,32,35,64,100,9,21,18,52,43,3,10,6,24,27,5,3,6,13,30,1,8,6,15
S01009066,218,14,59,67,78,152,8,45,49,50,66,6,14,18,28,28,3,4,8,13,19,1,4,7,7,19,2,6,3,8
S01009067,269,52,103,76,38,132,26,50,34,22,137,26,53,42,16,53,13,19,15,6,52,6,25,17,4,32,7,9,10,6
S01009068,297,32,103,83,79,182,22,63,58,39,115,10,40,25,40,46,4,20,9,13,33,4,8,5,16,36,2,12,11,11
S01009069,211,46,82,57,26,137,30,56,29,22,74,16,26,28,4,21,6,4,9,2,20,1,11,7,1,33,9,11,12,1
S01009070,215,26,89,59,41,142,17,60,35,30,73,9,29,24,11,19,3,5,5,6,18,2,7,7,2,36,4,17,12,3
S01009071,168,23,62,36,47,103,10,36,25,32,65,13,26,11,15,22,4,9,4,5,25,4,10,4,7,18,5,7,3,3
S01009072,157,30,49,44,34,77,13,25,23,16,80,17,24,21,18,43,11,11,11,10,19,4,5,6,4,18,2,8,4,4
S01009073,177,14,42,49,72,99,11,23,29,36,78,3,19,20,36,21,0,7,4,10,21,1,4,7,9,36,2,8,9,17
S01009074,220,14,56,71,79,129,9,30,43,47,91,5,26,28,32,34,3,7,11,13,34,2,13,11,8,23,0,6,6,11
S01009075,166,15,42,48,61,109,10,32,29,38,57,5,10,19,23,19,2,5,3,9,23,2,4,7,10,15,1,1,9,4
S01009076,336,47,131,90,68,226,32,88,57,49,110,15,43,33,19,47,6,21,10,10,38,3,15,14,6,25,6,7,9,3
S01009077,197,27,69,47,54,124,21,47,25,31,73,6,22,22,23,24,3,4,6,11,24,1,9,5,9,25,2,9,11,3
S01009078,257,69,116,50,22,115,27,55,19,14,142,42,61,31,8,71,27,29,12,3,51,13,17,16,5,20,2,15,3,0
S01009079,272,23,60,82,107,184,19,35,57,73,88,4,25,25,34,30,0,8,9,13,35,1,12,9,13,23,3,5,7,8
S01009080,303,30,74,83,116,190,19,47,50,74,113,11,27,33,42,33,3,10,9,11,40,4,8,7,21,40,4,9,17,10
S01009081,214,31,67,58,58,148,18,45,43,42,66,13,22,15,16,21,5,7,4,5,23,6,5,7,5,22,2,10,4,6
S01009082,318,24,98,86,110,196,19,57,48,72,122,5,41,38,38,34,2,11,10,11,49,3,16,10,20,39,0,14,18,7
S01009083,272,30,91,73,78,176,25,49,50,52,96,5,42,23,26,33,0,11,9,13,43,5,21,9,8,20,0,10,5,5
S01009084,158,35,42,41,40,78,16,22,19,21,80,19,20,22,19,30,8,10,9,3,33,8,9,6,10,17,3,1,7,6
S01009085,272,56,98,85,33,118,22,38,44,14,154,34,60,41,19,79,18,29,23,9,51,13,21,9,8,24,3,10,9,2
S01009086,235,19,82,72,62,135,10,32,49,44,100,9,50,23,18,44,4,26,10,4,32,2,13,8,9,24,3,11,5,5
S01009087,190,6,54,55,75,119,4,32,39,44,71,2,22,16,31,23,0,9,8,6,20,0,7,2,11,28,2,6,6,14
S01009088,282,69,101,73,39,169,41,64,44,20,113,28,37,29,19,42,10,13,12,7,37,9,14,7,7,34,9,10,10,5
S01009089,291,96,116,45,34,109,36,42,15,16,182,60,74,30,18,76,22,36,12,6,65,25,24,9,7,41,13,14,9,5
S01009090,315,125,128,48,14,205,73,95,28,9,110,52,33,20,5,64,36,18,8,2,36,11,12,10,3,10,5,3,2,0
S01009091,213,90,83,25,15,76,31,33,6,6,137,59,50,19,9,41,16,13,9,3,64,27,24,9,4,32,16,13,1,2
S01009092,333,65,110,84,74,205,36,75,50,44,128,29,35,34,30,51,10,21,12,8,33,7,7,13,6,44,12,7,9,16
S01009093,282,25,90,71,96,161,16,56,34,55,121,9,34,37,41,61,5,17,15,24,30,2,11,10,7,30,2,6,12,10
S01009094,155,58,52,30,15,87,33,29,19,6,68,25,23,11,9,21,10,4,4,3,28,11,7,5,5,19,4,12,2,1
S01009095,265,58,98,52,57,180,35,69,37,39,85,23,29,15,18,17,4,6,2,5,38,10,15,6,7,30,9,8,7,6
S01009096,322,94,129,46,53,174,46,72,27,29,148,48,57,19,24,85,35,27,9,14,31,6,15,7,3,32,7,15,3,7
S01009097,294,80,123,52,39,155,39,67,29,20,139,41,56,23,19,55,20,19,9,7,44,12,21,4,7,40,9,16,10,5
S01009098,139,47,51,25,16,80,30,28,15,7,59,17,23,10,9,18,5,8,3,2,22,5,9,2,6,19,7,6,5,1
S01009099,245,37,67,76,65,172,25,46,52,49,73,12,21,24,16,23,6,9,6,2,29,3,8,8,10,21,3,4,10,4
S01009100,250,20,80,68,82,154,15,47,48,44,96,5,33,20,38,45,3,16,8,18,26,1,9,6,10,25,1,8,6,10
S01009101,271,10,66,84,111,166,7,38,58,63,105,3,28,26,48,38,1,12,6,19,41,1,11,13,16,26,1,5,7,13
S01009102,276,7,62,75,132,137,1,31,42,63,139,6,31,33,69,58,1,12,16,29,43,4,8,7,24,38,1,11,10,16
S01009103,167,25,70,31,41,101,13,38,18,32,66,12,32,13,9,17,2,10,3,2,16,2,8,4,2,33,8,14,6,5
S01009104,256,21,89,50,96,160,14,59,30,57,96,7,30,20,39,34,2,9,10,13,30,3,9,6,12,32,2,12,4,14
S01009105,258,58,99,57,44,152,31,58,33,30,106,27,41,24,14,32,11,12,6,3,40,8,17,12,3,34,8,12,6,8
S01009106,185,16,57,57,55,118,13,35,35,35,67,3,22,22,20,30,1,12,6,11,24,2,7,10,5,13,0,3,6,4
S01009107,265,52,102,60,51,147,27,55,38,27,118,25,47,22,24,47,9,17,12,9,38,11,13,4,10,33,5,17,6,5
S01009108,220,46,77,57,40,150,31,49,35,35,70,15,28,22,5,29,10,6,11,2,20,3,11,5,1,21,2,11,6,2
S01009109,211,52,86,43,30,128,32,61,23,12,83,20,25,20,18,14,4,2,4,4,31,11,8,5,7,38,5,15,11,7
S01009110,175,22,59,53,41,105,13,38,33,21,70,9,21,20,20,30,6,4,8,12,23,2,12,6,3,17,1,5,6,5
S01009111,318,57,128,73,60,206,40,84,46,36,112,17,44,27,24,44,5,17,12,10,28,7,8,6,7,40,5,19,9,7
S01009112,157,36,66,33,22,93,21,37,22,13,64,15,29,11,9,18,5,4,7,2,22,3,15,2,2,24,7,10,2,5
S01009113,289,50,126,65,48,189,21,86,43,39,100,29,40,22,9,20,7,7,3,3,42,12,15,11,4,38,10,18,8,2
S01009114,258,35,86,73,64,140,11,42,45,42,118,24,44,28,22,32,9,10,9,4,43,9,14,11,9,43,6,20,8,9
S01009115,215,35,79,48,53,134,23,49,26,36,81,12,30,22,17,32,7,11,9,5,20,3,5,5,7,29,2,14,8,5
S01009116,142,27,55,35,25,95,17,38,22,18,47,10,17,13,7,11,4,4,0,3,16,1,7,6,2,20,5,6,7,2
S01009117,318,32,115,80,91,182,20,60,48,54,136,12,55,32,37,50,5,19,12,14,45,4,22,10,9,41,3,14,10,14
S01009118,194,28,83,53,30,86,7,41,22,16,108,21,42,31,14,31,6,8,13,4,40,4,21,10,5,37,11,13,8,5
S01009119,224,12,45,58,109,127,5,23,40,59,97,7,22,18,50,34,2,4,7,21,29,3,9,5,12,34,2,9,6,17
S01009120,175,11,44,48,72,111,6,28,32,45,64,5,16,16,27,23,2,4,6,11,25,1,8,4,12,16,2,4,6,4
S01009121,287,19,95,81,92,197,14,64,55,64,90,5,31,26,28,39,2,12,12,13,27,1,8,9,9,24,2,11,5,6
S01009122,309,58,98,77,76,216,35,68,58,55,93,23,30,19,21,38,9,14,7,8,27,7,9,5,6,28,7,7,7,7
S01009123,186,50,72,37,27,88,16,39,20,13,98,34,33,17,14,35,13,10,8,4,39,11,14,6,8,24,10,9,3,2
S01009124,185,23,71,51,40,82,10,35,17,20,103,13,36,34,20,45,9,13,15,8,45,4,18,13,10,13,0,5,6,2
S01009125,207,22,54,61,70,137,11,33,47,46,70,11,21,14,24,25,6,4,4,11,24,3,9,4,8,21,2,8,6,5
S01009126,229,6,41,56,126,135,2,18,41,74,94,4,23,15,52,43,1,11,6,25,28,2,8,5,13,23,1,4,4,14
S01009127,232,10,54,53,115,122,3,23,34,62,110,7,31,19,53,52,3,14,12,23,32,4,10,4,14,26,0,7,3,16
S01009128,325,15,63,77,170,232,13,49,60,110,93,2,14,17,60,43,2,3,5,33,26,0,5,8,13,24,0,6,4,14
S01009129,163,5,37,36,85,102,3,20,24,55,61,2,17,12,30,24,2,7,2,13,15,0,3,6,6,22,0,7,4,11
S01009130,227,19,75,64,69,126,9,36,41,40,101,10,39,23,29,56,4,24,13,15,28,3,7,8,10,17,3,8,2,4
S01009131,187,14,47,41,85,131,12,30,29,60,56,2,17,12,25,23,0,5,4,14,16,2,5,3,6,17,0,7,5,5
S01009132,295,60,129,57,49,167,36,71,39,21,128,24,58,18,28,49,12,15,7,15,49,8,24,8,9,30,4,19,3,4
S01009133,240,12,54,56,118,173,9,44,38,82,67,3,10,18,36,29,1,5,6,17,20,2,4,6,8,18,0,1,6,11
S01009134,295,48,110,68,69,185,27,73,41,44,110,21,37,27,25,44,7,17,13,7,35,7,9,8,11,31,7,11,6,7
S01009135,249,45,85,57,62,170,27,61,38,44,79,18,24,19,18,25,5,6,7,7,29,7,9,8,5,25,6,9,4,6
S01009136,229,49,107,42,31,125,31,59,19,16,104,18,48,23,15,42,9,21,9,3,33,6,13,7,7,29,3,14,7,5
S01009137,195,70,83,28,14,84,34,29,15,6,111,36,54,13,8,51,20,21,7,3,37,10,20,4,3,23,6,13,2,2
S01009138,334,72,139,67,56,230,45,94,44,47,104,27,45,23,9,44,13,17,11,3,24,7,11,6,0,36,7,17,6,6
S01009139,213,20,65,46,82,165,18,53,34,60,48,2,12,12,22,20,2,5,1,12,12,0,0,4,8,16,0,7,7,2
S01009140,302,41,83,75,103,235,32,65,60,78,67,9,18,15,25,26,4,6,4,12,23,3,8,9,3,18,2,4,2,10
S01009141,369,44,108,93,124,294,36,86,75,97,75,8,22,18,27,34,4,8,10,12,29,3,9,5,12,12,1,5,3,3
S01009142,305,30,90,79,106,265,28,71,70,96,40,2,19,9,10,10,0,4,2,4,13,1,8,2,2,17,1,7,5,4
S01009143,209,7,66,44,92,134,3,41,28,62,75,4,25,16,30,27,2,9,7,9,24,0,9,5,10,24,2,7,4,11
S01009144,291,72,111,62,46,204,56,76,45,27,87,16,35,17,19,45,7,20,9,9,22,6,6,4,6,20,3,9,4,4
S01009145,332,26,103,94,109,210,17,62,63,68,122,9,41,31,41,54,3,18,18,15,38,5,13,8,12,30,1,10,5,14
S01009146,331,26,100,80,125,219,19,60,59,81,112,7,40,21,44,52,2,17,10,23,37,4,19,4,10,23,1,4,7,11
S01009147,260,15,57,71,117,142,6,38,43,55,118,9,19,28,62,52,6,6,15,25,45,3,9,9,24,21,0,4,4,13
S01009148,195,6,43,61,85,99,4,13,39,43,96,2,30,22,42,29,0,7,6,16,32,2,13,8,9,35,0,10,8,17
S01009149,288,52,116,56,64,203,36,83,39,45,85,16,33,17,19,35,5,15,8,7,28,8,10,4,6,22,3,8,5,6
S01009150,128,6,24,36,62,126,6,23,36,61,2,0,1,0,1,1,0,1,0,0,1,0,0,0,1,0,0,0,0,0
S01009151,242,68,87,39,48,168,44,58,29,37,74,24,29,10,11,33,9,15,6,3,27,12,8,2,5,14,3,6,2,3
S01009152,280,42,89,66,83,249,34,77,60,78,31,8,12,6,5,19,5,9,0,5,4,2,2,0,0,8,1,1,6,0
S01009153,216,43,90,41,42,186,36,76,36,38,30,7,14,5,4,20,6,6,5,3,4,1,2,0,1,6,0,6,0,0
S01009154,284,95,94,56,39,205,62,73,39,31,79,33,21,17,8,33,15,7,8,3,30,13,8,4,5,16,5,6,5,0
S01009155,169,73,49,24,23,105,43,29,15,18,64,30,20,9,5,21,9,8,2,2,29,14,8,4,3,14,7,4,3,0
S01009156,162,68,52,22,20,101,41,33,13,14,61,27,19,9,6,20,12,3,2,3,21,6,10,5,0,20,9,6,2,3
S01009157,252,26,83,75,68,143,11,42,49,41,109,15,41,26,27,34,5,11,8,10,38,4,16,11,7,37,6,14,7,10
S01009158,185,19,69,44,53,113,13,39,29,32,72,6,30,15,21,28,3,10,7,8,27,2,14,4,7,17,1,6,4,6
S01009159,199,3,39,48,109,126,3,25,36,62,73,0,14,12,47,30,0,5,3,22,23,0,6,3,14,20,0,3,6,11
S01009160,261,21,64,73,103,200,14,39,61,86,61,7,25,12,17,34,3,13,7,11,15,2,8,3,2,12,2,4,2,4
S01009161,240,11,55,50,124,164,9,36,36,83,76,2,19,14,41,34,2,6,7,19,25,0,8,5,12,17,0,5,2,10
S01009162,333,19,92,88,134,282,18,80,66,118,51,1,12,22,16,25,1,7,13,4,12,0,3,4,5,14,0,2,5,7
S01009163,156,28,46,39,43,117,20,36,28,33,39,8,10,11,10,19,3,4,7,5,7,1,1,2,3,13,4,5,2,2
S01009164,224,13,60,59,92,119,6,29,38,46,105,7,31,21,46,35,2,8,8,17,33,1,6,8,18,37,4,17,5,11
S01009165,256,21,67,71,97,173,11,53,46,63,83,10,14,25,34,34,5,1,11,17,32,4,7,10,11,17,1,6,4,6
S01009166,312,13,63,77,159,207,9,41,55,102,105,4,22,22,57,49,0,11,9,29,26,3,3,5,15,30,1,8,8,13
S01009167,157,4,35,39,79,83,4,15,26,38,74,0,20,13,41,27,0,8,5,14,25,0,6,3,16,22,0,6,5,11
S01009168,197,43,74,49,31,142,27,54,38,23,55,16,20,11,8,14,4,2,4,4,21,5,9,5,2,20,7,9,2,2
S01009169,194,21,50,55,68,138,17,32,37,52,56,4,18,18,16,20,2,9,3,6,24,1,8,8,7,12,1,1,7,3
S01009170,231,18,66,53,94,132,9,42,30,51,99,9,24,23,43,33,2,9,8,14,34,4,7,6,17,32,3,8,9,12
S01009171,257,23,69,78,87,162,17,39,49,57,95,6,30,29,30,39,3,9,12,15,24,1,8,7,8,32,2,13,10,7
S01009172,208,102,68,19,19,129,58,46,12,13,79,44,22,7,6,27,18,5,1,3,33,17,12,3,1,19,9,5,3,2
S01009173,230,76,84,38,32,136,39,50,24,23,94,37,34,14,9,38,19,9,5,5,26,9,12,3,2,30,9,13,6,2
S01009174,157,59,57,26,15,63,21,27,8,7,94,38,30,18,8,51,24,17,6,4,24,9,7,7,1,19,5,6,5,3
S01009175,282,118,105,40,19,144,64,51,20,9,138,54,54,20,10,50,23,18,4,5,54,17,24,9,4,34,14,12,7,1
S01009176,251,102,83,41,25,132,50,40,26,16,119,52,43,15,9,50,26,15,6,3,37,15,13,7,2,32,11,15,2,4
S01009177,318,18,86,93,121,206,9,56,62,79,112,9,30,31,42,45,5,10,12,18,38,1,16,9,12,29,3,4,10,12
S01009178,285,17,78,74,116,164,7,49,52,56,121,10,29,22,60,48,1,12,11,24,43,2,10,6,25,30,7,7,5,11
S01009179,234,14,84,51,85,146,12,51,35,48,88,2,33,16,37,31,1,10,6,14,33,1,14,5,13,24,0,9,5,10
S01009180,334,20,88,108,118,211,14,57,73,67,123,6,31,35,51,53,2,16,16,19,39,2,8,12,17,31,2,7,7,15
S01009181,259,16,66,80,97,145,12,35,44,54,114,4,31,36,43,35,2,8,13,12,35,1,8,14,12,44,1,15,9,19
S01009182,329,51,117,92,69,188,33,60,55,40,141,18,57,37,29,38,5,15,8,10,54,4,21,16,13,49,9,21,13,6
S01009183,234,47,102,52,33,139,27,61,34,17,95,20,41,18,16,30,6,12,6,6,33,8,16,4,5,32,6,13,8,5
S01009184,266,37,57,80,92,156,22,33,55,46,110,15,24,25,46,40,4,5,11,20,42,10,11,10,11,28,1,8,4,15
S01009185,270,28,63,78,101,158,18,33,44,63,112,10,30,34,38,46,2,8,14,22,31,1,11,10,9,35,7,11,10,7
S01009186,230,25,78,65,62,136,11,50,38,37,94,14,28,27,25,33,6,10,7,10,35,4,10,13,8,26,4,8,7,7
S01009187,161,46,52,38,25,100,28,39,24,9,61,18,13,14,16,20,6,6,5,3,25,9,5,5,6,16,3,2,4,7
S01009188,294,44,68,83,99,183,29,46,53,55,111,15,22,30,44,38,4,7,11,16,39,7,4,13,15,34,4,11,6,13
S01009189,251,18,52,74,107,153,13,32,47,61,98,5,20,27,46,44,1,11,7,25,32,1,4,15,12,22,3,5,5,9
S01009190,259,64,102,55,38,141,34,57,32,18,118,30,45,23,20,48,13,17,9,9,40,9,17,8,6,30,8,11,6,5
S01009191,224,78,92,36,18,75,22,36,12,5,149,56,56,24,13,71,27,27,11,6,44,17,16,6,5,34,12,13,7,2
S01009192,186,38,62,48,38,104,23,30,27,24,82,15,32,21,14,25,5,9,6,5,27,5,10,7,5,30,5,13,8,4
S01009193,124,25,57,17,25,78,13,38,9,18,46,12,19,8,7,26,8,13,1,4,10,1,3,4,2,10,3,3,3,1
S01009194,235,75,84,51,25,144,41,51,37,15,91,34,33,14,10,18,6,4,4,4,34,9,16,7,2,39,19,13,3,4
S01009195,290,104,107,48,31,150,47,57,25,21,140,57,50,23,10,75,38,19,16,2,41,12,19,5,5,24,7,12,2,3
S01009196,192,36,63,51,42,110,14,32,33,31,82,22,31,18,11,31,9,10,6,6,19,6,8,4,1,32,7,13,8,4
S01009197,332,118,120,58,36,173,67,58,27,21,159,51,62,31,15,64,26,25,9,4,67,18,21,20,8,28,7,16,2,3
S01009198,222,58,77,47,40,132,26,54,26,26,90,32,23,21,14,31,10,9,7,5,26,9,5,7,5,33,13,9,7,4
S01009199,188,39,78,40,31,103,12,43,30,18,85,27,35,10,13,26,8,11,3,4,39,15,14,4,6,20,4,10,3,3
S01009200,341,109,105,62,65,172,57,47,30,38,169,52,58,32,27,83,32,28,12,11,44,4,22,9,9,42,16,8,11,7
S01009201,231,19,70,57,85,145,10,47,36,52,86,9,23,21,33,35,5,11,10,9,25,3,6,4,12,26,1,6,7,12
S01009202,153,37,66,33,17,76,14,36,17,9,77,23,30,16,8,25,8,8,5,4,31,9,12,8,2,21,6,10,3,2
S01009203,186,9,38,60,79,103,5,22,27,49,83,4,16,33,30,38,2,8,14,14,23,2,2,8,11,22,0,6,11,5
S01009204,298,42,96,61,99,164,28,44,44,48,134,14,52,17,51,43,5,18,6,14,58,5,24,7,22,33,4,10,4,15
S01009205,264,59,114,54,37,195,48,86,34,27,69,11,28,20,10,28,4,10,9,5,16,2,7,5,2,25,5,11,6,3
S01009206,306,79,123,55,49,215,50,88,39,38,91,29,35,16,11,31,7,15,6,3,28,12,8,4,4,32,10,12,6,4
S01009207,259,69,102,50,38,206,50,85,40,31,53,19,17,10,7,16,7,5,3,1,18,4,7,3,4,19,8,5,4,2
S01009208,183,32,76,36,39,120,18,45,24,33,63,14,31,12,6,24,3,10,5,6,17,4,9,4,0,22,7,12,3,0
S01009209,199,60,76,34,29,150,39,57,29,25,49,21,19,5,4,15,10,5,0,0,14,5,5,3,1,20,6,9,2,3
S01009210,170,43,80,28,19,109,23,55,16,15,61,20,25,12,4,24,8,10,3,3,27,7,14,5,1,10,5,1,4,0
S01009211,212,28,69,61,54,125,19,49,26,31,87,9,20,35,23,35,2,8,14,11,22,0,5,10,7,30,7,7,11,5
S01009212,249,10,69,72,98,158,8,44,43,63,91,2,25,29,35,39,1,10,15,13,29,1,8,7,13,23,0,7,7,9
S01009213,264,20,67,92,85,156,12,38,59,47,108,8,29,33,38,51,5,12,14,20,27,1,9,8,9,30,2,8,11,9
S01009214,308,71,117,66,54,184,44,74,34,32,124,27,43,32,22,48,17,15,11,5,43,6,12,12,13,33,4,16,9,4
S01009215,317,38,80,92,107,207,26,46,63,72,110,12,34,29,35,37,4,8,8,17,45,6,14,12,13,28,2,12,9,5
S01009216,291,20,81,90,100,197,13,53,64,67,94,7,28,26,33,29,3,10,5,11,35,1,10,14,10,30,3,8,7,12
S01009217,223,16,52,50,105,133,12,27,32,62,90,4,25,18,43,33,2,8,8,15,40,0,12,3,25,17,2,5,7,3
S01009218,238,27,85,67,59,160,14,63,41,42,78,13,22,26,17,22,4,5,7,6,30,7,8,9,6,26,2,9,10,5
S01009219,210,14,58,61,77,144,9,41,40,54,66,5,17,21,23,21,2,5,7,7,18,1,5,4,8,27,2,7,10,8
S01009220,177,10,52,34,81,106,5,33,22,46,71,5,19,12,35,27,2,6,3,16,26,1,8,4,13,18,2,5,5,6
S01009221,166,8,31,55,72,98,8,17,30,43,68,0,14,25,29,37,0,5,14,18,17,0,4,7,6,14,0,5,4,5
S01009222,180,9,31,46,94,102,6,18,32,46,78,3,13,14,48,35,0,7,8,20,24,2,2,4,16,19,1,4,2,12
S01009223,159,14,47,40,58,96,9,29,21,37,63,5,18,19,21,25,3,8,9,5,17,2,3,4,8,21,0,7,6,8
S01009224,203,9,57,45,92,127,7,32,32,56,76,2,25,13,36,36,2,11,8,15,23,0,7,4,12,17,0,7,1,9
S01009225,171,7,48,49,67,116,5,30,35,46,55,2,18,14,21,28,1,6,8,13,11,0,6,3,2,16,1,6,3,6
S01009226,347,23,113,76,135,257,13,85,55,104,90,10,28,21,31,44,4,15,10,15,25,3,8,5,9,21,3,5,6,7
S01009227,205,15,64,57,69,159,11,53,43,52,46,4,11,14,17,23,0,3,8,12,13,2,6,2,3,10,2,2,4,2
S01009228,213,14,46,57,96,146,8,35,37,66,67,6,11,20,30,31,1,4,15,11,19,2,7,3,7,17,3,0,2,12
S01009229,199,18,77,42,62,135,10,57,30,38,64,8,20,12,24,23,2,6,6,9,22,1,8,5,8,19,5,6,1,7
S01009230,267,20,110,68,69,206,14,88,53,51,61,6,22,15,18,27,0,14,6,7,21,2,6,7,6,13,4,2,2,5
S01009231,319,42,111,81,85,212,28,69,55,60,107,14,42,26,25,29,4,14,4,7,43,5,17,11,10,35,5,11,11,8
S01009232,264,11,58,59,136,178,8,31,49,90,86,3,27,10,46,46,1,14,6,25,23,0,11,2,10,17,2,2,2,11
S01009233,155,10,43,44,58,105,7,29,30,39,50,3,14,14,19,17,1,4,5,7,16,0,6,7,3,17,2,4,2,9
S01009234,404,13,101,73,217,229,7,58,46,118,175,6,43,27,99,87,3,14,14,56,32,2,7,3,20,56,1,22,10,23
S01009235,361,23,101,77,160,245,15,63,55,112,116,8,38,22,48,35,0,7,7,21,41,2,14,9,16,40,6,17,6,11
S01009236,130,21,47,21,41,86,16,30,12,28,44,5,17,9,13,16,2,5,3,6,15,2,7,3,3,13,1,5,3,4
S01009237,252,48,110,52,42,167,27,71,37,32,85,21,39,15,10,22,4,10,5,3,30,13,9,4,4,33,4,20,6,3
S01009238,213,17,62,51,83,131,14,34,33,50,82,3,28,18,33,29,1,12,5,11,29,1,7,5,16,24,1,9,8,6
S01009239,315,28,89,76,122,199,18,58,48,75,116,10,31,28,47,51,3,17,9,22,32,4,4,11,13,33,3,10,8,12
S01009240,315,6,67,67,175,222,3,48,50,121,93,3,19,17,54,47,1,8,10,28,31,1,10,5,15,15,1,1,2,11
S01009241,341,12,77,79,173,213,7,45,56,105,128,5,32,23,68,56,1,15,12,28,40,2,9,6,23,32,2,8,5,17
S01009242,219,27,67,53,72,152,18,47,37,50,67,9,20,16,22,19,0,6,5,8,21,3,5,4,9,27,6,9,7,5
S01009243,339,23,104,104,108,204,14,64,61,65,135,9,40,43,43,60,5,12,23,20,50,2,21,9,18,25,2,7,11,5
S01009244,234,52,79,54,49,153,33,52,33,35,81,19,27,21,14,24,5,8,8,3,31,9,11,6,5,26,5,8,7,6
S01009245,265,51,101,65,48,178,26,71,42,39,87,25,30,23,9,34,11,10,7,6,22,8,5,8,1,31,6,15,8,2
S01009246,264,15,72,73,104,172,11,47,46,68,92,4,25,27,36,35,2,12,5,16,28,1,7,10,10,29,1,6,12,10
S01009247,325,30,79,97,119,189,16,46,57,70,136,14,33,40,49,53,2,15,20,16,40,6,8,13,13,43,6,10,7,20
S01009248,205,36,63,54,52,132,25,40,35,32,73,11,23,19,20,23,4,6,5,8,19,2,10,4,3,31,5,7,10,9
S01009249,280,18,65,79,118,179,10,43,50,76,101,8,22,29,42,59,5,15,17,22,20,1,5,5,9,22,2,2,7,11
S01009250,197,12,59,53,73,122,8,37,37,40,75,4,22,16,33,31,3,6,10,12,26,0,10,5,11,18,1,6,1,10
S01009251,162,27,51,34,50,97,18,29,20,30,65,9,22,14,20,19,1,6,4,8,19,2,6,3,8,27,6,10,7,4
S01009252,151,49,56,27,19,73,21,27,12,13,78,28,29,15,6,25,6,10,5,4,28,13,11,3,1,25,9,8,7,1
S01009253,135,4,40,38,53,81,4,20,20,37,54,0,20,18,16,24,0,9,11,4,14,0,7,3,4,16,0,4,4,8
S01009254,264,16,52,62,134,160,10,29,41,80,104,6,23,21,54,49,4,8,6,31,28,2,7,6,13,27,0,8,9,10
S01009255,308,43,78,73,114,247,33,62,59,93,61,10,16,14,21,30,5,6,6,13,15,4,3,5,3,16,1,7,3,5
S01009256,148,34,51,28,35,95,19,35,18,23,53,15,16,10,12,21,9,6,2,4,15,4,4,3,4,17,2,6,5,4
S01009257,257,38,76,59,84,195,26,58,51,60,62,12,18,8,24,30,4,7,4,15,16,6,3,2,5,16,2,8,2,4
S01009258,197,61,57,52,27,139,42,43,38,16,58,19,14,14,11,19,10,5,1,3,30,6,8,10,6,9,3,1,3,2
S01009259,272,86,91,51,44,161,47,50,33,31,111,39,41,18,13,51,21,20,5,5,37,11,14,9,3,23,7,7,4,5
S01009260,425,60,148,107,110,295,39,102,82,72,130,21,46,25,38,55,9,19,11,16,47,8,18,9,12,28,4,9,5,10
S01009261,265,32,53,62,118,191,21,33,52,85,74,11,20,10,33,35,2,6,7,20,23,6,8,1,8,16,3,6,2,5
S01009262,216,13,55,47,101,116,9,26,22,59,100,4,29,25,42,41,2,10,11,18,34,2,9,7,16,25,0,10,7,8
S01009263,328,106,121,55,46,205,63,81,33,28,123,43,40,22,18,80,26,27,15,12,28,11,10,4,3,15,6,3,3,3
S01009264,151,33,54,31,33,107,24,39,23,21,44,9,15,8,12,14,3,2,3,6,9,0,7,1,1,21,6,6,4,5
S01009265,262,29,76,66,91,170,19,47,45,59,92,10,29,21,32,30,3,10,4,13,26,4,7,7,8,36,3,12,10,11
S01009266,254,31,62,71,90,160,18,35,50,57,94,13,27,21,33,40,5,11,12,12,24,5,5,6,8,30,3,11,3,13
S01009267,280,49,75,74,82,192,39,46,48,59,88,10,29,26,23,38,2,15,10,11,25,4,7,11,3,25,4,7,5,9
S01009268,335,48,89,114,84,188,25,49,62,52,147,23,40,52,32,55,9,12,21,13,55,6,20,21,8,37,8,8,10,11
S01009269,273,16,73,65,119,140,10,31,41,58,133,6,42,24,61,61,3,22,10,26,38,2,11,9,16,34,1,9,5,19
S01009270,211,9,39,74,89,140,7,24,54,55,71,2,15,20,34,24,0,3,6,15,23,0,7,6,10,24,2,5,8,9
S01009271,280,48,113,86,33,179,32,78,52,17,101,16,35,34,16,22,2,10,6,4,33,7,11,9,6,46,7,14,19,6
S01009272,213,9,47,72,85,123,3,27,41,52,90,6,20,31,33,43,0,9,14,20,31,3,6,13,9,16,3,5,4,4
S01009273,138,45,53,30,10,96,27,41,22,6,42,18,12,8,4,11,5,1,4,1,15,6,4,3,2,16,7,7,1,1
S01009274,174,36,53,44,41,98,21,27,23,27,76,15,26,21,14,22,2,7,7,6,19,5,7,5,2,35,8,12,9,6
S01009275,192,43,56,57,36,131,25,40,41,25,61,18,16,16,11,26,8,9,5,4,20,7,3,6,4,15,3,4,5,3
S01009276,258,59,90,58,51,162,40,50,36,36,96,19,40,22,15,28,6,15,5,2,37,8,14,9,6,31,5,11,8,7
S01009277,165,52,58,40,15,115,32,44,32,7,50,20,14,8,8,11,4,3,2,2,26,11,8,4,3,13,5,3,2,3
S01009278,178,69,55,35,19,99,31,34,19,15,79,38,21,16,4,41,24,5,11,1,24,11,10,3,0,14,3,6,2,3
S01009279,209,46,66,55,42,149,35,51,38,25,60,11,15,17,17,25,7,4,7,7,18,2,5,6,5,17,2,6,4,5
S01009280,290,8,59,83,140,165,6,23,55,81,125,2,36,28,59,57,0,11,7,39,47,2,16,12,17,21,0,9,9,3
S01009281,276,24,52,64,136,163,12,23,38,90,113,12,29,26,46,42,5,13,6,18,29,4,8,4,13,42,3,8,16,15
S01009282,261,72,84,57,48,177,44,61,37,35,84,28,23,20,13,27,14,5,4,4,26,5,6,10,5,31,9,12,6,4
S01009283,154,41,48,36,29,96,22,28,24,22,58,19,20,12,7,24,11,6,6,1,20,3,9,4,4,14,5,5,2,2
S01009284,256,82,96,54,24,133,36,52,28,17,123,46,44,26,7,35,7,15,9,4,30,10,11,7,2,58,29,18,10,1
S01009285,290,45,123,74,48,143,23,59,35,26,147,22,64,39,22,54,8,24,15,7,52,5,21,16,10,41,9,19,8,5
S01009286,242,50,108,52,32,171,34,71,36,30,71,16,37,16,2,19,4,10,5,0,25,5,15,5,0,27,7,12,6,2
S01009287,201,75,81,27,18,121,38,54,15,14,80,37,27,12,4,25,11,8,4,2,30,16,11,3,0,25,10,8,5,2
S01009288,235,92,77,33,33,149,54,45,25,25,86,38,32,8,8,28,11,14,2,1,32,17,10,3,2,26,10,8,3,5
S01009289,263,82,86,64,31,185,55,62,47,21,78,27,24,17,10,25,8,8,6,3,30,12,8,5,5,23,7,8,6,2
S01009290,176,66,66,29,15,105,35,40,19,11,71,31,26,10,4,23,12,8,3,0,24,10,8,5,1,24,9,10,2,3
S01009291,297,79,114,71,33,187,49,76,43,19,110,30,38,28,14,39,10,10,12,7,35,9,13,8,5,36,11,15,8,2
S01009292,171,14,45,49,63,106,8,29,30,39,65,6,16,19,24,23,1,8,5,9,20,1,4,7,8,22,4,4,7,7
S01009293,228,50,81,48,49,142,29,51,29,33,86,21,30,19,16,37,9,10,10,8,32,8,13,5,6,17,4,7,4,2
S01009294,149,54,51,31,13,81,28,25,21,7,68,26,26,10,6,20,7,8,3,2,25,11,6,7,1,23,8,12,0,3
S01009295,209,42,75,63,29,149,30,56,45,18,60,12,19,18,11,18,2,6,7,3,21,6,3,9,3,21,4,10,2,5
S01009296,151,30,51,50,20,86,12,31,29,14,65,18,20,21,6,17,4,6,6,1,19,9,5,5,0,29,5,9,10,5
S01009297,271,97,98,48,28,166,52,63,32,19,105,45,35,16,9,40,17,14,5,4,26,10,5,10,1,39,18,16,1,4
S01009298,372,49,95,74,154,273,36,68,51,118,99,13,27,23,36,50,4,15,15,16,28,8,8,5,7,21,1,4,3,13
S01009299,360,89,144,70,57,253,57,100,48,48,107,32,44,22,9,39,12,17,6,4,39,12,15,9,3,29,8,12,7,2
S01009300,236,51,77,45,63,185,38,55,39,53,51,13,22,6,10,13,3,5,1,4,21,6,10,3,2,17,4,7,2,4
S01009301,457,49,148,98,162,353,36,115,81,121,104,13,33,17,41,51,6,13,7,25,29,5,10,4,10,24,2,10,6,6
S01009302,389,33,85,91,180,277,25,66,70,116,112,8,19,21,64,45,5,11,8,21,35,2,5,7,21,32,1,3,6,22
S01009303,221,71,78,33,39,143,42,49,21,31,78,29,29,12,8,32,14,11,5,2,21,6,9,4,2,25,9,9,3,4
S01009304,288,51,93,71,73,173,33,51,45,44,115,18,42,26,29,38,1,13,10,14,50,11,20,8,11,27,6,9,8,4
S01009305,304,64,104,56,80,233,50,79,37,67,71,14,25,19,13,30,7,10,7,6,18,1,6,8,3,23,6,9,4,4
S01009306,478,98,157,91,132,341,72,105,64,100,137,26,52,27,32,66,10,25,11,20,34,8,11,11,4,37,8,16,5,8
S01009307,456,118,181,75,82,371,88,152,64,67,85,30,29,11,15,38,13,10,4,11,25,7,12,4,2,22,10,7,3,2
S01009308,246,59,93,37,57,196,41,84,28,43,50,18,9,9,14,27,6,4,7,10,12,6,4,1,1,11,6,1,1,3
S01009309,339,94,130,62,53,265,63,109,49,44,74,31,21,13,9,34,16,11,4,3,18,6,5,4,3,22,9,5,5,3
S01009310,302,91,112,54,45,208,54,87,35,32,94,37,25,19,13,29,7,8,11,3,25,10,5,6,4,40,20,12,2,6
S01009311,210,19,59,43,89,110,16,28,17,49,100,3,31,26,40,42,1,19,11,11,34,1,8,10,15,24,1,4,5,14
S01009312,302,73,126,48,55,245,51,113,42,39,57,22,13,6,16,26,10,4,3,9,15,6,5,0,4,16,6,4,3,3
S01009313,210,19,67,45,79,149,17,44,33,55,61,2,23,12,24,26,1,7,5,13,12,0,7,2,3,23,1,9,5,8
S01009314,191,54,58,42,37,116,27,38,28,23,75,27,20,14,14,22,7,8,4,3,25,12,4,3,6,28,8,8,7,5
S01009315,201,22,67,60,52,129,9,48,39,33,72,13,19,21,19,24,5,4,9,6,25,4,5,7,9,23,4,10,5,4
S01009316,255,90,97,42,26,167,49,70,31,17,88,41,27,11,9,23,11,8,2,2,33,18,9,2,4,32,12,10,7,3
S01009317,258,78,101,62,17,169,43,73,41,12,89,35,28,21,5,21,10,6,4,1,36,12,15,7,2,32,13,7,10,2
S01009318,183,75,73,22,13,107,39,45,13,10,76,36,28,9,3,28,19,7,2,0,18,8,7,3,0,30,9,14,4,3
S01009319,227,70,98,37,22,144,46,65,19,14,83,24,33,18,8,28,9,9,8,2,25,5,11,6,3,30,10,13,4,3
S01009320,207,56,67,41,43,128,28,43,25,32,79,28,24,16,11,35,15,9,6,5,25,7,10,4,4,19,6,5,6,2
S01009321,195,61,74,30,30,118,32,49,17,20,77,29,25,13,10,28,9,13,3,3,23,10,6,4,3,26,10,6,6,4
S01009322,243,34,99,67,43,163,20,65,43,35,80,14,34,24,8,31,7,11,11,2,28,3,14,8,3,21,4,9,5,3
S01009323,214,24,79,51,60,155,17,59,35,44,59,7,20,16,16,20,2,9,2,7,21,1,5,7,8,18,4,6,7,1
S01009324,191,22,55,55,59,130,15,39,39,37,61,7,16,16,22,21,1,6,4,10,20,3,6,4,7,20,3,4,8,5
S01009325,265,73,107,56,29,143,30,59,36,18,122,43,48,20,11,58,24,20,10,4,30,9,15,3,3,34,10,13,7,4
S01009326,194,51,70,28,45,77,19,28,11,19,117,32,42,17,26,47,12,14,7,14,45,13,17,6,9,25,7,11,4,3
S01009327,154,39,54,31,30,92,25,32,19,16,62,14,22,12,14,23,5,7,5,6,20,7,11,0,2,19,2,4,7,6
S01009328,232,89,94,38,11,109,41,48,14,6,123,48,46,24,5,84,36,30,15,3,26,8,13,4,1,13,4,3,5,1
S01009329,193,51,90,27,25,130,37,63,14,16,63,14,27,13,9,38,9,15,10,4,17,4,9,1,3,8,1,3,2,2
S01009330,174,34,68,27,45,77,21,27,15,14,97,13,41,12,31,53,8,22,7,16,23,3,9,2,9,21,2,10,3,6
S01009331,171,68,67,28,8,61,19,28,12,2,110,49,39,16,6,37,18,13,2,4,40,18,14,6,2,33,13,12,8,0
S01009332,260,90,105,38,27,138,45,53,19,21,122,45,52,19,6,42,17,20,5,0,37,14,13,8,2,43,14,19,6,4
S01009333,266,14,102,68,82,171,9,64,49,49,95,5,38,19,33,47,1,22,11,13,30,2,9,6,13,18,2,7,2,7
S01009334,227,15,58,49,105,142,9,29,37,67,85,6,29,12,38,26,1,10,4,11,36,3,17,4,12,23,2,2,4,15
S01009335,264,17,66,64,117,172,10,34,46,82,92,7,32,18,35,32,4,10,8,10,30,2,7,3,18,30,1,15,7,7
S01009336,251,9,74,55,113,145,6,40,31,68,106,3,34,24,45,47,0,12,9,26,28,2,10,5,11,31,1,12,10,8
S01009337,262,13,75,61,113,149,8,46,35,60,113,5,29,26,53,42,2,10,13,17,38,1,11,8,18,33,2,8,5,18
S01009338,288,18,67,48,155,223,14,49,36,124,65,4,18,12,31,22,2,6,3,11,29,0,8,7,14,14,2,4,2,6
S01009339,319,8,73,82,156,185,6,44,52,83,134,2,29,30,73,61,1,16,11,33,41,1,8,11,21,32,0,5,8,19
S01009340,205,10,33,70,92,126,5,19,47,55,79,5,14,23,37,31,4,5,7,15,23,1,4,8,10,25,0,5,8,12
S01009341,197,12,51,56,78,135,7,35,37,56,62,5,16,19,22,22,1,5,9,7,17,3,5,3,6,23,1,6,7,9
S01009342,245,25,77,66,77,152,13,46,41,52,93,12,31,25,25,38,6,12,9,11,28,5,8,7,8,27,1,11,9,6
S01009343,197,16,73,48,60,115,10,43,32,30,82,6,30,16,30,39,2,17,7,13,21,2,8,4,7,22,2,5,5,10
S01009344,197,11,50,60,76,122,5,29,40,48,75,6,21,20,28,18,3,4,4,7,33,2,10,10,11,24,1,7,6,10
S01009345,300,39,92,83,86,165,29,45,43,48,135,10,47,40,38,47,3,17,11,16,52,5,17,16,14,36,2,13,13,8
S01009346,218,98,75,33,12,76,38,26,11,1,142,60,49,22,11,85,41,27,11,6,37,12,15,7,3,20,7,7,4,2
S01009347,205,96,74,23,12,68,25,22,13,8,137,71,52,10,4,55,33,18,3,1,60,31,23,3,3,22,7,11,4,0
S01009348,156,46,75,30,5,53,16,23,11,3,103,30,52,19,2,50,15,24,10,1,31,9,17,5,0,22,6,11,4,1
S01009349,277,87,113,51,26,133,37,55,24,17,144,50,58,27,9,85,31,36,15,3,39,13,12,10,4,20,6,10,2,2
S01009350,220,53,99,35,33,106,31,51,12,12,114,22,48,23,21,48,11,20,8,9,43,5,23,10,5,23,6,5,5,7
S01009351,206,73,79,34,20,128,42,53,21,12,78,31,26,13,8,47,18,14,11,4,22,10,9,1,2,9,3,3,1,2
S01009352,278,122,99,36,21,134,67,41,16,10,144,55,58,20,11,90,41,32,12,5,30,8,15,4,3,24,6,11,4,3
S01009353,136,49,48,22,17,72,26,24,15,7,64,23,24,7,10,30,11,12,3,4,26,9,9,3,5,8,3,3,1,1
S01009354,283,105,116,38,24,112,43,46,18,5,171,62,70,20,19,83,29,31,12,11,56,22,27,5,2,32,11,12,3,6
S01009355,261,55,102,68,36,173,37,62,45,29,88,18,40,23,7,24,7,7,9,1,33,3,16,12,2,31,8,17,2,4
S01009356,290,69,109,68,44,192,42,75,48,27,98,27,34,20,17,33,10,13,5,5,27,6,9,5,7,38,11,12,10,5
S01009357,164,57,62,26,19,88,25,37,16,10,76,32,25,10,9,40,19,13,5,3,20,7,7,4,2,16,6,5,1,4
S01009358,210,121,58,15,16,101,52,32,9,8,109,69,26,6,8,29,20,7,1,1,46,29,11,2,4,34,20,8,3,3
S01009359,257,95,107,39,16,123,40,60,19,4,134,55,47,20,12,60,25,18,11,6,41,18,18,3,2,33,12,11,6,4
S01009360,268,71,105,49,43,172,50,69,24,29,96,21,36,25,14,30,7,9,12,2,35,8,15,5,7,31,6,12,8,5
S01009361,240,42,101,56,41,158,26,65,41,26,82,16,36,15,15,28,7,12,4,5,33,5,17,6,5,21,4,7,5,5
S01009362,293,68,113,73,39,178,41,69,45,23,115,27,44,28,16,38,9,16,10,3,27,8,11,6,2,50,10,17,12,11
S01009363,272,18,101,69,84,170,10,65,45,50,102,8,36,24,34,38,3,9,10,16,29,2,11,8,8,35,3,16,6,10
S01009364,278,32,108,79,59,174,20,67,52,35,104,12,41,27,24,46,6,17,12,11,30,2,14,7,7,28,4,10,8,6
S01009365,202,19,77,48,58,142,11,53,35,43,60,8,24,13,15,23,3,6,7,7,20,2,8,3,7,17,3,10,3,1
S01009366,232,16,69,70,77,151,14,42,48,47,81,2,27,22,30,39,1,8,10,20,27,1,10,8,8,15,0,9,4,2
S01009367,223,18,88,55,62,137,12,55,37,33,86,6,33,18,29,38,2,12,11,13,27,4,12,5,6,21,0,9,2,10
S01009368,174,11,57,43,63,93,5,28,22,38,81,6,29,21,25,25,4,7,7,7,29,2,13,6,8,27,0,9,8,10
S01009369,184,16,62,60,46,103,6,34,36,27,81,10,28,24,19,26,2,10,7,7,29,3,12,8,6,26,5,6,9,6
S01009370,265,41,80,74,70,189,27,63,51,48,76,14,17,23,22,28,5,6,6,11,23,5,5,7,6,25,4,6,10,5
S01009371,182,22,55,40,65,118,14,30,34,40,64,8,25,6,25,21,3,7,3,8,24,3,10,1,10,19,2,8,2,7
S01009372,166,22,50,41,53,102,16,27,32,27,64,6,23,9,26,20,2,5,3,10,16,1,7,1,7,28,3,11,5,9
S01009373,312,17,97,82,116,205,11,65,55,74,107,6,32,27,42,45,2,11,10,22,38,4,13,10,11,24,0,8,7,9
S01009374,277,29,89,79,80,192,19,64,50,59,85,10,25,29,21,31,5,13,7,6,31,3,8,14,6,23,2,4,8,9
S01009375,265,31,65,73,96,156,20,39,37,60,109,11,26,36,36,34,5,6,9,14,50,6,13,14,17,25,0,7,13,5
S01009376,191,13,64,44,70,124,8,41,28,47,67,5,23,16,23,26,0,12,5,9,24,4,7,7,6,17,1,4,4,8
S01009377,361,51,140,92,78,196,34,72,51,39,165,17,68,41,39,86,10,37,18,21,45,3,18,13,11,34,4,13,10,7
S01009378,341,34,123,87,97,175,22,68,39,46,166,12,55,48,51,51,5,21,11,14,65,2,25,18,20,50,5,9,19,17
S01009379,322,69,129,65,59,138,26,57,23,32,184,43,72,42,27,83,22,28,21,12,56,9,22,17,8,45,12,22,4,7
S01009380,187,21,77,57,32,108,10,44,35,19,79,11,33,22,13,30,3,18,7,2,29,6,9,8,6,20,2,6,7,5
S01009381,241,60,95,51,35,164,42,65,33,24,77,18,30,18,11,34,11,11,8,4,20,2,9,4,5,23,5,10,6,2
S01009382,249,36,71,57,85,169,23,43,47,56,80,13,28,10,29,22,3,9,3,7,26,7,6,4,9,32,3,13,3,13
S01009383,356,31,118,89,118,265,24,90,71,80,91,7,28,18,38,37,3,12,4,18,30,4,9,6,11,24,0,7,8,9
S01009384,177,80,60,23,14,116,43,48,17,8,61,37,12,6,6,20,14,3,2,1,27,17,6,2,2,14,6,3,2,3
S01009385,167,47,57,30,33,107,26,33,22,26,60,21,24,8,7,28,12,11,2,3,17,5,5,4,3,15,4,8,2,1
S01009386,192,20,67,57,48,112,12,46,31,23,80,8,21,26,25,33,2,8,10,13,24,4,6,8,6,23,2,7,8,6
S01009387,192,26,51,53,62,111,21,29,26,35,81,5,22,27,27,37,3,7,10,17,23,1,7,13,2,21,1,8,4,8
S01009388,363,31,89,64,179,205,17,51,32,105,158,14,38,32,74,74,10,13,17,34,42,2,11,5,24,42,2,14,10,16
S01009389,325,76,121,68,60,248,57,94,50,47,77,19,27,18,13,28,6,13,7,2,21,6,6,5,4,28,7,8,6,7
S01009390,241,107,85,35,14,94,38,42,9,5,147,69,43,26,9,41,19,12,8,2,57,29,15,11,2,49,21,16,7,5
S01009391,246,68,110,41,27,124,30,65,15,14,122,38,45,26,13,46,20,15,8,3,47,13,18,12,4,29,5,12,6,6
S01009392,178,65,74,22,17,68,18,36,5,9,110,47,38,17,8,49,22,14,8,5,39,15,15,7,2,22,10,9,2,1
S01009393,210,68,83,36,23,120,32,50,23,15,90,36,33,13,8,31,15,11,3,2,35,15,10,6,4,24,6,12,4,2
S01009394,345,118,129,53,45,244,81,95,40,28,101,37,34,13,17,45,18,14,5,8,33,10,12,4,7,23,9,8,4,2
S01009395,186,73,69,27,17,126,48,47,18,13,60,25,22,9,4,16,8,6,1,1,22,10,8,3,1,22,7,8,5,2
S01009396,200,90,70,24,16,120,53,44,11,12,80,37,26,13,4,23,12,7,4,0,34,17,11,3,3,23,8,8,6,1
S01009397,242,88,81,34,39,176,53,67,26,30,66,35,14,8,9,21,10,2,6,3,24,15,4,1,4,21,10,8,1,2
S01009398,247,44,108,59,36,155,25,69,37,24,92,19,39,22,12,31,7,11,8,5,32,7,17,5,3,29,5,11,9,4
S01009399,213,52,79,48,34,144,31,54,33,26,69,21,25,15,8,33,9,13,9,2,17,6,7,3,1,19,6,5,3,5
S01009400,145,22,55,34,34,84,17,30,20,17,61,5,25,14,17,17,1,7,3,6,23,2,9,6,6,21,2,9,5,5
S01009401,169,55,63,24,27,97,31,40,11,15,72,24,23,13,12,18,4,6,4,4,21,9,8,1,3,33,11,9,8,5
S01009402,250,82,89,45,34,140,44,53,23,20,110,38,36,22,14,30,9,11,8,2,35,12,10,7,6,45,17,15,7,6
S01009403,171,42,63,33,33,87,18,31,19,19,84,24,32,14,14,30,8,10,7,5,22,8,8,2,4,32,8,14,5,5
S01009404,182,15,49,47,71,112,10,26,32,44,70,5,23,15,27,25,3,7,5,10,23,1,7,6,9,22,1,9,4,8
S01009405,110,19,40,41,10,65,12,20,25,8,45,7,20,16,2,11,3,4,4,0,18,3,8,6,1,16,1,8,6,1
S01009406,315,36,103,92,84,212,26,65,65,56,103,10,38,27,28,37,5,15,8,9,36,2,11,12,11,30,3,12,7,8
S01009407,168,28,55,46,39,108,17,38,29,24,60,11,17,17,15,16,4,3,5,4,21,3,8,4,6,23,4,6,8,5
S01009408,259,53,91,73,42,165,35,50,50,30,94,18,41,23,12,42,6,20,10,6,34,11,16,5,2,18,1,5,8,4
S01009409,197,8,51,64,74,117,4,29,40,44,80,4,22,24,30,31,1,6,10,14,22,1,9,6,6,27,2,7,8,10
S01009410,291,17,68,89,117,177,9,43,60,65,114,8,25,29,52,44,1,8,12,23,44,5,8,12,19,26,2,9,5,10
S01009411,279,13,56,90,120,172,7,36,56,73,107,6,20,34,47,51,4,8,18,21,24,2,4,9,9,32,0,8,7,17
S01009412,294,14,58,90,132,204,9,42,56,97,90,5,16,34,35,37,5,7,10,15,30,0,6,12,12,23,0,3,12,8
S01009413,321,29,88,110,94,213,23,56,68,66,108,6,32,42,28,41,4,14,18,5,28,2,6,14,6,39,0,12,10,17
S01009414,197,19,68,51,59,126,11,49,29,37,71,8,19,22,22,24,3,5,8,8,27,3,8,8,8,20,2,6,6,6
S01009415,289,26,73,80,110,201,18,48,56,79,88,8,25,24,31,32,4,11,5,12,27,4,9,7,7,29,0,5,12,12
S01009416,152,22,65,44,21,83,14,34,24,11,69,8,31,20,10,13,3,5,4,1,27,3,13,6,5,29,2,13,10,4
S01009417,101,22,33,33,13,55,16,16,14,9,46,6,17,19,4,21,2,8,9,2,18,3,6,9,0,7,1,3,1,2
S01009418,356,16,104,115,121,246,12,79,72,83,110,4,25,43,38,40,1,10,17,12,40,2,9,18,11,30,1,6,8,15
S01009419,184,11,51,43,79,105,5,28,20,52,79,6,23,23,27,33,1,12,12,8,23,3,6,7,7,23,2,5,4,12
S01009420,210,5,41,56,108,104,3,20,24,57,106,2,21,32,51,31,0,7,10,14,39,2,8,10,19,36,0,6,12,18
S01009421,229,17,38,76,98,126,9,22,45,50,103,8,16,31,48,43,4,8,8,23,38,2,4,15,17,22,2,4,8,8
S01009422,255,21,71,67,96,162,13,47,41,61,93,8,24,26,35,40,6,10,13,11,29,2,6,8,13,24,0,8,5,11
S01009423,308,61,137,71,39,163,36,66,33,28,145,25,71,38,11,82,18,41,19,4,35,4,13,13,5,28,3,17,6,2
S01009424,181,30,59,52,40,119,13,43,36,27,62,17,16,16,13,20,4,6,6,4,21,6,6,7,2,21,7,4,3,7
S01009425,249,24,82,70,73,178,19,61,53,45,71,5,21,17,28,30,3,6,8,13,16,1,5,3,7,25,1,10,6,8
S01009426,282,22,68,81,111,192,15,44,57,76,90,7,24,24,35,30,2,8,8,12,28,2,7,9,10,32,3,9,7,13
S01009427,214,10,57,59,88,144,8,29,42,65,70,2,28,17,23,33,0,12,10,11,23,1,13,1,8,14,1,3,6,4
S01009428,186,16,49,59,62,94,7,28,31,28,92,9,21,28,34,36,3,6,13,14,34,4,11,8,11,22,2,4,7,9
S01009429,217,15,50,54,98,139,11,31,35,62,78,4,19,19,36,34,0,10,7,17,25,2,5,4,14,19,2,4,8,5
S01009430,241,16,66,66,93,150,12,40,43,55,91,4,26,23,38,36,2,13,7,14,29,2,8,10,9,26,0,5,6,15
S01009431,228,22,55,55,96,146,15,38,39,54,82,7,17,16,42,35,4,5,7,19,27,1,5,5,16,20,2,7,4,7
S01009432,256,4,50,77,125,145,3,27,47,68,111,1,23,30,57,40,1,6,11,22,37,0,8,10,19,34,0,9,9,16
S01009433,251,8,52,62,129,128,3,25,34,66,123,5,27,28,63,39,1,11,7,20,53,2,10,11,30,31,2,6,10,13
S01009434,175,7,31,53,84,107,3,13,30,61,68,4,18,23,23,23,0,9,4,10,21,1,6,8,6,24,3,3,11,7
S01009435,276,13,49,58,156,156,6,27,32,91,120,7,22,26,65,37,3,4,7,23,52,4,11,9,28,31,0,7,10,14
S01009436,236,18,64,68,86,131,12,32,40,47,105,6,32,28,39,45,5,10,13,17,28,1,11,8,8,32,0,11,7,14
S01009437,216,20,55,76,65,137,11,33,46,47,79,9,22,30,18,29,4,7,11,7,23,2,6,9,6,27,3,9,10,5
S01009438,281,20,64,80,117,178,14,40,49,75,103,6,24,31,42,43,1,13,12,17,26,2,7,9,8,34,3,4,10,17
S01009439,284,8,72,75,129,159,5,31,41,82,125,3,41,34,47,40,1,9,11,19,45,2,14,10,19,40,0,18,13,9
S01009440,216,19,42,66,89,145,13,30,43,59,71,6,12,23,30,33,3,9,8,13,24,3,3,9,9,14,0,0,6,8
S01009441,295,8,69,91,127,162,4,33,59,66,133,4,36,32,61,62,1,18,12,31,45,3,12,14,16,26,0,6,6,14
S01009442,185,28,67,57,33,105,19,31,35,20,80,9,36,22,13,40,2,22,7,9,27,3,10,12,2,13,4,4,3,2
S01009443,215,25,75,56,59,136,16,45,35,40,79,9,30,21,19,21,4,6,5,6,32,3,11,9,9,26,2,13,7,4
S01009444,248,51,83,70,44,144,26,49,37,32,104,25,34,33,12,26,10,9,6,1,44,11,14,15,4,34,4,11,12,7
S01009445,232,6,58,81,87,141,5,34,51,51,91,1,24,30,36,40,0,12,15,13,27,0,8,7,12,24,1,4,8,11
S01009446,334,14,83,94,143,223,10,59,57,97,111,4,24,37,46,54,1,13,22,18,27,3,7,8,9,30,0,4,7,19
S01009447,177,16,49,48,64,124,9,36,36,43,53,7,13,12,21,23,3,7,6,7,11,2,1,1,7,19,2,5,5,7
S01009448,266,31,81,75,79,165,18,49,52,46,101,13,32,23,33,46,8,17,9,12,25,4,6,6,9,30,1,9,8,12
S01009449,159,10,49,50,50,94,6,23,31,34,65,4,26,19,16,29,2,11,9,7,19,0,5,8,6,17,2,10,2,3
S01009450,238,4,50,58,126,148,1,31,36,80,90,3,19,22,46,42,2,12,5,23,30,1,0,13,16,18,0,7,4,7
S01009451,328,19,59,94,156,184,13,31,53,87,144,6,28,41,69,60,3,12,14,31,51,2,10,22,17,33,1,6,5,21
S01009452,190,11,41,50,88,130,7,22,37,64,60,4,19,13,24,27,0,7,9,11,19,2,6,3,8,14,2,6,1,5
S01009453,360,14,97,115,134,238,9,62,83,84,122,5,35,32,50,41,1,10,15,15,35,2,11,7,15,46,2,14,10,20
S01009454,289,115,93,36,45,173,60,66,21,26,116,55,27,15,19,48,28,6,6,8,26,12,8,4,2,42,15,13,5,9
S01009455,257,111,78,44,24,177,70,52,34,21,80,41,26,10,3,27,12,8,4,3,30,20,6,4,0,23,9,12,2,0
S01009456,255,26,79,75,75,195,15,61,54,65,60,11,18,21,10,23,3,6,9,5,20,5,4,7,4,17,3,8,5,1
S01009457,178,37,63,52,26,115,24,47,32,12,63,13,16,20,14,18,5,4,5,4,23,6,4,7,6,22,2,8,8,4
S01009458,227,54,74,42,57,152,33,45,29,45,75,21,29,13,12,26,7,9,5,5,29,8,11,6,4,20,6,9,2,3
S01009459,326,53,99,80,94,226,36,67,56,67,100,17,32,24,27,45,7,11,12,15,28,2,9,10,7,27,8,12,2,5
S01009460,324,20,75,70,159,189,15,40,44,90,135,5,35,26,69,61,2,14,13,32,44,1,15,6,22,30,2,6,7,15
S01009461,185,72,70,21,22,91,32,39,12,8,94,40,31,9,14,55,29,15,5,6,27,8,11,2,6,12,3,5,2,2
S01009462,194,39,53,58,44,110,15,30,42,23,84,24,23,16,21,29,9,5,8,7,33,11,9,4,9,22,4,9,4,5
S01009463,194,39,61,46,48,125,31,38,28,28,69,8,23,18,20,29,3,10,9,7,25,2,9,6,8,15,3,4,3,5
S01009464,273,46,105,75,47,165,26,68,42,29,108,20,37,33,18,42,7,15,12,8,35,8,9,11,7,31,5,13,10,3
S01009465,180,28,61,44,47,107,14,38,25,30,73,14,23,19,17,25,7,8,5,5,28,2,11,8,7,20,5,4,6,5
S01009466,159,53,56,33,17,105,36,35,23,11,54,17,21,10,6,20,8,6,3,3,13,3,6,3,1,21,6,9,4,2
S01009467,224,76,75,37,36,134,39,46,26,23,90,37,29,11,13,25,11,6,5,3,41,18,15,5,3,24,8,8,1,7
S01009468,255,27,80,59,89,178,19,56,39,64,77,8,24,20,25,30,3,7,9,11,28,2,13,8,5,19,3,4,3,9
S01009469,265,57,96,51,61,183,34,64,36,49,82,23,32,15,12,30,8,12,6,4,25,6,8,6,5,27,9,12,3,3
S01009470,148,23,47,40,38,94,16,33,21,24,54,7,14,19,14,17,0,6,3,8,14,1,3,8,2,23,6,5,8,4
S01009471,238,21,55,47,115,191,10,46,43,92,47,11,9,4,23,23,1,4,2,16,13,6,2,0,5,11,4,3,2,2
S01009472,342,55,85,66,136,202,32,60,40,70,140,23,25,26,66,62,10,5,5,42,34,5,8,10,11,44,8,12,11,13
S01009473,372,21,98,89,164,251,13,73,58,107,121,8,25,31,57,60,3,12,14,31,33,3,6,6,18,28,2,7,11,8
S01009474,342,43,99,82,118,207,19,64,48,76,135,24,35,34,42,52,6,14,9,23,46,11,11,15,9,37,7,10,10,10
S01009475,182,58,67,38,19,96,32,34,21,9,86,26,33,17,10,32,9,13,5,5,27,12,5,7,3,27,5,15,5,2
S01009476,149,55,53,26,15,68,25,22,13,8,81,30,31,13,7,31,15,10,4,2,28,7,13,6,2,22,8,8,3,3
S01009477,253,85,84,47,37,171,56,61,31,23,82,29,23,16,14,30,8,8,8,6,26,7,7,5,7,26,14,8,3,1
S01009478,407,62,143,76,126,324,47,112,69,96,83,15,31,7,30,38,5,14,3,16,22,6,8,2,6,23,4,9,2,8
S01009479,307,67,87,64,89,243,50,70,48,75,64,17,17,16,14,27,7,5,7,8,22,7,7,4,4,15,3,5,5,2
S01009480,255,98,86,31,40,182,64,62,23,33,73,34,24,8,7,22,13,5,1,3,27,10,12,5,0,24,11,7,2,4
S01009481,377,65,143,66,103,295,51,121,47,76,82,14,22,19,27,35,4,8,8,15,27,5,8,7,7,20,5,6,4,5
S01009482,279,42,95,58,84,220,31,83,49,57,59,11,12,9,27,33,3,5,5,20,11,4,2,3,2,15,4,5,1,5
S01009483,349,84,119,62,84,273,64,98,51,60,76,20,21,11,24,33,7,8,8,10,26,8,9,2,7,17,5,4,1,7
S01009484,274,41,87,53,93,207,26,70,38,73,67,15,17,15,20,23,3,3,9,8,20,6,8,3,3,24,6,6,3,9
S01009485,223,26,51,61,85,141,22,27,39,53,82,4,24,22,32,33,2,7,9,15,26,2,7,8,9,23,0,10,5,8
S01009486,177,40,63,35,39,117,25,43,22,27,60,15,20,13,12,18,4,7,4,3,21,7,4,6,4,21,4,9,3,5
S01009487,250,19,82,49,100,157,15,44,31,67,93,4,38,18,33,38,2,11,5,20,25,0,13,8,4,30,2,14,5,9
S01009488,195,21,57,53,64,96,13,34,21,28,99,8,23,32,36,33,3,7,10,13,37,3,10,12,12,29,2,6,10,11
S01009489,280,19,59,93,109,190,10,41,64,75,90,9,18,29,34,39,4,8,12,15,30,4,4,10,12,21,1,6,7,7
S01009490,317,11,62,92,152,180,7,26,60,87,137,4,36,32,65,59,3,17,11,28,54,1,16,14,23,24,0,3,7,14
S01009491,203,22,57,44,80,133,16,39,26,52,70,6,18,18,28,31,3,7,9,12,21,3,5,3,10,18,0,6,6,6
S01009492,227,11,65,73,78,131,5,33,44,49,96,6,32,29,29,27,1,14,6,6,35,4,15,7,9,34,1,3,16,14
S01009493,204,100,59,27,18,131,66,37,15,13,73,34,22,12,5,23,10,4,6,3,27,14,11,2,0,23,10,7,4,2
S01009494,324,82,119,76,47,187,43,68,42,34,137,39,51,34,13,54,13,24,11,6,52,15,17,15,5,31,11,10,8,2
S01009495,298,70,106,72,50,189,40,70,45,34,109,30,36,27,16,38,12,9,7,10,29,8,11,7,3,42,10,16,13,3
S01009496,254,12,74,79,89,172,11,47,48,66,82,1,27,31,23,34,0,10,11,13,18,1,4,11,2,30,0,13,9,8
S01009497,307,32,101,95,79,190,19,58,62,51,117,13,43,33,28,47,3,18,16,10,42,8,10,11,13,28,2,15,6,5
S01009498,176,39,65,46,26,116,28,44,28,16,60,11,21,18,10,18,3,5,6,4,20,2,9,6,3,22,6,7,6,3
S01009499,253,37,76,50,90,168,25,53,34,56,85,12,23,16,34,39,7,10,5,17,21,1,8,3,9,25,4,5,8,8
S01009500,267,14,69,67,117,160,9,43,44,64,107,5,26,23,53,40,1,10,7,22,35,2,6,9,18,32,2,10,7,13
S01009501,207,13,48,60,86,128,11,30,34,53,79,2,18,26,33,28,0,5,12,11,32,1,6,9,16,19,1,7,5,6
S01009502,292,16,67,77,132,184,10,44,55,75,108,6,23,22,57,49,2,11,8,28,30,3,5,6,16,29,1,7,8,13
S01009503,245,15,74,62,94,147,10,43,35,59,98,5,31,27,35,38,1,11,12,14,31,2,13,8,8,29,2,7,7,13
S01009504,258,11,50,66,131,151,8,31,39,73,107,3,19,27,58,50,0,8,13,29,30,1,5,8,16,27,2,6,6,13
S01009505,292,15,58,67,152,150,4,36,37,73,142,11,22,30,79,79,4,12,15,48,44,2,9,8,25,19,5,1,7,6
S01009506,273,13,60,63,137,161,11,26,42,82,112,2,34,21,55,43,1,8,10,24,44,0,21,6,17,25,1,5,5,14
S01009507,276,35,89,62,90,144,20,46,31,47,132,15,43,31,43,58,9,17,12,20,50,4,17,11,18,24,2,9,8,5
S01009508,317,7,65,70,175,184,5,35,47,97,133,2,30,23,78,66,2,6,13,45,29,0,8,5,16,38,0,16,5,17
S01009509,311,23,91,62,135,184,15,54,40,75,127,8,37,22,60,50,3,10,6,31,43,3,19,5,16,34,2,8,11,13
S01009510,195,29,76,55,35,130,22,50,37,21,65,7,26,18,14,19,4,6,4,5,23,1,9,7,6,23,2,11,7,3
S01009511,144,32,56,33,23,86,21,34,16,15,58,11,22,17,8,17,5,5,4,3,14,2,5,6,1,27,4,12,7,4
S01009512,222,28,95,60,39,125,17,53,27,28,97,11,42,33,11,33,4,13,14,2,33,3,18,9,3,31,4,11,10,6
S01009513,167,52,55,38,22,105,32,33,23,17,62,20,22,15,5,20,9,7,4,0,16,3,7,3,3,26,8,8,8,2
S01009514,214,54,79,47,34,135,29,58,28,20,79,25,21,19,14,35,11,10,7,7,23,6,6,6,5,21,8,5,6,2
S01009515,226,18,57,62,89,140,10,34,40,56,86,8,23,22,33,34,4,11,7,12,22,3,6,5,8,30,1,6,10,13
S01009516,235,20,78,65,72,148,14,50,37,47,87,6,28,28,25,31,3,8,10,10,28,2,6,11,9,28,1,14,7,6
S01009517,327,89,130,59,49,151,38,65,26,22,176,51,65,33,27,79,25,28,14,12,50,15,21,8,6,47,11,16,11,9
S01009518,310,89,130,61,30,141,42,66,22,11,169,47,64,39,19,88,22,36,25,5,47,13,18,10,6,34,12,10,4,8
S01009519,161,19,55,55,32,99,12,34,34,19,62,7,21,21,13,26,4,8,8,6,14,1,6,3,4,22,2,7,10,3
S01009520,274,50,98,60,66,163,25,57,38,43,111,25,41,22,23,43,9,13,10,11,34,12,11,7,4,34,4,17,5,8
S01009521,228,13,48,57,110,130,7,29,29,65,98,6,19,28,45,49,3,11,15,20,29,2,4,7,16,20,1,4,6,9
S01009522,320,22,89,72,137,159,11,47,41,60,161,11,42,31,77,87,9,23,16,39,43,1,11,8,23,31,1,8,7,15
S01009523,188,14,51,39,84,110,6,28,25,51,78,8,23,14,33,23,2,6,4,11,29,5,8,6,10,26,1,9,4,12
S01009524,271,25,84,61,101,184,17,56,43,68,87,8,28,18,33,41,4,11,8,18,28,2,10,6,10,18,2,7,4,5
S01009525,179,25,48,30,76,120,22,31,21,46,59,3,17,9,30,23,1,8,4,10,13,0,2,2,9,23,2,7,3,11
S01009526,303,80,103,64,56,245,70,78,51,46,58,10,25,13,10,32,8,11,6,7,19,1,10,5,3,7,1,4,2,0
S01009527,282,42,92,48,100,242,36,81,38,87,40,6,11,10,13,24,3,8,4,9,6,2,0,2,2,10,1,3,4,2
S01009528,173,34,56,33,50,149,30,45,31,43,24,4,11,2,7,7,1,4,1,1,9,1,4,1,3,8,2,3,0,3
S01009529,166,39,57,40,30,115,23,41,27,24,51,16,16,13,6,21,8,7,2,4,14,3,5,5,1,16,5,4,6,1
S01009530,160,53,62,28,17,101,33,37,17,14,59,20,25,11,3,19,6,8,4,1,21,7,10,4,0,19,7,7,3,2
S01009531,284,16,63,71,134,198,10,42,55,91,86,6,21,16,43,43,2,12,5,24,26,3,5,6,12,17,1,4,5,7
S01009532,245,15,55,65,110,185,12,40,46,87,60,3,15,19,23,28,1,7,10,10,14,1,5,3,5,18,1,3,6,8
S01009533,335,18,97,84,136,248,18,67,66,97,87,0,30,18,39,50,0,16,8,26,18,0,7,7,4,19,0,7,3,9
S01009534,331,21,72,59,179,210,18,52,38,102,121,3,20,21,77,57,1,10,10,36,36,0,5,7,24,28,2,5,4,17
S01009535,256,14,55,57,130,163,13,33,38,79,93,1,22,19,51,50,0,10,10,30,23,1,8,5,9,20,0,4,4,12
S01009536,173,18,46,40,69,88,9,27,21,31,85,9,19,19,38,32,2,6,8,16,29,6,6,4,13,24,1,7,7,9
S01009537,193,28,57,55,53,131,20,35,40,36,62,8,22,15,17,36,4,11,9,12,14,2,4,4,4,12,2,7,2,1
S01009538,326,47,88,64,127,252,36,71,54,91,74,11,17,10,36,35,5,7,5,18,22,3,8,2,9,17,3,2,3,9
S01009539,266,24,85,78,79,173,14,47,55,57,93,10,38,23,22,25,2,8,8,7,31,5,13,7,6,37,3,17,8,9
S01009540,348,29,69,96,154,263,21,57,67,118,85,8,12,29,36,36,2,5,11,18,26,5,4,7,10,23,1,3,11,8
S01009541,246,39,77,77,53,162,28,53,46,35,84,11,24,31,18,20,2,8,5,5,32,2,10,15,5,32,7,6,11,8
S01009542,313,14,61,88,150,204,10,32,62,100,109,4,29,26,50,56,2,16,13,25,33,0,8,7,18,20,2,5,6,7
S01009543,171,19,48,45,59,136,14,38,37,47,35,5,10,8,12,13,2,3,1,7,9,2,2,3,2,13,1,5,4,3
S01009544,302,40,97,78,87,220,27,73,50,70,82,13,24,28,17,27,5,7,10,5,34,5,12,10,7,21,3,5,8,5
S01009545,237,17,61,74,85,136,11,35,46,44,101,6,26,28,41,42,3,10,13,16,28,1,7,8,12,31,2,9,7,13
S01009546,347,32,90,120,105,213,21,53,77,62,134,11,37,43,43,68,6,27,16,19,36,3,5,17,11,30,2,5,10,13
S01009547,264,21,76,71,96,164,16,44,49,55,100,5,32,22,41,38,4,11,7,16,32,0,9,8,15,30,1,12,7,10
S01009548,224,21,62,69,72,141,7,39,46,49,83,14,23,23,23,27,3,5,7,12,23,4,4,9,6,33,7,14,7,5
S01009549,259,28,78,70,83,170,18,51,46,55,89,10,27,24,28,29,3,12,7,7,31,6,7,6,12,29,1,8,11,9
S01009550,149,17,63,30,39,79,11,40,13,15,70,6,23,17,24,17,0,7,4,6,25,2,6,6,11,28,4,10,7,7
S01009551,171,18,56,41,56,100,13,38,22,27,71,5,18,19,29,37,1,10,12,14,18,2,7,1,8,16,2,1,6,7
S01009552,266,37,64,86,79,172,25,47,48,52,94,12,17,38,27,32,3,5,13,11,29,6,1,15,7,33,3,11,10,9
S01009553,319,22,57,87,153,204,19,39,50,96,115,3,18,37,57,50,1,3,17,29,23,0,5,6,12,42,2,10,14,16
S01009554,238,25,50,67,96,169,14,39,49,67,69,11,11,18,29,23,2,4,3,14,18,5,2,4,7,28,4,5,11,8
S01009555,262,27,74,72,89,184,17,52,54,61,78,10,22,18,28,23,4,6,5,8,31,3,9,5,14,24,3,7,8,6
S01009556,272,15,67,72,118,160,12,34,48,66,112,3,33,24,52,49,0,11,10,28,28,2,10,4,12,35,1,12,10,12
S01009557,238,21,43,58,116,148,14,29,36,69,90,7,14,22,47,43,4,8,7,24,24,1,2,6,15,23,2,4,9,8
S01009558,235,8,45,59,123,129,4,27,35,63,106,4,18,24,60,43,1,7,7,28,39,2,7,9,21,24,1,4,8,11
S01009559,296,9,62,88,137,180,8,32,48,92,116,1,30,40,45,52,1,15,18,18,36,0,12,13,11,28,0,3,9,16
S01009560,269,19,74,63,113,168,15,47,40,66,101,4,27,23,47,39,1,10,7,21,34,1,13,7,13,28,2,4,9,13
S01009561,189,14,55,44,76,116,6,35,24,51,73,8,20,20,25,36,1,10,8,17,21,2,7,7,5,16,5,3,5,3
S01009562,230,28,63,76,63,143,17,39,50,37,87,11,24,26,26,37,6,6,11,14,28,5,7,9,7,22,0,11,6,5
S01009563,236,26,49,72,89,142,18,23,42,59,94,8,26,30,30,34,2,12,10,10,34,5,6,12,11,26,1,8,8,9
S01009564,174,30,51,45,48,102,18,31,22,31,72,12,20,23,17,29,7,5,7,10,23,0,11,10,2,20,5,4,6,5
S01009565,192,18,58,42,74,103,8,35,29,31,89,10,23,13,43,29,2,6,4,17,35,6,9,5,15,25,2,8,4,11
S01009566,343,37,103,99,104,188,20,64,48,56,155,17,39,51,48,67,4,17,30,16,47,6,10,10,21,41,7,12,11,11
S01009567,302,25,82,73,122,193,18,56,43,76,109,7,26,30,46,35,4,9,8,14,46,2,10,13,21,28,1,7,9,11
S01009568,233,21,78,68,66,130,11,40,38,41,103,10,38,30,25,38,3,12,13,10,29,2,11,10,6,36,5,15,7,9
S01009569,234,18,72,62,82,132,11,36,33,52,102,7,36,29,30,30,1,14,8,7,32,3,10,6,13,40,3,12,15,10
S01009570,166,7,53,47,59,93,3,29,25,36,73,4,24,22,23,24,0,10,7,7,30,3,10,8,9,19,1,4,7,7
S01009571,248,6,63,45,134,149,3,35,29,82,99,3,28,16,52,48,1,9,7,31,23,1,10,3,9,28,1,9,6,12
S01009572,381,15,103,97,166,243,12,58,67,106,138,3,45,30,60,55,0,16,16,23,40,3,18,3,16,43,0,11,11,21
S01009573,252,14,46,55,137,151,8,22,35,86,101,6,24,20,51,30,2,7,6,15,41,4,11,9,17,30,0,6,5,19
S01009574,310,23,81,87,119,201,12,53,59,77,109,11,28,28,42,40,5,10,7,18,36,3,8,11,14,33,3,10,10,10
S01009575,163,7,57,50,49,98,4,35,27,32,65,3,22,23,17,28,0,11,9,8,16,3,4,5,4,21,0,7,9,5
S01009576,165,32,70,43,20,126,22,55,36,13,39,10,15,7,7,11,2,6,1,2,16,2,5,5,4,12,6,4,1,1
S01009577,212,50,63,58,41,138,27,42,40,29,74,23,21,18,12,18,6,5,5,2,17,5,5,5,2,39,12,11,8,8
S01009578,251,22,86,80,63,159,16,58,51,34,92,6,28,29,29,46,1,12,17,16,23,2,10,5,6,23,3,6,7,7
S01009579,371,50,131,79,111,235,21,87,51,76,136,29,44,28,35,49,13,11,6,19,46,10,15,11,10,41,6,18,11,6
S01009580,300,55,117,78,50,156,30,55,43,28,144,25,62,35,22,56,13,22,12,9,51,5,26,12,8,37,7,14,11,5
S01009581,190,17,63,47,63,131,11,48,32,40,59,6,15,15,23,17,4,4,5,4,21,1,5,6,9,21,1,6,4,10
S01009582,171,14,63,54,40,95,11,36,28,20,76,3,27,26,20,29,1,9,9,10,37,2,15,11,9,10,0,3,6,1
S01009583,253,22,75,57,99,135,9,39,32,55,118,13,36,25,44,59,4,18,13,24,33,3,9,11,10,26,6,9,1,10
S01009584,137,29,46,36,26,80,18,23,19,20,57,11,23,17,6,27,6,11,7,3,14,2,9,2,1,16,3,3,8,2
S01009585,330,18,104,99,109,198,9,57,59,73,132,9,47,40,36,48,3,21,11,13,44,1,12,19,12,40,5,14,10,11
S01009586,192,19,61,52,60,129,9,41,35,44,63,10,20,17,16,21,3,8,6,4,25,4,6,6,9,17,3,6,5,3
S01009587,225,27,63,56,79,152,21,41,38,52,73,6,22,18,27,29,5,6,4,14,27,1,9,9,8,17,0,7,5,5
S01009588,294,31,77,93,93,168,14,41,53,60,126,17,36,40,33,40,4,13,10,13,38,6,11,14,7,48,7,12,16,13
S01009589,258,23,66,86,83,124,11,26,42,45,134,12,40,44,38,48,4,13,19,12,45,4,15,11,15,41,4,12,14,11
S01009590,200,45,89,45,21,101,20,42,26,13,99,25,47,19,8,40,12,20,5,3,27,4,11,9,3,32,9,16,5,2
S01009591,236,56,85,56,39,184,41,63,47,33,52,15,22,9,6,20,6,7,3,4,16,3,9,3,1,16,6,6,3,1
S01009592,149,50,47,32,20,106,33,37,22,14,43,17,10,10,6,13,6,4,1,2,18,8,4,3,3,12,3,2,6,1
S01009593,170,45,66,40,19,107,30,44,24,9,63,15,22,16,10,22,4,7,6,5,19,7,6,4,2,22,4,9,6,3
S01009594,220,57,84,46,33,141,34,50,31,26,79,23,34,15,7,37,6,16,10,5,25,9,13,2,1,17,8,5,3,1
S01009595,155,43,67,30,15,75,24,28,15,8,80,19,39,15,7,27,8,11,5,3,22,3,11,5,3,31,8,17,5,1
S01009596,295,30,72,70,123,205,24,54,49,78,90,6,18,21,45,37,1,4,15,17,31,4,7,2,18,22,1,7,4,10
S01009597,320,8,87,85,140,182,6,51,47,78,138,2,36,38,62,61,0,13,19,29,53,1,15,14,23,24,1,8,5,10
S01009598,252,11,62,60,119,158,7,41,36,74,94,4,21,24,45,37,0,7,11,19,25,1,4,6,14,32,3,10,7,12
S01009599,313,28,92,81,112,204,17,53,56,78,109,11,39,25,34,37,3,19,9,6,42,7,12,10,13,30,1,8,6,15
S01009600,234,9,61,58,106,148,7,37,41,63,86,2,24,17,43,32,1,8,7,16,27,0,11,2,14,27,1,5,8,13
S01009601,255,23,64,65,103,169,19,44,38,68,86,4,20,27,35,34,0,6,12,16,28,2,7,9,10,24,2,7,6,9
S01009602,247,59,103,53,32,142,31,58,31,22,105,28,45,22,10,34,8,13,9,4,29,9,14,3,3,42,11,18,10,3
S01009603,185,47,61,35,42,128,34,41,23,30,57,13,20,12,12,15,4,3,4,4,21,5,6,4,6,21,4,11,4,2
S01009604,274,42,109,56,67,175,24,69,36,46,99,18,40,20,21,51,10,20,10,11,32,7,12,7,6,16,1,8,3,4
S01009605,250,24,69,66,91,162,16,44,39,63,88,8,25,27,28,31,2,6,11,12,28,3,8,11,6,29,3,11,5,10
S01009606,190,61,70,26,33,115,37,38,19,21,75,24,32,7,12,36,11,16,2,7,29,9,13,3,4,10,4,3,2,1
S01009607,141,44,51,26,20,80,22,34,16,8,61,22,17,10,12,20,6,6,3,5,19,7,7,4,1,22,9,4,3,6
S01009608,199,30,53,64,52,117,15,34,36,32,82,15,19,28,20,30,5,6,8,11,32,6,9,13,4,20,4,4,7,5
S01009609,263,54,92,69,48,161,29,54,43,35,102,25,38,26,13,45,13,18,8,6,23,5,8,8,2,34,7,12,10,5
S01009610,342,42,119,92,89,229,23,77,68,61,113,19,42,24,28,45,7,11,14,13,36,6,17,4,9,32,6,14,6,6
S01009611,150,37,49,38,26,93,20,36,19,18,57,17,13,19,8,13,4,2,5,2,19,5,7,4,3,25,8,4,10,3
S01009612,197,15,61,56,65,127,7,39,38,43,70,8,22,18,22,22,3,6,5,8,25,2,10,6,7,23,3,6,7,7
S01009613,144,36,47,36,25,94,19,35,25,15,50,17,12,11,10,16,8,5,1,2,19,3,5,6,5,15,6,2,4,3
S01009614,149,30,39,44,36,94,21,22,24,27,55,9,17,20,9,13,1,5,5,2,17,2,3,10,2,25,6,9,5,5
S01009615,98,13,36,26,23,54,6,20,14,14,44,7,16,12,9,11,1,6,1,3,13,3,3,5,2,20,3,7,6,4
S01009616,249,31,61,75,82,161,20,42,49,50,88,11,19,26,32,30,1,3,8,18,25,3,8,8,6,33,7,8,10,8
S01009617,235,37,72,75,51,148,26,46,41,35,87,11,26,34,16,25,3,7,10,5,32,4,12,11,5,30,4,7,13,6
S01009618,256,13,64,88,91,169,7,42,58,62,87,6,22,30,29,30,1,11,8,10,26,2,7,7,10,31,3,4,15,9
S01009619,215,7,66,54,88,139,4,42,39,54,76,3,24,15,34,38,1,9,10,18,21,1,11,3,6,17,1,4,2,10
S01009620,256,11,46,73,126,165,6,29,48,82,91,5,17,25,44,41,4,6,9,22,26,1,10,3,12,24,0,1,13,10
S01009621,281,14,60,95,112,206,11,37,80,78,75,3,23,15,34,34,1,7,3,23,16,1,8,3,4,25,1,8,9,7
S01009622,317,13,71,73,160,228,11,45,60,112,89,2,26,13,48,48,0,13,6,29,23,1,8,3,11,18,1,5,4,8
S01009623,166,6,38,46,76,99,4,20,27,48,67,2,18,19,28,22,0,4,6,12,21,0,8,6,7,24,2,6,7,9
S01009624,281,10,55,76,140,181,4,35,53,89,100,6,20,23,51,36,3,4,11,18,30,2,6,7,15,34,1,10,5,18
S01009625,276,9,50,74,143,149,4,26,34,85,127,5,24,40,58,42,4,9,13,16,44,0,7,11,26,41,1,8,16,16
S01009626,167,6,35,32,94,81,3,18,16,44,86,3,17,16,50,26,1,6,5,14,36,0,6,5,25,24,2,5,6,11
S01009627,239,12,48,63,116,132,6,27,33,66,107,6,21,30,50,38,5,5,11,17,34,0,5,9,20,35,1,11,10,13
S01009628,110,3,20,24,63,75,3,13,16,43,35,0,7,8,20,14,0,4,1,9,12,0,0,6,6,9,0,3,1,5
S01009629,334,19,66,101,148,162,9,31,50,72,172,10,35,51,76,64,5,6,18,35,52,0,13,19,20,56,5,16,14,21
S01009630,271,10,59,68,134,151,4,28,45,74,120,6,31,23,60,47,0,10,10,27,38,3,11,6,18,35,3,10,7,15
S01009631,319,9,49,80,181,262,9,41,67,145,57,0,8,13,36,31,0,5,4,22,15,0,0,4,11,11,0,3,5,3
S01009632,219,7,28,63,121,137,3,16,46,72,82,4,12,17,49,50,1,5,10,34,19,0,4,5,10,13,3,3,2,5
S01009633,238,6,39,54,139,119,4,17,28,70,119,2,22,26,69,50,1,6,13,30,35,0,8,7,20,34,1,8,6,19
S01009634,151,5,32,35,79,99,4,22,22,51,52,1,10,13,28,22,0,3,3,16,16,1,5,4,6,14,0,2,6,6
S01009635,320,21,70,95,134,221,13,48,63,97,99,8,22,32,37,38,1,9,14,14,36,3,5,11,17,25,4,8,7,6
S01009636,417,8,67,102,240,297,8,51,77,161,120,0,16,25,79,64,0,7,17,40,25,0,4,1,20,31,0,5,7,19
S01009637,263,17,60,85,101,174,12,35,59,68,89,5,25,26,33,40,2,16,6,16,24,2,3,10,9,25,1,6,10,8
S01009638,219,15,27,52,125,101,7,13,30,51,118,8,14,22,74,40,2,4,4,30,42,3,3,9,27,36,3,7,9,17
S01009639,205,50,81,46,28,123,32,49,29,13,82,18,32,17,15,26,5,8,7,6,21,5,12,3,1,35,8,12,7,8
S01009640,240,12,65,61,102,177,8,48,47,74,63,4,17,14,28,22,4,4,6,8,22,0,8,2,12,19,0,5,6,8
S01009641,305,24,96,67,118,239,17,77,55,90,66,7,19,12,28,20,2,4,5,9,18,1,6,4,7,28,4,9,3,12
S01009642,356,38,119,88,111,259,28,78,65,88,97,10,41,23,23,37,3,14,10,10,31,4,14,5,8,29,3,13,8,5
S01009643,195,33,77,53,32,96,16,41,23,16,99,17,36,30,16,46,9,15,18,4,36,7,11,7,11,17,1,10,5,1
S01009644,242,21,62,60,99,138,13,35,34,56,104,8,27,26,43,35,2,11,9,13,32,3,8,8,13,37,3,8,9,17
S01009645,203,12,54,57,80,124,8,26,38,52,79,4,28,19,28,35,1,16,6,12,31,3,9,9,10,13,0,3,4,6
S01009646,173,11,41,50,71,97,4,26,30,37,76,7,15,20,34,29,2,5,6,16,21,2,3,8,8,26,3,7,6,10
S01009647,229,9,55,75,90,161,8,38,56,59,68,1,17,19,31,30,0,6,8,16,24,1,6,7,10,14,0,5,4,5
S01009648,258,18,69,80,91,151,10,41,45,55,107,8,28,35,36,27,4,6,11,6,39,1,12,9,17,41,3,10,15,13
S01009649,334,27,99,75,133,199,13,58,50,78,135,14,41,25,55,52,7,13,9,23,34,3,13,5,13,49,4,15,11,19
S01009650,183,43,63,46,31,123,29,40,31,23,60,14,23,15,8,13,4,4,4,1,19,4,8,4,3,28,6,11,7,4
S01009651,269,89,63,55,62,178,59,44,33,42,91,30,19,22,20,33,9,8,7,9,23,10,6,3,4,35,11,5,12,7
S01009652,208,77,77,34,20,152,52,56,29,15,56,25,21,5,5,12,9,3,0,0,22,5,11,3,3,22,11,7,2,2
S01009653,160,48,62,38,12,97,31,35,21,10,63,17,27,17,2,17,5,9,3,0,22,5,8,8,1,24,7,10,6,1
S01009654,171,41,55,38,37,99,26,31,19,23,72,15,24,19,14,26,2,12,8,4,21,4,10,6,1,25,9,2,5,9
S01009655,254,11,43,72,128,154,6,25,48,75,100,5,18,24,53,22,1,5,6,10,44,1,6,11,26,34,3,7,7,17
S01009656,234,14,41,56,123,165,9,29,40,87,69,5,12,16,36,37,2,9,9,17,19,2,2,3,12,13,1,1,4,7
S01009657,250,32,76,62,80,173,22,48,44,59,77,10,28,18,21,21,1,4,5,11,24,1,13,8,2,32,8,11,5,8
S01009658,237,13,46,79,99,138,7,32,44,55,99,6,14,35,44,33,2,5,11,15,42,4,7,16,15,24,0,2,8,14
S01009659,177,17,39,53,68,126,11,28,33,54,51,6,11,20,14,17,2,3,7,5,16,3,2,6,5,18,1,6,7,4
S01009660,345,23,103,93,126,186,15,46,55,70,159,8,57,38,56,55,3,15,14,23,59,4,22,12,21,45,1,20,12,12
S01009661,241,64,70,67,40,157,36,45,44,32,84,28,25,23,8,19,8,5,4,2,33,11,9,9,4,32,9,11,10,2
S01009662,209,45,69,53,42,125,30,38,31,26,84,15,31,22,16,23,4,7,5,7,31,5,10,11,5,30,6,14,6,4
S01009663,211,57,76,43,35,131,33,44,28,26,80,24,32,15,9,19,8,6,5,0,36,10,16,3,7,25,6,10,7,2
S01009664,267,92,76,57,42,168,55,52,35,26,99,37,24,22,16,37,15,7,10,5,34,13,6,7,8,28,9,11,5,3
S01009665,200,38,54,46,62,126,23,31,28,44,74,15,23,18,18,24,4,6,8,6,29,7,10,4,8,21,4,7,6,4
S01009666,224,40,68,73,43,148,22,51,48,27,76,18,17,25,16,28,6,5,11,6,26,8,4,11,3,22,4,8,3,7
S01009667,144,48,39,39,18,87,32,21,23,11,57,16,18,16,7,17,3,5,6,3,19,8,5,3,3,21,5,8,7,1
S01009668,189,62,49,40,38,111,28,31,31,21,78,34,18,9,17,27,9,7,4,7,28,14,7,4,3,23,11,4,1,7
S01009669,143,37,37,45,24,96,22,25,33,16,47,15,12,12,8,14,3,2,6,3,16,6,4,4,2,17,6,6,2,3
S01009670,245,80,73,46,46,148,46,48,26,28,97,34,25,20,18,24,8,5,7,4,34,14,11,3,6,39,12,9,10,8
S01009671,201,65,65,38,33,130,46,42,26,16,71,19,23,12,17,18,4,6,4,4,22,7,9,3,3,31,8,8,5,10
S01009672,261,31,53,92,85,164,19,27,61,57,97,12,26,31,28,41,4,14,11,12,30,4,6,12,8,26,4,6,8,8
S01009673,249,50,83,66,50,160,32,56,40,32,89,18,27,26,18,29,7,8,7,7,37,6,14,9,8,23,5,5,10,3
S01009674,268,89,71,71,37,175,55,45,49,26,93,34,26,22,11,33,11,8,10,4,35,12,12,8,3,25,11,6,4,4
S01009675,262,74,85,65,38,167,48,53,42,24,95,26,32,23,14,26,5,5,9,7,28,6,9,11,2,41,15,18,3,5
S01009676,246,55,66,77,48,148,32,38,47,31,98,23,28,30,17,35,8,8,11,8,31,8,7,8,8,32,7,13,11,1
S01009677,193,58,50,59,26,122,37,35,33,17,71,21,15,26,9,25,8,2,13,2,25,8,5,8,4,21,5,8,5,3
S01009678,173,20,49,57,47,118,11,29,42,36,55,9,20,15,11,24,4,8,6,6,11,3,3,2,3,20,2,9,7,2
S01009679,320,46,106,77,91,216,29,75,47,65,104,17,31,30,26,37,6,9,10,12,35,9,10,11,5,32,2,12,9,9
S01009680,249,35,72,72,70,150,22,46,42,40,99,13,26,30,30,44,5,11,14,14,26,2,6,12,6,29,6,9,4,10
S01009681,204,30,62,56,56,141,19,44,39,39,63,11,18,17,17,17,5,4,2,6,22,3,6,7,6,24,3,8,8,5
S01009682,190,50,77,33,30,120,31,47,23,19,70,19,30,10,11,33,12,9,5,7,24,6,11,3,4,13,1,10,2,0
S01009683,220,81,69,37,33,149,52,46,24,27,71,29,23,13,6,25,13,5,3,4,23,8,9,5,1,23,8,9,5,1
S01009684,316,108,101,69,38,162,52,47,38,25,154,56,54,31,13,47,21,15,7,4,51,18,19,10,4,56,17,20,14,5
S01009685,199,36,44,75,44,127,23,33,46,25,72,13,11,29,19,36,5,5,16,10,18,4,5,6,3,18,4,1,7,6
S01009686,395,78,114,90,113,254,52,79,55,68,141,26,35,35,45,60,13,11,18,18,39,4,15,10,10,42,9,9,7,17
S01009687,215,28,85,55,47,113,13,44,33,23,102,15,41,22,24,46,7,20,13,6,32,3,12,7,10,24,5,9,2,8
S01009688,346,19,94,87,146,206,12,65,45,84,140,7,29,42,62,69,2,8,23,36,43,3,14,10,16,28,2,7,9,10
S01009689,249,56,69,50,74,180,41,50,37,52,69,15,19,13,22,32,7,8,7,10,11,3,3,1,4,26,5,8,5,8
S01009690,265,63,70,62,70,188,45,49,40,54,77,18,21,22,16,34,8,10,9,7,19,5,6,6,2,24,5,5,7,7
S01009691,161,50,67,25,19,87,28,37,13,9,74,22,30,12,10,22,10,5,4,3,28,3,16,5,4,24,9,9,3,3
S01009692,280,75,103,58,44,186,52,68,36,30,94,23,35,22,14,27,6,12,4,5,38,7,12,13,6,29,10,11,5,3
S01009693,162,45,63,35,19,85,22,32,19,12,77,23,31,16,7,25,4,15,5,1,29,8,10,8,3,23,11,6,3,3
S01009694,255,86,85,48,36,162,53,50,33,26,93,33,35,15,10,21,16,2,1,2,31,8,15,5,3,41,9,18,9,5
S01009695,179,60,62,33,24,111,40,37,19,15,68,20,25,14,9,20,5,9,5,1,26,9,7,5,5,22,6,9,4,3
S01009696,280,104,84,49,43,172,67,54,21,30,108,37,30,28,13,34,10,7,13,4,38,16,9,6,7,36,11,14,9,2
S01009697,200,73,59,48,20,135,50,40,32,13,65,23,19,16,7,25,9,5,6,5,27,11,8,7,1,13,3,6,3,1
S01009698,183,64,58,42,19,122,42,41,27,12,61,22,17,15,7,13,4,4,3,2,23,5,9,6,3,25,13,4,6,2
S01009699,123,38,29,24,32,90,28,23,17,22,33,10,6,7,10,10,3,0,2,5,17,4,6,3,4,6,3,0,2,1
S01009700,188,33,55,64,36,130,24,39,43,24,58,9,16,21,12,18,2,4,8,4,21,5,6,7,3,19,2,6,6,5
S01009701,100,32,30,22,16,72,27,21,13,11,28,5,9,9,5,8,1,3,2,2,12,4,3,4,1,8,0,3,3,2
S01009702,185,54,44,56,31,114,30,31,35,18,71,24,13,21,13,15,5,0,7,3,28,11,6,8,3,28,8,7,6,7
S01009703,172,27,55,45,45,115,16,36,30,33,57,11,19,15,12,19,4,7,3,5,15,3,0,9,3,23,4,12,3,4
S01009704,282,52,90,75,65,180,36,55,49,40,102,16,35,26,25,32,6,11,8,7,41,5,14,13,9,29,5,10,5,9
S01009705,247,31,63,90,63,173,20,49,61,43,74,11,14,29,20,25,3,4,12,6,27,3,7,7,10,22,5,3,10,4
S01009706,188,34,47,61,46,119,23,29,38,29,69,11,18,23,17,22,5,7,6,4,30,6,7,8,9,17,0,4,9,4
S01009707,162,47,53,36,26,111,34,34,22,21,51,13,19,14,5,15,6,4,3,2,16,5,5,5,1,20,2,10,6,2
S01009708,173,41,51,47,34,113,30,33,28,22,60,11,18,19,12,15,2,5,6,2,25,5,8,9,3,20,4,5,4,7
S01009709,247,48,70,76,53,181,32,49,58,42,66,16,21,18,11,26,6,9,7,4,26,6,7,9,4,14,4,5,2,3
S01009710,189,35,58,59,37,113,19,35,32,27,76,16,23,27,10,28,7,6,11,4,22,5,7,7,3,26,4,10,9,3
S01009711,230,24,75,66,65,140,16,48,37,39,90,8,27,29,26,32,2,10,10,10,29,5,10,10,4,29,1,7,9,12
S01009712,189,44,51,48,46,128,31,32,29,36,61,13,19,19,10,18,4,3,9,2,24,5,10,5,4,19,4,6,5,4
S01009713,247,58,69,72,48,169,37,50,46,36,78,21,19,26,12,21,5,4,7,5,24,7,8,5,4,33,9,7,14,3
S01009714,248,78,75,53,42,167,53,51,31,32,81,25,24,22,10,29,8,7,9,5,23,7,7,7,2,29,10,10,6,3
S01009715,234,78,47,69,40,181,56,43,49,33,53,22,4,20,7,19,8,1,8,2,13,4,0,6,3,21,10,3,6,2
S01009716,180,68,63,26,23,132,50,49,19,14,48,18,14,7,9,20,10,5,3,2,15,3,5,2,5,13,5,4,2,2
S01009717,247,33,106,39,69,179,26,87,24,42,68,7,19,15,27,28,3,4,8,13,23,4,9,5,5,17,0,6,2,9
S01009718,238,33,84,51,70,163,23,66,31,43,75,10,18,20,27,30,3,8,11,8,30,4,8,4,14,15,3,2,5,5
S01009719,223,33,62,58,70,158,28,45,35,50,65,5,17,23,20,25,2,7,10,6,19,3,4,6,6,21,0,6,7,8
S01009720,234,40,79,48,67,175,27,68,31,49,59,13,11,17,18,30,11,1,10,8,14,2,4,3,5,15,0,6,4,5
S01009721,206,22,168,5,11,194,21,164,3,6,12,1,4,2,5,3,0,2,0,1,6,0,1,1,4,3,1,1,1,0
S01009722,297,49,213,13,22,284,46,208,11,19,13,3,5,2,3,6,2,2,2,0,2,0,1,0,1,5,1,2,0,2
S01009723,223,27,167,10,19,212,24,162,9,17,11,3,5,1,2,8,2,4,0,2,1,0,0,1,0,2,1,1,0,0
S01009724,370,53,182,50,85,307,48,164,33,62,63,5,18,17,23,21,0,6,5,10,24,5,10,2,7,18,0,2,10,6
S01009725,199,28,145,9,17,179,22,139,3,15,20,6,6,6,2,4,1,2,1,0,5,2,0,2,1,11,3,4,3,1
S01009726,177,22,146,4,5,165,19,139,3,4,12,3,7,1,1,1,0,1,0,0,6,2,3,0,1,5,1,3,1,0
S01009727,259,83,98,39,39,147,45,67,17,18,112,38,31,22,21,30,8,6,11,5,49,17,14,9,9,33,13,11,2,7
S01009728,216,103,71,23,19,149,73,54,11,11,67,30,17,12,8,18,9,3,4,2,23,9,7,4,3,26,12,7,4,3
S01009729,149,67,54,17,11,103,48,37,10,8,46,19,17,7,3,9,3,3,2,1,19,7,6,4,2,18,9,8,1,0
S01009730,184,42,75,31,36,138,36,61,16,25,46,6,14,15,11,20,3,5,7,5,15,2,5,3,5,11,1,4,5,1
S01009731,128,53,59,8,8,92,35,45,5,7,36,18,14,3,1,11,7,3,1,0,17,8,6,2,1,8,3,5,0,0
S01009732,243,59,146,13,25,204,45,133,9,17,39,14,13,4,8,13,7,1,0,5,14,2,10,0,2,12,5,2,4,1
S01009733,159,65,38,29,27,115,40,30,24,21,44,25,8,5,6,9,5,2,0,2,14,7,5,1,1,21,13,1,4,3
S01009734,266,106,85,47,28,166,61,55,30,20,100,45,30,17,8,31,12,11,6,2,31,15,9,5,2,38,18,10,6,4
S01009735,178,100,63,10,5,119,64,44,7,4,59,36,19,3,1,14,6,8,0,0,30,19,8,2,1,15,11,3,1,0
S01009736,212,39,157,9,7,199,30,154,8,7,13,9,3,1,0,4,1,2,1,0,4,3,1,0,0,5,5,0,0,0
S01009737,252,16,147,38,51,141,9,79,21,32,111,7,68,17,19,55,2,42,6,5,29,1,16,6,6,27,4,10,5,8
S01009738,167,30,68,30,39,129,22,55,21,31,38,8,13,9,8,20,2,8,8,2,7,4,2,1,0,11,2,3,0,6
S01009739,259,69,134,28,28,135,34,68,13,20,124,35,66,15,8,49,18,26,4,1,42,12,23,2,5,33,5,17,9,2
S01009740,172,14,64,42,52,99,9,31,26,33,73,5,33,16,19,23,1,8,5,9,23,1,12,6,4,27,3,13,5,6
S01009741,152,6,121,11,14,32,3,16,5,8,120,3,105,6,6,74,0,70,4,0,28,1,21,2,4,18,2,14,0,2
S01009742,151,65,46,22,18,100,38,36,14,12,51,27,10,8,6,15,5,2,6,2,16,9,3,2,2,20,13,5,0,2
S01009743,273,84,93,61,35,169,60,57,33,19,104,24,36,28,16,40,10,9,14,7,27,7,11,4,5,37,7,16,10,4
S01009744,214,60,81,47,26,146,43,54,28,21,68,17,27,19,5,25,7,9,6,3,18,5,9,4,0,25,5,9,9,2
S01009745,318,85,120,71,42,174,40,72,33,29,144,45,48,38,13,44,12,14,16,2,57,21,17,13,6,43,12,17,9,5
S01009746,187,66,49,48,24,125,38,39,31,17,62,28,10,17,7,21,9,1,10,1,19,8,5,4,2,22,11,4,3,4
S01009747,258,54,91,47,66,186,45,65,31,45,72,9,26,16,21,32,4,13,8,7,22,1,9,4,8,18,4,4,4,6
S01009748,215,73,79,33,30,137,45,45,24,23,78,28,34,9,7,26,8,13,2,3,26,10,10,3,3,26,10,11,4,1
S01009749,291,95,93,53,50,190,64,60,32,34,101,31,33,21,16,27,10,7,5,5,36,14,11,6,5,38,7,15,10,6
S01009750,216,30,82,48,56,131,25,49,23,34,85,5,33,25,22,34,3,11,10,10,31,2,15,10,4,20,0,7,5,8
S01009751,270,43,85,56,86,180,26,61,38,55,90,17,24,18,31,35,9,9,3,14,32,4,11,8,9,23,4,4,7,8
S01009752,170,98,53,11,8,106,64,30,7,5,64,34,23,4,3,26,11,12,3,0,24,15,6,1,2,14,8,5,0,1
S01009753,181,76,52,28,25,107,43,32,16,16,74,33,20,12,9,25,9,5,7,4,27,15,8,2,2,22,9,7,3,3
S01009754,269,99,75,58,37,176,62,48,42,24,93,37,27,16,13,35,10,13,5,7,20,7,4,4,5,38,20,10,7,1
S01009755,211,83,76,33,19,121,46,44,21,10,90,37,32,12,9,28,12,9,6,1,30,11,11,3,5,32,14,12,3,3
S01009756,220,89,72,26,33,132,50,48,13,21,88,39,24,13,12,23,9,3,6,5,33,17,10,5,1,32,13,11,2,6
S01009757,189,97,46,34,12,105,49,29,20,7,84,48,17,14,5,21,13,3,4,1,29,17,8,3,1,34,18,6,7,3
S01009758,207,43,86,37,41,142,28,65,22,27,65,15,21,15,14,20,5,7,4,4,22,3,8,6,5,23,7,6,5,5
S01009759,376,6,71,75,224,201,4,39,45,113,175,2,32,30,111,81,1,14,15,51,53,0,7,11,35,41,1,11,4,25
S01009760,315,14,75,66,160,175,6,45,37,87,140,8,30,29,73,62,2,14,13,33,49,3,9,9,28,29,3,7,7,12
S01009761,299,43,101,69,86,190,25,73,43,49,109,18,28,26,37,24,4,6,4,10,41,6,11,9,15,44,8,11,13,12
S01009762,354,7,75,70,202,217,3,52,44,118,137,4,23,26,84,58,2,9,10,37,45,2,8,9,26,34,0,6,7,21
S01009763,235,88,75,33,39,120,40,37,24,19,115,48,38,9,20,45,24,14,1,6,37,17,7,5,8,33,7,17,3,6
S01009764,256,14,67,52,123,140,7,28,30,75,116,7,39,22,48,44,2,19,6,17,49,3,16,11,19,23,2,4,5,12
S01009765,303,27,110,72,94,148,11,46,42,49,155,16,64,30,45,54,6,23,9,16,62,6,25,14,17,39,4,16,7,12
S01009766,201,23,75,63,40,112,14,41,34,23,89,9,34,29,17,30,4,14,7,5,28,3,10,9,6,31,2,10,13,6
S01009767,176,10,45,38,83,118,6,31,25,56,58,4,14,13,27,20,2,6,4,8,22,2,5,5,10,16,0,3,4,9
S01009768,258,25,69,62,102,147,7,36,37,67,111,18,33,25,35,63,17,19,10,17,23,0,8,8,7,25,1,6,7,11
S01009769,241,39,82,48,72,142,29,46,30,37,99,10,36,18,35,53,6,19,7,21,23,1,9,7,6,23,3,8,4,8
S01009770,217,29,76,54,58,113,15,43,26,29,104,14,33,28,29,34,5,13,8,8,29,2,8,10,9,41,7,12,10,12
S01009771,258,43,97,48,70,119,21,47,23,28,139,22,50,25,42,41,8,15,5,13,54,7,17,12,18,44,7,18,8,11
S01009772,231,32,88,52,59,132,17,52,31,32,99,15,36,21,27,45,7,17,6,15,23,6,5,4,8,31,2,14,11,4
S01009773,173,39,71,35,28,64,9,34,17,4,109,30,37,18,24,55,17,22,6,10,35,8,11,8,8,19,5,4,4,6
S01009774,149,44,52,26,27,32,8,15,5,4,117,36,37,21,23,70,28,21,12,9,29,7,11,4,7,18,1,5,5,7
S01009775,257,8,69,47,133,165,4,49,29,83,92,4,20,18,50,29,0,9,5,15,30,0,6,3,21,33,4,5,10,14
S01009776,269,3,49,53,164,146,2,26,31,87,123,1,23,22,77,51,0,13,5,33,46,0,8,10,28,26,1,2,7,16
S01009777,222,12,70,47,93,149,6,50,36,57,73,6,20,11,36,37,4,8,7,18,19,1,8,3,7,17,1,4,1,11
S01009778,243,6,43,55,139,168,4,34,40,90,75,2,9,15,49,26,1,4,2,19,27,1,1,7,18,22,0,4,6,12
S01009779,182,3,49,42,88,107,2,31,29,45,75,1,18,13,43,23,0,7,3,13,35,0,8,5,22,17,1,3,5,8
S01009780,198,2,32,39,125,95,1,13,23,58,103,1,19,16,67,48,1,9,7,31,22,0,1,3,18,33,0,9,6,18
S01009781,160,2,37,29,92,88,2,22,20,44,72,0,15,9,48,25,0,4,2,19,31,0,6,2,23,16,0,5,5,6
S01009782,193,23,50,33,87,82,10,24,12,36,111,13,26,21,51,57,9,17,13,18,34,3,8,3,20,20,1,1,5,13
S01009783,263,7,63,52,141,148,2,36,30,80,115,5,27,22,61,49,3,18,9,19,42,2,5,10,25,24,0,4,3,17
S01009784,240,10,66,48,116,131,6,41,25,59,109,4,25,23,57,31,2,7,3,19,36,0,8,12,16,42,2,10,8,22
S01009785,245,8,41,43,153,149,6,25,28,90,96,2,16,15,63,33,1,7,7,18,29,1,7,4,17,34,0,2,4,28
S01009786,333,12,64,62,195,188,7,35,41,105,145,5,29,21,90,40,2,9,7,22,62,3,11,9,39,43,0,9,5,29
S01009787,253,8,52,52,141,146,6,25,37,78,107,2,27,15,63,30,2,7,7,14,51,0,15,4,32,26,0,5,4,17
S01009788,230,16,68,63,83,139,10,45,39,45,91,6,23,24,38,23,2,8,2,11,29,2,8,9,10,39,2,7,13,17
S01009789,257,16,71,60,110,160,11,52,38,59,97,5,19,22,51,39,3,8,7,21,33,1,6,7,19,25,1,5,8,11
S01009790,176,14,46,44,72,101,7,30,30,34,75,7,16,14,38,18,1,5,2,10,31,3,8,5,15,26,3,3,7,13
S01009791,201,10,48,41,102,114,7,28,26,53,87,3,20,15,49,28,0,11,4,13,37,3,9,2,23,22,0,0,9,13
S01009792,305,88,118,47,52,161,51,60,27,23,144,37,58,20,29,54,19,20,4,11,55,12,25,11,7,35,6,13,5,11
S01009793,294,41,118,66,69,206,28,83,46,49,88,13,35,20,20,39,9,16,7,7,24,3,8,3,10,25,1,11,10,3
S01009794,181,43,74,40,24,97,27,37,19,14,84,16,37,21,10,30,6,16,3,5,36,10,13,9,4,18,0,8,9,1
S01009795,261,76,105,53,27,138,32,59,31,16,123,44,46,22,11,35,15,14,4,2,55,18,21,13,3,33,11,11,5,6
S01009796,216,50,73,57,36,128,23,44,38,23,88,27,29,19,13,47,20,12,8,7,21,0,7,8,6,20,7,10,3,0
S01009797,240,45,96,56,43,139,24,60,29,26,101,21,36,27,17,38,7,14,11,6,34,10,10,7,7,29,4,12,9,4
S01009798,222,57,81,54,30,102,28,36,21,17,120,29,45,33,13,34,9,10,12,3,38,11,15,9,3,48,9,20,12,7
S01009799,262,8,47,73,134,147,4,28,42,73,115,4,19,31,61,41,1,9,15,16,37,2,4,7,24,37,1,6,9,21
S01009800,340,18,95,72,155,175,13,52,45,65,165,5,43,27,90,58,1,18,9,30,58,2,14,7,35,49,2,11,11,25
S01009801,257,15,56,60,126,137,6,31,26,74,120,9,25,34,52,37,4,11,10,12,48,3,6,13,26,35,2,8,11,14
S01009802,357,27,103,81,146,192,14,60,36,82,165,13,43,45,64,59,7,16,18,18,58,4,17,12,25,48,2,10,15,21
S01009803,254,8,83,48,115,149,6,56,32,55,105,2,27,16,60,37,0,6,7,24,34,1,11,3,19,34,1,10,6,17
S01009804,188,65,67,30,26,138,49,50,21,18,50,16,17,9,8,34,13,12,4,5,4,0,1,2,1,12,3,4,3,2
S01009805,285,23,86,50,126,150,10,45,24,71,135,13,41,26,55,48,4,11,12,21,40,3,11,6,20,47,6,19,8,14
S01009806,285,25,91,67,102,203,19,69,45,70,82,6,22,22,32,38,2,10,11,15,22,3,5,4,10,22,1,7,7,7
S01009807,355,22,96,85,152,212,15,61,50,86,143,7,35,35,66,63,3,12,15,33,41,0,14,9,18,39,4,9,11,15
S01009808,376,17,100,59,200,229,14,61,42,112,147,3,39,17,88,79,3,22,7,47,30,0,8,4,18,38,0,9,6,23
S01009809,263,22,90,54,97,177,15,61,37,64,86,7,29,17,33,40,4,14,6,16,24,1,8,5,10,22,2,7,6,7
S01009810,332,18,97,71,146,215,9,62,54,90,117,9,35,17,56,60,3,16,12,29,27,5,10,2,10,30,1,9,3,17
S01009811,350,17,96,83,154,242,13,64,56,109,108,4,32,27,45,40,2,15,8,15,39,0,10,10,19,29,2,7,9,11
S01009812,245,22,67,64,92,165,22,46,39,58,80,0,21,25,34,35,0,8,9,18,25,0,5,9,11,20,0,8,7,5
S01009813,241,10,44,44,143,139,5,23,26,85,102,5,21,18,58,43,3,10,4,26,30,1,7,6,16,29,1,4,8,16
S01009814,242,45,85,43,69,142,22,53,30,37,100,23,32,13,32,33,9,9,4,11,33,7,9,3,14,34,7,14,6,7
S01009815,267,29,110,60,68,173,16,73,41,43,94,13,37,19,25,34,6,14,9,5,31,5,13,1,12,29,2,10,9,8
S01009816,262,38,86,69,69,164,26,50,43,45,98,12,36,26,24,30,4,13,7,6,32,5,10,6,11,36,3,13,13,7
S01009817,213,21,70,41,81,140,15,46,26,53,73,6,24,15,28,18,3,8,3,4,26,3,6,6,11,29,0,10,6,13
S01009818,224,58,93,42,31,165,44,65,32,24,59,14,28,10,7,17,5,8,3,1,20,6,9,3,2,22,3,11,4,4
S01009819,185,46,52,42,45,128,27,28,37,36,57,19,24,5,9,22,6,9,1,6,23,9,10,3,1,12,4,5,1,2
S01009820,287,51,102,59,75,181,31,64,39,47,106,20,38,20,28,34,6,9,8,11,41,8,16,6,11,31,6,13,6,6
S01009821,174,48,55,31,40,83,20,28,19,16,91,28,27,12,24,33,14,7,4,8,31,8,9,4,10,27,6,11,4,6
S01009822,146,13,49,33,51,76,6,20,23,27,70,7,29,10,24,33,3,13,6,11,23,3,9,1,10,14,1,7,3,3
S01009823,220,7,60,52,101,136,6,42,30,58,84,1,18,22,43,35,0,5,4,26,27,0,6,12,9,22,1,7,6,8
S01009824,269,14,71,73,111,135,6,35,35,59,134,8,36,38,52,63,3,21,18,21,47,5,12,12,18,24,0,3,8,13
S01009825,339,24,93,62,160,207,10,58,39,100,132,14,35,23,60,49,8,11,11,19,42,1,9,8,24,41,5,15,4,17
S01009826,166,5,47,40,74,94,1,30,21,42,72,4,17,19,32,25,0,6,9,10,29,2,6,7,14,18,2,5,3,8
S01009827,259,13,58,63,125,149,7,37,31,74,110,6,21,32,51,44,2,6,17,19,35,3,8,6,18,31,1,7,9,14
S01009828,242,8,57,59,118,164,6,35,43,80,78,2,22,16,38,31,2,9,6,14,27,0,8,6,13,20,0,5,4,11
S01009829,400,41,137,81,141,275,32,89,58,96,125,9,48,23,45,69,7,24,15,23,32,1,13,5,13,24,1,11,3,9
S01009830,252,15,91,51,95,143,11,50,31,51,109,4,41,20,44,49,4,18,8,19,29,0,12,4,13,31,0,11,8,12
S01009831,255,24,101,59,71,136,20,55,34,27,119,4,46,25,44,44,1,21,5,17,45,2,13,12,18,30,1,12,8,9
S01009832,321,49,109,66,97,202,29,67,45,61,119,20,42,21,36,46,8,19,4,15,42,7,14,6,15,31,5,9,11,6
S01009833,201,23,82,46,50,137,20,53,31,33,64,3,29,15,17,22,0,10,4,8,26,2,14,7,3,16,1,5,4,6
S01009834,335,26,104,58,147,195,11,66,33,85,140,15,38,25,62,59,10,22,9,18,54,3,9,11,31,27,2,7,5,13
S01009835,192,4,50,31,107,112,3,24,21,64,80,1,26,10,43,32,0,12,2,18,30,1,9,4,16,18,0,5,4,9
S01009836,296,32,95,71,98,194,15,61,44,74,102,17,34,27,24,34,4,8,14,8,29,2,10,7,10,39,11,16,6,6
S01009837,233,7,70,53,103,172,6,46,40,80,61,1,24,13,23,29,1,11,5,12,12,0,5,3,4,20,0,8,5,7
S01009838,310,25,91,65,129,220,21,68,56,75,90,4,23,9,54,29,2,9,3,15,40,1,9,4,26,21,1,5,2,13
S01009839,550,30,164,99,257,428,24,140,81,183,122,6,24,18,74,68,3,16,9,40,28,1,5,3,19,26,2,3,6,15
S01009840,294,21,82,72,119,214,15,59,53,87,80,6,23,19,32,27,6,6,8,7,32,0,12,2,18,21,0,5,9,7
S01009841,404,21,151,54,178,305,18,125,36,126,99,3,26,18,52,43,1,13,8,21,25,0,7,4,14,31,2,6,6,17
S01009842,310,20,83,55,152,210,10,65,38,97,100,10,18,17,55,45,3,5,9,28,28,4,6,2,16,27,3,7,6,11
S01009843,242,8,48,42,144,163,5,30,30,98,79,3,18,12,46,30,2,7,7,14,30,1,8,3,18,19,0,3,2,14
S01009844,283,12,63,52,156,220,11,51,42,116,63,1,12,10,40,27,0,4,4,19,22,0,6,2,14,14,1,2,4,7
S01009845,419,23,108,75,213,322,20,89,59,154,97,3,19,16,59,57,0,11,12,34,24,3,5,4,12,16,0,3,0,13
S01009846,395,20,113,76,186,290,17,90,59,124,105,3,23,17,62,50,2,12,8,28,32,1,8,2,21,23,0,3,7,13
S01009847,289,12,83,64,130,191,9,62,39,81,98,3,21,25,49,48,0,12,15,21,33,3,7,7,16,17,0,2,3,12
S01009848,279,15,63,79,122,186,8,42,55,81,93,7,21,24,41,30,3,4,12,11,36,2,11,7,16,27,2,6,5,14
S01009849,267,35,87,49,96,206,27,67,37,75,61,8,20,12,21,24,5,7,6,6,24,3,7,3,11,13,0,6,3,4
S01009850,312,37,107,67,101,240,30,85,50,75,72,7,22,17,26,25,3,8,6,8,29,2,8,7,12,18,2,6,4,6
S01009851,273,24,74,65,110,206,19,54,49,84,67,5,20,16,26,20,2,7,5,6,16,1,3,4,8,31,2,10,7,12
S01009852,147,30,50,34,33,81,18,26,19,18,66,12,24,15,15,20,4,6,6,4,27,4,10,5,8,19,4,8,4,3
S01009853,273,41,98,56,78,166,26,58,31,51,107,15,40,25,27,46,9,16,11,10,31,3,12,6,10,30,3,12,8,7
S01009854,316,35,84,55,142,186,17,42,31,96,130,18,42,24,46,67,12,28,10,17,36,4,10,10,12,27,2,4,4,17
S01009855,176,39,62,37,38,119,25,39,27,28,57,14,23,10,10,23,6,10,3,4,13,3,6,2,2,21,5,7,5,4
S01009856,189,37,61,34,57,128,30,39,20,39,61,7,22,14,18,22,1,8,8,5,17,2,4,2,9,22,4,10,4,4
S01009857,237,39,86,50,62,125,13,52,24,36,112,26,34,26,26,42,10,12,8,12,37,9,10,8,10,33,7,12,10,4
S01009858,223,20,86,42,75,134,13,50,30,41,89,7,36,12,34,29,4,14,3,8,26,2,9,4,11,34,1,13,5,15
S01009859,432,26,104,71,231,331,19,82,56,174,101,7,22,15,57,40,2,15,3,20,29,1,4,6,18,32,4,3,6,19
S01009860,340,21,78,68,173,260,19,60,55,126,80,2,18,13,47,27,0,10,2,15,31,1,4,4,22,22,1,4,7,10
S01009861,444,34,113,70,227,319,28,95,50,146,125,6,18,20,81,57,4,6,6,41,38,0,8,8,22,30,2,4,6,18
S01009862,540,38,178,91,233,434,31,150,70,183,106,7,28,21,50,47,2,12,11,22,35,4,10,5,16,24,1,6,5,12
S01009863,414,44,116,89,165,334,32,95,79,128,80,12,21,10,37,39,7,7,3,22,28,3,12,4,9,13,2,2,3,6
S01009864,276,43,94,37,102,230,37,85,35,73,46,6,9,2,29,22,3,5,1,13,17,3,2,1,11,7,0,2,0,5
S01009865,211,26,78,33,74,172,24,67,25,56,39,2,11,8,18,15,1,5,4,5,10,1,3,1,5,14,0,3,3,8
S01009866,354,45,132,71,106,272,37,111,52,72,82,8,21,19,34,31,4,8,5,14,26,2,6,8,10,25,2,7,6,10
S01009867,501,147,214,62,78,449,141,196,49,63,52,6,18,13,15,18,2,9,2,5,15,0,6,6,3,19,4,3,5,7
S01009868,284,58,114,44,68,235,47,101,37,50,49,11,13,7,18,33,10,9,5,9,8,0,3,1,4,8,1,1,1,5
S01009869,247,41,103,37,66,198,34,86,31,47,49,7,17,6,19,29,5,9,4,11,13,2,6,1,4,7,0,2,1,4
S01009870,240,30,83,34,93,178,27,65,27,59,62,3,18,7,34,27,3,6,4,14,21,0,3,3,15,14,0,9,0,5
S01009871,402,73,126,55,148,319,49,111,40,119,83,24,15,15,29,37,13,6,7,11,27,7,7,3,10,19,4,2,5,8
S01009872,325,49,141,51,84,261,44,123,45,49,64,5,18,6,35,35,4,9,2,20,21,1,7,3,10,8,0,2,1,5
S01009873,292,89,95,40,68,213,51,76,29,57,79,38,19,11,11,23,11,7,3,2,32,18,7,5,2,24,9,5,3,7
S01009874,368,76,121,53,118,243,46,83,37,77,125,30,38,16,41,55,12,13,9,21,46,11,16,3,16,24,7,9,4,4
S01009875,281,39,101,32,109,187,24,75,23,65,94,15,26,9,44,58,13,14,8,23,25,2,6,1,16,11,0,6,0,5
S01009876,290,27,82,30,151,170,21,56,17,76,120,6,26,13,75,47,4,4,9,30,43,1,11,2,29,30,1,11,2,16
S01009877,258,126,82,13,37,171,82,58,11,20,87,44,24,2,17,39,21,9,0,9,23,10,7,1,5,25,13,8,1,3
S01009878,212,39,71,28,74,134,27,51,16,40,78,12,20,12,34,32,8,8,4,12,32,3,7,6,16,14,1,5,2,6
S01009879,257,143,79,20,15,156,81,57,12,6,101,62,22,8,9,26,18,4,2,2,44,30,7,2,5,31,14,11,4,2
S01009880,204,72,78,10,44,103,39,42,4,18,101,33,36,6,26,53,15,22,2,14,24,6,8,3,7,24,12,6,1,5
S01009881,166,27,61,17,61,107,22,45,8,32,59,5,16,9,29,33,2,9,5,17,13,0,4,2,7,13,3,3,2,5
S01009882,590,166,239,72,113,491,149,207,63,72,99,17,32,9,41,72,15,23,6,28,15,2,5,2,6,12,0,4,1,7
S01009883,256,59,76,27,94,153,43,58,18,34,103,16,18,9,60,69,10,15,6,38,21,3,3,2,13,13,3,0,1,9
S01009884,288,74,99,29,86,187,56,67,20,44,101,18,32,9,42,48,13,15,6,14,34,5,12,2,15,19,0,5,1,13
S01009885,222,57,79,14,72,107,32,50,5,20,115,25,29,9,52,60,17,14,5,24,21,2,8,1,10,34,6,7,3,18
S01009886,209,50,75,23,61,125,31,44,10,40,84,19,31,13,21,39,12,12,6,9,25,3,13,4,5,20,4,6,3,7
S01009887,440,58,152,60,170,340,51,116,50,123,100,7,36,10,47,56,4,20,2,30,26,3,9,5,9,18,0,7,3,8
S01009888,251,35,88,35,93,157,26,56,18,57,94,9,32,17,36,47,7,17,6,17,29,0,7,10,12,18,2,8,1,7
S01009889,309,44,116,33,116,219,38,88,24,69,90,6,28,9,47,38,3,12,2,21,32,2,11,4,15,20,1,5,3,11
S01009890,251,28,65,34,124,178,22,52,25,79,73,6,13,9,45,39,3,4,3,29,19,3,5,2,9,15,0,4,4,7
S01009891,342,53,133,58,98,286,44,118,51,73,56,9,15,7,25,35,7,7,6,15,13,1,6,0,6,8,1,2,1,4
S01009892,397,39,122,54,182,331,33,116,38,144,66,6,6,16,38,29,3,3,8,15,17,3,1,2,11,20,0,2,6,12
S01009893,372,63,143,59,107,289,54,123,49,63,83,9,20,10,44,49,5,11,4,29,23,3,4,4,12,11,1,5,2,3
S01009894,372,31,122,55,164,282,27,96,41,118,90,4,26,14,46,42,3,9,7,23,26,0,11,3,12,22,1,6,4,11
S01009895,352,31,111,46,164,284,26,89,42,127,68,5,22,4,37,29,2,5,2,20,21,1,10,2,8,18,2,7,0,9
S01009896,388,27,98,63,200,277,21,75,45,136,111,6,23,18,64,49,5,11,6,27,28,0,7,6,15,34,1,5,6,22
S01009897,358,50,130,55,123,279,42,96,45,96,79,8,34,10,27,34,4,18,3,9,29,2,10,5,12,16,2,6,2,6
S01009898,181,15,50,34,82,103,7,31,19,46,78,8,19,15,36,34,7,9,4,14,20,1,3,4,12,24,0,7,7,10
S01009899,384,105,156,49,74,319,90,136,42,51,65,15,20,7,23,36,10,10,5,11,17,4,6,1,6,12,1,4,1,6
S01009900,465,171,191,42,61,399,158,160,36,45,66,13,31,6,16,36,8,17,5,6,18,4,7,1,6,12,1,7,0,4
S01009901,414,151,164,54,45,331,126,136,43,26,83,25,28,11,19,42,12,19,3,8,22,9,7,1,5,19,4,2,7,6
S01009902,302,42,99,57,104,229,25,81,41,82,73,17,18,16,22,35,14,5,8,8,15,3,5,2,5,23,0,8,6,9
S01009903,249,84,84,22,59,161,52,61,14,34,88,32,23,8,25,43,13,13,4,13,28,10,7,3,8,17,9,3,1,4
S01009904,356,122,155,19,60,299,109,126,16,48,57,13,29,3,12,25,8,12,1,4,24,3,13,2,6,8,2,4,0,2
S01009905,341,75,135,34,97,266,60,117,27,62,75,15,18,7,35,49,14,10,6,19,15,1,5,1,8,11,0,3,0,8
S01009906,305,79,116,40,70,244,66,101,34,43,61,13,15,6,27,38,7,8,5,18,16,5,6,0,5,7,1,1,1,4
S01009907,551,80,267,59,145,511,75,250,50,136,40,5,17,9,9,18,3,7,5,3,11,1,3,3,4,11,1,7,1,2
S01009908,450,164,163,47,76,344,121,132,38,53,106,43,31,9,23,51,23,17,1,10,32,14,8,4,6,23,6,6,4,7
S01009909,429,132,181,54,62,376,115,168,44,49,53,17,13,10,13,37,16,9,5,7,10,1,1,2,6,6,0,3,3,0
S01009910,261,80,107,20,54,215,69,93,19,34,46,11,14,1,20,28,7,8,1,12,12,2,4,0,6,6,2,2,0,2
S01009911,343,142,123,42,36,234,87,92,29,26,109,55,31,13,10,58,30,17,6,5,29,13,7,5,4,22,12,7,2,1
S01009912,254,119,84,32,19,154,71,55,20,8,100,48,29,12,11,35,14,10,3,8,36,16,13,5,2,29,18,6,4,1
S01009913,197,84,77,19,17,115,53,45,11,6,82,31,32,8,11,26,10,10,4,2,24,10,9,1,4,32,11,13,3,5
S01009914,281,139,91,20,31,183,92,57,17,17,98,47,34,3,14,35,19,9,1,6,27,16,8,1,2,36,12,17,1,6
S01009915,303,147,109,15,32,223,112,85,11,15,80,35,24,4,17,28,19,5,1,3,24,10,6,1,7,28,6,13,2,7
S01009916,227,78,70,28,51,112,38,40,16,18,115,40,30,12,33,45,17,12,5,11,29,12,9,5,3,41,11,9,2,19
S01009917,257,132,78,18,29,182,93,62,15,12,75,39,16,3,17,39,21,8,2,8,21,10,3,1,7,15,8,5,0,2
S01009918,217,111,56,23,27,141,72,37,12,20,76,39,19,11,7,23,12,5,3,3,30,18,8,3,1,23,9,6,5,3
S01009919,439,96,184,54,105,341,88,142,40,71,98,8,42,14,34,49,6,18,8,17,25,2,10,1,12,24,0,14,5,5
S01009920,452,187,159,46,60,414,179,144,41,50,38,8,15,5,10,25,6,11,1,7,8,0,3,4,1,5,2,1,0,2
S01009921,359,129,154,31,45,334,121,144,28,41,25,8,10,3,4,15,6,5,2,2,5,1,3,0,1,5,1,2,1,1
S01009922,548,236,201,52,59,487,212,179,45,51,61,24,22,7,8,32,16,8,5,3,13,6,5,2,0,16,2,9,0,5
S01009923,457,117,193,61,86,416,106,180,57,73,41,11,13,4,13,18,8,6,2,2,12,2,4,0,6,11,1,3,2,5
S01009924,505,157,200,58,90,430,140,173,49,68,75,17,27,9,22,37,13,11,3,10,21,4,12,0,5,17,0,4,6,7
S01009925,382,125,169,39,49,344,114,157,36,37,38,11,12,3,12,22,10,8,1,3,13,1,3,2,7,3,0,1,0,2
S01009926,304,107,115,21,61,240,93,92,17,38,64,14,23,4,23,31,9,9,1,12,18,2,8,2,6,15,3,6,1,5
S01009927,206,69,69,29,39,156,44,58,25,29,50,25,11,4,10,27,16,7,0,4,13,7,2,2,2,10,2,2,2,4
S01009928,379,202,119,32,26,309,160,107,23,19,70,42,12,9,7,41,25,8,5,3,17,13,2,2,0,12,4,2,2,4
S01009929,170,73,63,20,14,119,46,49,16,8,51,27,14,4,6,29,18,9,1,1,11,4,2,2,3,11,5,3,1,2
S01009930,403,136,167,46,54,339,109,147,40,43,64,27,20,6,11,36,19,10,2,5,14,5,5,3,1,14,3,5,1,5
S01009931,425,186,161,42,36,382,173,142,38,29,43,13,19,4,7,25,9,10,1,5,5,0,3,1,1,13,4,6,2,1
S01009932,315,111,120,43,41,280,96,111,34,39,35,15,9,9,2,19,9,4,6,0,10,4,3,1,2,6,2,2,2,0
S01009933,454,53,144,65,192,356,43,115,54,144,98,10,29,11,48,51,4,17,4,26,37,5,11,7,14,10,1,1,0,8
S01009934,354,124,130,45,55,246,86,94,31,35,108,38,36,14,20,56,23,20,5,8,30,7,11,5,7,22,8,5,4,5
S01009935,232,24,60,49,99,199,18,50,48,83,33,6,10,1,16,10,3,3,1,3,9,1,2,0,6,14,2,5,0,7
S01009936,313,60,101,48,104,264,49,79,43,93,49,11,22,5,11,22,6,7,1,8,10,2,8,0,0,17,3,7,4,3
S01009937,180,10,45,28,97,104,6,25,21,52,76,4,20,7,45,32,2,8,1,21,30,1,11,3,15,14,1,1,3,9
S01009938,344,47,82,65,150,261,34,63,48,116,83,13,19,17,34,33,6,12,6,9,32,6,6,7,13,18,1,1,4,12
S01009939,476,16,116,57,287,340,12,96,48,184,136,4,20,9,103,70,2,10,3,55,41,2,6,4,29,25,0,4,2,19
S01009940,332,6,65,66,195,220,4,33,53,130,112,2,32,13,65,48,1,14,9,24,36,0,13,4,19,28,1,5,0,22
S01009941,291,47,107,49,88,125,22,45,26,32,166,25,62,23,56,56,16,23,4,13,65,7,24,10,24,45,2,15,9,19
S01009942,363,13,80,53,217,230,8,52,38,132,133,5,28,15,85,41,2,7,4,28,47,3,15,4,25,45,0,6,7,32
S01009943,313,7,66,54,186,188,5,39,32,112,125,2,27,22,74,43,1,11,9,22,56,0,11,7,38,26,1,5,6,14
S01009944,239,32,80,46,81,135,16,47,27,45,104,16,33,19,36,37,7,13,5,12,33,5,9,9,10,34,4,11,5,14
S01009945,358,26,129,57,146,230,12,85,42,91,128,14,44,15,55,47,6,13,7,21,45,4,19,6,16,36,4,12,2,18
S01009946,255,30,85,55,85,150,13,48,34,55,105,17,37,21,30,30,7,13,8,2,34,3,14,8,9,41,7,10,5,19
S01009947,183,24,55,40,64,123,15,43,25,40,60,9,12,15,24,20,3,2,5,10,21,5,5,3,8,19,1,5,7,6
S01009948,297,20,89,71,117,206,15,53,59,79,91,5,36,12,38,22,1,5,3,13,40,1,18,3,18,29,3,13,6,7
S01009949,255,40,81,52,82,154,24,43,27,60,101,16,38,25,22,42,8,11,13,10,32,6,18,0,8,27,2,9,12,4
S01009950,184,102,51,15,16,98,52,29,7,10,86,50,22,8,6,32,21,7,0,4,22,14,4,3,1,32,15,11,5,1
S01009951,196,127,37,16,16,102,62,21,12,7,94,65,16,4,9,30,18,7,1,4,35,26,6,0,3,29,21,3,3,2
S01009952,202,102,50,23,27,110,56,32,11,11,92,46,18,12,16,39,19,10,2,8,27,16,2,6,3,26,11,6,4,5
S01009953,262,96,80,40,46,157,51,53,28,25,105,45,27,12,21,52,29,10,3,10,28,13,7,3,5,25,3,10,6,6
S01009954,166,51,64,26,25,85,23,37,15,10,81,28,27,11,15,30,9,12,3,6,28,11,8,5,4,23,8,7,3,5
S01009955,313,100,101,45,67,207,67,66,26,48,106,33,35,19,19,41,15,13,6,7,35,9,11,6,9,30,9,11,7,3
S01009956,234,49,79,35,71,142,30,47,25,40,92,19,32,10,31,33,9,10,3,11,31,4,14,4,9,28,6,8,3,11
S01009957,214,114,64,23,13,125,62,42,12,9,89,52,22,11,4,32,16,8,5,3,34,23,8,2,1,23,13,6,4,0
S01009958,290,131,98,39,22,183,84,62,22,15,107,47,36,17,7,49,27,14,5,3,33,11,11,8,3,25,9,11,4,1
S01009959,181,81,60,21,19,119,50,45,10,14,62,31,15,11,5,25,12,4,7,2,16,9,5,1,1,21,10,6,3,2
S01009960,219,93,77,26,23,122,50,43,14,15,97,43,34,12,8,33,16,11,3,3,26,14,5,6,1,38,13,18,3,4
S01009961,187,36,70,36,45,119,22,39,23,35,68,14,31,13,10,25,6,8,5,6,22,4,12,4,2,21,4,11,4,2
S01009962,482,105,202,71,104,404,90,169,60,85,78,15,33,11,19,37,8,19,4,6,21,4,6,3,8,20,3,8,4,5
S01009963,216,71,80,39,26,126,42,42,24,18,90,29,38,15,8,27,11,10,5,1,32,8,11,7,6,31,10,17,3,1
S01009964,278,103,97,38,40,164,59,58,27,20,114,44,39,11,20,50,22,16,3,9,28,13,10,2,3,36,9,13,6,8
S01009965,191,47,62,49,33,121,31,43,27,20,70,16,19,22,13,27,6,7,7,7,18,6,5,6,1,25,4,7,9,5
S01009966,222,40,83,56,43,134,21,43,36,34,88,19,40,20,9,40,10,22,7,1,21,4,9,6,2,27,5,9,7,6
S01009967,270,118,112,28,12,199,78,85,25,11,71,40,27,3,1,21,10,10,0,1,22,12,9,1,0,28,18,8,2,0
S01009968,161,23,62,51,25,101,14,38,32,17,60,9,24,19,8,17,2,6,6,3,16,3,8,3,2,27,4,10,10,3
S01009969,237,81,96,29,31,133,32,63,16,22,104,49,33,13,9,30,16,6,6,2,38,19,14,2,3,36,14,13,5,4
S01009970,349,8,90,49,202,207,3,59,28,117,142,5,31,21,85,63,0,13,6,44,37,2,9,4,22,42,3,9,11,19
S01009971,404,31,85,86,202,248,20,42,56,130,156,11,43,30,72,55,6,16,10,23,54,3,16,11,24,47,2,11,9,25
S01009972,260,40,89,52,79,152,28,49,30,45,108,12,40,22,34,57,6,22,11,18,27,3,12,6,6,24,3,6,5,10
S01009973,250,24,64,53,109,133,13,30,33,57,117,11,34,20,52,39,8,12,5,14,47,3,13,10,21,31,0,9,5,17
S01009974,236,5,52,39,140,137,4,23,25,85,99,1,29,14,55,38,0,13,6,19,38,1,13,4,20,23,0,3,4,16
S01009975,289,5,45,43,196,187,5,22,31,129,102,0,23,12,67,42,0,10,3,29,39,0,5,8,26,21,0,8,1,12
S01009976,214,4,39,47,124,134,2,29,27,76,80,2,10,20,48,28,0,3,9,16,28,0,5,4,19,24,2,2,7,13
S01009977,390,15,70,81,224,317,14,54,70,179,73,1,16,11,45,29,0,5,7,17,24,1,6,0,17,20,0,5,4,11
S01009978,395,20,76,69,230,224,14,38,41,131,171,6,38,28,99,56,2,16,8,30,60,3,9,13,35,55,1,13,7,34
S01009979,186,7,34,35,110,141,6,26,28,81,45,1,8,7,29,16,0,1,3,12,10,0,2,1,7,19,1,5,3,10
S01009980,192,5,33,31,123,117,3,22,19,73,75,2,11,12,50,23,1,6,2,14,30,1,3,5,21,22,0,2,5,15
S01009981,239,14,43,37,145,134,5,24,17,88,105,9,19,20,57,40,6,10,8,16,43,3,5,7,28,22,0,4,5,13
S01009982,381,24,108,80,169,202,14,50,42,96,179,10,58,38,73,67,6,25,9,27,66,2,20,16,28,46,2,13,13,18
S01009983,264,9,53,31,171,158,3,35,20,100,106,6,18,11,71,40,2,9,3,26,40,4,5,5,26,26,0,4,3,19
S01009984,309,15,74,65,155,184,8,45,37,94,125,7,29,28,61,59,5,14,12,28,34,2,7,7,18,32,0,8,9,15
S01009985,242,7,39,40,156,151,4,25,30,92,91,3,14,10,64,37,3,3,2,29,30,0,6,3,21,24,0,5,5,14
S01009986,213,10,41,22,140,138,8,22,20,88,75,2,19,2,52,39,1,9,1,28,16,0,5,0,11,20,1,5,1,13
S01009987,285,8,75,72,130,195,5,51,53,86,90,3,24,19,44,23,2,9,4,8,33,0,6,4,23,34,1,9,11,13
S01009988,174,7,43,33,91,126,7,35,21,63,48,0,8,12,28,14,0,3,2,9,10,0,3,1,6,24,0,2,9,13
S01009989,268,22,100,48,98,165,20,63,25,57,103,2,37,23,41,29,0,12,7,10,45,0,15,10,20,29,2,10,6,11
S01009990,252,22,92,60,78,152,17,52,43,40,100,5,40,17,38,29,5,7,2,15,38,0,13,10,15,33,0,20,5,8
S01009991,290,30,105,66,89,162,18,64,38,42,128,12,41,28,47,50,6,18,10,16,42,4,13,8,17,36,2,10,10,14
S01009992,221,8,54,43,116,142,4,34,31,73,79,4,20,12,43,31,2,8,2,19,23,1,7,4,11,25,1,5,6,13
S01009993,291,36,110,68,77,177,26,69,43,39,114,10,41,25,38,48,6,19,9,14,38,3,13,11,11,28,1,9,5,13
S01009994,261,30,93,54,84,137,16,60,28,33,124,14,33,26,51,62,8,16,13,25,36,4,9,6,17,26,2,8,7,9
S01009995,231,33,99,48,51,137,24,58,34,21,94,9,41,14,30,32,3,15,6,8,26,1,11,3,11,36,5,15,5,11
S01009996,259,25,83,63,88,135,16,43,41,35,124,9,40,22,53,55,8,21,7,19,37,1,14,5,17,32,0,5,10,17
S01009997,208,26,87,47,48,135,19,56,32,28,73,7,31,15,20,33,5,15,7,6,21,0,8,5,8,19,2,8,3,6
S01009998,153,44,54,37,18,90,26,31,22,11,63,18,23,15,7,17,2,9,3,3,31,10,11,7,3,15,6,3,5,1
S01009999,197,49,64,41,43,103,25,29,28,21,94,24,35,13,22,34,9,13,3,9,29,8,9,5,7,31,7,13,5,6
S01010000,237,27,92,56,62,150,20,61,38,31,87,7,31,18,31,34,4,12,6,12,30,1,11,4,14,23,2,8,8,5
S01010001,262,40,83,57,82,138,25,50,33,30,124,15,33,24,52,51,9,14,9,19,35,2,9,5,19,38,4,10,10,14
S01010002,273,32,99,51,91,170,20,67,35,48,103,12,32,16,43,38,6,15,5,12,33,2,9,3,19,32,4,8,8,12
S01010003,217,41,76,59,41,124,26,45,33,20,93,15,31,26,21,34,7,13,7,7,27,7,6,8,6,32,1,12,11,8
S01010004,185,56,63,27,39,115,31,44,17,23,70,25,19,10,16,27,11,6,4,6,14,2,6,2,4,29,12,7,4,6
S01010005,408,67,175,64,102,366,64,156,59,87,42,3,19,5,15,18,3,8,0,7,13,0,7,2,4,11,0,4,3,4
S01010006,473,123,193,77,80,423,111,178,69,65,50,12,15,8,15,24,8,2,4,10,11,1,5,2,3,15,3,8,2,2
S01010007,332,110,130,41,51,222,76,79,32,35,110,34,51,9,16,42,16,18,2,6,33,11,15,2,5,35,7,18,5,5
S01010008,360,101,146,45,68,319,94,130,39,56,41,7,16,6,12,28,6,9,4,9,6,1,3,1,1,7,0,4,1,2
S01010009,382,78,138,59,107,361,74,131,55,101,21,4,7,4,6,12,3,3,4,2,6,1,3,0,2,3,0,1,0,2
S01010010,337,126,107,51,53,223,74,77,37,35,114,52,30,14,18,48,25,13,5,5,36,13,7,7,9,30,14,10,2,4
S01010011,384,92,153,60,79,361,85,143,60,73,23,7,10,0,6,16,6,7,0,3,4,1,2,0,1,3,0,1,0,2
S01010012,244,50,84,54,56,145,31,55,31,28,99,19,29,23,28,37,10,9,6,12,33,6,9,10,8,29,3,11,7,8
S01010013,382,101,150,57,74,320,86,120,47,67,62,15,30,10,7,22,6,8,5,3,19,4,10,2,3,21,5,12,3,1
S01010014,435,129,169,61,76,348,100,133,52,63,87,29,36,9,13,44,19,20,3,2,29,9,10,2,8,14,1,6,4,3
S01010015,361,128,132,50,51,289,121,104,33,31,72,7,28,17,20,34,5,13,6,10,21,1,9,6,5,17,1,6,5,5
S01010016,196,12,66,54,64,123,7,40,31,45,73,5,26,23,19,25,2,9,5,9,24,1,9,10,4,24,2,8,8,6
S01010017,237,12,57,46,122,133,10,39,26,58,104,2,18,20,64,38,1,3,8,26,27,0,5,7,15,39,1,10,5,23
S01010018,360,30,101,88,141,252,20,66,68,98,108,10,35,20,43,58,9,22,8,19,29,0,9,5,15,21,1,4,7,9
S01010019,303,7,66,52,178,205,5,37,42,121,98,2,29,10,57,36,0,13,2,21,32,1,10,3,18,30,1,6,5,18
S01010020,223,14,61,54,94,140,5,37,37,61,83,9,24,17,33,22,3,8,5,6,33,4,8,8,13,28,2,8,4,14
S01010021,340,16,80,55,189,222,8,55,32,127,118,8,25,23,62,44,3,11,8,22,40,4,5,6,25,34,1,9,9,15
S01010022,378,39,109,55,175,262,31,77,43,111,116,8,32,12,64,60,6,16,7,31,34,0,10,3,21,22,2,6,2,12
S01010023,230,2,46,48,134,156,1,34,39,82,74,1,12,9,52,22,0,2,2,18,29,1,6,5,17,23,0,4,2,17
S01010024,332,41,100,54,137,261,39,80,43,99,71,2,20,11,38,24,1,5,6,12,24,0,10,1,13,23,1,5,4,13
S01010025,263,20,63,49,131,209,19,48,41,101,54,1,15,8,30,26,1,7,3,15,14,0,5,2,7,14,0,3,3,8
S01010026,438,66,123,67,182,351,60,96,51,144,87,6,27,16,38,43,6,13,10,14,24,0,8,3,13,20,0,6,3,11
S01010027,400,77,156,46,121,313,67,135,34,77,87,10,21,12,44,43,9,11,7,16,29,1,8,3,17,15,0,2,2,11
S01010028,265,47,70,34,114,203,42,52,25,84,62,5,18,9,30,31,2,7,5,17,17,2,6,2,7,14,1,5,2,6
S01010029,237,10,67,52,108,174,8,47,41,78,63,2,20,11,30,24,1,8,6,9,25,0,8,2,15,14,1,4,3,6
S01010030,370,119,125,54,72,295,105,104,38,48,75,14,21,16,24,33,10,7,8,8,22,2,8,3,9,20,2,6,5,7
S01010031,408,145,197,34,32,388,139,192,33,24,20,6,5,1,8,19,6,5,1,7,0,0,0,0,0,1,0,0,0,1
S01010032,294,70,155,29,40,267,64,146,29,28,27,6,9,0,12,16,4,5,0,7,5,1,2,0,2,6,1,2,0,3
S01010033,429,67,151,58,153,341,50,124,52,115,88,17,27,6,38,45,15,7,4,19,32,2,17,1,12,11,0,3,1,7
S01010034,335,43,103,50,139,258,37,75,42,104,77,6,28,8,35,40,2,14,6,18,27,4,9,2,12,10,0,5,0,5
S01010035,343,18,91,55,179,268,16,73,47,132,75,2,18,8,47,36,1,9,3,23,17,1,2,4,10,22,0,7,1,14
S01010036,423,78,269,22,54,397,75,258,21,43,26,3,11,1,11,16,3,7,1,5,1,0,1,0,0,9,0,3,0,6
S01010037,232,18,48,42,124,172,14,36,37,85,60,4,12,5,39,20,2,4,2,12,21,2,5,1,13,19,0,3,2,14
S01010038,435,44,129,70,192,342,38,104,60,140,93,6,25,10,52,34,2,11,3,18,30,1,6,5,18,29,3,8,2,16
S01010039,573,169,292,37,75,543,155,282,36,70,30,14,10,1,5,22,13,7,0,2,2,0,1,0,1,6,1,2,1,2
S01010040,381,81,155,47,98,329,74,133,43,79,52,7,22,4,19,29,3,14,2,10,14,0,7,1,6,9,4,1,1,3
S01010041,411,105,169,39,98,395,105,163,36,91,16,0,6,3,7,9,0,3,1,5,4,0,0,2,2,3,0,3,0,0
S01010042,582,103,254,78,147,488,95,225,63,105,94,8,29,15,42,58,7,15,12,24,21,0,8,2,11,15,1,6,1,7
S01010043,376,32,116,46,182,289,29,88,38,134,87,3,28,8,48,42,2,14,3,23,24,0,6,3,15,21,1,8,2,10
S01010044,512,75,174,86,177,402,65,140,70,127,110,10,34,16,50,57,7,22,5,23,36,2,9,7,18,17,1,3,4,9
S01010045,179,9,27,27,116,107,3,17,17,70,72,6,10,10,46,41,4,6,5,26,15,1,2,2,10,16,1,2,3,10
S01010046,339,21,108,54,156,266,20,86,46,114,73,1,22,8,42,29,1,8,2,18,29,0,13,4,12,15,0,1,2,12
S01010047,330,6,71,61,192,240,5,52,48,135,90,1,19,13,57,30,0,5,5,20,33,1,7,3,22,27,0,7,5,15
S01010048,407,14,91,67,235,305,11,74,50,170,102,3,17,17,65,44,1,9,5,29,39,2,7,8,22,19,0,1,4,14
S01010049,318,5,58,38,217,193,3,39,25,126,125,2,19,13,91,56,2,3,9,42,47,0,12,1,34,22,0,4,3,15
S01010050,422,19,82,61,260,297,15,46,50,186,125,4,36,11,74,54,1,17,3,33,43,2,8,5,28,28,1,11,3,13
S01010051,297,8,65,43,181,224,7,57,35,125,73,1,8,8,56,22,0,5,4,13,24,1,2,2,19,27,0,1,2,24
S01010052,317,19,79,59,160,253,17,64,51,121,64,2,15,8,39,27,1,5,2,19,22,1,5,4,12,15,0,5,2,8
S01010053,316,25,74,57,160,217,19,60,38,100,99,6,14,19,60,46,4,5,12,25,29,2,7,4,16,24,0,2,3,19
S01010054,215,8,27,31,149,113,1,13,16,83,102,7,14,15,66,48,5,6,9,28,36,1,5,4,26,18,1,3,2,12
S01010055,370,30,112,73,155,254,22,82,57,93,116,8,30,16,62,39,4,8,3,24,34,1,6,8,19,43,3,16,5,19
S01010056,184,4,46,33,101,118,3,29,22,64,66,1,17,11,37,20,0,7,4,9,23,1,6,3,13,23,0,4,4,15
S01010057,165,13,51,30,71,107,12,35,23,37,58,1,16,7,34,29,1,13,2,13,16,0,1,3,12,13,0,2,2,9
S01010058,306,20,69,68,149,195,16,49,44,86,111,4,20,24,63,46,2,11,6,27,37,0,5,14,18,28,2,4,4,18
S01010059,320,33,124,59,104,255,29,110,46,70,65,4,14,13,34,34,3,5,8,18,15,1,3,1,10,16,0,6,4,6
S01010060,404,17,115,84,188,297,13,86,60,138,107,4,29,24,50,43,2,9,15,17,33,2,14,3,14,31,0,6,6,19
S01010061,217,22,81,43,71,145,17,53,32,43,72,5,28,11,28,39,3,16,9,11,21,1,10,1,9,12,1,2,1,8
S01010062,254,14,59,58,123,147,8,31,37,71,107,6,28,21,52,50,5,12,8,25,35,1,8,12,14,22,0,8,1,13
S01010063,445,29,113,89,214,346,25,91,69,161,99,4,22,20,53,40,3,12,5,20,38,1,4,10,23,21,0,6,5,10
S01010064,209,6,55,37,111,130,3,34,19,74,79,3,21,18,37,36,3,6,7,20,20,0,11,3,6,23,0,4,8,11
S01010065,299,10,67,45,177,207,7,47,35,118,92,3,20,10,59,32,0,6,2,24,34,3,7,3,21,26,0,7,5,14
S01010066,265,3,54,42,166,145,3,35,24,83,120,0,19,18,83,33,0,8,4,21,45,0,8,7,30,42,0,3,7,32
S01010067,238,5,45,43,145,141,5,31,34,71,97,0,14,9,74,39,0,6,6,27,31,0,3,1,27,27,0,5,2,20
S01010068,262,23,90,50,99,192,17,70,31,74,70,6,20,19,25,41,3,13,12,13,14,1,4,4,5,15,2,3,3,7
S01010069,279,33,105,80,61,180,22,72,51,35,99,11,33,29,26,33,3,17,8,5,39,5,11,11,12,27,3,5,10,9
S01010070,211,24,78,60,49,124,14,53,28,29,87,10,25,32,20,20,0,4,8,8,25,5,7,10,3,42,5,14,14,9
S01010071,245,27,83,67,68,157,17,51,45,44,88,10,32,22,24,26,6,4,5,11,37,3,16,13,5,25,1,12,4,8
S01010072,254,22,77,69,86,170,11,46,55,58,84,11,31,14,28,30,4,11,7,8,33,5,10,4,14,21,2,10,3,6
S01010073,204,31,62,61,50,118,16,34,33,35,86,15,28,28,15,27,6,14,5,2,25,3,2,13,7,34,6,12,10,6
S01010074,200,42,73,42,43,136,28,51,27,30,64,14,22,15,13,15,4,5,4,2,20,1,8,4,7,29,9,9,7,4
S01010075,172,8,53,45,66,112,6,34,31,41,60,2,19,14,25,26,1,5,8,12,16,1,7,4,4,18,0,7,2,9
S01010076,208,10,58,67,73,119,10,28,38,43,89,0,30,29,30,35,0,17,9,9,21,0,7,6,8,33,0,6,14,13
S01010077,218,12,57,56,93,146,7,38,42,59,72,5,19,14,34,13,0,6,3,4,30,2,5,5,18,29,3,8,6,12
S01010078,184,36,70,33,45,106,27,33,21,25,78,9,37,12,20,26,3,10,5,8,24,2,13,2,7,28,4,14,5,5
S01010079,235,72,88,40,35,142,34,56,30,22,93,38,32,10,13,21,10,6,1,4,32,12,14,4,2,40,16,12,5,7
S01010080,161,43,50,37,31,105,25,33,23,24,56,18,17,14,7,17,6,8,3,0,18,7,4,3,4,21,5,5,8,3
S01010081,180,42,62,44,32,116,26,35,34,21,64,16,27,10,11,10,1,5,2,2,27,7,12,5,3,27,8,10,3,6
S01010082,295,65,128,57,45,205,44,96,39,26,90,21,32,18,19,27,5,9,6,7,37,9,15,6,7,26,7,8,6,5
S01010083,223,16,70,54,83,146,9,47,37,53,77,7,23,17,30,32,3,11,5,13,22,3,8,3,8,23,1,4,9,9
S01010084,303,10,85,81,127,207,7,52,50,98,96,3,33,31,29,29,0,8,10,11,31,1,12,11,7,36,2,13,10,11
S01010085,206,33,71,51,51,132,22,44,33,33,74,11,27,18,18,23,6,9,4,4,27,3,8,10,6,24,2,10,4,8
S01010086,275,9,75,57,134,165,6,47,33,79,110,3,28,24,55,32,1,10,7,14,31,1,5,6,19,47,1,13,11,22
S01010087,141,28,46,32,35,87,15,27,19,26,54,13,19,13,9,13,4,6,2,1,16,2,7,4,3,25,7,6,7,5
S01010088,284,94,106,52,32,139,51,51,25,12,145,43,55,27,20,58,22,22,10,4,48,13,17,10,8,39,8,16,7,8
S01010089,246,16,94,55,81,187,10,68,45,64,59,6,26,10,17,18,2,11,3,2,20,2,9,2,7,21,2,6,5,8
S01010090,360,47,144,93,76,204,28,82,49,45,156,19,62,44,31,42,1,15,18,8,56,11,24,8,13,58,7,23,18,10
S01010091,310,44,118,77,71,177,22,68,38,49,133,22,50,39,22,57,11,17,20,9,45,4,24,11,6,31,7,9,8,7
S01010092,292,18,90,52,132,181,14,53,33,81,111,4,37,19,51,47,3,14,4,26,43,0,17,11,15,21,1,6,4,10
S01010093,302,32,117,65,88,190,22,75,38,55,112,10,42,27,33,41,3,12,12,14,31,4,11,9,7,40,3,19,6,12
S01010094,185,33,66,50,36,102,18,38,31,15,83,15,28,19,21,25,6,5,7,7,20,1,7,7,5,38,8,16,5,9
S01010095,191,30,71,49,41,117,19,46,27,25,74,11,25,22,16,19,3,5,7,4,25,4,8,6,7,30,4,12,9,5
S01010096,224,44,87,54,39,114,20,44,29,21,110,24,43,25,18,29,9,10,7,3,42,5,16,8,13,39,10,17,10,2
S01010097,199,23,65,44,67,102,13,37,26,26,97,10,28,18,41,27,1,8,5,13,37,5,11,8,13,33,4,9,5,15
S01010098,191,34,74,48,35,93,18,30,23,22,98,16,44,25,13,21,5,10,6,0,35,6,14,8,7,42,5,20,11,6
S01010099,181,30,71,54,26,100,14,41,28,17,81,16,30,26,9,22,6,8,7,1,22,5,8,6,3,37,5,14,13,5
S01010100,249,34,98,56,61,155,23,59,36,37,94,11,39,20,24,22,4,8,3,7,34,3,15,7,9,38,4,16,10,8
S01010101,212,27,78,47,60,134,12,52,32,38,78,15,26,15,22,24,2,6,5,11,23,7,7,4,5,31,6,13,6,6
S01010102,296,63,123,55,55,151,35,65,26,25,145,28,58,29,30,35,11,9,8,7,50,8,23,8,11,60,9,26,13,12
S01010103,320,43,116,86,75,163,28,67,32,36,157,15,49,54,39,54,6,15,22,11,49,6,16,14,13,54,3,18,18,15
S01010104,252,40,96,71,45,115,20,41,31,23,137,20,55,40,22,42,9,16,12,5,52,4,26,13,9,43,7,13,15,8
S01010105,151,4,31,27,89,87,4,16,13,54,64,0,15,14,35,24,0,7,4,13,12,0,1,4,7,28,0,7,6,15
S01010106,158,6,22,34,96,96,1,8,27,60,62,5,14,7,36,27,2,8,2,15,16,2,3,1,10,19,1,3,4,11
S01010107,340,9,87,75,169,229,6,63,56,104,111,3,24,19,65,45,2,11,5,27,29,1,8,6,14,37,0,5,8,24
S01010108,286,8,53,79,146,218,6,32,61,119,68,2,21,18,27,25,0,13,7,5,25,1,7,8,9,18,1,1,3,13
S01010109,302,27,84,54,137,200,21,55,44,80,102,6,29,10,57,35,5,10,2,18,42,0,17,6,19,25,1,2,2,20
S01010110,299,9,46,60,184,197,5,29,46,117,102,4,17,14,67,28,1,7,5,15,36,2,6,3,25,38,1,4,6,27
S01010111,361,7,65,70,219,213,4,38,41,130,148,3,27,29,89,54,2,7,12,33,46,1,8,4,33,48,0,12,13,23
S01010112,363,6,70,62,225,204,0,31,47,126,159,6,39,15,99,60,0,22,7,31,56,4,11,3,38,43,2,6,5,30
S01010113,211,4,48,35,124,113,3,26,22,62,98,1,22,13,62,38,1,9,5,23,36,0,8,3,25,24,0,5,5,14
S01010114,292,6,47,51,188,184,5,23,33,123,108,1,24,18,65,46,1,15,5,25,32,0,6,8,18,30,0,3,5,22
S01010115,207,11,65,54,77,100,5,32,24,39,107,6,33,30,38,31,0,10,6,15,38,0,11,17,10,38,6,12,7,13
S01010116,371,48,124,78,121,211,29,79,48,55,160,19,45,30,66,87,15,26,13,33,36,3,10,9,14,37,1,9,8,19
S01010117,238,49,84,43,62,134,30,53,21,30,104,19,31,22,32,54,12,17,14,11,33,4,9,5,15,17,3,5,3,6
S01010118,234,6,38,37,153,119,3,24,24,68,115,3,14,13,85,36,0,5,3,28,45,1,6,5,33,34,2,3,5,24
S01010119,188,6,34,42,106,96,3,17,19,57,92,3,17,23,49,39,1,12,7,19,26,1,3,9,13,27,1,2,7,17
S01010120,387,5,81,57,244,212,5,31,35,141,175,0,50,22,103,59,0,21,6,32,64,0,20,6,38,52,0,9,10,33
S01010121,257,5,48,36,168,153,2,22,21,108,104,3,26,15,60,43,1,15,5,22,27,0,5,3,19,34,2,6,7,19
S01010122,157,5,18,24,110,105,5,12,17,71,52,0,6,7,39,16,0,2,2,12,18,0,2,4,12,18,0,2,1,15
S01010123,248,10,49,49,140,124,4,23,33,64,124,6,26,16,76,50,3,9,6,32,50,3,14,6,27,24,0,3,4,17
S01010124,267,14,101,61,91,164,10,64,47,43,103,4,37,14,48,41,3,13,5,20,32,0,10,5,17,30,1,14,4,11
S01010125,223,12,49,39,123,124,6,27,22,69,99,6,22,17,54,53,4,12,11,26,25,0,7,4,14,21,2,3,2,14
S01010126,260,12,63,58,127,152,5,36,33,78,108,7,27,25,49,36,4,11,8,13,40,2,10,6,22,32,1,6,11,14
S01010127,200,7,47,47,99,140,6,32,40,62,60,1,15,7,37,23,0,6,2,15,14,0,2,2,10,23,1,7,3,12
S01010128,190,4,39,30,117,92,1,15,14,62,98,3,24,16,55,40,0,9,9,22,30,2,6,4,18,28,1,9,3,15
S01010129,299,5,64,57,173,181,3,31,39,108,118,2,33,18,65,37,0,14,5,18,43,0,12,6,25,38,2,7,7,22
S01010130,133,4,22,26,81,76,3,10,16,47,57,1,12,10,34,20,1,6,4,9,19,0,5,5,9,18,0,1,1,16
S01010131,269,33,98,66,72,164,16,61,35,52,105,17,37,31,20,21,3,7,4,7,38,8,17,8,5,46,6,13,19,8
S01010132,332,12,65,70,185,214,8,36,51,119,118,4,29,19,66,40,1,10,10,19,50,2,11,5,32,28,1,8,4,15
S01010133,246,7,58,50,131,177,6,44,40,87,69,1,14,10,44,24,1,5,7,11,18,0,5,0,13,27,0,4,3,20
S01010134,362,24,85,85,168,242,17,51,58,116,120,7,34,27,52,46,1,9,12,24,39,5,11,11,12,35,1,14,4,16
S01010135,223,9,51,57,106,139,6,31,37,65,84,3,20,20,41,22,0,4,6,12,37,1,10,7,19,25,2,6,7,10
S01010136,260,19,87,64,90,167,15,56,38,58,93,4,31,26,32,38,0,13,9,16,21,2,7,6,6,34,2,11,11,10
S01010137,324,26,104,73,121,231,21,76,52,82,93,5,28,21,39,46,5,8,10,23,25,0,9,7,9,22,0,11,4,7
S01010138,498,18,94,100,286,420,15,78,88,239,78,3,16,12,47,26,2,4,0,20,24,1,4,3,16,28,0,8,9,11
S01010139,368,25,90,101,152,270,18,63,82,107,98,7,27,19,45,44,4,15,8,17,27,1,8,3,15,27,2,4,8,13
S01010140,356,43,134,67,112,237,37,86,49,65,119,6,48,18,47,68,3,28,11,26,27,3,8,6,10,24,0,12,1,11
S01010141,337,20,61,61,195,227,14,37,46,130,110,6,24,15,65,53,4,14,6,29,35,2,4,7,22,22,0,6,2,14
S01010142,240,13,61,67,99,162,10,42,48,62,78,3,19,19,37,24,2,4,5,13,27,0,7,7,13,27,1,8,7,11
S01010143,226,9,53,64,100,144,6,28,46,64,82,3,25,18,36,28,1,5,8,14,34,2,10,8,14,20,0,10,2,8
S01010144,332,24,104,71,133,247,20,80,54,93,85,4,24,17,40,37,3,6,9,19,29,0,10,5,14,19,1,8,3,7
S01010145,295,21,82,62,130,198,15,62,33,88,97,6,20,29,42,42,3,12,11,16,25,1,6,6,12,30,2,2,12,14
S01010146,356,9,82,76,189,258,6,58,59,135,98,3,24,17,54,44,3,10,10,21,27,0,10,1,16,27,0,4,6,17
S01010147,429,8,92,67,262,281,6,55,46,174,148,2,37,21,88,59,0,17,7,35,49,2,12,5,30,40,0,8,9,23
S01010148,289,18,61,42,168,175,17,41,30,87,114,1,20,12,81,47,0,13,4,30,38,0,6,6,26,29,1,1,2,25
S01010149,203,20,74,41,68,133,17,51,24,41,70,3,23,17,27,50,2,18,11,19,16,1,5,4,6,4,0,0,2,2
S01010150,195,8,35,50,102,143,6,21,44,72,52,2,14,6,30,19,2,2,4,11,18,0,6,1,11,15,0,6,1,8
S01010151,161,8,42,32,79,111,6,29,23,53,50,2,13,9,26,15,1,3,1,10,16,0,5,3,8,19,1,5,5,8
S01010152,261,7,100,52,102,178,7,64,36,71,83,0,36,16,31,39,0,18,6,15,22,0,10,7,5,22,0,8,3,11
S01010153,277,13,97,44,123,179,8,57,27,87,98,5,40,17,36,25,1,7,6,11,41,2,19,4,16,32,2,14,7,9
S01010154,229,12,68,55,94,157,6,46,39,66,72,6,22,16,28,26,4,6,4,12,26,2,6,9,9,20,0,10,3,7
S01010155,194,14,59,45,76,139,11,42,29,57,55,3,17,16,19,22,1,9,3,9,16,0,3,6,7,17,2,5,7,3
S01010156,158,9,28,38,83,102,5,13,27,57,56,4,15,11,26,23,2,5,6,10,14,0,5,3,6,19,2,5,2,10
S01010157,178,5,38,33,102,117,3,23,28,63,61,2,15,5,39,15,2,3,2,8,23,0,3,0,20,23,0,9,3,11
S01010158,289,13,92,68,116,197,8,57,50,82,92,5,35,18,34,37,2,16,7,12,32,1,13,7,11,23,2,6,4,11
S01010159,201,13,49,53,86,132,6,28,35,63,69,7,21,18,23,25,2,10,6,7,28,4,9,6,9,16,1,2,6,7
S01010160,279,7,42,65,165,196,5,33,49,109,83,2,9,16,56,46,1,7,7,31,25,0,2,6,17,12,1,0,3,8
S01010161,225,14,44,59,108,118,7,23,30,58,107,7,21,29,50,28,5,5,7,11,46,1,12,13,20,33,1,4,9,19
S01010162,307,8,57,44,198,151,5,22,27,97,156,3,35,17,101,53,0,14,4,35,53,3,10,7,33,50,0,11,6,33
S01010163,190,6,52,29,103,101,3,24,18,56,89,3,28,11,47,28,1,10,3,14,33,0,11,3,19,28,2,7,5,14
S01010164,215,11,41,45,118,116,5,22,23,66,99,6,19,22,52,39,3,8,7,21,37,2,7,10,18,23,1,4,5,13
S01010165,220,3,45,34,138,132,1,29,26,76,88,2,16,8,62,41,1,7,4,29,25,0,5,0,20,22,1,4,4,13
S01010166,245,4,55,65,121,169,4,32,48,85,76,0,23,17,36,33,0,13,4,16,20,0,5,7,8,23,0,5,6,12
S01010167,314,5,67,77,165,235,3,40,61,131,79,2,27,16,34,37,0,13,5,19,18,1,5,4,8,24,1,9,7,7
S01010168,189,12,54,35,88,104,9,26,19,50,85,3,28,16,38,38,2,16,8,12,25,1,6,4,14,22,0,6,4,12
S01010169,320,21,64,41,194,176,12,30,27,107,144,9,34,14,87,65,3,18,3,41,40,6,10,7,17,39,0,6,4,29
S01010170,227,4,52,44,127,158,4,32,35,87,69,0,20,9,40,39,0,9,3,27,17,0,7,3,7,13,0,4,3,6
S01010171,378,6,60,61,251,205,5,23,44,133,173,1,37,17,118,75,1,18,8,48,52,0,12,4,36,46,0,7,5,34
S01010172,286,28,94,53,111,222,25,68,44,85,64,3,26,9,26,20,3,7,2,8,30,0,16,4,10,14,0,3,3,8
S01010173,200,17,52,63,68,115,7,33,37,38,85,10,19,26,30,33,5,6,9,13,20,3,3,10,4,32,2,10,7,13
S01010174,163,15,61,42,45,107,10,47,29,21,56,5,14,13,24,13,1,2,4,6,30,2,8,5,15,13,2,4,4,3
S01010175,156,6,47,38,65,99,4,27,29,39,57,2,20,9,26,28,0,13,2,13,18,0,5,5,8,11,2,2,2,5
S01010176,230,19,72,54,85,153,13,49,33,58,77,6,23,21,27,28,3,11,6,8,26,2,9,7,8,23,1,3,8,11
S01010177,253,4,54,42,153,133,1,25,31,76,120,3,29,11,77,53,2,14,3,34,34,0,10,4,20,33,1,5,4,23
S01010178,321,9,58,64,190,157,6,26,32,93,164,3,32,32,97,69,0,14,16,39,53,2,6,11,34,42,1,12,5,24
S01010179,298,9,52,63,174,190,8,25,47,110,108,1,27,16,64,46,1,13,7,25,35,0,6,5,24,27,0,8,4,15
S01010180,199,22,58,45,74,97,15,23,23,36,102,7,35,22,38,63,7,22,14,20,28,0,12,5,11,11,0,1,3,7
S01010181,191,4,36,29,122,105,2,18,19,66,86,2,18,10,56,34,1,7,3,23,33,0,7,4,22,19,1,4,3,11
S01010182,243,35,76,61,71,179,24,57,49,49,64,11,19,12,22,22,2,6,3,11,22,4,7,8,3,20,5,6,1,8
S01010183,149,5,29,35,80,94,3,16,25,50,55,2,13,10,30,18,0,4,2,12,22,1,6,4,11,15,1,3,4,7
S01010184,204,7,44,43,110,117,5,24,31,57,87,2,20,12,53,28,1,4,3,20,30,0,8,2,20,29,1,8,7,13
S01010185,215,6,36,52,121,112,3,19,32,58,103,3,17,20,63,44,0,8,9,27,24,3,2,6,13,35,0,7,5,23
S01010186,209,28,73,46,62,117,15,40,28,34,92,13,33,18,28,38,6,12,8,12,19,2,6,3,8,35,5,15,7,8
S01010187,257,32,98,72,55,182,23,76,50,33,75,9,22,22,22,28,4,9,9,6,20,5,4,4,7,27,0,9,9,9
S01010188,255,55,93,54,53,176,39,67,40,30,79,16,26,14,23,31,9,7,7,8,27,2,13,2,10,21,5,6,5,5
S01010189,319,66,129,69,55,154,33,69,26,26,165,33,60,43,29,64,14,29,15,6,58,10,20,15,13,43,9,11,13,10
S01010190,243,89,91,32,31,130,51,50,12,17,113,38,41,20,14,57,22,22,11,2,27,7,9,6,5,29,9,10,3,7
S01010191,245,42,97,55,51,114,18,48,26,22,131,24,49,29,29,57,12,22,12,11,41,8,15,9,9,33,4,12,8,9
S01010192,285,58,109,53,65,129,28,56,15,30,156,30,53,38,35,61,12,22,15,12,57,11,20,14,12,38,7,11,9,11
S01010193,253,46,93,57,57,154,27,60,34,33,99,19,33,23,24,39,8,13,10,8,21,5,6,4,6,39,6,14,9,10
S01010194,150,10,46,33,61,91,7,28,16,40,59,3,18,17,21,15,1,3,5,6,17,1,8,4,4,27,1,7,8,11
S01010195,150,10,32,43,65,77,6,13,20,38,73,4,19,23,27,16,2,3,5,6,32,1,11,9,11,25,1,5,9,10
S01010196,189,9,42,43,95,119,7,23,30,59,70,2,19,13,36,21,0,8,2,11,22,0,3,7,12,27,2,8,4,13
S01010197,188,7,43,33,105,104,1,27,14,62,84,6,16,19,43,21,3,4,4,10,32,2,7,7,16,31,1,5,8,17
S01010198,257,7,58,63,129,140,4,33,39,64,117,3,25,24,65,23,1,7,6,9,42,0,9,11,22,52,2,9,7,34
S01010199,171,6,34,38,93,95,4,18,24,49,76,2,16,14,44,32,0,6,5,21,22,0,5,5,12,22,2,5,4,11
S01010200,164,9,42,44,69,96,2,20,32,42,68,7,22,12,27,20,2,9,3,6,31,2,9,6,14,17,3,4,3,7
S01010201,179,9,48,57,65,95,4,29,27,35,84,5,19,30,30,33,2,11,11,9,24,0,3,11,10,27,3,5,8,11
S01010202,333,14,69,50,200,168,7,30,33,98,165,7,39,17,102,87,5,18,8,56,55,2,15,6,32,23,0,6,3,14
S01010203,230,25,83,56,66,120,18,39,35,28,110,7,44,21,38,38,2,14,7,15,40,3,17,9,11,32,2,13,5,12
S01010204,302,6,58,54,184,188,5,36,35,112,114,1,22,19,72,40,0,8,10,22,41,1,5,7,28,33,0,9,2,22
S01010205,273,11,85,56,121,206,8,67,44,87,67,3,18,12,34,24,2,8,5,9,19,1,4,3,11,24,0,6,4,14
S01010206,250,9,84,21,136,127,7,66,8,46,123,2,18,13,90,101,2,8,9,82,14,0,8,0,6,8,0,2,4,2
S01010207,244,10,56,26,152,123,3,33,23,64,121,7,23,3,88,59,4,9,1,45,42,2,11,0,29,20,1,3,2,14
S01010208,470,49,190,85,146,386,43,157,66,120,84,6,33,19,26,36,2,14,9,11,18,0,11,1,6,30,4,8,9,9
S01010209,346,38,92,75,141,243,31,65,52,95,103,7,27,23,46,37,3,6,12,16,35,0,14,6,15,31,4,7,5,15
S01010210,259,25,89,56,89,167,15,62,33,57,92,10,27,23,32,35,2,13,11,9,32,7,7,8,10,25,1,7,4,13
S01010211,300,16,71,61,152,185,9,51,37,88,115,7,20,24,64,35,2,8,9,16,35,0,9,3,23,45,5,3,12,25
S01010212,446,17,105,69,255,301,13,75,48,165,145,4,30,21,90,53,3,12,7,31,52,0,10,5,37,40,1,8,9,22
S01010213,288,11,72,68,137,190,7,49,43,91,98,4,23,25,46,32,1,7,8,16,31,0,8,8,15,35,3,8,9,15
S01010214,273,28,83,64,98,155,16,49,34,56,118,12,34,30,42,40,6,12,8,14,43,1,12,13,17,35,5,10,9,11
S01010215,311,9,71,69,162,206,4,46,50,106,105,5,25,19,56,49,4,10,7,28,21,1,6,5,9,35,0,9,7,19
S01010216,266,11,59,42,154,199,7,42,31,119,67,4,17,11,35,28,0,11,2,15,22,1,3,8,10,17,3,3,1,10
S01010217,368,17,107,60,184,254,13,93,44,104,114,4,14,16,80,44,2,7,8,27,48,0,5,6,37,22,2,2,2,16
S01010218,495,34,139,96,226,368,30,103,77,158,127,4,36,19,68,68,4,18,11,35,31,0,10,4,17,28,0,8,4,16
S01010219,235,14,81,30,110,165,9,63,22,71,70,5,18,8,39,39,3,12,2,22,19,1,3,4,11,12,1,3,2,6
S01010220,274,87,125,25,37,233,79,111,17,26,41,8,14,8,11,23,7,9,5,2,7,1,0,1,5,11,0,5,2,4
S01010221,189,9,43,40,97,135,7,37,33,58,54,2,6,7,39,18,1,2,2,13,16,0,3,2,11,20,1,1,3,15
S01010222,237,17,78,62,80,195,15,65,54,61,42,2,13,8,19,13,1,6,2,4,18,1,6,3,8,11,0,1,3,7
S01010223,257,16,85,48,108,206,14,73,41,78,51,2,12,7,30,23,1,4,2,16,10,0,3,1,6,18,1,5,4,8
S01010224,394,21,82,61,230,232,13,40,41,138,162,8,42,20,92,66,3,15,6,42,51,3,20,7,21,45,2,7,7,29
S01010225,364,34,121,52,157,253,27,89,43,94,111,7,32,9,63,52,5,12,3,32,34,1,12,2,19,25,1,8,4,12
S01010226,352,17,95,57,183,225,9,68,24,124,127,8,27,33,59,63,5,17,12,29,37,2,7,13,15,27,1,3,8,15
S01010227,267,17,53,32,165,138,8,30,19,81,129,9,23,13,84,75,8,11,8,48,33,0,7,3,23,21,1,5,2,13
S01010228,256,6,51,50,149,194,6,34,40,114,62,0,17,10,35,26,0,8,5,13,18,0,4,4,10,18,0,5,1,12
S01010229,412,22,100,92,198,270,11,60,63,136,142,11,40,29,62,52,4,17,8,23,45,4,13,10,18,45,3,10,11,21
S01010230,467,21,137,65,244,346,12,108,53,173,121,9,29,12,71,76,7,19,10,40,30,0,8,2,20,15,2,2,0,11
S01010231,386,15,118,69,184,230,5,70,47,108,156,10,48,22,76,67,8,19,11,29,47,2,15,4,26,42,0,14,7,21
S01010232,440,19,112,62,247,275,9,67,38,161,165,10,45,24,86,70,3,18,7,42,50,5,16,5,24,45,2,11,12,20
S01010233,410,21,93,53,243,255,12,52,40,151,155,9,41,13,92,76,5,16,5,50,48,3,13,6,26,31,1,12,2,16
S01010234,443,108,186,65,84,380,97,167,51,65,63,11,19,14,19,34,11,7,7,9,16,0,7,3,6,13,0,5,4,4
S01010235,442,138,214,39,51,403,130,201,36,36,39,8,13,3,15,29,7,9,3,10,8,0,4,0,4,2,1,0,0,1
S01010236,324,74,139,44,67,268,64,119,32,53,56,10,20,12,14,30,4,13,6,7,14,5,1,4,4,12,1,6,2,3
S01010237,300,77,129,41,53,257,66,119,35,37,43,11,10,6,16,18,9,4,5,0,17,1,5,0,11,8,1,1,1,5
S01010238,385,71,175,50,89,326,67,148,45,66,59,4,27,5,23,27,3,16,2,6,20,0,7,0,13,12,1,4,3,4
S01010239,312,24,86,48,154,237,21,61,35,120,75,3,25,13,34,34,1,17,5,11,22,0,5,4,13,19,2,3,4,10
S01010240,337,58,131,38,110,285,53,115,30,87,52,5,16,8,23,25,4,8,2,11,14,0,3,4,7,13,1,5,2,5
S01010241,498,66,216,69,147,437,64,193,58,122,61,2,23,11,25,27,1,11,6,9,22,1,8,2,11,12,0,4,3,5
S01010242,411,52,150,48,161,322,44,133,42,103,89,8,17,6,58,32,3,6,2,21,33,3,3,1,26,24,2,8,3,11
S01010243,567,41,187,62,277,452,36,165,55,196,115,5,22,7,81,51,5,7,3,36,37,0,9,0,28,27,0,6,4,17
S01010244,357,17,107,52,181,281,15,88,43,135,76,2,19,9,46,25,2,4,2,17,23,0,3,3,17,28,0,12,4,12
S01010245,412,5,66,48,293,279,4,51,36,188,133,1,15,12,105,57,0,5,2,50,44,0,5,6,33,32,1,5,4,22
S01010246,366,17,80,68,201,250,14,57,51,128,116,3,23,17,73,52,2,10,8,32,38,1,6,5,26,26,0,7,4,15
S01010247,244,21,71,63,89,172,16,46,44,66,72,5,25,19,23,18,3,5,4,6,21,0,9,5,7,33,2,11,10,10
S01010248,383,120,170,36,57,337,113,148,31,45,46,7,22,5,12,25,6,12,4,3,11,0,5,1,5,10,1,5,0,4
S01010249,346,64,162,38,82,315,60,150,32,73,31,4,12,6,9,12,2,2,2,6,7,2,4,1,0,12,0,6,3,3
S01010250,347,98,162,33,54,303,85,150,25,43,44,13,12,8,11,27,8,5,7,7,14,5,5,1,3,3,0,2,0,1
S01010251,304,75,159,28,42,242,59,137,19,27,62,16,22,9,15,37,10,14,4,9,16,6,5,2,3,9,0,3,3,3
S01010252,261,65,119,33,44,200,47,96,26,31,61,18,23,7,13,31,9,14,3,5,13,6,2,2,3,17,3,7,2,5
S01010253,283,17,90,50,126,214,16,67,39,92,69,1,23,11,34,39,0,20,6,13,16,0,2,1,13,14,1,1,4,8
S01010254,428,52,137,76,163,330,46,102,63,119,98,6,35,13,44,43,4,11,7,21,36,2,16,5,13,19,0,8,1,10
S01010255,288,22,76,49,141,195,14,59,33,89,93,8,17,16,52,34,4,7,5,18,32,2,3,7,20,27,2,7,4,14
S01010256,421,22,119,67,213,315,19,88,52,156,106,3,31,15,57,47,3,12,6,26,40,0,11,8,21,19,0,8,1,10
S01010257,460,72,268,41,79,437,72,265,37,63,23,0,3,4,16,2,0,1,1,0,4,0,0,0,4,17,0,2,3,12
S01010258,419,105,270,18,26,407,101,264,17,25,12,4,6,1,1,9,4,4,0,1,3,0,2,1,0,0,0,0,0,0
S01010259,353,22,103,61,167,283,21,78,53,131,70,1,25,8,36,26,1,12,2,11,27,0,6,5,16,17,0,7,1,9
S01010260,609,150,298,58,103,575,149,284,56,86,34,1,14,2,17,15,0,7,1,7,10,0,3,0,7,9,1,4,1,3
S01010261,360,26,154,41,139,313,26,143,38,106,47,0,11,3,33,24,0,8,1,15,19,0,2,1,16,4,0,1,1,2
S01010262,312,27,105,54,126,292,25,102,50,115,20,2,3,4,11,8,0,2,3,3,6,0,0,1,5,6,2,1,0,3
S01010263,403,128,207,20,48,387,122,201,20,44,16,6,6,0,4,7,2,4,0,1,7,3,1,0,3,2,1,1,0,0
S01010264,511,152,232,36,91,503,150,229,35,89,8,2,3,1,2,7,2,3,1,1,0,0,0,0,0,1,0,0,0,1
S01010265,567,213,300,24,30,553,209,293,23,28,14,4,7,1,2,11,3,6,1,1,2,0,1,0,1,1,1,0,0,0
S01010266,216,65,104,15,32,183,57,94,13,19,33,8,10,2,13,16,5,6,0,5,10,1,2,1,6,7,2,2,1,2
S01010267,315,65,190,22,38,297,61,181,21,34,18,4,9,1,4,10,3,6,1,0,4,1,1,0,2,4,0,2,0,2
S01010268,369,84,175,21,89,328,74,161,17,76,41,10,14,4,13,19,5,6,3,5,10,3,2,1,4,12,2,6,0,4
S01010269,299,62,154,26,57,280,55,151,23,51,19,7,3,3,6,14,7,3,0,4,4,0,0,3,1,1,0,0,0,1
S01010270,568,82,235,65,186,545,77,226,62,180,23,5,9,3,6,13,4,3,1,5,7,0,4,2,1,3,1,2,0,0
S01010271,288,54,174,22,38,263,51,159,20,33,25,3,15,2,5,13,1,10,0,2,8,0,3,2,3,4,2,2,0,0
S01010272,615,120,212,63,220,562,113,200,56,193,53,7,12,7,27,34,7,6,7,14,12,0,3,0,9,7,0,3,0,4
S01010273,402,116,237,17,32,390,112,235,14,29,12,4,2,3,3,8,3,2,2,1,2,1,0,0,1,2,0,0,1,1
S01010274,326,104,166,31,25,318,102,163,29,24,8,2,3,2,1,5,2,3,0,0,1,0,0,1,0,2,0,0,1,1
S01010275,351,102,197,17,35,335,98,193,15,29,16,4,4,2,6,9,3,3,1,2,5,0,1,1,3,2,1,0,0,1
S01010276,613,255,273,34,51,564,232,259,32,41,49,23,14,2,10,29,13,11,2,3,17,8,2,0,7,3,2,1,0,0
S01010277,217,21,86,28,82,165,19,70,22,54,52,2,16,6,28,19,0,6,1,12,20,1,6,3,10,13,1,4,2,6
S01010278,275,33,80,45,117,183,27,51,36,69,92,6,29,9,48,36,1,8,2,25,35,3,14,5,13,21,2,7,2,10
S01010279,285,40,124,51,70,235,30,106,42,57,50,10,18,9,13,22,6,8,2,6,9,3,4,2,0,19,1,6,5,7
S01010280,406,104,198,42,62,362,91,183,38,50,44,13,15,4,12,24,10,11,1,2,10,2,1,2,5,10,1,3,1,5
S01010281,448,142,208,36,62,414,134,192,33,55,34,8,16,3,7,28,7,12,2,7,2,0,1,1,0,4,1,3,0,0
S01010282,555,142,213,64,136,496,129,197,57,113,59,13,16,7,23,32,12,8,4,8,14,0,4,2,8,13,1,4,1,7
S01010283,284,90,128,19,47,251,85,123,14,29,33,5,5,5,18,14,4,2,3,5,9,0,1,0,8,10,1,2,2,5
S01010284,607,202,288,37,80,569,188,276,31,74,38,14,12,6,6,19,10,5,2,2,11,4,4,1,2,8,0,3,3,2
S01010285,387,89,176,45,77,321,77,156,38,50,66,12,20,7,27,26,3,13,3,7,27,3,6,3,15,13,6,1,1,5
S01010286,354,99,168,25,62,304,91,152,16,45,50,8,16,9,17,29,7,10,4,8,12,0,4,3,5,9,1,2,2,4
S01010287,355,110,189,14,42,316,90,180,12,34,39,20,9,2,8,26,11,8,2,5,6,4,1,0,1,7,5,0,0,2
S01010288,332,128,161,20,23,294,114,141,20,19,38,14,20,0,4,25,9,13,0,3,6,3,2,0,1,7,2,5,0,0
S01010289,366,197,134,16,19,308,157,123,14,14,58,40,11,2,5,41,29,7,1,4,11,7,2,1,1,6,4,2,0,0
S01010290,263,69,135,18,41,233,62,124,13,34,30,7,11,5,7,16,5,7,1,3,7,2,3,1,1,7,0,1,3,3
S01010291,416,82,240,27,67,361,67,222,20,52,55,15,18,7,15,28,13,10,2,3,14,0,4,2,8,13,2,4,3,4
S01010292,378,125,191,25,37,348,117,182,20,29,30,8,9,5,8,13,5,4,1,3,10,2,2,1,5,7,1,3,3,0
S01010293,327,80,162,20,65,283,73,152,19,39,44,7,10,1,26,22,3,8,0,11,13,3,2,1,7,9,1,0,0,8
S01010294,253,50,154,11,38,226,43,148,9,26,27,7,6,2,12,9,2,2,1,4,11,4,2,0,5,7,1,2,1,3
S01010295,404,92,215,32,65,358,85,203,26,44,46,7,12,6,21,22,2,8,5,7,14,5,2,1,6,10,0,2,0,8
S01010296,262,45,131,20,66,212,35,120,16,41,50,10,11,4,25,23,5,8,1,9,16,4,2,0,10,11,1,1,3,6
S01010297,524,80,207,67,170,474,76,195,58,145,50,4,12,9,25,23,2,9,1,11,14,1,2,5,6,13,1,1,3,8
S01010298,342,71,142,37,92,297,60,128,30,79,45,11,14,7,13,22,4,6,6,6,15,5,4,0,6,8,2,4,1,1
S01010299,206,30,61,29,86,158,24,51,23,60,48,6,10,6,26,23,3,8,1,11,11,1,1,2,7,14,2,1,3,8
S01010300,388,64,182,34,108,328,62,163,28,75,60,2,19,6,33,25,1,9,2,13,14,0,5,0,9,21,1,5,4,11
S01010301,267,53,139,17,58,232,45,126,15,46,35,8,13,2,12,15,2,7,1,5,13,5,4,0,4,7,1,2,1,3
S01010302,290,22,78,33,157,219,21,62,29,107,71,1,16,4,50,23,1,5,0,17,29,0,8,1,20,19,0,3,3,13
S01010303,226,9,63,26,128,114,6,35,16,57,112,3,28,10,71,48,2,12,5,29,34,1,10,1,22,30,0,6,4,20
S01010304,281,41,95,28,117,241,34,83,25,99,40,7,12,3,18,20,7,4,2,7,13,0,5,1,7,7,0,3,0,4
S01010305,352,73,142,41,96,315,65,127,37,86,37,8,15,4,10,15,5,7,0,3,11,1,5,2,3,11,2,3,2,4
S01010306,423,114,217,29,63,374,105,197,23,49,49,9,20,6,14,14,5,3,2,4,18,3,6,3,6,17,1,11,1,4
S01010307,384,159,169,27,29,336,136,151,25,24,48,23,18,2,5,21,14,7,0,0,16,6,7,1,2,11,3,4,1,3
S01010308,433,164,205,21,43,361,138,183,15,25,72,26,22,6,18,35,19,11,2,3,22,2,10,3,7,15,5,1,1,8
S01010309,193,6,43,38,106,171,6,34,34,97,22,0,9,4,9,8,0,1,2,5,8,0,4,0,4,6,0,4,2,0
S01010310,347,12,103,54,178,247,10,83,38,116,100,2,20,16,62,55,1,14,10,30,30,1,5,4,20,15,0,1,2,12
S01010311,282,10,71,41,160,181,7,48,29,97,101,3,23,12,63,35,1,9,2,23,37,1,10,4,22,29,1,4,6,18
S01010312,357,8,76,43,230,231,6,46,28,151,126,2,30,15,79,56,1,13,3,39,43,0,13,8,22,27,1,4,4,18
S01010313,284,13,50,49,172,213,8,40,38,127,71,5,10,11,45,31,3,3,9,16,27,2,3,0,22,13,0,4,2,7
S01010314,448,45,194,53,156,356,42,166,36,112,92,3,28,17,44,31,1,8,3,19,32,1,8,6,17,29,1,12,8,8
S01010315,353,45,109,59,140,206,29,70,30,77,147,16,39,29,63,68,9,22,9,28,51,5,10,11,25,28,2,7,9,10
S01010316,282,34,82,32,134,215,30,61,25,99,67,4,21,7,35,24,1,8,4,11,23,2,8,2,11,20,1,5,1,13
S01010317,342,124,170,20,28,309,117,156,15,21,33,7,14,5,7,10,2,8,0,0,13,4,1,4,4,10,1,5,1,3
S01010318,270,33,102,33,102,217,29,85,25,78,53,4,17,8,24,22,2,9,3,8,24,2,7,4,11,7,0,1,1,5
S01010319,362,96,155,36,75,308,82,135,32,59,54,14,20,4,16,29,8,10,4,7,14,4,5,0,5,11,2,5,0,4
S01010320,375,79,167,41,88,340,71,158,38,73,35,8,9,3,15,19,8,3,1,7,12,0,6,0,6,4,0,0,2,2
S01010321,387,84,137,52,114,351,82,131,43,95,36,2,6,9,19,14,1,2,2,9,8,1,2,3,2,14,0,2,4,8
S01010322,470,207,195,30,38,408,179,177,23,29,62,28,18,7,9,34,14,15,1,4,12,8,0,2,2,16,6,3,4,3
S01010323,272,13,50,34,175,202,12,40,24,126,70,1,10,10,49,33,1,4,4,24,16,0,3,4,9,21,0,3,2,16
S01010324,228,4,58,40,126,165,2,44,31,88,63,2,14,9,38,36,1,6,8,21,12,1,4,0,7,15,0,4,1,10
S01010325,262,11,61,62,128,180,10,40,42,88,82,1,21,20,40,30,0,8,7,15,28,1,6,6,15,24,0,7,7,10
S01010326,414,14,67,76,257,254,9,41,50,154,160,5,26,26,103,61,3,13,11,34,54,0,8,7,39,45,2,5,8,30
S01010327,320,33,68,59,160,174,16,41,28,89,146,17,27,31,71,66,12,12,15,27,46,3,6,9,28,34,2,9,7,16
S01010328,308,33,89,79,107,198,23,58,46,71,110,10,31,33,36,46,4,16,11,15,34,1,10,11,12,30,5,5,11,9
S01010329,198,11,55,44,88,148,9,45,32,62,50,2,10,12,26,21,1,6,4,10,22,1,3,6,12,7,0,1,2,4
S01010330,227,7,43,52,125,131,3,25,38,65,96,4,18,14,60,35,3,5,4,23,37,1,8,7,21,24,0,5,3,16
S01010331,332,13,74,90,155,231,11,46,71,103,101,2,28,19,52,33,1,12,4,16,46,0,9,10,27,22,1,7,5,9
S01010332,209,7,45,29,128,117,4,23,20,70,92,3,22,9,58,18,2,3,0,13,41,1,13,4,23,33,0,6,5,22
S01010333,352,26,95,76,155,233,21,65,54,93,119,5,30,22,62,39,3,11,7,18,37,1,7,7,22,43,1,12,8,22
S01010334,328,16,98,81,133,187,10,46,54,77,141,6,52,27,56,61,4,27,6,24,47,1,18,12,16,33,1,7,9,16
S01010335,216,11,51,42,112,128,8,27,28,65,88,3,24,14,47,28,1,10,2,15,23,1,4,5,13,37,1,10,7,19
S01010336,321,9,65,51,196,214,3,33,36,142,107,6,32,15,54,47,2,14,7,24,40,0,15,2,23,20,4,3,6,7
S01010337,195,9,42,46,98,121,8,26,29,58,74,1,16,17,40,20,0,8,5,7,24,0,2,4,18,30,1,6,8,15
S01010338,286,8,52,55,171,161,5,27,37,92,125,3,25,18,79,46,0,10,7,29,47,1,8,8,30,32,2,7,3,20
S01010339,180,10,38,53,79,87,5,16,29,37,93,5,22,24,42,36,4,9,8,15,27,0,5,5,17,30,1,8,11,10
S01010340,269,11,82,50,126,152,9,45,32,66,117,2,37,18,60,49,2,11,5,31,38,0,16,6,16,30,0,10,7,13
S01010341,189,17,59,42,71,112,12,36,25,39,77,5,23,17,32,29,0,10,4,15,26,3,9,7,7,22,2,4,6,10
S01010342,251,20,91,75,65,169,13,64,51,41,82,7,27,24,24,22,3,6,6,7,25,0,9,8,8,35,4,12,10,9
S01010343,332,36,125,88,83,197,20,81,49,47,135,16,44,39,36,46,3,18,12,13,44,6,14,13,11,45,7,12,14,12
S01010344,326,7,63,69,187,238,6,40,61,131,88,1,23,8,56,36,0,6,5,25,24,0,8,1,15,28,1,9,2,16
S01010345,147,40,58,27,22,62,14,30,9,9,85,26,28,18,13,31,13,9,6,3,32,8,11,9,4,22,5,8,3,6
S01010346,327,77,98,81,71,201,47,57,48,49,126,30,41,33,22,31,9,10,6,6,52,9,23,12,8,43,12,8,15,8
S01010347,355,34,98,57,166,214,25,61,37,91,141,9,37,20,75,59,5,18,8,28,51,3,12,5,31,31,1,7,7,16
S01010348,326,27,91,81,127,203,17,49,56,81,123,10,42,25,46,56,2,21,10,23,35,5,10,6,14,32,3,11,9,9
S01010349,304,17,79,80,128,201,8,50,55,88,103,9,29,25,40,42,5,16,8,13,26,2,7,6,11,35,2,6,11,16
S01010350,347,13,89,65,180,200,9,48,46,97,147,4,41,19,83,54,1,15,9,29,55,2,16,4,33,38,1,10,6,21
S01010351,324,37,107,68,112,198,24,74,39,61,126,13,33,29,51,48,3,17,8,20,42,7,11,8,16,36,3,5,13,15
S01010352,189,11,53,39,86,147,8,41,35,63,42,3,12,4,23,18,1,8,1,8,7,2,1,1,3,17,0,3,2,12
S01010353,451,18,66,90,277,302,7,43,69,183,149,11,23,21,94,71,6,8,10,47,39,3,8,3,25,39,2,7,8,22
S01010354,293,25,85,50,133,198,18,64,34,82,95,7,21,16,51,37,3,8,4,22,28,2,5,6,15,30,2,8,6,14
S01010355,321,27,79,73,142,242,21,59,61,101,79,6,20,12,41,32,3,6,7,16,28,2,11,2,13,19,1,3,3,12
S01010356,284,44,92,63,85,197,27,73,45,52,87,17,19,18,33,39,8,12,10,9,28,6,5,3,14,20,3,2,5,10
S01010357,269,16,69,57,127,208,10,51,42,105,61,6,18,15,22,26,5,8,5,8,21,1,4,5,11,14,0,6,5,3
S01010358,369,15,71,70,213,279,11,53,48,167,90,4,18,22,46,34,3,10,8,13,34,1,4,6,23,22,0,4,8,10
S01010359,327,19,58,44,206,197,15,36,31,115,130,4,22,13,91,56,2,10,5,39,29,2,3,5,19,45,0,9,3,33
S01010360,253,26,66,37,124,177,19,52,26,80,76,7,14,11,44,31,2,8,4,17,18,3,3,4,8,27,2,3,3,19
S01010361,335,18,84,51,182,262,14,60,43,145,73,4,24,8,37,28,4,11,2,11,25,0,7,2,16,20,0,6,4,10
S01010362,503,25,131,87,260,470,22,124,81,243,33,3,7,6,17,12,1,2,1,8,14,1,4,3,6,7,1,1,2,3
S01010363,323,107,137,31,48,246,82,107,23,34,77,25,30,8,14,34,14,9,4,7,20,3,13,0,4,23,8,8,4,3
S01010364,244,111,78,28,27,133,54,42,20,17,111,57,36,8,10,44,27,11,4,2,31,19,8,0,4,36,11,17,4,4
S01010365,347,185,116,24,22,248,127,87,16,18,99,58,29,8,4,36,26,7,0,3,29,17,8,4,0,34,15,14,4,1
S01010366,409,169,151,41,48,318,118,127,32,41,91,51,24,9,7,37,20,10,3,4,18,11,4,2,1,36,20,10,4,2
S01010367,393,193,149,21,30,292,140,115,14,23,101,53,34,7,7,43,26,12,2,3,27,15,6,3,3,31,12,16,2,1
S01010368,279,160,93,13,13,217,118,78,11,10,62,42,15,2,3,24,15,9,0,0,18,14,3,0,1,20,13,3,2,2
S01010369,399,132,152,36,79,333,103,140,26,64,66,29,12,10,15,36,14,10,6,6,18,8,1,2,7,12,7,1,2,2
S01010370,305,145,119,21,20,241,113,98,14,16,64,32,21,7,4,23,11,9,1,2,17,7,5,4,1,24,14,7,2,1
S01010371,407,190,169,13,35,340,144,153,10,33,67,46,16,3,2,36,24,8,3,1,15,11,3,0,1,16,11,5,0,0
S01010372,185,86,69,17,13,134,54,58,13,9,51,32,11,4,4,27,19,5,2,1,14,8,3,1,2,10,5,3,1,1
S01010373,347,141,141,23,42,296,120,122,19,35,51,21,19,4,7,30,15,10,0,5,13,5,5,3,0,8,1,4,1,2
S01010374,400,179,176,17,28,319,137,147,15,20,81,42,29,2,8,36,22,12,0,2,31,16,10,1,4,14,4,7,1,2
S01010375,198,58,116,10,14,184,51,112,9,12,14,7,4,1,2,8,5,2,0,1,4,2,1,0,1,2,0,1,1,0
S01010376,345,87,217,19,22,316,78,203,16,19,29,9,14,3,3,14,5,6,2,1,7,1,4,0,2,8,3,4,1,0
S01010377,356,85,201,14,56,303,69,182,13,39,53,16,19,1,17,31,8,11,0,12,10,4,3,0,3,12,4,5,1,2
S01010378,257,81,154,9,13,230,68,148,7,7,27,13,6,2,6,9,4,3,1,1,11,4,3,0,4,7,5,0,1,1
S01010379,402,97,246,15,44,367,83,232,11,41,35,14,14,4,3,11,3,7,1,0,12,5,3,2,2,12,6,4,1,1
S01010380,445,179,193,26,47,388,146,176,23,43,57,33,17,3,4,30,15,10,2,3,15,9,4,1,1,12,9,3,0,0
S01010381,359,96,196,26,41,335,92,187,22,34,24,4,9,4,7,11,2,7,1,1,4,1,0,1,2,9,1,2,2,4
S01010382,434,137,203,43,51,392,129,184,36,43,42,8,19,7,8,14,3,7,2,2,16,2,8,4,2,12,3,4,1,4
S01010383,336,51,155,37,93,294,48,140,32,74,42,3,15,5,19,16,2,5,2,7,12,0,6,2,4,14,1,4,1,8
S01010384,405,158,178,30,39,368,139,170,26,33,37,19,8,4,6,24,16,5,2,1,5,2,0,1,2,8,1,3,1,3
S01010385,423,110,197,34,82,375,101,176,26,72,48,9,21,8,10,17,4,7,3,3,17,3,8,2,4,14,2,6,3,3
S01010386,438,79,186,55,118,372,76,162,44,90,66,3,24,11,28,25,1,11,3,10,21,2,7,1,11,20,0,6,7,7
S01010387,525,161,229,46,89,468,146,207,40,75,57,15,22,6,14,28,10,13,1,4,15,3,6,2,4,14,2,3,3,6
S01010388,474,79,204,66,125,398,69,171,58,100,76,10,33,8,25,28,5,13,3,7,27,3,10,1,13,21,2,10,4,5
S01010389,652,251,313,45,43,610,237,295,41,37,42,14,18,4,6,26,10,9,4,3,7,1,5,0,1,9,3,4,0,2
S01010390,671,202,286,78,105,613,191,269,63,90,58,11,17,15,15,25,7,9,6,3,15,3,2,4,6,18,1,6,5,6
S01010391,485,115,214,77,79,443,111,197,70,65,42,4,17,7,14,22,3,8,6,5,9,1,4,0,4,11,0,5,1,5
S01010392,401,199,162,23,17,348,167,147,20,14,53,32,15,3,3,34,21,9,3,1,11,6,4,0,1,8,5,2,0,1
S01010393,529,181,233,44,71,493,171,217,37,68,36,10,16,7,3,17,3,7,4,3,9,4,5,0,0,10,3,4,3,0
S01010394,381,68,113,60,140,315,60,93,54,108,66,8,20,6,32,22,1,5,0,16,25,4,9,3,9,19,3,6,3,7
S01010395,517,147,226,58,86,452,131,201,46,74,65,16,25,12,12,30,11,11,6,2,23,3,10,3,7,12,2,4,3,3
S01010396,457,147,173,43,94,390,126,151,34,79,67,21,22,9,15,31,10,10,6,5,15,6,4,0,5,21,5,8,3,5
S01010397,250,112,97,14,27,218,95,86,12,25,32,17,11,2,2,20,11,5,2,2,7,3,4,0,0,5,3,2,0,0
S01010398,485,215,198,29,43,413,194,165,20,34,72,21,33,9,9,34,13,11,4,6,21,4,12,4,1,17,4,10,1,2
S01010399,550,316,187,17,30,497,278,176,14,29,53,38,11,3,1,38,27,9,1,1,9,6,2,1,0,6,5,0,1,0
S01010400,423,234,138,22,29,322,172,114,17,19,101,62,24,5,10,34,18,9,3,4,31,23,5,1,2,36,21,10,1,4
S01010401,285,130,115,16,24,250,111,104,12,23,35,19,11,4,1,12,8,2,2,0,11,6,4,1,0,12,5,5,1,1
S01010402,424,257,121,26,20,350,207,100,25,18,74,50,21,1,2,34,24,9,0,1,23,17,5,1,0,17,9,7,0,1
S01010403,415,255,127,16,17,332,197,109,12,14,83,58,18,4,3,41,34,7,0,0,16,10,5,0,1,26,14,6,4,2
S01010404,308,150,115,17,26,247,114,98,14,21,61,36,17,3,5,31,20,8,1,2,15,8,4,2,1,15,8,5,0,2
S01010405,355,207,109,21,18,285,161,90,19,15,70,46,19,2,3,33,23,7,0,3,20,11,7,2,0,17,12,5,0,0
S01010406,394,173,161,25,35,341,145,142,21,33,53,28,19,4,2,29,13,12,3,1,10,7,3,0,0,14,8,4,1,1
S01010407,377,109,225,14,29,339,91,214,12,22,38,18,11,2,7,13,6,5,0,2,16,5,5,1,5,9,7,1,1,0
S01010408,185,56,65,27,37,111,22,42,21,26,74,34,23,6,11,29,18,9,1,1,23,6,7,4,6,22,10,7,1,4
S01010409,172,79,58,17,18,72,28,24,11,9,100,51,34,6,9,34,15,13,4,2,36,18,12,2,4,30,18,9,0,3
S01010410,194,103,65,14,12,114,53,45,10,6,80,50,20,4,6,30,19,8,1,2,29,18,8,2,1,21,13,4,1,3
S01010411,279,171,77,17,14,108,60,36,9,3,171,111,41,8,11,59,41,12,2,4,68,43,16,5,4,44,27,13,1,3
S01010412,370,196,127,16,31,311,162,113,13,23,59,34,14,3,8,21,12,6,1,2,26,16,6,1,3,12,6,2,1,3
S01010413,197,111,61,13,12,132,65,48,9,10,65,46,13,4,2,35,24,7,3,1,14,11,3,0,0,16,11,3,1,1
S01010414,342,157,128,27,30,207,82,90,14,21,135,75,38,13,9,51,32,11,4,4,39,22,10,3,4,45,21,17,6,1
S01010415,383,72,144,64,103,288,47,117,51,73,95,25,27,13,30,28,11,7,3,7,32,5,11,6,10,35,9,9,4,13
S01010416,233,122,77,16,18,161,79,61,9,12,72,43,16,7,6,37,25,8,1,3,22,15,3,4,0,13,3,5,2,3
S01010417,212,114,66,17,15,151,81,49,10,11,61,33,17,7,4,20,13,4,2,1,27,14,9,3,1,14,6,4,2,2
S01010418,492,267,152,35,38,387,200,129,28,30,105,67,23,7,8,44,30,9,0,5,32,18,10,3,1,29,19,4,4,2
S01010419,393,228,112,26,27,290,162,89,22,17,103,66,23,4,10,48,33,11,2,2,30,15,10,1,4,25,18,2,1,4
S01010420,162,88,41,15,18,77,43,21,6,7,85,45,20,9,11,28,15,4,4,5,32,18,7,2,5,25,12,9,3,1
S01010421,248,136,73,18,21,131,61,46,10,14,117,75,27,8,7,42,28,8,2,4,44,32,9,2,1,31,15,10,4,2
S01010422,327,152,86,43,46,183,72,54,31,26,144,80,32,12,20,49,29,9,2,9,40,26,9,2,3,55,25,14,8,8
S01010423,412,51,137,79,145,311,40,110,59,102,101,11,27,20,43,43,6,11,8,18,39,4,10,6,19,19,1,6,6,6
S01010424,357,51,127,53,126,264,45,94,41,84,93,6,33,12,42,36,5,16,1,14,27,1,5,5,16,30,0,12,6,12
S01010425,534,45,181,100,208,408,40,144,71,153,126,5,37,29,55,48,2,19,5,22,43,2,12,10,19,35,1,6,14,14
S01010426,366,53,126,63,124,293,44,106,50,93,73,9,20,13,31,39,7,9,7,16,21,1,5,6,9,13,1,6,0,6
S01010427,372,34,89,62,187,226,14,56,39,117,146,20,33,23,70,67,14,11,11,31,46,5,14,7,20,33,1,8,5,19
S01010428,218,88,82,18,30,121,35,52,12,22,97,53,30,6,8,30,15,11,2,2,41,26,9,2,4,26,12,10,2,2
S01010429,316,151,112,35,18,177,82,62,21,12,139,69,50,14,6,70,40,24,5,1,42,18,15,4,5,27,11,11,5,0
S01010430,367,20,118,65,164,255,12,86,51,106,112,8,32,14,58,47,3,12,5,27,40,4,15,6,15,25,1,5,3,16
S01010431,204,107,61,16,20,100,46,29,11,14,104,61,32,5,6,40,25,11,2,2,29,17,9,2,1,35,19,12,1,3
S01010432,403,35,126,76,166,294,28,94,62,110,109,7,32,14,56,37,3,8,5,21,42,3,13,5,21,30,1,11,4,14
S01010433,324,16,67,47,194,198,10,45,35,108,126,6,22,12,86,72,3,9,7,53,35,2,7,3,23,19,1,6,2,10
S01010434,283,18,88,49,128,192,14,55,43,80,91,4,33,6,48,42,3,14,5,20,28,0,11,0,17,21,1,8,1,11
S01010435,185,20,53,46,66,116,12,31,35,38,69,8,22,11,28,28,6,10,2,10,21,2,3,4,12,20,0,9,5,6
S01010436,372,32,128,50,162,287,27,97,40,123,85,5,31,10,39,41,2,12,4,23,31,1,14,6,10,13,2,5,0,6
S01010437,190,16,63,32,79,123,12,40,22,49,67,4,23,10,30,17,2,6,1,8,22,2,9,5,6,28,0,8,4,16
S01010438,340,20,98,64,158,191,6,58,39,88,149,14,40,25,70,68,6,23,13,26,57,7,13,8,29,24,1,4,4,15
S01010439,471,54,171,105,141,348,45,128,82,93,123,9,43,23,48,67,6,22,14,25,20,1,9,3,7,36,2,12,6,16
S01010440,252,20,60,48,124,170,13,40,32,85,82,7,20,16,39,37,3,9,6,19,19,1,6,4,8,26,3,5,6,12
S01010441,462,68,210,89,95,391,60,179,78,74,71,8,31,11,21,45,7,19,4,15,14,0,8,2,4,12,1,4,5,2
S01010442,364,33,122,80,129,269,31,92,63,83,95,2,30,17,46,43,2,14,8,19,33,0,8,6,19,19,0,8,3,8
S01010443,156,9,58,43,46,89,7,27,26,29,67,2,31,17,17,19,0,10,4,5,35,2,15,9,9,13,0,6,4,3
S01010444,192,11,51,52,78,115,7,35,32,41,77,4,16,20,37,32,1,9,8,14,26,1,5,6,14,19,2,2,6,9
S01010445,226,17,45,58,106,128,9,23,36,60,98,8,22,22,46,42,3,6,11,22,36,3,12,8,13,20,2,4,3,11
S01010446,231,37,65,61,68,132,25,32,35,40,99,12,33,26,28,27,4,6,8,9,30,1,13,6,10,42,7,14,12,9
S01010447,396,26,104,86,180,252,17,62,50,123,144,9,42,36,57,47,2,10,13,22,48,4,15,8,21,49,3,17,15,14
S01010448,252,36,91,57,68,152,21,51,41,39,100,15,40,16,29,34,6,11,4,13,28,6,12,6,4,38,3,17,6,12
S01010449,233,18,74,52,89,144,11,43,38,52,89,7,31,14,37,45,5,14,7,19,20,2,7,2,9,24,0,10,5,9
S01010450,268,26,79,67,96,196,16,58,49,73,72,10,21,18,23,32,3,10,10,9,17,3,8,2,4,23,4,3,6,10
S01010451,346,31,74,62,179,237,17,52,43,125,109,14,22,19,54,51,4,11,10,26,33,6,4,8,15,25,4,7,1,13
S01010452,230,29,93,46,62,149,17,61,27,44,81,12,32,19,18,32,6,13,7,6,29,2,14,9,4,20,4,5,3,8
S01010453,329,21,94,70,144,238,11,70,62,95,91,10,24,8,49,45,6,15,1,23,35,2,7,4,22,11,2,2,3,4
S01010454,241,26,72,65,78,156,19,44,42,51,85,7,28,23,27,29,2,13,6,8,32,3,10,8,11,24,2,5,9,8
S01010455,413,23,107,81,202,317,16,73,67,161,96,7,34,14,41,40,4,13,4,19,30,1,10,4,15,26,2,11,6,7
S01010456,178,17,63,44,54,122,15,40,31,36,56,2,23,13,18,20,1,7,4,8,15,0,6,6,3,21,1,10,3,7
S01010457,237,23,62,42,110,161,15,42,25,79,76,8,20,17,31,29,5,4,5,15,25,2,10,8,5,22,1,6,4,11
S01010458,269,19,84,53,113,183,11,56,36,80,86,8,28,17,33,46,3,19,10,14,21,3,2,3,13,19,2,7,4,6
S01010459,155,23,45,25,62,101,14,31,13,43,54,9,14,12,19,19,7,6,4,2,17,0,5,6,6,18,2,3,2,11
S01010460,271,126,81,30,34,178,74,62,20,22,93,52,19,10,12,36,21,5,5,5,40,22,9,5,4,17,9,5,0,3
S01010461,254,27,71,53,103,169,19,50,37,63,85,8,21,16,40,33,5,8,6,14,29,1,4,6,18,23,2,9,4,8
S01010462,411,8,86,57,260,266,5,54,41,166,145,3,32,16,94,75,1,16,8,50,41,0,6,3,32,29,2,10,5,12
S01010463,244,63,77,48,56,149,36,53,23,37,95,27,24,25,19,35,10,13,3,9,22,8,3,10,1,38,9,8,12,9
S01010464,158,25,60,30,43,105,15,37,24,29,53,10,23,6,14,19,5,11,1,2,17,2,8,2,5,17,3,4,3,7
S01010465,385,108,154,59,64,270,86,105,39,40,115,22,49,20,24,47,12,18,9,8,36,6,19,6,5,32,4,12,5,11
S01010466,408,146,175,38,49,333,119,154,25,35,75,27,21,13,14,32,13,10,2,7,19,4,8,6,1,24,10,3,5,6
S01010467,287,115,112,23,37,225,95,91,16,23,62,20,21,7,14,25,10,5,5,5,21,3,10,2,6,16,7,6,0,3
S01010468,329,129,127,27,46,217,84,92,15,26,112,45,35,12,20,44,19,11,4,10,36,18,11,3,4,32,8,13,5,6
S01010469,327,82,134,42,69,295,76,123,39,57,32,6,11,3,12,11,2,4,2,3,9,2,3,0,4,12,2,4,1,5
S01010470,235,42,88,52,53,158,30,56,35,37,77,12,32,17,16,30,7,16,4,3,22,2,8,6,6,25,3,8,7,7
S01010471,213,32,49,34,98,129,20,38,25,46,84,12,11,9,52,31,10,2,3,16,26,2,4,4,16,27,0,5,2,20
S01010472,264,94,96,26,48,220,81,82,19,38,44,13,14,7,10,30,11,8,5,6,5,0,2,1,2,9,2,4,1,2
S01010473,359,81,163,41,74,300,71,143,33,53,59,10,20,8,21,29,9,9,1,10,18,1,6,4,7,12,0,5,3,4
S01010474,361,94,143,45,79,289,82,123,30,54,72,12,20,15,25,44,11,13,8,12,17,1,3,4,9,11,0,4,3,4
S01010475,336,121,146,39,30,278,101,129,27,21,58,20,17,12,9,37,17,9,7,4,15,3,6,4,2,6,0,2,1,3
S01010476,325,89,131,44,61,234,64,104,29,37,91,25,27,15,24,38,15,9,7,7,22,1,7,3,11,31,9,11,5,6
S01010477,235,25,94,59,57,163,16,69,38,40,72,9,25,21,17,28,6,7,7,8,22,2,8,8,4,22,1,10,6,5
S01010478,486,41,156,79,210,392,33,126,63,170,94,8,30,16,40,44,3,13,4,24,27,2,8,7,10,23,3,9,5,6
S01010479,347,39,114,78,116,219,23,76,50,70,128,16,38,28,46,50,10,16,10,14,38,1,14,9,14,40,5,8,9,18
S01010480,174,19,65,38,52,98,13,33,20,32,76,6,32,18,20,19,3,6,6,4,29,0,15,8,6,28,3,11,4,10
S01010481,220,9,51,37,123,108,8,27,22,51,112,1,24,15,72,49,0,8,8,33,31,0,5,5,21,32,1,11,2,18
S01010482,214,25,77,38,74,116,16,38,22,40,98,9,39,16,34,30,3,10,6,11,34,4,12,4,14,34,2,17,6,9
S01010483,354,41,110,73,130,230,34,68,48,80,124,7,42,25,50,46,3,16,10,17,38,0,12,10,16,40,4,14,5,17
S01010484,181,22,51,42,66,116,13,35,25,43,65,9,16,17,23,27,6,8,6,7,16,1,3,5,7,22,2,5,6,9
S01010485,275,47,105,60,63,150,25,62,34,29,125,22,43,26,34,40,9,13,7,11,46,11,15,8,12,39,2,15,11,11
S01010486,266,55,94,64,53,161,38,56,34,33,105,17,38,30,20,31,1,14,11,5,38,9,12,11,6,36,7,12,8,9
S01010487,267,25,95,74,73,146,13,48,42,43,121,12,47,32,30,46,6,19,11,10,39,0,17,11,11,36,6,11,10,9
S01010488,302,8,63,48,183,149,4,33,27,85,153,4,30,21,98,64,3,16,9,36,47,0,4,4,39,42,1,10,8,23
S01010489,335,12,97,71,155,216,7,69,46,94,119,5,28,25,61,51,3,13,9,26,35,0,7,8,20,33,2,8,8,15
S01010490,264,14,66,38,146,125,10,29,20,66,139,4,37,18,80,84,1,22,9,52,32,3,6,4,19,23,0,9,5,9
S01010491,359,8,71,60,220,176,6,26,35,109,183,2,45,25,111,88,0,24,11,53,58,0,15,7,36,37,2,6,7,22
S01010492,185,3,32,29,121,93,3,13,20,57,92,0,19,9,64,40,0,8,4,28,29,0,6,1,22,23,0,5,4,14
S01010493,283,5,59,46,173,146,2,30,31,83,137,3,29,15,90,52,3,13,5,31,45,0,10,3,32,40,0,6,7,27
S01010494,229,8,52,46,123,123,3,27,28,65,106,5,25,18,58,42,3,8,6,25,39,1,12,4,22,25,1,5,8,11
S01010495,367,9,77,64,217,216,3,38,45,130,151,6,39,19,87,70,2,17,6,45,49,3,16,7,23,32,1,6,6,19
S01010496,323,8,60,55,200,191,6,29,38,118,132,2,31,17,82,59,1,11,7,40,40,0,14,7,19,33,1,6,3,23
S01010497,264,7,54,57,146,139,5,30,32,72,125,2,24,25,74,47,0,13,10,24,44,2,8,10,24,34,0,3,5,26
S01010498,296,3,57,60,176,173,2,28,35,108,123,1,29,25,68,46,0,12,11,23,39,1,7,6,25,38,0,10,8,20
S01010499,345,8,55,57,225,228,3,37,38,150,117,5,18,19,75,58,1,12,7,38,26,3,4,4,15,33,1,2,8,22
S01010500,351,16,69,56,210,158,5,25,27,101,193,11,44,29,109,73,3,17,11,42,75,4,15,10,46,45,4,12,8,21
S01010501,335,21,73,88,153,206,13,43,56,94,129,8,30,32,59,54,3,18,14,19,44,4,9,7,24,31,1,3,11,16
S01010502,299,14,82,69,134,168,7,36,44,81,131,7,46,25,53,50,2,19,9,20,46,3,16,9,18,35,2,11,7,15
S01010503,230,4,55,40,131,147,3,33,25,86,83,1,22,15,45,36,1,7,6,22,23,0,4,5,14,24,0,11,4,9
S01010504,165,34,55,46,30,110,24,35,27,24,55,10,20,19,6,22,4,7,9,2,25,4,10,8,3,8,2,3,2,1
S01010505,172,26,42,55,49,112,17,27,34,34,60,9,15,21,15,25,6,4,11,4,22,2,7,5,8,13,1,4,5,3
S01010506,267,47,73,87,60,174,34,42,59,39,93,13,31,28,21,31,2,10,10,9,35,9,14,6,6,27,2,7,12,6
S01010507,258,27,66,95,70,162,13,42,65,42,96,14,24,30,28,35,4,9,12,10,31,3,10,9,9,30,7,5,9,9
S01010508,300,53,77,89,81,196,36,51,57,52,104,17,26,32,29,33,6,9,10,8,36,7,12,7,10,35,4,5,15,11
S01010509,305,51,81,93,80,207,37,54,59,57,98,14,27,34,23,31,5,10,10,6,33,6,7,10,10,34,3,10,14,7
S01010510,203,31,59,70,43,131,19,30,44,38,72,12,29,26,5,27,5,10,10,2,22,4,11,6,1,23,3,8,10,2
S01010511,282,19,49,96,118,153,8,27,45,73,129,11,22,51,45,58,6,8,26,18,30,3,6,10,11,41,2,8,15,16
S01010512,172,20,37,58,57,102,14,25,29,34,70,6,12,29,23,23,1,3,12,7,25,2,6,13,4,22,3,3,4,12
S01010513,212,38,58,75,41,128,28,37,38,25,84,10,21,37,16,29,1,10,12,6,37,2,7,19,9,18,7,4,6,1
S01010514,206,20,49,63,74,112,7,27,31,47,94,13,22,32,27,38,3,8,16,11,28,5,7,7,9,28,5,7,9,7
S01010515,252,16,41,101,94,150,10,26,57,57,102,6,15,44,37,39,2,3,23,11,32,1,4,9,18,31,3,8,12,8
S01010516,202,38,74,41,49,141,31,51,28,31,61,7,23,13,18,29,1,12,6,10,18,3,4,3,8,14,3,7,4,0
S01010517,286,46,65,77,98,171,32,44,43,52,115,14,21,34,46,58,5,6,16,31,31,4,9,9,9,26,5,6,9,6
S01010518,233,32,58,71,72,159,25,36,44,54,74,7,22,27,18,33,2,8,16,7,22,1,8,6,7,19,4,6,5,4
S01010519,225,23,63,58,81,122,16,38,32,36,103,7,25,26,45,40,2,12,10,16,33,2,5,7,19,30,3,8,9,10
S01010520,276,37,69,109,61,154,27,34,55,38,122,10,35,54,23,39,4,10,16,9,48,4,15,20,9,35,2,10,18,5
S01010521,246,21,69,76,80,143,13,35,47,48,103,8,34,29,32,54,4,18,16,16,30,2,10,9,9,19,2,6,4,7
S01010522,210,17,53,49,91,138,12,41,28,57,72,5,12,21,34,36,3,5,11,17,18,1,1,4,12,18,1,6,6,5
S01010523,218,10,40,57,111,97,6,13,28,50,121,4,27,29,61,56,1,16,13,26,39,0,4,8,27,26,3,7,8,8
S01010524,166,38,46,49,33,129,31,38,35,25,37,7,8,14,8,14,2,3,6,3,10,2,2,5,1,13,3,3,3,4
S01010525,168,36,51,52,29,105,22,32,31,20,63,14,19,21,9,20,5,6,9,0,21,4,6,7,4,22,5,7,5,5
S01010526,258,50,74,83,51,170,39,55,43,33,88,11,19,40,18,40,1,10,23,6,29,5,8,10,6,19,5,1,7,6
S01010527,310,28,85,91,106,211,20,55,62,74,99,8,30,29,32,37,2,11,11,13,36,3,10,10,13,26,3,9,8,6
S01010528,196,43,58,57,38,133,30,38,36,29,63,13,20,21,9,25,6,5,6,8,28,7,7,13,1,10,0,8,2,0
S01010529,202,41,60,58,43,125,26,34,37,28,77,15,26,21,15,28,7,5,8,8,24,4,12,5,3,25,4,9,8,4
S01010530,192,41,59,45,47,126,24,40,26,36,66,17,19,19,11,29,7,11,7,4,22,8,1,7,6,15,2,7,5,1
S01010531,321,62,104,106,49,220,47,72,67,34,101,15,32,39,15,29,2,8,15,4,40,8,12,14,6,32,5,12,10,5
S01010532,165,29,41,62,33,112,22,29,39,22,53,7,12,23,11,17,4,5,5,3,20,1,4,10,5,16,2,3,8,3
S01010533,159,38,48,46,27,114,31,32,30,21,45,7,16,16,6,6,0,3,2,1,23,4,9,7,3,16,3,4,7,2
S01010534,275,54,66,91,64,155,37,36,47,35,120,17,30,44,29,33,7,4,12,10,44,5,14,17,8,43,5,12,15,11
S01010535,212,47,62,61,42,125,28,31,37,29,87,19,31,24,13,28,4,10,7,7,32,6,7,14,5,27,9,14,3,1
S01010536,271,37,77,77,80,170,20,48,51,51,101,17,29,26,29,45,9,12,12,12,31,3,12,7,9,25,5,5,7,8
S01010537,251,36,67,67,81,180,29,51,53,47,71,7,16,14,34,18,2,3,4,9,22,0,7,6,9,31,5,6,4,16
S01010538,308,50,107,82,69,165,37,51,43,34,143,13,56,39,35,67,3,27,21,16,52,9,18,12,13,24,1,11,6,6
S01010539,398,70,138,106,84,297,59,101,79,58,101,11,37,27,26,48,8,13,12,15,29,3,14,7,5,24,0,10,8,6
S01010540,194,38,67,50,39,130,28,45,36,21,64,10,22,14,18,19,3,11,1,4,20,3,3,5,9,25,4,8,8,5
S01010541,264,56,86,67,55,175,40,55,40,40,89,16,31,27,15,33,6,14,9,4,30,5,11,8,6,26,5,6,10,5
S01010542,255,65,65,82,43,165,45,43,49,28,90,20,22,33,15,25,3,4,13,5,39,11,10,13,5,26,6,8,7,5
S01010543,181,37,48,66,30,124,30,33,41,20,57,7,15,25,10,23,3,3,11,6,17,2,6,8,1,17,2,6,6,3
S01010544,256,36,47,88,85,147,21,29,48,49,109,15,18,40,36,45,8,6,19,12,34,1,6,11,16,30,6,6,10,8
S01010545,226,40,69,74,43,142,24,41,47,30,84,16,28,27,13,33,6,8,17,2,31,7,11,7,6,20,3,9,3,5
S01010546,235,40,52,86,57,162,26,37,56,43,73,14,15,30,14,30,2,2,17,9,20,4,7,8,1,23,8,6,5,4
S01010547,213,36,56,84,37,134,24,31,55,24,79,12,25,29,13,25,1,13,6,5,29,5,6,15,3,25,6,6,8,5
S01010548,163,33,54,48,28,101,24,30,26,21,62,9,24,22,7,25,3,7,11,4,17,3,8,6,0,20,3,9,5,3
S01010549,287,63,105,67,52,147,34,54,29,30,140,29,51,38,22,60,11,20,19,10,50,13,19,12,6,30,5,12,7,6
S01010550,166,29,47,53,37,100,16,28,33,23,66,13,19,20,14,23,6,2,9,6,21,1,11,5,4,22,6,6,6,4
S01010551,221,46,65,77,33,123,19,37,48,19,98,27,28,29,14,37,11,14,8,4,40,10,9,14,7,21,6,5,7,3
S01010552,244,60,67,77,40,149,32,41,50,26,95,28,26,27,14,25,6,7,8,4,35,9,9,11,6,35,13,10,8,4
S01010553,200,32,72,59,37,135,21,38,45,31,65,11,34,14,6,15,3,10,1,1,28,4,14,6,4,22,4,10,7,1
S01010554,277,39,100,64,74,187,31,60,44,52,90,8,40,20,22,38,4,23,4,7,30,2,11,8,9,22,2,6,8,6
S01010555,350,63,97,87,103,242,43,66,61,72,108,20,31,26,31,48,9,10,13,16,33,6,14,5,8,27,5,7,8,7
S01010556,275,21,56,88,110,149,12,29,48,60,126,9,27,40,50,48,3,9,15,21,40,4,8,15,13,38,2,10,10,16
S01010557,176,26,42,46,62,90,12,25,21,32,86,14,17,25,30,32,4,7,10,11,20,2,4,8,6,34,8,6,7,13
S01010558,229,36,59,69,65,147,24,41,42,40,82,12,18,27,25,31,5,7,8,11,25,3,4,10,8,26,4,7,9,6
S01010559,191,69,66,34,22,122,41,45,18,18,69,28,21,16,4,28,13,7,5,3,21,8,8,4,1,20,7,6,7,0
S01010560,180,62,50,41,27,120,37,37,29,17,60,25,13,12,10,11,6,1,4,0,24,9,5,3,7,25,10,7,5,3
S01010561,190,51,75,37,27,109,30,44,21,14,81,21,31,16,13,22,4,8,6,4,29,9,10,3,7,30,8,13,7,2
S01010562,208,23,70,78,37,132,16,44,43,29,76,7,26,35,8,24,4,4,13,3,21,2,6,11,2,31,1,16,11,3
S01010563,159,21,44,43,51,101,12,32,24,33,58,9,12,19,18,17,2,1,8,6,27,4,9,6,8,14,3,2,5,4
S01010564,183,12,35,57,79,146,10,26,46,64,37,2,9,11,15,20,0,2,10,8,9,1,3,1,4,8,1,4,0,3
S01010565,184,21,57,52,54,112,14,32,33,33,72,7,25,19,21,23,4,8,6,5,25,2,9,7,7,24,1,8,6,9
S01010566,341,84,103,107,47,211,57,68,56,30,130,27,35,51,17,49,13,11,22,3,46,8,13,15,10,35,6,11,14,4
S01010567,304,88,92,88,36,184,56,49,51,28,120,32,43,37,8,36,8,9,16,3,43,14,14,12,3,41,10,20,9,2
S01010568,309,81,74,79,75,174,53,41,41,39,135,28,33,38,36,54,15,9,18,12,40,7,13,9,11,41,6,11,11,13
S01010569,230,50,66,79,35,151,31,42,53,25,79,19,24,26,10,31,8,10,10,3,28,8,9,7,4,20,3,5,9,3
S01010570,342,38,89,96,119,199,25,57,59,58,143,13,32,37,61,51,3,9,14,25,49,6,16,9,18,43,4,7,14,18
S01010571,331,45,117,83,86,250,36,91,62,61,81,9,26,21,25,32,6,7,11,8,29,2,11,4,12,20,1,8,6,5
S01010572,284,30,84,77,93,181,20,53,47,61,103,10,31,30,32,54,6,17,16,15,35,2,11,10,12,14,2,3,4,5
S01010573,181,15,48,53,65,109,5,29,29,46,72,10,19,24,19,34,6,10,10,8,18,2,6,5,5,20,2,3,9,6
S01010574,173,45,75,38,15,82,21,35,18,8,91,24,40,20,7,41,11,16,11,3,21,6,8,4,3,29,7,16,5,1
S01010575,190,53,79,37,21,115,30,49,25,11,75,23,30,12,10,17,3,6,4,4,26,8,15,1,2,32,12,9,7,4
S01010576,227,66,77,51,33,136,41,53,25,17,91,25,24,26,16,27,8,5,10,4,37,7,10,11,9,27,10,9,5,3
S01010577,281,17,70,81,113,159,12,40,50,57,122,5,30,31,56,50,2,12,14,22,35,2,6,9,18,37,1,12,8,16
S01010578,173,11,64,42,56,98,5,40,21,32,75,6,24,21,24,21,0,8,8,5,29,5,7,5,12,25,1,9,8,7
S01010579,247,33,93,73,48,162,23,63,41,35,85,10,30,32,13,38,4,9,17,8,15,2,8,4,1,32,4,13,11,4
S01010580,265,40,86,64,75,224,34,75,54,61,41,6,11,10,14,26,3,8,7,8,7,1,1,2,3,8,2,2,1,3
S01010581,216,38,81,58,39,148,32,55,39,22,68,6,26,19,17,29,3,13,6,7,27,3,11,7,6,12,0,2,6,4
S01010582,150,47,42,33,28,92,29,29,17,17,58,18,13,16,11,19,5,5,7,2,22,6,4,7,5,17,7,4,2,4
S01010583,339,57,140,85,57,210,34,89,53,34,129,23,51,32,23,46,6,21,13,6,40,9,14,11,6,43,8,16,8,11
S01010584,283,53,102,64,64,136,32,46,30,28,147,21,56,34,36,74,12,27,20,15,44,4,19,9,12,29,5,10,5,9
S01010585,294,66,117,66,45,133,24,64,28,17,161,42,53,38,28,84,20,27,21,16,49,13,15,11,10,28,9,11,6,2
S01010586,236,77,77,54,28,131,47,44,23,17,105,30,33,31,11,35,11,9,10,5,32,13,10,4,5,38,6,14,17,1
S01010587,203,44,78,43,38,128,27,50,26,25,75,17,28,17,13,24,6,9,4,5,23,3,8,8,4,28,8,11,5,4
S01010588,208,54,67,43,44,124,34,36,22,32,84,20,31,21,12,30,11,6,8,5,34,5,19,6,4,20,4,6,7,3
S01010589,254,24,74,59,97,178,18,53,43,64,76,6,21,16,33,35,0,14,4,17,22,3,4,8,7,19,3,3,4,9
S01010590,255,105,84,45,21,108,37,38,23,10,147,68,46,22,11,65,31,16,11,7,50,19,22,8,1,32,18,8,3,3
S01010591,291,64,107,62,58,151,37,55,30,29,140,27,52,32,29,89,15,31,22,21,33,6,17,5,5,18,6,4,5,3
S01010592,232,32,77,65,58,177,26,60,45,46,55,6,17,20,12,28,1,8,14,5,16,3,5,5,3,11,2,4,1,4
S01010593,191,56,73,35,27,106,29,41,20,16,85,27,32,15,11,30,10,13,3,4,32,8,12,7,5,23,9,7,5,2
S01010594,244,48,93,54,49,140,34,56,31,19,104,14,37,23,30,49,6,19,9,15,33,7,7,8,11,22,1,11,6,4
S01010595,295,72,112,63,48,133,43,52,21,17,162,29,60,42,31,80,14,32,19,15,58,12,19,15,12,24,3,9,8,4
S01010596,269,73,90,70,36,152,38,45,44,25,117,35,45,26,11,56,17,18,15,6,35,12,14,6,3,26,6,13,5,2
S01010597,262,57,99,54,52,144,40,52,27,25,118,17,47,27,27,66,12,23,16,15,32,2,14,6,10,20,3,10,5,2
S01010598,386,80,173,67,66,196,37,98,35,26,190,43,75,32,40,110,23,45,21,21,44,9,16,5,14,36,11,14,6,5
S01010599,202,61,71,38,32,118,30,47,21,20,84,31,24,17,12,38,11,11,10,6,25,11,7,4,3,21,9,6,3,3
S01010600,278,70,104,64,40,203,49,75,47,32,75,21,29,17,8,18,3,7,5,3,27,7,13,4,3,30,11,9,8,2
S01010601,163,37,57,38,31,92,21,32,19,20,71,16,25,19,11,18,4,6,5,3,26,6,10,6,4,27,6,9,8,4
S01010602,214,39,73,59,43,163,28,56,44,35,51,11,17,15,8,15,5,3,3,4,20,4,8,5,3,16,2,6,7,1
S01010603,249,58,91,56,44,177,43,70,33,31,72,15,21,23,13,23,5,6,7,5,33,8,10,11,4,16,2,5,5,4
S01010604,138,60,42,23,13,69,30,22,8,9,69,30,20,15,4,18,8,4,6,0,22,10,7,3,2,29,12,9,6,2
S01010605,237,56,81,56,44,148,35,53,29,31,89,21,28,27,13,31,8,8,8,7,27,6,11,10,0,31,7,9,9,6
S01010606,250,22,64,78,86,142,13,38,39,52,108,9,26,39,34,41,2,11,18,10,43,4,9,13,17,24,3,6,8,7
S01010607,242,81,86,36,39,147,51,54,18,24,95,30,32,18,15,32,10,10,5,7,28,13,7,5,3,35,7,15,8,5
S01010608,253,20,62,58,113,141,12,39,37,53,112,8,23,21,60,53,2,11,11,29,38,2,8,5,23,21,4,4,5,8
S01010609,192,14,40,57,81,110,10,21,36,43,82,4,19,21,38,38,1,10,12,15,23,0,7,2,14,21,3,2,7,9
S01010610,191,70,61,30,30,144,55,44,18,27,47,15,17,12,3,16,5,7,3,1,20,6,8,5,1,11,4,2,4,1
S01010611,383,44,105,119,115,281,34,78,88,81,102,10,27,31,34,41,4,11,13,13,35,3,11,9,12,26,3,5,9,9
S01010612,234,30,72,72,60,137,21,46,41,29,97,9,26,31,31,45,4,13,13,15,30,2,5,10,13,22,3,8,8,3
S01010613,216,39,82,41,54,148,21,61,28,38,68,18,21,13,16,26,8,8,4,6,19,4,5,7,3,23,6,8,2,7
S01010614,193,6,51,57,79,125,3,34,40,48,68,3,17,17,31,27,3,4,6,14,28,0,8,9,11,13,0,5,2,6
S01010615,342,71,115,82,74,219,42,84,50,43,123,29,31,32,31,56,13,12,19,12,47,11,11,12,13,20,5,8,1,6
S01010616,240,45,92,61,42,137,26,55,31,25,103,19,37,30,17,26,7,9,7,3,31,5,12,7,7,46,7,16,16,7
S01010617,269,40,102,78,49,158,20,58,49,31,111,20,44,29,18,36,6,11,13,6,47,12,20,8,7,28,2,13,8,5
S01010618,251,34,99,66,52,163,22,57,46,38,88,12,42,20,14,33,6,12,12,3,27,2,14,4,7,28,4,16,4,4
S01010619,295,39,74,74,108,225,32,62,58,73,70,7,12,16,35,30,2,4,7,17,19,1,3,4,11,21,4,5,5,7
S01010620,342,44,89,60,149,288,38,77,51,122,54,6,12,9,27,32,3,9,4,16,9,1,1,1,6,13,2,2,4,5
S01010621,342,97,87,75,83,249,65,66,54,64,93,32,21,21,19,35,12,5,8,10,34,11,9,8,6,24,9,7,5,3
S01010622,257,19,68,51,119,167,16,46,35,70,90,3,22,16,49,38,0,10,7,21,32,1,8,6,17,20,2,4,3,11
S01010623,266,30,164,29,43,92,19,45,14,14,174,11,119,15,29,104,7,76,4,17,51,2,33,7,9,19,2,10,4,3
S01010624,194,27,50,45,72,119,17,24,30,48,75,10,26,15,24,27,5,8,5,9,21,2,6,4,9,27,3,12,6,6
S01010625,198,70,73,27,28,131,46,54,12,19,67,24,19,15,9,21,9,5,4,3,20,6,4,7,3,26,9,10,4,3
S01010626,211,84,59,38,30,139,50,41,26,22,72,34,18,12,8,19,14,3,2,0,24,10,7,4,3,29,10,8,6,5
S01010627,299,79,88,50,82,227,65,67,37,58,72,14,21,13,24,35,7,10,6,12,22,3,5,4,10,15,4,6,3,2
S01010628,334,92,102,59,81,247,65,74,45,63,87,27,28,14,18,30,8,11,4,7,26,7,9,6,4,31,12,8,4,7
S01010629,288,95,86,58,49,192,55,63,42,32,96,40,23,16,17,26,9,6,6,5,43,20,8,7,8,27,11,9,3,4
S01010630,209,29,68,38,74,135,22,48,23,42,74,7,20,15,32,35,3,4,8,20,17,2,6,2,7,22,2,10,5,5
S01010631,238,45,85,48,60,191,40,73,36,42,47,5,12,12,18,22,2,3,6,11,14,1,4,4,5,11,2,5,2,2
S01010632,297,37,80,85,95,189,29,54,51,55,108,8,26,34,40,46,3,11,14,18,38,2,8,11,17,24,3,7,9,5
S01010633,320,19,78,79,144,183,10,46,53,74,137,9,32,26,70,58,4,11,14,29,47,4,13,7,23,32,1,8,5,18
S01010634,178,11,38,42,87,95,5,22,19,49,83,6,16,23,38,41,2,7,15,17,19,2,4,5,8,23,2,5,3,13
S01010635,232,13,70,69,80,133,9,42,35,47,99,4,28,34,33,38,3,12,10,13,29,0,9,13,7,32,1,7,11,13
S01010636,275,66,80,71,58,189,49,59,44,37,86,17,21,27,21,30,4,8,9,9,30,6,5,12,7,26,7,8,6,5
S01010637,251,38,73,46,94,228,35,70,41,82,23,3,3,5,12,12,2,2,3,5,7,1,1,0,5,4,0,0,2,2
S01010638,232,31,63,62,76,157,21,43,43,50,75,10,20,19,26,25,6,7,4,8,23,2,6,7,8,27,2,7,8,10
S01010639,443,39,104,104,196,300,29,84,73,114,143,10,20,31,82,57,4,6,13,34,54,4,9,10,31,32,2,5,8,17
S01010640,348,55,109,85,99,283,47,88,72,76,65,8,21,13,23,26,1,9,7,9,22,3,7,3,9,17,4,5,3,5
S01010641,437,36,84,85,232,295,26,54,58,157,142,10,30,27,75,75,6,16,14,39,44,3,8,9,24,23,1,6,4,12
S01010642,361,11,67,90,193,195,7,31,59,98,166,4,36,31,95,63,4,9,13,37,63,0,17,9,37,40,0,10,9,21
S01010643,261,8,46,54,153,127,4,20,29,74,134,4,26,25,79,61,3,12,14,32,48,1,7,6,34,25,0,7,5,13
S01010644,292,3,45,54,190,193,2,24,38,129,99,1,21,16,61,52,0,11,6,35,31,1,6,8,16,16,0,4,2,10
S01010645,228,39,71,69,49,177,37,57,48,35,51,2,14,21,14,14,1,4,7,2,11,1,2,4,4,26,0,8,10,8
S01010646,219,44,82,54,39,153,24,58,41,30,66,20,24,13,9,22,8,8,1,5,18,6,8,2,2,26,6,8,10,2
S01010647,241,51,73,61,56,187,44,53,43,47,54,7,20,18,9,19,1,8,6,4,11,1,2,7,1,24,5,10,5,4
S01010648,231,32,70,58,71,166,23,52,45,46,65,9,18,13,25,18,4,5,2,7,22,3,5,6,8,25,2,8,5,10
S01010649,173,32,56,44,41,120,20,37,32,31,53,12,19,12,10,27,7,8,7,5,12,3,6,2,1,14,2,5,3,4
S01010650,167,18,54,47,48,107,15,33,28,31,60,3,21,19,17,22,1,5,7,9,24,0,11,7,6,14,2,5,5,2
S01010651,235,17,57,83,78,166,12,48,50,56,69,5,9,33,22,27,3,5,9,10,21,1,3,13,4,21,1,1,11,8
S01010652,253,39,97,52,65,158,24,61,29,44,95,15,36,23,21,33,2,9,12,10,30,3,12,7,8,32,10,15,4,3
S01010653,219,30,73,70,46,171,25,58,53,35,48,5,15,17,11,13,1,3,6,3,12,1,4,6,1,23,3,8,5,7
S01010654,274,12,95,69,98,188,10,63,46,69,86,2,32,23,29,38,2,15,9,12,24,0,10,7,7,24,0,7,7,10
S01010655,274,57,89,76,52,169,36,51,49,33,105,21,38,27,19,38,7,12,11,8,41,7,15,11,8,26,7,11,5,3
S01010656,133,12,46,39,36,62,5,20,19,18,71,7,26,20,18,31,3,11,9,8,26,2,9,7,8,14,2,6,4,2
S01010657,183,48,54,56,25,118,28,42,35,13,65,20,12,21,12,20,5,2,8,5,27,9,8,6,4,18,6,2,7,3
S01010658,214,51,72,59,32,139,28,50,39,22,75,23,22,20,10,28,8,9,8,3,23,10,3,4,6,24,5,10,8,1
S01010659,197,63,47,48,39,136,40,36,33,27,61,23,11,15,12,18,7,4,4,3,24,10,3,4,7,19,6,4,7,2
S01010660,181,30,44,53,54,109,16,29,26,38,72,14,15,27,16,29,3,8,9,9,22,4,3,12,3,21,7,4,6,4
S01010661,208,33,66,65,44,166,29,54,49,34,42,4,12,16,10,16,1,6,5,4,15,3,4,4,4,11,0,2,7,2
S01010662,226,46,75,64,41,133,26,51,31,25,93,20,24,33,16,30,4,7,9,10,28,8,6,11,3,35,8,11,13,3
S01010663,268,70,79,82,37,169,47,50,51,21,99,23,29,31,16,35,5,13,12,5,35,7,10,10,8,29,11,6,9,3
S01010664,242,73,80,50,39,148,43,51,32,22,94,30,29,18,17,30,11,7,7,5,31,6,14,5,6,33,13,8,6,6
S01010665,296,63,95,84,54,195,48,62,51,34,101,15,33,33,20,33,4,13,10,6,40,6,13,12,9,28,5,7,11,5
S01010666,276,51,82,85,58,151,26,40,52,33,125,25,42,33,25,34,6,11,7,10,44,9,15,14,6,47,10,16,12,9
S01010667,211,57,65,49,40,126,33,41,20,32,85,24,24,29,8,24,6,6,11,1,33,11,8,9,5,28,7,10,9,2
S01010668,336,54,107,113,62,236,43,77,80,36,100,11,30,33,26,34,3,9,10,12,32,3,13,11,5,34,5,8,12,9
S01010669,173,32,43,62,36,116,16,27,47,26,57,16,16,15,10,16,4,4,5,3,24,7,7,7,3,17,5,5,3,4
S01010670,218,43,61,69,45,140,28,41,36,35,78,15,20,33,10,16,2,3,9,2,32,9,7,13,3,30,4,10,11,5
S01010671,235,54,55,74,52,157,41,35,48,33,78,13,20,26,19,28,5,6,4,13,24,3,6,13,2,26,5,8,9,4
S01010672,241,29,54,76,82,161,26,35,52,48,80,3,19,24,34,21,0,5,8,8,28,2,6,12,8,31,1,8,4,18
S01010673,304,60,79,90,75,220,43,59,64,54,84,17,20,26,21,28,8,7,7,6,33,7,6,9,11,23,2,7,10,4
S01010674,326,59,91,107,69,216,42,55,76,43,110,17,36,31,26,42,4,13,13,12,44,8,16,10,10,24,5,7,8,4
S01010675,177,39,32,60,46,115,28,22,39,26,62,11,10,21,20,23,4,3,9,7,21,3,5,6,7,18,4,2,6,6
S01010676,274,74,82,60,58,196,58,58,36,44,78,16,24,24,14,34,7,11,10,6,30,6,7,11,6,14,3,6,3,2
S01010677,145,43,29,37,36,95,31,21,23,20,50,12,8,14,16,14,2,3,4,5,11,2,0,3,6,25,8,5,7,5
S01010678,186,37,35,68,46,127,24,27,41,35,59,13,8,27,11,13,4,4,4,1,24,7,2,11,4,22,2,2,12,6
S01010679,201,28,71,46,56,153,23,47,36,47,48,5,24,10,9,17,0,11,5,1,15,2,5,4,4,16,3,8,1,4
S01010680,222,31,58,54,79,159,23,43,40,53,63,8,15,14,26,22,2,8,1,11,20,3,2,5,10,21,3,5,8,5
S01010681,395,44,107,118,126,233,19,69,62,83,162,25,38,56,43,68,10,12,25,21,51,5,14,17,15,43,10,12,14,7
S01010682,294,57,103,90,44,187,35,72,52,28,107,22,31,38,16,42,9,10,19,4,42,7,14,12,9,23,6,7,7,3
S01010683,286,49,72,101,64,197,32,57,60,48,89,17,15,41,16,41,7,4,24,6,22,6,8,7,1,26,4,3,10,9
S01010684,227,43,57,79,48,165,34,41,55,35,62,9,16,24,13,11,0,4,5,2,34,7,6,14,7,17,2,6,5,4
S01010685,191,35,51,70,35,142,27,41,50,24,49,8,10,20,11,18,3,2,10,3,12,4,2,4,2,19,1,6,6,6
S01010686,207,36,50,78,43,134,25,32,48,29,73,11,18,30,14,15,2,2,9,2,34,3,8,14,9,24,6,8,7,3
S01010687,242,54,75,69,44,156,36,54,39,27,86,18,21,30,17,34,6,9,12,7,32,6,8,13,5,20,6,4,5,5
S01010688,215,49,57,63,46,153,32,44,43,34,62,17,13,20,12,21,6,2,10,3,20,9,6,2,3,21,2,5,8,6
S01010689,204,41,56,71,36,150,28,44,55,23,54,13,12,16,13,20,6,0,8,6,16,3,7,4,2,18,4,5,4,5
S01010690,215,28,73,62,52,139,17,49,40,33,76,11,24,22,19,25,5,4,7,9,28,4,11,6,7,23,2,9,9,3
S01010691,225,54,52,93,26,151,36,41,54,20,74,18,11,39,6,23,3,5,12,3,27,8,5,13,1,24,7,1,14,2
S01010692,242,37,61,79,65,140,20,38,42,40,102,17,23,37,25,39,3,7,14,15,29,6,6,10,7,34,8,10,13,3
S01010693,145,29,42,46,28,100,20,29,31,20,45,9,13,15,8,8,0,2,5,1,20,5,6,4,5,17,4,5,6,2
S01010694,160,28,43,57,32,116,16,38,37,25,44,12,5,20,7,9,5,0,3,1,17,4,2,9,2,18,3,3,8,4
S01010695,214,50,51,81,32,148,30,41,57,20,66,20,10,24,12,26,7,2,9,8,18,5,4,9,0,22,8,4,6,4
S01010696,282,57,78,82,65,166,29,46,50,41,116,28,32,32,24,39,8,8,10,13,45,12,14,13,6,32,8,10,9,5
S01010697,314,65,91,96,62,187,33,61,54,39,127,32,30,42,23,43,13,6,18,6,42,14,9,12,7,42,5,15,12,10
S01010698,237,47,55,64,71,149,32,39,39,39,88,15,16,25,32,23,3,5,5,10,42,6,8,12,16,23,6,3,8,6
S01010699,202,37,58,73,34,134,25,41,44,24,68,12,17,29,10,25,7,1,14,3,27,2,8,11,6,16,3,8,4,1
S01010700,185,54,44,51,36,117,30,29,31,27,68,24,15,20,9,28,12,7,7,2,20,5,5,6,4,20,7,3,7,3
S01010701,326,64,93,100,69,190,36,52,55,47,136,28,41,45,22,53,8,15,19,11,43,8,13,19,3,40,12,13,7,8
S01010702,286,68,83,91,44,203,48,65,64,26,83,20,18,27,18,26,13,3,5,5,25,2,8,11,4,32,5,7,11,9
S01010703,231,49,63,81,38,148,33,43,45,27,83,16,20,36,11,20,5,5,8,2,35,6,9,13,7,28,5,6,15,2
S01010704,193,26,48,62,57,115,12,30,38,35,78,14,18,24,22,25,4,7,8,6,33,6,8,10,9,20,4,3,6,7
S01010705,337,62,79,117,79,190,32,47,65,46,147,30,32,52,33,63,13,8,28,14,45,7,10,16,12,39,10,14,8,7
S01010706,235,25,55,78,77,142,17,32,44,49,93,8,23,34,28,50,3,14,17,16,21,1,3,10,7,22,4,6,7,5
S01010707,180,39,49,62,30,119,25,37,39,18,61,14,12,23,12,20,3,5,4,8,14,6,2,5,1,27,5,5,14,3
S01010708,170,25,55,52,38,112,15,39,31,27,58,10,16,21,11,19,5,2,7,5,23,2,9,8,4,16,3,5,6,2
S01010709,216,36,79,64,37,118,20,42,38,18,98,16,37,26,19,35,7,13,9,6,33,5,9,12,7,30,4,15,5,6
S01010710,230,16,48,73,93,139,10,26,45,58,91,6,22,28,35,42,3,10,14,15,19,0,3,7,9,30,3,9,7,11
S01010711,221,76,72,35,38,130,45,42,19,24,91,31,30,16,14,32,12,6,7,7,38,15,15,5,3,21,4,9,4,4
S01010712,214,22,54,54,84,113,12,29,23,49,101,10,25,31,35,25,3,5,8,9,43,3,13,11,16,33,4,7,12,10
S01010713,251,20,58,91,82,149,14,43,43,49,102,6,15,48,33,43,1,6,18,18,35,5,6,15,9,24,0,3,15,6
S01010714,252,27,54,67,104,167,13,41,45,68,85,14,13,22,36,38,7,3,9,19,30,5,6,9,10,17,2,4,4,7
S01010715,221,20,63,56,82,149,16,39,37,57,72,4,24,19,25,29,1,14,5,9,27,1,6,10,10,16,2,4,4,6
S01010716,330,57,90,87,96,249,41,72,67,69,81,16,18,20,27,39,5,10,13,11,20,5,4,4,7,22,6,4,3,9
S01010717,166,38,64,35,29,108,24,49,22,13,58,14,15,13,16,12,2,3,3,4,20,5,4,7,4,26,7,8,3,8
S01010718,312,54,107,75,76,194,33,74,40,47,118,21,33,35,29,49,10,12,15,12,41,4,11,14,12,28,7,10,6,5
S01010719,193,55,50,43,45,118,32,30,26,30,75,23,20,17,15,24,5,7,5,7,26,9,8,6,3,25,9,5,6,5
S01010720,180,54,56,45,25,111,34,35,25,17,69,20,21,20,8,20,7,6,5,2,19,6,6,6,1,30,7,9,9,5
S01010721,189,50,73,37,29,131,35,49,26,21,58,15,24,11,8,18,2,9,4,3,17,6,6,3,2,23,7,9,4,3
S01010722,256,63,73,58,62,147,34,39,39,35,109,29,34,19,27,31,9,9,9,4,46,11,19,5,11,32,9,6,5,12
S01010723,255,83,63,70,39,141,44,38,35,24,114,39,25,35,15,27,8,10,6,3,37,14,7,14,2,50,17,8,15,10
S01010724,250,53,65,82,50,141,25,39,44,33,109,28,26,38,17,34,6,11,13,4,43,11,10,15,7,32,11,5,10,6
S01010725,193,57,67,50,19,131,33,52,34,12,62,24,15,16,7,16,6,5,3,2,22,9,3,6,4,24,9,7,7,1
S01010726,256,66,76,71,43,169,42,49,44,34,87,24,27,27,9,26,8,6,8,4,34,8,12,9,5,27,8,9,10,0
S01010727,167,55,44,51,17,92,32,27,25,8,75,23,17,26,9,23,7,5,10,1,27,12,5,6,4,25,4,7,10,4
S01010728,141,49,55,27,10,75,24,31,13,7,66,25,24,14,3,11,5,3,2,1,27,7,12,6,2,28,13,9,6,0
S01010729,195,45,53,74,23,115,29,35,38,13,80,16,18,36,10,22,8,3,9,2,32,5,9,13,5,26,3,6,14,3
S01010730,256,64,72,76,44,154,41,46,39,28,102,23,26,37,16,33,8,6,13,6,32,7,12,9,4,37,8,8,15,6
S01010731,290,68,91,48,83,184,43,48,33,60,106,25,43,15,23,34,9,12,3,10,36,8,16,5,7,36,8,15,7,6
S01010732,269,16,54,75,124,160,7,38,49,66,109,9,16,26,58,44,5,6,12,21,37,2,8,8,19,28,2,2,6,18
S01010733,198,13,47,43,95,106,9,18,24,55,92,4,29,19,40,35,3,12,9,11,37,1,9,6,21,20,0,8,4,8
S01010734,301,18,71,84,128,165,11,38,53,63,136,7,33,31,65,52,2,9,6,35,53,3,17,13,20,31,2,7,12,10
S01010735,215,13,52,51,99,92,5,23,17,47,123,8,29,34,52,57,5,11,17,24,38,1,8,11,18,28,2,10,6,10
S01010736,147,35,36,47,29,90,23,20,25,22,57,12,16,22,7,19,2,5,9,3,22,6,7,7,2,16,4,4,6,2
S01010737,318,49,83,82,104,205,31,52,56,66,113,18,31,26,38,44,6,12,10,16,32,5,10,8,9,37,7,9,8,13
S01010738,150,15,31,56,48,93,11,21,36,25,57,4,10,20,23,23,2,4,12,5,23,2,5,6,10,11,0,1,2,8
S01010739,298,32,74,66,126,189,22,51,40,76,109,10,23,26,50,49,2,13,14,20,38,4,7,8,19,22,4,3,4,11
S01010740,196,5,39,46,106,131,5,20,35,71,65,0,19,11,35,31,0,8,1,22,21,0,3,8,10,13,0,8,2,3
S01010741,165,22,46,49,48,98,15,30,23,30,67,7,16,26,18,27,1,4,11,11,17,2,5,6,4,23,4,7,9,3
S01010742,216,19,47,58,92,114,10,25,29,50,102,9,22,29,42,48,4,12,13,19,30,4,6,11,9,24,1,4,5,14
S01010743,209,11,48,56,94,97,4,25,31,37,112,7,23,25,57,49,5,6,12,26,27,1,7,5,14,36,1,10,8,17
S01010744,334,35,91,99,109,207,28,56,59,64,127,7,35,40,45,51,2,13,16,20,34,2,8,13,11,42,3,14,11,14
S01010745,225,25,46,75,79,167,18,36,53,60,58,7,10,22,19,26,3,4,8,11,18,2,3,9,4,14,2,3,5,4
S01010746,327,55,79,102,91,213,32,49,70,62,114,23,30,32,29,38,8,7,12,11,39,12,9,10,8,37,3,14,10,10
S01010747,270,31,65,86,88,168,23,38,58,49,102,8,27,28,39,38,6,7,8,17,31,2,8,8,13,33,0,12,12,9
S01010748,189,27,47,74,41,121,14,28,47,32,68,13,19,27,9,25,7,3,11,4,22,3,9,8,2,21,3,7,8,3
S01010749,186,22,52,73,39,114,16,31,38,29,72,6,21,35,10,25,4,8,12,1,24,0,9,12,3,23,2,4,11,6
S01010750,178,31,51,52,44,133,24,39,38,32,45,7,12,14,12,21,3,5,7,6,16,3,4,4,5,8,1,3,3,1
S01010751,245,15,52,75,103,144,7,32,43,62,101,8,20,32,41,38,2,5,11,20,38,4,10,11,13,25,2,5,10,8
S01010752,260,25,60,76,99,153,16,36,44,57,107,9,24,32,42,53,5,12,17,19,27,2,6,9,10,27,2,6,6,13
S01010753,359,47,68,111,133,204,32,38,58,76,155,15,30,53,57,62,6,11,17,28,45,5,8,17,15,48,4,11,19,14
S01010754,230,34,53,57,86,160,24,32,39,65,70,10,21,18,21,33,3,11,10,9,24,5,5,6,8,13,2,5,2,4
S01010755,191,21,43,68,59,126,11,32,40,43,65,10,11,28,16,29,2,4,16,7,18,5,5,4,4,18,3,2,8,5
S01010756,183,31,63,54,35,111,16,37,35,23,72,15,26,19,12,25,5,9,5,6,27,5,11,8,3,20,5,6,6,3
S01010757,225,26,68,86,45,172,19,58,59,36,53,7,10,27,9,21,4,3,9,5,13,1,5,4,3,19,2,2,14,1
S01010758,186,32,50,63,41,121,17,32,48,24,65,15,18,15,17,15,3,3,4,5,22,8,5,3,6,28,4,10,8,6
S01010759,185,24,52,73,36,119,14,34,51,20,66,10,18,22,16,25,2,7,8,8,26,4,6,9,7,15,4,5,5,1
S01010760,160,39,52,37,32,117,30,36,27,24,43,9,16,10,8,20,4,5,4,7,14,4,9,1,0,9,1,2,5,1
S01010761,143,31,39,45,28,93,15,26,29,23,50,16,13,16,5,14,5,1,8,0,22,6,11,2,3,14,5,1,6,2
S01010762,162,30,46,51,35,99,17,23,33,26,63,13,23,18,9,20,3,8,5,4,20,5,8,5,2,23,5,7,8,3
S01010763,203,31,51,64,57,123,19,27,42,35,80,12,24,22,22,30,3,10,8,9,29,4,7,9,9,21,5,7,5,4
S01010764,179,31,50,62,36,131,26,35,45,25,48,5,15,17,11,14,2,5,4,3,19,1,7,7,4,15,2,3,6,4
S01010765,293,34,69,100,90,197,23,44,71,59,96,11,25,29,31,32,3,10,8,11,22,4,3,6,9,42,4,12,15,11
S01010766,219,32,59,75,53,138,23,33,49,33,81,9,26,26,20,28,4,10,7,7,30,2,8,12,8,23,3,8,7,5
S01010767,220,18,49,68,85,138,11,36,43,48,82,7,13,25,37,34,3,9,10,12,25,3,3,7,12,23,1,1,8,13
S01010768,158,16,40,49,53,95,7,23,31,34,63,9,17,18,19,29,5,6,7,11,13,3,2,5,3,21,1,9,6,5
S01010769,133,21,45,47,20,92,13,30,35,14,41,8,15,12,6,13,2,5,4,2,12,3,6,2,1,16,3,4,6,3
S01010770,279,33,72,99,75,181,20,43,68,50,98,13,29,31,25,40,4,15,10,11,31,6,7,12,6,27,3,7,9,8
S01010771,255,29,67,78,81,181,22,50,53,56,74,7,17,25,25,24,1,2,11,10,27,4,8,7,8,23,2,7,7,7
S01010772,231,26,63,81,61,186,20,55,63,48,45,6,8,18,13,10,1,3,4,2,19,4,2,6,7,16,1,3,8,4
S01010773,234,33,63,97,41,158,24,43,59,32,76,9,20,38,9,37,3,8,20,6,20,4,5,10,1,19,2,7,8,2
S01010774,217,28,51,63,75,143,18,38,38,49,74,10,13,25,26,23,5,1,6,11,34,1,8,13,12,17,4,4,6,3
S01010775,208,22,60,81,45,133,17,43,44,29,75,5,17,37,16,26,2,7,12,5,32,1,7,18,6,17,2,3,7,5
S01010776,182,21,52,56,53,125,14,33,38,40,57,7,19,18,13,29,2,10,8,9,16,1,5,7,3,12,4,4,3,1
S01010777,191,15,39,51,86,144,10,29,35,70,47,5,10,16,16,21,1,6,7,7,10,1,2,3,4,16,3,2,6,5
S01010778,207,10,39,44,114,129,6,27,28,68,78,4,12,16,46,32,2,5,7,18,24,2,2,6,14,22,0,5,3,14
S01010779,256,25,53,54,124,169,18,30,38,83,87,7,23,16,41,36,2,8,6,20,24,4,7,4,9,27,1,8,6,12
S01010780,171,19,41,48,63,114,15,26,31,42,57,4,15,17,21,19,0,3,7,9,19,3,5,4,7,19,1,7,6,5
S01010781,258,56,75,69,58,171,36,54,40,41,87,20,21,29,17,40,9,6,19,6,21,5,7,5,4,26,6,8,5,7
S01010782,214,29,52,58,75,146,16,42,35,53,68,13,10,23,22,29,5,3,12,9,20,3,4,6,7,19,5,3,5,6
S01010783,193,10,48,55,80,135,4,40,34,57,58,6,8,21,23,28,3,4,9,12,17,1,2,7,7,13,2,2,5,4
S01010784,257,12,54,60,131,147,10,26,38,73,110,2,28,22,58,45,0,8,7,30,42,1,13,11,17,23,1,7,4,11
S01010785,214,46,71,61,36,142,34,53,34,21,72,12,18,27,15,26,5,6,8,7,25,5,4,10,6,21,2,8,9,2
S01010786,209,37,62,68,42,112,17,38,37,20,97,20,24,31,22,32,7,6,7,12,38,9,9,15,5,27,4,9,9,5
S01010787,260,36,73,89,62,157,20,41,52,44,103,16,32,37,18,45,4,13,22,6,34,8,9,9,8,24,4,10,6,4
S01010788,203,31,54,64,54,133,21,37,41,34,70,10,17,23,20,27,4,5,8,10,23,4,7,7,5,20,2,5,8,5
S01010789,207,28,42,86,51,120,16,23,49,32,87,12,19,37,19,33,4,9,16,4,25,5,3,12,5,29,3,7,9,10
S01010790,175,26,43,73,33,112,17,25,47,23,63,9,18,26,10,19,1,4,11,3,24,4,11,6,3,20,4,3,9,4
S01010791,233,49,82,60,42,151,30,56,33,32,82,19,26,27,10,31,10,6,13,2,25,3,10,7,5,26,6,10,7,3
S01010792,220,28,45,70,77,137,14,25,51,47,83,14,20,19,30,32,4,9,6,13,26,3,7,9,7,25,7,4,4,10
S01010793,190,39,55,59,37,114,28,34,34,18,76,11,21,25,19,23,6,3,10,4,30,3,8,9,10,23,2,10,6,5
S01010794,182,39,53,51,39,112,27,29,32,24,70,12,24,19,15,25,6,8,4,7,28,5,10,10,3,17,1,6,5,5
S01010795,295,53,90,90,62,189,30,55,56,48,106,23,35,34,14,40,8,12,18,2,26,4,10,6,6,40,11,13,10,6
S01010796,237,53,67,95,22,143,22,44,61,16,94,31,23,34,6,33,11,7,13,2,29,10,6,10,3,32,10,10,11,1
S01010797,246,55,79,80,32,158,34,52,49,23,88,21,27,31,9,41,8,11,18,4,21,6,9,3,3,26,7,7,10,2
S01010798,204,46,53,69,36,125,23,32,44,26,79,23,21,25,10,20,5,4,8,3,32,7,10,10,5,27,11,7,7,2
S01010799,335,75,99,72,89,268,57,81,54,76,67,18,18,18,13,19,4,7,5,3,27,8,7,6,6,21,6,4,7,4
S01010800,262,11,72,89,90,182,7,52,63,60,80,4,20,26,30,40,1,9,14,16,18,1,6,4,7,22,2,5,8,7
S01010801,222,25,59,70,68,144,18,33,46,47,78,7,26,24,21,25,3,5,7,10,33,1,13,13,6,20,3,8,4,5
S01010802,193,35,58,56,44,135,25,40,37,33,58,10,18,19,11,25,6,6,7,6,14,2,5,5,2,19,2,7,7,3
S01010803,205,29,63,50,63,127,18,41,31,37,78,11,22,19,26,33,5,9,9,10,17,1,7,5,4,28,5,6,5,12
S01010804,189,41,72,46,30,123,27,51,25,20,66,14,21,21,10,15,3,4,4,4,22,2,10,8,2,29,9,7,9,4
S01010805,265,42,99,71,53,168,28,63,42,35,97,14,36,29,18,26,2,10,9,5,33,6,15,5,7,38,6,11,15,6
S01010806,349,39,95,70,145,244,28,69,48,99,105,11,26,22,46,36,4,10,6,16,44,5,9,8,22,25,2,7,8,8
S01010807,168,21,55,58,34,92,12,33,32,15,76,9,22,26,19,35,3,9,13,10,20,3,6,5,6,21,3,7,8,3
S01010808,175,44,61,36,34,92,23,34,17,18,83,21,27,19,16,21,2,11,6,2,38,7,11,10,10,24,12,5,3,4
S01010809,247,49,95,61,42,171,35,65,41,30,76,14,30,20,12,31,5,13,8,5,22,6,7,4,5,23,3,10,8,2
S01010810,148,28,49,43,28,102,16,38,27,21,46,12,11,16,7,11,0,3,7,1,19,5,5,4,5,16,7,3,5,1
S01010811,279,53,76,97,53,201,36,56,71,38,78,17,20,26,15,23,5,6,8,4,27,7,11,8,1,28,5,3,10,10
S01010812,161,22,29,67,43,119,16,21,47,35,42,6,8,20,8,16,2,1,10,3,16,4,4,6,2,10,0,3,4,3
S01010813,186,18,42,76,50,134,14,32,50,38,52,4,10,26,12,19,1,4,12,2,14,2,2,7,3,19,1,4,7,7
S01010814,215,42,55,80,38,156,33,39,58,26,59,9,16,22,12,14,6,2,5,1,24,1,9,8,6,21,2,5,9,5
S01010815,142,23,31,54,34,95,19,18,32,26,47,4,13,22,8,13,1,1,9,2,19,2,10,6,1,15,1,2,7,5
S01010816,151,67,51,19,14,79,28,27,13,11,72,39,24,6,3,20,12,6,1,1,28,15,10,3,0,24,12,8,2,2
S01010817,276,129,91,26,30,154,65,55,16,18,122,64,36,10,12,38,24,9,1,4,44,17,16,5,6,40,23,11,4,2
S01010818,332,129,114,41,48,207,63,80,31,33,125,66,34,10,15,35,19,4,4,8,51,29,17,1,4,39,18,13,5,3
S01010819,233,53,76,66,38,152,29,46,48,29,81,24,30,18,9,32,10,16,4,2,25,9,7,6,3,24,5,7,8,4
S01010820,152,66,44,22,20,87,31,29,14,13,65,35,15,8,7,27,13,6,5,3,17,10,4,1,2,21,12,5,2,2
S01010821,141,66,35,23,17,80,34,19,12,15,61,32,16,11,2,22,12,5,5,0,17,8,4,4,1,22,12,7,2,1
S01010822,237,100,75,31,31,153,62,42,22,27,84,38,33,9,4,30,8,15,6,1,34,22,9,3,0,20,8,9,0,3
S01010823,140,26,55,32,27,59,11,20,14,14,81,15,35,18,13,40,7,15,10,8,21,7,8,4,2,20,1,12,4,3
S01010824,224,58,86,50,30,83,20,28,18,17,141,38,58,32,13,38,8,18,11,1,66,17,27,14,8,37,13,13,7,4
S01010825,102,26,44,21,11,39,9,16,11,3,63,17,28,10,8,33,7,17,6,3,20,7,9,2,2,10,3,2,2,3
S01010826,232,65,92,45,30,138,37,53,31,17,94,28,39,14,13,31,7,16,5,3,30,12,9,2,7,33,9,14,7,3
S01010827,181,30,87,37,27,103,13,54,17,19,78,17,33,20,8,24,6,11,4,3,26,6,11,7,2,28,5,11,9,3
S01010828,384,107,156,72,49,189,45,78,32,34,195,62,78,40,15,47,17,17,11,2,78,26,33,15,4,70,19,28,14,9
S01010829,332,93,124,52,63,266,79,102,39,46,66,14,22,13,17,28,6,10,5,7,19,7,6,3,3,19,1,6,5,7
S01010830,166,32,59,38,37,107,24,38,18,27,59,8,21,20,10,16,3,6,6,1,19,3,3,9,4,24,2,12,5,5
S01010831,183,47,74,39,23,69,17,25,14,13,114,30,49,25,10,28,7,11,7,3,50,15,24,8,3,36,8,14,10,4
S01010832,242,36,84,69,53,142,19,51,40,32,100,17,33,29,21,34,9,10,9,6,26,5,8,7,6,40,3,15,13,9
S01010833,275,102,98,46,29,158,50,59,24,25,117,52,39,22,4,37,20,9,8,0,33,15,12,5,1,47,17,18,9,3
S01010834,271,90,108,45,28,182,48,80,32,22,89,42,28,13,6,27,12,6,9,0,26,11,9,2,4,36,19,13,2,2
S01010835,162,61,60,19,22,105,37,39,14,15,57,24,21,5,7,10,4,4,1,1,16,8,5,3,0,31,12,12,1,6
S01010836,285,99,95,47,44,210,76,69,32,33,75,23,26,15,11,20,7,6,6,1,25,7,8,3,7,30,9,12,6,3
S01010837,174,20,73,37,44,99,15,35,19,30,75,5,38,18,14,18,1,11,4,2,31,3,18,5,5,26,1,9,9,7
S01010838,243,28,85,63,67,128,10,53,29,36,115,18,32,34,31,35,9,8,10,8,40,7,12,9,12,40,2,12,15,11
S01010839,227,51,77,44,55,136,31,44,25,36,91,20,33,19,19,26,5,7,7,7,36,8,15,5,8,29,7,11,7,4
S01010840,191,32,71,37,51,154,24,60,30,40,37,8,11,7,11,19,5,4,2,8,8,0,3,2,3,10,3,4,3,0
S01010841,286,66,116,51,53,210,49,86,34,41,76,17,30,17,12,36,10,18,4,4,18,3,4,6,5,22,4,8,7,3
S01010842,382,45,129,71,137,314,40,101,58,115,68,5,28,13,22,34,3,16,7,8,16,1,9,1,5,18,1,3,5,9
S01010843,251,22,105,59,65,206,19,84,48,55,45,3,21,11,10,17,0,8,5,4,14,2,6,5,1,14,1,7,1,5
S01010844,192,52,74,37,29,118,26,45,26,21,74,26,29,11,8,20,10,6,3,1,27,11,11,3,2,27,5,12,5,5
S01010845,167,25,64,37,41,98,14,37,20,27,69,11,27,17,14,25,3,12,5,5,20,5,4,5,6,24,3,11,7,3
S01010846,248,18,71,64,95,145,11,39,37,58,103,7,32,27,37,34,4,12,11,7,37,2,8,9,18,32,1,12,7,12
S01010847,223,35,93,61,34,132,24,57,35,16,91,11,36,26,18,30,3,9,7,11,37,6,16,11,4,24,2,11,8,3
S01010848,211,10,52,38,111,115,6,27,27,55,96,4,25,11,56,31,0,6,6,19,31,2,7,2,20,34,2,12,3,17
S01010849,285,13,63,72,137,149,6,29,41,73,136,7,34,31,64,49,2,12,9,26,38,3,13,7,15,49,2,9,15,23
S01010850,302,8,58,64,172,187,3,32,38,114,115,5,26,26,58,35,0,8,9,18,42,2,12,8,20,38,3,6,9,20
S01010851,286,15,71,52,148,153,9,37,31,76,133,6,34,21,72,57,2,15,10,30,46,3,13,4,26,30,1,6,7,16
S01010852,221,16,62,54,89,146,8,41,32,65,75,8,21,22,24,22,4,8,6,4,27,2,7,8,10,26,2,6,8,10
S01010853,261,23,61,66,111,153,11,31,43,68,108,12,30,23,43,42,1,14,9,18,30,6,6,8,10,36,5,10,6,15
S01010854,315,11,76,71,157,161,3,35,45,78,154,8,41,26,79,61,3,18,10,30,52,3,12,7,30,41,2,11,9,19
S01010855,152,3,35,44,70,82,3,16,23,40,70,0,19,21,30,22,0,8,4,10,32,0,9,11,12,16,0,2,6,8
S01010856,322,19,88,67,148,215,10,57,47,101,107,9,31,20,47,49,3,15,7,24,35,4,8,8,15,23,2,8,5,8
S01010857,287,34,97,65,91,133,12,45,26,50,154,22,52,39,41,45,6,14,12,13,57,8,19,15,15,52,8,19,12,13
S01010858,230,15,59,60,96,145,9,36,39,61,85,6,23,21,35,34,2,11,5,16,31,2,8,8,13,20,2,4,8,6
S01010859,209,6,54,44,105,115,3,23,27,62,94,3,31,17,43,32,2,8,7,15,35,0,14,3,18,27,1,9,7,10
S01010860,212,12,58,40,102,144,9,38,31,66,68,3,20,9,36,21,1,4,3,13,20,1,8,3,8,27,1,8,3,15
S01010861,242,18,64,35,125,158,11,36,25,86,84,7,28,10,39,42,2,18,5,17,25,4,4,3,14,17,1,6,2,8
S01010862,220,14,44,43,119,148,12,27,33,76,72,2,17,10,43,29,1,6,6,16,23,0,7,1,15,20,1,4,3,12
S01010863,211,58,86,34,33,133,36,51,26,20,78,22,35,8,13,27,8,12,3,4,26,9,11,3,3,25,5,12,2,6
S01010864,168,48,71,33,16,110,31,45,20,14,58,17,26,13,2,16,3,10,2,1,21,9,9,3,0,21,5,7,8,1
S01010865,183,71,75,23,14,137,48,64,15,10,46,23,11,8,4,19,10,5,2,2,11,7,2,2,0,16,6,4,4,2
S01010866,158,55,58,24,21,99,27,39,19,14,59,28,19,5,7,16,11,5,0,0,22,9,8,1,4,21,8,6,4,3
S01010867,169,52,60,26,31,104,26,43,15,20,65,26,17,11,11,21,9,9,2,1,23,10,3,4,6,21,7,5,5,4
S01010868,197,60,77,24,36,131,37,52,15,27,66,23,25,9,9,28,9,11,3,5,18,8,6,2,2,20,6,8,4,2
S01010869,201,69,74,38,20,117,41,44,14,18,84,28,30,24,2,23,10,7,5,1,25,8,9,8,0,36,10,14,11,1
S01010870,260,70,108,32,50,183,54,75,16,38,77,16,33,16,12,34,9,16,3,6,25,5,9,7,4,18,2,8,6,2
S01010871,279,72,109,55,43,186,53,71,36,26,93,19,38,19,17,43,9,17,4,13,20,4,8,4,4,30,6,13,11,0
S01010872,300,42,119,57,82,234,32,90,45,67,66,10,29,12,15,31,4,13,6,8,14,4,7,1,2,21,2,9,5,5
S01010873,224,14,70,37,103,184,12,55,30,87,40,2,15,7,16,13,0,4,1,8,16,1,7,3,5,11,1,4,3,3
S01010874,238,61,87,44,46,149,33,61,30,25,89,28,26,14,21,31,10,6,6,9,28,9,9,5,5,30,9,11,3,7
S01010875,203,32,90,33,48,133,20,60,24,29,70,12,30,9,19,28,5,13,2,8,27,3,11,5,8,15,4,6,2,3
S01010876,313,31,124,52,106,221,23,85,39,74,92,8,39,13,32,45,6,17,7,15,25,0,11,5,9,22,2,11,1,8
S01010877,368,44,148,62,114,251,28,103,43,77,117,16,45,19,37,45,2,18,8,17,34,6,16,4,8,38,8,11,7,12
S01010878,307,11,123,78,95,215,9,84,58,64,92,2,39,20,31,34,1,16,4,13,27,0,11,7,9,31,1,12,9,9
S01010879,297,23,101,78,95,202,15,70,52,65,95,8,31,26,30,27,4,5,5,13,38,3,16,8,11,30,1,10,13,6
S01010880,200,6,53,48,93,125,4,34,29,58,75,2,19,19,35,26,1,5,8,12,34,0,8,7,19,15,1,6,4,4
S01010881,154,18,54,33,49,99,11,26,23,39,55,7,28,10,10,17,3,8,1,5,17,1,8,4,4,21,3,12,5,1
S01010882,162,12,49,47,54,89,8,16,32,33,73,4,33,15,21,9,1,2,3,3,26,2,13,3,8,38,1,18,9,10
S01010883,277,43,101,64,69,163,18,59,36,50,114,25,42,28,19,20,5,6,4,5,40,10,18,7,5,54,10,18,17,9
S01010884,302,10,71,60,161,215,5,42,50,118,87,5,29,10,43,48,3,16,5,24,19,1,7,3,8,20,1,6,2,11
S01010885,426,16,125,89,196,300,8,81,65,146,126,8,44,24,50,57,3,27,9,18,40,5,9,9,17,29,0,8,6,15
S01010886,210,11,70,46,83,166,8,55,33,70,44,3,15,13,13,14,2,6,3,3,15,0,6,5,4,15,1,3,5,6
S01010887,295,13,60,60,162,203,6,41,45,111,92,7,19,15,51,32,2,6,4,20,31,2,6,5,18,29,3,7,6,13
S01010888,327,26,82,62,157,259,21,63,51,124,68,5,19,11,33,26,1,9,4,12,18,3,4,3,8,24,1,6,4,13
S01010889,269,16,62,54,137,229,14,53,50,112,40,2,9,4,25,21,2,4,2,13,12,0,3,2,7,7,0,2,0,5
S01010890,250,15,63,51,121,207,15,49,40,103,43,0,14,11,18,21,0,8,2,11,13,0,4,3,6,9,0,2,6,1
S01010891,170,7,44,35,84,144,7,39,35,63,26,0,5,0,21,7,0,0,0,7,10,0,3,0,7,9,0,2,0,7
S01010892,340,27,106,73,134,274,21,85,53,115,66,6,21,20,19,30,3,12,8,7,16,2,4,4,6,20,1,5,8,6
S01010893,217,12,52,39,114,180,8,45,28,99,37,4,7,11,15,13,2,4,2,5,13,1,1,6,5,11,1,2,3,5
S01010894,253,28,90,55,80,172,18,61,40,53,81,10,29,15,27,48,8,18,11,11,21,2,9,4,6,12,0,2,0,10
S01010895,189,4,49,33,103,149,3,35,29,82,40,1,14,4,21,14,0,4,1,9,18,0,9,2,7,8,1,1,1,5
S01010896,252,8,61,53,130,175,8,37,38,92,77,0,24,15,38,22,0,6,3,13,24,0,7,5,12,31,0,11,7,13
S01010897,298,16,54,52,176,186,11,25,39,111,112,5,29,13,65,38,2,15,4,17,35,2,5,2,26,39,1,9,7,22
S01010898,191,5,32,49,105,125,2,15,38,70,66,3,17,11,35,17,0,6,3,8,28,2,7,4,15,21,1,4,4,12
S01010899,181,18,46,53,64,101,7,24,34,36,80,11,22,19,28,30,4,7,8,11,24,3,5,5,11,26,4,10,6,6
S01010900,260,14,60,52,134,139,8,36,32,63,121,6,24,20,71,56,1,12,9,34,42,1,8,6,27,23,4,4,5,10
S01010901,164,2,29,31,102,96,0,13,18,65,68,2,16,13,37,24,0,5,7,12,23,0,5,2,16,21,2,6,4,9
S01010902,309,29,80,79,121,207,22,51,52,82,102,7,29,27,39,32,3,7,9,13,40,3,12,9,16,30,1,10,9,10
S01010903,298,11,57,54,176,200,9,32,36,123,98,2,25,18,53,35,0,10,3,22,33,0,10,4,19,30,2,5,11,12
S01010904,234,9,51,48,126,167,7,28,35,97,67,2,23,13,29,20,1,5,6,8,29,0,12,6,11,18,1,6,1,10
S01010905,259,28,75,51,105,162,17,45,34,66,97,11,30,17,39,41,4,14,8,15,30,6,7,4,13,26,1,9,5,11
S01010906,342,28,78,90,146,186,15,39,54,78,156,13,39,36,68,65,5,16,16,28,54,3,16,12,23,37,5,7,8,17
S01010907,185,42,74,41,28,101,20,44,20,17,84,22,30,21,11,48,18,17,10,3,22,2,9,7,4,14,2,4,4,4
S01010908,192,26,53,45,68,127,17,33,28,49,65,9,20,17,19,23,4,7,5,7,22,3,4,8,7,20,2,9,4,5
S01010909,219,38,74,43,64,148,25,46,28,49,71,13,28,15,15,20,7,6,3,4,25,3,8,9,5,26,3,14,3,6
S01010910,228,11,68,38,111,164,9,45,29,81,64,2,23,9,30,32,1,10,4,17,22,1,9,3,9,10,0,4,2,4
S01010911,217,14,59,39,105,179,12,40,36,91,38,2,19,3,14,21,2,11,2,6,8,0,4,0,4,9,0,4,1,4
S01010912,239,16,68,41,114,176,12,48,28,88,63,4,20,13,26,27,3,10,3,11,19,1,7,5,6,17,0,3,5,9
S01010913,236,26,90,55,65,163,15,64,36,48,73,11,26,19,17,26,4,10,6,6,25,4,8,6,7,22,3,8,7,4
S01010914,216,9,94,53,60,134,3,61,36,34,82,6,33,17,26,30,4,11,6,9,23,2,9,4,8,29,0,13,7,9
S01010915,231,23,62,67,79,129,13,25,47,44,102,10,37,20,35,35,5,9,9,12,36,5,15,7,9,31,0,13,4,14
S01010916,265,9,56,51,149,203,6,42,42,113,62,3,14,9,36,32,0,8,2,22,19,2,5,2,10,11,1,1,5,4
S01010917,256,20,72,66,98,186,11,50,45,80,70,9,22,21,18,27,1,10,7,9,25,3,6,9,7,18,5,6,5,2
S01010918,199,13,54,45,87,115,5,26,32,52,84,8,28,13,35,31,2,14,4,11,26,3,7,5,11,27,3,7,4,13
S01010919,238,12,54,57,115,140,7,25,42,66,98,5,29,15,49,31,1,9,3,18,30,2,10,3,15,37,2,10,9,16
S01010920,215,18,38,45,114,128,13,18,35,62,87,5,20,10,52,30,2,7,2,19,34,0,9,5,20,23,3,4,3,13
S01010921,189,8,40,44,97,116,5,25,28,58,73,3,15,16,39,26,2,9,2,13,24,1,3,9,11,23,0,3,5,15
S01010922,242,8,55,63,116,133,2,22,37,72,109,6,33,26,44,38,4,10,8,16,26,1,12,6,7,45,1,11,12,21
S01010923,285,15,74,73,123,184,9,47,47,81,101,6,27,26,42,35,2,10,10,13,35,2,9,7,17,31,2,8,9,12
S01010924,176,7,30,49,90,112,4,16,29,63,64,3,14,20,27,13,1,4,2,6,26,0,6,7,13,25,2,4,11,8
S01010925,270,5,64,65,136,144,2,30,36,76,126,3,34,29,60,51,1,19,4,27,34,2,9,11,12,41,0,6,14,21
S01010926,256,9,61,70,116,165,5,32,44,84,91,4,29,26,32,35,2,7,7,19,29,1,15,7,6,27,1,7,12,7
S01010927,187,11,38,52,86,108,8,16,32,52,79,3,22,20,34,29,0,11,4,14,33,2,9,10,12,17,1,2,6,8
S01010928,246,10,46,55,135,134,7,26,34,67,112,3,20,21,68,52,0,8,8,36,31,1,6,5,19,29,2,6,8,13
S01010929,214,7,32,59,116,122,4,14,38,66,92,3,18,21,50,26,0,6,7,13,37,2,8,5,22,29,1,4,9,15
S01010930,286,108,95,51,32,170,58,65,25,22,116,50,30,26,10,60,32,11,11,6,21,8,9,3,1,35,10,10,12,3
S01010931,138,40,37,34,27,95,27,27,22,19,43,13,10,12,8,15,4,3,6,2,14,5,3,5,1,14,4,4,1,5
S01010932,204,26,49,56,73,142,15,31,39,57,62,11,18,17,16,26,6,7,6,7,26,2,8,9,7,10,3,3,2,2
S01010933,234,87,73,39,35,118,40,37,23,18,116,47,36,16,17,63,30,17,9,7,32,13,9,4,6,21,4,10,3,4
S01010934,323,98,124,56,45,202,54,80,37,31,121,44,44,19,14,51,19,17,10,5,40,18,12,6,4,30,7,15,3,5
S01010935,163,43,56,28,36,109,22,38,20,29,54,21,18,8,7,19,6,6,2,5,21,8,6,5,2,14,7,6,1,0
S01010936,266,44,102,64,56,225,32,86,55,52,41,12,16,9,4,17,3,7,4,3,13,7,4,2,0,11,2,5,3,1
S01010937,249,45,102,58,44,177,36,72,41,28,72,9,30,17,16,25,3,12,6,4,24,3,9,5,7,23,3,9,6,5
S01010938,271,14,76,80,101,159,9,51,53,46,112,5,25,27,55,39,1,5,11,22,45,2,14,10,19,28,2,6,6,14
S01010939,157,25,47,48,37,95,14,33,25,23,62,11,14,23,14,20,5,2,8,5,21,3,5,8,5,21,3,7,7,4
S01010940,174,50,74,36,14,105,32,48,17,8,69,18,26,19,6,15,4,6,4,1,19,5,7,5,2,35,9,13,10,3
S01010941,228,58,94,55,21,125,30,56,25,14,103,28,38,30,7,26,9,8,8,1,36,9,13,13,1,41,10,17,9,5
S01010942,174,55,74,32,13,107,32,45,22,8,67,23,29,10,5,24,11,8,2,3,13,4,7,1,1,30,8,14,7,1
S01010943,198,15,64,54,65,114,7,35,37,35,84,8,29,17,30,36,4,10,8,14,24,2,7,6,9,24,2,12,3,7
S01010944,207,12,66,52,77,135,6,42,38,49,72,6,24,14,28,33,3,13,7,10,18,2,6,3,7,21,1,5,4,11
S01010945,168,14,53,42,59,111,8,31,33,39,57,6,22,9,20,21,3,7,5,6,19,1,11,0,7,17,2,4,4,7
S01010946,231,14,76,74,67,135,6,44,47,38,96,8,32,27,29,37,0,14,14,9,27,4,12,3,8,32,4,6,10,12
S01010947,174,9,56,54,55,114,4,42,37,31,60,5,14,17,24,23,1,6,5,11,20,2,5,5,8,17,2,3,7,5
S01010948,212,24,66,52,70,130,10,42,31,47,82,14,24,21,23,26,5,5,6,10,28,6,10,10,2,28,3,9,5,11
S01010949,255,66,109,57,23,139,40,54,29,16,116,26,55,28,7,28,10,13,4,1,44,10,20,11,3,44,6,22,13,3
S01010950,255,42,76,56,81,158,27,51,32,48,97,15,25,24,33,27,4,7,7,9,42,5,10,12,15,28,6,8,5,9
S01010951,183,21,61,65,36,97,13,29,40,15,86,8,32,25,21,34,3,11,12,8,27,2,11,7,7,25,3,10,6,6
S01010952,167,28,49,56,34,83,13,18,34,18,84,15,31,22,16,25,2,9,5,9,32,7,11,9,5,27,6,11,8,2
S01010953,174,22,61,46,45,104,14,35,23,32,70,8,26,23,13,30,3,14,8,5,15,2,3,6,4,25,3,9,9,4
S01010954,172,19,74,46,33,114,11,49,32,22,58,8,25,14,11,16,2,7,4,3,21,4,8,7,2,21,2,10,3,6
S01010955,293,64,159,40,30,125,29,67,18,11,168,35,92,22,19,84,12,52,12,8,48,9,27,5,7,36,14,13,5,4
S01010956,243,81,64,55,43,169,55,48,40,26,74,26,16,15,17,23,8,6,5,4,27,10,6,3,8,24,8,4,7,5
S01010957,154,35,64,29,26,90,18,43,9,20,64,17,21,20,6,21,4,8,9,0,20,8,4,3,5,23,5,9,8,1
S01010958,123,33,40,25,25,86,21,29,18,18,37,12,11,7,7,14,6,5,3,0,10,2,3,1,4,13,4,3,3,3
S01010959,208,52,76,34,46,133,34,50,18,31,75,18,26,16,15,23,9,5,5,4,31,5,15,5,6,21,4,6,6,5
S01010960,347,56,94,93,104,214,29,56,56,73,133,27,38,37,31,41,11,9,14,7,54,11,16,12,15,38,5,13,11,9
S01010961,159,23,55,30,51,97,13,37,19,28,62,10,18,11,23,29,4,7,5,13,15,5,4,2,4,18,1,7,4,6
S01010962,198,22,51,53,72,178,16,47,48,67,20,6,4,5,5,4,1,2,1,0,6,2,0,2,2,10,3,2,2,3
S01010963,290,64,95,66,65,163,29,50,39,45,127,35,45,27,20,37,8,14,11,4,49,13,20,8,8,41,14,11,8,8
S01010964,139,18,39,47,35,90,8,27,32,23,49,10,12,15,12,18,5,3,6,4,18,3,7,5,3,13,2,2,4,5
S01010965,182,14,53,49,66,118,11,30,36,41,64,3,23,13,25,25,0,8,6,11,22,1,11,3,7,17,2,4,4,7
S01010966,218,15,66,65,72,136,7,40,40,49,82,8,26,25,23,27,4,10,5,8,29,1,11,8,9,26,3,5,12,6
S01010967,232,17,70,51,94,135,11,48,25,51,97,6,22,26,43,45,4,11,16,14,34,2,7,7,18,18,0,4,3,11
S01010968,208,26,74,59,49,135,20,45,40,30,73,6,29,19,19,24,4,7,7,6,29,2,13,8,6,20,0,9,4,7
S01010969,171,29,71,34,37,128,21,54,27,26,43,8,17,7,11,11,2,4,2,3,21,5,8,3,5,11,1,5,2,3
S01010970,304,51,98,79,76,200,30,63,52,55,104,21,35,27,21,32,5,7,12,8,45,13,17,8,7,27,3,11,7,6
S01010971,319,64,108,77,70,171,39,61,43,28,148,25,47,34,42,57,11,15,16,15,47,7,15,8,17,44,7,17,10,10
S01010972,262,16,55,85,106,126,6,20,46,54,136,10,35,39,52,39,2,6,18,13,59,5,15,16,23,38,3,14,5,16
S01010973,133,13,43,44,33,89,10,28,29,22,44,3,15,15,11,10,1,3,1,5,23,1,5,11,6,11,1,7,3,0
S01010974,200,10,50,61,79,130,5,27,44,54,70,5,23,17,25,29,3,8,8,10,21,0,8,7,6,20,2,7,2,9
S01010975,136,7,32,44,53,73,3,20,25,25,63,4,12,19,28,22,2,4,7,9,24,1,7,7,9,17,1,1,5,10
S01010976,157,21,54,37,45,98,7,37,24,30,59,14,17,13,15,21,5,5,5,6,12,5,2,3,2,26,4,10,5,7
S01010977,214,30,70,64,50,127,19,41,32,35,87,11,29,32,15,26,3,7,9,7,33,2,12,13,6,28,6,10,10,2
S01010978,245,20,59,72,94,151,12,31,51,57,94,8,28,21,37,35,4,9,5,17,35,2,13,6,14,24,2,6,10,6
S01010979,240,25,69,63,83,129,11,36,34,48,111,14,33,29,35,39,9,10,10,10,43,3,17,8,15,29,2,6,11,10
S01010980,247,26,84,62,75,164,11,62,39,52,83,15,22,23,23,26,7,7,7,5,35,5,9,8,13,22,3,6,8,5
S01010981,216,21,65,53,77,133,13,39,30,51,83,8,26,23,26,37,4,11,11,11,23,1,8,4,10,23,3,7,8,5
S01010982,331,122,94,75,40,230,81,73,50,26,101,41,21,25,14,43,12,9,13,9,30,17,7,3,3,28,12,5,9,2
S01010983,254,41,90,71,52,161,23,53,49,36,93,18,37,22,16,28,5,11,6,6,30,7,11,6,6,35,6,15,10,4
S01010984,164,29,63,40,32,96,17,33,26,20,68,12,30,14,12,24,2,11,4,7,26,5,13,5,3,18,5,6,5,2
S01010985,168,13,55,58,42,83,5,27,27,24,85,8,28,31,18,30,2,9,14,5,30,2,11,10,7,25,4,8,7,6
S01010986,153,42,64,29,18,60,12,26,13,9,93,30,38,16,9,42,14,18,5,5,28,12,9,6,1,23,4,11,5,3
S01010987,190,61,78,31,20,64,12,29,13,10,126,49,49,18,10,38,14,15,5,4,54,21,22,8,3,34,14,12,5,3
S01010988,188,58,81,28,21,71,13,42,9,7,117,45,39,19,14,37,12,12,6,7,48,23,11,9,5,32,10,16,4,2
S01010989,349,90,169,65,25,197,48,100,33,16,152,42,69,32,9,102,30,44,22,6,35,6,20,7,2,15,6,5,3,1
S01010990,222,22,65,65,70,123,14,36,34,39,99,8,29,31,31,29,2,9,8,10,38,4,12,15,7,32,2,8,8,14
S01010991,155,31,67,34,23,90,17,44,18,11,65,14,23,16,12,17,5,5,5,2,28,4,9,7,8,20,5,9,4,2
S01010992,177,72,55,35,15,69,21,28,13,7,108,51,27,22,8,49,25,12,10,2,44,18,13,9,4,15,8,2,3,2
S01010993,190,38,79,45,28,105,21,40,28,16,85,17,39,17,12,22,6,9,5,2,35,2,20,8,5,28,9,10,4,5
S01010994,305,137,100,37,31,173,64,65,23,21,132,73,35,14,10,51,33,9,6,3,42,20,12,4,6,39,20,14,4,1
S01010995,231,45,97,49,40,157,30,66,33,28,74,15,31,16,12,25,6,8,5,6,26,3,16,4,3,23,6,7,7,3
S01010996,177,63,70,29,15,107,36,46,14,11,70,27,24,15,4,29,13,7,6,3,18,7,7,3,1,23,7,10,6,0
S01010997,168,65,68,24,11,117,45,50,13,9,51,20,18,11,2,15,8,5,1,1,16,4,6,5,1,20,8,7,5,0
S01010998,158,82,50,20,6,88,44,30,10,4,70,38,20,10,2,18,13,2,2,1,30,15,10,4,1,22,10,8,4,0
S01010999,239,99,73,37,30,150,54,48,24,24,89,45,25,13,6,42,24,10,5,3,27,11,8,5,3,20,10,7,3,0
S01011000,259,64,79,57,59,159,34,55,35,35,100,30,24,22,24,35,12,6,8,9,33,11,10,7,5,32,7,8,7,10
S01011001,182,14,65,51,52,106,5,35,32,34,76,9,30,19,18,33,5,8,12,8,20,1,8,4,7,23,3,14,3,3
S01011002,207,9,66,63,69,132,6,45,40,41,75,3,21,23,28,25,2,5,8,10,26,1,10,8,7,24,0,6,7,11
S01011003,199,15,54,65,65,108,8,32,41,27,91,7,22,24,38,35,4,8,6,17,28,1,7,8,12,28,2,7,10,9
S01011004,193,48,63,45,37,99,18,34,25,22,94,30,29,20,15,34,14,10,6,4,29,8,8,8,5,31,8,11,6,6
S01011005,244,22,72,68,82,171,12,56,48,55,73,10,16,20,27,28,5,4,10,9,22,2,2,9,9,23,3,10,1,9
S01011006,328,49,121,80,78,204,29,79,55,41,124,20,42,25,37,55,8,17,13,17,43,8,13,7,15,26,4,12,5,5
S01011007,193,7,42,82,62,101,4,13,51,33,92,3,29,31,29,23,2,4,9,8,36,0,14,10,12,33,1,11,12,9
S01011008,224,14,61,74,75,144,8,34,48,54,80,6,27,26,21,27,3,10,6,8,27,1,8,13,5,26,2,9,7,8
S01011009,183,12,51,58,62,122,6,33,43,40,61,6,18,15,22,19,1,7,4,7,29,3,9,6,11,13,2,2,5,4
S01011010,253,23,77,52,101,208,18,66,43,81,45,5,11,9,20,19,1,5,6,7,12,0,3,2,7,14,4,3,1,6
S01011011,318,17,97,71,133,241,15,71,56,99,77,2,26,15,34,33,1,13,7,12,26,0,9,4,13,18,1,4,4,9
S01011012,256,18,48,60,130,143,9,32,35,67,113,9,16,25,63,50,5,7,9,29,40,3,6,10,21,23,1,3,6,13
S01011013,240,15,58,97,70,145,9,38,54,44,95,6,20,43,26,34,5,4,14,11,38,1,11,20,6,23,0,5,9,9
S01011014,298,45,100,72,81,198,29,62,48,59,100,16,38,24,22,29,2,11,7,9,30,5,10,10,5,41,9,17,7,8
S01011015,146,16,45,38,47,102,12,33,26,31,44,4,12,12,16,16,1,5,5,5,19,2,4,6,7,9,1,3,1,4
S01011016,296,67,108,73,48,150,33,52,38,27,146,34,56,35,21,76,23,28,17,8,41,9,13,12,7,29,2,15,6,6
S01011017,251,88,73,52,38,155,52,52,30,21,96,36,21,22,17,28,14,4,5,5,38,11,9,12,6,30,11,8,5,6
S01011018,255,37,77,80,61,156,20,54,51,31,99,17,23,29,30,42,8,9,13,12,26,6,4,8,8,31,3,10,8,10
S01011019,320,81,87,84,68,182,43,54,45,40,138,38,33,39,28,60,20,13,14,13,49,12,12,16,9,29,6,8,9,6
S01011020,155,50,45,40,20,98,28,34,25,11,57,22,11,15,9,28,14,6,6,2,17,5,5,4,3,12,3,0,5,4
S01011021,239,20,64,79,76,142,14,47,45,36,97,6,17,34,40,30,3,4,9,14,38,0,9,14,15,29,3,4,11,11
S01011022,177,7,33,51,86,95,3,20,32,40,82,4,13,19,46,26,1,2,7,16,34,2,6,9,17,22,1,5,3,13
S01011023,265,28,66,69,102,161,14,43,47,57,104,14,23,22,45,45,7,8,10,20,22,2,7,4,9,37,5,8,8,16
S01011024,245,9,62,79,95,117,6,32,37,42,128,3,30,42,53,50,3,13,14,20,43,0,9,15,19,35,0,8,13,14
S01011025,236,9,64,61,102,144,3,35,37,69,92,6,29,24,33,35,3,13,11,8,22,0,5,5,12,35,3,11,8,13
S01011026,201,6,46,63,86,134,4,28,40,62,67,2,18,23,24,25,1,10,6,8,21,1,4,8,8,21,0,4,9,8
S01011027,310,11,68,86,145,159,8,37,45,69,151,3,31,41,76,64,3,14,16,31,49,0,10,13,26,38,0,7,12,19
S01011028,312,10,72,84,146,151,4,27,53,67,161,6,45,31,79,86,4,28,13,41,38,2,7,14,15,37,0,10,4,23
S01011029,200,16,45,69,70,123,12,27,38,46,77,4,18,31,24,26,3,5,10,8,28,1,5,12,10,23,0,8,9,6
S01011030,305,34,119,95,57,178,21,69,61,27,127,13,50,34,30,38,3,19,9,7,50,6,15,14,15,39,4,16,11,8
S01011031,213,12,52,66,83,111,7,29,31,44,102,5,23,35,39,43,4,11,17,11,35,1,6,10,18,24,0,6,8,10
S01011032,254,22,73,65,94,157,11,49,45,52,97,11,24,20,42,41,3,12,10,16,24,3,4,5,12,32,5,8,5,14
S01011033,216,40,75,59,42,140,27,47,37,29,76,13,28,22,13,30,7,7,10,6,27,3,13,6,5,19,3,8,6,2
S01011034,204,30,48,62,64,135,21,31,36,47,69,9,17,26,17,32,4,9,11,8,16,1,3,9,3,21,4,5,6,6
S01011035,216,21,53,56,86,122,11,32,32,47,94,10,21,24,39,39,7,5,10,17,30,2,6,9,13,25,1,10,5,9
S01011036,224,32,79,56,57,138,15,49,38,36,86,17,30,18,21,31,8,10,9,4,25,3,8,7,7,30,6,12,2,10
S01011037,331,28,91,85,127,181,17,60,47,57,150,11,31,38,70,71,1,18,14,38,48,6,10,15,17,31,4,3,9,15
S01011038,265,9,56,89,111,142,5,31,43,63,123,4,25,46,48,46,2,9,20,15,52,2,11,17,22,25,0,5,9,11
S01011039,283,34,101,68,80,198,20,77,42,59,85,14,24,26,21,37,7,9,12,9,18,2,4,6,6,30,5,11,8,6
S01011040,224,13,55,72,84,113,4,30,39,40,111,9,25,33,44,41,2,8,13,18,40,3,12,9,16,30,4,5,11,10
S01011041,223,20,58,51,94,100,11,24,23,42,123,9,34,28,52,61,4,19,9,29,39,3,11,12,13,23,2,4,7,10
S01011042,277,58,94,74,51,163,28,59,47,29,114,30,35,27,22,48,13,12,13,10,38,9,15,8,6,28,8,8,6,6
S01011043,226,22,60,68,76,130,13,34,37,46,96,9,26,31,30,31,5,8,7,11,42,3,10,15,14,23,1,8,9,5
S01011044,242,19,70,58,95,149,13,41,41,54,93,6,29,17,41,40,2,12,7,19,21,1,5,4,11,32,3,12,6,11
S01011045,253,33,62,69,89,147,22,32,44,49,106,11,30,25,40,37,4,9,6,18,39,5,10,8,16,30,2,11,11,6
S01011046,267,30,77,90,70,175,21,50,57,47,92,9,27,33,23,32,2,9,10,11,28,3,9,11,5,32,4,9,12,7
S01011047,275,40,73,102,60,162,27,39,63,33,113,13,34,39,27,45,6,9,20,10,33,4,9,13,7,35,3,16,6,10
S01011048,278,31,41,95,111,165,18,29,45,73,113,13,12,50,38,36,5,5,15,11,39,4,2,19,14,38,4,5,16,13
S01011049,210,19,40,60,91,140,14,27,42,57,70,5,13,18,34,23,3,3,9,8,32,0,8,5,19,15,2,2,4,7
S01011050,229,45,49,63,72,137,24,28,43,42,92,21,21,20,30,28,6,8,9,5,33,12,5,7,9,31,3,8,4,16
S01011051,284,52,60,79,93,188,39,36,47,66,96,13,24,32,27,26,5,4,10,7,39,5,10,11,13,31,3,10,11,7
S01011052,219,41,54,60,64,125,29,32,28,36,94,12,22,32,28,31,3,3,18,7,29,4,7,5,13,34,5,12,9,8
S01011053,213,15,42,60,96,137,11,22,46,58,76,4,20,14,38,31,1,7,6,17,24,1,7,3,13,21,2,6,5,8
S01011054,168,25,46,48,49,108,16,29,30,33,60,9,17,18,16,25,2,7,9,7,20,3,5,7,5,15,4,5,2,4
S01011055,173,30,33,60,50,102,23,22,32,25,71,7,11,28,25,16,2,2,10,2,31,2,3,12,14,24,3,6,6,9
S01011056,198,34,34,91,39,119,23,19,53,24,79,11,15,38,15,31,6,4,16,5,27,2,5,13,7,21,3,6,9,3
S01011057,169,16,33,75,45,113,13,24,45,31,56,3,9,30,14,22,1,3,12,6,21,2,6,11,2,13,0,0,7,6
S01011058,193,29,47,81,36,117,17,27,51,22,76,12,20,30,14,21,2,6,9,4,29,6,6,13,4,26,4,8,8,6
S01011059,188,34,41,76,37,120,20,29,43,28,68,14,12,33,9,26,6,4,13,3,19,4,4,7,4,23,4,4,13,2
S01011060,240,38,57,72,73,158,21,40,47,50,82,17,17,25,23,28,3,8,9,8,29,10,3,8,8,25,4,6,8,7
S01011061,289,15,44,114,116,189,7,34,72,76,100,8,10,42,40,38,2,3,13,20,35,4,5,17,9,27,2,2,12,11
S01011062,299,22,65,105,107,207,15,46,71,75,92,7,19,34,32,26,1,3,15,7,35,1,10,11,13,31,5,6,8,12
S01011063,299,18,60,97,124,176,11,36,49,80,123,7,24,48,44,49,3,10,21,15,35,2,6,14,13,39,2,8,13,16
S01011064,310,29,71,111,99,213,18,51,71,73,97,11,20,40,26,43,6,7,17,13,31,4,6,17,4,23,1,7,6,9
S01011065,207,37,51,65,54,130,27,33,36,34,77,10,18,29,20,25,4,3,9,9,28,4,10,8,6,24,2,5,12,5
S01011066,144,21,42,49,32,95,14,29,31,21,49,7,13,18,11,20,4,5,6,5,16,2,5,6,3,13,1,3,6,3
S01011067,159,26,29,72,32,95,18,19,38,20,64,8,10,34,12,28,2,4,17,5,17,4,3,7,3,19,2,3,10,4
S01011068,164,20,33,56,55,99,13,17,32,37,65,7,16,24,18,21,1,4,9,7,28,6,5,8,9,16,0,7,7,2
S01011069,165,21,48,49,47,103,17,28,28,30,62,4,20,21,17,16,0,3,6,7,28,2,7,12,7,18,2,10,3,3
S01011070,186,23,48,63,52,115,12,37,34,32,71,11,11,29,20,23,3,5,11,4,32,5,3,13,11,16,3,3,5,5
S01011071,228,41,58,68,61,161,31,38,45,47,67,10,20,23,14,26,4,9,9,4,21,2,5,8,6,20,4,6,6,4
S01011072,312,33,81,119,79,184,26,49,62,47,128,7,32,57,32,55,1,10,25,19,43,5,11,20,7,30,1,11,12,6
S01011073,203,22,53,72,56,126,15,33,42,36,77,7,20,30,20,24,3,7,8,6,18,2,3,8,5,35,2,10,14,9
S01011074,200,23,46,74,57,137,12,28,52,45,63,11,18,22,12,25,6,8,7,4,21,3,6,7,5,17,2,4,8,3
S01011075,226,7,43,83,93,128,5,29,46,48,98,2,14,37,45,38,0,5,16,17,36,2,6,15,13,24,0,3,6,15
S01011076,222,17,34,89,82,138,11,14,68,45,84,6,20,21,37,40,1,9,12,18,21,2,6,2,11,23,3,5,7,8
S01011077,233,6,41,74,112,120,3,20,42,55,113,3,21,32,57,58,0,14,17,27,33,1,4,9,19,22,2,3,6,11
S01011078,304,41,80,91,92,173,23,47,50,53,131,18,33,41,39,44,6,10,18,10,45,8,8,10,19,42,4,15,13,10
S01011079,345,30,77,147,91,239,23,58,92,66,106,7,19,55,25,43,2,6,25,10,38,3,6,19,10,25,2,7,11,5
S01011080,303,26,65,108,104,208,16,45,70,77,95,10,20,38,27,37,3,6,13,15,27,2,4,12,9,31,5,10,13,3
S01011081,253,14,56,96,87,147,9,30,59,49,106,5,26,37,38,35,2,8,12,13,34,1,5,17,11,37,2,13,8,14
S01011082,145,5,34,48,58,106,5,25,32,44,39,0,9,16,14,18,0,2,8,8,12,0,4,7,1,9,0,3,1,5
S01011083,224,22,58,78,66,145,18,39,47,41,79,4,19,31,25,32,2,4,17,9,27,1,9,6,11,20,1,6,8,5
S01011084,219,42,64,79,34,147,26,37,58,26,72,16,27,21,8,14,1,3,7,3,35,4,15,11,5,23,11,9,3,0
S01011085,263,64,88,64,47,172,48,54,41,29,91,16,34,23,18,24,4,9,8,3,34,4,16,7,7,33,8,9,8,8
S01011086,168,25,55,57,31,105,15,35,33,22,63,10,20,24,9,11,1,0,7,3,26,7,6,11,2,26,2,14,6,4
S01011087,183,19,41,57,66,115,9,23,38,45,68,10,18,19,21,28,2,9,9,8,23,5,5,6,7,17,3,4,4,6
S01011088,302,67,88,76,71,186,44,52,50,40,116,23,36,26,31,35,7,11,10,7,44,10,12,7,15,37,6,13,9,9
S01011089,197,24,38,58,77,125,21,25,35,44,72,3,13,23,33,28,1,6,6,15,22,0,3,9,10,22,2,4,8,8
S01011090,200,33,58,72,37,129,23,32,48,26,71,10,26,24,11,20,4,5,8,3,30,1,14,11,4,21,5,7,5,4
S01011091,198,36,58,70,34,141,24,43,51,23,57,12,15,19,11,15,3,2,10,0,21,5,6,4,6,21,4,7,5,5
S01011092,167,14,43,38,72,77,11,19,13,34,90,3,24,25,38,36,1,8,9,18,34,1,11,9,13,20,1,5,7,7
S01011093,179,40,49,61,29,102,28,27,30,17,77,12,22,31,12,24,4,7,11,2,24,2,9,9,4,29,6,6,11,6
S01011094,156,33,58,38,27,92,20,32,24,16,64,13,26,14,11,14,3,5,4,2,24,6,8,5,5,26,4,13,5,4
S01011095,236,62,67,65,42,146,35,40,40,31,90,27,27,25,11,20,5,7,5,3,32,10,6,10,6,38,12,14,10,2
S01011096,182,32,69,51,30,104,15,43,31,15,78,17,26,20,15,23,1,8,9,5,23,7,7,4,5,32,9,11,7,5
S01011097,223,48,64,71,40,129,26,40,44,19,94,22,24,27,21,31,7,8,8,8,33,8,7,10,8,30,7,9,9,5
S01011098,245,32,84,77,52,171,24,53,50,44,74,8,31,27,8,36,2,16,14,4,16,1,6,7,2,22,5,9,6,2
S01011099,300,19,71,87,123,187,16,45,60,66,113,3,26,27,57,45,2,14,9,20,39,0,5,11,23,29,1,7,7,14
S01011100,126,15,36,49,26,83,10,21,34,18,43,5,15,15,8,15,2,6,5,2,13,0,4,4,5,15,3,5,6,1
S01011101,188,9,26,55,98,110,4,11,35,60,78,5,15,20,38,38,2,5,12,19,23,1,5,5,12,17,2,5,3,7
S01011102,258,12,56,53,137,178,12,38,39,89,80,0,18,14,48,36,0,5,6,25,25,0,7,4,14,19,0,6,4,9
S01011103,215,21,50,52,92,155,17,35,36,67,60,4,15,16,25,26,2,7,6,11,15,1,4,4,6,19,1,4,6,8
S01011104,184,39,55,29,61,137,31,33,20,53,47,8,22,9,8,18,3,8,3,4,15,2,9,2,2,14,3,5,4,2
S01011105,287,30,73,75,109,199,26,56,47,70,88,4,17,28,39,50,2,7,16,25,19,1,5,4,9,19,1,5,8,5
S01011106,324,12,158,64,90,102,9,39,29,25,222,3,119,35,65,137,2,76,22,37,56,1,28,10,17,29,0,15,3,11
S01011107,312,37,107,70,98,133,22,40,28,43,179,15,67,42,55,95,9,36,23,27,49,5,19,12,13,35,1,12,7,15
S01011108,166,20,46,54,46,100,12,27,36,25,66,8,19,18,21,17,1,9,3,4,24,4,2,11,7,25,3,8,4,10
S01011109,266,26,73,81,86,190,21,59,52,58,76,5,14,29,28,34,3,5,15,11,22,1,3,7,11,20,1,6,7,6
S01011110,265,14,60,79,112,175,8,37,49,81,90,6,23,30,31,44,4,8,17,15,26,2,10,5,9,20,0,5,8,7
S01011111,321,9,76,88,148,197,6,48,57,86,124,3,28,31,62,47,1,13,12,21,44,1,9,10,24,33,1,6,9,17
S01011112,299,49,87,95,68,153,25,40,51,37,146,24,47,44,31,74,16,22,21,15,50,5,15,18,12,22,3,10,5,4
S01011113,281,21,91,85,84,204,14,69,58,63,77,7,22,27,21,24,3,7,9,5,29,3,10,11,5,24,1,5,7,11
S01011114,224,34,61,71,58,152,24,46,43,39,72,10,15,28,19,24,2,3,13,6,22,4,6,6,6,26,4,6,9,7
S01011115,308,16,58,96,138,201,12,33,63,93,107,4,25,33,45,41,2,2,16,21,32,0,11,10,11,34,2,12,7,13
S01011116,200,18,63,64,55,116,9,32,40,35,84,9,31,24,20,26,2,11,7,6,24,3,8,7,6,34,4,12,10,8
S01011117,232,60,76,45,51,164,38,53,30,43,68,22,23,15,8,26,4,8,8,6,22,10,9,3,0,20,8,6,4,2
S01011118,252,91,67,58,36,147,49,43,32,23,105,42,24,26,13,40,16,9,12,3,33,13,9,7,4,32,13,6,7,6
S01011119,269,86,95,41,47,175,57,56,29,33,94,29,39,12,14,26,10,6,7,3,40,10,24,1,5,28,9,9,4,6
S01011120,159,60,56,25,18,107,40,38,16,13,52,20,18,9,5,12,2,7,2,1,16,8,3,4,1,24,10,8,3,3
S01011121,226,36,58,50,82,196,34,51,39,72,30,2,7,11,10,9,1,1,5,2,10,1,2,3,4,11,0,4,3,4
S01011122,223,25,71,62,65,148,17,43,47,41,75,8,28,15,24,23,2,7,2,12,28,5,12,4,7,24,1,9,9,5
S01011123,328,26,74,111,117,193,18,47,65,63,135,8,27,46,54,57,4,8,19,26,46,1,12,15,18,32,3,7,12,10
S01011124,212,26,60,68,58,109,14,29,28,38,103,12,31,40,20,46,5,13,19,9,30,6,9,9,6,27,1,9,12,5
S01011125,193,11,42,59,81,121,8,27,36,50,72,3,15,23,31,24,1,5,10,8,21,0,4,3,14,27,2,6,10,9
S01011126,136,7,69,27,33,61,5,28,15,13,75,2,41,12,20,38,2,22,6,8,24,0,11,6,7,13,0,8,0,5
S01011127,150,2,131,7,10,36,0,32,4,0,114,2,99,3,10,73,1,67,1,4,28,0,25,1,2,13,1,7,1,4
S01011128,263,26,93,62,82,179,18,52,45,64,84,8,41,17,18,31,3,16,3,9,23,1,9,7,6,30,4,16,7,3
S01011129,278,105,92,50,31,120,34,43,19,24,158,71,49,31,7,77,51,17,9,0,43,13,15,10,5,38,7,17,12,2
S01011130,194,18,65,39,72,132,13,45,24,50,62,5,20,15,22,23,3,5,7,8,23,2,8,5,8,16,0,7,3,6
S01011131,237,40,98,49,50,185,33,73,39,40,52,7,25,10,10,21,3,11,3,4,20,2,9,3,6,11,2,5,4,0
S01011132,262,56,95,72,39,165,33,57,47,28,97,23,38,25,11,40,11,15,7,7,29,7,10,8,4,28,5,13,10,0
S01011133,121,13,30,48,30,80,6,21,27,26,41,7,9,21,4,19,5,4,8,2,15,2,3,8,2,7,0,2,5,0
S01011134,264,24,122,61,57,199,16,93,49,41,65,8,29,12,16,24,4,11,4,5,22,1,13,3,5,19,3,5,5,6
S01011135,231,15,71,73,72,143,8,46,44,45,88,7,25,29,27,36,3,5,13,15,24,2,7,9,6,28,2,13,7,6
S01011136,193,26,77,44,46,128,14,57,27,30,65,12,20,17,16,29,4,10,9,6,15,4,4,2,5,21,4,6,6,5
S01011137,155,19,56,40,40,79,13,25,19,22,76,6,31,21,18,30,4,11,7,8,29,1,12,8,8,17,1,8,6,2
S01011138,208,14,72,48,74,110,5,36,25,44,98,9,36,23,30,42,4,15,11,12,31,2,12,6,11,25,3,9,6,7
S01011139,252,23,162,39,28,117,16,64,19,18,135,7,98,20,10,72,1,54,12,5,36,2,27,5,2,27,4,17,3,3
S01011140,189,14,66,41,68,112,8,42,18,44,77,6,24,23,24,27,3,7,7,10,26,0,9,9,8,24,3,8,7,6
S01011141,188,12,58,49,69,113,6,37,28,42,75,6,21,21,27,33,4,7,11,11,21,1,6,4,10,21,1,8,6,6
S01011142,253,73,87,57,36,149,41,51,33,24,104,32,36,24,12,29,9,8,9,3,38,10,17,8,3,37,13,11,7,6
S01011143,266,59,97,60,50,143,34,53,27,29,123,25,44,33,21,30,7,10,8,5,47,5,18,14,10,46,13,16,11,6
S01011144,218,45,84,50,39,123,24,47,27,25,95,21,37,23,14,32,6,10,11,5,29,10,8,8,3,34,5,19,4,6
S01011145,188,47,69,49,23,122,27,43,34,18,66,20,26,15,5,16,4,6,4,2,35,10,15,8,2,15,6,5,3,1
S01011146,232,37,78,53,64,127,19,45,26,37,105,18,33,27,27,50,9,17,12,12,29,6,12,5,6,26,3,4,10,9
S01011147,332,45,128,100,59,228,32,89,64,43,104,13,39,36,16,31,5,13,11,2,44,4,17,15,8,29,4,9,10,6
S01011148,241,51,63,67,60,159,36,39,46,38,82,15,24,21,22,33,7,9,8,9,21,3,7,3,8,28,5,8,10,5
S01011149,220,50,123,36,11,120,39,50,23,8,100,11,73,13,3,54,3,46,5,0,24,3,15,6,0,22,5,12,2,3
S01011150,173,33,74,35,31,83,12,34,19,18,90,21,40,16,13,44,14,19,6,5,31,6,13,6,6,15,1,8,4,2
S01011151,193,12,121,26,34,98,8,51,18,21,95,4,70,8,13,42,2,37,0,3,32,1,25,4,2,21,1,8,4,8
S01011152,218,64,86,32,36,152,49,54,27,22,66,15,32,5,14,24,5,12,0,7,23,7,11,2,3,19,3,9,3,4
S01011153,306,54,89,86,77,231,42,68,58,63,75,12,21,28,14,25,6,4,12,3,24,4,7,7,6,26,2,10,9,5
S01011154,226,17,76,51,82,186,13,58,42,73,40,4,18,9,9,14,2,6,3,3,17,2,6,5,4,9,0,6,1,2
S01011155,210,29,78,44,59,149,15,54,32,48,61,14,24,12,11,23,2,13,3,5,22,7,4,6,5,16,5,7,3,1
S01011156,180,22,74,50,34,118,17,44,33,24,62,5,30,17,10,18,2,4,5,7,17,1,9,6,1,27,2,17,6,2
S01011157,189,34,76,54,25,141,23,64,35,19,48,11,12,19,6,13,3,3,7,0,17,4,3,7,3,18,4,6,5,3
S01011158,129,52,42,19,16,97,39,33,14,11,32,13,9,5,5,10,4,3,2,1,15,5,5,2,3,7,4,1,1,1
S01011159,175,17,58,53,47,129,10,41,43,35,46,7,17,10,12,24,1,10,4,9,13,2,4,4,3,9,4,3,2,0
S01011160,298,30,93,91,84,183,22,54,48,59,115,8,39,43,25,44,2,15,18,9,33,2,10,15,6,38,4,14,10,10
S01011161,195,9,59,63,64,108,6,32,36,34,87,3,27,27,30,32,2,9,9,12,35,0,9,16,10,20,1,9,2,8
S01011162,148,12,53,33,50,77,10,32,18,17,71,2,21,15,33,28,0,8,6,14,21,1,5,5,10,22,1,8,4,9
S01011163,261,12,56,83,110,171,10,32,55,74,90,2,24,28,36,21,0,3,6,12,34,1,9,11,13,35,1,12,11,11
S01011164,229,34,91,52,52,122,18,55,27,22,107,16,36,25,30,32,3,10,8,11,39,5,15,9,10,36,8,11,8,9
S01011165,252,11,77,76,88,161,5,53,49,54,91,6,24,27,34,50,4,11,15,20,23,2,7,7,7,18,0,6,5,7
S01011166,135,29,53,34,19,79,14,34,19,12,56,15,19,15,7,15,0,5,7,3,17,5,7,4,1,24,10,7,4,3
S01011167,193,65,51,54,23,137,42,38,39,18,56,23,13,15,5,14,7,2,4,1,18,5,5,6,2,24,11,6,5,2
S01011168,248,47,82,82,37,162,30,54,51,27,86,17,28,31,10,34,9,6,15,4,32,5,16,8,3,20,3,6,8,3
S01011169,311,62,135,64,50,149,32,62,26,29,162,30,73,38,21,49,9,22,12,6,55,13,21,11,10,58,8,30,15,5
S01011170,290,76,99,65,50,196,54,66,41,35,94,22,33,24,15,26,7,6,7,6,32,8,12,7,5,36,7,15,10,4
S01011171,235,50,63,66,56,163,39,37,45,42,72,11,26,21,14,22,2,7,8,5,22,3,11,4,4,28,6,8,9,5
S01011172,207,32,57,76,42,143,24,45,45,29,64,8,12,31,13,22,1,5,13,3,24,5,1,11,7,18,2,6,7,3
S01011173,113,26,26,36,25,58,14,15,16,13,55,12,11,20,12,16,2,4,5,5,19,5,2,9,3,20,5,5,6,4
S01011174,114,23,29,30,32,86,16,22,26,22,28,7,7,4,10,8,2,2,2,2,8,1,3,1,3,12,4,2,1,5
S01011175,149,14,27,49,59,96,10,15,35,36,53,4,12,14,23,16,3,3,4,6,16,1,3,5,7,21,0,6,5,10
S01011176,136,25,47,42,22,101,20,35,29,17,35,5,12,13,5,6,1,2,2,1,12,2,4,5,1,17,2,6,6,3
S01011177,232,39,67,61,65,161,29,48,39,45,71,10,19,22,20,17,1,8,4,4,34,3,7,12,12,20,6,4,6,4
S01011178,157,23,54,47,33,80,9,25,29,17,77,14,29,18,16,35,8,16,6,5,22,4,6,8,4,20,2,7,4,7
S01011179,196,8,54,54,80,129,7,33,37,52,67,1,21,17,28,26,0,7,5,14,17,0,3,5,9,24,1,11,7,5
S01011180,212,6,34,65,107,124,4,16,39,65,88,2,18,26,42,34,0,9,7,18,27,0,5,8,14,27,2,4,11,10
S01011181,148,24,43,54,27,108,13,29,44,22,40,11,14,10,5,8,2,3,2,1,16,5,6,4,1,16,4,5,4,3
S01011182,123,23,47,34,19,91,16,31,27,17,32,7,16,7,2,10,3,5,2,0,10,1,6,1,2,12,3,5,4,0
S01011183,163,36,39,41,47,99,23,25,22,29,64,13,14,19,18,23,5,4,7,7,21,4,6,7,4,20,4,4,5,7
S01011184,233,61,100,39,33,117,33,56,13,15,116,28,44,26,18,30,9,8,8,5,49,10,25,7,7,37,9,11,11,6
S01011185,180,24,70,47,39,121,18,46,36,21,59,6,24,11,18,19,2,11,3,3,21,2,8,4,7,19,2,5,4,8
S01011186,280,39,82,60,99,188,29,53,37,69,92,10,29,23,30,34,3,11,7,13,24,3,8,4,9,34,4,10,12,8
S01011187,205,36,66,62,41,149,25,48,44,32,56,11,18,18,9,14,3,1,5,5,12,3,5,3,1,30,5,12,10,3
S01011188,316,19,91,93,113,196,8,58,53,77,120,11,33,40,36,42,5,11,13,13,35,1,12,14,8,43,5,10,13,15
S01011189,271,35,101,71,64,182,19,73,51,39,89,16,28,20,25,39,8,10,9,12,24,4,9,6,5,26,4,9,5,8
S01011190,196,10,52,55,79,121,7,34,37,43,75,3,18,18,36,32,0,7,6,19,24,2,6,8,8,19,1,5,4,9
S01011191,174,9,45,49,71,100,6,22,33,39,74,3,23,16,32,39,1,13,6,19,15,2,2,4,7,20,0,8,6,6
S01011192,241,16,55,69,101,138,11,37,41,49,103,5,18,28,52,36,1,6,8,21,33,3,8,10,12,34,1,4,10,19
S01011193,253,16,59,55,123,146,7,39,27,73,107,9,20,28,50,44,2,11,9,22,37,1,5,10,21,26,6,4,9,7
S01011194,256,14,59,70,113,136,10,24,36,66,120,4,35,34,47,47,1,10,16,20,36,0,17,8,11,37,3,8,10,16
S01011195,271,7,83,73,108,153,4,44,45,60,118,3,39,28,48,47,2,13,9,23,40,1,14,9,16,31,0,12,10,9
S01011196,315,10,82,81,142,190,7,45,48,90,125,3,37,33,52,61,0,14,18,29,34,3,14,8,9,30,0,9,7,14
S01011197,289,21,73,82,113,165,10,34,55,66,124,11,39,27,47,63,6,17,13,27,39,4,15,10,10,22,1,7,4,10
S01011198,192,11,42,58,81,104,7,20,33,44,88,4,22,25,37,35,2,8,13,12,26,1,5,5,15,27,1,9,7,10
S01011199,281,20,94,66,101,178,12,66,36,64,103,8,28,30,37,44,6,11,12,15,22,0,7,5,10,37,2,10,13,12
S01011200,278,22,83,82,91,189,16,55,52,66,89,6,28,30,25,28,3,8,11,6,32,0,9,12,11,29,3,11,7,8
S01011201,185,17,70,52,46,124,7,49,34,34,61,10,21,18,12,22,3,9,5,5,16,3,4,5,4,23,4,8,8,3
S01011202,301,22,80,80,119,186,13,45,55,73,115,9,35,25,46,47,3,17,10,17,38,3,7,11,17,30,3,11,4,12
S01011203,256,34,72,74,76,143,23,37,35,48,113,11,35,39,28,44,6,14,15,9,28,4,9,7,8,41,1,12,17,11
S01011204,167,41,57,33,36,106,22,35,21,28,61,19,22,12,8,10,2,5,0,3,24,7,8,6,3,27,10,9,6,2
S01011205,233,56,84,44,49,80,19,26,17,18,153,37,58,27,31,71,22,26,8,15,44,6,20,8,10,38,9,12,11,6
S01011206,234,51,73,50,60,116,31,33,25,27,118,20,40,25,33,43,5,15,9,14,33,6,12,7,8,42,9,13,9,11
S01011207,243,40,70,60,73,149,15,43,37,54,94,25,27,23,19,24,7,8,3,6,45,12,13,14,6,25,6,6,6,7
S01011208,292,62,112,64,54,164,34,71,33,26,128,28,41,31,28,38,7,8,9,14,44,9,17,11,7,46,12,16,11,7
S01011209,210,26,60,47,77,128,16,39,28,45,82,10,21,19,32,31,7,7,7,10,26,2,8,6,10,25,1,6,6,12
S01011210,222,66,88,34,34,124,32,46,20,26,98,34,42,14,8,16,9,5,1,1,43,12,17,11,3,39,13,20,2,4
S01011211,213,49,78,43,43,105,29,29,25,22,108,20,49,18,21,27,2,11,8,6,46,9,23,6,8,35,9,15,4,7
S01011212,167,4,33,45,85,82,2,20,25,35,85,2,13,20,50,27,1,3,6,17,25,0,3,8,14,33,1,7,6,19
S01011213,338,31,65,79,163,180,22,38,43,77,158,9,27,36,86,67,2,10,15,40,50,4,11,13,22,41,3,6,8,24
S01011214,258,6,64,55,133,126,4,35,29,58,132,2,29,26,75,56,0,13,10,33,43,1,7,10,25,33,1,9,6,17
S01011215,198,6,46,56,90,110,3,18,36,53,88,3,28,20,37,31,1,9,10,11,42,1,11,8,22,15,1,8,2,4
S01011216,188,8,53,52,75,115,6,33,34,42,73,2,20,18,33,35,0,9,10,16,19,0,7,2,10,19,2,4,6,7
S01011217,288,18,56,63,151,170,8,35,36,91,118,10,21,27,60,44,3,5,5,31,31,2,10,5,14,43,5,6,17,15
S01011218,231,7,49,59,116,110,4,20,32,54,121,3,29,27,62,50,2,13,7,28,43,0,11,11,21,28,1,5,9,13
S01011219,269,12,57,72,128,164,7,33,46,78,105,5,24,26,50,30,3,6,9,12,39,1,8,7,23,36,1,10,10,15
S01011220,314,14,72,90,138,203,10,42,62,89,111,4,30,28,49,45,4,10,14,17,30,0,9,5,16,36,0,11,9,16
S01011221,340,26,83,88,143,200,12,46,56,86,140,14,37,32,57,52,6,12,8,26,42,4,15,7,16,46,4,10,17,15
S01011222,210,14,55,54,87,130,9,33,30,58,80,5,22,24,29,24,2,6,4,12,33,3,11,12,7,23,0,5,8,10
S01011223,255,31,78,69,77,153,18,47,43,45,102,13,31,26,32,35,1,10,13,11,36,8,11,5,12,31,4,10,8,9
S01011224,224,19,54,60,91,157,11,32,43,71,67,8,22,17,20,23,2,8,6,7,20,5,8,3,4,24,1,6,8,9
S01011225,242,26,61,44,111,162,18,42,32,70,80,8,19,12,41,29,2,5,5,17,26,4,7,1,14,25,2,7,6,10
S01011226,250,46,85,54,65,148,26,48,29,45,102,20,37,25,20,34,9,8,9,8,35,5,16,11,3,33,6,13,5,9
S01011227,302,42,97,58,105,233,33,81,49,70,69,9,16,9,35,20,3,4,1,12,28,3,5,4,16,21,3,7,4,7
S01011228,290,29,88,66,107,212,24,57,49,82,78,5,31,17,25,25,0,10,7,8,29,3,13,4,9,24,2,8,6,8
S01011229,197,14,50,47,86,131,10,33,35,53,66,4,17,12,33,33,1,6,8,18,17,2,4,3,8,16,1,7,1,7
S01011230,383,14,62,70,237,284,12,45,52,175,99,2,17,18,62,52,2,10,9,31,27,0,6,3,18,20,0,1,6,13
S01011231,197,7,33,41,116,123,4,15,31,73,74,3,18,10,43,26,1,5,5,15,27,1,8,3,15,21,1,5,2,13
S01011232,418,50,120,81,167,344,46,90,68,140,74,4,30,13,27,27,1,12,5,9,19,2,8,2,7,28,1,10,6,11
S01011233,118,14,39,27,38,70,7,26,18,19,48,7,13,9,19,16,1,4,2,9,14,0,5,5,4,18,6,4,2,6
S01011234,376,25,83,90,178,207,14,50,48,95,169,11,33,42,83,68,4,13,17,34,46,2,12,10,22,55,5,8,15,27
S01011235,151,5,39,29,78,99,3,23,15,58,52,2,16,14,20,21,0,7,5,9,13,2,4,1,6,18,0,5,8,5
S01011236,196,19,37,49,91,140,15,24,37,64,56,4,13,12,27,15,1,7,3,4,26,1,3,4,18,15,2,3,5,5
S01011237,253,15,61,63,114,135,10,32,31,62,118,5,29,32,52,32,1,10,7,14,39,2,10,10,17,47,2,9,15,21
S01011238,273,11,65,47,150,178,8,41,32,97,95,3,24,15,53,37,2,7,10,18,29,0,8,3,18,29,1,9,2,17
S01011239,305,13,86,68,138,247,11,66,57,113,58,2,20,11,25,27,1,10,4,12,15,0,5,1,9,16,1,5,6,4
S01011240,366,25,96,68,177,323,22,78,63,160,43,3,18,5,17,18,2,4,4,8,14,0,8,0,6,11,1,6,1,3
S01011241,368,39,111,101,117,283,28,83,84,88,85,11,28,17,29,28,6,7,5,10,30,2,10,6,12,27,3,11,6,7
S01011242,262,32,67,60,103,185,20,42,47,76,77,12,25,13,27,27,3,7,5,12,22,3,12,2,5,28,6,6,6,10
S01011243,398,25,88,82,203,305,19,66,71,149,93,6,22,11,54,35,2,6,6,21,37,2,10,3,22,21,2,6,2,11
S01011244,336,24,83,82,147,270,20,64,66,120,66,4,19,16,27,27,2,4,5,16,28,2,11,9,6,11,0,4,2,5
S01011245,326,20,60,86,160,232,14,41,57,120,94,6,19,29,40,37,3,10,12,12,29,1,2,7,19,28,2,7,10,9
S01011246,324,51,109,77,87,246,41,83,56,66,78,10,26,21,21,34,2,14,10,8,22,4,3,7,8,22,4,9,4,5
S01011247,214,63,72,51,28,148,46,48,32,22,66,17,24,19,6,18,5,8,4,1,23,4,9,7,3,25,8,7,8,2
S01011248,239,29,74,69,67,159,21,47,41,50,80,8,27,28,17,30,2,10,11,7,23,2,9,10,2,27,4,8,7,8
S01011249,219,42,80,54,43,136,23,55,28,30,83,19,25,26,13,22,3,3,8,8,30,9,11,9,1,31,7,11,9,4
S01011250,382,26,95,83,178,193,18,51,48,76,189,8,44,35,102,74,4,17,13,40,66,2,15,12,37,49,2,12,10,25
S01011251,290,11,81,74,124,162,9,39,42,72,128,2,42,32,52,46,1,13,13,19,41,1,10,9,21,41,0,19,10,12
S01011252,281,7,51,73,150,141,5,30,39,67,140,2,21,34,83,57,1,8,13,35,40,0,3,11,26,43,1,10,10,22
S01011253,297,18,45,64,170,179,10,28,43,98,118,8,17,21,72,41,4,5,8,24,35,3,7,5,20,42,1,5,8,28
S01011254,287,62,101,77,47,164,31,56,51,26,123,31,45,26,21,38,13,13,5,7,31,7,11,6,7,54,11,21,15,7
S01011255,236,66,87,53,30,99,21,44,15,19,137,45,43,38,11,57,24,15,15,3,45,15,10,18,2,35,6,18,5,6
S01011256,150,29,45,46,30,55,9,17,17,12,95,20,28,29,18,35,11,5,10,9,47,4,21,16,6,13,5,2,3,3
S01011257,99,32,27,20,20,72,23,20,14,15,27,9,7,6,5,8,2,5,0,1,10,2,2,4,2,9,5,0,2,2
S01011258,151,39,56,32,24,76,21,26,17,12,75,18,30,15,12,16,3,5,5,3,21,6,11,2,2,38,9,14,8,7
S01011259,239,35,70,57,77,169,28,49,40,52,70,7,21,17,25,24,3,3,5,13,29,3,11,8,7,17,1,7,4,5
S01011260,207,46,64,40,57,132,25,45,25,37,75,21,19,15,20,18,4,5,2,7,26,11,5,4,6,31,6,9,9,7
S01011261,228,10,46,58,114,122,6,24,38,54,106,4,22,20,60,44,2,8,8,26,29,0,12,3,14,33,2,2,9,20
S01011262,164,7,47,50,60,106,3,30,32,41,58,4,17,18,19,21,1,8,8,4,18,1,6,4,7,19,2,3,6,8
S01011263,360,44,115,85,116,178,24,55,40,59,182,20,60,45,57,79,12,23,22,22,55,7,13,13,22,48,1,24,10,13
S01011264,209,9,41,59,100,110,6,17,28,59,99,3,24,31,41,48,2,10,16,20,36,1,10,10,15,15,0,4,5,6
S01011265,382,12,97,82,191,190,5,45,40,100,192,7,52,42,91,79,4,18,17,40,63,2,20,12,29,50,1,14,13,22
S01011266,252,16,56,75,105,148,7,30,46,65,104,9,26,29,40,37,4,12,7,14,40,2,10,13,15,27,3,4,9,11
S01011267,173,34,46,37,56,114,24,30,20,40,59,10,16,17,16,18,2,4,8,4,25,5,8,6,6,16,3,4,3,6
S01011268,117,19,26,26,46,86,12,18,21,35,31,7,8,5,11,9,1,1,2,5,13,6,3,1,3,9,0,4,2,3
S01011269,178,14,44,41,79,126,7,29,30,60,52,7,15,11,19,22,3,6,5,8,17,2,7,3,5,13,2,2,3,6
S01011270,267,10,80,59,118,184,6,54,40,84,83,4,26,19,34,31,1,11,8,11,25,1,8,7,9,27,2,7,4,14
S01011271,241,17,64,63,97,168,15,41,41,71,73,2,23,22,26,27,2,8,9,8,24,0,9,5,10,22,0,6,8,8
S01011272,278,24,54,68,132,194,19,30,51,94,84,5,24,17,38,32,0,9,7,16,28,4,9,4,11,24,1,6,6,11
S01011273,276,8,61,69,138,122,5,28,33,56,154,3,33,36,82,52,2,13,13,24,52,0,8,8,36,50,1,12,15,22
S01011274,329,15,86,84,144,187,13,46,40,88,142,2,40,44,56,71,0,18,17,36,35,0,12,15,8,36,2,10,12,12
S01011275,234,4,55,56,119,121,4,28,30,59,113,0,27,26,60,46,0,9,11,26,44,0,12,9,23,23,0,6,6,11
S01011276,310,19,65,78,148,171,9,41,47,74,139,10,24,31,74,50,3,8,7,32,50,4,12,12,22,39,3,4,12,20
S01011277,218,36,79,57,46,153,25,62,37,29,65,11,17,20,17,20,2,4,8,6,23,7,4,7,5,22,2,9,5,6
S01011278,197,30,65,53,49,139,23,50,34,32,58,7,15,19,17,19,3,5,7,4,27,2,6,7,12,12,2,4,5,1
S01011279,208,28,82,46,52,142,19,53,38,32,66,9,29,8,20,30,2,13,5,10,19,1,9,2,7,17,6,7,1,3
S01011280,163,41,50,37,35,108,33,28,26,21,55,8,22,11,14,10,3,3,3,1,18,1,8,4,5,27,4,11,4,8
S01011281,198,42,84,43,29,104,20,44,22,18,94,22,40,21,11,29,7,10,6,6,24,5,12,6,1,41,10,18,9,4
S01011282,286,51,111,80,44,141,21,50,44,26,145,30,61,36,18,48,11,23,8,6,57,10,24,17,6,40,9,14,11,6
S01011283,235,62,81,63,29,110,24,45,25,16,125,38,36,38,13,48,16,15,13,4,36,9,11,12,4,41,13,10,13,5
S01011284,183,70,53,42,18,67,22,20,18,7,116,48,33,24,11,47,22,11,9,5,49,18,18,8,5,20,8,4,7,1
S01011285,241,16,56,62,107,134,8,33,41,52,107,8,23,21,55,44,3,8,11,22,44,3,9,9,23,19,2,6,1,10
S01011286,242,14,80,62,86,134,10,38,39,47,108,4,42,23,39,42,1,14,9,18,41,2,21,8,10,25,1,7,6,11
S01011287,272,8,79,65,120,147,4,44,39,60,125,4,35,26,60,48,2,15,11,20,34,2,12,5,15,43,0,8,10,25
S01011288,233,14,56,59,104,121,9,31,32,49,112,5,25,27,55,47,1,11,12,23,33,2,5,7,19,32,2,9,8,13
S01011289,319,9,90,90,130,185,5,50,48,82,134,4,40,42,48,61,2,19,20,20,29,1,11,7,10,44,1,10,15,18
S01011290,373,30,85,93,165,254,22,50,68,114,119,8,35,25,51,52,2,14,11,25,36,4,8,8,16,31,2,13,6,10
S01011291,299,27,81,58,133,195,14,49,40,92,104,13,32,18,41,43,7,13,8,15,34,3,12,5,14,27,3,7,5,12
S01011292,244,10,43,65,126,156,7,24,45,80,88,3,19,20,46,33,0,10,8,15,26,1,6,8,11,29,2,3,4,20
S01011293,239,8,59,67,105,131,7,20,40,64,108,1,39,27,41,34,0,8,15,11,37,1,20,5,11,37,0,11,7,19
S01011294,300,22,66,66,146,225,17,43,53,112,75,5,23,13,34,40,4,13,8,15,18,0,5,2,11,17,1,5,3,8
S01011295,297,58,111,59,69,194,39,72,38,45,103,19,39,21,24,42,6,16,5,15,29,6,11,7,5,32,7,12,9,4
S01011296,180,22,51,41,66,126,14,35,28,49,54,8,16,13,17,17,2,4,5,6,16,1,5,5,5,21,5,7,3,6
S01011297,245,15,55,70,105,118,6,23,35,54,127,9,32,35,51,42,4,12,16,10,38,3,8,9,18,47,2,12,10,23
S01011298,190,12,46,43,89,89,10,21,24,34,101,2,25,19,55,38,1,9,5,23,33,1,8,7,17,30,0,8,7,15
S01011299,140,35,31,45,29,92,22,20,29,21,48,13,11,16,8,22,6,7,8,1,10,6,2,2,0,16,1,2,6,7
S01011300,312,17,64,87,144,187,10,39,49,89,125,7,25,38,55,47,1,13,10,23,42,3,6,13,20,36,3,6,15,12
S01011301,218,46,78,47,47,148,28,59,28,33,70,18,19,19,14,20,5,5,7,3,27,5,7,8,7,23,8,7,4,4
S01011302,315,21,79,79,136,243,14,59,60,110,72,7,20,19,26,24,3,6,4,11,30,1,9,10,10,18,3,5,5,5
S01011303,316,61,112,75,68,193,40,72,42,39,123,21,40,33,29,34,8,9,13,4,50,10,21,10,9,39,3,10,10,16
S01011304,217,17,48,43,109,115,12,22,23,58,102,5,26,20,51,37,3,8,7,19,38,1,13,6,18,27,1,5,7,14
S01011305,283,26,70,61,126,161,13,40,32,76,122,13,30,29,50,47,6,10,12,19,41,2,11,10,18,34,5,9,7,13
S01011306,195,17,42,47,89,117,12,28,32,45,78,5,14,15,44,31,2,4,6,19,24,1,6,4,13,23,2,4,5,12
S01011307,134,29,37,43,25,81,17,20,27,17,53,12,17,16,8,19,6,5,7,1,18,2,7,5,4,16,4,5,4,3
S01011308,130,43,32,32,23,87,30,22,20,15,43,13,10,12,8,7,1,3,3,0,17,7,4,3,3,19,5,3,6,5
S01011309,198,84,67,29,18,134,53,47,21,13,64,31,20,8,5,13,6,7,0,0,32,15,11,4,2,19,10,2,4,3
S01011310,221,44,87,48,42,146,28,59,32,27,75,16,28,16,15,20,3,10,2,5,33,10,12,7,4,22,3,6,7,6
S01011311,176,52,73,30,21,121,33,55,21,12,55,19,18,9,9,24,9,7,4,4,14,5,6,2,1,17,5,5,3,4
S01011312,293,114,105,45,29,192,74,66,34,18,101,40,39,11,11,32,14,12,3,3,37,15,13,3,6,32,11,14,5,2
S01011313,246,61,88,55,42,164,34,58,38,34,82,27,30,17,8,22,6,8,6,2,34,11,16,6,1,26,10,6,5,5
S01011314,353,112,105,76,60,215,56,62,52,45,138,56,43,24,15,51,25,13,6,7,42,16,18,7,1,45,15,12,11,7
S01011315,120,20,29,35,36,64,8,17,18,21,56,12,12,17,15,26,4,7,6,9,17,5,3,8,1,13,3,2,3,5
S01011316,227,27,59,57,84,115,13,29,31,42,112,14,30,26,42,49,6,16,12,15,30,2,5,8,15,33,6,9,6,12
S01011317,181,57,68,34,22,123,37,51,24,11,58,20,17,10,11,12,5,4,1,2,28,10,9,6,3,18,5,4,3,6
S01011318,253,71,94,50,38,189,50,73,38,28,64,21,21,12,10,21,6,6,5,4,19,9,3,4,3,24,6,12,3,3
S01011319,196,69,71,30,26,121,42,43,20,16,75,27,28,10,10,15,4,7,2,2,28,13,8,3,4,32,10,13,5,4
S01011320,166,21,68,33,44,121,13,47,23,38,45,8,21,10,6,12,4,5,2,1,9,1,2,5,1,24,3,14,3,4
S01011321,200,36,69,54,41,120,21,46,25,28,80,15,23,29,13,23,7,7,8,1,30,2,9,12,7,27,6,7,9,5
S01011322,196,41,75,41,39,105,22,38,17,28,91,19,37,24,11,36,6,19,7,4,27,8,8,7,4,28,5,10,10,3
S01011323,302,41,83,76,102,161,23,42,42,54,141,18,41,34,48,55,9,13,14,19,51,3,13,16,19,35,6,15,4,10
S01011324,142,29,46,31,36,96,17,32,22,25,46,12,14,9,11,19,4,8,2,5,13,4,2,5,2,14,4,4,2,4
S01011325,326,36,92,82,116,261,30,69,66,96,65,6,23,16,20,19,2,6,6,5,25,0,9,6,10,21,4,8,4,5
S01011326,316,38,82,68,128,263,34,69,58,102,53,4,13,10,26,28,1,9,5,13,11,0,1,2,8,14,3,3,3,5
S01011327,226,33,53,54,86,189,29,45,42,73,37,4,8,12,13,12,3,3,2,4,13,0,1,8,4,12,1,4,2,5
S01011328,206,38,49,51,68,137,26,36,29,46,69,12,13,22,22,22,2,2,12,6,27,8,4,6,9,20,2,7,4,7
S01011329,262,50,91,59,62,182,35,64,42,41,80,15,27,17,21,28,3,12,6,7,27,5,9,6,7,25,7,6,5,7
S01011330,198,55,68,44,31,113,28,44,25,16,85,27,24,19,15,27,9,6,8,4,34,9,9,9,7,24,9,9,2,4
S01011331,174,68,54,30,22,103,43,30,16,14,71,25,24,14,8,30,17,6,6,1,20,3,10,3,4,21,5,8,5,3
S01011332,223,74,76,43,30,146,46,50,28,22,77,28,26,15,8,21,6,8,6,1,29,11,9,6,3,27,11,9,3,4
S01011333,167,77,55,17,18,129,59,40,16,14,38,18,15,1,4,7,3,4,0,0,11,6,2,1,2,20,9,9,0,2
S01011334,197,55,57,59,26,126,31,40,36,19,71,24,17,23,7,29,11,4,10,4,26,8,8,8,2,16,5,5,5,1
S01011335,241,98,81,28,34,159,64,59,15,21,82,34,22,13,13,22,12,4,2,4,27,11,6,5,5,33,11,12,6,4
S01011336,189,38,46,46,59,100,24,18,23,35,89,14,28,23,24,37,9,13,8,7,26,2,5,6,13,26,3,10,9,4
S01011337,188,71,76,19,22,133,45,59,15,14,55,26,17,4,8,11,3,3,2,3,22,15,5,0,2,22,8,9,2,3
S01011338,221,24,61,51,85,123,17,35,26,45,98,7,26,25,40,32,2,9,11,10,41,4,9,12,16,25,1,8,2,14
S01011339,164,14,28,55,67,81,10,13,29,29,83,4,15,26,38,24,2,2,7,13,26,2,5,6,13,33,0,8,13,12
S01011340,201,13,55,49,84,118,8,25,35,50,83,5,30,14,34,33,3,12,4,14,25,0,11,3,11,25,2,7,7,9
S01011341,268,36,80,61,91,170,26,43,38,63,98,10,37,23,28,42,4,20,7,11,30,3,8,8,11,26,3,9,8,6
S01011342,234,37,77,58,62,158,25,53,45,35,76,12,24,13,27,33,6,11,4,12,23,1,9,4,9,20,5,4,5,6
S01011343,312,17,72,82,141,222,12,48,57,105,90,5,24,25,36,35,2,7,12,14,26,1,10,8,7,29,2,7,5,15
S01011344,298,18,57,86,137,171,5,35,54,77,127,13,22,32,60,46,3,8,10,25,50,0,11,11,28,31,10,3,11,7
S01011345,290,7,53,78,152,160,4,25,40,91,130,3,28,38,61,53,1,14,17,21,40,0,7,11,22,37,2,7,10,18
S01011346,223,9,61,63,90,139,5,38,36,60,84,4,23,27,30,29,1,5,11,12,37,1,14,9,13,18,2,4,7,5
S01011347,376,36,101,107,132,266,23,69,72,102,110,13,32,35,30,31,3,11,10,7,45,7,15,8,15,34,3,6,17,8
S01011348,313,37,84,67,125,193,24,49,39,81,120,13,35,28,44,50,4,10,12,24,36,4,14,9,9,34,5,11,7,11
S01011349,317,58,115,81,63,184,35,63,44,42,133,23,52,37,21,41,6,17,11,7,48,12,16,12,8,44,5,19,14,6
S01011350,183,45,81,31,26,111,24,52,19,16,72,21,29,12,10,26,7,9,4,6,24,6,12,5,1,22,8,8,3,3
S01011351,266,15,59,66,126,179,11,34,39,95,87,4,25,27,31,35,3,11,8,13,31,0,7,11,13,21,1,7,8,5
S01011352,230,25,70,65,70,163,17,47,42,57,67,8,23,23,13,32,6,11,10,5,20,1,8,9,2,15,1,4,4,6
S01011353,200,17,60,54,69,134,12,38,34,50,66,5,22,20,19,22,4,10,3,5,21,1,5,10,5,23,0,7,7,9
S01011354,216,42,81,48,45,129,25,52,26,26,87,17,29,22,19,26,7,3,8,8,30,4,13,8,5,31,6,13,6,6
S01011355,280,39,82,87,72,180,27,46,55,52,100,12,36,32,20,29,3,12,9,5,32,1,10,13,8,39,8,14,10,7
S01011356,291,86,76,89,40,183,55,43,58,27,108,31,33,31,13,42,10,15,12,5,37,15,6,9,7,29,6,12,10,1
S01011357,230,31,81,65,53,132,11,41,41,39,98,20,40,24,14,24,2,11,7,4,36,8,19,5,4,38,10,10,12,6
S01011358,173,37,76,31,29,83,21,33,13,16,90,16,43,18,13,21,5,11,3,2,27,4,10,6,7,42,7,22,9,4
S01011359,231,20,58,72,81,169,12,40,55,62,62,8,18,17,19,20,2,5,5,8,26,4,8,7,7,16,2,5,5,4
S01011360,323,10,72,76,165,202,8,35,53,106,121,2,37,23,59,54,1,19,9,25,41,1,11,9,20,26,0,7,5,14
S01011361,292,10,42,72,168,238,8,34,60,136,54,2,8,12,32,32,0,5,5,22,11,1,1,5,4,11,1,2,2,6
S01011362,162,36,57,45,24,75,14,28,21,12,87,22,29,24,12,46,15,12,12,7,23,4,12,4,3,18,3,5,8,2
S01011363,305,46,88,75,96,215,29,54,52,80,90,17,34,23,16,37,7,15,8,7,29,6,9,9,5,24,4,10,6,4
S01011364,195,25,70,44,56,108,12,33,25,38,87,13,37,19,18,40,6,16,10,8,25,3,12,6,4,22,4,9,3,6
S01011365,183,28,88,48,19,65,11,29,16,9,118,17,59,32,10,45,5,22,13,5,47,9,23,12,3,26,3,14,7,2
S01011366,153,8,51,51,43,117,5,40,40,32,36,3,11,11,11,20,1,5,7,7,8,0,4,4,0,8,2,2,0,4
S01011367,280,12,83,77,108,176,9,51,48,68,104,3,32,29,40,41,1,13,13,14,34,1,10,7,16,29,1,9,9,10
S01011368,280,72,121,56,31,130,38,52,22,18,150,34,69,34,13,94,23,41,18,12,25,6,11,8,0,31,5,17,8,1
S01011369,266,17,71,77,101,161,12,39,45,65,105,5,32,32,36,36,2,6,11,17,28,0,10,9,9,41,3,16,12,10
S01011370,252,51,104,54,43,128,25,54,25,24,124,26,50,29,19,83,20,35,20,8,18,4,8,4,2,23,2,7,5,9
S01011371,392,23,114,89,166,275,14,76,68,117,117,9,38,21,49,56,5,16,9,26,30,2,10,8,10,31,2,12,4,13
S01011372,309,13,70,64,162,237,11,49,57,120,72,2,21,7,42,37,1,13,3,20,20,0,5,3,12,15,1,3,1,10
S01011373,279,20,86,54,119,195,14,68,39,74,84,6,18,15,45,35,1,4,3,27,31,3,9,7,12,18,2,5,5,6
S01011374,248,45,107,53,43,131,25,53,29,24,117,20,54,24,19,40,10,20,6,4,44,5,17,11,11,33,5,17,7,4
S01011375,221,32,75,52,62,147,22,48,38,39,74,10,27,14,23,31,6,8,6,11,21,2,11,5,3,22,2,8,3,9
S01011376,202,16,57,46,83,167,12,46,42,67,35,4,11,4,16,21,2,7,3,9,7,1,1,1,4,7,1,3,0,3
S01011377,185,71,67,28,19,123,44,42,22,15,62,27,25,6,4,23,13,8,2,0,21,7,9,3,2,18,7,8,1,2
S01011378,196,52,64,40,40,117,29,37,27,24,79,23,27,13,16,28,5,11,5,7,31,11,12,3,5,20,7,4,5,4
S01011379,272,96,108,42,26,156,60,55,26,15,116,36,53,16,11,35,16,10,4,5,43,11,18,10,4,38,9,25,2,2
S01011380,256,39,101,50,66,189,24,79,41,45,67,15,22,9,21,21,6,7,2,6,17,3,4,3,7,29,6,11,4,8
S01011381,220,30,99,43,48,156,15,69,33,39,64,15,30,10,9,20,8,8,4,0,25,2,15,2,6,19,5,7,4,3
S01011382,248,24,63,70,91,171,13,40,56,62,77,11,23,14,29,41,6,11,8,16,13,1,5,1,6,23,4,7,5,7
S01011383,296,12,54,55,175,213,8,32,42,131,83,4,22,13,44,45,0,14,6,25,19,2,5,3,9,19,2,3,4,10
S01011384,284,7,39,63,175,166,2,27,40,97,118,5,12,23,78,58,2,4,17,35,37,0,4,4,29,23,3,4,2,14
S01011385,322,9,58,85,170,204,4,46,57,97,118,5,12,28,73,44,3,7,10,24,40,1,2,7,30,34,1,3,11,19
S01011386,181,6,29,26,120,83,4,15,12,52,98,2,14,14,68,42,1,4,5,32,25,1,7,1,16,31,0,3,8,20
S01011387,284,17,45,62,160,176,10,29,41,96,108,7,16,21,64,45,1,4,10,30,45,4,10,6,25,18,2,2,5,9
S01011388,394,69,139,114,72,210,29,81,65,35,184,40,58,49,37,81,17,22,28,14,58,16,18,14,10,45,7,18,7,13
S01011389,309,28,114,61,106,236,20,95,43,78,73,8,19,18,28,36,4,10,5,17,16,2,3,5,6,21,2,6,8,5
S01011390,237,14,51,68,104,146,6,34,42,64,91,8,17,26,40,33,4,5,12,12,36,3,8,9,16,22,1,4,5,12
S01011391,199,11,43,63,82,105,7,23,37,38,94,4,20,26,44,39,1,10,9,19,32,0,4,9,19,23,3,6,8,6
S01011392,230,11,44,77,98,136,3,30,53,50,94,8,14,24,48,36,3,6,11,16,34,3,3,9,19,24,2,5,4,13
S01011393,242,13,86,69,74,155,7,53,49,46,87,6,33,20,28,32,2,12,7,11,26,1,13,4,8,29,3,8,9,9
S01011394,177,56,64,38,19,64,11,20,21,12,113,45,44,17,7,44,17,18,8,1,46,16,20,4,6,23,12,6,5,0
S01011395,302,18,92,71,121,234,14,62,58,100,68,4,30,13,21,22,2,6,3,11,24,1,9,6,8,22,1,15,4,2
S01011396,259,28,82,55,94,185,22,53,39,71,74,6,29,16,23,36,4,13,6,13,17,0,7,5,5,21,2,9,5,5
S01011397,262,16,94,55,97,167,13,64,37,53,95,3,30,18,44,39,1,9,11,18,36,2,12,7,15,20,0,9,0,11
S01011398,242,12,64,52,114,143,7,39,37,60,99,5,25,15,54,40,2,6,5,27,38,3,11,3,21,21,0,8,7,6
S01011399,183,10,43,45,85,120,8,27,37,48,63,2,16,8,37,23,0,6,2,15,21,1,2,3,15,19,1,8,3,7
S01011400,284,58,98,59,69,218,43,76,44,55,66,15,22,15,14,26,3,10,6,7,24,6,6,8,4,16,6,6,1,3
S01011401,196,32,78,43,43,130,18,50,30,32,66,14,28,13,11,16,5,8,2,1,24,4,8,5,7,26,5,12,6,3
S01011402,238,35,68,61,74,161,21,47,40,53,77,14,21,21,21,26,5,6,11,4,31,4,8,8,11,20,5,7,2,6
S01011403,171,24,55,46,46,97,10,29,27,31,74,14,26,19,15,23,3,7,4,9,23,9,7,5,2,28,2,12,10,4
S01011404,317,26,94,84,113,219,15,67,56,81,98,11,27,28,32,38,3,11,9,15,24,3,6,9,6,36,5,10,10,11
S01011405,197,22,63,49,63,124,11,41,31,41,73,11,22,18,22,37,2,6,12,17,20,6,5,4,5,16,3,11,2,0
S01011406,184,13,56,47,68,116,8,35,29,44,68,5,21,18,24,22,2,6,6,8,24,1,9,4,10,22,2,6,8,6
S01011407,345,39,130,91,85,224,24,85,58,57,121,15,45,33,28,45,8,12,15,10,46,5,20,10,11,30,2,13,8,7
S01011408,258,12,64,66,116,157,6,43,40,68,101,6,21,26,48,32,5,5,9,13,35,1,7,11,16,34,0,9,6,19
S01011409,296,19,71,76,130,153,8,34,40,71,143,11,37,36,59,61,9,12,15,25,42,0,15,8,19,40,2,10,13,15
S01011410,207,12,65,64,66,145,10,51,40,44,62,2,14,24,22,27,2,5,12,8,18,0,6,7,5,17,0,3,5,9
S01011411,178,12,47,59,60,100,10,24,28,38,78,2,23,31,22,38,1,14,15,8,20,1,7,8,4,20,0,2,8,10
S01011412,220,54,86,51,29,142,39,48,34,21,78,15,38,17,8,21,2,9,8,2,30,7,15,6,2,27,6,14,3,4
S01011413,193,24,75,53,41,110,13,39,32,26,83,11,36,21,15,28,2,12,9,5,26,4,10,5,7,29,5,14,7,3
S01011414,272,21,73,78,100,167,15,38,51,63,105,6,35,27,37,47,2,13,10,22,30,1,10,10,9,28,3,12,7,6
S01011415,304,37,96,99,72,211,27,64,69,51,93,10,32,30,21,33,5,7,14,7,29,0,9,12,8,31,5,16,4,6
S01011416,195,30,80,57,28,122,21,47,34,20,73,9,33,23,8,19,2,9,7,1,26,3,11,10,2,28,4,13,6,5
S01011417,230,24,75,59,72,143,17,47,35,44,87,7,28,24,28,36,3,11,13,9,30,3,11,5,11,21,1,6,6,8
S01011418,180,4,49,51,76,114,1,29,32,52,66,3,20,19,24,28,2,6,8,12,20,1,11,3,5,18,0,3,8,7
S01011419,178,23,44,51,60,114,12,25,32,45,64,11,19,19,15,21,3,4,7,7,18,4,6,5,3,25,4,9,7,5
S01011420,192,10,43,34,105,138,7,34,27,70,54,3,9,7,35,21,1,4,2,14,17,0,3,2,12,16,2,2,3,9
S01011421,221,35,86,46,54,110,21,50,18,21,111,14,36,28,33,69,9,21,17,22,30,4,9,7,10,12,1,6,4,1
S01011422,192,13,44,57,78,109,8,18,38,45,83,5,26,19,33,30,0,11,3,16,32,4,9,8,11,21,1,6,8,6
S01011423,173,14,38,47,74,83,6,17,29,31,90,8,21,18,43,46,6,10,8,22,29,1,7,7,14,15,1,4,3,7
S01011424,164,15,30,60,59,101,9,21,30,41,63,6,9,30,18,28,3,4,13,8,23,3,2,11,7,12,0,3,6,3
S01011425,256,29,67,64,96,134,16,35,34,49,122,13,32,30,47,53,7,14,10,22,35,3,12,11,9,34,3,6,9,16
S01011426,298,80,99,79,40,135,38,41,38,18,163,42,58,41,22,78,22,25,19,12,49,12,19,11,7,36,8,14,11,3
S01011427,227,22,50,80,75,144,16,32,50,46,83,6,18,30,29,31,2,3,14,12,22,2,6,8,6,30,2,9,8,11
S01011428,166,8,40,57,61,115,6,29,42,38,51,2,11,15,23,24,0,4,9,11,10,1,3,3,3,17,1,4,3,9
S01011429,199,35,80,57,27,112,15,46,33,18,87,20,34,24,9,28,10,10,6,2,23,2,9,9,3,36,8,15,9,4
S01011430,296,43,96,77,80,190,31,62,48,49,106,12,34,29,31,52,4,14,14,20,36,6,14,10,6,18,2,6,5,5
S01011431,334,21,91,97,125,220,14,59,59,88,114,7,32,38,37,37,2,11,12,12,42,2,15,12,13,35,3,6,14,12
S01011432,330,17,90,95,128,224,11,68,62,83,106,6,22,33,45,39,4,8,12,15,31,0,6,9,16,36,2,8,12,14
S01011433,309,6,56,80,167,148,2,25,41,80,161,4,31,39,87,64,2,13,7,42,51,2,9,16,24,46,0,9,16,21
S01011434,167,17,53,51,46,111,10,40,33,28,56,7,13,18,18,15,3,3,6,3,24,1,3,11,9,17,3,7,1,6
S01011435,287,47,109,74,57,178,29,62,42,45,109,18,47,32,12,43,5,20,11,7,42,9,17,14,2,24,4,10,7,3
S01011436,287,14,71,69,133,202,11,48,50,93,85,3,23,19,40,38,0,9,8,21,24,1,7,5,11,23,2,7,6,8
S01011437,263,12,72,76,103,178,9,48,57,64,85,3,24,19,39,34,0,11,7,16,25,2,9,6,8,26,1,4,6,15
S01011438,197,2,32,51,112,115,2,13,36,64,82,0,19,15,48,37,0,10,4,23,23,0,4,5,14,22,0,5,6,11
S01011439,280,12,75,86,107,176,10,46,59,61,104,2,29,27,46,43,1,8,12,22,31,0,13,9,9,30,1,8,6,15
S01011440,201,9,40,52,100,131,7,27,32,65,70,2,13,20,35,41,2,9,12,18,14,0,3,4,7,15,0,1,4,10
S01011441,263,12,53,78,120,173,4,36,55,78,90,8,17,23,42,34,4,8,9,13,32,2,5,11,14,24,2,4,3,15
S01011442,227,8,51,60,108,140,4,35,36,65,87,4,16,24,43,36,1,4,14,17,24,1,5,5,13,27,2,7,5,13
S01011443,192,8,56,46,82,119,3,34,30,52,73,5,22,16,30,20,1,6,3,10,22,0,6,6,10,31,4,10,7,10
S01011444,244,13,46,63,122,147,6,25,40,76,97,7,21,23,46,42,3,10,10,19,22,1,3,5,13,33,3,8,8,14
S01011445,195,30,57,38,70,122,18,40,23,41,73,12,17,15,29,38,8,9,8,13,18,3,5,2,8,17,1,3,5,8
S01011446,163,16,60,48,39,103,8,42,28,25,60,8,18,20,14,21,4,5,6,6,17,2,5,6,4,22,2,8,8,4
S01011447,305,16,79,76,134,154,8,39,37,70,151,8,40,39,64,57,1,18,14,24,55,4,14,16,21,39,3,8,9,19
S01011448,289,41,89,73,86,194,26,61,50,57,95,15,28,23,29,31,5,10,3,13,30,4,11,9,6,34,6,7,11,10
S01011449,186,17,41,44,84,132,9,31,29,63,54,8,10,15,21,24,3,2,5,14,19,2,5,6,6,11,3,3,4,1
S01011450,185,43,66,35,41,85,21,26,15,23,100,22,40,20,18,39,7,13,9,10,41,12,18,9,2,20,3,9,2,6
S01011451,196,64,73,33,26,80,25,27,14,14,116,39,46,19,12,31,13,10,7,1,47,15,22,3,7,38,11,14,9,4
S01011452,344,52,115,106,71,231,36,69,71,55,113,16,46,35,16,45,6,20,12,7,33,7,11,9,6,35,3,15,14,3
S01011453,202,22,63,53,64,117,12,37,26,42,85,10,26,27,22,35,4,7,12,12,24,3,10,6,5,26,3,9,9,5
S01011454,242,10,73,64,95,132,4,43,32,53,110,6,30,32,42,37,1,10,9,17,40,4,10,11,15,33,1,10,12,10
S01011455,230,9,53,55,113,140,5,27,41,67,90,4,26,14,46,32,2,6,6,18,27,1,11,4,11,31,1,9,4,17
S01011456,260,12,59,76,113,175,7,33,52,83,85,5,26,24,30,34,3,9,10,12,26,2,11,3,10,25,0,6,11,8
S01011457,307,21,65,80,141,179,12,33,53,81,128,9,32,27,60,45,6,13,9,17,44,1,9,8,26,39,2,10,10,17
S01011458,337,53,124,90,70,166,21,59,54,32,171,32,65,36,38,55,8,22,16,9,56,10,23,11,12,60,14,20,9,17
S01011459,370,62,140,65,103,201,34,74,35,58,169,28,66,30,45,93,16,36,15,26,53,9,20,10,14,23,3,10,5,5
S01011460,238,35,54,59,90,117,17,26,22,52,121,18,28,37,38,38,5,12,12,9,55,7,9,20,19,28,6,7,5,10
S01011461,286,13,78,67,128,179,10,45,41,83,107,3,33,26,45,39,0,8,7,24,30,0,11,8,11,38,3,14,11,10
S01011462,293,48,98,68,79,193,25,57,51,60,100,23,41,17,19,30,5,12,7,6,32,9,9,6,8,38,9,20,4,5
S01011463,227,28,79,63,57,135,14,54,33,34,92,14,25,30,23,35,5,14,8,8,37,7,9,11,10,20,2,2,11,5
S01011464,213,65,68,46,34,116,28,41,25,22,97,37,27,21,12,47,22,8,10,7,26,8,9,8,1,24,7,10,3,4
S01011465,176,8,31,40,97,94,2,18,25,49,82,6,13,15,48,28,1,3,3,21,34,3,7,7,17,20,2,3,5,10
S01011466,236,17,56,51,112,163,11,41,36,75,73,6,15,15,37,36,6,8,8,14,24,0,4,5,15,13,0,3,2,8
S01011467,193,27,63,44,59,116,11,38,31,36,77,16,25,13,23,29,9,9,4,7,27,4,11,3,9,21,3,5,6,7
S01011468,301,85,126,45,45,123,34,50,18,21,178,51,76,27,24,102,28,44,16,14,51,16,19,9,7,25,7,13,2,3
S01011469,275,19,70,63,123,146,8,36,33,69,129,11,34,30,54,59,4,17,11,27,39,5,11,8,15,31,2,6,11,12
S01011470,348,34,114,76,124,234,19,78,48,89,114,15,36,28,35,53,8,18,14,13,29,2,10,6,11,32,5,8,8,11
S01011471,265,45,94,63,63,188,31,64,51,42,77,14,30,12,21,22,5,10,1,6,25,3,9,8,5,30,6,11,3,10
S01011472,393,19,125,76,173,306,17,97,62,130,87,2,28,14,43,33,1,11,1,20,30,1,9,7,13,24,0,8,6,10
S01011473,236,11,63,49,113,193,10,52,40,91,43,1,11,9,22,20,0,6,4,10,8,1,1,3,3,15,0,4,2,9
S01011474,299,25,84,74,116,223,22,56,56,89,76,3,28,18,27,32,1,16,5,10,30,1,9,11,9,14,1,3,2,8
S01011475,238,12,75,45,106,178,12,55,34,77,60,0,20,11,29,23,0,8,3,12,20,0,8,1,11,17,0,4,7,6
S01011476,140,43,52,28,17,81,26,29,14,12,59,17,23,14,5,16,2,9,4,1,15,8,3,3,1,28,7,11,7,3
S01011477,235,71,94,43,27,141,40,53,29,19,94,31,41,14,8,22,6,11,4,1,46,17,19,6,4,26,8,11,4,3
S01011478,329,116,131,58,24,191,61,80,37,13,138,55,51,21,11,39,19,11,6,3,53,18,23,7,5,46,18,17,8,3
S01011479,265,68,115,48,34,192,54,82,31,25,73,14,33,17,9,29,6,10,8,5,20,2,12,4,2,24,6,11,5,2
S01011480,321,128,115,40,38,206,82,80,24,20,115,46,35,16,18,44,18,11,6,9,43,13,17,7,6,28,15,7,3,3
S01011481,269,52,103,58,56,142,25,47,34,36,127,27,56,24,20,57,15,21,11,10,41,6,23,8,4,29,6,12,5,6
S01011482,273,36,96,63,78,165,24,52,47,42,108,12,44,16,36,38,2,14,11,11,42,6,16,4,16,28,4,14,1,9
S01011483,180,47,73,35,25,118,32,47,26,13,62,15,26,9,12,18,4,7,1,6,26,3,13,5,5,18,8,6,3,1
S01011484,277,15,65,82,115,172,9,32,59,72,105,6,33,23,43,35,2,14,9,10,40,3,13,5,19,30,1,6,9,14
S01011485,267,16,63,63,125,134,9,32,28,65,133,7,31,35,60,50,2,11,10,27,42,1,10,11,20,41,4,10,14,13
S01011486,164,7,35,37,85,82,4,21,20,37,82,3,14,17,48,23,0,2,6,15,34,2,7,6,19,25,1,5,5,14
S01011487,354,26,89,86,153,182,16,45,39,82,172,10,44,47,71,61,5,15,16,25,68,2,18,19,29,43,3,11,12,17
S01011488,202,8,49,47,98,100,6,24,25,45,102,2,25,22,53,37,0,10,7,20,45,1,11,11,22,20,1,4,4,11
S01011489,253,41,101,51,60,110,16,42,22,30,143,25,59,29,30,55,12,26,9,8,48,7,17,14,10,40,6,16,6,12
S01011490,368,30,119,92,127,250,22,72,66,90,118,8,47,26,37,56,3,23,12,18,38,3,13,9,13,24,2,11,5,6
S01011491,201,11,49,42,99,143,5,37,33,68,58,6,12,9,31,31,3,6,4,18,12,0,4,2,6,15,3,2,3,7
S01011492,341,14,88,77,162,247,10,70,60,107,94,4,18,17,55,47,3,7,9,28,33,0,8,6,19,14,1,3,2,8
S01011493,161,39,63,41,18,60,14,29,13,4,101,25,34,28,14,31,9,8,8,6,38,12,12,10,4,32,4,14,10,4
S01011494,219,21,68,49,81,138,14,37,30,57,81,7,31,19,24,28,4,13,3,8,32,2,11,9,10,21,1,7,7,6
S01011495,264,22,64,73,105,168,18,39,47,64,96,4,25,26,41,38,0,14,10,14,30,3,3,11,13,28,1,8,5,14
S01011496,267,8,35,69,155,162,4,18,43,97,105,4,17,26,58,52,2,9,11,30,31,0,3,11,17,22,2,5,4,11
S01011497,232,41,87,49,55,150,25,50,34,41,82,16,37,15,14,35,8,12,4,11,23,2,16,3,2,24,6,9,8,1
S01011498,212,36,86,47,43,106,18,37,25,26,106,18,49,22,17,24,7,12,4,1,42,4,22,11,5,40,7,15,7,11
S01011499,298,37,104,82,75,200,25,61,60,54,98,12,43,22,21,39,5,16,9,9,27,1,14,7,5,32,6,13,6,7
S01011500,162,9,46,49,58,98,6,31,32,29,64,3,15,17,29,28,1,5,7,15,13,1,3,6,3,23,1,7,4,11
S01011501,244,12,40,57,135,152,7,30,44,71,92,5,10,13,64,40,3,6,4,27,31,1,4,4,22,21,1,0,5,15
S01011502,221,16,55,64,86,124,7,29,34,54,97,9,26,30,32,39,5,9,12,13,43,4,11,12,16,15,0,6,6,3
S01011503,187,20,44,45,78,109,16,20,23,50,78,4,24,22,28,30,1,9,11,9,31,2,9,6,14,17,1,6,5,5
S01011504,161,20,46,47,48,97,14,31,29,23,64,6,15,18,25,13,3,1,4,5,33,3,11,5,14,18,0,3,9,6
S01011505,267,24,62,51,130,161,16,35,29,81,106,8,27,22,49,43,0,11,8,24,39,6,9,10,14,24,2,7,4,11
S01011506,141,23,37,36,45,93,15,28,19,31,48,8,9,17,14,17,5,5,3,4,20,3,3,8,6,11,0,1,6,4
S01011507,204,16,52,50,86,141,9,35,34,63,63,7,17,16,23,26,1,7,8,10,18,1,4,3,10,19,5,6,5,3
S01011508,416,46,127,107,136,292,33,89,67,103,124,13,38,40,33,57,4,17,17,19,44,7,13,15,9,23,2,8,8,5
S01011509,192,16,51,54,71,123,12,32,36,43,69,4,19,18,28,25,0,5,5,15,24,2,11,5,6,20,2,3,8,7
S01011510,337,21,84,81,151,160,7,44,42,67,177,14,40,39,84,69,9,11,17,32,63,2,12,14,35,45,3,17,8,17
S01011511,187,6,41,37,103,124,1,24,28,71,63,5,17,9,32,24,4,3,3,14,30,0,9,4,17,9,1,5,2,1
S01011512,410,11,95,65,239,239,6,54,49,130,171,5,41,16,109,89,4,18,11,56,56,1,15,1,39,26,0,8,4,14
S01011513,288,9,57,68,154,179,0,38,51,90,109,9,19,17,64,39,4,5,5,25,37,3,4,6,24,33,2,10,6,15
S01011514,260,13,50,67,130,133,3,25,34,71,127,10,25,33,59,50,5,13,10,22,35,1,7,10,17,42,4,5,13,20
S01011515,246,20,95,62,69,191,17,71,44,59,55,3,24,18,10,14,0,5,5,4,27,2,12,10,3,14,1,7,3,3
S01011516,325,59,125,76,65,199,34,78,51,36,126,25,47,25,29,40,2,17,8,13,49,12,18,13,6,37,11,12,4,10
S01011517,151,14,45,48,44,83,7,20,25,31,68,7,25,23,13,26,1,10,7,8,20,3,10,5,2,22,3,5,11,3
S01011518,180,11,32,58,79,116,10,19,37,50,64,1,13,21,29,24,1,7,5,11,18,0,2,7,9,22,0,4,9,9
S01011519,222,8,55,66,93,138,4,37,41,56,84,4,18,25,37,31,2,8,8,13,25,1,6,7,11,28,1,4,10,13
S01011520,195,10,41,46,98,119,5,28,29,57,76,5,13,17,41,31,2,8,7,14,27,3,2,4,18,18,0,3,6,9
S01011521,357,31,109,66,151,222,21,68,44,89,135,10,41,22,62,66,6,20,10,30,37,2,9,7,19,32,2,12,5,13
S01011522,342,27,109,60,146,239,19,74,44,102,103,8,35,16,44,36,3,9,5,19,41,4,17,5,15,26,1,9,6,10
S01011523,284,20,56,79,129,197,12,35,56,94,87,8,21,23,35,29,3,8,7,11,28,3,8,6,11,30,2,5,10,13
S01011524,320,37,113,91,79,222,25,80,65,52,98,12,33,26,27,26,3,8,7,8,33,6,11,9,7,39,3,14,10,12
S01011525,289,43,91,82,73,164,16,53,54,41,125,27,38,28,32,43,9,13,11,10,51,7,18,11,15,31,11,7,6,7
S01011526,317,38,89,86,104,187,21,55,45,66,130,17,34,41,38,48,4,17,12,15,50,7,11,20,12,32,6,6,9,11
S01011527,185,32,58,49,46,110,14,37,33,26,75,18,21,16,20,20,7,5,4,4,25,4,8,5,8,30,7,8,7,8
S01011528,344,24,99,88,133,233,18,68,60,87,111,6,31,28,46,46,4,12,12,18,32,1,8,5,18,33,1,11,11,10
S01011529,210,11,60,37,102,134,7,42,23,62,76,4,18,14,40,30,2,3,7,18,35,2,9,5,19,11,0,6,2,3
S01011530,341,33,85,78,145,246,25,67,49,105,95,8,18,29,40,39,2,8,16,13,35,4,3,6,22,21,2,7,7,5
S01011531,330,75,124,62,69,191,41,72,36,42,139,34,52,26,27,66,17,22,14,13,35,8,16,2,9,38,9,14,10,5
S01011532,216,49,74,59,34,98,25,34,25,14,118,24,40,34,20,42,4,10,21,7,41,14,14,8,5,35,6,16,5,8
S01011533,241,16,47,59,119,168,15,35,46,72,73,1,12,13,47,30,0,4,7,19,23,0,4,4,15,20,1,4,2,13
S01011534,250,28,83,49,90,143,14,51,24,54,107,14,32,25,36,40,3,10,11,16,45,6,14,10,15,22,5,8,4,5
S01011535,335,14,77,58,186,217,9,51,43,114,118,5,26,15,72,61,2,7,9,43,31,1,7,4,19,26,2,12,2,10
S01011536,220,54,91,41,34,149,37,54,29,29,71,17,37,12,5,25,5,12,5,3,22,8,14,0,0,24,4,11,7,2
S01011537,224,43,96,50,35,158,33,62,39,24,66,10,34,11,11,27,3,14,4,6,18,2,10,5,1,21,5,10,2,4
S01011538,200,69,71,33,27,122,39,49,21,13,78,30,22,12,14,28,11,6,5,6,17,4,4,4,5,33,15,12,3,3
S01011539,218,23,54,43,98,140,7,38,29,66,78,16,16,14,32,32,9,3,5,15,24,5,5,3,11,22,2,8,6,6
S01011540,314,28,90,68,128,180,18,36,44,82,134,10,54,24,46,45,6,17,10,12,44,3,19,6,16,45,1,18,8,18
S01011541,319,15,57,63,184,160,7,37,32,84,159,8,20,31,100,49,6,6,5,32,58,1,10,12,35,52,1,4,14,33
S01011542,292,17,68,78,129,167,10,37,50,70,125,7,31,28,59,48,2,10,12,24,40,1,10,7,22,37,4,11,9,13
S01011543,277,7,55,71,144,147,3,27,42,75,130,4,28,29,69,59,3,14,10,32,34,1,6,6,21,37,0,8,13,16
S01011544,211,8,45,46,112,123,5,26,30,62,88,3,19,16,50,31,0,9,7,15,23,2,3,2,16,34,1,7,7,19
S01011545,159,5,34,53,67,96,3,18,36,39,63,2,16,17,28,22,2,3,3,14,22,0,8,8,6,19,0,5,6,8
S01011546,227,54,100,48,25,91,23,35,24,9,136,31,65,24,16,36,7,18,8,3,55,14,31,4,6,45,10,16,12,7
S01011547,205,51,77,36,41,92,27,36,9,20,113,24,41,27,21,44,9,17,12,6,48,13,16,11,8,21,2,8,4,7
S01011548,212,14,88,46,64,123,8,52,32,31,89,6,36,14,33,32,1,15,2,14,27,1,13,4,9,30,4,8,8,10
S01011549,227,50,78,42,57,138,26,54,22,36,89,24,24,20,21,33,8,8,11,6,21,4,5,5,7,35,12,11,4,8
S01011550,208,60,77,41,30,135,39,47,28,21,73,21,30,13,9,24,6,11,3,4,21,6,8,5,2,28,9,11,5,3
S01011551,167,26,46,44,51,94,15,27,27,25,73,11,19,17,26,26,5,4,6,11,28,4,10,5,9,19,2,5,6,6
S01011552,215,31,84,50,50,131,21,50,24,36,84,10,34,26,14,13,1,3,7,2,32,3,15,7,7,39,6,16,12,5
S01011553,259,104,79,47,29,109,47,30,23,9,150,57,49,24,20,58,28,19,7,4,51,15,14,12,10,41,14,16,5,6
S01011554,236,23,74,55,84,145,16,42,35,52,91,7,32,20,32,24,3,6,4,11,41,3,14,10,14,26,1,12,6,7
S01011555,192,6,45,56,85,114,3,26,35,50,78,3,19,21,35,27,0,7,5,15,28,3,4,7,14,23,0,8,9,6
S01011556,200,8,51,52,89,125,5,39,34,47,75,3,12,18,42,25,1,4,8,12,33,1,6,6,20,17,1,2,4,10
S01011557,237,9,67,67,94,140,4,38,43,55,97,5,29,24,39,33,4,9,9,11,37,1,16,5,15,27,0,4,10,13
S01011558,198,9,44,73,72,113,6,19,44,44,85,3,25,29,28,35,2,11,10,12,31,1,8,11,11,19,0,6,8,5
S01011559,197,13,36,52,96,123,9,21,35,58,74,4,15,17,38,31,3,8,7,13,30,1,5,7,17,13,0,2,3,8
S01011560,241,10,64,60,107,152,5,39,41,67,89,5,25,19,40,31,1,3,7,20,35,2,13,10,10,23,2,9,2,10
S01011561,222,13,45,53,111,115,6,25,22,62,107,7,20,31,49,31,1,7,9,14,48,6,6,14,22,28,0,7,8,13
S01011562,224,10,62,50,102,114,6,20,30,58,110,4,42,20,44,36,2,15,6,13,46,1,15,10,20,28,1,12,4,11
S01011563,238,13,59,44,122,111,4,25,24,58,127,9,34,20,64,31,6,10,3,12,53,1,16,10,26,43,2,8,7,26
S01011564,312,29,91,83,109,174,16,49,48,61,138,13,42,35,48,59,6,16,15,22,44,6,16,6,16,35,1,10,14,10
S01011565,294,23,80,83,108,164,12,29,59,64,130,11,51,24,44,53,3,20,9,21,49,4,18,10,17,28,4,13,5,6
S01011566,320,11,86,64,159,182,8,43,43,88,138,3,43,21,71,55,1,17,8,29,44,0,14,6,24,39,2,12,7,18
S01011567,289,22,62,69,136,192,13,39,42,98,97,9,23,27,38,37,3,11,12,11,34,3,8,12,11,26,3,4,3,16
S01011568,244,29,80,58,77,116,10,33,28,45,128,19,47,30,32,50,11,19,8,12,45,4,15,15,11,33,4,13,7,9
S01011569,304,34,95,80,95,191,18,56,51,66,113,16,39,29,29,44,9,13,13,9,40,5,15,12,8,29,2,11,4,12
S01011570,234,13,67,61,93,148,7,36,40,65,86,6,31,21,28,25,2,11,9,3,34,2,8,8,16,27,2,12,4,9
S01011571,277,16,80,64,117,220,11,61,58,90,57,5,19,6,27,27,1,10,2,14,18,3,7,1,7,12,1,2,3,6
S01011572,226,22,74,47,83,158,14,58,39,47,68,8,16,8,36,30,3,9,3,15,19,0,4,3,12,19,5,3,2,9
S01011573,381,57,130,95,99,223,27,76,55,65,158,30,54,40,34,64,13,19,20,12,46,8,19,11,8,48,9,16,9,14
S01011574,236,24,79,65,68,111,9,33,30,39,125,15,46,35,29,47,10,20,13,4,51,5,19,15,12,27,0,7,7,13
S01011575,170,15,54,39,62,95,8,32,15,40,75,7,22,24,22,32,4,11,10,7,29,2,7,10,10,14,1,4,4,5
S01011576,278,5,50,59,164,183,5,35,44,99,95,0,15,15,65,28,0,3,3,22,41,0,10,3,28,26,0,2,9,15
S01011577,282,41,74,61,106,188,29,53,42,64,94,12,21,19,42,38,5,5,8,20,37,4,10,8,15,19,3,6,3,7
S01011578,306,29,87,65,125,177,13,41,45,78,129,16,46,20,47,58,4,20,7,27,41,6,15,10,10,30,6,11,3,10
S01011579,291,91,113,59,28,167,44,65,36,22,124,47,48,23,6,37,15,11,10,1,45,21,18,4,2,42,11,19,9,3
S01011580,261,25,74,73,89,116,5,30,39,42,145,20,44,34,47,69,14,13,18,24,47,3,19,9,16,29,3,12,7,7
S01011581,281,22,69,54,136,208,15,47,40,106,73,7,22,14,30,38,3,14,3,18,19,1,5,5,8,16,3,3,6,4
S01011582,351,98,131,73,49,248,60,99,56,33,103,38,32,17,16,40,15,11,10,4,21,13,4,2,2,42,10,17,5,10
S01011583,270,35,94,54,87,192,32,69,37,54,78,3,25,17,33,37,2,13,7,15,24,1,7,5,11,17,0,5,5,7
S01011584,240,15,67,70,88,162,15,45,48,54,78,0,22,22,34,39,0,8,10,21,20,0,8,5,7,19,0,6,7,6
S01011585,237,12,69,66,90,138,11,40,39,48,99,1,29,27,42,45,0,13,13,19,25,1,5,10,9,29,0,11,4,14
S01011586,183,6,60,45,72,116,2,38,30,46,67,4,22,15,26,22,0,5,6,11,22,2,7,3,10,23,2,10,6,5
S01011587,185,8,54,43,80,96,7,31,23,35,89,1,23,20,45,22,0,6,3,13,34,1,4,11,18,33,0,13,6,14
S01011588,228,20,54,52,102,109,7,25,26,51,119,13,29,26,51,36,2,10,8,16,44,5,11,6,22,39,6,8,12,13
S01011589,226,17,56,70,83,123,9,25,41,48,103,8,31,29,35,32,3,16,9,4,41,2,9,12,18,30,3,6,8,13
S01011590,207,13,58,46,90,123,8,35,29,51,84,5,23,17,39,28,4,8,4,12,34,1,9,8,16,22,0,6,5,11
S01011591,213,8,43,63,99,143,3,28,41,71,70,5,15,22,28,20,2,3,9,6,31,0,6,9,16,19,3,6,4,6
S01011592,271,11,73,61,126,172,7,49,42,74,99,4,24,19,52,40,1,7,6,26,40,2,13,8,17,19,1,4,5,9
S01011593,224,23,81,60,60,141,10,52,39,40,83,13,29,21,20,31,5,15,9,2,25,2,6,6,11,27,6,8,6,7
S01011594,149,16,45,44,44,105,11,31,33,30,44,5,14,11,14,15,2,6,2,5,14,0,4,6,4,15,3,4,3,5
S01011595,244,59,96,50,39,184,47,73,37,27,60,12,23,13,12,24,3,9,6,6,17,2,8,4,3,19,7,6,3,3
S01011596,369,69,133,72,95,265,55,99,51,60,104,14,34,21,35,37,2,12,7,16,27,6,7,4,10,40,6,15,10,9
S01011597,230,37,82,63,48,174,27,61,50,36,56,10,21,13,12,11,1,4,4,2,21,3,7,5,6,24,6,10,4,4
S01011598,470,14,107,83,266,390,9,92,68,221,80,5,15,15,45,43,2,9,5,27,20,1,3,6,10,17,2,3,4,8
S01011599,254,22,79,56,97,153,10,47,35,61,101,12,32,21,36,35,6,12,4,13,42,6,10,11,15,24,0,10,6,8
S01011600,260,18,77,70,95,177,14,51,48,64,83,4,26,22,31,39,1,15,12,11,20,2,5,6,7,24,1,6,4,13
S01011601,278,43,104,72,59,138,21,49,38,30,140,22,55,34,29,59,8,24,16,11,27,3,13,6,5,54,11,18,12,13
S01011602,199,18,50,48,83,117,13,28,32,44,82,5,22,16,39,35,1,6,10,18,25,1,10,2,12,22,3,6,4,9
S01011603,274,15,76,60,123,196,11,53,44,88,78,4,23,16,35,32,1,9,5,17,28,1,9,5,13,18,2,5,6,5
S01011604,211,8,51,50,102,110,6,32,28,44,101,2,19,22,58,47,1,7,12,27,36,1,9,5,21,18,0,3,5,10
S01011605,240,18,61,68,93,151,13,37,38,63,89,5,24,30,30,36,1,9,12,14,22,2,4,6,10,31,2,11,12,6
S01011606,326,67,135,76,48,142,28,60,32,22,184,39,75,44,26,79,20,30,19,10,63,14,25,13,11,42,5,20,12,5
S01011607,206,36,80,54,36,135,27,52,32,24,71,9,28,22,12,25,5,7,5,8,20,2,9,9,0,26,2,12,8,4
S01011608,331,48,119,98,66,189,22,66,68,33,142,26,53,30,33,53,11,19,11,12,58,13,22,10,13,31,2,12,9,8
S01011609,396,13,82,95,206,256,8,51,69,128,140,5,31,26,78,61,3,14,11,33,41,1,10,8,22,38,1,7,7,23
S01011610,280,10,64,63,143,161,6,37,41,77,119,4,27,22,66,50,3,9,12,26,44,1,12,5,26,25,0,6,5,14
S01011611,218,30,83,59,46,138,17,50,37,34,80,13,33,22,12,30,8,14,6,2,25,3,11,7,4,25,2,8,9,6
S01011612,207,66,91,30,20,93,28,47,11,7,114,38,44,19,13,60,23,20,14,3,33,9,17,3,4,21,6,7,2,6
S01011613,276,62,106,58,50,171,37,74,37,23,105,25,32,21,27,32,6,8,7,11,34,8,12,5,9,39,11,12,9,7
S01011614,129,15,57,34,23,82,6,34,23,19,47,9,23,11,4,17,4,6,6,1,12,4,6,2,0,18,1,11,3,3
S01011615,239,16,66,59,98,128,9,39,32,48,111,7,27,27,50,41,1,7,9,24,34,3,11,10,10,36,3,9,8,16
S01011616,153,7,37,43,66,100,4,23,29,44,53,3,14,14,22,20,2,3,7,8,21,0,7,5,9,12,1,4,2,5
S01011617,277,16,68,80,113,181,6,40,54,81,96,10,28,26,32,31,3,12,6,10,27,5,6,8,8,38,2,10,12,14
S01011618,202,15,47,52,88,108,7,26,31,44,94,8,21,21,44,41,4,8,9,20,34,3,8,6,17,19,1,5,6,7
S01011619,362,66,149,80,67,207,27,85,50,45,155,39,64,30,22,56,12,21,14,9,65,17,27,11,10,34,10,16,5,3
S01011620,369,83,142,86,58,183,39,69,36,39,186,44,73,50,19,84,20,32,25,7,64,20,16,18,10,38,4,25,7,2
S01011621,227,33,73,68,53,114,13,41,31,29,113,20,32,37,24,43,6,9,17,11,42,7,16,11,8,28,7,7,9,5
S01011622,205,57,77,41,30,98,21,41,21,15,107,36,36,20,15,47,18,12,12,5,43,16,16,5,6,17,2,8,3,4
S01011623,220,17,64,55,84,125,11,32,35,47,95,6,32,20,37,36,2,10,9,15,32,3,12,4,13,27,1,10,7,9
S01011624,253,38,81,55,79,141,21,43,33,44,112,17,38,22,35,45,5,13,8,19,52,10,21,12,9,15,2,4,2,7
S01011625,192,14,59,56,63,120,7,39,36,38,72,7,20,20,25,30,1,10,8,11,22,5,5,6,6,20,1,5,6,8
S01011626,264,53,114,62,35,131,25,55,32,19,133,28,59,30,16,46,8,20,14,4,37,14,15,5,3,50,6,24,11,9
S01011627,242,54,89,64,35,112,23,40,27,22,130,31,49,37,13,54,13,15,18,8,47,16,20,9,2,29,2,14,10,3
S01011628,301,57,116,80,48,167,28,67,41,31,134,29,49,39,17,42,8,12,14,8,42,8,17,14,3,50,13,20,11,6
S01011629,178,7,51,43,77,96,4,24,29,39,82,3,27,14,38,30,3,8,5,14,31,0,11,6,14,21,0,8,3,10
S01011630,182,16,44,58,64,96,10,25,33,28,86,6,19,25,36,22,1,5,7,9,42,1,9,9,23,22,4,5,9,4
S01011631,215,7,33,55,120,121,5,16,27,73,94,2,17,28,47,37,2,7,13,15,36,0,6,8,22,21,0,4,7,10
S01011632,252,11,50,66,125,144,3,29,45,67,108,8,21,21,58,42,1,7,6,28,39,6,5,7,21,27,1,9,8,9
S01011633,226,12,51,52,111,128,7,23,34,64,98,5,28,18,47,37,2,14,7,14,39,2,11,6,20,22,1,3,5,13
S01011634,187,6,59,42,80,104,2,39,28,35,83,4,20,14,45,29,3,7,4,15,30,0,6,7,17,24,1,7,3,13
S01011635,226,13,54,61,98,132,8,29,38,57,94,5,25,23,41,43,4,8,13,18,27,1,10,3,13,24,0,7,7,10
S01011636,215,6,45,48,116,109,3,20,26,60,106,3,25,22,56,48,1,11,11,25,39,2,10,8,19,19,0,4,3,12
S01011637,228,21,58,52,97,139,14,34,31,60,89,7,24,21,37,31,2,7,8,14,30,3,9,7,11,28,2,8,6,12
S01011638,167,22,44,34,67,121,19,29,24,49,46,3,15,10,18,15,2,6,1,6,14,1,4,6,3,17,0,5,3,9
S01011639,178,9,53,42,74,96,5,29,22,40,82,4,24,20,34,30,4,10,6,10,32,0,10,6,16,20,0,4,8,8
S01011640,198,10,43,61,84,109,2,25,32,50,89,8,18,29,34,31,4,3,9,15,26,2,7,8,9,32,2,8,12,10
S01011641,133,30,52,27,24,75,15,32,14,14,58,15,20,13,10,14,4,4,4,2,18,7,4,5,2,26,4,12,4,6
S01011642,273,42,84,66,81,180,23,55,43,59,93,19,29,23,22,36,5,10,8,13,25,6,8,7,4,32,8,11,8,5
S01011643,179,41,54,47,37,100,17,33,23,27,79,24,21,24,10,46,15,9,17,5,18,5,7,4,2,15,4,5,3,3
S01011644,194,30,64,54,46,109,17,38,26,28,85,13,26,28,18,22,3,5,8,6,35,4,11,14,6,28,6,10,6,6
S01011645,151,16,57,35,43,94,13,35,19,27,57,3,22,16,16,20,1,6,7,6,25,1,12,6,6,12,1,4,3,4
S01011646,192,51,78,36,27,115,26,48,22,19,77,25,30,14,8,26,7,12,4,3,17,5,5,6,1,34,13,13,4,4
S01011647,285,59,121,57,48,152,27,69,28,28,133,32,52,29,20,44,9,15,12,8,47,10,21,8,8,42,13,16,9,4
S01011648,249,46,76,63,64,127,23,37,37,30,122,23,39,26,34,71,17,25,16,13,33,2,8,8,15,18,4,6,2,6
S01011649,185,20,61,40,64,111,13,30,28,40,74,7,31,12,24,32,4,11,4,13,26,2,7,7,10,16,1,13,1,1
S01011650,223,48,79,45,51,136,34,51,24,27,87,14,28,21,24,36,5,11,9,11,31,7,10,7,7,20,2,7,5,6
S01011651,311,47,130,69,65,203,31,86,42,44,108,16,44,27,21,40,5,13,9,13,32,3,19,7,3,36,8,12,11,5
S01011652,255,54,85,48,68,167,40,53,32,42,88,14,32,16,26,30,6,9,6,9,29,4,11,6,8,29,4,12,4,9
S01011653,248,18,58,70,102,133,9,34,37,53,115,9,24,33,49,37,3,7,10,17,43,4,11,11,17,35,2,6,12,15
S01011654,365,51,115,65,134,261,36,89,49,87,104,15,26,16,47,48,7,12,6,23,32,4,6,6,16,24,4,8,4,8
S01011655,342,15,90,67,170,249,12,66,51,120,93,3,24,16,50,43,1,11,7,24,31,2,8,8,13,19,0,5,1,13
S01011656,240,10,57,56,117,158,6,43,41,68,82,4,14,15,49,38,2,7,6,23,23,2,3,2,16,21,0,4,7,10
S01011657,234,15,54,47,118,170,11,34,35,90,64,4,20,12,28,24,0,4,6,14,24,4,9,4,7,16,0,7,2,7
S01011658,225,9,42,67,107,151,6,30,39,76,74,3,12,28,31,32,2,7,14,9,19,0,1,7,11,23,1,4,7,11
S01011659,242,24,53,81,84,140,15,27,54,44,102,9,26,27,40,39,1,10,12,16,37,4,12,11,10,26,4,4,4,14
S01011660,286,41,91,89,65,193,24,60,62,47,93,17,31,27,18,21,4,5,5,7,32,8,13,5,6,40,5,13,17,5
S01011661,174,10,38,63,63,110,8,17,44,41,64,2,21,19,22,17,0,7,4,6,20,2,6,6,6,27,0,8,9,10
S01011662,204,39,79,58,28,104,19,42,32,11,100,20,37,26,17,42,5,20,10,7,26,5,9,9,3,32,10,8,7,7
S01011663,385,20,102,90,173,244,14,63,58,109,141,6,39,32,64,55,3,11,9,32,51,1,18,13,19,35,2,10,10,13
S01011664,287,9,47,77,154,159,4,25,44,86,128,5,22,33,68,38,1,7,11,19,51,3,11,9,28,39,1,4,13,21
S01011665,306,30,93,56,127,205,22,56,41,86,101,8,37,15,41,41,1,18,6,16,28,4,8,6,10,32,3,11,3,15
S01011666,307,19,87,61,140,222,13,63,49,97,85,6,24,12,43,27,2,7,1,17,28,3,8,2,15,30,1,9,9,11
S01011667,278,28,78,64,108,195,21,52,45,77,83,7,26,19,31,32,2,9,11,10,24,2,7,5,10,27,3,10,3,11
S01011668,363,15,78,76,194,202,10,46,52,94,161,5,32,24,100,74,2,20,9,43,42,1,6,5,30,45,2,6,10,27
S01011669,185,47,63,37,38,125,29,44,23,29,60,18,19,14,9,23,7,10,2,4,17,4,4,7,2,20,7,5,5,3
S01011670,195,13,46,47,89,103,8,24,28,43,92,5,22,19,46,41,2,10,7,22,31,2,5,8,16,20,1,7,4,8
S01011671,206,32,73,50,51,144,21,50,38,35,62,11,23,12,16,23,5,9,2,7,26,5,8,5,8,13,1,6,5,1
S01011672,182,29,43,42,68,114,14,32,30,38,68,15,11,12,30,18,3,1,3,11,28,6,6,5,11,22,6,4,4,8
S01011673,209,11,49,63,86,121,8,25,34,54,88,3,24,29,32,43,1,14,13,15,27,1,6,9,11,18,1,4,7,6
S01011674,331,50,103,79,99,197,29,60,45,63,134,21,43,34,36,69,14,25,17,13,32,2,11,7,12,33,5,7,10,11
S01011675,279,25,59,70,125,167,11,31,48,77,112,14,28,22,48,35,4,9,8,14,45,4,10,9,22,32,6,9,5,12
S01011676,224,7,43,52,122,136,5,23,29,79,88,2,20,23,43,35,0,8,9,18,26,0,5,7,14,27,2,7,7,11
S01011677,236,31,84,58,63,137,17,40,39,41,99,14,44,19,22,45,4,20,9,12,38,8,16,7,7,16,2,8,3,3
S01011678,160,7,36,37,80,99,4,22,20,53,61,3,14,17,27,29,2,7,6,14,17,1,3,4,9,15,0,4,7,4
S01011679,185,24,75,49,37,90,15,40,17,18,95,9,35,32,19,46,4,17,16,9,28,3,8,11,6,21,2,10,5,4
S01011680,307,18,69,91,129,175,7,37,49,82,132,11,32,42,47,47,4,11,15,17,50,3,13,15,19,35,4,8,12,11
S01011681,262,28,66,72,96,143,12,36,45,50,119,16,30,27,46,48,7,8,9,24,45,6,13,11,15,26,3,9,7,7
S01011682,138,20,41,47,30,89,15,27,28,19,49,5,14,19,11,20,3,2,10,5,12,2,5,5,0,17,0,7,4,6
S01011683,243,12,55,96,80,153,7,32,61,53,90,5,23,35,27,37,1,10,9,17,26,4,6,12,4,27,0,7,14,6
S01011684,160,23,34,42,61,93,11,22,27,33,67,12,12,15,28,23,5,6,3,9,22,4,4,6,8,22,3,2,6,11
S01011685,244,47,95,62,40,116,21,50,27,18,128,26,45,35,22,57,13,21,15,8,37,8,10,13,6,34,5,14,7,8
S01011686,268,46,101,80,41,171,34,61,51,25,97,12,40,29,16,25,4,7,8,6,37,3,16,10,8,35,5,17,11,2
S01011687,282,33,66,73,110,163,18,40,40,65,119,15,26,33,45,41,2,8,9,22,44,10,7,14,13,34,3,11,10,10
S01011688,259,43,93,60,63,137,20,52,28,37,122,23,41,32,26,40,4,13,17,6,48,14,17,7,10,34,5,11,8,10
S01011689,203,44,78,51,30,117,22,46,33,16,86,22,32,18,14,31,9,13,5,4,30,8,12,5,5,25,5,7,8,5
S01011690,345,50,126,92,77,195,26,66,53,50,150,24,60,39,27,75,14,34,14,13,48,7,14,18,9,27,3,12,7,5
S01011691,188,32,73,42,41,79,14,26,21,18,109,18,47,21,23,48,11,24,6,7,34,2,14,12,6,27,5,9,3,10
S01011692,327,14,89,95,129,195,7,48,64,76,132,7,41,31,53,43,2,14,11,16,59,4,19,11,25,30,1,8,9,12
S01011693,284,69,101,64,50,184,46,64,41,33,100,23,37,23,17,40,10,14,11,5,33,6,12,6,9,27,7,11,6,3
S01011694,187,47,64,42,34,89,24,31,18,16,98,23,33,24,18,45,17,17,9,2,34,4,11,11,8,19,2,5,4,8
S01011695,291,72,103,70,46,138,33,44,31,30,153,39,59,39,16,70,22,31,12,5,58,14,22,15,7,25,3,6,12,4
S01011696,339,136,125,42,36,140,62,49,17,12,199,74,76,25,24,94,38,37,8,11,70,26,22,13,9,35,10,17,4,4
S01011697,333,92,119,60,62,169,47,54,31,37,164,45,65,29,25,82,26,33,11,12,55,14,19,14,8,27,5,13,4,5
S01011698,200,17,55,59,69,123,8,34,36,45,77,9,21,23,24,32,3,10,12,7,25,3,8,4,10,20,3,3,7,7
S01011699,291,55,117,71,48,175,33,75,36,31,116,22,42,35,17,41,8,13,15,5,36,8,12,10,6,39,6,17,10,6
S01011700,238,36,88,57,57,164,26,59,36,43,74,10,29,21,14,27,4,10,10,3,16,2,3,6,5,31,4,16,5,6
S01011701,336,103,126,57,50,210,65,77,37,31,126,38,49,20,19,47,15,16,8,8,51,15,22,6,8,28,8,11,6,3
S01011702,226,49,73,44,60,157,30,57,30,40,69,19,16,14,20,27,8,7,8,4,15,6,1,0,8,27,5,8,6,8
S01011703,184,60,63,36,25,106,30,42,20,14,78,30,21,16,11,24,12,4,5,3,30,13,9,5,3,24,5,8,6,5
S01011704,226,67,83,29,47,107,37,32,10,28,119,30,51,19,19,38,9,16,9,4,45,11,18,8,8,36,10,17,2,7
S01011705,254,32,77,70,75,138,18,38,41,41,116,14,39,29,34,48,3,19,12,14,35,5,12,9,9,33,6,8,8,11
S01011706,290,47,96,70,77,185,28,53,50,54,105,19,43,20,23,29,6,11,5,7,32,4,11,11,6,44,9,21,4,10
S01011707,192,44,82,35,31,118,25,45,23,25,74,19,37,12,6,25,6,12,3,4,37,10,18,7,2,12,3,7,2,0
S01011708,314,35,103,70,106,211,26,63,46,76,103,9,40,24,30,26,2,9,6,9,31,4,12,8,7,46,3,19,10,14
S01011709,277,47,98,65,67,155,24,53,39,39,122,23,45,26,28,36,11,11,8,6,49,8,18,9,14,37,4,16,9,8
S01011710,211,5,48,45,113,99,2,19,25,53,112,3,29,20,60,44,1,10,10,23,37,0,9,7,21,31,2,10,3,16
S01011711,232,11,69,42,110,131,9,37,25,60,101,2,32,17,50,42,1,10,5,26,33,0,12,7,14,26,1,10,5,10
S01011712,231,34,74,57,66,175,26,56,45,48,56,8,18,12,18,22,4,6,7,5,19,3,5,3,8,15,1,7,2,5
S01011713,273,36,93,72,72,198,27,71,48,52,75,9,22,24,20,19,4,5,5,5,26,2,10,6,8,30,3,7,13,7
S01011714,184,32,70,56,26,70,9,34,19,8,114,23,36,37,18,45,8,13,20,4,41,11,15,10,5,28,4,8,7,9
S01011715,225,18,58,50,99,133,14,36,27,56,92,4,22,23,43,54,2,14,15,23,20,1,7,4,8,18,1,1,4,12
S01011716,312,55,108,88,61,170,33,64,42,31,142,22,44,46,30,53,9,15,20,9,52,6,17,14,15,37,7,12,12,6
S01011717,211,32,72,56,51,148,22,54,31,41,63,10,18,25,10,20,3,8,5,4,28,4,9,11,4,15,3,1,9,2
S01011718,272,67,94,72,39,122,25,46,34,17,150,42,48,38,22,79,24,28,19,8,45,13,13,11,8,26,5,7,8,6
S01011719,209,49,86,41,33,116,28,40,26,22,93,21,46,15,11,29,8,13,6,2,26,4,14,3,5,38,9,19,6,4
S01011720,162,43,74,27,18,112,31,51,15,15,50,12,23,12,3,11,3,5,3,0,21,4,9,7,1,18,5,9,2,2
S01011721,220,14,77,57,72,137,6,44,32,55,83,8,33,25,17,34,6,12,11,5,26,1,8,10,7,23,1,13,4,5
S01011722,215,23,80,52,60,136,14,52,32,38,79,9,28,20,22,35,3,13,12,7,25,3,8,5,9,19,3,7,3,6
S01011723,296,35,104,78,79,179,15,67,48,49,117,20,37,30,30,40,9,12,10,9,43,7,13,13,10,34,4,12,7,11
S01011724,251,46,99,55,51,102,22,44,20,16,149,24,55,35,35,56,8,22,11,15,40,7,14,12,7,53,9,19,12,13
S01011725,202,51,78,45,28,105,19,44,24,18,97,32,34,21,10,32,9,11,10,2,38,12,13,7,6,27,11,10,4,2
S01011726,190,42,82,44,22,100,22,40,22,16,90,20,42,22,6,34,7,13,11,3,25,5,14,6,0,31,8,15,5,3
S01011727,243,85,90,50,18,111,36,39,29,7,132,49,51,21,11,52,22,19,8,3,47,19,18,5,5,33,8,14,8,3
S01011728,303,28,100,73,102,189,18,62,45,64,114,10,38,28,38,41,3,10,13,15,43,3,17,7,16,30,4,11,8,7
S01011729,215,20,67,40,88,124,14,37,24,49,91,6,30,16,39,30,3,11,3,13,40,2,9,9,20,21,1,10,4,6
S01011730,295,46,116,67,66,238,38,97,52,51,57,8,19,15,15,19,2,5,8,4,14,3,5,2,4,24,3,9,5,7
S01011731,232,24,73,67,68,134,14,43,39,38,98,10,30,28,30,37,4,11,12,10,28,4,8,6,10,33,2,11,10,10
S01011732,237,52,107,43,35,163,37,71,29,26,74,15,36,14,9,22,4,13,4,1,25,3,12,6,4,27,8,11,4,4
S01011733,237,22,90,66,59,141,18,53,37,33,96,4,37,29,26,32,0,14,11,7,41,2,16,9,14,23,2,7,9,5
S01011734,224,40,73,60,51,135,21,36,42,36,89,19,37,18,15,27,5,11,6,5,24,7,10,4,3,38,7,16,8,7
S01011735,191,41,74,46,30,118,27,44,27,20,73,14,30,19,10,23,2,9,6,6,25,6,10,7,2,25,6,11,6,2
S01011736,255,25,106,60,64,137,15,50,38,34,118,10,56,22,30,54,3,26,8,17,39,3,16,11,9,25,4,14,3,4
S01011737,215,25,78,46,66,115,9,49,26,31,100,16,29,20,35,38,8,13,5,12,39,5,9,9,16,23,3,7,6,7
S01011738,388,47,123,82,136,255,30,80,57,88,133,17,43,25,48,47,2,13,11,21,54,7,21,9,17,32,8,9,5,10
S01011739,155,10,47,43,55,100,5,27,32,36,55,5,20,11,19,14,1,6,2,5,19,2,5,5,7,22,2,9,4,7
S01011740,287,20,95,48,124,179,13,63,27,76,108,7,32,21,48,50,4,14,9,23,39,1,12,7,19,19,2,6,5,6
S01011741,215,10,70,53,82,132,7,48,30,47,83,3,22,23,35,29,1,7,7,14,27,1,6,8,12,27,1,9,8,9
S01011742,238,23,81,58,76,136,11,39,38,48,102,12,42,20,28,35,5,13,8,9,28,3,15,4,6,39,4,14,8,13
S01011743,263,27,94,55,87,165,20,58,36,51,98,7,36,19,36,42,0,18,9,15,25,3,7,2,13,31,4,11,8,8
S01011744,306,32,112,55,107,216,24,78,39,75,90,8,34,16,32,57,6,20,10,21,16,1,5,2,8,17,1,9,4,3
S01011745,193,17,66,42,68,128,11,43,27,47,65,6,23,15,21,25,1,9,7,8,18,1,9,5,3,22,4,5,3,10
S01011746,164,7,34,44,79,90,3,19,27,41,74,4,15,17,38,25,0,8,6,11,25,2,3,7,13,24,2,4,4,14
S01011747,331,14,88,82,147,177,7,54,47,69,154,7,34,35,78,66,4,17,10,35,48,0,13,18,17,40,3,4,7,26
S01011748,307,10,76,84,137,176,8,47,41,80,131,2,29,43,57,57,1,14,16,26,43,0,7,17,19,31,1,8,10,12
S01011749,345,9,101,63,172,229,7,77,50,95,116,2,24,13,77,53,1,6,8,38,32,1,7,3,21,31,0,11,2,18
S01011750,277,24,93,66,94,157,15,52,37,53,120,9,41,29,41,43,2,14,10,17,39,3,14,8,14,38,4,13,11,10
S01011751,464,19,137,99,209,312,17,92,75,128,152,2,45,24,81,65,1,14,9,41,39,1,10,7,21,48,0,21,8,19
S01011752,358,32,124,89,113,242,24,81,55,82,116,8,43,34,31,46,3,15,14,14,35,1,14,11,9,35,4,14,9,8
S01011753,257,43,88,51,75,172,27,64,37,44,85,16,24,14,31,29,4,6,4,15,31,6,9,7,9,25,6,9,3,7
S01011754,226,21,63,72,70,125,12,37,38,38,101,9,26,34,32,43,4,9,16,14,26,1,9,6,10,32,4,8,12,8
S01011755,385,21,118,92,154,266,13,75,71,107,119,8,43,21,47,53,3,19,14,17,32,2,10,4,16,34,3,14,3,14
S01011756,349,26,121,80,122,210,16,80,48,66,139,10,41,32,56,60,4,19,15,22,40,0,8,7,25,39,6,14,10,9
S01011757,239,9,77,57,96,138,5,31,33,69,101,4,46,24,27,39,3,19,8,9,40,1,17,11,11,22,0,10,5,7
S01011758,198,17,64,53,64,118,12,35,34,37,80,5,29,19,27,27,2,8,6,11,32,3,12,8,9,21,0,9,5,7
S01011759,234,20,78,59,77,129,10,40,34,45,105,10,38,25,32,38,2,15,8,13,34,7,9,8,10,33,1,14,9,9
S01011760,310,24,110,63,113,198,12,75,42,69,112,12,35,21,44,46,3,11,9,23,34,6,8,7,13,32,3,16,5,8
S01011761,238,24,78,64,72,112,13,37,38,24,126,11,41,26,48,54,7,17,11,19,42,2,10,10,20,30,2,14,5,9
S01011762,258,17,94,68,79,168,8,72,49,39,90,9,22,19,40,41,2,10,14,15,25,4,5,2,14,24,3,7,3,11
S01011763,258,22,91,60,85,168,16,60,39,53,90,6,31,21,32,31,1,12,9,9,27,1,10,6,10,32,4,9,6,13
S01011764,111,10,42,29,30,60,7,20,20,13,51,3,22,9,17,12,1,5,2,4,20,1,8,3,8,19,1,9,4,5
S01011765,331,79,125,76,51,191,45,76,44,26,140,34,49,32,25,44,10,17,10,7,41,13,12,10,6,55,11,20,12,12
S01011766,164,33,62,37,32,99,15,38,20,26,65,18,24,17,6,23,9,7,4,3,24,7,9,7,1,18,2,8,6,2
S01011767,309,28,88,84,109,225,25,54,65,81,84,3,34,19,28,35,0,11,9,15,22,0,11,4,7,27,3,12,6,6
S01011768,287,16,101,69,101,180,11,55,50,64,107,5,46,19,37,48,1,23,6,18,34,4,15,6,9,25,0,8,7,10
S01011769,211,18,69,50,74,150,13,51,32,54,61,5,18,18,20,28,2,5,10,11,17,1,6,4,6,16,2,7,4,3
S01011770,287,22,97,65,103,205,17,67,44,77,82,5,30,21,26,38,2,10,13,13,23,1,12,2,8,21,2,8,6,5
S01011771,208,61,81,39,27,107,26,46,21,14,101,35,35,18,13,24,9,7,4,4,35,9,10,9,7,42,17,18,5,2
S01011772,303,111,128,33,31,164,48,73,21,22,139,63,55,12,9,35,20,7,4,4,45,21,20,1,3,59,22,28,7,2
S01011773,186,51,68,41,26,81,21,32,13,15,105,30,36,28,11,37,11,13,10,3,32,11,10,8,3,36,8,13,10,5
S01011774,323,65,131,67,60,164,40,59,34,31,159,25,72,33,29,45,10,16,11,8,70,12,34,10,14,44,3,22,12,7
S01011775,208,73,81,34,20,80,29,37,5,9,128,44,44,29,11,38,13,13,8,4,50,18,14,14,4,40,13,17,7,3
S01011776,303,113,108,60,22,97,29,39,20,9,206,84,69,40,13,67,28,17,16,6,96,42,36,14,4,43,14,16,10,3
S01011777,224,68,96,34,26,119,36,42,24,17,105,32,54,10,9,46,14,23,7,2,44,13,24,2,5,15,5,7,1,2
S01011778,213,71,87,30,25,115,36,46,22,11,98,35,41,8,14,38,10,18,5,5,37,20,10,1,6,23,5,13,2,3
S01011779,239,72,87,55,25,138,35,57,28,18,101,37,30,27,7,37,16,10,10,1,37,13,10,10,4,27,8,10,7,2
S01011780,267,84,100,45,38,138,36,54,27,21,129,48,46,18,17,28,15,9,2,2,56,13,24,11,8,45,20,13,5,7
S01011781,166,44,67,32,23,84,24,33,15,12,82,20,34,17,11,19,3,6,7,3,25,8,14,0,3,38,9,14,10,5
S01011782,207,53,86,45,23,136,34,57,27,18,71,19,29,18,5,18,3,9,4,2,22,9,6,6,1,31,7,14,8,2
S01011783,166,46,68,28,24,100,31,40,15,14,66,15,28,13,10,25,8,5,6,6,16,4,8,2,2,25,3,15,5,2
S01011784,272,23,96,59,94,176,9,64,43,60,96,14,32,16,34,32,3,14,6,9,25,6,7,6,6,39,5,11,4,19
S01011785,266,30,99,73,64,170,17,58,55,40,96,13,41,18,24,34,6,15,4,9,37,6,16,8,7,25,1,10,6,8
S01011786,122,38,56,22,6,36,14,17,3,2,86,24,39,19,4,36,12,14,10,0,25,7,13,4,1,25,5,12,5,3
S01011787,350,27,77,87,159,210,12,50,51,97,140,15,27,36,62,47,2,7,14,24,49,8,9,15,17,44,5,11,7,21
S01011788,197,105,63,22,7,82,46,27,5,4,115,59,36,17,3,34,22,7,3,2,46,25,16,5,0,35,12,13,9,1
S01011789,190,34,53,68,35,117,23,31,39,24,73,11,22,29,11,16,2,5,6,3,28,3,8,14,3,29,6,9,9,5
S01011790,335,42,95,80,118,191,24,54,42,71,144,18,41,38,47,42,7,9,10,16,52,7,15,16,14,50,4,17,12,17
S01011791,258,18,71,69,100,169,13,42,45,69,89,5,29,24,31,40,2,11,16,11,26,1,8,6,11,23,2,10,2,9
S01011792,293,45,93,71,84,223,28,72,53,70,70,17,21,18,14,35,8,13,10,4,20,7,2,5,6,15,2,6,3,4
S01011793,222,61,68,57,36,168,50,50,39,29,54,11,18,18,7,19,5,4,9,1,15,1,8,3,3,20,5,6,6,3
S01011794,311,18,96,75,122,187,8,57,49,73,124,10,39,26,49,46,3,14,9,20,46,4,14,13,15,32,3,11,4,14
S01011795,249,19,59,76,95,163,15,41,51,56,86,4,18,25,39,35,1,5,8,21,32,1,7,10,14,19,2,6,7,4
S01011796,270,19,72,60,119,168,10,49,40,69,102,9,23,20,50,36,5,7,6,18,38,2,8,9,19,28,2,8,5,13
S01011797,281,62,109,76,34,163,41,66,38,18,118,21,43,38,16,38,8,8,14,8,30,9,14,5,2,50,4,21,19,6
S01011798,178,18,42,56,62,106,15,23,33,35,72,3,19,23,27,29,2,9,7,11,21,0,4,8,9,22,1,6,8,7
S01011799,253,41,77,68,67,157,29,48,41,39,96,12,29,27,28,30,3,5,12,10,33,6,9,7,11,33,3,15,8,7
S01011800,142,9,32,56,45,88,4,23,31,30,54,5,9,25,15,20,1,5,6,8,25,1,3,16,5,9,3,1,3,2
S01011801,211,10,65,43,93,118,4,33,29,52,93,6,32,14,41,35,4,12,5,14,39,0,14,6,19,19,2,6,3,8
S01011802,233,15,70,70,78,138,8,45,45,40,95,7,25,25,38,36,5,11,5,15,29,2,8,11,8,30,0,6,9,15
S01011803,177,12,32,61,72,106,7,22,34,43,71,5,10,27,29,28,2,2,14,10,18,2,3,5,8,25,1,5,8,11
S01011804,270,51,66,58,95,188,40,42,42,64,82,11,24,16,31,34,3,9,9,13,26,3,10,4,9,22,5,5,3,9
S01011805,193,50,41,58,44,148,36,39,40,33,45,14,2,18,11,10,3,1,5,1,13,4,0,6,3,22,7,1,7,7
S01011806,241,39,61,72,69,153,23,36,38,56,88,16,25,34,13,36,7,9,15,5,29,5,9,11,4,23,4,7,8,4
S01011807,307,64,70,116,57,200,46,46,72,36,107,18,24,44,21,29,2,6,14,7,36,12,9,10,5,42,4,9,20,9
S01011808,195,35,52,56,52,121,23,32,32,34,74,12,20,24,18,28,1,6,10,11,18,0,7,7,4,28,11,7,7,3
S01011809,215,57,47,60,51,142,39,33,35,35,73,18,14,25,16,30,6,6,10,8,21,6,4,5,6,22,6,4,10,2
S01011810,291,52,70,112,57,194,33,52,68,41,97,19,18,44,16,37,10,2,21,4,31,6,5,15,5,29,3,11,8,7
S01011811,303,52,64,132,55,188,33,40,80,35,115,19,24,52,20,44,4,10,19,11,47,12,9,19,7,24,3,5,14,2
S01011812,201,49,50,74,28,123,31,32,45,15,78,18,18,29,13,28,5,3,16,4,22,7,9,3,3,28,6,6,10,6
S01011813,227,42,48,94,43,143,29,31,55,28,84,13,17,39,15,34,6,3,17,8,29,4,7,14,4,21,3,7,8,3
S01011814,206,47,49,80,30,114,26,31,37,20,92,21,18,43,10,35,10,5,15,5,29,6,4,18,1,28,5,9,10,4
S01011815,240,41,65,76,58,123,21,33,37,32,117,20,32,39,26,53,12,15,21,5,39,4,12,9,14,25,4,5,9,7
S01011816,189,55,66,45,23,120,34,41,30,15,69,21,25,15,8,22,9,6,4,3,18,6,7,5,0,29,6,12,6,5
S01011817,220,47,60,81,32,132,32,37,45,18,88,15,23,36,14,33,6,7,16,4,25,4,7,11,3,30,5,9,9,7
S01011818,347,49,121,92,85,207,30,77,52,48,140,19,44,40,37,46,7,15,11,13,49,7,8,22,12,45,5,21,7,12
S01011819,315,36,77,99,103,231,29,49,72,81,84,7,28,27,22,29,4,6,8,11,21,1,9,6,5,34,2,13,13,6
S01011820,208,29,67,63,49,121,15,40,35,31,87,14,27,28,18,30,2,10,11,7,27,3,10,7,7,30,9,7,10,4
S01011821,181,19,48,42,72,136,11,37,33,55,45,8,11,9,17,21,3,5,6,7,15,3,4,2,6,9,2,2,1,4
S01011822,301,36,62,99,104,235,27,50,83,75,66,9,12,16,29,30,6,7,6,11,21,3,2,4,12,15,0,3,6,6
S01011823,210,27,52,64,67,137,16,33,43,45,73,11,19,21,22,33,4,5,10,14,16,3,3,4,6,24,4,11,7,2
S01011824,249,14,52,88,95,156,7,34,59,56,93,7,18,29,39,39,2,7,14,16,25,2,2,9,12,29,3,9,6,11
S01011825,189,34,55,49,51,137,23,43,32,39,52,11,12,17,12,19,3,5,5,6,17,5,4,6,2,16,3,3,6,4
S01011826,235,48,45,79,63,157,33,31,55,38,78,15,14,24,25,28,6,3,10,9,26,4,6,7,9,24,5,5,7,7
S01011827,170,15,46,57,52,141,15,38,44,44,29,0,8,13,8,12,0,4,5,3,7,0,2,4,1,10,0,2,4,4
S01011828,282,42,62,109,69,197,32,39,73,53,85,10,23,36,16,41,4,9,18,10,20,1,12,6,1,24,5,2,12,5
S01011829,137,31,30,49,27,103,20,26,35,22,34,11,4,14,5,8,2,1,4,1,9,4,1,2,2,17,5,2,8,2
S01011830,183,28,40,63,52,133,22,32,43,36,50,6,8,20,16,19,1,2,11,5,19,2,4,5,8,12,3,2,4,3
S01011831,254,44,56,90,64,168,33,40,52,43,86,11,16,38,21,20,1,2,11,6,42,6,7,18,11,24,4,7,9,4
S01011832,261,43,53,114,51,179,31,35,78,35,82,12,18,36,16,36,4,5,17,10,17,2,6,7,2,29,6,7,12,4
S01011833,259,98,81,51,29,133,37,50,29,17,126,61,31,22,12,31,12,9,5,5,44,23,11,7,3,51,26,11,10,4
S01011834,141,61,41,22,17,60,14,23,10,13,81,47,18,12,4,34,25,3,4,2,20,10,7,2,1,27,12,8,6,1
S01011835,221,84,69,43,25,143,46,50,27,20,78,38,19,16,5,21,10,4,4,3,37,21,6,9,1,20,7,9,3,1
S01011836,231,94,71,42,24,159,68,46,30,15,72,26,25,12,9,18,6,9,0,3,32,13,12,5,2,22,7,4,7,4
S01011837,188,78,57,38,15,115,43,39,23,10,73,35,18,15,5,14,7,4,3,0,33,14,10,7,2,26,14,4,5,3
S01011838,219,101,70,27,21,132,60,43,16,13,87,41,27,11,8,19,7,5,4,3,33,18,7,4,4,35,16,15,3,1
S01011839,301,81,116,61,43,202,55,76,40,31,99,26,40,21,12,35,11,8,11,5,32,5,17,6,4,32,10,15,4,3
S01011840,309,81,93,72,63,182,40,59,48,35,127,41,34,24,28,37,8,9,6,14,52,14,15,14,9,38,19,10,4,5
S01011841,284,68,103,58,55,154,39,51,32,32,130,29,52,26,23,47,12,17,7,11,48,7,20,12,9,35,10,15,7,3
S01011842,303,52,84,80,87,196,26,53,55,62,107,26,31,25,25,43,10,14,11,8,31,7,10,7,7,33,9,7,7,10
S01011843,301,115,87,70,29,187,61,63,46,17,114,54,24,24,12,35,18,4,9,4,34,14,10,7,3,45,22,10,8,5
S01011844,199,101,52,23,23,95,42,26,11,16,104,59,26,12,7,35,18,9,5,3,42,30,9,2,1,27,11,8,5,3
S01011845,258,56,89,64,49,143,23,59,30,31,115,33,30,34,18,46,14,10,16,6,44,14,11,11,8,25,5,9,7,4
S01011846,267,98,88,48,33,171,51,61,35,24,96,47,27,13,9,29,12,9,5,3,32,17,8,5,2,35,18,10,3,4
S01011847,133,66,30,24,13,80,34,21,13,12,53,32,9,11,1,11,6,1,4,0,24,16,6,2,0,18,10,2,5,1
S01011848,207,57,63,50,37,129,32,44,27,26,78,25,19,23,11,25,9,2,7,7,35,11,12,10,2,18,5,5,6,2
S01011849,271,57,88,70,56,170,38,57,40,35,101,19,31,30,21,36,8,11,10,7,36,7,10,10,9,29,4,10,10,5
S01011850,218,71,68,50,29,142,51,41,28,22,76,20,27,22,7,26,9,8,8,1,31,7,12,7,5,19,4,7,7,1
S01011851,267,63,61,76,67,166,34,44,44,44,101,29,17,32,23,32,8,5,10,9,41,15,6,14,6,28,6,6,8,8
S01011852,302,50,95,85,72,189,29,64,48,48,113,21,31,37,24,49,7,9,21,12,30,9,8,6,7,34,5,14,10,5
S01011853,230,55,57,57,61,137,27,36,42,32,93,28,21,15,29,26,8,4,6,8,37,8,12,7,10,30,12,5,2,11
S01011854,199,52,56,48,43,132,36,36,30,30,67,16,20,18,13,17,2,3,7,5,22,1,11,6,4,28,13,6,5,4
S01011855,237,25,50,82,80,141,12,30,45,54,96,13,20,37,26,33,3,6,14,10,28,7,7,7,7,35,3,7,16,9
S01011856,160,61,67,18,14,97,33,39,16,9,63,28,28,2,5,22,12,7,0,3,12,4,7,0,1,29,12,14,2,1
S01011857,193,51,60,50,32,115,31,36,27,21,78,20,24,23,11,25,5,4,10,6,30,8,11,9,2,23,7,9,4,3
S01011858,206,65,63,47,31,114,44,31,20,19,92,21,32,27,12,21,5,10,6,0,36,9,12,8,7,35,7,10,13,5
S01011859,215,39,57,76,43,152,30,41,46,35,63,9,16,30,8,20,3,3,10,4,17,3,8,5,1,26,3,5,15,3
S01011860,155,41,41,50,23,94,21,27,30,16,61,20,14,20,7,13,2,3,5,3,28,11,8,8,1,20,7,3,7,3
S01011861,229,68,62,56,43,150,43,41,38,28,79,25,21,18,15,20,9,4,3,4,32,11,10,4,7,27,5,7,11,4
S01011862,237,76,78,42,41,150,45,48,29,28,87,31,30,13,13,31,13,5,6,7,30,10,15,2,3,26,8,10,5,3
S01011863,205,69,58,36,42,124,33,40,22,29,81,36,18,14,13,18,6,3,4,5,28,14,5,6,3,35,16,10,4,5
S01011864,200,63,54,48,35,122,40,32,22,28,78,23,22,26,7,20,7,3,6,4,26,8,7,10,1,32,8,12,10,2
S01011865,175,35,53,50,37,115,19,35,37,24,60,16,18,13,13,23,5,6,8,4,13,2,3,3,5,24,9,9,2,4
S01011866,220,39,50,69,62,115,21,27,35,32,105,18,23,34,30,43,5,9,15,14,36,9,9,11,7,26,4,5,8,9
S01011867,307,39,78,88,102,176,12,46,57,61,131,27,32,31,41,59,12,15,14,18,36,7,13,9,7,36,8,4,8,16
S01011868,291,60,76,64,91,183,34,48,44,57,108,26,28,20,34,40,7,9,8,16,35,9,9,5,12,33,10,10,7,6
S01011869,294,61,79,77,77,219,43,59,58,59,75,18,20,19,18,25,3,7,3,12,18,4,7,5,2,32,11,6,11,4
S01011870,232,33,63,61,75,141,15,42,33,51,91,18,21,28,24,24,5,7,8,4,35,7,7,9,12,32,6,7,11,8
S01011871,341,94,102,91,54,196,54,59,53,30,145,40,43,38,24,50,13,10,16,11,60,18,20,11,11,35,9,13,11,2
S01011872,273,91,84,71,27,163,46,50,47,20,110,45,34,24,7,38,15,12,10,1,41,18,12,7,4,31,12,10,7,2
S01011873,273,71,106,58,38,178,43,70,37,28,95,28,36,21,10,35,12,10,9,4,33,9,14,7,3,27,7,12,5,3
S01011874,216,35,79,66,36,135,23,44,42,26,81,12,35,24,10,26,4,11,8,3,22,5,8,6,3,33,3,16,10,4
S01011875,186,23,63,52,48,123,11,43,34,35,63,12,20,18,13,22,5,7,6,4,25,4,9,7,5,16,3,4,5,4
S01011876,300,96,90,65,49,188,53,57,41,37,112,43,33,24,12,39,14,13,11,1,45,21,8,9,7,28,8,12,4,4
S01011877,171,38,52,48,33,127,27,38,36,26,44,11,14,12,7,16,5,3,4,4,18,4,10,3,1,10,2,1,5,2
S01011878,264,79,90,63,32,149,38,55,36,20,115,41,35,27,12,31,11,7,10,3,47,16,17,9,5,37,14,11,8,4
S01011879,164,58,61,33,12,86,30,29,19,8,78,28,32,14,4,20,5,9,5,1,24,9,9,4,2,34,14,14,5,1
S01011880,172,48,44,52,28,95,23,24,31,17,77,25,20,21,11,29,8,6,13,2,26,9,11,3,3,22,8,3,5,6
S01011881,260,47,93,60,60,138,26,49,31,32,122,21,44,29,28,51,9,16,16,10,37,8,10,7,12,34,4,18,6,6
S01011882,256,39,89,67,61,160,26,50,46,38,96,13,39,21,23,34,5,13,10,6,30,5,7,7,11,32,3,19,4,6
S01011883,325,98,119,69,39,201,62,76,35,28,124,36,43,34,11,49,14,12,15,8,37,9,16,12,0,38,13,15,7,3
S01011884,125,35,44,26,20,83,22,33,15,13,42,13,11,11,7,17,4,5,3,5,11,2,3,5,1,14,7,3,3,1
S01011885,207,79,64,46,18,114,40,35,27,12,93,39,29,19,6,41,17,14,8,2,28,12,9,5,2,24,10,6,6,2
S01011886,264,73,86,54,51,156,39,58,28,31,108,34,28,26,20,32,12,11,5,4,43,13,13,6,11,33,9,4,15,5
S01011887,158,29,51,52,26,81,14,26,28,13,77,15,25,24,13,26,4,8,10,4,26,5,8,7,6,25,6,9,7,3
S01011888,280,33,88,73,86,139,11,41,40,47,141,22,47,33,39,46,8,16,11,11,43,4,11,11,17,52,10,20,11,11
S01011889,259,81,85,47,46,162,46,55,27,34,97,35,30,20,12,27,10,5,5,7,35,11,13,8,3,35,14,12,7,2
S01011890,220,52,74,50,44,132,28,46,30,28,88,24,28,20,16,38,14,9,12,3,29,6,12,5,6,21,4,7,3,7
S01011891,271,26,76,72,97,180,17,52,53,58,91,9,24,19,39,37,2,9,8,18,30,3,8,9,10,24,4,7,2,11
S01011892,439,104,176,72,87,322,76,129,52,65,117,28,47,20,22,51,13,19,8,11,30,6,13,6,5,36,9,15,6,6
S01011893,376,69,150,75,82,275,49,112,53,61,101,20,38,22,21,40,7,14,8,11,32,4,15,7,6,29,9,9,7,4
S01011894,227,49,75,47,56,157,32,55,32,38,70,17,20,15,18,24,9,5,5,5,22,5,8,4,5,24,3,7,6,8
S01011895,181,67,73,24,17,122,38,58,13,13,59,29,15,11,4,20,8,3,7,2,17,7,8,0,2,22,14,4,4,0
S01011896,283,78,104,56,45,195,49,75,38,33,88,29,29,18,12,31,10,11,3,7,35,14,11,7,3,22,5,7,8,2
S01011897,289,97,101,51,40,165,48,74,25,18,124,49,27,26,22,45,21,7,10,7,38,14,8,9,7,41,14,12,7,8
S01011898,192,83,78,24,7,91,33,39,15,4,101,50,39,9,3,26,13,11,2,0,39,22,15,2,0,36,15,13,5,3
S01011899,219,47,86,57,29,142,26,60,38,18,77,21,26,19,11,31,8,12,7,4,22,8,6,5,3,24,5,8,7,4
S01011900,197,79,71,32,15,108,43,45,13,7,89,36,26,19,8,29,13,8,6,2,34,14,11,6,3,26,9,7,7,3
S01011901,284,88,110,38,48,184,52,73,25,34,100,36,37,13,14,42,13,16,7,6,31,12,13,2,4,27,11,8,4,4
S01011902,273,85,117,40,31,170,49,78,21,22,103,36,39,19,9,30,10,15,4,1,43,13,18,7,5,30,13,6,8,3
S01011903,198,59,88,32,19,124,37,57,16,14,74,22,31,16,5,22,9,8,4,1,32,10,10,9,3,20,3,13,3,1
S01011904,215,60,95,31,29,135,42,52,19,22,80,18,43,12,7,26,6,11,5,4,28,5,18,5,0,26,7,14,2,3
S01011905,211,82,73,41,15,93,32,30,21,10,118,50,43,20,5,24,8,9,5,2,41,18,14,9,0,53,24,20,6,3
S01011906,140,29,63,26,22,100,25,41,14,20,40,4,22,12,2,17,0,12,3,2,12,2,6,4,0,11,2,4,5,0
S01011907,263,51,103,65,44,178,34,76,44,24,85,17,27,21,20,22,5,8,5,4,37,7,12,10,8,26,5,7,6,8
S01011908,125,25,50,30,20,72,13,28,17,14,53,12,22,13,6,23,7,8,6,2,13,1,7,2,3,17,4,7,5,1
S01011909,386,69,160,87,70,212,40,87,44,41,174,29,73,43,29,80,16,35,22,7,59,10,18,12,19,35,3,20,9,3
S01011910,368,25,79,80,184,230,20,53,57,100,138,5,26,23,84,60,0,10,6,44,48,3,10,12,23,30,2,6,5,17
S01011911,185,16,60,48,61,114,8,36,32,38,71,8,24,16,23,25,4,6,5,10,19,0,6,7,6,27,4,12,4,7
S01011912,242,16,61,77,88,138,10,33,48,47,104,6,28,29,41,43,6,14,10,13,35,0,6,12,17,26,0,8,7,11
S01011913,288,16,62,64,146,178,13,36,40,89,110,3,26,24,57,52,1,12,12,27,36,1,8,8,19,22,1,6,4,11
S01011914,303,12,86,69,136,139,6,49,32,52,164,6,37,37,84,69,0,14,16,39,72,4,17,16,35,23,2,6,5,10
S01011915,248,14,68,75,91,155,10,46,45,54,93,4,22,30,37,39,3,7,16,13,34,1,10,8,15,20,0,5,6,9
S01011916,172,13,45,56,58,89,8,22,34,25,83,5,23,22,33,29,2,11,8,8,28,0,7,6,15,26,3,5,8,10
S01011917,165,8,41,54,62,101,3,27,35,36,64,5,14,19,26,22,1,5,5,11,20,2,7,6,5,22,2,2,8,10
S01011918,307,13,65,68,161,182,8,36,38,100,125,5,29,30,61,55,0,13,12,30,44,1,6,12,25,26,4,10,6,6
S01011919,327,26,110,84,107,229,21,77,61,70,98,5,33,23,37,42,2,10,15,15,34,1,18,4,11,22,2,5,4,11
S01011920,214,11,62,56,85,147,6,46,40,55,67,5,16,16,30,25,0,6,7,12,29,2,8,4,15,13,3,2,5,3
S01011921,212,7,71,41,93,120,6,42,28,44,92,1,29,13,49,38,1,12,5,20,33,0,9,6,18,21,0,8,2,11
S01011922,281,12,73,73,123,180,8,50,51,71,101,4,23,22,52,48,2,11,12,23,31,1,8,7,15,22,1,4,3,14
S01011923,316,17,92,66,141,176,9,57,36,74,140,8,35,30,67,60,3,14,14,29,51,4,14,13,20,29,1,7,3,18
S01011924,154,9,41,50,54,87,5,18,29,35,67,4,23,21,19,30,4,8,8,10,26,0,12,8,6,11,0,3,5,3
S01011925,250,45,109,56,40,124,25,56,20,23,126,20,53,36,17,52,13,23,11,5,48,4,21,14,9,26,3,9,11,3
S01011926,231,16,60,54,101,142,11,33,31,67,89,5,27,23,34,33,3,8,5,17,31,1,8,12,10,25,1,11,6,7
S01011927,218,11,69,52,86,131,4,43,31,53,87,7,26,21,33,32,3,9,6,14,28,3,8,7,10,27,1,9,8,9
S01011928,244,21,68,74,81,177,18,41,55,63,67,3,27,19,18,30,3,13,7,7,21,0,5,7,9,16,0,9,5,2
S01011929,215,11,78,55,71,140,7,50,34,49,75,4,28,21,22,26,0,13,7,6,23,2,9,6,6,26,2,6,8,10
S01011930,214,11,67,57,79,129,5,41,35,48,85,6,26,22,31,30,2,10,6,12,39,2,12,12,13,16,2,4,4,6
S01011931,212,13,49,47,103,126,9,29,25,63,86,4,20,22,40,28,1,4,7,16,31,3,8,10,10,27,0,8,5,14
S01011932,270,32,118,61,59,189,28,88,40,33,81,4,30,21,26,49,2,19,15,13,18,2,7,4,5,14,0,4,2,8
S01011933,279,34,92,59,94,225,31,73,44,77,54,3,19,15,17,23,1,5,11,6,21,2,7,2,10,10,0,7,2,1
S01011934,378,56,145,79,98,262,39,115,54,54,116,17,30,25,44,50,5,10,16,19,41,6,13,5,17,25,6,7,4,8
S01011935,371,46,108,81,136,308,41,94,58,115,63,5,14,23,21,28,3,6,11,8,20,2,4,6,8,15,0,4,6,5
S01011936,308,80,110,41,77,247,61,94,29,63,61,19,16,12,14,24,7,4,4,9,23,8,6,6,3,14,4,6,2,2
S01011937,311,58,102,48,103,264,51,94,36,83,47,7,8,12,20,27,3,4,7,13,11,3,1,4,3,9,1,3,1,4
S01011938,289,70,95,54,70,233,54,84,41,54,56,16,11,13,16,30,8,4,9,9,13,1,4,3,5,13,7,3,1,2
S01011939,401,56,130,65,150,347,50,118,56,123,54,6,12,9,27,28,2,4,3,19,14,4,3,4,3,12,0,5,2,5
S01011940,217,25,73,47,72,170,20,60,35,55,47,5,13,12,17,32,5,8,8,11,8,0,3,2,3,7,0,2,2,3
S01011941,405,70,120,76,139,360,65,108,72,115,45,5,12,4,24,27,3,8,2,14,12,0,2,1,9,6,2,2,1,1
S01011942,437,41,161,84,151,388,40,148,77,123,49,1,13,7,28,30,0,5,3,22,12,1,6,3,2,7,0,2,1,4
S01011943,558,58,168,101,231,465,53,142,84,186,93,5,26,17,45,53,2,16,10,25,21,0,6,3,12,19,3,4,4,8
S01011944,120,56,33,18,13,77,34,22,10,11,43,22,11,8,2,13,6,4,2,1,16,8,3,4,1,14,8,4,2,0
S01011945,182,84,68,17,13,111,45,43,12,11,71,39,25,5,2,22,9,8,4,1,26,21,5,0,0,23,9,12,1,1
S01011946,224,44,60,48,72,136,19,41,29,47,88,25,19,19,25,28,6,6,6,10,27,7,8,7,5,33,12,5,6,10
S01011947,114,22,38,30,24,69,11,24,18,16,45,11,14,12,8,8,1,4,2,1,17,4,4,3,6,20,6,6,7,1
S01011948,313,99,86,57,71,210,58,62,35,55,103,41,24,22,16,34,9,7,10,8,37,16,10,7,4,32,16,7,5,4
S01011949,191,64,80,22,25,120,37,53,14,16,71,27,27,8,9,19,8,4,2,5,27,8,13,4,2,25,11,10,2,2
S01011950,181,43,60,35,43,109,24,43,16,26,72,19,17,19,17,23,6,8,7,2,23,6,5,5,7,26,7,4,7,8
S01011951,182,36,64,43,39,100,17,32,22,29,82,19,32,21,10,31,9,10,6,6,26,4,13,7,2,25,6,9,8,2
S01011952,142,44,54,25,19,75,24,29,8,14,67,20,25,17,5,33,11,11,9,2,18,5,7,6,0,16,4,7,2,3
S01011953,212,70,71,48,23,117,38,39,28,12,95,32,32,20,11,28,7,9,8,4,36,14,11,6,5,31,11,12,6,2
S01011954,142,19,52,40,31,85,6,34,23,22,57,13,18,17,9,22,5,5,8,4,24,5,7,8,4,11,3,6,1,1
S01011955,290,55,99,76,60,197,38,69,53,37,93,17,30,23,23,26,3,6,10,7,38,9,13,4,12,29,5,11,9,4
S01011956,288,98,101,57,32,139,50,48,23,18,149,48,53,34,14,61,22,18,13,8,57,17,24,12,4,31,9,11,9,2
S01011957,232,64,79,44,45,152,40,52,26,34,80,24,27,18,11,26,10,9,5,2,25,6,10,5,4,29,8,8,8,5
S01011958,322,77,94,85,66,221,57,64,56,44,101,20,30,29,22,35,7,6,12,10,42,7,14,12,9,24,6,10,5,3
S01011959,253,61,82,69,41,161,33,53,42,33,92,28,29,27,8,28,10,7,11,0,39,7,15,10,7,25,11,7,6,1
S01011960,263,91,89,49,34,160,50,50,32,28,103,41,39,17,6,52,23,18,8,3,35,11,15,6,3,16,7,6,3,0
S01011961,243,51,96,49,47,151,30,65,31,25,92,21,31,18,22,47,9,16,11,11,26,8,9,5,4,19,4,6,2,7
S01011962,202,78,61,41,22,110,36,38,22,14,92,42,23,19,8,42,18,13,7,4,28,12,5,8,3,22,12,5,4,1
S01011963,159,38,55,24,42,89,20,27,10,32,70,18,28,14,10,35,8,16,6,5,23,5,8,7,3,12,5,4,1,2
S01011964,323,78,119,70,56,219,47,89,43,40,104,31,30,27,16,54,19,12,14,9,28,7,12,7,2,22,5,6,6,5
S01011965,215,63,72,43,37,129,42,42,24,21,86,21,30,19,16,20,5,7,2,6,30,10,9,6,5,36,6,14,11,5
S01011966,232,78,89,37,28,133,40,54,19,20,99,38,35,18,8,38,18,12,2,6,31,10,11,10,0,30,10,12,6,2
S01011967,304,105,91,67,41,185,55,64,43,23,119,50,27,24,18,47,26,8,6,7,38,14,8,11,5,34,10,11,7,6
S01011968,353,95,139,62,57,236,70,95,32,39,117,25,44,30,18,56,10,24,11,11,32,5,11,14,2,29,10,9,5,5
S01011969,329,48,78,96,107,217,35,48,62,72,112,13,30,34,35,38,2,11,12,13,40,5,14,9,12,34,6,5,13,10
S01011970,336,13,64,103,156,199,7,41,64,87,137,6,23,39,69,62,2,8,20,32,36,1,7,10,18,39,3,8,9,19
S01011971,167,36,50,49,32,91,23,25,23,20,76,13,25,26,12,34,7,11,13,3,25,3,11,8,3,17,3,3,5,6
S01011972,341,73,99,92,77,238,47,78,65,48,103,26,21,27,29,26,7,2,9,8,36,7,9,8,12,41,12,10,10,9
S01011973,181,43,54,50,34,118,27,41,29,21,63,16,13,21,13,31,4,6,13,8,12,3,3,5,1,20,9,4,3,4
S01011974,217,56,60,60,41,145,39,41,36,29,72,17,19,24,12,29,8,6,9,6,22,6,4,9,3,21,3,9,6,3
S01011975,132,31,33,41,27,88,21,20,26,21,44,10,13,15,6,19,5,5,7,2,6,3,1,2,0,19,2,7,6,4
S01011976,231,41,76,55,59,142,26,49,33,34,89,15,27,22,25,30,2,6,11,11,29,3,10,10,6,30,10,11,1,8
S01011977,345,65,88,88,104,229,42,59,63,65,116,23,29,25,39,37,8,5,12,12,43,11,13,5,14,36,4,11,8,13
S01011978,198,23,56,49,70,124,15,38,25,46,74,8,18,24,24,31,3,5,10,13,24,2,7,8,7,19,3,6,6,4
S01011979,277,73,87,74,43,179,46,52,48,33,98,27,35,26,10,41,12,14,11,4,39,11,11,12,5,18,4,10,3,1
S01011980,130,26,39,42,23,90,14,28,28,20,40,12,11,14,3,13,5,3,4,1,13,6,1,6,0,14,1,7,4,2
S01011981,275,56,66,97,56,178,33,45,65,35,97,23,21,32,21,34,7,6,14,7,26,8,5,10,3,37,8,10,8,11
S01011982,298,62,93,78,65,201,44,63,55,39,97,18,30,23,26,33,9,10,7,7,38,5,12,11,10,26,4,8,5,9
S01011983,205,39,59,73,34,157,34,45,51,27,48,5,14,22,7,18,1,4,10,3,13,2,4,5,2,17,2,6,7,2
S01011984,211,21,55,43,92,122,12,32,23,55,89,9,23,20,37,34,2,8,9,15,28,6,5,6,11,27,1,10,5,11
S01011985,197,34,54,65,44,135,22,37,40,36,62,12,17,25,8,23,2,4,10,7,22,4,10,8,0,17,6,3,7,1
S01011986,239,19,50,54,116,147,14,33,29,71,92,5,17,25,45,41,3,4,12,22,27,1,7,8,11,24,1,6,5,12
S01011987,277,34,87,72,84,154,18,50,41,45,123,16,37,31,39,46,8,13,14,11,40,5,8,8,19,37,3,16,9,9
S01011988,167,41,63,41,22,121,29,43,28,21,46,12,20,13,1,13,3,6,4,0,17,5,9,3,0,16,4,5,6,1
S01011989,236,35,75,67,59,133,16,45,41,31,103,19,30,26,28,26,7,5,9,5,45,6,18,8,13,32,6,7,9,10
S01011990,191,32,74,45,40,129,21,49,29,30,62,11,25,16,10,20,2,4,9,5,22,5,10,6,1,20,4,11,1,4
S01011991,199,30,40,65,64,117,23,19,38,37,82,7,21,27,27,28,2,2,12,12,23,1,6,9,7,31,4,13,6,8
S01011992,277,72,78,85,42,179,43,47,60,29,98,29,31,25,13,37,13,9,10,5,21,5,8,6,2,40,11,14,9,6
S01011993,297,30,87,63,117,210,21,61,43,85,87,9,26,20,32,36,4,12,9,11,26,1,4,7,14,25,4,10,4,7
S01011994,150,60,46,28,16,112,47,34,20,11,38,13,12,8,5,10,3,3,3,1,14,4,6,2,2,14,6,3,3,2
S01011995,240,66,72,75,27,150,42,49,42,17,90,24,23,33,10,31,9,6,14,2,31,10,8,9,4,28,5,9,10,4
S01011996,172,25,64,41,42,106,16,40,20,30,66,9,24,21,12,21,2,9,5,5,21,3,7,7,4,24,4,8,9,3
S01011997,306,42,106,82,76,199,31,71,51,46,107,11,35,31,30,33,5,7,12,9,42,3,14,11,14,32,3,14,8,7
S01011998,146,38,57,32,19,80,17,32,17,14,66,21,25,15,5,24,7,7,7,3,30,11,13,5,1,12,3,5,3,1
S01011999,206,34,63,64,45,141,26,44,41,30,65,8,19,23,15,19,1,3,11,4,19,3,6,7,3,27,4,10,5,8
S01012000,141,25,48,44,24,91,14,28,29,20,50,11,20,15,4,22,5,10,6,1,14,1,4,6,3,14,5,6,3,0
S01012001,206,39,48,67,52,138,20,39,45,34,68,19,9,22,18,30,9,6,8,7,24,8,1,7,8,14,2,2,7,3
S01012002,140,15,47,48,30,85,10,28,29,18,55,5,19,19,12,17,0,5,7,5,17,3,4,7,3,21,2,10,5,4
S01012003,171,26,55,52,38,121,19,36,39,27,50,7,19,13,11,16,2,3,8,3,18,5,9,1,3,16,0,7,4,5
S01012004,249,56,90,59,44,158,30,58,40,30,91,26,32,19,14,22,6,9,4,3,32,7,12,6,7,37,13,11,9,4
S01012005,270,67,105,57,41,149,30,60,34,25,121,37,45,23,16,35,13,13,6,3,48,13,19,9,7,38,11,13,8,6
S01012006,211,78,56,50,27,145,51,36,36,22,66,27,20,14,5,16,5,6,4,1,22,9,6,5,2,28,13,8,5,2
S01012007,221,58,69,51,43,155,35,50,35,35,66,23,19,16,8,27,9,10,6,2,20,6,3,7,4,19,8,6,3,2
S01012008,295,71,96,64,64,193,42,68,41,42,102,29,28,23,22,33,8,5,11,9,34,9,12,5,8,35,12,11,7,5
S01012009,215,43,57,66,49,143,30,35,46,32,72,13,22,20,17,23,5,8,3,7,26,6,4,10,6,23,2,10,7,4
S01012010,310,78,93,81,58,218,51,65,58,44,92,27,28,23,14,40,10,7,15,8,27,8,13,3,3,25,9,8,5,3
S01012011,345,47,88,101,109,231,31,68,64,68,114,16,20,37,41,26,1,3,12,10,43,5,9,10,19,45,10,8,15,12
S01012012,166,38,52,41,35,124,27,40,30,27,42,11,12,11,8,14,4,6,2,2,12,3,3,3,3,16,4,3,6,3
S01012013,233,52,60,62,59,175,39,47,44,45,58,13,13,18,14,21,3,7,7,4,24,6,5,5,8,13,4,1,6,2
S01012014,278,40,56,89,93,198,28,41,60,69,80,12,15,29,24,23,3,3,7,10,31,6,4,10,11,26,3,8,12,3
S01012015,267,41,79,87,60,152,29,44,43,36,115,12,35,44,24,30,2,4,18,6,48,6,17,13,12,37,4,14,13,6
S01012016,246,52,65,70,59,177,34,42,55,46,69,18,23,15,13,25,4,5,6,10,25,10,7,5,3,19,4,11,4,0
S01012017,149,46,40,40,23,112,37,27,32,16,37,9,13,8,7,14,5,4,5,0,16,3,5,2,6,7,1,4,1,1
S01012018,257,55,72,76,54,163,38,46,52,27,94,17,26,24,27,29,5,11,7,6,28,5,6,8,9,37,7,9,9,12
S01012019,293,94,102,46,51,181,52,58,32,39,112,42,44,14,12,47,19,19,6,3,36,12,14,5,5,29,11,11,3,4
S01012020,239,60,75,53,51,163,33,47,43,40,76,27,28,10,11,24,7,8,3,6,26,8,11,4,3,26,12,9,3,2
S01012021,174,56,58,35,25,109,29,38,27,15,65,27,20,8,10,17,7,4,2,4,20,10,8,1,1,28,10,8,5,5
S01012022,232,37,69,59,67,140,22,39,36,43,92,15,30,23,24,30,5,11,8,6,39,7,9,13,10,23,3,10,2,8
S01012023,164,56,58,39,11,106,32,42,23,9,58,24,16,16,2,21,8,7,6,0,21,10,7,4,0,16,6,2,6,2
S01012024,294,76,104,65,49,172,42,66,34,30,122,34,38,31,19,41,15,8,12,6,56,16,19,13,8,25,3,11,6,5
S01012025,212,35,59,71,47,128,20,30,46,32,84,15,29,25,15,27,4,9,7,7,31,9,9,8,5,26,2,11,10,3
S01012026,190,65,74,27,24,69,18,27,10,14,121,47,47,17,10,52,17,22,5,8,37,16,13,8,0,32,14,12,4,2
S01012027,251,80,89,55,27,140,41,52,28,19,111,39,37,27,8,57,19,20,15,3,37,15,11,8,3,17,5,6,4,2
S01012028,268,122,104,23,19,162,71,67,12,12,106,51,37,11,7,30,16,8,4,2,33,16,14,2,1,43,19,15,5,4
S01012029,321,74,118,68,61,214,51,80,42,41,107,23,38,26,20,36,6,14,8,8,33,8,12,10,3,38,9,12,8,9
S01012030,196,59,62,47,28,114,29,32,33,20,82,30,30,14,8,29,13,9,5,2,26,7,11,4,4,27,10,10,5,2
S01012031,142,73,45,14,10,83,41,26,9,7,59,32,19,5,3,25,17,6,0,2,17,6,8,2,1,17,9,5,3,0
S01012032,97,34,29,25,9,62,24,18,15,5,35,10,11,10,4,10,1,3,5,1,13,6,3,3,1,12,3,5,2,2
S01012033,248,54,85,64,45,181,34,60,49,38,67,20,25,15,7,25,7,10,6,2,22,6,10,4,2,20,7,5,5,3
S01012034,279,58,94,65,62,178,30,61,42,45,101,28,33,23,17,50,15,18,10,7,31,8,12,5,6,20,5,3,8,4
S01012035,302,89,104,57,52,202,51,73,39,39,100,38,31,18,13,33,13,9,7,4,34,17,10,4,3,33,8,12,7,6
S01012036,267,70,103,60,34,181,47,72,35,27,86,23,31,25,7,21,7,6,5,3,27,7,9,9,2,38,9,16,11,2
S01012037,319,21,101,62,135,169,13,57,39,60,150,8,44,23,75,62,7,16,5,34,53,0,17,11,25,35,1,11,7,16
S01012038,317,14,62,59,182,153,5,27,28,93,164,9,35,31,89,80,7,19,13,41,48,0,13,12,23,36,2,3,6,25
S01012039,278,12,78,87,101,166,9,46,47,64,112,3,32,40,37,41,3,13,15,10,36,0,5,13,18,35,0,14,12,9
S01012040,204,32,84,53,35,117,14,45,33,25,87,18,39,20,10,25,4,13,6,2,26,7,10,7,2,36,7,16,7,6
S01012041,275,23,107,72,73,149,11,54,38,46,126,12,53,34,27,39,5,12,12,10,53,6,21,17,9,34,1,20,5,8
S01012042,264,18,76,76,94,159,11,49,48,51,105,7,27,28,43,34,2,10,6,16,36,3,9,14,10,35,2,8,8,17
S01012043,312,21,72,62,157,172,13,40,37,82,140,8,32,25,75,56,3,14,9,30,52,4,9,9,30,32,1,9,7,15
S01012044,299,21,62,60,156,206,6,41,43,116,93,15,21,17,40,31,8,9,2,12,33,3,5,10,15,29,4,7,5,13
S01012045,464,54,145,101,164,349,40,104,78,127,115,14,41,23,37,45,4,18,7,16,37,4,13,10,10,33,6,10,6,11
S01012046,258,7,67,62,122,175,6,41,42,86,83,1,26,20,36,36,1,13,5,17,25,0,7,8,10,22,0,6,7,9
S01012047,349,20,100,78,151,248,11,74,53,110,101,9,26,25,41,45,2,11,10,22,30,3,9,8,10,26,4,6,7,9
S01012048,281,17,97,65,102,190,13,67,46,64,91,4,30,19,38,40,1,14,7,18,35,3,10,8,14,16,0,6,4,6
S01012049,257,31,107,47,72,190,24,82,32,52,67,7,25,15,20,30,4,8,8,10,22,3,10,3,6,15,0,7,4,4
S01012050,363,47,134,96,86,208,24,78,51,55,155,23,56,45,31,57,11,24,14,8,52,6,16,17,13,46,6,16,14,10
S01012051,160,34,57,28,41,108,22,39,16,31,52,12,18,12,10,19,5,4,3,7,14,2,7,4,1,19,5,7,5,2
S01012052,313,39,100,67,107,229,23,76,48,82,84,16,24,19,25,36,8,7,9,12,21,3,6,4,8,27,5,11,6,5
S01012053,338,22,96,87,133,226,12,61,61,92,112,10,35,26,41,37,3,10,10,14,47,3,14,8,22,28,4,11,8,5
S01012054,388,11,93,78,206,267,6,63,54,144,121,5,30,24,62,61,3,16,9,33,35,1,8,8,18,25,1,6,7,11
S01012055,320,27,82,80,131,212,17,53,53,89,108,10,29,27,42,37,4,10,8,15,47,3,13,12,19,24,3,6,7,8
S01012056,232,52,78,45,57,152,35,48,27,42,80,17,30,18,15,21,1,10,4,6,23,6,10,5,2,36,10,10,9,7
S01012057,219,44,102,45,28,136,30,66,22,18,83,14,36,23,10,22,4,9,8,1,24,5,12,3,4,37,5,15,12,5
S01012058,218,51,86,35,46,146,29,57,27,33,72,22,29,8,13,12,5,5,1,1,30,6,14,4,6,30,11,10,3,6
S01012059,296,18,77,82,119,197,12,45,56,84,99,6,32,26,35,40,2,11,11,16,28,2,10,4,12,31,2,11,11,7
S01012060,268,33,80,56,99,169,21,42,36,70,99,12,38,20,29,38,7,9,8,14,32,3,16,7,6,29,2,13,5,9
S01012061,329,83,131,53,62,222,54,85,44,39,107,29,46,9,23,44,11,18,4,11,31,7,15,3,6,32,11,13,2,6
S01012062,268,41,115,70,42,156,20,72,43,21,112,21,43,27,21,41,9,10,15,7,32,6,15,6,5,39,6,18,6,9
S01012063,219,26,83,50,60,134,14,53,29,38,85,12,30,21,22,38,4,16,6,12,26,3,8,10,5,21,5,6,5,5
S01012064,246,16,42,40,148,131,10,20,23,78,115,6,22,17,70,55,4,8,10,33,36,0,11,3,22,24,2,3,4,15
S01012065,237,4,28,36,169,125,4,11,22,88,112,0,17,14,81,53,0,10,6,37,38,0,6,4,28,21,0,1,4,16
S01012066,346,20,78,76,172,204,14,46,49,95,142,6,32,27,77,60,2,13,13,32,50,1,15,9,25,32,3,4,5,20
S01012067,218,7,36,41,134,131,6,15,23,87,87,1,21,18,47,22,0,3,7,12,38,0,10,3,25,27,1,8,8,10
S01012068,211,3,25,42,141,132,3,13,24,92,79,0,12,18,49,28,0,7,6,15,22,0,1,8,13,29,0,4,4,21
S01012069,250,16,60,45,129,190,11,47,35,97,60,5,13,10,32,33,5,6,7,15,14,0,2,2,10,13,0,5,1,7
S01012070,336,16,80,52,188,272,15,72,47,138,64,1,8,5,50,39,1,3,3,32,14,0,2,1,11,11,0,3,1,7
S01012071,568,39,174,100,255,465,29,147,87,202,103,10,27,13,53,55,8,13,6,28,26,1,8,5,12,22,1,6,2,13
S01012072,572,56,148,111,257,480,42,127,97,214,92,14,21,14,43,44,5,5,10,24,30,4,10,3,13,18,5,6,1,6
S01012073,280,47,121,57,55,174,27,83,32,32,106,20,38,25,23,53,11,13,13,16,25,5,10,7,3,28,4,15,5,4
S01012074,282,58,129,54,41,188,36,87,39,26,94,22,42,15,15,30,9,12,6,3,37,7,18,4,8,27,6,12,5,4
S01012075,249,57,108,46,38,130,25,59,24,22,119,32,49,22,16,29,9,12,3,5,41,12,19,5,5,49,11,18,14,6
S01012076,266,35,103,62,66,186,27,66,50,43,80,8,37,12,23,36,4,13,5,14,25,0,16,4,5,19,4,8,3,4
S01012077,314,28,85,60,141,207,22,54,47,84,107,6,31,13,57,48,3,12,5,28,28,0,9,6,13,31,3,10,2,16
S01012078,327,42,116,76,93,198,21,76,43,58,129,21,40,33,35,55,9,11,14,21,35,8,8,10,9,39,4,21,9,5
S01012079,308,28,80,73,127,208,18,51,52,87,100,10,29,21,40,40,3,11,8,18,33,5,8,10,10,27,2,10,3,12
S01012080,317,19,69,53,176,156,12,31,28,85,161,7,38,25,91,68,2,14,10,42,57,2,17,8,30,36,3,7,7,19
S01012081,320,8,68,76,168,223,5,47,52,119,97,3,21,24,49,39,1,8,11,19,37,1,9,7,20,21,1,4,6,10
S01012082,241,6,56,57,122,168,4,38,40,86,73,2,18,17,36,30,0,5,7,18,25,1,10,6,8,18,1,3,4,10
S01012083,281,17,82,60,122,200,10,55,42,93,81,7,27,18,29,24,1,8,5,10,31,1,11,5,14,26,5,8,8,5
S01012084,166,25,56,44,41,99,15,28,30,26,67,10,28,14,15,21,4,9,5,3,21,3,9,5,4,25,3,10,4,8
S01012085,202,31,74,45,52,142,20,54,28,40,60,11,20,17,12,16,3,7,5,1,19,4,8,1,6,25,4,5,11,5
S01012086,325,10,93,81,141,206,7,60,50,89,119,3,33,31,52,58,2,13,9,34,24,1,6,10,7,37,0,14,12,11
S01012087,241,24,81,57,79,155,11,53,40,51,86,13,28,17,28,22,1,6,5,10,32,5,14,5,8,32,7,8,7,10
S01012088,251,54,84,59,54,129,18,48,32,31,122,36,36,27,23,33,10,8,8,7,52,13,18,10,11,37,13,10,9,5
S01012089,272,60,121,50,41,173,33,78,35,27,99,27,43,15,14,42,10,19,9,4,25,10,7,2,6,32,7,17,4,4
S01012090,247,81,96,37,33,159,48,65,24,22,88,33,31,13,11,22,11,7,3,1,32,11,11,4,6,34,11,13,6,4
S01012091,179,35,61,47,36,120,19,41,33,27,59,16,20,14,9,20,5,8,4,3,18,6,4,5,3,21,5,8,5,3
S01012092,156,31,62,30,33,108,16,42,22,28,48,15,20,8,5,17,6,7,3,1,13,1,7,3,2,18,8,6,2,2
S01012093,214,59,77,37,41,168,44,59,29,36,46,15,18,8,5,22,9,6,4,3,10,3,4,3,0,14,3,8,1,2
S01012094,217,80,84,37,16,144,55,55,22,12,73,25,29,15,4,9,5,1,1,2,33,11,17,5,0,31,9,11,9,2
S01012095,363,48,120,79,116,198,26,65,41,66,165,22,55,38,50,57,7,20,15,15,58,8,17,14,19,50,7,18,9,16
S01012096,256,13,76,67,100,149,9,40,36,64,107,4,36,31,36,29,0,14,6,9,36,0,10,11,15,42,4,12,14,12
S01012097,202,15,46,62,79,107,9,27,31,40,95,6,19,31,39,29,2,7,11,9,40,2,8,14,16,26,2,4,6,14
S01012098,206,18,57,56,75,117,11,26,32,48,89,7,31,24,27,27,4,10,7,6,37,2,13,6,16,25,1,8,11,5
S01012099,242,14,52,66,110,142,9,33,38,62,100,5,19,28,48,32,3,9,11,9,36,1,5,8,22,32,1,5,9,17
S01012100,322,25,99,71,127,201,18,59,44,80,121,7,40,27,47,40,1,14,9,16,48,2,18,9,19,33,4,8,9,12
S01012101,207,73,59,46,29,122,40,42,22,18,85,33,17,24,11,19,6,4,7,2,26,11,4,6,5,40,16,9,11,4
S01012102,270,22,73,45,130,155,11,40,30,74,115,11,33,15,56,46,3,9,6,28,47,6,18,5,18,22,2,6,4,10
S01012103,352,40,147,93,72,230,25,93,62,50,122,15,54,31,22,46,7,17,12,10,38,5,17,7,9,38,3,20,12,3
S01012104,293,101,98,50,44,141,50,44,27,20,152,51,54,23,24,53,25,16,6,6,50,14,18,8,10,49,12,20,9,8
S01012105,365,94,143,68,60,238,55,92,47,44,127,39,51,21,16,40,16,15,4,5,44,13,16,11,4,43,10,20,6,7
S01012106,404,116,169,71,48,261,72,115,43,31,143,44,54,28,17,67,24,29,11,3,40,10,13,8,9,36,10,12,9,5
S01012107,212,73,77,18,44,147,47,51,13,36,65,26,26,5,8,24,10,8,2,4,18,6,8,2,2,23,10,10,1,2
S01012108,314,40,109,54,111,274,36,100,46,92,40,4,9,8,19,20,3,3,5,9,8,0,6,1,1,12,1,0,2,9
S01012109,485,49,149,108,179,370,42,103,85,140,115,7,46,23,39,55,3,20,12,20,36,3,16,6,11,24,1,10,5,8
S01012110,308,41,105,49,113,255,34,89,41,91,53,7,16,8,22,24,5,7,2,10,18,1,4,4,9,11,1,5,2,3
S01012111,243,17,89,47,90,181,14,73,31,63,62,3,16,16,27,20,1,5,7,7,26,2,8,7,9,16,0,3,2,11
S01012112,229,41,70,50,68,176,29,59,33,55,53,12,11,17,13,24,4,4,7,9,11,4,2,4,1,18,4,5,6,3
S01012113,321,49,123,61,88,221,31,80,42,68,100,18,43,19,20,30,8,11,8,3,34,6,11,5,12,36,4,21,6,5
S01012114,246,87,85,35,39,146,45,54,18,29,100,42,31,17,10,29,14,10,2,3,34,16,8,7,3,37,12,13,8,4
S01012115,163,11,63,35,54,101,8,41,19,33,62,3,22,16,21,18,1,8,4,5,29,1,9,6,13,15,1,5,6,3
S01012116,182,20,53,48,61,106,9,35,26,36,76,11,18,22,25,25,7,4,9,5,25,3,10,5,7,26,1,4,8,13
S01012117,261,70,105,47,39,110,26,43,16,25,151,44,62,31,14,68,20,28,15,5,48,15,17,11,5,35,9,17,5,4
S01012118,206,54,77,44,31,103,22,42,22,17,103,32,35,22,14,36,10,13,8,5,30,12,8,6,4,37,10,14,8,5
S01012119,245,51,86,68,40,133,31,45,36,21,112,20,41,32,19,32,3,13,7,9,41,7,18,12,4,39,10,10,13,6
S01012120,199,15,58,38,88,119,10,36,27,46,80,5,22,11,42,29,2,11,2,14,22,2,5,5,10,29,1,6,4,18
S01012121,286,16,78,73,119,168,9,38,46,75,118,7,40,27,44,44,1,17,10,16,38,1,12,9,16,36,5,11,8,12
S01012122,216,11,54,56,95,139,9,34,34,62,77,2,20,22,33,24,1,6,7,10,18,0,8,5,5,35,1,6,10,18
S01012123,166,31,53,35,47,109,18,36,26,29,57,13,17,9,18,25,7,7,2,9,16,3,3,5,5,16,3,7,2,4
S01012124,228,34,86,41,67,175,25,73,29,48,53,9,13,12,19,19,6,4,3,6,19,3,6,5,5,15,0,3,4,8
S01012125,409,35,133,84,157,319,29,98,68,124,90,6,35,16,33,48,3,18,6,21,18,1,6,3,8,24,2,11,7,4
S01012126,358,82,139,71,66,279,65,103,60,51,79,17,36,11,15,31,10,12,2,7,27,5,13,6,3,21,2,11,3,5
S01012127,501,60,182,86,173,432,51,165,73,143,69,9,17,13,30,38,9,8,5,16,20,0,5,5,10,11,0,4,3,4
S01012128,254,45,76,52,81,187,37,59,42,49,67,8,17,10,32,42,7,11,4,20,13,1,3,5,4,12,0,3,1,8
S01012129,365,48,122,65,130,306,40,106,57,103,59,8,16,8,27,30,3,10,2,15,11,2,2,2,5,18,3,4,4,7
S01012130,454,52,159,78,165,388,44,130,70,144,66,8,29,8,21,38,5,20,5,8,20,2,6,3,9,8,1,3,0,4
S01012131,510,41,185,91,193,434,34,167,79,154,76,7,18,12,39,41,3,11,5,22,15,2,3,4,6,20,2,4,3,11
S01012132,368,47,129,47,145,298,42,113,36,107,70,5,16,11,38,28,0,6,5,17,26,2,5,3,16,16,3,5,3,5
S01012133,382,82,128,59,113,301,66,99,46,90,81,16,29,13,23,51,14,15,6,16,16,0,5,5,6,14,2,9,2,1
S01012134,390,112,156,53,69,302,89,124,40,49,88,23,32,13,20,39,12,17,6,4,26,7,6,5,8,23,4,9,2,8
S01012135,478,25,148,84,221,389,21,121,71,176,89,4,27,13,45,44,2,11,5,26,26,2,9,5,10,19,0,7,3,9
S01012136,477,33,167,87,190,398,29,136,77,156,79,4,31,10,34,43,4,14,8,17,15,0,8,1,6,21,0,9,1,11
S01012137,329,26,140,50,113,271,20,114,46,91,58,6,26,4,22,30,6,9,2,13,12,0,7,0,5,16,0,10,2,4
S01012138,324,89,127,58,50,230,53,100,42,35,94,36,27,16,15,36,12,13,8,3,21,7,5,2,7,37,17,9,6,5
S01012139,287,53,106,54,74,184,32,58,33,61,103,21,48,21,13,55,10,26,12,7,27,8,12,5,2,21,3,10,4,4
S01012140,140,52,56,18,14,84,30,33,14,7,56,22,23,4,7,17,5,10,0,2,24,11,7,2,4,15,6,6,2,1
S01012141,283,72,122,47,42,152,36,63,29,24,131,36,59,18,18,32,7,12,6,7,53,17,22,7,7,46,12,25,5,4
S01012142,241,74,91,52,24,128,35,48,31,14,113,39,43,21,10,33,14,11,6,2,41,14,15,8,4,39,11,17,7,4
S01012143,215,92,72,26,25,134,57,42,15,20,81,35,30,11,5,12,6,5,1,0,27,11,9,4,3,42,18,16,6,2
S01012144,279,83,89,62,45,158,37,57,38,26,121,46,32,24,19,40,18,7,10,5,34,11,14,5,4,47,17,11,9,10
S01012145,261,108,94,27,32,127,48,47,11,21,134,60,47,16,11,49,19,19,5,6,38,22,6,7,3,47,19,22,4,2
S01012146,403,35,120,88,160,293,33,92,63,105,110,2,28,25,55,54,1,15,12,26,31,1,7,6,17,25,0,6,7,12
S01012147,305,10,91,60,144,211,9,63,45,94,94,1,28,15,50,52,0,15,9,28,23,1,8,5,9,19,0,5,1,13
S01012148,287,10,67,56,154,171,5,41,33,92,116,5,26,23,62,57,4,13,6,34,32,1,5,6,20,27,0,8,11,8
S01012149,280,55,87,53,85,179,35,61,36,47,101,20,26,17,38,39,5,10,6,18,35,9,11,6,9,27,6,5,5,11
S01012150,240,15,72,46,107,142,4,34,33,71,98,11,38,13,36,43,5,18,8,12,32,5,11,2,14,23,1,9,3,10
S01012151,257,19,61,61,116,167,13,36,43,75,90,6,25,18,41,32,4,8,4,16,34,1,9,9,15,24,1,8,5,10
S01012152,295,15,63,63,154,208,8,47,42,111,87,7,16,21,43,38,5,6,8,19,22,0,5,5,12,27,2,5,8,12
S01012153,294,19,80,82,113,229,14,58,62,95,65,5,22,20,18,31,3,10,5,13,16,1,7,7,1,18,1,5,8,4
S01012154,422,30,127,88,177,358,25,111,78,144,64,5,16,10,33,33,3,5,8,17,20,1,8,1,10,11,1,3,1,6
S01012155,296,21,108,56,111,258,19,88,54,97,38,2,20,2,14,17,0,11,1,5,11,1,5,0,5,10,1,4,1,4
S01012156,272,11,64,54,143,214,8,43,49,114,58,3,21,5,29,32,2,12,1,17,17,1,4,3,9,9,0,5,1,3
S01012157,378,45,131,90,112,251,28,88,59,76,127,17,43,31,36,62,9,22,13,18,43,6,12,13,12,22,2,9,5,6
S01012158,420,74,163,89,94,286,50,114,62,60,134,24,49,27,34,75,17,23,17,18,33,5,15,5,8,26,2,11,5,8
S01012159,144,20,51,42,31,102,13,41,27,21,42,7,10,15,10,7,1,1,3,2,15,2,3,7,3,20,4,6,5,5
S01012160,202,34,86,43,39,135,18,58,35,24,67,16,28,8,15,16,4,4,3,5,26,7,15,2,2,25,5,9,3,8
S01012161,170,8,37,25,100,95,4,21,16,54,75,4,16,9,46,34,3,6,2,23,23,1,6,2,14,18,0,4,5,9
S01012162,348,30,93,71,154,201,13,56,45,87,147,17,37,26,67,67,10,20,12,25,53,6,8,12,27,27,1,9,2,15
S01012163,331,34,94,73,130,227,23,56,48,100,104,11,38,25,30,54,9,16,12,17,33,2,16,7,8,17,0,6,6,5
S01012164,392,71,170,86,65,184,34,79,41,30,208,37,91,45,35,92,20,37,20,15,66,11,32,12,11,50,6,22,13,9
S01012165,379,19,86,83,191,247,11,56,55,125,132,8,30,28,66,62,2,16,11,33,40,4,9,9,18,30,2,5,8,15
S01012166,252,16,68,67,101,165,12,46,50,57,87,4,22,17,44,39,3,7,7,22,29,0,10,4,15,19,1,5,6,7
S01012167,321,28,107,76,110,256,23,83,57,93,65,5,24,19,17,26,1,10,10,5,22,2,9,4,7,17,2,5,5,5
S01012168,243,38,103,58,44,160,23,69,37,31,83,15,34,21,13,38,7,15,10,6,23,4,9,7,3,22,4,10,4,4
S01012169,296,25,116,62,93,210,20,82,37,71,86,5,34,25,22,29,3,6,10,10,31,1,13,8,9,26,1,15,7,3
S01012170,327,22,120,72,113,240,17,85,52,86,87,5,35,20,27,39,5,13,7,14,22,0,10,8,4,26,0,12,5,9
S01012171,323,19,112,70,122,207,11,72,45,79,116,8,40,25,43,51,4,16,12,19,35,2,14,7,12,30,2,10,6,12
S01012172,240,14,78,49,99,149,11,45,39,54,91,3,33,10,45,36,1,15,3,17,28,0,12,2,14,27,2,6,5,14
S01012173,160,36,64,40,20,108,26,42,26,14,52,10,22,14,6,14,5,4,5,0,20,4,9,3,4,18,1,9,6,2
S01012174,282,56,128,64,34,132,15,67,32,18,150,41,61,32,16,37,15,11,8,3,53,13,21,15,4,60,13,29,9,9
S01012175,313,52,133,65,63,224,34,97,48,45,89,18,36,17,18,40,9,17,7,7,21,3,8,5,5,28,6,11,5,6
S01012176,296,32,110,78,76,213,20,79,59,55,83,12,31,19,21,33,5,6,10,12,27,5,16,4,2,23,2,9,5,7
S01012177,180,36,66,35,43,109,18,45,19,27,71,18,21,16,16,20,7,3,3,7,25,6,8,4,7,26,5,10,9,2
S01012178,155,28,56,48,23,103,17,35,33,18,52,11,21,15,5,16,3,8,5,0,14,2,4,5,3,22,6,9,5,2
S01012179,179,27,63,37,52,119,16,46,27,30,60,11,17,10,22,26,2,9,4,11,12,2,3,4,3,22,7,5,2,8
S01012180,154,24,54,26,50,91,13,34,16,28,63,11,20,10,22,26,6,6,5,9,21,3,9,2,7,16,2,5,3,6
S01012181,243,42,77,60,64,178,30,54,42,52,65,12,23,18,12,26,7,6,6,7,21,3,12,4,2,18,2,5,8,3
S01012182,393,97,156,80,60,243,61,100,49,33,150,36,56,31,27,64,22,24,10,8,38,9,13,7,9,48,5,19,14,10
S01012183,337,53,94,74,116,268,45,78,58,87,69,8,16,16,29,30,5,5,7,13,20,3,6,5,6,19,0,5,4,10
S01012184,260,73,108,46,33,215,66,88,40,21,45,7,20,6,12,24,4,10,6,4,7,1,4,0,2,14,2,6,0,6
S01012185,461,41,142,85,193,402,38,121,76,167,59,3,21,9,26,25,1,9,2,13,22,2,7,6,7,12,0,5,1,6
S01012186,217,27,68,56,66,147,18,47,34,48,70,9,21,22,18,26,6,8,10,2,33,3,10,7,13,11,0,3,5,3
S01012187,274,10,87,52,125,210,9,62,44,95,64,1,25,8,30,20,0,9,1,10,26,1,12,4,9,18,0,4,3,11
S01012188,161,21,73,38,29,115,14,47,31,23,46,7,26,7,6,11,1,6,0,4,18,6,7,5,0,17,0,13,2,2
S01012189,185,38,73,39,35,110,18,47,23,22,75,20,26,16,13,32,8,10,8,6,29,10,10,6,3,14,2,6,2,4
S01012190,185,52,68,30,35,86,20,33,10,23,99,32,35,20,12,47,19,18,5,5,34,8,10,10,6,18,5,7,5,1
S01012191,258,68,108,54,28,155,36,62,36,21,103,32,46,18,7,25,4,12,7,2,39,16,14,7,2,39,12,20,4,3
S01012192,131,34,55,27,15,72,19,28,17,8,59,15,27,10,7,15,5,6,3,1,24,8,10,3,3,20,2,11,4,3
S01012193,165,53,66,29,17,72,23,32,12,5,93,30,34,17,12,21,8,7,4,2,38,13,14,7,4,34,9,13,6,6
S01012194,164,62,64,23,15,63,28,18,10,7,101,34,46,13,8,22,8,9,2,3,27,11,11,4,1,52,15,26,7,4
S01012195,324,65,144,68,47,169,27,85,33,24,155,38,59,35,23,51,10,21,15,5,49,14,16,9,10,55,14,22,11,8
S01012196,190,50,79,26,35,95,25,46,9,15,95,25,33,17,20,23,4,6,6,7,34,10,12,5,7,38,11,15,6,6
S01012197,217,22,86,57,52,128,8,50,37,33,89,14,36,20,19,29,7,12,4,6,34,5,16,7,6,26,2,8,9,7
S01012198,318,46,128,59,85,205,21,85,31,68,113,25,43,28,17,38,7,12,11,8,40,7,20,10,3,35,11,11,7,6
S01012199,221,24,87,57,53,140,12,52,39,37,81,12,35,18,16,29,7,7,6,9,27,3,16,5,3,25,2,12,7,4
S01012200,200,26,71,38,65,111,13,39,21,38,89,13,32,17,27,32,5,11,5,11,34,6,12,6,10,23,2,9,6,6
S01012201,231,18,95,56,62,132,12,51,28,41,99,6,44,28,21,30,2,14,10,4,44,1,18,14,11,25,3,12,4,6
S01012202,175,33,65,40,37,93,13,36,21,23,82,20,29,19,14,30,6,11,7,6,30,9,12,4,5,22,5,6,8,3
S01012203,219,51,98,44,26,150,31,65,31,23,69,20,33,13,3,23,6,12,4,1,21,8,10,1,2,25,6,11,8,0
S01012204,238,52,100,65,21,140,27,61,37,15,98,25,39,28,6,27,6,10,10,1,28,6,11,7,4,43,13,18,11,1
S01012205,226,55,104,44,23,146,41,63,28,14,80,14,41,16,9,18,3,9,3,3,33,5,19,8,1,29,6,13,5,5
S01012206,256,34,115,61,46,135,17,62,31,25,121,17,53,30,21,36,4,15,13,4,37,9,13,8,7,48,4,25,9,10
S01012207,271,24,109,70,68,140,15,54,38,33,131,9,55,32,35,56,5,22,13,16,48,3,21,11,13,27,1,12,8,6
S01012208,316,34,111,75,96,179,22,52,40,65,137,12,59,35,31,60,5,27,16,12,45,5,18,8,14,32,2,14,11,5
S01012209,229,21,84,56,68,135,12,51,27,45,94,9,33,29,23,38,3,12,14,9,29,4,10,7,8,27,2,11,8,6
S01012210,220,16,85,47,72,127,5,49,25,48,93,11,36,22,24,45,6,17,8,14,28,4,9,8,7,20,1,10,6,3
S01012211,296,45,133,66,52,180,21,86,32,41,116,24,47,34,11,35,7,17,8,3,48,11,17,17,3,33,6,13,9,5
S01012212,206,67,91,28,20,133,41,55,20,17,73,26,36,8,3,21,9,10,2,0,26,9,13,4,0,26,8,13,2,3
S01012213,250,65,111,42,32,179,47,78,29,25,71,18,33,13,7,22,6,8,6,2,28,7,15,4,2,21,5,10,3,3
S01012214,180,59,79,26,16,112,33,51,16,12,68,26,28,10,4,24,13,9,2,0,28,11,13,2,2,16,2,6,6,2
S01012215,248,83,103,34,28,148,39,65,21,23,100,44,38,13,5,26,15,10,1,0,30,15,9,4,2,44,14,19,8,3
S01012216,211,66,92,34,19,127,34,57,19,17,84,32,35,15,2,24,9,9,5,1,28,11,13,3,1,32,12,13,7,0
S01012217,224,8,62,48,106,142,6,32,35,69,82,2,30,13,37,34,2,14,5,13,28,0,14,4,10,20,0,2,4,14
S01012218,190,7,54,37,92,109,4,33,23,49,81,3,21,14,43,33,0,9,6,18,26,2,7,3,14,22,1,5,5,11
S01012219,253,17,72,54,110,166,13,40,41,72,87,4,32,13,38,28,0,8,8,12,26,1,9,1,15,33,3,15,4,11
S01012220,251,10,52,49,140,196,9,42,35,110,55,1,10,14,30,26,1,5,8,12,23,0,3,6,14,6,0,2,0,4
S01012221,191,10,54,46,81,128,5,33,30,60,63,5,21,16,21,26,1,11,6,8,19,2,5,6,6,18,2,5,4,7
S01012222,266,19,70,73,104,197,15,53,46,83,69,4,17,27,21,27,1,6,10,10,23,1,7,8,7,19,2,4,9,4
S01012223,227,11,72,43,101,135,7,41,26,61,92,4,31,17,40,33,2,14,4,13,34,0,9,8,17,25,2,8,5,10
S01012224,255,20,86,65,84,140,9,49,38,44,115,11,37,27,40,39,6,12,7,14,40,3,11,12,14,36,2,14,8,12
S01012225,333,24,81,97,131,181,12,51,51,67,152,12,30,46,64,68,7,16,19,26,40,4,8,14,14,44,1,6,13,24
S01012226,208,18,71,68,51,111,10,39,32,30,97,8,32,36,21,23,3,4,12,4,44,3,18,15,8,30,2,10,9,9
S01012227,195,15,62,56,62,105,10,31,31,33,90,5,31,25,29,31,1,8,8,14,32,2,11,9,10,27,2,12,8,5
S01012228,193,22,66,57,48,102,12,30,29,31,91,10,36,28,17,29,1,15,8,5,33,6,7,14,6,29,3,14,6,6
S01012229,265,79,110,47,29,190,58,75,33,24,75,21,35,14,5,27,8,13,5,1,30,10,13,4,3,18,3,9,5,1
S01012230,306,101,127,55,23,177,51,78,36,12,129,50,49,19,11,39,13,14,8,4,54,21,19,7,7,36,16,16,4,0
S01012231,238,98,88,30,22,118,43,48,13,14,120,55,40,17,8,27,13,8,6,0,49,24,15,6,4,44,18,17,5,4
S01012232,254,96,93,38,27,127,44,53,13,17,127,52,40,25,10,39,20,9,8,2,50,21,14,9,6,38,11,17,8,2
S01012233,257,89,103,38,27,138,40,57,20,21,119,49,46,18,6,40,17,15,3,5,39,15,16,8,0,40,17,15,7,1
S01012234,321,128,113,56,24,159,60,60,24,15,162,68,53,32,9,53,20,18,12,3,59,28,16,12,3,50,20,19,8,3
S01012235,109,47,43,8,11,75,30,31,5,9,34,17,12,3,2,5,3,1,1,0,14,5,7,0,2,15,9,4,2,0
S01012236,193,45,77,39,32,114,24,40,26,24,79,21,37,13,8,21,2,10,5,4,23,10,9,2,2,35,9,18,6,2
S01012237,215,120,69,15,11,106,48,42,8,8,109,72,27,7,3,34,25,6,3,0,38,24,9,2,3,37,23,12,2,0
S01012238,219,47,61,46,65,144,25,38,31,50,75,22,23,15,15,28,9,9,4,6,22,7,7,3,5,25,6,7,8,4
S01012239,205,21,49,58,77,127,12,28,38,49,78,9,21,20,28,24,4,9,4,7,26,2,7,9,8,28,3,5,7,13
S01012240,249,52,81,60,56,153,33,49,35,36,96,19,32,25,20,33,6,11,8,8,31,6,10,6,9,32,7,11,11,3
S01012241,174,89,53,22,10,104,45,41,11,7,70,44,12,11,3,24,15,6,3,0,29,15,4,7,3,17,14,2,1,0
S01012242,212,93,76,27,16,99,45,32,12,10,113,48,44,15,6,27,11,10,4,2,45,18,23,4,0,41,19,11,7,4
S01012243,168,65,53,27,23,77,28,28,9,12,91,37,25,18,11,33,13,10,6,4,35,17,7,5,6,23,7,8,7,1
S01012244,266,132,78,32,24,143,61,49,16,17,123,71,29,16,7,46,28,15,2,1,42,25,8,7,2,35,18,6,7,4
S01012245,208,82,58,39,29,118,36,37,25,20,90,46,21,14,9,34,19,8,4,3,36,22,7,4,3,20,5,6,6,3
S01012246,232,115,60,37,20,103,43,28,19,13,129,72,32,18,7,47,30,9,6,2,49,25,14,5,5,33,17,9,7,0
S01012247,225,90,65,45,25,138,54,42,27,15,87,36,23,18,10,27,10,5,7,5,34,15,12,6,1,26,11,6,5,4
S01012248,256,74,78,65,39,153,38,47,44,24,103,36,31,21,15,28,10,8,6,4,45,13,13,10,9,30,13,10,5,2
S01012249,276,88,70,71,47,160,47,39,47,27,116,41,31,24,20,43,18,7,11,7,39,10,15,8,6,34,13,9,5,7
S01012250,218,55,68,66,29,146,35,42,48,21,72,20,26,18,8,22,9,6,5,2,31,5,13,10,3,19,6,7,3,3
S01012251,317,47,76,89,105,197,25,41,62,69,120,22,35,27,36,41,6,9,8,18,46,9,18,10,9,33,7,8,9,9
S01012252,243,40,55,67,81,138,17,32,35,54,105,23,23,32,27,39,9,7,12,11,38,7,11,10,10,28,7,5,10,6
S01012253,333,67,82,86,98,276,48,71,75,82,57,19,11,11,16,16,5,1,3,7,16,6,3,3,4,25,8,7,5,5
S01012254,275,74,78,72,51,179,37,60,47,35,96,37,18,25,16,37,17,6,10,4,35,12,6,12,5,24,8,6,3,7
S01012255,281,86,74,59,62,209,60,55,44,50,72,26,19,15,12,35,9,9,10,7,20,12,4,3,1,17,5,6,2,4
S01012256,250,74,88,48,40,112,33,37,21,21,138,41,51,27,19,55,12,22,10,11,43,12,17,11,3,40,17,12,6,5
S01012257,280,57,75,76,72,170,29,52,42,47,110,28,23,34,25,37,11,5,11,10,35,9,9,12,5,38,8,9,11,10
S01012258,201,92,72,16,21,101,37,38,10,16,100,55,34,6,5,30,16,9,3,2,38,18,15,2,3,32,21,10,1,0
S01012259,145,70,43,21,11,88,39,28,14,7,57,31,15,7,4,13,9,3,1,0,21,13,4,3,1,23,9,8,3,3
S01012260,229,63,56,57,53,122,22,29,36,35,107,41,27,21,18,38,15,10,6,7,38,13,12,9,4,31,13,5,6,7
S01012261,253,96,94,35,28,108,38,38,17,15,145,58,56,18,13,48,24,14,8,2,58,19,25,5,9,39,15,17,5,2
S01012262,265,81,78,56,50,179,51,55,36,37,86,30,23,20,13,29,11,11,5,2,38,17,4,9,8,19,2,8,6,3
S01012263,279,30,73,77,99,198,23,52,58,65,81,7,21,19,34,37,3,10,9,15,19,0,6,4,9,25,4,5,6,10
S01012264,148,40,46,25,37,93,22,31,18,22,55,18,15,7,15,21,10,3,2,6,21,7,5,2,7,13,1,7,3,2
S01012265,243,21,59,64,99,143,13,36,32,62,100,8,23,32,37,46,1,11,18,16,29,4,5,9,11,25,3,7,5,10
S01012266,337,68,106,100,63,229,39,76,70,44,108,29,30,30,19,50,14,11,18,7,26,8,6,6,6,32,7,13,6,6
S01012267,228,68,74,49,37,155,35,56,37,27,73,33,18,12,10,24,10,6,4,4,26,16,3,5,2,23,7,9,3,4
S01012268,199,57,54,57,31,123,34,35,29,25,76,23,19,28,6,20,7,6,5,2,30,8,7,13,2,26,8,6,10,2
S01012269,282,53,89,75,65,176,28,59,42,47,106,25,30,33,18,42,10,10,11,11,33,7,9,12,5,31,8,11,10,2
S01012270,247,33,64,65,85,148,9,52,36,51,99,24,12,29,34,30,8,3,6,13,38,8,4,15,11,31,8,5,8,10
S01012271,335,84,102,96,53,212,48,73,57,34,123,36,29,39,19,47,16,10,12,9,45,13,15,13,4,31,7,4,14,6
S01012272,228,76,88,34,30,136,37,60,21,18,92,39,28,13,12,27,10,9,6,2,34,17,7,4,6,31,12,12,3,4
S01012273,198,57,77,32,32,126,38,51,19,18,72,19,26,13,14,27,9,5,7,6,18,5,7,3,3,27,5,14,3,5
S01012274,352,55,109,79,109,248,35,74,62,77,104,20,35,17,32,45,12,15,7,11,30,6,12,5,7,29,2,8,5,14
S01012275,379,34,149,84,112,312,25,129,69,89,67,9,20,15,23,35,1,12,9,13,20,5,4,3,8,12,3,4,3,2
S01012276,362,68,115,77,102,270,50,86,52,82,92,18,29,25,20,41,10,10,10,11,25,5,7,8,5,26,3,12,7,4
S01012277,391,43,138,93,117,256,33,90,53,80,135,10,48,40,37,66,7,20,19,20,36,3,15,10,8,33,0,13,11,9
S01012278,290,47,94,60,89,240,35,79,45,81,50,12,15,15,8,19,2,5,10,2,12,5,3,2,2,19,5,7,3,4
S01012279,343,41,123,73,106,247,30,98,55,64,96,11,25,18,42,39,2,11,7,19,32,2,10,8,12,25,7,4,3,11
S01012280,317,27,96,76,118,200,12,62,49,77,117,15,34,27,41,36,5,10,11,10,33,4,7,8,14,48,6,17,8,17
S01012281,266,27,87,86,66,207,24,75,62,46,59,3,12,24,20,20,1,2,8,9,23,0,7,8,8,16,2,3,8,3
S01012282,264,61,100,54,49,170,32,69,33,36,94,29,31,21,13,31,11,10,5,5,35,11,12,8,4,28,7,9,8,4
S01012283,280,70,87,46,77,165,37,48,23,57,115,33,39,23,20,39,11,15,8,5,32,10,9,5,8,44,12,15,10,7
S01012284,296,32,92,64,108,227,23,74,49,81,69,9,18,15,27,31,1,8,8,14,20,5,8,3,4,18,3,2,4,9
S01012285,165,37,49,43,36,125,30,34,31,30,40,7,15,12,6,9,1,3,2,3,11,5,3,3,0,20,1,9,7,3
S01012286,381,34,116,81,150,260,25,92,52,91,121,9,24,29,59,45,4,12,7,22,48,4,5,15,24,28,1,7,7,13
S01012287,373,14,76,77,206,219,13,49,43,114,154,1,27,34,92,83,0,16,17,50,37,0,5,9,23,34,1,6,8,19
S01012288,286,10,61,61,154,195,7,36,49,103,91,3,25,12,51,31,1,7,5,18,38,2,15,4,17,22,0,3,3,16
S01012289,241,99,79,36,27,163,60,54,25,24,78,39,25,11,3,17,9,3,5,0,24,11,10,2,1,37,19,12,4,2
S01012290,175,29,52,42,52,102,12,29,23,38,73,17,23,19,14,18,3,4,7,4,32,6,16,4,6,23,8,3,8,4
S01012291,333,97,113,62,61,196,52,75,32,37,137,45,38,30,24,50,14,17,11,8,55,22,14,13,6,32,9,7,6,10
S01012292,176,79,56,20,21,103,40,39,14,10,73,39,17,6,11,29,15,5,4,5,27,18,6,2,1,17,6,6,0,5
S01012293,152,35,45,36,36,94,24,25,23,22,58,11,20,13,14,22,3,7,6,6,19,1,7,6,5,17,7,6,1,3
S01012294,297,33,106,67,91,178,20,60,30,68,119,13,46,37,23,36,4,13,11,8,39,6,10,16,7,44,3,23,10,8
S01012295,255,55,93,56,51,133,31,50,21,31,122,24,43,35,20,51,10,22,13,6,40,9,10,12,9,31,5,11,10,5
S01012296,284,88,99,56,41,140,39,49,26,26,144,49,50,30,15,65,25,24,10,6,52,17,16,14,5,27,7,10,6,4
S01012297,185,57,50,53,25,121,33,34,34,20,64,24,16,19,5,17,8,2,5,2,36,10,10,13,3,11,6,4,1,0
S01012298,248,65,80,67,36,165,40,56,46,23,83,25,24,21,13,39,12,11,10,6,20,7,5,5,3,24,6,8,6,4
S01012299,200,65,49,56,30,122,33,32,36,21,78,32,17,20,9,21,9,3,5,4,31,10,6,12,3,26,13,8,3,2
S01012300,199,32,60,56,51,122,16,45,31,30,77,16,15,25,21,20,4,4,8,4,38,8,4,13,13,19,4,7,4,4
S01012301,298,64,81,92,61,196,41,58,54,43,102,23,23,38,18,24,8,3,9,4,45,9,12,14,10,33,6,8,15,4
S01012302,191,31,55,56,49,130,22,41,31,36,61,9,14,25,13,14,1,4,8,1,31,6,6,12,7,16,2,4,5,5
S01012303,265,77,68,67,53,163,40,46,38,39,102,37,22,29,14,37,10,8,13,6,33,13,5,9,6,32,14,9,7,2
S01012304,293,62,68,90,73,186,35,38,57,56,107,27,30,33,17,33,7,10,8,8,49,17,12,15,5,25,3,8,10,4
S01012305,207,35,68,49,55,134,20,40,34,40,73,15,28,15,15,16,1,3,8,4,29,8,14,3,4,28,6,11,4,7
S01012306,174,23,32,52,67,112,16,24,35,37,62,7,8,17,30,26,1,4,8,13,22,6,1,6,9,14,0,3,3,8
S01012307,225,34,53,63,75,164,21,35,47,61,61,13,18,16,14,24,6,6,7,5,15,3,4,3,5,22,4,8,6,4
S01012308,241,37,56,84,64,134,22,32,45,35,107,15,24,39,29,41,2,10,20,9,37,8,9,8,12,29,5,5,11,8
S01012309,153,31,42,39,41,108,24,26,28,30,45,7,16,11,11,14,2,6,2,4,19,2,9,4,4,12,3,1,5,3
S01012310,286,55,81,73,77,210,39,61,50,60,76,16,20,23,17,28,5,8,10,5,22,6,6,8,2,26,5,6,5,10
S01012311,147,31,48,33,35,96,20,31,22,23,51,11,17,11,12,13,2,5,2,4,18,5,6,4,3,20,4,6,5,5
S01012312,307,50,84,102,71,212,33,60,69,50,95,17,24,33,21,34,7,9,11,7,26,5,6,8,7,35,5,9,14,7
S01012313,246,43,61,86,56,164,26,41,57,40,82,17,20,29,16,25,9,3,9,4,32,6,8,10,8,25,2,9,10,4
S01012314,241,17,43,77,104,129,9,26,37,57,112,8,17,40,47,45,5,5,15,20,38,3,5,12,18,29,0,7,13,9
S01012315,245,23,58,64,100,201,21,42,54,84,44,2,16,10,16,17,0,5,5,7,15,1,5,4,5,12,1,6,1,4
S01012316,206,18,35,65,88,142,16,24,52,50,64,2,11,13,38,37,1,6,5,25,15,1,2,4,8,12,0,3,4,5
S01012317,150,21,52,45,32,63,8,25,20,10,87,13,27,25,22,38,4,13,6,15,27,4,7,12,4,22,5,7,7,3
S01012318,259,20,42,90,107,155,14,27,52,62,104,6,15,38,45,42,2,5,19,16,29,1,4,7,17,33,3,6,12,12
S01012319,244,45,58,70,71,165,27,44,43,51,79,18,14,27,20,19,4,5,8,2,27,6,4,9,8,33,8,5,10,10
S01012320,190,12,32,61,85,95,6,18,39,32,95,6,14,22,53,36,2,6,10,18,29,3,5,8,13,30,1,3,4,22
S01012321,222,32,63,58,69,131,15,38,36,42,91,17,25,22,27,41,5,12,13,11,28,6,5,7,10,22,6,8,2,6
S01012322,296,68,91,77,60,192,46,61,45,40,104,22,30,32,20,27,7,10,6,4,39,9,12,10,8,38,6,8,16,8
S01012323,254,58,72,74,50,184,40,57,53,34,70,18,15,21,16,16,5,5,2,4,27,6,4,10,7,27,7,6,9,5
S01012324,245,48,67,80,50,171,24,55,53,39,74,24,12,27,11,22,6,5,7,4,25,10,3,11,1,27,8,4,9,6
S01012325,143,21,33,32,57,98,13,21,21,43,45,8,12,11,14,14,2,4,6,2,13,3,2,4,4,18,3,6,1,8
S01012326,195,22,49,56,68,155,21,36,40,58,40,1,13,16,10,15,0,4,6,5,13,1,5,4,3,12,0,4,6,2
S01012327,226,23,43,88,72,131,13,25,56,37,95,10,18,32,35,33,1,8,10,14,32,5,6,11,10,30,4,4,11,11
S01012328,145,29,46,43,27,113,24,38,33,18,32,5,8,10,9,13,1,4,4,4,9,2,3,1,3,10,2,1,5,2
S01012329,243,49,41,95,58,159,30,32,58,39,84,19,9,37,19,29,6,5,13,5,32,7,4,15,6,23,6,0,9,8
S01012330,173,39,49,50,35,118,27,33,32,26,55,12,16,18,9,18,3,5,5,5,18,4,5,7,2,19,5,6,6,2
S01012331,202,46,68,50,38,117,27,43,21,26,85,19,25,29,12,35,7,8,14,6,32,9,11,8,4,18,3,6,7,2
S01012332,299,57,83,110,49,195,39,55,71,30,104,18,28,39,19,34,9,4,16,5,31,5,9,10,7,39,4,15,13,7
S01012333,301,52,86,92,71,196,36,64,55,41,105,16,22,37,30,42,6,4,18,14,32,6,8,8,10,31,4,10,11,6
S01012334,231,20,44,85,82,134,11,30,53,40,97,9,14,32,42,33,5,4,10,14,34,2,6,12,14,30,2,4,10,14
S01012335,316,40,89,103,84,189,25,58,48,58,127,15,31,55,26,43,1,9,25,8,43,8,10,15,10,41,6,12,15,8
S01012336,157,9,29,59,60,92,3,17,31,41,65,6,12,28,19,18,3,2,9,4,24,1,4,9,10,23,2,6,10,5
S01012337,280,25,56,86,113,194,17,42,56,79,86,8,14,30,34,35,3,4,8,20,28,2,4,13,9,23,3,6,9,5
S01012338,236,49,62,57,68,183,38,47,44,54,53,11,15,13,14,13,0,4,6,3,23,8,7,4,4,17,3,4,3,7
S01012339,223,42,56,52,73,178,38,45,45,50,45,4,11,7,23,23,1,5,5,12,10,0,4,0,6,12,3,2,2,5
S01012340,303,51,83,72,97,179,30,59,46,44,124,21,24,26,53,46,5,7,12,22,43,6,7,9,21,35,10,10,5,10
S01012341,300,61,77,106,56,203,44,55,62,42,97,17,22,44,14,32,5,9,15,3,31,6,5,13,7,34,6,8,16,4
S01012342,262,47,70,85,60,167,31,40,48,48,95,16,30,37,12,31,7,10,13,1,33,6,6,16,5,31,3,14,8,6
S01012343,323,64,88,104,67,224,46,66,66,46,99,18,22,38,21,29,7,7,9,6,38,6,9,19,4,32,5,6,10,11
S01012344,223,20,59,66,78,157,14,39,50,54,66,6,20,16,24,26,2,6,9,9,20,1,3,7,9,20,3,11,0,6
S01012345,225,27,77,70,51,142,14,48,44,36,83,13,29,26,15,24,4,5,8,7,38,6,16,9,7,21,3,8,9,1
S01012346,252,60,69,75,48,178,41,56,44,37,74,19,13,31,11,28,7,4,12,5,25,5,5,11,4,21,7,4,8,2
S01012347,223,45,71,57,50,141,28,43,35,35,82,17,28,22,15,28,5,12,8,3,34,7,8,11,8,20,5,8,3,4
S01012348,205,64,63,40,38,118,38,29,23,28,87,26,34,17,10,30,8,12,6,4,27,11,9,4,3,30,7,13,7,3
S01012349,268,19,47,83,119,157,12,25,45,75,111,7,22,38,44,36,1,6,13,16,33,4,4,11,14,42,2,12,14,14
S01012350,214,28,58,59,69,123,22,31,31,39,91,6,27,28,30,35,2,7,10,16,27,1,10,11,5,29,3,10,7,9
S01012351,266,27,62,88,89,145,17,31,42,55,121,10,31,46,34,36,3,5,11,17,44,3,12,22,7,41,4,14,13,10
S01012352,232,35,59,70,68,146,19,40,45,42,86,16,19,25,26,27,7,5,7,8,24,3,3,9,9,35,6,11,9,9
S01012353,304,45,88,76,95,244,40,68,60,76,60,5,20,16,19,26,1,6,8,11,16,1,6,5,4,18,3,8,3,4
S01012354,212,23,56,68,65,143,16,37,48,42,69,7,19,20,23,23,2,4,10,7,22,2,6,6,8,24,3,9,4,8
S01012355,274,59,67,81,67,195,46,53,53,43,79,13,14,28,24,19,4,3,6,6,29,4,5,10,10,31,5,6,12,8
S01012356,197,40,49,65,43,135,29,34,41,31,62,11,15,24,12,22,3,5,9,5,28,7,7,11,3,12,1,3,4,4
S01012357,238,57,66,66,49,175,40,53,47,35,63,17,13,19,14,19,6,2,7,4,25,5,8,9,3,19,6,3,3,7
S01012358,232,44,63,77,48,171,30,51,51,39,61,14,12,26,9,19,6,4,6,3,20,3,4,10,3,22,5,4,10,3
S01012359,264,10,51,68,135,158,8,29,34,87,106,2,22,34,48,40,2,9,15,14,40,0,7,11,22,26,0,6,8,12
S01012360,263,15,40,71,137,139,8,20,45,66,124,7,20,26,71,51,4,7,8,32,40,2,11,9,18,33,1,2,9,21
S01012361,212,14,25,54,119,125,11,12,39,63,87,3,13,15,56,30,1,4,5,20,35,0,5,7,23,22,2,4,3,13
S01012362,260,10,45,53,152,112,4,18,25,65,148,6,27,28,87,70,2,6,12,50,41,2,11,7,21,37,2,10,9,16
S01012363,398,35,100,93,170,315,30,75,78,132,83,5,25,15,38,39,3,8,10,18,23,2,8,2,11,21,0,9,3,9
S01012364,256,24,69,67,96,208,17,53,53,85,48,7,16,14,11,24,2,9,6,7,9,2,0,4,3,15,3,7,4,1
S01012365,301,39,78,95,89,204,28,51,50,75,97,11,27,45,14,38,5,9,17,7,30,3,10,11,6,29,3,8,17,1
S01012366,331,42,88,72,129,264,35,70,54,105,67,7,18,18,24,25,1,7,9,8,19,1,5,4,9,23,5,6,5,7
S01012367,262,34,84,74,70,174,27,50,47,50,88,7,34,27,20,21,0,9,4,8,36,5,10,12,9,31,2,15,11,3
S01012368,165,37,44,37,47,118,25,30,26,37,47,12,14,11,10,8,1,2,2,3,24,7,7,6,4,15,4,5,3,3
S01012369,251,37,70,74,70,147,21,39,39,48,104,16,31,35,22,26,2,6,12,6,41,10,8,11,12,37,4,17,12,4
S01012370,326,32,84,85,125,239,21,51,65,102,87,11,33,20,23,36,5,14,8,9,31,3,10,6,12,20,3,9,6,2
S01012371,339,26,82,85,146,249,21,61,61,106,90,5,21,24,40,32,1,6,12,13,33,3,8,7,15,25,1,7,5,12
S01012372,293,25,72,66,130,232,20,58,52,102,61,5,14,14,28,24,4,3,3,14,19,1,4,5,9,18,0,7,6,5
S01012373,330,37,90,76,127,234,28,64,44,98,96,9,26,32,29,29,4,4,8,13,36,3,13,12,8,31,2,9,12,8
S01012374,285,23,75,80,107,156,16,44,40,56,129,7,31,40,51,35,1,8,13,13,56,6,13,13,24,38,0,10,14,14
S01012375,298,17,67,65,149,174,12,42,36,84,124,5,25,29,65,54,2,9,14,29,38,1,8,8,21,32,2,8,7,15
S01012376,293,79,80,83,51,182,43,51,55,33,111,36,29,28,18,36,10,6,9,11,37,12,14,6,5,38,14,9,13,2
S01012377,226,62,76,44,44,161,47,54,28,32,65,15,22,16,12,26,9,7,6,4,20,2,7,5,6,19,4,8,5,2
S01012378,177,31,49,56,41,120,15,41,38,26,57,16,8,18,15,19,4,3,5,7,14,7,1,4,2,24,5,4,9,6
S01012379,154,39,47,41,27,103,27,28,30,18,51,12,19,11,9,22,1,10,7,4,17,7,5,1,4,12,4,4,3,1
S01012380,329,43,100,70,116,222,28,70,43,81,107,15,30,27,35,37,7,11,8,11,32,3,5,11,13,38,5,14,8,11
S01012381,257,32,75,66,84,168,22,50,40,56,89,10,25,26,28,32,4,8,9,11,22,4,7,4,7,35,2,10,13,10
S01012382,299,57,112,71,59,200,44,70,44,42,99,13,42,27,17,32,4,9,12,7,35,6,15,7,7,32,3,18,8,3
S01012383,263,51,66,78,68,186,41,45,48,52,77,10,21,30,16,28,2,7,15,4,22,3,8,5,6,27,5,6,10,6
S01012384,184,35,57,46,46,131,25,42,30,34,53,10,15,16,12,29,6,8,9,6,14,2,4,3,5,10,2,3,4,1
S01012385,264,51,94,62,57,193,35,68,46,44,71,16,26,16,13,20,3,6,4,7,29,8,11,6,4,22,5,9,6,2
S01012386,340,25,89,93,133,198,14,50,55,79,142,11,39,38,54,52,1,15,13,23,59,8,17,14,20,31,2,7,11,11
S01012387,298,47,79,109,63,193,31,45,70,47,105,16,34,39,16,36,4,10,17,5,40,7,12,13,8,29,5,12,9,3
S01012388,231,64,65,71,31,157,40,48,45,24,74,24,17,26,7,26,6,5,10,5,26,9,7,9,1,22,9,5,7,1
S01012389,279,51,79,91,58,150,22,41,48,39,129,29,38,43,19,51,10,12,22,7,45,16,12,12,5,33,3,14,9,7
S01012390,233,45,58,86,44,143,30,34,48,31,90,15,24,38,13,34,4,10,16,4,24,7,6,8,3,32,4,8,14,6
S01012391,340,82,108,101,49,163,32,57,45,29,177,50,51,56,20,72,16,22,26,8,69,24,18,18,9,36,10,11,12,3
S01012392,264,51,66,80,67,156,28,39,42,47,108,23,27,38,20,52,7,11,27,7,33,9,12,5,7,23,7,4,6,6
S01012393,292,60,79,93,60,193,39,52,56,46,99,21,27,37,14,30,4,7,15,4,43,11,10,15,7,26,6,10,7,3
S01012394,225,25,56,46,98,127,17,31,26,53,98,8,25,20,45,48,2,11,10,25,22,3,4,4,11,28,3,10,6,9
S01012395,191,24,54,61,52,129,16,36,39,38,62,8,18,22,14,21,3,10,4,4,25,3,6,10,6,16,2,2,8,4
S01012396,222,27,56,74,65,149,18,41,42,48,73,9,15,32,17,32,4,8,13,7,27,0,6,13,8,14,5,1,6,2
S01012397,268,59,70,59,80,196,35,53,43,65,72,24,17,16,15,24,7,4,6,7,26,13,5,4,4,22,4,8,6,4
S01012398,328,62,93,96,77,252,46,72,70,64,76,16,21,26,13,27,4,8,13,2,22,6,6,6,4,27,6,7,7,7
S01012399,199,18,46,56,79,119,7,29,32,51,80,11,17,24,28,28,5,3,8,12,28,2,8,8,10,24,4,6,8,6
S01012400,218,19,46,71,82,154,14,31,49,60,64,5,15,22,22,24,2,4,6,12,21,2,4,8,7,19,1,7,8,3
S01012401,330,34,73,105,118,256,26,53,79,98,74,8,20,26,20,31,2,12,12,5,28,5,5,8,10,15,1,3,6,5
S01012402,156,22,42,61,31,88,10,23,33,22,68,12,19,28,9,30,5,7,15,3,17,3,5,6,3,21,4,7,7,3
S01012403,332,73,76,106,77,217,53,48,65,51,115,20,28,41,26,46,6,8,18,14,37,6,13,12,6,32,8,7,11,6
S01012404,338,51,84,118,85,233,33,58,79,63,105,18,26,39,22,37,4,9,16,8,47,9,11,18,9,21,5,6,5,5
S01012405,224,46,69,79,30,125,21,36,48,20,99,25,33,31,10,41,8,12,20,1,31,10,14,4,3,27,7,7,7,6
S01012406,192,37,43,71,41,116,21,24,47,24,76,16,19,24,17,29,7,7,8,7,25,3,6,10,6,22,6,6,6,4
S01012407,251,49,53,93,56,145,28,30,57,30,106,21,23,36,26,42,7,8,20,7,32,7,5,10,10,32,7,10,6,9
S01012408,185,28,56,71,30,103,19,31,35,18,82,9,25,36,12,29,5,6,16,2,25,2,10,10,3,28,2,9,10,7
S01012409,219,36,38,75,70,144,25,18,49,52,75,11,20,26,18,26,2,6,15,3,31,4,7,7,13,18,5,7,4,2
S01012410,342,74,85,104,79,207,45,49,64,49,135,29,36,40,30,44,10,11,13,10,53,11,15,15,12,38,8,10,12,8
S01012411,340,39,79,115,107,217,29,46,69,73,123,10,33,46,34,42,4,10,18,10,30,3,8,11,8,51,3,15,17,16
S01012412,203,34,36,84,49,133,23,21,54,35,70,11,15,30,14,29,5,5,12,7,18,4,4,7,3,23,2,6,11,4
S01012413,267,48,60,94,65,172,33,35,59,45,95,15,25,35,20,37,5,11,18,3,35,6,11,9,9,23,4,3,8,8
S01012414,220,32,48,81,59,162,27,32,58,45,58,5,16,23,14,30,3,11,10,6,14,1,2,7,4,14,1,3,6,4
S01012415,135,12,24,62,37,74,9,16,30,19,61,3,8,32,18,28,1,2,18,7,19,1,4,7,7,14,1,2,7,4
S01012416,135,24,21,51,39,84,14,12,29,29,51,10,9,22,10,23,5,4,11,3,16,2,5,6,3,12,3,0,5,4
S01012417,176,16,42,59,59,117,11,31,38,37,59,5,11,21,22,19,2,4,6,7,22,2,4,7,9,18,1,3,8,6
S01012418,222,24,58,88,52,159,20,36,63,40,63,4,22,25,12,18,3,4,6,5,28,0,9,15,4,17,1,9,4,3
S01012419,196,26,44,85,41,111,20,22,52,17,85,6,22,33,24,31,3,7,14,7,26,2,5,10,9,28,1,10,9,8
S01012420,251,14,58,75,104,143,11,27,43,62,108,3,31,32,42,35,1,8,12,14,46,0,15,15,16,27,2,8,5,12
S01012421,203,33,48,80,42,132,22,31,49,30,71,11,17,31,12,16,5,5,4,2,23,2,4,11,6,32,4,8,16,4
S01012422,272,55,78,76,63,177,38,52,47,40,95,17,26,29,23,35,4,13,9,9,33,9,7,11,6,27,4,6,9,8
S01012423,238,41,60,78,59,165,30,41,51,43,73,11,19,27,16,19,2,3,8,6,30,5,10,9,6,24,4,6,10,4
S01012424,302,18,70,68,146,185,10,43,37,95,117,8,27,31,51,47,3,12,15,17,43,2,11,13,17,27,3,4,3,17
S01012425,203,10,37,42,114,118,10,22,26,60,85,0,15,16,54,32,0,3,8,21,31,0,8,5,18,22,0,4,3,15
S01012426,175,2,31,39,103,98,1,18,21,58,77,1,13,18,45,26,0,8,4,14,33,0,3,8,22,18,1,2,6,9
S01012427,218,7,33,54,124,125,2,18,31,74,93,5,15,23,50,32,1,2,8,21,25,2,4,7,12,36,2,9,8,17
S01012428,188,13,33,65,77,107,7,23,37,40,81,6,10,28,37,31,4,3,10,14,26,1,4,11,10,24,1,3,7,13
S01012429,180,11,52,53,64,119,9,32,37,41,61,2,20,16,23,19,0,3,5,11,22,1,8,6,7,20,1,9,5,5
S01012430,177,21,50,50,56,117,14,38,27,38,60,7,12,23,18,14,3,1,5,5,24,2,5,8,9,22,2,6,10,4
S01012431,241,48,60,62,71,152,28,33,38,53,89,20,27,24,18,27,7,7,6,7,28,6,7,7,8,34,7,13,11,3
S01012432,200,25,55,43,77,133,19,33,22,59,67,6,22,21,18,19,1,4,6,8,19,1,8,6,4,29,4,10,9,6
S01012433,167,15,34,38,80,125,11,24,24,66,42,4,10,14,14,16,0,3,4,9,8,2,3,2,1,18,2,4,8,4
S01012434,234,20,59,67,88,144,13,33,38,60,90,7,26,29,28,30,1,13,10,6,30,2,4,13,11,30,4,9,6,11
S01012435,239,16,60,59,104,156,11,34,36,75,83,5,26,23,29,27,0,10,5,12,29,3,8,8,10,27,2,8,10,7
S01012436,264,18,47,83,116,156,8,31,47,70,108,10,16,36,46,45,4,7,16,18,31,2,3,11,15,32,4,6,9,13
S01012437,230,15,53,85,77,146,12,33,47,54,84,3,20,38,23,29,0,11,8,10,27,1,3,16,7,28,2,6,14,6
S01012438,210,25,56,66,63,109,11,27,34,37,101,14,29,32,26,39,4,9,14,12,33,2,13,11,7,29,8,7,7,7
S01012439,253,27,78,76,72,155,16,41,49,49,98,11,37,27,23,44,1,17,14,12,24,3,10,7,4,30,7,10,6,7
S01012440,154,29,48,50,27,105,19,34,30,22,49,10,14,20,5,15,1,7,6,1,18,3,3,10,2,16,6,4,4,2
S01012441,274,54,73,93,54,191,42,53,61,35,83,12,20,32,19,23,4,6,8,5,32,3,5,17,7,28,5,9,7,7
S01012442,313,78,101,66,68,189,48,61,43,37,124,30,40,23,31,46,9,17,9,11,40,11,12,11,6,38,10,11,3,14
S01012443,225,49,71,62,43,132,24,42,36,30,93,25,29,26,13,35,5,13,12,5,28,11,7,6,4,30,9,9,8,4
S01012444,190,56,75,37,22,119,35,48,23,13,71,21,27,14,9,23,7,10,4,2,25,8,4,8,5,23,6,13,2,2
S01012445,149,78,27,19,25,60,27,10,9,14,89,51,17,10,11,40,26,8,3,3,30,18,4,3,5,19,7,5,4,3
S01012446,171,26,51,48,46,124,24,40,28,32,47,2,11,20,14,19,2,4,7,6,13,0,1,8,4,15,0,6,5,4
S01012447,239,50,96,54,39,136,28,50,32,26,103,22,46,22,13,28,9,9,9,1,34,3,17,7,7,41,10,20,6,5
S01012448,284,61,114,66,43,149,35,53,30,31,135,26,61,36,12,41,6,19,14,2,48,13,22,7,6,46,7,20,15,4
S01012449,187,28,60,61,38,119,15,41,41,22,68,13,19,20,16,21,5,6,5,5,21,3,5,6,7,26,5,8,9,4
S01012450,239,57,77,64,41,136,26,40,38,32,103,31,37,26,9,31,11,9,9,2,30,9,14,5,2,42,11,14,12,5
S01012451,191,76,77,18,20,112,43,48,11,10,79,33,29,7,10,18,9,4,1,4,35,15,10,6,4,26,9,15,0,2
S01012452,168,39,76,29,24,106,24,47,17,18,62,15,29,12,6,22,5,12,4,1,17,3,5,4,5,23,7,12,4,0
S01012453,215,111,75,13,16,118,54,46,8,10,97,57,29,5,6,32,20,9,0,3,31,21,5,3,2,34,16,15,2,1
S01012454,154,61,54,24,15,92,36,34,16,6,62,25,20,8,9,11,4,5,1,1,25,7,8,4,6,26,14,7,3,2
S01012455,146,66,56,15,9,74,29,31,10,4,72,37,25,5,5,22,12,6,3,1,31,11,14,2,4,19,14,5,0,0
S01012456,176,84,62,21,9,95,35,42,12,6,81,49,20,9,3,25,16,5,3,1,29,18,6,4,1,27,15,9,2,1
S01012457,204,102,73,15,14,143,72,51,10,10,61,30,22,5,4,14,6,5,3,0,21,9,8,0,4,26,15,9,2,0
S01012458,192,100,57,20,15,94,47,33,8,6,98,53,24,12,9,32,18,5,4,5,31,14,12,3,2,35,21,7,5,2
S01012459,205,56,74,47,28,100,27,36,25,12,105,29,38,22,16,39,9,12,11,7,27,9,10,4,4,39,11,16,7,5
S01012460,131,42,53,23,13,84,24,33,16,11,47,18,20,7,2,11,2,5,3,1,20,10,6,4,0,16,6,9,0,1
S01012461,166,23,50,45,48,104,16,25,33,30,62,7,25,12,18,20,1,8,3,8,25,3,11,4,7,17,3,6,5,3
S01012462,262,18,74,64,106,172,13,42,41,76,90,5,32,23,30,33,2,11,7,13,29,2,15,5,7,28,1,6,11,10
S01012463,196,12,49,57,78,125,8,37,32,48,71,4,12,25,30,33,1,4,13,15,16,1,3,5,7,22,2,5,7,8
S01012464,221,13,62,63,83,136,9,33,45,49,85,4,29,18,34,29,1,10,7,11,33,3,13,8,9,23,0,6,3,14
S01012465,223,11,60,59,93,133,6,36,40,51,90,5,24,19,42,38,3,6,9,20,27,2,9,6,10,25,0,9,4,12
S01012466,223,47,80,38,58,146,27,52,27,40,77,20,28,11,18,28,5,13,2,8,29,12,8,5,4,20,3,7,4,6
S01012467,216,28,86,48,54,123,15,49,26,33,93,13,37,22,21,28,6,10,7,5,41,4,16,11,10,24,3,11,4,6
S01012468,216,29,65,74,48,123,13,34,47,29,93,16,31,27,19,36,7,11,10,8,32,6,8,10,8,25,3,12,7,3
S01012469,204,98,69,24,13,126,57,44,12,13,78,41,25,12,0,26,13,10,3,0,30,16,8,6,0,22,12,7,3,0
S01012470,313,38,87,80,108,212,24,56,56,76,101,14,31,24,32,38,1,15,6,16,27,4,7,7,9,36,9,9,11,7
S01012471,203,92,72,27,12,120,55,45,14,6,83,37,27,13,6,19,7,7,4,1,31,15,11,3,2,33,15,9,6,3
S01012472,165,54,63,25,23,94,32,35,12,15,71,22,28,13,8,18,8,5,5,0,24,7,10,4,3,29,7,13,4,5
S01012473,146,43,53,33,17,82,20,33,19,10,64,23,20,14,7,13,2,6,3,2,26,12,5,6,3,25,9,9,5,2
S01012474,215,46,72,37,60,158,30,55,22,51,57,16,17,15,9,17,3,6,5,3,19,5,7,4,3,21,8,4,6,3
S01012475,172,56,55,27,34,116,33,37,17,29,56,23,18,10,5,19,12,5,1,1,19,3,9,5,2,18,8,4,4,2
S01012476,285,27,95,75,88,163,17,55,38,53,122,10,40,37,35,47,4,14,19,10,41,4,13,7,17,34,2,13,11,8
S01012477,202,48,77,44,33,125,32,46,24,23,77,16,31,20,10,22,4,11,4,3,23,7,7,7,2,32,5,13,9,5
S01012478,252,26,82,69,75,146,20,46,37,43,106,6,36,32,32,36,1,13,7,15,39,3,14,13,9,31,2,9,12,8
S01012479,205,52,72,54,27,115,37,41,24,13,90,15,31,30,14,24,3,8,9,4,36,7,13,9,7,30,5,10,12,3
S01012480,273,70,99,40,64,241,63,83,39,56,32,7,16,1,8,13,3,4,0,6,10,3,5,0,2,9,1,7,1,0
S01012481,330,68,106,61,95,268,53,85,49,81,62,15,21,12,14,28,5,10,5,8,17,4,8,2,3,17,6,3,5,3
S01012482,215,49,88,27,51,169,34,69,23,43,46,15,19,4,8,20,5,10,3,2,12,3,5,1,3,14,7,4,0,3
S01012483,406,50,110,88,158,348,36,97,76,139,58,14,13,12,19,26,8,3,6,9,11,3,1,4,3,21,3,9,2,7
S01012484,248,101,79,32,36,162,58,52,23,29,86,43,27,9,7,33,14,12,5,2,32,22,8,2,0,21,7,7,2,5
S01012485,256,116,76,34,30,178,85,51,21,21,78,31,25,13,9,26,10,7,3,6,28,15,8,2,3,24,6,10,8,0
S01012486,117,52,41,9,15,75,36,28,5,6,42,16,13,4,9,13,4,5,2,2,15,7,5,0,3,14,5,3,2,4
S01012487,231,20,82,52,77,168,13,63,34,58,63,7,19,18,19,27,4,8,9,6,17,0,7,6,4,19,3,4,3,9
S01012488,320,38,108,80,94,244,31,85,54,74,76,7,23,26,20,32,1,12,9,10,21,3,7,6,5,23,3,4,11,5
S01012489,473,21,114,101,237,336,17,86,85,148,137,4,28,16,89,70,3,13,7,47,35,0,11,5,19,32,1,4,4,23
S01012490,461,45,108,103,205,368,40,86,92,150,93,5,22,11,55,45,2,11,7,25,31,2,7,2,20,17,1,4,2,10
S01012491,210,8,30,40,132,150,7,22,28,93,60,1,8,12,39,32,0,2,6,24,14,0,3,3,8,14,1,3,3,7
S01012492,374,18,82,75,199,308,14,72,60,162,66,4,10,15,37,33,3,5,7,18,10,0,4,0,6,23,1,1,8,13
S01012493,202,33,70,43,56,167,29,51,38,49,35,4,19,5,7,7,0,4,1,2,15,3,8,2,2,13,1,7,2,3
S01012494,250,22,72,72,84,145,13,40,41,51,105,9,32,31,33,29,4,5,11,9,36,2,13,8,13,40,3,14,12,11
S01012495,356,21,109,86,140,236,15,74,53,94,120,6,35,33,46,46,1,13,12,20,36,0,13,11,12,38,5,9,10,14
S01012496,210,11,47,48,104,130,7,30,34,59,80,4,17,14,45,29,1,8,7,13,22,2,4,4,12,29,1,5,3,20
S01012497,164,4,30,49,81,115,4,22,33,56,49,0,8,16,25,12,0,3,4,5,15,0,3,4,8,22,0,2,8,12
S01012498,274,8,45,63,158,146,4,22,28,92,128,4,23,35,66,51,1,7,6,37,45,1,12,14,18,32,2,4,15,11
S01012499,233,17,47,57,112,118,12,22,34,50,115,5,25,23,62,50,3,10,9,28,38,1,10,9,18,27,1,5,5,16
S01012500,176,4,36,42,94,113,4,22,33,54,63,0,14,9,40,22,0,2,7,13,22,0,6,1,15,19,0,6,1,12
S01012501,216,10,29,45,132,112,5,14,31,62,104,5,15,14,70,47,1,6,5,35,28,3,5,4,16,29,1,4,5,19
S01012502,309,8,55,57,189,163,6,24,27,106,146,2,31,30,83,69,0,11,18,40,50,2,11,10,27,27,0,9,2,16
S01012503,217,8,38,48,123,138,3,24,35,76,79,5,14,13,47,29,0,2,6,21,27,2,6,2,17,23,3,6,5,9
S01012504,214,10,48,50,106,116,6,30,21,59,98,4,18,29,47,43,2,8,16,17,30,1,5,8,16,25,1,5,5,14
S01012505,373,22,88,90,173,258,15,58,64,121,115,7,30,26,52,51,1,9,9,32,45,2,16,12,15,19,4,5,5,5
S01012506,148,31,43,29,45,100,20,28,17,35,48,11,15,12,10,11,2,3,2,4,16,2,4,7,3,21,7,8,3,3
S01012507,331,34,109,73,115,232,22,76,46,88,99,12,33,27,27,43,6,14,13,10,33,2,15,7,9,23,4,4,7,8
S01012508,283,43,84,66,90,202,28,58,49,67,81,15,26,17,23,31,9,11,6,5,24,3,9,5,7,26,3,6,6,11
S01012509,165,36,55,39,35,110,21,40,22,27,55,15,15,17,8,23,5,8,6,4,16,7,4,4,1,16,3,3,7,3
S01012510,287,37,100,77,73,171,22,59,46,44,116,15,41,31,29,41,3,15,12,11,49,8,15,14,12,26,4,11,5,6
S01012511,232,29,84,46,73,174,22,59,28,65,58,7,25,18,8,24,3,9,10,2,10,2,5,1,2,24,2,11,7,4
S01012512,222,42,50,42,88,122,19,29,23,51,100,23,21,19,37,41,10,6,7,18,38,9,8,7,14,21,4,7,5,5
S01012513,182,46,71,35,30,106,28,46,14,18,76,18,25,21,12,25,7,9,6,3,34,5,11,11,7,17,6,5,4,2
S01012514,359,93,138,78,50,178,49,67,40,22,181,44,71,38,28,72,18,29,13,12,64,18,26,12,8,45,8,16,13,8
S01012515,197,17,55,46,79,138,13,37,32,56,59,4,18,14,23,18,0,4,4,10,20,3,7,5,5,21,1,7,5,8
S01012516,200,28,62,55,55,105,12,27,33,33,95,16,35,22,22,30,5,13,5,7,35,4,12,12,7,30,7,10,5,8
S01012517,309,40,108,55,106,194,19,71,33,71,115,21,37,22,35,59,8,17,10,24,30,8,8,7,7,26,5,12,5,4
S01012518,181,45,75,24,37,123,32,51,12,28,58,13,24,12,9,16,2,5,6,3,18,4,9,4,1,24,7,10,2,5
S01012519,171,34,48,42,47,126,24,38,29,35,45,10,10,13,12,21,5,6,4,6,10,3,2,3,2,14,2,2,6,4
S01012520,205,91,56,33,25,133,55,35,24,19,72,36,21,9,6,30,13,9,4,4,17,10,4,3,0,25,13,8,2,2
S01012521,187,53,72,31,31,141,35,59,22,25,46,18,13,9,6,13,4,4,2,3,21,6,9,5,1,12,8,0,2,2
S01012522,227,69,86,47,25,142,46,57,21,18,85,23,29,26,7,26,8,9,9,0,27,8,10,6,3,32,7,10,11,4
S01012523,244,70,83,55,36,162,37,56,39,30,82,33,27,16,6,30,13,12,4,1,25,12,5,8,0,27,8,10,4,5
S01012524,240,57,98,42,43,177,36,74,29,38,63,21,24,13,5,13,4,5,3,1,23,9,7,5,2,27,8,12,5,2
S01012525,235,58,98,49,30,167,38,72,36,21,68,20,26,13,9,21,10,6,4,1,16,3,8,3,2,31,7,12,6,6
S01012526,196,75,78,28,15,116,41,49,15,11,80,34,29,13,4,23,11,6,6,0,29,13,10,3,3,28,10,13,4,1
S01012527,170,47,48,35,40,115,31,34,22,28,55,16,14,13,12,20,6,5,4,5,18,5,3,7,3,17,5,6,2,4
S01012528,249,29,63,73,84,141,12,36,33,60,108,17,27,40,24,39,6,9,15,9,32,5,7,14,6,37,6,11,11,9
S01012529,237,41,79,56,61,153,27,60,34,32,84,14,19,22,29,35,6,7,4,18,26,4,5,10,7,23,4,7,8,4
S01012530,214,38,86,55,35,139,23,60,32,24,75,15,26,23,11,27,6,7,9,5,25,8,7,7,3,23,1,12,7,3
S01012531,242,60,79,57,46,141,36,45,32,28,101,24,34,25,18,42,10,12,11,9,32,7,14,6,5,27,7,8,8,4
S01012532,243,34,83,72,54,150,17,57,43,33,93,17,26,29,21,32,3,8,15,6,26,5,8,6,7,35,9,10,8,8
S01012533,182,40,72,39,31,139,32,52,33,22,43,8,20,6,9,14,1,6,2,5,16,4,7,3,2,13,3,7,1,2
S01012534,189,25,61,46,57,130,17,47,28,38,59,8,14,18,19,22,6,3,5,8,20,2,4,6,8,17,0,7,7,3
S01012535,254,19,69,73,93,146,11,41,34,60,108,8,28,39,33,41,2,10,14,15,28,2,4,15,7,39,4,14,10,11
S01012536,232,19,61,67,85,138,14,34,45,45,94,5,27,22,40,38,2,13,9,14,23,0,7,5,11,33,3,7,8,15
S01012537,218,7,66,64,81,142,2,49,37,54,76,5,17,27,27,35,1,6,13,15,21,1,5,8,7,20,3,6,6,5
S01012538,343,29,103,96,115,186,13,61,54,58,157,16,42,42,57,67,3,23,20,21,45,6,9,10,20,45,7,10,12,16
S01012539,218,17,63,71,67,140,12,38,46,44,78,5,25,25,23,25,3,6,6,10,39,2,15,11,11,14,0,4,8,2
S01012540,212,13,35,62,102,121,6,21,35,59,91,7,14,27,43,35,5,3,11,16,30,2,6,9,13,26,0,5,7,14
S01012541,332,44,87,121,80,201,31,55,67,48,131,13,32,54,32,43,3,12,16,12,45,3,11,18,13,43,7,9,20,7
S01012542,241,57,84,59,41,140,36,44,34,26,101,21,40,25,15,37,10,15,7,5,24,6,11,5,2,40,5,14,13,8
S01012543,215,64,64,48,39,124,41,34,26,23,91,23,30,22,16,27,6,12,4,5,31,8,10,7,6,33,9,8,11,5
S01012544,260,51,87,61,61,146,25,46,39,36,114,26,41,22,25,41,14,11,7,9,50,11,20,9,10,23,1,10,6,6
S01012545,145,23,39,38,45,82,14,22,21,25,63,9,17,17,20,27,3,5,11,8,16,1,7,1,7,20,5,5,5,5
S01012546,242,30,81,67,64,130,13,47,35,35,112,17,34,32,29,41,6,15,11,9,28,5,6,10,7,43,6,13,11,13
S01012547,191,66,56,32,37,117,40,38,16,23,74,26,18,16,14,18,9,2,5,2,27,10,7,6,4,29,7,9,5,8
S01012548,242,64,91,47,40,168,40,65,30,33,74,24,26,17,7,20,3,7,7,3,33,11,12,7,3,21,10,7,3,1
S01012549,189,15,53,53,68,116,9,29,41,37,73,6,24,12,31,38,4,15,6,13,22,1,6,5,10,13,1,3,1,8
S01012550,240,39,79,57,65,131,19,44,33,35,109,20,35,24,30,38,6,9,16,7,29,6,11,3,9,42,8,15,5,14
S01012551,223,50,100,43,30,128,29,58,24,17,95,21,42,19,13,34,4,13,9,8,28,9,12,5,2,33,8,17,5,3
S01012552,251,77,101,48,25,147,42,56,33,16,104,35,45,15,9,22,7,8,5,2,40,16,15,4,5,42,12,22,6,2
S01012553,300,84,116,57,43,172,46,71,30,25,128,38,45,27,18,53,16,16,13,8,42,11,17,9,5,33,11,12,5,5
S01012554,141,33,53,31,24,88,22,28,22,16,53,11,25,9,8,13,4,8,1,0,17,1,8,4,4,23,6,9,4,4
S01012555,166,50,63,29,24,92,23,39,13,17,74,27,24,16,7,21,6,10,2,3,19,8,7,3,1,34,13,7,11,3
S01012556,149,42,60,28,19,95,28,42,13,12,54,14,18,15,7,8,4,2,1,1,16,4,6,5,1,30,6,10,9,5
S01012557,149,58,43,23,25,88,33,26,15,14,61,25,17,8,11,14,3,4,2,5,26,13,5,4,4,21,9,8,2,2
S01012558,216,21,68,41,86,143,18,40,29,56,73,3,28,12,30,26,1,12,5,8,21,1,8,3,9,26,1,8,4,13
S01012559,286,30,94,61,101,210,24,73,41,72,76,6,21,20,29,36,2,9,9,16,24,4,7,7,6,16,0,5,4,7
S01012560,148,31,48,26,43,79,14,23,18,24,69,17,25,8,19,31,6,13,3,9,22,8,6,2,6,16,3,6,3,4
S01012561,245,42,97,49,57,149,24,63,25,37,96,18,34,24,20,30,5,11,8,6,33,5,12,9,7,33,8,11,7,7
S01012562,319,44,106,64,105,239,34,81,49,75,80,10,25,15,30,38,5,11,5,17,23,3,7,7,6,19,2,7,3,7
S01012563,142,63,52,15,12,89,37,34,10,8,53,26,18,5,4,15,8,5,0,2,12,4,6,1,1,26,14,7,4,1
S01012564,217,76,84,29,28,134,45,50,21,18,83,31,34,8,10,20,4,11,3,2,35,18,10,3,4,28,9,13,2,4
S01012565,206,81,62,30,33,132,47,38,19,28,74,34,24,11,5,23,8,7,6,2,29,15,8,4,2,22,11,9,1,1
S01012566,307,60,105,58,84,248,46,83,47,72,59,14,22,11,12,32,7,14,5,6,13,2,4,3,4,14,5,4,3,2
S01012567,410,81,116,84,129,303,63,88,67,85,107,18,28,17,44,46,7,13,8,18,31,5,7,4,15,30,6,8,5,11
S01012568,165,69,50,18,28,99,40,25,12,22,66,29,25,6,6,18,9,5,2,2,26,12,9,1,4,22,8,11,3,0
S01012569,176,83,61,20,12,111,51,38,13,9,65,32,23,7,3,14,6,5,2,1,18,9,8,1,0,33,17,10,4,2
S01012570,151,29,34,57,31,101,20,23,38,20,50,9,11,19,11,20,5,3,9,3,13,1,5,4,3,17,3,3,6,5
S01012571,269,42,62,91,74,176,25,40,60,51,93,17,22,31,23,29,7,11,8,3,34,8,4,11,11,30,2,7,12,9
S01012572,165,26,48,51,40,109,17,29,36,27,56,9,19,15,13,20,3,5,7,5,20,5,7,4,4,16,1,7,4,4
S01012573,250,82,67,64,37,159,52,47,37,23,91,30,20,27,14,36,15,5,13,3,35,12,10,8,5,20,3,5,6,6
S01012574,245,71,73,70,31,150,41,46,40,23,95,30,27,30,8,32,11,9,10,2,32,11,7,12,2,31,8,11,8,4
S01012575,202,50,59,55,38,126,31,39,31,25,76,19,20,24,13,18,5,6,4,3,29,9,8,9,3,29,5,6,11,7
S01012576,239,59,79,54,47,165,36,50,39,40,74,23,29,15,7,33,8,13,9,3,24,9,9,2,4,17,6,7,4,0
S01012577,241,51,67,73,50,143,33,41,38,31,98,18,26,35,19,34,7,13,8,6,37,5,9,16,7,27,6,4,11,6
S01012578,267,73,63,69,62,177,46,41,44,46,90,27,22,25,16,26,9,7,8,2,28,7,6,10,5,36,11,9,7,9
S01012579,228,59,51,61,57,129,34,31,33,31,99,25,20,28,26,35,6,7,11,11,39,14,9,8,8,25,5,4,9,7
S01012580,260,82,63,72,43,179,56,45,51,27,81,26,18,21,16,26,7,5,10,4,25,4,7,6,8,30,15,6,5,4
S01012581,253,20,63,79,91,154,10,43,50,51,99,10,20,29,40,44,6,4,8,26,30,1,7,14,8,25,3,9,7,6
S01012582,288,62,101,77,48,170,39,59,45,27,118,23,42,32,21,49,7,16,18,8,45,12,13,8,12,24,4,13,6,1
S01012583,241,24,66,82,69,162,16,48,54,44,79,8,18,28,25,31,4,8,9,10,23,2,6,8,7,25,2,4,11,8
S01012584,228,39,64,74,51,144,23,41,52,28,84,16,23,22,23,25,2,5,6,12,34,8,13,9,4,25,6,5,7,7
S01012585,294,23,77,94,100,187,14,45,59,69,107,9,32,35,31,29,1,11,5,12,43,3,11,17,12,35,5,10,13,7
S01012586,257,46,92,83,36,149,27,54,45,23,108,19,38,38,13,34,7,8,15,4,38,6,18,7,7,36,6,12,16,2
S01012587,256,69,80,76,31,157,37,51,48,21,99,32,29,28,10,30,11,4,11,4,35,15,14,4,2,34,6,11,13,4
S01012588,195,47,62,57,29,114,24,34,33,23,81,23,28,24,6,25,7,10,7,1,32,8,13,9,2,24,8,5,8,3
S01012589,206,14,55,71,66,124,8,30,48,38,82,6,25,23,28,23,2,4,6,11,37,2,12,10,13,22,2,9,7,4
S01012590,264,33,53,75,103,172,22,35,50,65,92,11,18,25,38,34,4,4,6,20,26,2,5,11,8,32,5,9,8,10
S01012591,235,11,49,71,104,152,8,28,51,65,83,3,21,20,39,39,0,8,8,23,30,2,8,10,10,14,1,5,2,6
S01012592,173,59,62,29,23,101,31,34,20,16,72,28,28,9,7,35,18,12,3,2,21,6,8,3,4,16,4,8,3,1
S01012593,276,71,107,60,38,162,42,70,28,22,114,29,37,32,16,41,10,13,13,5,34,10,7,9,8,39,9,17,10,3
S01012594,151,24,49,39,39,96,16,29,21,30,55,8,20,18,9,23,5,6,9,3,15,0,7,4,4,17,3,7,5,2
S01012595,209,19,72,64,54,153,14,55,44,40,56,5,17,20,14,17,1,2,8,6,19,2,8,4,5,20,2,7,8,3
S01012596,273,22,74,76,101,145,9,32,42,62,128,13,42,34,39,51,10,13,13,15,38,2,19,10,7,39,1,10,11,17
S01012597,151,32,50,44,25,73,14,23,24,12,78,18,27,20,13,48,14,14,12,8,18,1,8,5,4,12,3,5,3,1
S01012598,226,64,80,53,29,165,47,58,38,22,61,17,22,15,7,24,6,8,6,4,13,3,5,5,0,24,8,9,4,3
S01012599,225,50,82,49,44,167,36,60,38,33,58,14,22,11,11,20,5,5,4,6,23,6,8,5,4,15,3,9,2,1
S01012600,249,67,98,60,24,177,52,65,41,19,72,15,33,19,5,25,4,11,7,3,22,7,10,4,1,25,4,12,8,1
S01012601,285,73,121,58,33,167,49,68,33,17,118,24,53,25,16,36,8,15,9,4,36,5,19,7,5,46,11,19,9,7
S01012602,221,28,63,53,77,180,20,52,43,65,41,8,11,10,12,11,3,2,2,4,11,1,4,2,4,19,4,5,6,4
S01012603,234,23,74,52,85,186,16,60,37,73,48,7,14,15,12,18,3,4,5,6,10,1,3,3,3,20,3,7,7,3
S01012604,195,23,54,44,74,128,14,37,27,50,67,9,17,17,24,23,2,5,9,7,23,3,6,4,10,21,4,6,4,7
S01012605,152,16,42,39,55,88,11,24,22,31,64,5,18,17,24,21,1,3,8,9,22,2,7,3,10,21,2,8,6,5
S01012606,240,87,93,44,16,99,32,43,20,4,141,55,50,24,12,63,26,21,13,3,58,18,23,8,9,20,11,6,3,0
S01012607,244,49,74,66,55,155,34,50,42,29,89,15,24,24,26,28,6,7,6,9,23,3,7,5,8,38,6,10,13,9
S01012608,254,23,69,72,90,158,18,44,46,50,96,5,25,26,40,30,1,10,6,13,39,1,9,11,18,27,3,6,9,9
S01012609,284,17,61,88,118,178,11,36,60,71,106,6,25,28,47,40,3,5,12,20,39,2,13,9,15,27,1,7,7,12
S01012610,340,33,82,77,148,198,20,47,52,79,142,13,35,25,69,60,2,17,13,28,46,5,13,6,22,36,6,5,6,19
S01012611,253,43,88,61,61,168,31,53,41,43,85,12,35,20,18,28,3,15,6,4,19,1,8,4,6,38,8,12,10,8
S01012612,206,27,61,48,70,117,17,37,27,36,89,10,24,21,34,25,2,7,6,10,28,5,10,6,7,36,3,7,9,17
S01012613,224,23,64,66,71,143,19,44,39,41,81,4,20,27,30,24,2,5,6,11,30,2,7,9,12,27,0,8,12,7
S01012614,334,61,116,73,84,222,46,79,48,49,112,15,37,25,35,37,5,10,7,15,40,5,13,10,12,35,5,14,8,8
S01012615,205,57,82,36,30,132,30,54,26,22,73,27,28,10,8,17,6,4,5,2,32,11,14,3,4,24,10,10,2,2
S01012616,269,70,78,69,52,154,35,44,36,39,115,35,34,33,13,49,15,15,13,6,35,11,9,11,4,31,9,10,9,3
S01012617,117,30,34,41,12,74,20,21,26,7,43,10,13,15,5,15,2,8,4,1,14,3,3,6,2,14,5,2,5,2
S01012618,171,39,42,53,37,104,16,28,38,22,67,23,14,15,15,18,7,2,5,4,19,4,6,3,6,30,12,6,7,5
S01012619,198,25,54,44,75,159,20,41,33,65,39,5,13,11,10,14,2,6,4,2,11,1,3,3,4,14,2,4,4,4
S01012620,209,80,70,33,26,137,50,50,18,19,72,30,20,15,7,15,6,4,4,1,23,7,10,5,1,34,17,6,6,5
S01012621,165,39,61,29,36,119,26,45,20,28,46,13,16,9,8,17,8,4,4,1,17,2,6,4,5,12,3,6,1,2
S01012622,245,36,69,74,66,155,23,43,43,46,90,13,26,31,20,37,4,12,11,10,28,6,7,10,5,25,3,7,10,5
S01012623,233,25,54,65,89,165,20,39,40,66,68,5,15,25,23,30,3,6,12,9,16,1,3,5,7,22,1,6,8,7
S01012624,235,21,73,71,70,149,13,46,42,48,86,8,27,29,22,33,1,11,14,7,29,4,6,8,11,24,3,10,7,4
S01012625,195,19,51,57,68,139,13,34,38,54,56,6,17,19,14,27,2,7,10,8,12,2,7,3,0,17,2,3,6,6
S01012626,147,28,49,41,29,101,20,34,28,19,46,8,15,13,10,14,3,3,6,2,15,1,5,5,4,17,4,7,2,4
S01012627,189,35,51,40,63,121,15,38,30,38,68,20,13,10,25,23,4,4,4,11,22,9,5,2,6,23,7,4,4,8
S01012628,265,91,96,52,26,123,37,48,25,13,142,54,48,27,13,61,25,17,13,6,45,20,15,7,3,36,9,16,7,4
S01012629,143,55,57,20,11,83,29,36,12,6,60,26,21,8,5,17,9,3,3,2,21,8,9,3,1,22,9,9,2,2
S01012630,291,49,91,62,89,247,41,76,53,77,44,8,15,9,12,16,5,5,2,4,12,2,4,2,4,16,1,6,5,4
S01012631,347,38,98,92,119,210,22,50,61,77,137,16,48,31,42,51,3,14,14,20,47,7,17,10,13,39,6,17,7,9
S01012632,234,46,75,71,42,151,22,51,50,28,83,24,24,21,14,31,9,8,8,6,28,9,9,7,3,24,6,7,6,5
S01012633,207,62,55,46,44,134,40,35,30,29,73,22,20,16,15,23,6,3,5,9,28,10,11,7,0,22,6,6,4,6
S01012634,232,32,62,72,66,159,21,37,53,48,73,11,25,19,18,27,3,9,8,7,23,5,5,5,8,23,3,11,6,3
S01012635,315,88,95,78,54,169,47,52,41,29,146,41,43,37,25,61,14,17,18,12,42,14,13,10,5,43,13,13,9,8
S01012636,186,38,56,63,29,111,23,38,35,15,75,15,18,28,14,30,9,5,8,8,22,3,8,11,0,23,3,5,9,6
S01012637,275,13,53,87,122,154,6,28,48,72,121,7,25,39,50,47,2,10,19,16,42,5,5,13,19,32,0,10,7,15
S01012638,265,29,63,81,92,162,19,36,48,59,103,10,27,33,33,37,5,9,13,10,29,1,7,11,10,37,4,11,9,13
S01012639,252,24,49,92,87,143,9,29,53,52,109,15,20,39,35,31,7,9,9,6,50,5,5,21,19,28,3,6,9,10
S01012640,316,16,59,102,139,215,11,40,74,90,101,5,19,28,49,39,2,8,10,19,31,0,5,7,19,31,3,6,11,11
S01012641,291,28,65,92,106,178,20,39,51,68,113,8,26,41,38,35,1,10,9,15,43,2,7,18,16,35,5,9,14,7
S01012642,275,13,38,74,150,172,8,24,49,91,103,5,14,25,59,42,2,6,11,23,33,1,4,9,19,28,2,4,5,17
S01012643,145,10,27,53,55,83,5,13,35,30,62,5,14,18,25,17,3,5,5,4,21,0,3,8,10,24,2,6,5,11
S01012644,213,22,44,68,79,104,9,22,30,43,109,13,22,38,36,48,4,8,16,20,41,5,10,12,14,20,4,4,10,2
S01012645,255,46,65,78,66,165,25,40,53,47,90,21,25,25,19,32,7,12,6,7,33,7,7,11,8,25,7,6,8,4
S01012646,315,49,103,101,62,189,24,61,55,49,126,25,42,46,13,41,7,14,15,5,55,13,17,21,4,30,5,11,10,4
S01012647,259,60,94,69,36,127,24,52,35,16,132,36,42,34,20,66,24,15,15,12,46,9,18,13,6,20,3,9,6,2
S01012648,165,11,37,45,72,91,7,23,25,36,74,4,14,20,36,30,2,2,8,18,25,1,7,7,10,19,1,5,5,8
S01012649,195,33,49,54,59,107,23,29,26,29,88,10,20,28,30,32,1,6,11,14,29,4,8,6,11,27,5,6,11,5
S01012650,197,35,74,54,34,143,25,55,38,25,54,10,19,16,9,11,2,3,2,4,23,4,9,8,2,20,4,7,6,3
S01012651,228,8,47,65,108,148,7,25,43,73,80,1,22,22,35,29,0,8,6,15,31,0,6,9,16,20,1,8,7,4
S01012652,325,72,129,85,39,217,46,85,60,26,108,26,44,25,13,36,12,13,7,4,42,8,18,9,7,30,6,13,9,2
S01012653,297,30,79,77,111,171,14,53,55,49,126,16,26,22,62,46,7,8,8,23,41,7,5,7,22,39,2,13,7,17
S01012654,254,47,100,63,44,161,28,61,41,31,93,19,39,22,13,39,7,18,10,4,35,7,11,9,8,19,5,10,3,1
S01012655,338,37,100,94,107,220,25,63,58,74,118,12,37,36,33,50,5,18,11,16,36,5,10,13,8,32,2,9,12,9
S01012656,271,16,77,69,109,178,9,59,47,63,93,7,18,22,46,35,4,7,7,17,37,0,6,9,22,21,3,5,6,7
S01012657,180,11,60,36,73,110,4,35,21,50,70,7,25,15,23,26,1,10,8,7,21,0,8,4,9,23,6,7,3,7
S01012658,290,51,115,87,37,199,37,79,56,27,91,14,36,31,10,33,4,16,10,3,30,5,11,11,3,28,5,9,10,4
S01012659,326,93,128,73,32,137,42,41,31,23,189,51,87,42,9,73,20,37,14,2,77,21,29,22,5,39,10,21,6,2
S01012660,228,38,65,52,73,142,22,45,27,48,86,16,20,25,25,36,4,12,7,13,27,7,4,9,7,23,5,4,9,5
S01012661,234,50,74,68,42,159,32,52,44,31,75,18,22,24,11,24,6,4,12,2,21,4,10,5,2,30,8,8,7,7
S01012662,241,22,71,64,84,165,14,56,45,50,76,8,15,19,34,24,4,5,4,11,34,2,8,7,17,18,2,2,8,6
S01012663,199,26,82,43,48,128,12,57,26,33,71,14,25,17,15,17,1,6,6,4,30,6,11,7,6,24,7,8,4,5
S01012664,328,43,87,110,88,229,30,62,75,62,99,13,25,35,26,39,3,8,14,14,35,4,11,10,10,25,6,6,11,2
S01012665,250,11,60,59,120,146,6,35,42,63,104,5,25,17,57,47,2,12,5,28,31,1,8,5,17,26,2,5,7,12
S01012666,229,7,60,62,100,162,3,40,50,69,67,4,20,12,31,18,0,7,2,9,36,2,11,6,17,13,2,2,4,5
S01012667,199,9,50,59,81,124,4,34,34,52,75,5,16,25,29,26,0,8,5,13,28,4,5,11,8,21,1,3,9,8
S01012668,264,15,76,71,102,153,8,49,41,55,111,7,27,30,47,39,5,9,11,14,42,0,12,8,22,30,2,6,11,11
S01012669,203,40,75,58,30,125,23,46,36,20,78,17,29,22,10,26,6,11,7,2,19,4,6,7,2,33,7,12,8,6
S01012670,180,42,58,55,25,107,22,32,35,18,73,20,26,20,7,20,6,7,5,2,22,7,5,7,3,31,7,14,8,2
S01012671,291,17,58,109,107,172,12,33,65,62,119,5,25,44,45,51,1,12,18,20,35,1,9,13,12,33,3,4,13,13
S01012672,266,7,56,70,133,172,3,29,47,93,94,4,27,23,40,35,2,11,4,18,42,2,12,12,16,17,0,4,7,6
S01012673,198,5,46,49,98,121,4,28,37,52,77,1,18,12,46,28,1,5,4,18,27,0,7,3,17,22,0,6,5,11
S01012674,185,5,44,47,89,98,2,21,27,48,87,3,23,20,41,32,2,10,5,15,36,1,8,8,19,19,0,5,7,7
S01012675,278,19,63,65,131,187,12,40,50,85,91,7,23,15,46,37,3,11,5,18,30,1,4,5,20,24,3,8,5,8
S01012676,248,18,82,76,72,126,10,43,39,34,122,8,39,37,38,46,4,18,10,14,44,3,15,13,13,32,1,6,14,11
S01012677,188,11,48,63,66,124,5,33,38,48,64,6,15,25,18,26,1,8,6,11,22,2,2,14,4,16,3,5,5,3
S01012678,223,29,96,68,30,117,11,53,37,16,106,18,43,31,14,39,6,18,14,1,28,6,10,7,5,39,6,15,10,8
S01012679,256,37,71,73,75,173,23,47,46,57,83,14,24,27,18,28,6,10,7,5,41,7,7,14,13,14,1,7,6,0
S01012680,160,51,49,34,26,80,23,26,20,11,80,28,23,14,15,31,14,7,6,4,29,11,11,3,4,20,3,5,5,7
S01012681,221,34,64,73,50,133,19,46,41,27,88,15,18,32,23,44,8,9,13,14,21,4,5,7,5,23,3,4,12,4
S01012682,198,45,70,54,29,135,23,50,43,19,63,22,20,11,10,16,8,3,1,4,25,8,9,5,3,22,6,8,5,3
S01012683,272,27,72,72,101,168,16,38,48,66,104,11,34,24,35,49,4,19,12,14,30,3,6,7,14,25,4,9,5,7
S01012684,179,44,71,36,28,102,23,39,23,17,77,21,32,13,11,31,12,10,6,3,30,6,14,6,4,16,3,8,1,4
S01012685,259,34,66,83,76,153,19,35,48,51,106,15,31,35,25,38,9,8,11,10,35,3,12,13,7,33,3,11,11,8
S01012686,314,102,97,61,54,205,61,65,38,41,109,41,32,23,13,35,9,10,11,5,38,17,9,9,3,36,15,13,3,5
S01012687,114,49,46,12,7,65,23,29,8,5,49,26,17,4,2,14,10,2,2,0,15,8,6,1,0,20,8,9,1,2
S01012688,295,86,99,58,52,228,64,75,46,43,67,22,24,12,9,23,8,11,2,2,20,6,5,7,2,24,8,8,3,5
S01012689,131,56,34,26,15,73,32,17,17,7,58,24,17,9,8,17,9,4,1,3,17,7,5,2,3,24,8,8,6,2
S01012690,146,38,44,35,29,82,18,24,21,19,64,20,20,14,10,17,5,7,3,2,27,7,9,7,4,20,8,4,4,4
S01012691,212,105,66,20,21,104,44,34,13,13,108,61,32,7,8,33,17,11,2,3,42,22,14,2,4,33,22,7,3,1
S01012692,217,45,83,51,38,127,19,49,32,27,90,26,34,19,11,30,11,7,7,5,31,7,16,7,1,29,8,11,5,5
S01012693,267,123,91,30,23,132,61,44,14,13,135,62,47,16,10,29,15,6,7,1,44,20,17,6,1,62,27,24,3,8
S01012694,146,27,58,33,28,80,10,28,25,17,66,17,30,8,11,25,6,10,3,6,30,7,15,4,4,11,4,5,1,1
S01012695,237,56,77,69,35,137,27,47,41,22,100,29,30,28,13,32,11,7,7,7,42,9,13,14,6,26,9,10,7,0
S01012696,207,69,55,63,20,127,36,39,39,13,80,33,16,24,7,21,11,5,3,2,34,13,8,10,3,25,9,3,11,2
S01012697,139,43,38,39,19,77,22,19,24,12,62,21,19,15,7,24,11,4,5,4,24,7,11,4,2,14,3,4,6,1
S01012698,237,56,79,56,46,176,41,54,39,42,61,15,25,17,4,20,4,7,8,1,24,6,10,7,1,17,5,8,2,2
S01012699,319,89,92,85,53,186,47,55,51,33,133,42,37,34,20,33,9,8,9,7,57,23,15,14,5,43,10,14,11,8
S01012700,232,64,70,61,37,125,35,39,30,21,107,29,31,31,16,22,5,6,6,5,41,12,13,10,6,44,12,12,15,5
S01012701,142,43,51,30,18,79,24,28,19,8,63,19,23,11,10,11,5,3,2,1,25,8,9,5,3,27,6,11,4,6
S01012702,191,69,56,34,32,122,39,42,20,21,69,30,14,14,11,33,15,6,6,6,20,6,6,6,2,16,9,2,2,3
S01012703,183,38,78,38,29,86,18,33,19,16,97,20,45,19,13,34,8,11,10,5,26,7,12,5,2,37,5,22,4,6
S01012704,260,11,65,74,110,142,5,29,39,69,118,6,36,35,41,50,3,20,13,14,41,0,11,13,17,27,3,5,9,10
S01012705,233,76,84,57,16,101,31,34,24,12,132,45,50,33,4,35,10,12,11,2,48,17,19,10,2,49,18,19,12,0
S01012706,225,15,39,72,99,133,7,16,51,59,92,8,23,21,40,30,0,7,11,12,28,5,2,5,16,34,3,14,5,12
S01012707,256,86,102,48,20,143,45,56,30,12,113,41,46,18,8,34,15,10,7,2,45,17,20,5,3,34,9,16,6,3
S01012708,246,28,63,60,95,146,16,33,41,56,100,12,30,19,39,31,2,9,6,14,36,7,9,5,15,33,3,12,8,10
S01012709,164,21,53,25,65,112,10,39,18,45,52,11,14,7,20,16,2,4,2,8,20,7,7,2,4,16,2,3,3,8
S01012710,246,34,69,54,89,174,28,48,37,61,72,6,21,17,28,27,2,8,3,14,24,2,6,7,9,21,2,7,7,5
S01012711,326,37,84,81,124,251,29,69,61,92,75,8,15,20,32,19,1,2,5,11,36,5,11,6,14,20,2,2,9,7
S01012712,203,70,74,34,25,99,40,36,15,8,104,30,38,19,17,32,9,10,6,7,29,7,13,7,2,43,14,15,6,8
S01012713,194,61,64,36,33,125,40,39,24,22,69,21,25,12,11,28,6,11,5,6,19,6,7,4,2,22,9,7,3,3
S01012714,149,47,61,24,17,97,26,45,13,13,52,21,16,11,4,14,6,5,2,1,23,10,7,5,1,15,5,4,4,2
S01012715,287,57,101,62,67,228,49,73,51,55,59,8,28,11,12,27,3,11,7,6,12,2,7,1,2,20,3,10,3,4
S01012716,230,103,82,23,22,167,72,58,18,19,63,31,24,5,3,12,4,5,2,1,26,13,10,2,1,25,14,9,1,1
S01012717,364,81,126,61,96,310,62,108,54,86,54,19,18,7,10,23,10,4,5,4,18,5,9,2,2,13,4,5,0,4
S01012718,349,104,130,53,62,265,76,101,42,46,84,28,29,11,16,36,11,15,4,6,29,11,10,3,5,19,6,4,4,5
S01012719,341,81,117,51,92,275,61,99,44,71,66,20,18,7,21,22,4,6,4,8,25,7,9,1,8,19,9,3,2,5
S01012720,280,67,111,41,61,247,58,96,35,58,33,9,15,6,3,11,2,5,1,3,12,2,6,4,0,10,5,4,1,0
S01012721,186,28,68,40,50,111,17,40,25,29,75,11,28,15,21,28,4,10,4,10,26,3,10,9,4,21,4,8,2,7
S01012722,304,23,86,64,131,221,19,59,47,96,83,4,27,17,35,36,3,15,5,13,21,0,3,8,10,26,1,9,4,12
S01012723,253,19,73,46,115,181,12,49,39,81,72,7,24,7,34,27,4,12,1,10,25,1,7,4,13,20,2,5,2,11
S01012724,280,49,82,63,86,213,40,63,45,65,67,9,19,18,21,32,5,10,5,12,20,1,4,8,7,15,3,5,5,2
S01012725,387,99,122,74,92,297,72,96,60,69,90,27,26,14,23,30,7,12,3,8,31,11,7,7,6,29,9,7,4,9
S01012726,162,19,46,34,63,89,11,25,16,37,73,8,21,18,26,31,3,9,8,11,23,3,8,5,7,19,2,4,5,8
S01012727,224,15,46,58,105,134,7,28,36,63,90,8,18,22,42,35,5,6,8,16,31,0,9,8,14,24,3,3,6,12
S01012728,289,6,81,65,137,148,4,45,34,65,141,2,36,31,72,67,0,22,16,29,47,1,11,10,25,27,1,3,5,18
S01012729,273,46,86,72,69,155,28,48,38,41,118,18,38,34,28,47,7,15,11,14,36,4,17,8,7,35,7,6,15,7
S01012730,214,9,63,43,99,142,7,38,27,70,72,2,25,16,29,35,2,10,9,14,21,0,9,5,7,16,0,6,2,8
S01012731,246,18,68,65,95,137,13,40,43,41,109,5,28,22,54,48,4,14,8,22,31,0,7,7,17,30,1,7,7,15
S01012732,219,23,48,62,86,128,17,20,38,53,91,6,28,24,33,44,3,13,10,18,23,1,7,9,6,24,2,8,5,9
S01012733,348,110,145,54,39,145,50,56,25,14,203,60,89,29,25,108,38,50,14,6,57,17,19,9,12,38,5,20,6,7
S01012734,191,75,69,32,15,61,19,25,14,3,130,56,44,18,12,62,31,18,11,2,42,15,17,4,6,26,10,9,3,4
S01012735,148,14,41,44,49,91,7,24,29,31,57,7,17,15,18,22,3,9,4,6,24,3,6,9,6,11,1,2,2,6
S01012736,307,34,117,76,80,171,18,69,39,45,136,16,48,37,35,49,9,15,10,15,58,5,25,19,9,29,2,8,8,11
S01012737,279,46,103,65,65,171,30,61,42,38,108,16,42,23,27,41,7,17,10,7,46,5,20,8,13,21,4,5,5,7
S01012738,194,15,47,54,78,114,7,29,34,44,80,8,18,20,34,21,4,6,4,7,34,1,6,12,15,25,3,6,4,12
S01012739,284,98,120,48,18,130,40,57,27,6,154,58,63,21,12,85,35,36,10,4,36,12,11,8,5,33,11,16,3,3
S01012740,296,86,112,54,44,128,38,47,26,17,168,48,65,28,27,92,29,39,11,13,46,12,14,10,10,30,7,12,7,4
S01012741,235,59,112,42,22,179,48,83,34,14,56,11,29,8,8,20,5,7,5,3,15,5,5,2,3,21,1,17,1,2
S01012742,204,66,71,39,28,135,53,45,20,17,69,13,26,19,11,22,5,7,5,5,17,1,8,4,4,30,7,11,10,2
S01012743,158,41,60,42,15,102,28,40,27,7,56,13,20,15,8,15,5,4,4,2,16,4,3,6,3,25,4,13,5,3
S01012744,240,67,94,49,30,168,44,63,40,21,72,23,31,9,9,27,7,13,3,4,23,7,11,4,1,22,9,7,2,4
S01012745,200,58,64,39,39,128,31,45,20,32,72,27,19,19,7,29,14,3,7,5,23,6,6,9,2,20,7,10,3,0
S01012746,260,50,103,53,54,158,24,70,31,33,102,26,33,22,21,42,11,13,9,9,27,4,11,5,7,33,11,9,8,5
S01012747,260,33,83,48,96,158,22,52,29,55,102,11,31,19,41,36,4,11,7,14,29,0,10,5,14,37,7,10,7,13
S01012748,286,12,58,54,162,171,10,31,31,99,115,2,27,23,63,35,0,6,7,22,50,1,13,10,26,30,1,8,6,15
S01012749,332,12,70,76,174,190,7,40,46,97,142,5,30,30,77,48,1,11,11,25,51,2,11,11,27,43,2,8,8,25
S01012750,285,10,65,62,148,172,6,43,40,83,113,4,22,22,65,49,2,9,10,28,39,2,8,6,23,25,0,5,6,14
S01012751,268,14,73,77,104,184,8,46,56,74,84,6,27,21,30,36,2,10,9,15,24,1,10,7,6,24,3,7,5,9
S01012752,309,45,95,69,100,198,31,57,46,64,111,14,38,23,36,46,7,16,12,11,35,4,9,7,15,30,3,13,4,10
S01012753,188,11,50,37,90,114,3,25,31,55,74,8,25,6,35,27,3,9,1,14,27,4,8,3,12,20,1,8,2,9
S01012754,183,13,57,44,69,132,11,39,31,51,51,2,18,13,18,13,0,4,4,5,19,2,7,4,6,19,0,7,5,7
S01012755,202,10,58,33,101,143,7,40,24,72,59,3,18,9,29,25,2,8,3,12,15,0,4,3,8,19,1,6,3,9
S01012756,137,11,34,40,52,112,9,23,34,46,25,2,11,6,6,10,0,6,2,2,8,2,2,2,2,7,0,3,2,2
S01012757,162,10,40,43,69,119,6,31,31,51,43,4,9,12,18,13,0,3,3,7,18,3,4,6,5,12,1,2,3,6
S01012758,206,29,66,53,58,134,18,43,36,37,72,11,23,17,21,28,4,10,7,7,21,3,6,5,7,23,4,7,5,7
S01012759,253,10,76,50,117,170,6,51,30,83,83,4,25,20,34,31,0,7,9,15,31,3,8,8,12,21,1,10,3,7
S01012760,334,17,103,67,147,193,12,61,40,80,141,5,42,27,67,58,0,16,10,32,48,4,16,11,17,35,1,10,6,18
S01012761,270,27,90,74,79,195,18,62,54,61,75,9,28,20,18,28,3,7,10,8,28,4,11,6,7,19,2,10,4,3
S01012762,209,21,81,59,48,138,11,52,42,33,71,10,29,17,15,29,2,12,8,7,22,5,6,6,5,20,3,11,3,3
S01012763,130,5,41,24,60,87,5,22,20,40,43,0,19,4,20,16,0,5,1,10,12,0,6,2,4,15,0,8,1,6
S01012764,251,20,75,70,86,152,11,48,38,55,99,9,27,32,31,31,3,8,10,10,37,3,8,11,15,31,3,11,11,6
S01012765,216,24,64,51,77,131,13,40,34,44,85,11,24,17,33,27,1,6,6,14,27,5,7,5,10,31,5,11,6,9
S01012766,296,20,76,80,120,164,8,44,47,65,132,12,32,33,55,45,5,9,12,19,49,6,12,14,17,38,1,11,7,19
S01012767,170,20,60,45,45,108,14,34,26,34,62,6,26,19,11,25,3,7,13,2,19,1,11,5,2,18,2,8,1,7
S01012768,225,33,89,61,42,148,21,57,39,31,77,12,32,22,11,24,4,8,9,3,29,4,11,8,6,24,4,13,5,2
S01012769,138,39,54,30,15,70,14,28,17,11,68,25,26,13,4,19,8,8,1,2,27,10,9,7,1,22,7,9,5,1
S01012770,288,33,109,61,85,189,23,70,39,57,99,10,39,22,28,26,2,10,7,7,48,6,20,8,14,25,2,9,7,7
S01012771,263,42,85,52,84,184,25,61,39,59,79,17,24,13,25,28,7,8,6,7,27,6,5,5,11,24,4,11,2,7
S01012772,216,6,42,52,116,124,4,16,35,69,92,2,26,17,47,44,0,16,13,15,27,2,6,1,18,21,0,4,3,14
S01012773,274,28,72,70,104,186,19,41,50,76,88,9,31,20,28,30,3,11,5,11,34,3,15,7,9,24,3,5,8,8
S01012774,338,44,104,75,115,252,35,74,57,86,86,9,30,18,29,35,6,13,8,8,26,2,9,6,9,25,1,8,4,12
S01012775,148,21,44,35,48,116,16,38,25,37,32,5,6,10,11,8,2,3,0,3,11,0,2,7,2,13,3,1,3,6
S01012776,280,15,69,73,123,200,8,47,60,85,80,7,22,13,38,26,2,9,3,12,28,5,9,3,11,26,0,4,7,15
S01012777,340,49,129,78,84,156,25,54,31,46,184,24,75,47,38,84,9,34,20,21,58,10,23,16,9,42,5,18,11,8
S01012778,258,22,83,54,99,128,12,31,33,52,130,10,52,21,47,56,6,27,10,13,49,2,16,8,23,25,2,9,3,11
S01012779,180,15,52,40,73,103,8,22,30,43,77,7,30,10,30,24,2,8,2,12,30,2,15,5,8,23,3,7,3,10
S01012780,270,14,70,51,135,154,6,39,32,77,116,8,31,19,58,45,6,9,9,21,39,1,16,5,17,32,1,6,5,20
S01012781,236,33,95,55,53,166,27,66,39,34,70,6,29,16,19,29,4,12,9,4,25,1,9,4,11,16,1,8,3,4
S01012782,234,4,49,50,131,162,4,29,39,90,72,0,20,11,41,35,0,8,6,21,25,0,8,3,14,12,0,4,2,6
S01012783,262,11,66,49,136,151,7,33,28,83,111,4,33,21,53,46,1,19,6,20,37,2,7,11,17,28,1,7,4,16
S01012784,306,24,90,67,125,220,17,63,53,87,86,7,27,14,38,33,5,10,5,13,30,1,10,6,13,23,1,7,3,12
S01012785,281,13,59,69,140,189,13,36,49,91,92,0,23,20,49,42,0,10,6,26,38,0,10,10,18,12,0,3,4,5
S01012786,348,17,92,63,176,265,12,69,54,130,83,5,23,9,46,37,3,10,5,19,21,0,5,3,13,25,2,8,1,14
S01012787,219,32,96,31,60,141,19,61,18,43,78,13,35,13,17,46,10,20,8,8,18,2,8,4,4,14,1,7,1,5
S01012788,209,14,52,51,92,129,9,27,34,59,80,5,25,17,33,33,2,9,6,16,22,0,6,6,10,25,3,10,5,7
S01012789,244,34,91,57,62,162,22,60,36,44,82,12,31,21,18,31,7,13,8,3,24,4,8,6,6,27,1,10,7,9
S01012790,226,73,94,38,21,155,46,67,30,12,71,27,27,8,9,35,13,11,5,6,19,9,7,2,1,17,5,9,1,2
S01012791,193,54,80,42,17,119,33,49,24,13,74,21,31,18,4,24,6,10,7,1,32,11,12,8,1,18,4,9,3,2
S01012792,340,49,136,72,83,275,34,110,64,67,65,15,26,8,16,25,4,9,6,6,23,6,10,1,6,17,5,7,1,4
S01012793,272,20,79,52,121,218,17,68,43,90,54,3,11,9,31,21,1,4,5,11,17,0,5,2,10,16,2,2,2,10
S01012794,288,76,139,32,41,255,67,127,26,35,33,9,12,6,6,16,8,7,1,0,10,1,1,3,5,7,0,4,2,1
S01012795,321,24,70,74,153,181,13,34,43,91,140,11,36,31,62,45,3,12,7,23,52,7,15,12,18,43,1,9,12,21
S01012796,288,38,90,52,108,170,20,50,30,70,118,18,40,22,38,72,15,24,13,20,22,2,10,3,7,24,1,6,6,11
S01012797,240,21,69,50,100,140,17,39,30,54,100,4,30,20,46,31,1,12,5,13,34,1,9,5,19,35,2,9,10,14
S01012798,230,98,71,33,28,139,48,42,26,23,91,50,29,7,5,32,16,11,5,0,29,18,6,2,3,30,16,12,0,2
S01012799,250,110,94,22,24,172,69,63,19,21,78,41,31,3,3,32,21,10,1,0,25,12,12,0,1,21,8,9,2,2
S01012800,295,127,107,29,32,189,72,66,24,27,106,55,41,5,5,38,23,10,2,3,33,14,16,2,1,35,18,15,1,1
S01012801,139,63,45,13,18,111,50,37,13,11,28,13,8,0,7,9,3,3,0,3,9,5,3,0,1,10,5,2,0,3
S01012802,170,85,59,17,9,87,37,34,9,7,83,48,25,8,2,17,11,4,1,1,35,23,9,3,0,31,14,12,4,1
S01012803,201,70,74,40,17,115,34,45,24,12,86,36,29,16,5,23,8,10,2,3,25,12,8,4,1,38,16,11,10,1
S01012804,252,40,77,56,79,158,28,50,34,46,94,12,27,22,33,35,4,13,6,12,33,6,4,9,14,26,2,10,7,7
S01012805,280,22,94,74,90,166,12,57,44,53,114,10,37,30,37,38,0,12,17,9,49,6,15,10,18,27,4,10,3,10
S01012806,239,59,80,42,58,134,28,38,27,41,105,31,42,15,17,35,9,13,6,7,39,9,16,5,9,31,13,13,4,1
S01012807,168,84,60,17,7,93,50,32,6,5,75,34,28,11,2,27,12,10,5,0,29,18,7,3,1,19,4,11,3,1
S01012808,312,101,112,40,59,193,53,79,19,42,119,48,33,21,17,37,14,12,7,4,48,23,13,5,7,34,11,8,9,6
S01012809,268,60,111,40,57,208,39,94,27,48,60,21,17,13,9,21,8,5,6,2,20,7,7,2,4,19,6,5,5,3
S01012810,352,44,108,71,129,265,33,71,59,102,87,11,37,12,27,35,6,17,5,7,27,2,12,3,10,25,3,8,4,10
S01012811,207,49,81,38,39,125,32,50,19,24,82,17,31,19,15,34,11,8,8,7,19,4,7,3,5,29,2,16,8,3
S01012812,233,46,84,51,52,157,28,68,30,31,76,18,16,21,21,31,5,8,8,10,21,7,4,3,7,24,6,4,10,4
S01012813,244,114,85,23,22,160,72,56,14,18,84,42,29,9,4,29,18,7,3,1,27,11,12,3,1,28,13,10,3,2
S01012814,295,59,124,64,48,162,30,73,32,27,133,29,51,32,21,51,15,16,14,6,50,9,20,12,9,32,5,15,6,6
S01012815,306,71,116,62,57,145,33,60,26,26,161,38,56,36,31,79,23,19,18,19,55,10,28,10,7,27,5,9,8,5
S01012816,205,32,83,48,42,107,16,40,27,24,98,16,43,21,18,44,11,22,8,3,33,4,13,7,9,21,1,8,6,6
S01012817,170,40,78,33,19,58,17,21,13,7,112,23,57,20,12,39,9,21,7,2,52,11,27,7,7,21,3,9,6,3
S01012818,238,52,99,56,31,100,15,42,28,15,138,37,57,28,16,39,16,14,6,3,54,12,23,12,7,45,9,20,10,6
S01012819,260,17,73,55,115,168,8,47,39,74,92,9,26,16,41,36,5,11,4,16,34,3,9,7,15,22,1,6,5,10
S01012820,353,75,132,81,65,183,41,67,44,31,170,34,65,37,34,75,15,30,14,16,54,12,17,14,11,41,7,18,9,7
S01012821,251,56,86,53,56,111,24,34,29,24,140,32,52,24,32,67,17,29,8,13,43,7,16,7,13,30,8,7,9,6
S01012822,221,19,50,51,101,142,14,27,38,63,79,5,23,13,38,30,2,8,7,13,30,3,10,4,13,19,0,5,2,12
S01012823,268,44,80,88,56,128,21,42,34,31,140,23,38,54,25,54,13,16,17,8,50,5,15,21,9,36,5,7,16,8
S01012824,223,30,80,55,58,134,16,53,37,28,89,14,27,18,30,44,9,15,6,14,28,4,4,10,10,17,1,8,2,6
S01012825,205,17,61,46,81,155,8,42,34,71,50,9,19,12,10,22,3,10,7,2,17,5,6,3,3,11,1,3,2,5
S01012826,219,13,51,37,118,109,8,24,21,56,110,5,27,16,62,37,2,7,6,22,41,2,15,4,20,32,1,5,6,20
S01012827,224,44,80,59,41,90,15,36,23,16,134,29,44,36,25,73,21,23,14,15,46,7,17,17,5,15,1,4,5,5
S01012828,239,42,107,53,37,148,26,68,32,22,91,16,39,21,15,53,11,24,12,6,24,3,8,5,8,14,2,7,4,1
S01012829,284,17,64,60,143,155,7,37,32,79,129,10,27,28,64,44,5,11,14,14,52,5,10,6,31,33,0,6,8,19
S01012830,225,21,72,55,77,144,12,49,29,54,81,9,23,26,23,25,3,9,8,5,32,6,8,10,8,24,0,6,8,10
S01012831,192,13,61,47,71,141,10,43,33,55,51,3,18,14,16,18,1,6,5,6,16,0,7,3,6,17,2,5,6,4
S01012832,162,20,49,31,62,100,12,32,18,38,62,8,17,13,24,25,3,7,3,12,22,2,6,6,8,15,3,4,4,4
S01012833,242,21,50,52,119,150,18,26,37,69,92,3,24,15,50,29,1,5,6,17,33,1,14,4,14,30,1,5,5,19
S01012834,229,25,66,49,89,149,15,46,33,55,80,10,20,16,34,39,6,11,6,16,26,0,7,6,13,15,4,2,4,5
S01012835,292,47,106,48,91,209,32,70,37,70,83,15,36,11,21,24,5,11,4,4,29,7,10,4,8,30,3,15,3,9
S01012836,214,57,83,44,30,88,21,37,17,13,126,36,46,27,17,60,18,19,17,6,33,13,14,2,4,33,5,13,8,7
S01012837,363,8,77,76,202,243,6,54,58,125,120,2,23,18,77,50,0,7,10,33,36,1,10,4,21,34,1,6,4,23
S01012838,483,20,105,101,257,337,13,67,76,181,146,7,38,25,76,71,3,18,10,40,47,3,15,8,21,28,1,5,7,15
S01012839,246,42,83,54,67,177,33,57,37,50,69,9,26,17,17,28,5,11,4,8,23,4,5,7,7,18,0,10,6,2
S01012840,267,77,104,54,32,131,26,55,30,20,136,51,49,24,12,58,24,17,12,5,50,19,20,6,5,28,8,12,6,2
S01012841,205,41,71,60,33,138,24,51,39,24,67,17,20,21,9,15,2,6,5,2,30,6,11,12,1,22,9,3,4,6
S01012842,168,45,48,42,33,115,35,34,27,19,53,10,14,15,14,21,5,5,3,8,11,2,2,4,3,21,3,7,8,3
S01012843,268,102,94,40,32,146,44,62,20,20,122,58,32,20,12,46,23,10,9,4,43,22,10,7,4,33,13,12,4,4
S01012844,198,85,70,25,18,106,35,44,17,10,92,50,26,8,8,34,21,7,3,3,22,13,8,1,0,36,16,11,4,5
S01012845,214,78,59,31,46,124,33,41,16,34,90,45,18,15,12,34,17,7,4,6,26,14,4,5,3,30,14,7,6,3
S01012846,357,38,106,79,134,273,33,76,68,96,84,5,30,11,38,42,3,13,5,21,24,1,11,4,8,18,1,6,2,9
S01012847,170,25,57,52,36,99,17,30,28,24,71,8,27,24,12,21,1,10,7,3,23,2,8,8,5,27,5,9,9,4
S01012848,225,56,89,48,32,104,19,48,23,14,121,37,41,25,18,58,25,17,13,3,39,5,16,9,9,24,7,8,3,6
S01012849,281,34,92,71,84,188,24,62,51,51,93,10,30,20,33,56,7,20,12,17,26,3,6,7,10,11,0,4,1,6
S01012850,207,16,60,50,81,143,13,41,39,50,64,3,19,11,31,17,1,6,5,5,24,1,7,2,14,23,1,6,4,12
S01012851,245,41,77,65,62,165,21,46,50,48,80,20,31,15,14,24,9,10,1,4,21,5,7,4,5,35,6,14,10,5
S01012852,210,70,75,42,23,142,39,59,27,17,68,31,16,15,6,24,10,7,3,4,22,10,6,4,2,22,11,3,8,0
S01012853,203,49,66,47,41,138,31,44,33,30,65,18,22,14,11,15,9,1,3,2,18,3,9,3,3,32,6,12,8,6
S01012854,297,95,115,44,43,209,59,88,31,31,88,36,27,13,12,40,17,13,6,4,22,12,6,1,3,26,7,8,6,5
S01012855,257,70,95,46,46,180,50,67,32,31,77,20,28,14,15,35,11,13,6,5,20,6,6,4,4,22,3,9,4,6
S01012856,263,30,95,50,88,221,28,78,39,76,42,2,17,11,12,16,1,7,2,6,19,0,8,8,3,7,1,2,1,3
S01012857,289,31,81,79,98,223,26,62,62,73,66,5,19,17,25,26,2,10,4,10,25,2,7,9,7,15,1,2,4,8
S01012858,327,31,107,67,122,268,26,91,56,95,59,5,16,11,27,17,3,4,3,7,23,1,6,3,13,19,1,6,5,7
S01012859,452,38,166,110,138,330,32,127,73,98,122,6,39,37,40,51,1,22,13,15,39,3,8,15,13,32,2,9,9,12
S01012860,232,51,83,49,49,149,31,54,32,32,83,20,29,17,17,35,9,11,4,11,18,5,6,5,2,30,6,12,8,4
S01012861,233,51,86,49,47,155,29,62,31,33,78,22,24,18,14,26,10,10,4,2,25,8,3,7,7,27,4,11,7,5
S01012862,267,11,82,53,121,214,7,66,43,98,53,4,16,10,23,24,1,9,4,10,13,1,1,3,8,16,2,6,3,5
S01012863,361,26,118,74,143,308,24,105,64,115,53,2,13,10,28,24,2,7,4,11,20,0,4,2,14,9,0,2,4,3
S01012864,396,26,134,74,162,307,23,107,58,119,89,3,27,16,43,43,2,15,4,22,26,0,6,7,13,20,1,6,5,8
S01012865,223,27,82,48,66,142,14,45,33,50,81,13,37,15,16,36,10,17,2,7,22,2,9,8,3,23,1,11,5,6
S01012866,283,34,95,63,91,191,19,72,39,61,92,15,23,24,30,26,3,8,8,7,34,9,10,10,5,32,3,5,6,18
S01012867,256,9,63,60,124,194,6,47,46,95,62,3,16,14,29,28,1,8,9,10,16,0,5,3,8,18,2,3,2,11
S01012868,229,10,65,62,92,189,9,56,54,70,40,1,9,8,22,20,1,4,6,9,3,0,0,1,2,17,0,5,1,11
S01012869,216,4,44,43,125,127,3,26,25,73,89,1,18,18,52,30,0,8,8,14,33,0,5,5,23,26,1,5,5,15
S01012870,307,35,113,82,77,218,28,77,57,56,89,7,36,25,21,25,5,8,6,6,30,0,11,12,7,34,2,17,7,8
S01012871,270,50,95,60,65,182,37,73,40,32,88,13,22,20,33,34,5,3,11,15,25,5,7,5,8,29,3,12,4,10
S01012872,262,28,101,56,77,155,17,64,26,48,107,11,37,30,29,37,5,14,7,11,40,2,15,15,8,30,4,8,8,10
S01012873,283,37,121,60,65,166,25,69,38,34,117,12,52,22,31,38,5,19,4,10,45,4,25,8,8,34,3,8,10,13
S01012874,286,21,82,54,129,186,11,48,45,82,100,10,34,9,47,39,2,11,3,23,28,5,10,2,11,33,3,13,4,13
S01012875,216,24,68,52,72,149,18,46,34,51,67,6,22,18,21,23,3,10,7,3,25,2,9,5,9,19,1,3,6,9
S01012876,242,8,68,68,98,145,6,28,45,66,97,2,40,23,32,39,0,16,8,15,30,1,13,7,9,28,1,11,8,8
S01012877,209,8,67,58,76,134,5,39,40,50,75,3,28,18,26,20,2,10,5,3,24,0,8,4,12,31,1,10,9,11
S01012878,288,81,110,63,34,184,46,69,45,24,104,35,41,18,10,38,18,8,6,6,33,7,19,4,3,33,10,14,8,1
S01012879,216,63,79,29,45,122,34,45,20,23,94,29,34,9,22,31,14,9,1,7,18,5,6,2,5,45,10,19,6,10
S01012880,237,109,67,36,25,129,59,37,13,20,108,50,30,23,5,27,14,8,3,2,37,19,8,8,2,44,17,14,12,1
S01012881,227,84,73,36,34,157,59,52,20,26,70,25,21,16,8,19,11,5,2,1,25,8,8,5,4,26,6,8,9,3
S01012882,219,12,55,53,99,138,7,37,39,55,81,5,18,14,44,27,1,3,3,20,34,3,12,7,12,20,1,3,4,12
S01012883,264,13,57,57,137,188,5,38,45,100,76,8,19,12,37,34,4,6,4,20,25,3,10,2,10,17,1,3,6,7
S01012884,171,42,35,40,54,114,23,23,28,40,57,19,12,12,14,24,8,6,3,7,18,7,6,3,2,15,4,0,6,5
S01012885,202,4,49,32,117,161,2,38,28,93,41,2,11,4,24,20,1,5,1,13,6,0,1,1,4,15,1,5,2,7
S01012886,208,69,75,30,34,127,42,54,16,15,81,27,21,14,19,26,11,7,3,5,26,5,7,5,9,29,11,7,6,5
S01012887,225,78,85,36,26,154,53,59,26,16,71,25,26,10,10,25,15,6,1,3,26,7,10,4,5,20,3,10,5,2
S01012888,217,106,48,37,26,124,56,33,19,16,93,50,15,18,10,31,24,2,3,2,27,11,4,7,5,35,15,9,8,3
S01012889,308,73,108,60,67,164,37,64,27,36,144,36,44,33,31,75,18,25,20,12,39,14,5,10,10,30,4,14,3,9
S01012890,242,24,62,47,109,131,13,31,24,63,111,11,31,23,46,38,3,12,8,15,42,4,13,9,16,31,4,6,6,15
S01012891,171,8,52,42,69,112,4,33,23,52,59,4,19,19,17,22,4,6,8,4,20,0,6,6,8,17,0,7,5,5
S01012892,410,26,87,93,204,284,21,56,69,138,126,5,31,24,66,42,1,13,8,20,42,2,10,8,22,42,2,8,8,24
S01012893,260,8,69,73,110,161,6,39,53,63,99,2,30,20,47,45,0,21,5,19,29,2,7,8,12,25,0,2,7,16
S01012894,263,65,101,40,57,128,28,46,16,38,135,37,55,24,19,52,16,23,8,5,42,13,20,7,2,41,8,12,9,12
S01012895,167,49,60,36,22,92,29,33,15,15,75,20,27,21,7,27,11,7,5,4,24,4,11,7,2,24,5,9,9,1
S01012896,314,25,115,67,107,256,19,92,54,91,58,6,23,13,16,14,1,8,3,2,16,3,5,6,2,28,2,10,4,12
S01012897,204,48,77,44,35,115,21,44,29,21,89,27,33,15,14,37,14,11,7,5,33,9,15,5,4,19,4,7,3,5
S01012898,172,56,65,36,15,65,19,24,13,9,107,37,41,23,6,40,15,17,6,2,35,10,15,8,2,32,12,9,9,2
S01012899,229,14,62,65,88,190,9,46,60,75,39,5,16,5,13,17,3,7,3,4,8,1,3,0,4,14,1,6,2,5
S01012900,169,50,59,42,18,101,32,31,28,10,68,18,28,14,8,23,5,9,5,4,24,7,9,4,4,21,6,10,5,0
S01012901,254,24,108,53,69,175,17,69,40,49,79,7,39,13,20,34,2,22,4,6,22,1,10,4,7,23,4,7,5,7
S01012902,279,41,104,47,87,195,31,74,33,57,84,10,30,14,30,39,5,12,6,16,25,1,15,4,5,20,4,3,4,9
S01012903,301,29,117,75,80,205,23,78,53,51,96,6,39,22,29,31,2,11,5,13,28,0,11,7,10,37,4,17,10,6
S01012904,287,27,101,65,94,157,16,53,34,54,130,11,48,31,40,61,7,26,9,19,37,3,11,12,11,32,1,11,10,10
S01012905,227,9,83,55,80,133,6,49,31,47,94,3,34,24,33,37,2,12,9,14,22,0,9,5,8,35,1,13,10,11
S01012906,356,59,162,64,71,258,43,120,44,51,98,16,42,20,20,33,9,9,8,7,30,2,12,7,9,35,5,21,5,4
S01012907,287,24,115,57,91,196,17,81,37,61,91,7,34,20,30,31,4,11,5,11,35,1,14,12,8,25,2,9,3,11
S01012908,237,29,82,46,80,164,20,57,32,55,73,9,25,14,25,28,4,11,4,9,19,2,5,7,5,26,3,9,3,11
S01012909,204,31,72,50,51,143,21,51,36,35,61,10,21,14,16,30,5,13,3,9,15,1,4,6,4,16,4,4,5,3
S01012910,357,31,116,85,125,278,26,80,69,103,79,5,36,16,22,27,2,12,4,9,28,1,14,5,8,24,2,10,7,5
S01012911,216,39,77,50,50,148,27,57,32,32,68,12,20,18,18,26,2,9,6,9,14,5,5,1,3,28,5,6,11,6
S01012912,212,23,85,42,62,147,19,59,28,41,65,4,26,14,21,22,0,10,5,7,28,2,11,5,10,15,2,5,4,4
S01012913,269,40,90,65,74,169,26,54,40,49,100,14,36,25,25,30,3,9,9,9,33,4,15,10,4,37,7,12,6,12
S01012914,319,66,105,59,89,222,49,73,43,57,97,17,32,16,32,32,9,8,3,12,32,2,15,6,9,33,6,9,7,11
S01012915,350,81,123,67,79,202,43,68,36,55,148,38,55,31,24,64,17,25,11,11,60,18,18,14,10,24,3,12,6,3
S01012916,218,37,91,47,43,152,21,66,35,30,66,16,25,12,13,21,4,9,3,5,16,1,7,5,3,29,11,9,4,5
S01012917,184,51,73,32,28,89,28,30,15,16,95,23,43,17,12,23,9,7,4,3,32,7,13,6,6,40,7,23,7,3
S01012918,177,22,63,40,52,124,16,47,26,35,53,6,16,14,17,17,1,6,5,5,12,3,2,4,3,24,2,8,5,9
S01012919,125,16,47,26,36,82,11,30,17,24,43,5,17,9,12,11,2,5,1,3,16,1,5,6,4,16,2,7,2,5
S01012920,148,54,59,20,15,108,38,48,10,12,40,16,11,10,3,11,5,3,3,0,20,7,6,5,2,9,4,2,2,1
S01012921,229,26,86,41,76,143,11,59,30,43,86,15,27,11,33,33,2,9,4,18,23,5,11,3,4,30,8,7,4,11
S01012922,333,63,119,68,83,172,29,63,33,47,161,34,56,35,36,52,11,18,11,12,59,16,18,10,15,50,7,20,14,9
S01012923,224,37,83,54,50,135,24,51,31,29,89,13,32,23,21,27,4,8,8,7,36,5,13,10,8,26,4,11,5,6
S01012924,186,22,80,37,47,127,15,49,27,36,59,7,31,10,11,23,5,9,5,4,17,2,9,4,2,19,0,13,1,5
S01012925,139,38,58,25,18,76,18,30,17,11,63,20,28,8,7,15,3,7,1,4,21,6,9,4,2,27,11,12,3,1
S01012926,253,35,98,61,59,177,25,70,40,42,76,10,28,21,17,27,3,9,10,5,26,3,9,8,6,23,4,10,3,6
S01012927,250,32,92,54,72,147,21,44,36,46,103,11,48,18,26,31,3,10,10,8,38,1,19,8,10,34,7,19,0,8
S01012928,229,51,96,37,45,134,24,64,17,29,95,27,32,20,16,28,10,5,7,6,33,7,10,8,8,34,10,17,5,2
S01012929,206,25,93,47,41,121,8,59,27,27,85,17,34,20,14,27,9,9,5,4,27,3,12,7,5,31,5,13,8,5
S01012930,311,65,115,44,87,248,49,89,30,80,63,16,26,14,7,17,6,5,4,2,23,5,11,5,2,23,5,10,5,3
S01012931,310,46,128,63,73,208,28,85,48,47,102,18,43,15,26,44,4,21,3,16,29,6,13,6,4,29,8,9,6,6
S01012932,148,40,56,28,24,88,20,38,14,16,60,20,18,14,8,19,4,6,7,2,18,9,4,2,3,23,7,8,5,3
S01012933,245,35,86,58,66,154,22,55,31,46,91,13,31,27,20,24,2,7,8,7,34,6,14,9,5,33,5,10,10,8
S01012934,227,33,82,46,66,158,24,54,37,43,69,9,28,9,23,34,4,16,4,10,20,1,7,2,10,15,4,5,3,3
S01012935,246,41,103,48,54,129,22,54,24,29,117,19,49,24,25,40,8,20,3,9,37,5,16,8,8,40,6,13,13,8
S01012936,238,35,90,48,65,162,27,66,31,38,76,8,24,17,27,30,4,5,9,12,17,1,11,4,1,29,3,8,4,14
S01012937,238,47,102,40,49,152,24,75,27,26,86,23,27,13,23,27,9,10,2,6,28,7,8,5,8,31,7,9,6,9
S01012938,189,76,77,20,16,123,50,48,11,14,66,26,29,9,2,13,2,10,1,0,21,9,7,4,1,32,15,12,4,1
S01012939,176,51,80,28,17,81,23,37,11,10,95,28,43,17,7,29,7,9,10,3,34,11,17,4,2,32,10,17,3,2
S01012940,220,70,88,34,28,136,41,57,19,19,84,29,31,15,9,26,11,9,5,1,19,7,5,3,4,39,11,17,7,4
S01012941,230,101,90,25,14,108,43,48,11,6,122,58,42,14,8,28,17,8,2,1,40,19,11,6,4,54,22,23,6,3
S01012942,270,29,88,52,101,150,17,52,31,50,120,12,36,21,51,43,9,11,8,15,32,1,13,3,15,45,2,12,10,21
S01012943,235,54,97,54,30,113,23,47,29,14,122,31,50,25,16,42,10,14,8,10,43,11,21,9,2,37,10,15,8,4
S01012944,148,56,64,17,11,77,28,37,6,6,71,28,27,11,5,19,7,9,1,2,27,9,9,7,2,25,12,9,3,1
S01012945,218,89,80,34,15,97,44,37,7,9,121,45,43,27,6,34,15,13,6,0,44,20,12,10,2,43,10,18,11,4
S01012946,290,76,135,48,31,169,49,70,26,24,121,27,65,22,7,37,8,19,8,2,48,12,27,6,3,36,7,19,8,2
S01012947,133,57,48,16,12,73,27,26,12,8,60,30,22,4,4,11,7,3,1,0,18,8,8,1,1,31,15,11,2,3
S01012948,205,51,83,43,28,117,28,47,24,18,88,23,36,19,10,21,7,10,4,0,27,6,10,7,4,40,10,16,8,6
S01012949,223,61,84,37,41,165,46,64,25,30,58,15,20,12,11,13,6,2,4,1,13,4,2,3,4,32,5,16,5,6
S01012950,250,96,100,37,17,103,43,43,12,5,147,53,57,25,12,40,13,15,7,5,50,20,18,7,5,57,20,24,11,2
S01012951,284,135,97,32,20,110,45,42,13,10,174,90,55,19,10,97,55,32,4,6,44,21,16,6,1,33,14,7,9,3
S01012952,161,75,61,16,9,88,35,40,9,4,73,40,21,7,5,21,11,5,3,2,25,15,7,2,1,27,14,9,2,2
S01012953,240,59,98,41,42,153,45,57,25,26,87,14,41,16,16,28,4,10,8,6,35,5,18,7,5,24,5,13,1,5
S01012954,149,30,62,31,26,74,15,33,12,14,75,15,29,19,12,20,5,7,7,1,25,6,10,5,4,30,4,12,7,7
S01012955,295,125,108,35,27,175,62,70,23,20,120,63,38,12,7,44,23,14,4,3,45,26,12,5,2,31,14,12,3,2
S01012956,285,40,94,62,89,188,29,55,41,63,97,11,39,21,26,32,3,10,9,10,31,2,14,8,7,34,6,15,4,9
S01012957,203,19,68,45,71,133,10,41,31,51,70,9,27,14,20,27,0,8,9,10,16,2,6,4,4,27,7,13,1,6
S01012958,164,29,55,38,42,114,20,41,25,28,50,9,14,13,14,14,5,4,1,4,18,1,6,7,4,18,3,4,5,6
S01012959,205,42,84,39,40,124,30,52,28,14,81,12,32,11,26,17,4,5,5,3,29,4,11,2,12,35,4,16,4,11
S01012960,184,36,73,30,45,109,24,37,23,25,75,12,36,7,20,19,2,9,0,8,30,7,16,3,4,26,3,11,4,8
S01012961,167,44,69,25,29,93,23,42,14,14,74,21,27,11,15,28,6,12,5,5,18,5,6,3,4,28,10,9,3,6
S01012962,172,40,79,35,18,107,25,55,17,10,65,15,24,18,8,14,5,0,6,3,22,5,9,7,1,29,5,15,5,4
S01012963,244,75,98,37,34,113,34,41,23,15,131,41,57,14,19,39,16,13,4,6,46,18,21,1,6,46,7,23,9,7
S01012964,191,62,73,32,24,73,21,31,12,9,118,41,42,20,15,46,14,15,11,6,47,21,19,5,2,25,6,8,4,7
S01012965,212,49,79,39,45,102,23,38,21,20,110,26,41,18,25,55,13,22,9,11,33,7,11,6,9,22,6,8,3,5
S01012966,221,45,82,50,44,118,28,40,27,23,103,17,42,23,21,41,8,16,9,8,35,8,10,7,10,27,1,16,7,3
S01012967,156,18,50,36,52,97,13,27,23,34,59,5,23,13,18,20,4,8,3,5,25,0,12,3,10,14,1,3,7,3
S01012968,236,17,79,55,85,135,8,46,31,50,101,9,33,24,35,50,6,18,10,16,28,3,10,9,6,23,0,5,5,13
S01012969,215,25,69,44,77,136,15,41,27,53,79,10,28,17,24,30,4,11,6,9,27,1,10,5,11,22,5,7,6,4
S01012970,173,17,54,53,49,117,15,35,36,31,56,2,19,17,18,18,1,6,6,5,26,1,9,8,8,12,0,4,3,5
S01012971,265,22,79,60,104,122,11,37,31,43,143,11,42,29,61,51,7,11,15,18,40,2,14,4,20,52,2,17,10,23
S01012972,252,18,77,65,92,137,10,42,43,42,115,8,35,22,50,56,2,17,13,24,31,3,8,5,15,28,3,10,4,11
S01012973,225,19,87,58,61,126,12,44,38,32,99,7,43,20,29,38,3,22,5,8,29,2,8,9,10,32,2,13,6,11
S01012974,307,33,92,75,107,202,16,58,54,74,105,17,34,21,33,39,7,13,5,14,39,9,13,7,10,27,1,8,9,9
S01012975,171,12,49,49,61,97,7,28,30,32,74,5,21,19,29,31,2,10,6,13,27,3,8,8,8,16,0,3,5,8
S01012976,163,22,49,41,51,98,10,30,29,29,65,12,19,12,22,23,6,9,3,5,22,3,4,5,10,20,3,6,4,7
S01012977,238,17,59,69,93,131,13,37,36,45,107,4,22,33,48,28,1,3,8,16,38,2,8,10,18,41,1,11,15,14
S01012978,271,28,76,77,90,158,14,38,44,62,113,14,38,33,28,36,8,12,10,6,33,3,11,8,11,44,3,15,15,11
S01012979,191,30,54,50,57,97,13,21,30,33,94,17,33,20,24,34,7,12,7,8,35,6,10,7,12,25,4,11,6,4
S01012980,251,22,92,58,79,147,12,52,36,47,104,10,40,22,32,43,6,17,10,10,37,2,15,8,12,24,2,8,4,10
S01012981,282,31,98,72,81,183,22,62,47,52,99,9,36,25,29,29,2,11,9,7,27,3,11,5,8,43,4,14,11,14
S01012982,298,30,100,67,101,190,20,64,43,63,108,10,36,24,38,51,3,13,12,23,36,4,14,8,10,21,3,9,4,5
S01012983,221,39,89,46,47,142,22,52,38,30,79,17,37,8,17,22,5,11,2,4,22,7,9,2,4,35,5,17,4,9
S01012984,204,30,85,39,50,127,17,53,25,32,77,13,32,14,18,17,6,3,2,6,25,5,10,7,3,35,2,19,5,9
S01012985,229,23,78,69,59,137,11,43,48,35,92,12,35,21,24,22,5,6,4,7,33,3,12,8,10,37,4,17,9,7
S01012986,298,28,111,80,79,203,13,75,63,52,95,15,36,17,27,40,8,15,9,8,31,3,12,5,11,24,4,9,3,8
S01012987,227,27,71,59,70,150,16,54,35,45,77,11,17,24,25,30,5,3,13,9,21,3,7,5,6,26,3,7,6,10
S01012988,289,33,99,68,89,186,21,62,46,57,103,12,37,22,32,40,7,11,9,13,36,4,15,5,12,27,1,11,8,7
S01012989,283,30,123,73,57,177,19,76,44,38,106,11,47,29,19,50,4,21,16,9,24,4,10,6,4,32,3,16,7,6
S01012990,189,17,61,47,64,127,8,39,35,45,62,9,22,12,19,19,2,7,2,8,18,4,4,5,5,25,3,11,5,6
S01012991,244,38,71,54,81,139,26,32,39,42,105,12,39,15,39,49,5,17,9,18,34,5,12,2,15,22,2,10,4,6
S01012992,244,29,95,53,67,147,17,56,32,42,97,12,39,21,25,38,3,14,11,10,25,3,12,4,6,34,6,13,6,9
S01012993,258,33,87,52,86,179,27,62,33,57,79,6,25,19,29,33,2,8,8,15,21,0,5,6,10,25,4,12,5,4
S01012994,363,40,122,73,128,273,29,89,53,102,90,11,33,20,26,32,4,13,10,5,32,3,12,5,12,26,4,8,5,9
S01012995,268,50,100,68,50,178,35,66,40,37,90,15,34,28,13,27,5,7,11,4,41,7,14,12,8,22,3,13,5,1
S01012996,208,23,67,56,62,138,13,40,45,40,70,10,27,11,22,27,3,12,4,8,18,2,7,2,7,25,5,8,5,7
S01012997,136,20,45,30,41,78,13,22,18,25,58,7,23,12,16,19,2,7,7,3,27,4,10,3,10,12,1,6,2,3
S01012998,332,71,115,69,77,170,29,55,42,44,162,42,60,27,33,51,14,20,7,10,61,18,19,11,13,50,10,21,9,10
S01012999,155,16,49,38,52,97,10,30,26,31,58,6,19,12,21,20,3,7,4,6,23,3,6,3,11,15,0,6,5,4
S01013000,214,22,64,54,74,147,15,45,31,56,67,7,19,23,18,31,2,7,11,11,14,5,5,2,2,22,0,7,10,5
S01013001,109,45,34,18,12,65,24,23,12,6,44,21,11,6,6,10,6,0,4,0,16,7,4,1,4,18,8,7,1,2
S01013002,139,53,42,25,19,81,26,24,18,13,58,27,18,7,6,16,11,2,1,2,18,7,8,3,0,24,9,8,3,4
S01013003,152,88,44,11,9,76,44,21,7,4,76,44,23,4,5,7,6,1,0,0,38,23,12,2,1,31,15,10,2,4
S01013004,189,76,68,26,19,93,30,34,16,13,96,46,34,10,6,19,5,12,2,0,40,21,14,3,2,37,20,8,5,4
S01013005,199,78,76,31,14,110,47,43,12,8,89,31,33,19,6,25,10,8,7,0,32,11,12,3,6,32,10,13,9,0
S01013006,173,93,50,22,8,97,48,31,11,7,76,45,19,11,1,19,12,4,3,0,26,14,7,4,1,31,19,8,4,0
S01013007,234,102,67,33,32,132,50,39,23,20,102,52,28,10,12,33,18,7,3,5,28,16,8,1,3,41,18,13,6,4
S01013008,221,90,64,31,36,121,40,38,22,21,100,50,26,9,15,34,16,10,4,4,37,19,10,1,7,29,15,6,4,4
S01013009,168,38,70,35,25,95,20,40,21,14,73,18,30,14,11,23,5,10,4,4,28,7,9,7,5,22,6,11,3,2
S01013010,165,63,49,30,23,103,31,33,20,19,62,32,16,10,4,13,7,2,3,1,31,15,11,4,1,18,10,3,3,2
S01013011,204,74,63,36,31,82,26,28,12,16,122,48,35,24,15,36,15,11,9,1,44,18,11,7,8,42,15,13,8,6
S01013012,205,50,56,60,39,119,26,29,39,25,86,24,27,21,14,21,5,4,8,4,31,10,10,5,6,34,9,13,8,4
S01013013,200,66,55,41,38,107,29,27,28,23,93,37,28,13,15,24,12,4,5,3,39,13,17,4,5,30,12,7,4,7
S01013014,218,50,67,72,29,130,23,47,40,20,88,27,20,32,9,23,7,7,8,1,35,11,8,12,4,30,9,5,12,4
S01013015,214,77,60,58,19,118,35,40,32,11,96,42,20,26,8,28,17,1,6,4,31,11,12,6,2,37,14,7,14,2
S01013016,184,72,42,51,19,112,36,29,36,11,72,36,13,15,8,21,8,9,4,0,30,17,3,5,5,21,11,1,6,3
S01013017,238,77,75,48,38,127,33,43,29,22,111,44,32,19,16,35,14,12,6,3,46,18,12,7,9,30,12,8,6,4
S01013018,273,119,78,45,31,156,57,50,29,20,117,62,28,16,11,27,20,4,1,2,53,31,12,7,3,37,11,12,8,6
S01013019,278,112,117,32,17,150,59,69,15,7,128,53,48,17,10,43,19,14,4,6,44,22,13,9,0,41,12,21,4,4
S01013020,128,25,41,32,30,84,15,23,25,21,44,10,18,7,9,21,4,7,5,5,12,3,4,2,3,11,3,7,0,1
S01013021,138,24,40,41,33,84,12,23,24,25,54,12,17,17,8,21,6,5,7,3,18,2,6,6,4,15,4,6,4,1
S01013022,157,31,57,25,44,75,21,24,12,18,82,10,33,13,26,39,6,17,5,11,20,1,10,3,6,23,3,6,5,9
S01013023,228,114,75,19,20,129,59,48,11,11,99,55,27,8,9,22,13,3,3,3,40,23,10,2,5,37,19,14,3,1
S01013024,146,51,53,26,16,84,27,30,15,12,62,24,23,11,4,20,10,6,3,1,22,8,6,6,2,20,6,11,2,1
S01013025,165,46,52,52,15,122,30,40,41,11,43,16,12,11,4,9,5,2,1,1,16,7,3,5,1,18,4,7,5,2
S01013026,339,48,105,95,91,216,33,68,57,58,123,15,37,38,33,59,11,16,21,11,39,4,12,10,13,25,0,9,7,9
S01013027,308,15,58,85,150,167,5,29,50,83,141,10,29,35,67,59,4,11,14,30,56,3,11,14,28,26,3,7,7,9
S01013028,148,27,38,47,36,96,18,30,29,19,52,9,8,18,17,13,3,2,5,3,15,2,1,3,9,24,4,5,10,5
S01013029,176,16,30,44,86,106,6,18,33,49,70,10,12,11,37,26,4,3,9,10,21,1,5,1,14,23,5,4,1,13
S01013030,180,6,35,56,83,100,5,14,36,45,80,1,21,20,38,24,0,5,3,16,36,1,10,10,15,20,0,6,7,7
S01013031,233,5,49,71,108,142,4,29,41,68,91,1,20,30,40,32,1,6,10,15,32,0,7,11,14,27,0,7,9,11
S01013032,290,52,91,83,64,150,28,43,51,28,140,24,48,32,36,47,7,17,12,11,71,16,20,15,20,22,1,11,5,5
S01013033,246,28,77,67,74,140,18,40,36,46,106,10,37,31,28,49,6,16,12,15,37,2,10,14,11,20,2,11,5,2
S01013034,213,15,38,62,98,125,11,22,31,61,88,4,16,31,37,48,3,9,15,21,17,0,4,8,5,23,1,3,8,11
S01013035,228,4,33,56,135,132,3,20,38,71,96,1,13,18,64,34,0,4,8,22,38,0,5,8,25,24,1,4,2,17
S01013036,229,5,45,55,124,139,3,28,34,74,90,2,17,21,50,36,2,6,8,20,31,0,7,6,18,23,0,4,7,12
S01013037,230,40,100,44,46,150,25,72,26,27,80,15,28,18,19,24,6,7,5,6,26,4,12,4,6,30,5,9,9,7
S01013038,310,31,82,82,115,200,20,56,46,78,110,11,26,36,37,35,5,5,9,16,35,3,12,11,9,40,3,9,16,12
S01013039,159,49,60,29,21,82,20,37,15,10,77,29,23,14,11,15,4,4,3,4,25,13,7,4,1,37,12,12,7,6
S01013040,200,22,71,49,58,139,16,51,32,40,61,6,20,17,18,19,3,4,6,6,22,3,10,5,4,20,0,6,6,8
S01013041,202,35,68,58,41,137,23,51,37,26,65,12,17,21,15,21,5,3,5,8,22,5,8,9,0,22,2,6,7,7
S01013042,261,56,71,79,55,156,38,39,42,37,105,18,32,37,18,40,8,11,13,8,31,3,11,13,4,34,7,10,11,6
S01013043,207,16,51,58,82,118,10,33,34,41,89,6,18,24,41,37,5,7,11,14,18,0,6,2,10,34,1,5,11,17
S01013044,241,15,56,70,100,136,4,31,51,50,105,11,25,19,50,37,2,11,8,16,41,4,9,5,23,27,5,5,6,11
S01013045,219,39,68,64,48,116,23,29,37,27,103,16,39,27,21,39,8,13,7,11,36,4,19,9,4,28,4,7,11,6
S01013046,150,8,40,34,68,93,6,28,18,41,57,2,12,16,27,20,0,4,4,12,13,2,5,3,3,24,0,3,9,12
S01013047,307,78,115,71,43,162,44,53,36,29,145,34,62,35,14,48,15,14,14,5,60,15,25,14,6,37,4,23,7,3
S01013048,335,57,144,71,63,259,44,103,57,55,76,13,41,14,8,30,3,18,4,5,23,3,14,5,1,23,7,9,5,2
S01013049,268,74,99,61,34,189,51,71,39,28,79,23,28,22,6,21,7,8,6,0,33,10,11,9,3,25,6,9,7,3
S01013050,262,37,77,64,84,196,32,58,46,60,66,5,19,18,24,17,2,2,7,6,26,2,8,2,14,23,1,9,9,4
S01013051,292,22,86,74,110,179,12,49,57,61,113,10,37,17,49,44,6,13,6,19,30,1,10,5,14,39,3,14,6,16
S01013052,244,26,66,62,90,164,18,47,43,56,80,8,19,19,34,32,3,7,6,16,26,3,6,6,11,22,2,6,7,7
S01013053,239,21,57,52,109,168,12,40,43,73,71,9,17,9,36,28,3,5,5,15,23,3,5,2,13,20,3,7,2,8
S01013054,204,43,61,51,49,145,32,43,36,34,59,11,18,15,15,26,4,5,7,10,13,4,4,4,1,20,3,9,4,4
S01013055,227,27,44,65,91,154,17,28,41,68,73,10,16,24,23,26,2,5,11,8,26,4,7,4,11,21,4,4,9,4
S01013056,290,31,66,81,112,199,18,45,63,73,91,13,21,18,39,31,6,7,7,11,29,5,6,8,10,31,2,8,3,18
S01013057,307,21,64,71,151,156,11,31,41,73,151,10,33,30,78,53,3,8,11,31,49,5,12,11,21,49,2,13,8,26
S01013058,200,64,74,36,26,89,30,36,12,11,111,34,38,24,15,56,13,16,16,11,40,14,16,6,4,15,7,6,2,0
S01013059,216,88,69,29,30,158,56,52,26,24,58,32,17,3,6,23,12,6,2,3,18,11,5,1,1,17,9,6,0,2
S01013060,154,68,50,19,17,106,38,39,16,13,48,30,11,3,4,17,13,2,1,1,16,9,4,1,2,15,8,5,1,1
S01013061,199,97,68,20,14,125,63,42,10,10,74,34,26,10,4,28,15,8,4,1,21,11,10,0,0,25,8,8,6,3
S01013062,249,116,97,27,9,167,69,73,17,8,82,47,24,10,1,33,13,10,9,1,28,21,6,1,0,21,13,8,0,0
S01013063,240,137,71,16,16,159,77,54,13,15,81,60,17,3,1,25,18,4,3,0,35,26,8,0,1,21,16,5,0,0
S01013064,234,22,66,79,67,137,11,37,42,47,97,11,29,37,20,40,6,12,15,7,39,5,11,13,10,18,0,6,9,3
S01013065,296,34,104,49,109,205,26,69,37,73,91,8,35,12,36,42,5,12,4,21,27,1,15,4,7,22,2,8,4,8
S01013066,283,50,99,45,89,205,31,69,34,71,78,19,30,11,18,38,10,12,4,12,25,6,14,3,2,15,3,4,4,4
S01013067,377,58,209,51,59,342,55,196,41,50,35,3,13,10,9,20,2,4,8,6,10,1,6,2,1,5,0,3,0,2
S01013068,358,53,120,46,139,280,45,99,31,105,78,8,21,15,34,32,5,9,3,15,29,3,4,8,14,17,0,8,4,5
S01013069,324,54,160,38,72,272,44,144,26,58,52,10,16,12,14,24,7,5,6,6,13,1,7,1,4,15,2,4,5,4
S01013070,269,28,125,37,79,219,26,111,26,56,50,2,14,11,23,22,1,7,2,12,15,1,4,4,6,13,0,3,5,5
S01013071,343,49,182,41,71,316,46,176,34,60,27,3,6,7,11,17,3,1,5,8,6,0,2,2,2,4,0,3,0,1
S01013072,168,4,24,47,93,101,2,10,30,59,67,2,14,17,34,14,1,5,3,5,19,0,4,3,12,34,1,5,11,17
S01013073,315,43,94,41,137,207,37,63,26,81,108,6,31,15,56,58,5,18,8,27,30,1,8,6,15,20,0,5,1,14
S01013074,246,7,35,52,152,142,3,20,30,89,104,4,15,22,63,40,3,3,8,26,43,1,9,6,27,21,0,3,8,10
S01013075,315,23,83,62,147,241,22,63,43,113,74,1,20,19,34,27,0,9,4,14,21,1,6,7,7,26,0,5,8,13
S01013076,152,37,67,25,23,90,17,46,10,17,62,20,21,15,6,34,14,12,7,1,13,2,5,4,2,15,4,4,4,3
S01013077,220,14,53,46,107,120,5,30,26,59,100,9,23,20,48,43,3,9,10,21,33,2,10,6,15,24,4,4,4,12
S01013078,215,15,39,53,108,129,11,25,33,60,86,4,14,20,48,40,3,7,9,21,30,1,3,7,19,16,0,4,4,8
S01013079,330,115,120,48,47,162,51,66,21,24,168,64,54,27,23,80,41,22,9,8,51,14,21,10,6,37,9,11,8,9
S01013080,255,89,104,29,33,172,55,72,21,24,83,34,32,8,9,33,17,10,4,2,23,9,9,2,3,27,8,13,2,4
S01013081,188,70,57,34,27,124,44,34,26,20,64,26,23,8,7,25,11,7,3,4,26,11,9,4,2,13,4,7,1,1
S01013082,261,67,98,61,35,190,51,73,41,25,71,16,25,20,10,24,6,7,7,4,22,4,13,3,2,25,6,5,10,4
S01013083,132,45,59,23,5,74,20,36,14,4,58,25,23,9,1,13,5,6,2,0,27,13,10,3,1,18,7,7,4,0
S01013084,181,67,79,24,11,98,34,42,17,5,83,33,37,7,6,33,18,11,1,3,26,8,14,3,1,24,7,12,3,2
S01013085,136,44,39,23,30,74,18,26,11,19,62,26,13,12,11,29,14,6,6,3,21,9,4,3,5,12,3,3,3,3
S01013086,338,117,136,34,51,268,82,117,29,40,70,35,19,5,11,34,18,7,2,7,20,11,3,2,4,16,6,9,1,0
S01013087,237,126,88,10,13,142,65,64,5,8,95,61,24,5,5,28,18,5,2,3,30,21,6,2,1,37,22,13,1,1
S01013088,244,130,83,17,14,144,68,51,15,10,100,62,32,2,4,24,17,6,0,1,41,24,14,2,1,35,21,12,0,2
S01013089,232,58,91,40,43,161,36,71,23,31,71,22,20,17,12,28,13,3,6,6,26,6,12,4,4,17,3,5,7,2
S01013090,300,97,122,39,42,237,70,107,26,34,63,27,15,13,8,24,9,6,8,1,24,13,2,5,4,15,5,7,0,3
S01013091,235,65,111,28,31,206,59,100,24,23,29,6,11,4,8,16,5,4,2,5,8,1,4,2,1,5,0,3,0,2
S01013092,350,87,148,55,60,245,59,112,33,41,105,28,36,22,19,43,15,13,10,5,27,8,11,2,6,35,5,12,10,8
S01013093,139,61,43,27,8,99,38,33,21,7,40,23,10,6,1,9,5,2,2,0,19,10,6,3,0,12,8,2,1,1
S01013094,152,73,55,15,9,74,32,31,7,4,78,41,24,8,5,16,7,5,4,0,33,21,6,2,4,29,13,13,2,1
S01013095,235,167,44,13,11,86,50,24,7,5,149,117,20,6,6,34,28,3,2,1,66,56,7,1,2,49,33,10,3,3
S01013096,157,41,45,33,38,96,21,28,22,25,61,20,17,11,13,22,11,5,5,1,22,6,7,3,6,17,3,5,3,6
S01013097,203,95,55,32,21,126,53,35,21,17,77,42,20,11,4,29,16,8,4,1,33,20,8,3,2,15,6,4,4,1
S01013098,179,125,37,10,7,28,13,9,3,3,151,112,28,7,4,42,35,6,0,1,70,52,13,3,2,39,25,9,4,1
S01013099,293,109,96,36,52,211,70,75,25,41,82,39,21,11,11,32,17,7,5,3,17,9,5,1,2,33,13,9,5,6
S01013100,149,95,40,6,8,80,50,19,4,7,69,45,21,2,1,19,13,4,1,1,36,25,11,0,0,14,7,6,1,0
S01013101,335,63,93,87,92,228,45,53,65,65,107,18,40,22,27,38,5,16,8,9,40,8,15,7,10,29,5,9,7,8
S01013102,156,73,47,22,14,95,40,29,16,10,61,33,18,6,4,11,5,5,0,1,25,14,6,4,1,25,14,7,2,2
S01013103,231,112,65,35,19,85,30,29,14,12,146,82,36,21,7,41,20,11,10,0,59,40,12,4,3,46,22,13,7,4
S01013104,265,115,96,31,23,153,60,56,19,18,112,55,40,12,5,30,15,10,4,1,42,22,15,4,1,40,18,15,4,3
S01013105,260,137,73,29,21,155,76,41,20,18,105,61,32,9,3,35,19,13,3,0,34,21,9,4,0,36,21,10,2,3
S01013106,234,67,63,60,44,134,36,36,37,25,100,31,27,23,19,35,10,10,10,5,38,9,9,8,12,27,12,8,5,2
S01013107,186,78,55,28,25,122,45,40,19,18,64,33,15,9,7,16,7,3,2,4,28,11,10,5,2,20,15,2,2,1
S01013108,179,45,41,49,44,111,28,26,30,27,68,17,15,19,17,25,5,5,9,6,30,9,7,7,7,13,3,3,3,4
S01013109,300,99,77,93,31,172,57,43,54,18,128,42,34,39,13,40,16,8,12,4,42,13,5,17,7,46,13,21,10,2
S01013110,171,50,46,47,28,105,29,27,27,22,66,21,19,20,6,22,10,2,8,2,24,6,7,9,2,20,5,10,3,2
S01013111,122,36,46,25,15,63,18,20,11,14,59,18,26,14,1,16,6,10,0,0,16,5,7,4,0,27,7,9,10,1
S01013112,206,42,61,50,53,100,17,26,27,30,106,25,35,23,23,35,7,15,6,7,35,8,8,9,10,36,10,12,8,6
S01013113,230,20,58,73,79,145,9,37,46,53,85,11,21,27,26,29,5,8,7,9,29,3,6,11,9,27,3,7,9,8
S01013114,230,62,73,50,45,146,34,48,32,32,84,28,25,18,13,32,11,7,8,6,23,8,8,3,4,29,9,10,7,3
S01013115,200,33,63,56,48,160,23,55,44,38,40,10,8,12,10,12,3,1,6,2,9,1,2,2,4,19,6,5,4,4
S01013116,183,71,67,28,17,122,45,46,18,13,61,26,21,10,4,13,6,6,1,0,24,9,4,7,4,24,11,11,2,0
S01013117,221,35,70,60,56,136,23,49,33,31,85,12,21,27,25,29,6,10,7,6,30,1,5,12,12,26,5,6,8,7
S01013118,138,56,36,23,23,97,40,25,17,15,41,16,11,6,8,12,8,2,1,1,18,5,6,2,5,11,3,3,3,2
S01013119,235,70,60,48,57,164,47,41,34,42,71,23,19,14,15,24,13,5,2,4,21,6,4,5,6,26,4,10,7,5
S01013120,299,57,73,96,73,208,36,54,62,56,91,21,19,34,17,25,2,4,13,6,36,13,5,8,10,30,6,10,13,1
S01013121,110,19,27,27,37,68,9,19,15,25,42,10,8,12,12,14,4,1,3,6,16,6,5,2,3,12,0,2,7,3
S01013122,277,10,47,60,160,205,6,34,45,120,72,4,13,15,40,35,3,4,9,19,25,0,6,4,15,12,1,3,2,6
S01013123,335,30,111,61,133,219,18,70,43,88,116,12,41,18,45,56,5,20,5,26,27,5,7,7,8,33,2,14,6,11
S01013124,242,22,86,59,75,147,14,48,35,50,95,8,38,24,25,32,5,11,10,6,26,1,12,5,8,37,2,15,9,11
S01013125,245,27,97,64,57,159,16,67,44,32,86,11,30,20,25,28,7,11,3,7,28,2,9,8,9,30,2,10,9,9
S01013126,294,20,68,67,139,174,9,32,51,82,120,11,36,16,57,45,1,16,6,22,42,4,12,6,20,33,6,8,4,15
S01013127,298,11,66,59,162,166,7,27,43,89,132,4,39,16,73,51,2,13,5,31,58,1,19,9,29,23,1,7,2,13
S01013128,390,23,148,65,154,331,20,125,59,127,59,3,23,6,27,32,1,14,3,14,16,1,5,2,8,11,1,4,1,5
S01013129,409,50,140,91,128,279,32,101,63,83,130,18,39,28,45,61,10,22,9,20,36,4,11,8,13,33,4,6,11,12
S01013130,295,25,88,46,136,181,14,61,33,73,114,11,27,13,63,53,6,8,8,31,29,3,9,3,14,32,2,10,2,18
S01013131,273,21,89,58,105,165,17,56,34,58,108,4,33,24,47,55,0,21,6,28,28,2,6,10,10,25,2,6,8,9
S01013132,242,12,71,55,104,162,9,46,39,68,80,3,25,16,36,36,0,11,7,18,27,3,8,7,9,17,0,6,2,9
S01013133,361,30,108,84,139,274,19,79,67,109,87,11,29,17,30,43,5,14,6,18,29,4,12,8,5,15,2,3,3,7
S01013134,267,38,91,67,71,155,15,53,39,48,112,23,38,28,23,33,7,10,7,9,49,10,16,13,10,30,6,12,8,4
S01013135,320,11,78,70,161,206,5,45,42,114,114,6,33,28,47,44,5,13,6,20,42,1,13,13,15,28,0,7,9,12
S01013136,245,12,77,65,91,154,7,45,38,64,91,5,32,27,27,30,2,8,11,9,21,1,9,7,4,40,2,15,9,14
S01013137,197,8,50,72,67,112,2,29,43,38,85,6,21,29,29,28,2,6,10,10,27,3,5,8,11,30,1,10,11,8
S01013138,292,10,80,50,152,170,2,46,36,86,122,8,34,14,66,42,2,9,6,25,47,4,14,5,24,33,2,11,3,17
S01013139,290,13,74,68,135,187,8,40,51,88,103,5,34,17,47,29,2,6,2,19,38,3,17,6,12,36,0,11,9,16
S01013140,255,19,63,58,115,149,9,30,32,78,106,10,33,26,37,42,4,13,7,18,26,3,7,6,10,38,3,13,13,9
S01013141,213,16,53,51,93,140,11,39,32,58,73,5,14,19,35,34,3,4,9,18,23,2,6,6,9,16,0,4,4,8
S01013142,309,8,94,65,142,230,5,64,54,107,79,3,30,11,35,28,1,13,3,11,23,2,5,4,12,28,0,12,4,12
S01013143,282,23,100,69,90,184,13,71,45,55,98,10,29,24,35,33,3,9,10,11,28,3,9,7,9,37,4,11,7,15
S01013144,262,25,84,62,91,170,15,50,42,63,92,10,34,20,28,22,2,8,6,6,27,5,10,4,8,43,3,16,10,14
S01013145,218,22,79,53,64,152,13,56,36,47,66,9,23,17,17,22,4,7,7,4,21,4,6,5,6,23,1,10,5,7
S01013146,129,9,45,32,43,72,4,24,21,23,57,5,21,11,20,21,2,8,4,7,19,2,7,2,8,17,1,6,5,5
S01013147,199,24,70,53,52,102,15,27,29,31,97,9,43,24,21,31,6,8,10,7,28,3,10,8,7,38,0,25,6,7
S01013148,261,33,108,65,55,183,24,70,42,47,78,9,38,23,8,33,2,17,11,3,28,5,12,7,4,17,2,9,5,1
S01013149,311,37,123,73,78,202,25,85,45,47,109,12,38,28,31,50,8,14,10,18,31,2,13,9,7,28,2,11,9,6
S01013150,260,26,90,65,79,173,17,51,48,57,87,9,39,17,22,27,3,14,5,5,36,2,14,9,11,24,4,11,3,6
S01013151,191,40,76,43,32,125,27,49,29,20,66,13,27,14,12,26,5,13,4,4,25,5,10,5,5,15,3,4,5,3
S01013152,267,38,85,67,77,156,17,50,36,53,111,21,35,31,24,41,11,10,10,10,42,5,12,15,10,28,5,13,6,4
S01013153,316,10,82,76,148,172,6,40,44,82,144,4,42,32,66,64,3,14,14,33,44,1,16,10,17,36,0,12,8,16
S01013154,349,27,97,88,137,205,17,49,61,78,144,10,48,27,59,47,4,14,13,16,50,2,18,7,23,47,4,16,7,20
S01013155,367,12,107,76,172,199,4,66,47,82,168,8,41,29,90,72,3,20,10,39,53,2,9,8,34,43,3,12,11,17
S01013156,299,12,77,60,150,154,7,44,34,69,145,5,33,26,81,40,2,8,6,24,57,0,10,12,35,48,3,15,8,22
S01013157,359,18,97,71,173,205,9,53,44,99,154,9,44,27,74,73,4,16,16,37,46,2,17,6,21,35,3,11,5,16
S01013158,155,26,67,39,23,88,13,38,25,12,67,13,29,14,11,22,10,9,1,2,23,0,9,11,3,22,3,11,2,6
S01013159,209,36,90,40,43,138,27,63,19,29,71,9,27,21,14,29,3,14,5,7,17,1,4,9,3,25,5,9,7,4
S01013160,198,36,85,55,22,103,16,46,30,11,95,20,39,25,11,36,9,15,9,3,33,5,15,7,6,26,6,9,9,2
S01013161,366,32,130,91,113,235,23,82,52,78,131,9,48,39,35,66,4,23,19,20,40,2,17,13,8,25,3,8,7,7
S01013162,267,26,77,78,86,193,18,54,52,69,74,8,23,26,17,40,6,10,14,10,19,1,8,6,4,15,1,5,6,3
S01013163,202,27,72,65,38,111,19,40,30,22,91,8,32,35,16,29,3,7,11,8,26,1,11,10,4,36,4,14,14,4
S01013164,355,56,101,103,95,234,29,63,71,71,121,27,38,32,24,45,6,13,13,13,44,12,16,11,5,32,9,9,8,6
S01013165,256,38,105,63,50,161,24,66,41,30,95,14,39,22,20,32,7,11,6,8,32,3,12,10,7,31,4,16,6,5
S01013166,323,8,72,70,173,244,8,47,56,133,79,0,25,14,40,39,0,12,7,20,27,0,9,4,14,13,0,4,3,6
S01013167,342,12,84,76,170,248,9,56,57,126,94,3,28,19,44,50,1,12,9,28,28,2,9,8,9,16,0,7,2,7
S01013168,274,5,70,74,125,174,3,36,53,82,100,2,34,21,43,43,0,14,9,20,35,1,16,7,11,22,1,4,5,12
S01013169,264,17,70,66,111,175,9,48,34,84,89,8,22,32,27,37,2,6,15,14,28,5,10,9,4,24,1,6,8,9
S01013170,190,4,56,50,80,127,3,38,38,48,63,1,18,12,32,26,1,6,2,17,18,0,5,5,8,19,0,7,5,7
S01013171,206,38,79,45,44,103,11,40,25,27,103,27,39,20,17,34,8,13,5,8,34,10,17,5,2,35,9,9,10,7
S01013172,240,24,86,53,77,150,12,52,37,49,90,12,34,16,28,28,4,9,6,9,30,3,10,6,11,32,5,15,4,8
S01013173,295,37,107,77,74,190,27,69,43,51,105,10,38,34,23,31,2,15,8,6,37,4,13,12,8,37,4,10,14,9
S01013174,242,58,97,64,23,129,31,53,33,12,113,27,44,31,11,20,6,8,5,1,49,10,20,16,3,44,11,16,10,7
S01013175,279,64,107,74,34,146,31,60,39,16,133,33,47,35,18,51,13,17,13,8,48,15,17,11,5,34,5,13,11,5
S01013176,276,48,126,54,48,215,36,94,47,38,61,12,32,7,10,24,5,14,1,4,14,3,7,1,3,23,4,11,5,3
S01013177,215,46,92,45,32,150,36,61,29,24,65,10,31,16,8,22,2,12,6,2,21,5,9,5,2,22,3,10,5,4
S01013178,249,45,98,55,51,181,37,66,38,40,68,8,32,17,11,28,3,15,6,4,21,3,11,3,4,19,2,6,8,3
S01013179,270,33,96,58,83,200,24,67,45,64,70,9,29,13,19,27,1,15,4,7,19,3,4,4,8,24,5,10,5,4
S01013180,146,24,64,37,21,91,15,36,23,17,55,9,28,14,4,19,4,8,5,2,15,1,7,5,2,21,4,13,4,0
S01013181,213,29,76,65,43,139,21,46,41,31,74,8,30,24,12,24,3,9,9,3,28,2,11,8,7,22,3,10,7,2
S01013182,231,28,61,53,89,150,21,30,30,69,81,7,31,23,20,30,1,10,10,9,25,2,14,5,4,26,4,7,8,7
S01013183,259,56,99,56,48,175,35,69,37,34,84,21,30,19,14,30,6,13,5,6,29,10,9,7,3,25,5,8,7,5
S01013184,241,8,58,47,128,151,5,40,20,86,90,3,18,27,42,42,1,10,10,21,27,1,7,8,11,21,1,1,9,10
S01013185,271,18,89,60,104,147,11,45,26,65,124,7,44,34,39,56,2,21,13,20,35,3,14,11,7,33,2,9,10,12
S01013186,240,9,56,61,114,132,4,32,32,64,108,5,24,29,50,44,1,6,11,26,40,2,11,10,17,24,2,7,8,7
S01013187,304,23,89,75,117,193,13,48,49,83,111,10,41,26,34,43,6,17,9,11,34,1,10,13,10,34,3,14,4,13
S01013188,260,34,85,51,90,151,20,52,30,49,109,14,33,21,41,42,4,15,8,15,31,3,9,8,11,36,7,9,5,15
S01013189,156,29,60,45,22,92,16,35,24,17,64,13,25,21,5,18,4,6,7,1,18,6,7,4,1,28,3,12,10,3
S01013190,258,35,88,66,69,157,17,48,42,50,101,18,40,24,19,36,10,11,10,5,39,7,20,5,7,26,1,9,9,7
S01013191,313,83,123,70,37,162,41,61,38,22,151,42,62,32,15,48,16,16,13,3,59,14,28,10,7,44,12,18,9,5
S01013192,294,60,115,59,60,200,36,78,42,44,94,24,37,17,16,30,5,12,6,7,33,10,14,6,3,31,9,11,5,6
S01013193,271,35,105,63,68,200,21,83,48,48,71,14,22,15,20,31,9,4,7,11,22,4,11,4,3,18,1,7,4,6
S01013194,264,40,87,57,80,201,30,64,44,63,63,10,23,13,17,26,3,9,4,10,21,5,8,3,5,16,2,6,6,2
S01013195,442,49,185,96,112,367,37,149,82,99,75,12,36,14,13,33,9,13,6,5,21,1,11,4,5,21,2,12,4,3
S01013196,293,50,117,68,58,247,45,93,59,50,46,5,24,9,8,21,0,12,4,5,12,4,6,1,1,13,1,6,4,2
S01013197,152,32,65,27,28,102,20,47,16,19,50,12,18,11,9,21,6,6,5,4,15,2,6,6,1,14,4,6,0,4
S01013198,258,33,71,65,89,178,22,49,41,66,80,11,22,24,23,26,2,6,8,10,23,4,4,8,7,31,5,12,8,6
S01013199,296,64,101,58,73,224,38,80,48,58,72,26,21,10,15,28,10,6,3,9,25,11,8,4,2,19,5,7,3,4
S01013200,229,35,62,51,81,134,22,36,30,46,95,13,26,21,35,46,5,12,8,21,20,3,5,6,6,29,5,9,7,8
S01013201,302,17,61,48,176,214,14,39,36,125,88,3,22,12,51,37,1,13,3,20,23,1,4,2,16,28,1,5,7,15
S01013202,192,18,42,46,86,115,12,19,31,53,77,6,23,15,33,29,1,11,7,10,27,2,6,4,15,21,3,6,4,8
S01013203,281,23,64,67,127,182,16,37,41,88,99,7,27,26,39,41,3,15,8,15,28,2,5,7,14,30,2,7,11,10
S01013204,281,42,115,65,59,166,20,64,47,35,115,22,51,18,24,47,8,21,7,11,35,8,15,6,6,33,6,15,5,7
S01013205,194,2,35,53,104,107,0,21,29,57,87,2,14,24,47,38,0,5,5,28,29,0,6,8,15,20,2,3,11,4
S01013206,228,12,55,58,103,148,7,35,39,67,80,5,20,19,36,33,3,6,7,17,24,1,5,8,10,23,1,9,4,9
S01013207,293,21,94,68,110,216,17,64,48,87,77,4,30,20,23,41,1,17,7,16,18,0,8,8,2,18,3,5,5,5
S01013208,374,26,94,74,180,249,11,62,47,129,125,15,32,27,51,45,5,13,11,16,35,3,8,7,17,45,7,11,9,18
S01013209,306,28,95,89,94,223,21,65,67,70,83,7,30,22,24,40,1,18,10,11,21,3,4,4,10,22,3,8,8,3
S01013210,183,34,68,47,34,124,23,48,33,20,59,11,20,14,14,23,2,9,6,6,17,3,5,4,5,19,6,6,4,3
S01013211,321,35,95,85,106,227,26,63,62,76,94,9,32,23,30,28,2,10,7,9,31,3,10,10,8,35,4,12,6,13
S01013212,180,26,74,52,28,93,12,33,31,17,87,14,41,21,11,20,3,7,5,5,26,7,8,9,2,41,4,26,7,4
S01013213,175,30,73,52,20,96,18,37,30,11,79,12,36,22,9,22,2,8,9,3,25,4,14,5,2,32,6,14,8,4
S01013214,142,14,65,42,21,73,7,31,22,13,69,7,34,20,8,20,2,13,3,2,27,4,13,8,2,22,1,8,9,4
S01013215,330,21,123,84,102,248,15,92,68,73,82,6,31,16,29,36,3,9,6,18,28,3,15,5,5,18,0,7,5,6
S01013216,208,5,57,52,94,115,4,28,33,50,93,1,29,19,44,48,1,17,9,21,21,0,4,3,14,24,0,8,7,9
S01013217,226,13,69,62,82,128,6,38,37,47,98,7,31,25,35,31,3,9,8,11,34,2,11,10,11,33,2,11,7,13
S01013218,213,10,44,40,119,118,7,20,28,63,95,3,24,12,56,49,1,9,6,33,25,1,7,3,14,21,1,8,3,9
S01013219,188,7,52,46,83,119,5,31,33,50,69,2,21,13,33,30,0,8,5,17,20,0,8,4,8,19,2,5,4,8
S01013220,228,10,54,54,110,127,9,31,31,56,101,1,23,23,54,51,0,9,12,30,30,0,8,5,17,20,1,6,6,7
S01013221,293,18,71,72,132,159,10,40,36,73,134,8,31,36,59,49,6,4,14,25,43,2,10,13,18,42,0,17,9,16
S01013222,233,15,49,52,117,149,8,32,29,80,84,7,17,23,37,36,4,9,10,13,25,0,6,6,13,23,3,2,7,11
S01013223,415,37,138,89,151,289,25,91,62,111,126,12,47,27,40,68,7,28,11,22,28,4,6,10,8,30,1,13,6,10
S01013224,301,21,92,85,103,203,12,59,58,74,98,9,33,27,29,33,3,9,8,13,27,0,11,9,7,38,6,13,10,9
S01013225,245,18,61,58,108,126,9,27,27,63,119,9,34,31,45,42,2,9,16,15,40,4,12,10,14,37,3,13,5,16
S01013226,182,26,68,42,46,113,16,41,24,32,69,10,27,18,14,32,3,15,9,5,20,3,7,6,4,17,4,5,3,5
S01013227,264,12,73,68,111,168,9,42,38,79,96,3,31,30,32,38,1,11,9,17,38,2,12,14,10,20,0,8,7,5
S01013228,348,27,97,93,131,279,23,76,79,101,69,4,21,14,30,26,2,7,9,8,27,0,11,3,13,16,2,3,2,9
S01013229,283,20,88,65,110,172,14,50,47,61,111,6,38,18,49,41,1,15,7,18,39,5,15,5,14,31,0,8,6,17
S01013230,199,18,60,54,67,127,14,37,31,45,72,4,23,23,22,32,4,12,7,9,21,0,6,10,5,19,0,5,6,8
S01013231,270,16,88,64,102,186,11,57,38,80,84,5,31,26,22,32,2,12,11,7,18,0,3,8,7,34,3,16,7,8
S01013232,210,13,72,46,79,152,10,46,37,59,58,3,26,9,20,24,1,8,5,10,16,1,10,2,3,18,1,8,2,7
S01013233,170,19,67,48,36,128,14,53,34,27,42,5,14,14,9,12,0,3,3,6,17,4,5,7,1,13,1,6,4,2
S01013234,117,30,62,14,11,69,14,35,10,10,48,16,27,4,1,12,5,6,1,0,21,9,10,2,0,15,2,11,1,1
S01013235,261,25,97,79,60,195,14,73,60,48,66,11,24,19,12,32,5,12,7,8,14,3,7,2,2,20,3,5,10,2
S01013236,244,44,83,68,49,156,23,55,44,34,88,21,28,24,15,31,6,12,8,5,26,3,9,8,6,31,12,7,8,4
S01013237,301,40,121,67,73,186,21,72,46,47,115,19,49,21,26,41,11,14,8,8,43,5,18,8,12,31,3,17,5,6
S01013238,288,16,67,70,135,189,11,39,47,92,99,5,28,23,43,33,2,11,6,14,31,1,8,11,11,35,2,9,6,18
S01013239,332,20,72,66,174,203,13,48,45,97,129,7,24,21,77,57,3,13,9,32,43,1,7,5,30,29,3,4,7,15
S01013240,207,14,40,41,112,133,6,19,26,82,74,8,21,15,30,31,5,9,6,11,25,3,7,4,11,18,0,5,5,8
S01013241,235,67,90,54,24,164,46,61,38,19,71,21,29,16,5,22,6,8,6,2,25,9,14,1,1,24,6,7,9,2
S01013242,146,34,48,43,21,87,16,31,26,14,59,18,17,17,7,20,6,3,8,3,22,8,6,8,0,17,4,8,1,4
S01013243,257,18,68,69,102,171,11,48,38,74,86,7,20,31,28,29,3,7,9,10,33,3,5,16,9,24,1,8,6,9
S01013244,223,20,54,63,86,134,12,26,41,55,89,8,28,22,31,36,4,12,7,13,25,1,7,8,9,28,3,9,7,9
S01013245,308,42,92,84,90,168,17,47,47,57,140,25,45,37,33,55,12,14,16,13,45,7,19,11,8,40,6,12,10,12
S01013246,143,16,50,42,35,82,8,30,23,21,61,8,20,19,14,22,4,5,7,6,26,2,10,6,8,13,2,5,6,0
S01013247,277,18,57,69,133,166,12,32,45,77,111,6,25,24,56,46,3,8,11,24,42,1,12,7,22,23,2,5,6,10
S01013248,225,4,60,50,111,140,2,35,33,70,85,2,25,17,41,31,0,9,6,16,30,1,10,4,15,24,1,6,7,10
S01013249,156,11,51,39,55,97,9,27,24,37,59,2,24,15,18,19,0,9,2,8,20,1,9,4,6,20,1,6,9,4
S01013250,267,65,69,72,61,162,41,38,47,36,105,24,31,25,25,40,7,8,9,16,30,10,9,5,6,35,7,14,11,3
S01013251,266,16,58,69,123,131,7,26,34,64,135,9,32,35,59,55,4,11,11,29,56,1,16,16,23,24,4,5,8,7
S01013252,225,26,54,60,85,138,16,21,41,60,87,10,33,19,25,37,6,9,9,13,27,1,12,9,5,23,3,12,1,7
S01013253,229,24,59,64,82,150,12,36,52,50,79,12,23,12,32,37,7,10,6,14,27,3,8,4,12,15,2,5,2,6
S01013254,224,13,47,50,114,134,7,31,29,67,90,6,16,21,47,43,2,10,13,18,26,1,4,5,16,21,3,2,3,13
S01013255,252,19,68,68,97,148,9,42,41,56,104,10,26,27,41,29,5,7,9,8,44,3,8,12,21,31,2,11,6,12
S01013256,234,43,72,53,66,130,17,32,34,47,104,26,40,19,19,45,12,14,7,12,35,6,15,9,5,24,8,11,3,2
S01013257,263,29,81,85,68,182,22,54,60,46,81,7,27,25,22,28,2,8,8,10,27,2,9,8,8,26,3,10,9,4
S01013258,231,51,90,50,40,151,30,60,37,24,80,21,30,13,16,35,8,15,5,7,23,9,5,3,6,22,4,10,5,3
S01013259,263,24,86,72,81,155,18,49,51,37,108,6,37,21,44,34,3,8,9,14,47,2,21,6,18,27,1,8,6,12
S01013260,308,16,80,70,142,180,8,49,46,77,128,8,31,24,65,47,3,5,7,32,54,3,18,12,21,27,2,8,5,12
S01013261,271,16,68,71,116,153,12,35,47,59,118,4,33,24,57,54,2,12,12,28,38,1,13,4,20,26,1,8,8,9
S01013262,207,20,48,56,83,137,11,33,36,57,70,9,15,20,26,19,2,6,5,6,30,5,5,7,13,21,2,4,8,7
S01013263,157,74,48,21,14,76,26,27,16,7,81,48,21,5,7,23,14,5,0,4,39,24,9,4,2,19,10,7,1,1
S01013264,151,65,57,17,12,56,23,22,5,6,95,42,35,12,6,28,12,9,6,1,36,14,15,4,3,31,16,11,2,2
S01013265,190,94,64,18,14,71,36,25,8,2,119,58,39,10,12,24,10,10,3,1,53,29,14,2,8,42,19,15,5,3
S01013266,173,60,66,30,17,78,22,33,15,8,95,38,33,15,9,35,16,12,6,1,35,13,14,6,2,25,9,7,3,6
S01013267,188,20,66,29,73,108,17,36,19,36,80,3,30,10,37,21,1,5,4,11,26,0,10,4,12,33,2,15,2,14
S01013268,262,33,98,69,62,144,18,54,46,26,118,15,44,23,36,45,8,16,6,15,30,3,11,6,10,43,4,17,11,11
S01013269,333,102,140,49,42,190,60,73,32,25,143,42,67,17,17,60,23,17,11,9,49,7,33,4,5,34,12,17,2,3
S01013270,253,113,94,35,11,118,47,45,21,5,135,66,49,14,6,37,21,10,4,2,57,27,25,4,1,41,18,14,6,3
S01013271,172,94,58,15,5,109,56,41,9,3,63,38,17,6,2,22,16,5,1,0,18,9,5,2,2,23,13,7,3,0
S01013272,229,112,85,20,12,97,44,38,9,6,132,68,47,11,6,35,18,12,2,3,52,23,20,7,2,45,27,15,2,1
S01013273,271,116,93,40,22,87,29,32,15,11,184,87,61,25,11,69,35,19,12,3,75,37,25,8,5,40,15,17,5,3
S01013274,284,58,126,54,46,195,38,91,33,33,89,20,35,21,13,30,6,11,8,5,20,5,6,5,4,39,9,18,8,4
S01013275,226,58,80,42,46,128,36,41,23,28,98,22,39,19,18,36,9,14,5,8,29,8,13,6,2,33,5,12,8,8
S01013276,203,36,89,40,38,120,20,53,26,21,83,16,36,14,17,22,6,9,4,3,31,4,14,4,9,30,6,13,6,5
S01013277,284,22,89,74,99,165,12,57,42,54,119,10,32,32,45,45,4,7,16,18,37,3,10,9,15,37,3,15,7,12
S01013278,256,11,83,51,111,146,6,47,27,66,110,5,36,24,45,38,2,14,7,15,43,3,12,12,16,29,0,10,5,14
S01013279,247,19,75,44,109,132,9,40,29,54,115,10,35,15,55,41,3,10,4,24,40,3,17,4,16,34,4,8,7,15
S01013280,161,26,61,39,35,89,15,35,18,21,72,11,26,21,14,27,7,12,6,2,28,3,5,8,12,17,1,9,7,0
S01013281,269,19,86,69,95,144,7,48,39,50,125,12,38,30,45,60,7,12,16,25,40,3,18,9,10,25,2,8,5,10
S01013282,307,20,77,60,150,186,6,46,38,96,121,14,31,22,54,45,7,13,6,19,54,6,11,7,30,22,1,7,9,5
S01013283,287,64,79,46,98,214,50,56,38,70,73,14,23,8,28,39,10,12,4,13,14,1,4,1,8,20,3,7,3,7
S01013284,257,41,118,55,43,176,27,82,38,29,81,14,36,17,14,30,4,13,9,4,26,4,10,7,5,25,6,13,1,5
S01013285,226,44,96,40,46,138,22,64,22,30,88,22,32,18,16,35,7,10,9,9,32,10,13,6,3,21,5,9,3,4
S01013286,242,50,102,55,35,157,25,67,38,27,85,25,35,17,8,31,10,10,7,4,24,7,10,6,1,30,8,15,4,3
S01013287,249,84,112,27,26,137,39,67,16,15,112,45,45,11,11,24,10,9,3,2,43,16,15,7,5,45,19,21,1,4
S01013288,222,53,85,38,46,134,26,54,23,31,88,27,31,15,15,36,11,12,4,9,22,8,7,4,3,30,8,12,7,3
S01013289,227,88,70,40,29,122,38,39,23,22,105,50,31,17,7,30,14,11,5,0,40,18,13,5,4,35,18,7,7,3
S01013290,304,57,113,77,57,162,22,53,46,41,142,35,60,31,16,55,23,22,5,5,51,7,22,19,3,36,5,16,7,8
S01013291,237,38,85,67,47,112,14,38,41,19,125,24,47,26,28,38,14,11,7,6,53,5,25,8,15,34,5,11,11,7
S01013292,233,42,90,65,36,154,29,58,41,26,79,13,32,24,10,23,2,12,4,5,25,4,8,12,1,31,7,12,8,4
S01013293,226,51,80,54,41,125,22,45,34,24,101,29,35,20,17,23,8,7,6,2,31,11,9,5,6,47,10,19,9,9
S01013294,256,45,97,74,40,157,27,60,47,23,99,18,37,27,17,29,6,12,5,6,37,6,19,9,3,33,6,6,13,8
S01013295,277,52,99,63,63,188,36,79,43,30,89,16,20,20,33,25,5,4,9,7,29,7,5,5,12,35,4,11,6,14
S01013296,218,19,48,64,87,150,9,37,44,60,68,10,11,20,27,16,0,2,2,12,28,6,4,9,9,24,4,5,9,6
S01013297,216,24,75,54,63,132,14,44,31,43,84,10,31,23,20,27,5,8,8,6,25,3,8,5,9,32,2,15,10,5
S01013298,199,44,69,52,34,133,30,46,37,20,66,14,23,15,14,26,7,12,2,5,15,2,6,5,2,25,5,5,8,7
S01013299,323,41,116,68,98,179,26,56,44,53,144,15,60,24,45,57,8,23,8,18,39,3,18,9,9,48,4,19,7,18
S01013300,184,15,57,55,57,130,7,42,37,44,54,8,15,18,13,16,4,3,7,2,18,3,6,5,4,20,1,6,6,7
S01013301,151,11,37,48,55,99,6,27,32,34,52,5,10,16,21,20,1,3,10,6,22,0,5,5,12,10,4,2,1,3
S01013302,214,36,75,49,54,145,21,49,30,45,69,15,26,19,9,25,7,7,7,4,24,6,8,6,4,20,2,11,6,1
S01013303,239,36,92,55,56,160,24,66,30,40,79,12,26,25,16,20,3,9,4,4,34,3,8,12,11,25,6,9,9,1
S01013304,354,14,98,91,151,233,5,64,65,99,121,9,34,26,52,44,3,7,11,23,33,4,11,6,12,44,2,16,9,17
S01013305,338,21,96,65,156,234,13,66,46,109,104,8,30,19,47,38,1,12,7,18,37,4,8,8,17,29,3,10,4,12
S01013306,433,10,102,87,234,311,6,69,69,167,122,4,33,18,67,60,2,12,11,35,35,1,10,4,20,27,1,11,3,12
S01013307,377,13,71,92,201,226,8,45,58,115,151,5,26,34,86,69,3,9,13,44,40,2,7,12,19,42,0,10,9,23
S01013308,334,12,90,57,175,167,7,49,28,83,167,5,41,29,92,73,3,15,13,42,60,1,18,8,33,34,1,8,8,17
S01013309,206,49,90,21,46,117,21,58,11,27,89,28,32,10,19,26,9,9,2,6,33,12,10,5,6,30,7,13,3,7
S01013310,190,18,65,46,61,85,7,34,20,24,105,11,31,26,37,32,4,12,8,8,34,4,7,9,14,39,3,12,9,15
S01013311,256,15,86,55,100,147,8,49,36,54,109,7,37,19,46,40,5,8,10,17,35,2,16,3,14,34,0,13,6,15
S01013312,389,24,122,96,147,260,13,82,62,103,129,11,40,34,44,55,4,20,12,19,40,4,6,14,16,34,3,14,8,9
S01013313,211,17,65,40,89,123,13,41,23,46,88,4,24,17,43,36,0,11,7,18,30,2,8,4,16,22,2,5,6,9
S01013314,213,22,69,42,80,130,13,44,29,44,83,9,25,13,36,27,4,8,6,9,35,3,9,4,19,21,2,8,3,8
S01013315,166,65,59,26,16,50,24,15,6,5,116,41,44,20,11,51,22,19,6,4,41,12,18,8,3,24,7,7,6,4
S01013316,181,57,63,33,28,117,39,37,23,18,64,18,26,10,10,27,8,10,3,6,23,4,12,4,3,14,6,4,3,1
S01013317,193,33,71,45,44,139,23,51,33,32,54,10,20,12,12,20,4,9,1,6,12,1,4,3,4,22,5,7,8,2
S01013318,214,54,83,44,33,129,31,55,24,19,85,23,28,20,14,33,10,12,7,4,33,10,12,5,6,19,3,4,8,4
S01013319,183,38,73,35,37,90,14,39,19,18,93,24,34,16,19,34,12,9,4,9,37,9,16,6,6,22,3,9,6,4
S01013320,344,101,134,52,57,151,50,49,22,30,193,51,85,30,27,80,23,35,12,10,65,21,29,7,8,48,7,21,11,9
S01013321,162,14,66,25,57,119,10,47,16,46,43,4,19,9,11,19,3,7,4,5,9,0,4,1,4,15,1,8,4,2
S01013322,225,28,88,49,60,119,19,45,25,30,106,9,43,24,30,35,2,11,9,13,29,1,13,7,8,42,6,19,8,9
S01013323,338,32,112,73,121,209,15,73,52,69,129,17,39,21,52,52,5,12,8,27,41,9,15,7,10,36,3,12,6,15
S01013324,230,16,60,42,112,135,12,27,30,66,95,4,33,12,46,36,2,10,6,18,39,1,14,4,20,20,1,9,2,8
S01013325,297,25,103,38,131,128,12,43,21,52,169,13,60,17,79,61,2,21,5,33,60,7,18,6,29,48,4,21,6,17
S01013326,174,13,45,29,87,106,6,26,16,58,68,7,19,13,29,29,5,7,4,13,21,2,8,3,8,18,0,4,6,8
S01013327,224,7,52,49,116,128,4,27,28,69,96,3,25,21,47,31,1,8,6,16,30,1,5,7,17,35,1,12,8,14
S01013328,199,12,43,55,89,103,4,22,29,48,96,8,21,26,41,43,4,8,9,22,29,3,10,7,9,24,1,3,10,10
S01013329,168,12,47,42,67,105,7,30,27,41,63,5,17,15,26,26,1,7,4,14,22,2,7,8,5,15,2,3,3,7
S01013330,404,88,167,66,83,238,52,99,40,47,166,36,68,26,36,71,17,25,13,16,52,11,20,5,16,43,8,23,8,4
S01013331,236,55,80,40,61,128,31,42,19,36,108,24,38,21,25,50,11,15,9,15,35,7,17,4,7,23,6,6,8,3
S01013332,208,16,68,54,70,124,11,33,36,44,84,5,35,18,26,31,2,11,7,11,35,2,16,7,10,18,1,8,4,5
S01013333,275,45,115,62,53,152,27,55,37,33,123,18,60,25,20,57,7,27,13,10,33,5,15,8,5,33,6,18,4,5
S01013334,259,14,72,56,117,133,7,38,33,55,126,7,34,23,62,66,1,15,18,32,25,2,6,2,15,35,4,13,3,15
S01013335,259,11,60,53,135,112,7,25,29,51,147,4,35,24,84,61,3,9,10,39,51,0,17,8,26,35,1,9,6,19
S01013336,297,18,66,56,157,173,13,37,31,92,124,5,29,25,65,47,1,13,7,26,52,2,10,14,26,25,2,6,4,13
S01013337,280,57,83,75,65,176,38,54,40,44,104,19,29,35,21,37,11,10,11,5,40,4,12,15,9,27,4,7,9,7
S01013338,157,64,62,18,13,46,14,20,8,4,111,50,42,10,9,46,20,21,3,2,36,15,13,5,3,29,15,8,2,4
S01013339,197,46,85,43,23,119,30,50,25,14,78,16,35,18,9,26,4,12,6,4,32,8,14,6,4,20,4,9,6,1
S01013340,262,74,106,48,34,182,54,71,34,23,80,20,35,14,11,25,4,11,7,3,26,6,11,4,5,29,10,13,3,3
S01013341,334,115,137,41,41,216,75,85,28,28,118,40,52,13,13,45,12,25,4,4,49,20,18,6,5,24,8,9,3,4
S01013342,208,12,47,43,106,132,7,29,24,72,76,5,18,19,34,27,2,6,6,13,28,3,7,6,12,21,0,5,7,9
S01013343,223,19,79,59,66,125,11,48,26,40,98,8,31,33,26,46,4,16,10,16,19,0,4,9,6,33,4,11,14,4
S01013344,241,13,53,59,116,139,7,31,34,67,102,6,22,25,49,37,2,8,9,18,36,3,7,7,19,29,1,7,9,12
S01013345,245,15,70,56,104,131,7,46,27,51,114,8,24,29,53,49,5,11,14,19,37,2,6,10,19,28,1,7,5,15
S01013346,263,80,101,42,40,104,29,39,19,17,159,51,62,23,23,53,20,16,8,9,62,16,27,9,10,44,15,19,6,4
S01013347,287,52,111,63,61,203,30,78,42,53,84,22,33,21,8,27,9,7,8,3,32,8,14,6,4,25,5,12,7,1
S01013348,156,37,67,29,23,73,17,36,9,11,83,20,31,20,12,24,5,12,6,1,41,10,13,11,7,18,5,6,3,4
S01013349,349,80,112,54,103,225,51,70,37,67,124,29,42,17,36,80,20,25,11,24,22,5,8,2,7,22,4,9,4,5
S01013350,214,24,66,61,63,131,11,35,45,40,83,13,31,16,23,39,8,12,9,10,25,3,12,2,8,19,2,7,5,5
S01013351,258,30,74,68,86,152,17,46,43,46,106,13,28,25,40,41,1,14,12,14,36,6,6,10,14,29,6,8,3,12
S01013352,278,27,94,61,96,161,19,63,35,44,117,8,31,26,52,56,4,9,10,33,31,1,11,6,13,30,3,11,10,6
S01013353,236,10,79,60,87,146,6,53,41,46,90,4,26,19,41,36,2,12,9,13,33,2,9,5,17,21,0,5,5,11
S01013354,230,41,68,58,63,151,23,42,39,47,79,18,26,19,16,29,5,12,10,2,27,10,9,3,5,23,3,5,6,9
S01013355,197,37,49,49,62,106,20,30,25,31,91,17,19,24,31,21,1,3,6,11,34,8,8,8,10,36,8,8,10,10
S01013356,264,19,67,52,126,154,13,31,33,77,110,6,36,19,49,50,2,18,6,24,37,2,10,9,16,23,2,8,4,9
S01013357,273,39,91,61,82,165,23,63,40,39,108,16,28,21,43,42,8,10,7,17,40,6,9,9,16,26,2,9,5,10
S01013358,248,32,81,69,66,155,19,44,44,48,93,13,37,25,18,33,4,11,11,7,35,4,16,10,5,25,5,10,4,6
S01013359,219,11,48,51,109,139,10,30,30,69,80,1,18,21,40,33,1,9,7,16,20,0,3,4,13,27,0,6,10,11
S01013360,212,16,60,55,81,136,13,37,39,47,76,3,23,16,34,27,1,5,6,15,27,1,10,6,10,22,1,8,4,9
S01013361,212,12,55,39,106,158,9,37,31,81,54,3,18,8,25,15,1,5,2,7,20,0,7,4,9,19,2,6,2,9
S01013362,147,5,39,29,74,78,2,19,18,39,69,3,20,11,35,32,3,10,2,17,19,0,4,5,10,18,0,6,4,8
S01013363,299,10,79,68,142,201,5,49,48,99,98,5,30,20,43,44,5,12,7,20,31,0,12,7,12,23,0,6,6,11
S01013364,283,43,78,77,85,166,25,48,45,48,117,18,30,32,37,53,12,15,9,17,31,3,9,12,7,33,3,6,11,13
S01013365,293,42,104,81,66,209,31,72,62,44,84,11,32,19,22,25,2,11,4,8,36,5,14,8,9,23,4,7,7,5
S01013366,297,47,119,70,61,156,25,58,38,35,141,22,61,32,26,42,8,18,9,7,45,7,18,12,8,54,7,25,11,11
S01013367,187,43,66,38,40,104,29,32,21,22,83,14,34,17,18,24,5,9,5,5,25,5,11,4,5,34,4,14,8,8
S01013368,215,28,60,56,71,125,18,33,32,42,90,10,27,24,29,34,3,13,6,12,25,4,10,7,4,31,3,4,11,13
S01013369,288,14,73,69,132,158,12,42,40,64,130,2,31,29,68,60,2,15,13,30,39,0,12,8,19,31,0,4,8,19
S01013370,236,14,62,50,110,161,7,40,36,78,75,7,22,14,32,33,4,8,5,16,24,3,8,4,9,18,0,6,5,7
S01013371,172,13,58,43,58,107,6,38,29,34,65,7,20,14,24,32,4,11,6,11,17,1,6,3,7,16,2,3,5,6
S01013372,395,14,97,72,212,219,8,54,46,111,176,6,43,26,101,70,4,14,7,45,61,1,15,11,34,45,1,14,8,22
S01013373,322,27,79,89,127,209,17,48,52,92,113,10,31,37,35,48,4,18,14,12,28,3,6,7,12,37,3,7,16,11
S01013374,323,12,58,88,165,185,10,34,59,82,138,2,24,29,83,66,2,12,13,39,40,0,6,7,27,32,0,6,9,17
S01013375,183,10,41,44,88,105,7,23,25,50,78,3,18,19,38,33,1,4,14,14,26,2,9,4,11,19,0,5,1,13
S01013376,180,15,33,45,87,115,10,20,27,58,65,5,13,18,29,28,1,3,6,18,26,2,5,9,10,11,2,5,3,1
S01013377,243,18,54,66,105,165,11,35,44,75,78,7,19,22,30,33,3,8,10,12,25,3,3,8,11,20,1,8,4,7
S01013378,334,38,102,71,123,209,23,54,53,79,125,15,48,18,44,49,5,17,5,22,31,5,13,4,9,45,5,18,9,13
S01013379,265,30,73,68,94,176,23,53,42,58,89,7,20,26,36,33,1,7,9,16,15,3,4,2,6,41,3,9,15,14
S01013380,22,5,8,6,3,10,3,2,3,2,12,2,6,3,1,2,0,2,0,0,5,2,2,1,0,5,0,2,2,1
S01013381,144,11,35,42,56,86,7,20,26,33,58,4,15,16,23,19,2,6,6,5,25,1,6,6,12,14,1,3,4,6
S01013382,177,15,54,56,52,110,11,31,37,31,67,4,23,19,21,28,3,7,9,9,24,0,12,3,9,15,1,4,7,3
S01013383,226,11,70,52,93,148,6,47,33,62,78,5,23,19,31,31,3,5,11,12,27,1,9,5,12,20,1,9,3,7
S01013384,220,21,61,69,69,140,17,40,36,47,80,4,21,33,22,30,1,4,13,12,30,1,10,13,6,20,2,7,7,4
S01013385,161,19,64,48,30,113,15,42,36,20,48,4,22,12,10,21,2,9,4,6,14,1,6,5,2,13,1,7,3,2
S01013386,261,42,110,63,46,142,24,61,30,27,119,18,49,33,19,40,8,16,9,7,47,8,19,12,8,32,2,14,12,4
S01013387,181,14,49,55,63,93,11,29,23,30,88,3,20,32,33,35,2,5,10,18,28,1,8,13,6,25,0,7,9,9
S01013388,224,16,74,57,77,152,10,49,38,55,72,6,25,19,22,32,3,11,6,12,20,2,9,4,5,20,1,5,9,5
S01013389,279,22,82,73,102,182,15,54,45,68,97,7,28,28,34,43,4,14,14,11,31,2,7,9,13,23,1,7,5,10
S01013390,160,9,43,40,68,109,7,25,25,52,51,2,18,15,16,10,1,3,1,5,27,0,11,8,8,14,1,4,6,3
S01013391,119,19,34,33,33,70,15,20,16,19,49,4,14,17,14,18,3,4,7,4,19,1,4,8,6,12,0,6,2,4
S01013392,258,60,95,67,36,124,29,54,26,15,134,31,41,41,21,74,18,21,23,12,47,11,15,15,6,13,2,5,3,3
S01013393,231,23,59,57,92,128,9,35,29,55,103,14,24,28,37,60,8,14,17,21,24,1,4,8,11,19,5,6,3,5
S01013394,226,16,47,55,108,132,11,23,34,64,94,5,24,21,44,47,2,14,9,22,26,1,7,5,13,21,2,3,7,9
S01013395,308,12,54,44,198,169,7,33,30,99,139,5,21,14,99,70,4,12,2,52,41,1,2,9,29,28,0,7,3,18
S01013396,251,57,97,62,35,124,29,55,23,17,127,28,42,39,18,78,19,20,29,10,34,8,14,7,5,15,1,8,3,3
S01013397,287,25,88,81,93,189,14,61,52,62,98,11,27,29,31,45,10,7,16,12,33,1,13,8,11,20,0,7,5,8
S01013398,171,42,64,47,18,69,20,22,23,4,102,22,42,24,14,46,11,19,8,8,27,5,10,9,3,29,6,13,7,3
S01013399,344,71,107,86,80,184,38,50,43,53,160,33,57,43,27,94,22,33,25,14,47,11,14,16,6,19,0,10,2,7
S01013400,254,29,79,67,79,179,25,55,50,49,75,4,24,17,30,36,0,13,6,17,19,1,5,7,6,20,3,6,4,7
S01013401,313,93,113,52,55,182,60,67,27,28,131,33,46,25,27,80,20,29,13,18,35,10,10,7,8,16,3,7,5,1
S01013402,422,143,163,67,49,233,88,86,37,22,189,55,77,30,27,125,38,48,19,20,45,13,19,8,5,19,4,10,3,2
S01013403,319,96,131,46,46,154,38,70,23,23,165,58,61,23,23,96,38,31,15,12,47,16,17,5,9,22,4,13,3,2
S01013404,202,58,73,26,45,90,30,32,9,19,112,28,41,17,26,56,15,25,4,12,34,9,12,5,8,22,4,4,8,6
S01013405,213,26,68,53,66,149,21,51,33,44,64,5,17,20,22,17,2,6,3,6,28,3,7,8,10,19,0,4,9,6
S01013406,201,12,54,43,92,122,10,38,30,44,79,2,16,13,48,36,0,6,6,24,22,0,6,3,13,21,2,4,4,11
S01013407,187,15,44,53,75,124,9,36,34,45,63,6,8,19,30,28,4,2,8,14,19,2,4,4,9,16,0,2,7,7
S01013408,201,11,53,34,103,102,6,23,18,55,99,5,30,16,48,47,1,10,8,28,30,0,12,4,14,22,4,8,4,6
S01013409,357,51,114,65,127,207,25,57,42,83,150,26,57,23,44,59,12,20,8,19,52,7,23,9,13,39,7,14,6,12
S01013410,260,7,66,44,143,135,5,33,28,69,125,2,33,16,74,73,1,18,9,45,33,1,10,6,16,19,0,5,1,13
S01013411,266,54,80,57,75,191,39,61,34,57,75,15,19,23,18,41,9,9,12,11,21,3,5,8,5,13,3,5,3,2
S01013412,293,46,95,54,98,190,30,61,29,70,103,16,34,25,28,42,5,14,8,15,26,4,8,6,8,35,7,12,11,5
S01013413,224,73,75,45,31,136,35,53,29,19,88,38,22,16,12,33,17,7,4,5,37,13,11,9,4,18,8,4,3,3
S01013414,309,59,90,64,96,220,42,60,47,71,89,17,30,17,25,45,9,16,3,17,25,6,10,4,5,19,2,4,10,3
S01013415,262,13,78,48,123,203,11,61,36,95,59,2,17,12,28,26,0,8,7,11,22,1,8,3,10,11,1,1,2,7
S01013416,208,10,56,56,86,144,6,36,38,64,64,4,20,18,22,28,2,9,9,8,19,1,6,7,5,17,1,5,2,9
S01013417,343,37,113,69,124,274,27,83,57,107,69,10,30,12,17,27,3,12,3,9,20,1,9,5,5,22,6,9,4,3
S01013418,202,33,54,53,62,124,15,29,37,43,78,18,25,16,19,35,9,11,9,6,22,5,5,5,7,21,4,9,2,6
S01013419,140,33,69,25,13,83,20,40,13,10,57,13,29,12,3,19,6,8,3,2,21,5,8,7,1,17,2,13,2,0
S01013420,203,31,77,36,59,139,24,52,30,33,64,7,25,6,26,26,3,10,2,11,23,2,8,1,12,15,2,7,3,3
S01013421,259,72,91,57,39,107,25,35,25,22,152,47,56,32,17,67,25,23,12,7,47,11,18,12,6,38,11,15,8,4
S01013422,226,22,70,60,74,130,12,42,37,39,96,10,28,23,35,32,4,6,7,15,33,2,12,6,13,31,4,10,10,7
S01013423,245,44,84,52,65,142,23,48,34,37,103,21,36,18,28,31,5,6,8,12,30,8,10,5,7,42,8,20,5,9
S01013424,147,44,51,38,14,73,23,22,16,12,74,21,29,22,2,19,8,5,5,1,23,8,8,6,1,32,5,16,11,0
S01013425,145,28,58,32,27,95,17,36,22,20,50,11,22,10,7,23,2,10,6,5,13,4,5,3,1,14,5,7,1,1
S01013426,263,20,77,59,107,160,11,46,39,64,103,9,31,20,43,45,4,13,6,22,31,2,12,6,11,27,3,6,8,10
S01013427,152,64,60,20,8,88,33,35,12,8,64,31,25,8,0,26,15,10,1,0,22,9,10,3,0,16,7,5,4,0
S01013428,316,32,82,69,133,178,20,46,34,78,138,12,36,35,55,51,3,10,16,22,47,7,16,11,13,40,2,10,8,20
S01013429,241,25,78,66,72,160,16,54,42,48,81,9,24,24,24,37,5,12,8,12,26,2,4,11,9,18,2,8,5,3
S01013430,217,20,67,72,58,126,10,43,44,29,91,10,24,28,29,46,7,12,14,13,24,0,6,9,9,21,3,6,5,7
S01013431,214,25,48,61,80,134,15,30,36,53,80,10,18,25,27,24,3,4,7,10,33,6,8,8,11,23,1,6,10,6
S01013432,235,34,80,63,58,150,18,60,35,37,85,16,20,28,21,31,5,3,16,7,27,8,3,8,8,27,3,14,4,6
S01013433,218,79,73,36,30,121,42,37,22,20,97,37,36,14,10,38,12,16,7,3,28,15,7,2,4,31,10,13,5,3
S01013434,165,75,47,27,16,88,36,28,13,11,77,39,19,14,5,28,14,10,2,2,20,13,4,2,1,29,12,5,10,2
S01013435,202,122,49,19,12,93,53,23,11,6,109,69,26,8,6,31,17,8,4,2,43,34,5,2,2,35,18,13,2,2
S01013436,255,71,67,46,71,123,22,37,24,40,132,49,30,22,31,48,22,7,7,12,45,12,12,7,14,39,15,11,8,5
S01013437,250,66,89,46,49,190,49,66,39,36,60,17,23,7,13,24,3,13,2,6,18,7,5,4,2,18,7,5,1,5
S01013438,210,42,64,52,52,130,26,38,31,35,80,16,26,21,17,32,7,11,10,4,23,4,5,7,7,25,5,10,4,6
S01013439,233,127,73,14,19,126,63,46,6,11,107,64,27,8,8,40,27,7,5,1,26,16,6,3,1,41,21,14,0,6
S01013440,271,165,64,24,18,145,79,40,12,14,126,86,24,12,4,41,27,8,5,1,38,29,5,2,2,47,30,11,5,1
S01013441,230,134,55,24,17,143,80,32,18,13,87,54,23,6,4,34,24,8,1,1,32,22,7,2,1,21,8,8,3,2
S01013442,268,83,92,52,41,166,44,60,34,28,102,39,32,18,13,43,17,10,7,9,29,11,11,6,1,30,11,11,5,3
S01013443,219,90,69,31,29,145,55,49,23,18,74,35,20,8,11,31,19,6,3,3,23,8,6,2,7,20,8,8,3,1
S01013444,361,107,114,50,90,277,78,85,44,70,84,29,29,6,20,32,12,12,1,7,28,12,9,2,5,24,5,8,3,8
S01013445,160,86,53,12,9,82,30,35,9,8,78,56,18,3,1,23,17,4,1,1,35,26,7,2,0,20,13,7,0,0
S01013446,213,41,67,60,45,127,15,40,44,28,86,26,27,16,17,25,10,2,5,8,39,11,18,8,2,22,5,7,3,7
S01013447,190,108,58,13,11,61,33,21,4,3,129,75,37,9,8,41,24,11,1,5,42,31,10,0,1,46,20,16,8,2
S01013448,235,115,70,32,18,158,74,51,20,13,77,41,19,12,5,31,20,6,5,0,17,9,4,3,1,29,12,9,4,4
S01013449,206,87,74,27,18,123,47,46,15,15,83,40,28,12,3,32,15,10,5,2,25,13,9,2,1,26,12,9,5,0
S01013450,210,70,83,35,22,128,41,56,19,12,82,29,27,16,10,33,16,6,5,6,23,5,12,3,3,26,8,9,8,1
S01013451,275,129,99,25,22,127,54,44,14,15,148,75,55,11,7,37,18,17,1,1,40,25,12,2,1,71,32,26,8,5
S01013452,246,110,73,33,30,125,50,42,20,13,121,60,31,13,17,36,13,5,10,8,35,20,9,2,4,50,27,17,1,5
S01013453,261,24,57,66,114,148,9,34,43,62,113,15,23,23,52,49,6,7,14,22,38,5,9,5,19,26,4,7,4,11
S01013454,241,72,86,46,37,153,41,57,29,26,88,31,29,17,11,41,18,14,5,4,29,10,8,6,5,18,3,7,6,2
S01013455,188,45,70,41,32,136,25,54,32,25,52,20,16,9,7,28,11,8,5,4,15,6,4,4,1,9,3,4,0,2
S01013456,258,44,74,65,75,173,28,48,41,56,85,16,26,24,19,38,9,13,9,7,22,2,7,9,4,25,5,6,6,8
S01013457,279,9,65,82,123,158,3,36,47,72,121,6,29,35,51,51,1,7,17,26,33,4,16,5,8,37,1,6,13,17
S01013458,265,33,95,68,69,187,22,69,47,49,78,11,26,21,20,31,6,9,8,8,23,4,8,8,3,24,1,9,5,9
S01013459,295,36,81,81,97,218,27,68,60,63,77,9,13,21,34,25,3,4,7,11,27,3,4,4,16,25,3,5,10,7
S01013460,248,27,71,65,85,137,16,29,40,52,111,11,42,25,33,46,4,17,10,15,44,4,18,10,12,21,3,7,5,6
S01013461,371,59,117,86,109,193,33,66,45,49,178,26,51,41,60,76,10,22,19,25,59,12,16,14,17,43,4,13,8,18
S01013462,310,52,108,80,70,199,32,71,48,48,111,20,37,32,22,39,9,5,15,10,36,7,16,5,8,36,4,16,12,4
S01013463,199,25,67,34,73,80,10,23,14,33,119,15,44,20,40,54,10,21,10,13,40,4,12,5,19,25,1,11,5,8
S01013464,209,39,75,52,43,147,26,53,37,31,62,13,22,15,12,21,6,8,4,3,19,1,7,8,3,22,6,7,3,6
S01013465,212,33,75,49,55,157,25,55,34,43,55,8,20,15,12,19,1,9,5,4,19,2,8,5,4,17,5,3,5,4
S01013466,85,23,20,20,22,55,16,14,11,14,30,7,6,9,8,11,2,2,4,3,12,2,2,4,4,7,3,2,1,1
S01013467,282,86,86,64,46,124,30,38,33,23,158,56,48,31,23,88,38,25,16,9,41,10,10,8,13,29,8,13,7,1
S01013468,211,36,70,46,59,145,19,46,36,44,66,17,24,10,15,19,7,3,3,6,23,4,9,4,6,24,6,12,3,3
S01013469,213,41,71,51,50,145,32,45,30,38,68,9,26,21,12,24,5,9,7,3,25,3,7,9,6,19,1,10,5,3
S01013470,256,16,56,70,114,145,9,31,45,60,111,7,25,25,54,49,3,11,10,25,37,4,10,8,15,25,0,4,7,14
S01013471,293,28,84,78,103,166,19,50,42,55,127,9,34,36,48,54,4,16,20,14,42,4,11,10,17,31,1,7,6,17
S01013472,194,65,69,39,21,80,26,29,16,9,114,39,40,23,12,56,22,17,13,4,40,11,13,9,7,18,6,10,1,1
S01013473,202,69,80,29,24,70,24,28,11,7,132,45,52,18,17,62,25,19,11,7,43,14,20,4,5,27,6,13,3,5
S01013474,208,54,77,45,32,98,25,38,18,17,110,29,39,27,15,48,13,13,13,9,41,9,16,12,4,21,7,10,2,2
S01013475,192,28,73,47,44,112,15,46,29,22,80,13,27,18,22,23,3,7,5,8,24,5,8,5,6,33,5,12,8,8
S01013476,184,24,60,42,58,115,14,36,31,34,69,10,24,11,24,28,6,9,6,7,18,0,7,1,10,23,4,8,4,7
S01013477,219,15,61,51,92,155,13,41,37,64,64,2,20,14,28,39,2,12,8,17,12,0,4,0,8,13,0,4,6,3
S01013478,318,52,105,63,98,192,31,62,42,57,126,21,43,21,41,49,7,18,10,14,40,5,14,4,17,37,9,11,7,10
S01013479,292,23,82,73,114,214,19,59,57,79,78,4,23,16,35,30,0,9,6,15,28,4,6,4,14,20,0,8,6,6
S01013480,180,13,38,55,74,108,5,21,37,45,72,8,17,18,29,32,4,7,9,12,21,1,8,4,8,19,3,2,5,9
S01013481,119,22,41,30,26,80,12,28,24,16,39,10,13,6,10,18,4,8,3,3,10,3,2,1,4,11,3,3,2,3
