,All households,One person household,One person household: Person aged 65 and over,One person household: Person aged under 65,Other households,Other households: No adults or one adult and one or more children,Other households: One adult aged 16 to 64 and one aged 65 and over and no children or two adults aged 65 and over and no children,Other households: Two adults and one or two children,Other households: Two adults aged 16 to 64 and no children,Other households: Two adults and three or more children,Other households: Three or more adults and one or more children,Other households: Three or more adults and no children
S92000003,2372777,823314,311867,511447,1549463,126835,277388,284720,456067,47258,98156,259039
S01006506,424,165,47,118,259,13,42,47,106,8,11,32
S01006507,364,99,53,46,265,16,54,48,85,4,22,36
S01006508,340,151,27,124,189,13,19,45,85,1,6,20
S01006509,274,87,40,47,187,15,38,41,62,4,3,24
S01006510,256,81,39,42,175,8,41,39,41,4,8,34
S01006511,315,77,43,34,238,4,73,44,53,4,24,36
S01006512,170,22,8,14,148,6,21,45,35,14,11,16
S01006513,230,57,38,19,173,5,41,39,35,9,14,30
S01006514,339,51,29,22,288,3,54,74,64,17,29,47
S01006515,271,40,22,18,231,10,39,59,49,16,18,40
S01006516,185,40,29,11,145,2,24,20,46,9,9,35
S01006517,403,86,44,42,317,14,72,63,75,14,24,55
S01006518,247,46,28,18,201,3,50,36,47,10,16,39
S01006519,281,30,14,16,251,6,45,51,62,20,21,46
S01006520,222,16,5,11,206,5,19,51,41,28,30,32
S01006521,243,35,8,27,208,3,26,63,56,10,16,34
S01006522,218,40,24,16,178,4,30,55,43,8,13,25
S01006523,427,156,83,73,271,12,59,62,66,13,16,43
S01006524,314,111,67,44,203,5,48,35,56,9,21,29
S01006525,339,93,44,49,246,5,70,56,49,14,11,41
S01006526,439,169,88,81,270,25,43,42,89,2,11,58
S01006527,286,87,46,41,199,17,33,38,48,7,11,45
S01006528,433,139,70,69,294,16,58,48,78,8,17,69
S01006529,496,256,86,170,240,11,38,37,100,7,12,35
S01006530,356,133,44,89,223,13,41,18,78,4,18,51
S01006531,429,174,76,98,255,16,38,42,57,4,26,72
S01006532,337,126,74,52,211,6,42,31,79,10,9,34
S01006533,305,88,37,51,217,2,44,57,64,4,8,38
S01006534,398,117,32,85,281,7,52,77,91,8,17,29
S01006535,564,268,34,234,296,8,32,63,147,5,10,31
S01006536,589,312,46,266,277,4,18,54,156,5,5,35
S01006537,341,100,57,43,241,3,84,50,52,6,14,32
S01006538,240,52,32,20,188,3,58,36,48,5,11,27
S01006539,330,105,54,51,225,6,49,47,82,7,14,20
S01006540,451,149,46,103,302,5,60,70,105,5,9,48
S01006541,392,157,125,32,235,3,58,51,74,8,11,30
S01006542,496,172,81,91,324,5,111,59,95,7,10,37
S01006543,363,106,72,34,257,6,86,57,56,4,6,42
S01006544,507,192,42,150,315,6,43,66,143,8,9,40
S01006545,586,288,132,156,298,9,78,51,107,8,10,35
S01006546,262,70,45,25,192,2,44,45,50,6,10,35
S01006547,442,177,102,75,265,8,73,48,71,10,19,36
S01006548,312,71,50,21,241,2,86,50,55,2,13,33
S01006549,366,108,46,62,258,0,77,47,77,7,15,35
S01006550,389,79,48,31,310,4,91,54,94,6,16,45
S01006551,392,220,99,121,172,15,42,31,48,8,8,20
S01006552,417,136,44,92,281,13,50,45,118,7,8,40
S01006553,407,161,119,42,246,11,83,43,52,8,13,36
S01006554,330,107,45,62,223,14,49,34,76,9,4,37
S01006555,374,152,25,127,222,36,18,58,74,5,6,25
S01006556,399,146,85,61,253,23,52,45,70,6,11,46
S01006557,338,133,54,79,205,22,25,33,68,8,7,42
S01006558,354,180,54,126,174,4,17,31,90,3,2,27
S01006559,272,90,36,54,182,6,19,31,72,6,17,31
S01006560,432,151,80,71,281,6,43,72,84,10,20,46
S01006561,323,94,44,50,229,9,33,46,73,14,16,38
S01006562,334,125,55,70,209,12,46,38,61,6,9,37
S01006563,366,120,48,72,246,4,55,61,71,7,18,30
S01006564,578,307,51,256,271,21,32,34,142,3,6,33
S01006565,565,340,34,306,225,7,13,23,154,0,2,26
S01006566,437,215,20,195,222,7,22,32,137,5,1,18
S01006567,552,337,59,278,215,12,18,13,142,1,3,26
S01006568,575,306,14,292,269,2,6,28,203,2,5,23
S01006569,311,154,27,127,157,3,14,33,83,4,7,13
S01006570,371,139,35,104,232,7,34,51,90,11,13,26
S01006571,427,160,36,124,267,7,34,58,114,10,9,35
S01006572,374,107,39,68,267,3,57,71,68,13,21,34
S01006573,290,79,30,49,211,3,20,57,68,13,12,38
S01006574,427,144,36,108,283,5,39,54,103,24,23,35
S01006575,399,121,29,92,278,10,40,68,101,15,11,33
S01006576,325,117,23,94,208,7,25,53,75,13,8,27
S01006577,430,211,33,178,219,6,20,43,118,3,7,22
S01006578,633,346,28,318,287,6,15,36,192,3,3,32
S01006579,640,394,28,366,246,7,13,29,167,1,2,27
S01006580,422,238,31,207,184,7,14,31,98,4,5,25
S01006581,402,141,56,85,261,2,43,51,90,10,21,44
S01006582,466,228,23,205,238,12,3,28,159,1,0,35
S01006583,404,193,11,182,211,5,6,11,132,3,3,51
S01006584,354,176,15,161,178,7,5,20,107,2,8,29
S01006585,465,228,51,177,237,15,26,13,143,2,9,29
S01006586,650,371,62,309,279,7,39,15,169,0,3,46
S01006587,318,171,9,162,147,4,2,23,90,0,2,26
S01006588,338,167,0,167,171,2,0,16,120,2,8,23
S01006589,367,144,8,136,223,13,5,17,143,1,6,38
S01006590,379,208,9,199,171,5,6,18,109,0,7,26
S01006591,367,152,7,145,215,16,3,32,126,3,7,28
S01006592,374,165,13,152,209,2,6,35,144,5,5,12
S01006593,411,188,19,169,223,3,7,29,139,4,5,36
S01006594,345,199,66,133,146,6,26,18,75,0,4,17
S01006595,555,293,26,267,262,12,9,46,167,2,3,23
S01006596,359,155,24,131,204,4,12,39,119,4,6,20
S01006597,352,218,18,200,134,4,4,9,109,0,1,7
S01006598,435,136,28,108,299,6,42,77,110,2,15,47
S01006599,499,269,89,180,230,14,39,25,126,0,3,23
S01006600,587,296,112,184,291,8,53,52,128,3,10,37
S01006601,572,296,48,248,276,11,41,36,138,3,17,30
S01006602,414,179,91,88,235,5,34,62,81,9,14,30
S01006603,385,154,62,92,231,16,51,40,66,8,23,27
S01006604,291,80,32,48,211,9,46,33,53,2,15,53
S01006605,409,179,89,90,230,30,44,44,66,6,9,31
S01006606,390,135,86,49,255,9,70,41,74,4,9,48
S01006607,385,104,50,54,281,15,50,52,68,9,23,64
S01006608,284,57,31,26,227,3,49,52,60,9,16,38
S01006609,490,159,79,80,331,25,74,69,87,7,18,51
S01006610,212,73,43,30,139,14,29,23,35,1,5,32
S01006611,425,135,60,75,290,32,62,40,83,5,22,46
S01006612,373,100,44,56,273,7,54,46,80,7,19,60
S01006613,259,68,7,61,191,7,24,52,70,8,9,21
S01006614,265,54,4,50,211,14,9,89,67,8,7,17
S01006615,270,21,3,18,249,11,18,102,68,8,20,22
S01006616,337,86,7,79,251,8,15,63,97,3,15,50
S01006617,297,89,37,52,208,8,33,44,65,3,10,45
S01006618,246,75,31,44,171,1,33,21,75,0,10,31
S01006619,372,85,19,66,287,13,42,53,100,6,18,55
S01006620,390,120,40,80,270,7,46,43,103,3,20,48
S01006621,235,64,14,50,171,6,27,35,70,7,8,18
S01006622,292,91,10,81,201,3,10,57,85,1,19,26
S01006623,359,165,47,118,194,11,29,37,63,5,13,36
S01006624,481,275,29,246,206,10,31,28,92,2,9,34
S01006625,288,92,34,58,196,11,35,30,68,0,10,42
S01006626,377,159,64,95,218,31,33,36,76,3,5,34
S01006627,511,289,37,252,222,22,8,41,113,0,9,29
S01006628,635,340,19,321,295,13,13,55,163,3,13,35
S01006629,315,96,20,76,219,42,20,36,59,6,15,41
S01006630,256,74,23,51,182,20,24,24,49,10,19,36
S01006631,493,246,84,162,247,30,37,37,89,5,9,40
S01006632,423,191,46,145,232,41,20,42,86,5,13,25
S01006633,288,101,29,72,187,22,17,29,52,14,25,28
S01006634,291,121,22,99,170,39,10,37,41,10,11,22
S01006635,289,96,29,67,193,18,33,44,45,7,18,28
S01006636,386,145,38,107,241,42,24,62,54,17,17,25
S01006637,413,223,46,177,190,10,17,22,99,2,8,32
S01006638,504,271,38,233,233,4,16,17,155,0,5,36
S01006639,592,343,99,244,249,8,28,16,148,3,6,40
S01006640,376,145,5,140,231,4,1,26,148,0,2,50
S01006641,602,307,12,295,295,7,5,33,218,1,3,28
S01006642,492,242,18,224,250,4,8,29,164,0,2,43
S01006643,419,172,11,161,247,2,5,15,187,0,2,36
S01006644,553,241,22,219,312,12,8,22,213,1,3,53
S01006645,393,200,32,168,193,30,21,41,80,2,4,15
S01006646,340,185,36,149,155,2,10,9,109,1,6,18
S01006647,341,145,39,106,196,26,14,30,92,3,7,24
S01006648,651,351,15,336,300,10,7,28,204,2,11,38
S01006649,583,300,21,279,283,16,7,33,197,0,4,26
S01006650,481,242,16,226,239,2,12,21,145,4,4,51
S01006651,382,198,43,155,184,1,19,15,113,2,0,34
S01006652,308,128,19,109,180,1,8,10,136,1,6,18
S01006653,296,113,11,102,183,2,13,29,107,0,5,27
S01006654,504,232,70,162,272,31,29,40,132,4,8,28
S01006655,334,151,23,128,183,6,19,35,89,5,2,27
S01006656,524,242,32,210,282,17,12,40,166,6,9,32
S01006657,286,120,10,110,166,12,4,16,94,3,8,29
S01006658,525,236,22,214,289,27,9,47,141,7,15,43
S01006659,287,93,25,68,194,1,20,21,67,2,3,80
S01006660,247,109,4,105,138,8,1,19,69,8,12,21
S01006661,301,107,16,91,194,2,25,15,90,2,2,58
S01006662,285,117,6,111,168,18,4,26,66,6,8,40
S01006663,245,77,12,65,168,2,6,22,76,1,1,60
S01006664,237,76,8,68,161,1,11,9,88,6,5,41
S01006665,316,145,29,116,171,1,10,11,106,2,3,38
S01006666,499,262,113,149,237,34,35,57,77,4,7,23
S01006667,447,250,43,207,197,17,26,41,87,1,5,20
S01006668,413,187,25,162,226,11,10,16,145,2,0,42
S01006669,444,249,71,178,195,7,38,28,96,2,1,23
S01006670,347,185,50,135,162,11,26,11,108,0,0,6
S01006671,233,82,26,56,151,9,22,20,71,6,5,18
S01006672,366,143,49,94,223,30,24,41,77,5,9,37
S01006673,367,155,17,138,212,19,16,45,86,5,2,39
S01006674,544,300,121,179,244,39,39,61,79,4,5,17
S01006675,315,111,6,105,204,41,3,62,49,4,17,28
S01006676,358,151,49,102,207,26,32,46,54,9,8,32
S01006677,398,196,33,163,202,23,21,39,79,3,5,32
S01006678,525,186,32,154,339,42,39,86,85,4,20,63
S01006679,315,102,33,69,213,9,49,33,76,2,7,37
S01006680,416,178,47,131,238,44,19,76,53,3,7,36
S01006681,464,285,102,183,179,17,29,32,73,2,4,22
S01006682,384,154,56,98,230,34,9,51,62,11,22,41
S01006683,370,125,12,113,245,21,13,45,88,9,27,42
S01006684,401,214,26,188,187,16,11,38,98,1,8,15
S01006685,427,233,45,188,194,23,21,39,76,2,4,29
S01006686,305,116,34,82,189,17,29,43,61,1,12,26
S01006687,419,146,53,93,273,32,52,46,90,4,3,46
S01006688,510,225,160,65,285,8,75,50,102,4,7,39
S01006689,288,79,10,69,209,4,26,41,94,5,6,33
S01006690,308,120,41,79,188,11,31,29,82,0,6,29
S01006691,271,98,25,73,173,3,21,30,79,5,5,30
S01006692,361,127,47,80,234,6,50,32,92,4,4,46
S01006693,497,201,49,152,296,36,28,60,113,12,15,32
S01006694,480,223,132,91,257,38,90,42,53,4,4,26
S01006695,346,131,59,72,215,12,55,35,67,5,15,26
S01006696,390,147,68,79,243,26,45,40,65,6,23,38
S01006697,435,148,66,82,287,36,53,47,75,9,14,53
S01006698,409,224,102,122,185,22,29,31,72,4,2,25
S01006699,209,55,24,31,154,11,30,19,53,0,13,28
S01006700,431,176,67,109,255,10,70,24,87,7,9,48
S01006701,321,99,33,66,222,47,31,44,46,8,12,34
S01006702,332,90,47,43,242,12,60,44,63,6,18,39
S01006703,301,107,49,58,194,25,26,51,44,8,9,31
S01006704,301,123,28,95,178,34,27,32,50,6,9,20
S01006705,364,148,80,68,216,21,39,33,70,4,11,38
S01006706,272,81,33,48,191,25,26,41,50,5,10,34
S01006707,311,95,27,68,216,36,28,42,61,6,6,37
S01006708,364,124,76,48,240,14,67,44,50,4,16,45
S01006709,376,106,44,62,270,44,46,57,54,8,16,45
S01006710,415,150,98,52,265,12,69,37,79,5,11,52
S01006711,511,254,117,137,257,19,45,43,102,4,11,33
S01006712,250,82,54,28,168,9,37,34,50,1,4,33
S01006713,420,137,64,73,283,26,46,47,81,7,19,57
S01006714,304,106,64,42,198,7,41,37,55,6,13,39
S01006715,218,44,16,28,174,22,15,38,39,14,23,23
S01006716,242,54,17,37,188,16,25,27,51,8,22,39
S01006717,445,149,98,51,296,22,50,54,89,7,20,54
S01006718,248,58,33,25,190,8,34,17,52,10,23,46
S01006719,350,76,26,50,274,15,40,55,69,11,30,54
S01006720,242,61,22,39,181,11,25,29,57,9,17,33
S01006721,386,117,45,72,269,21,46,51,75,5,20,51
S01006722,312,85,37,48,227,24,36,41,51,7,27,41
S01006723,283,87,42,45,196,17,28,33,54,4,19,41
S01006724,343,66,11,55,277,56,13,65,39,13,45,46
S01006725,265,72,17,55,193,16,28,41,44,4,21,39
S01006726,505,110,18,92,395,81,15,85,85,20,49,60
S01006727,395,137,43,94,258,33,15,58,62,12,35,43
S01006728,334,103,42,61,231,28,32,63,62,6,8,32
S01006729,349,112,48,64,237,39,31,50,46,7,22,42
S01006730,276,55,20,35,221,10,34,43,66,3,21,44
S01006731,257,87,17,70,170,15,27,21,53,6,13,35
S01006732,353,65,13,52,288,10,40,72,78,13,16,59
S01006733,309,36,10,26,273,9,27,111,59,12,20,35
S01006734,352,75,25,50,277,7,22,105,75,13,10,45
S01006735,245,45,29,16,200,2,55,36,57,9,15,26
S01006736,395,50,2,48,345,17,16,156,107,11,14,24
S01006737,265,51,22,29,214,5,49,40,64,9,16,31
S01006738,453,216,30,186,237,18,21,47,119,5,8,19
S01006739,309,117,26,91,192,10,23,35,92,3,8,21
S01006740,335,103,51,52,232,10,44,38,79,6,14,41
S01006741,342,134,77,57,208,6,73,36,51,2,8,32
S01006742,233,92,58,34,141,9,40,34,36,3,2,17
S01006743,271,106,41,65,165,6,35,20,67,3,5,29
S01006744,302,119,26,93,183,10,32,31,72,3,10,25
S01006745,409,154,92,62,255,22,50,38,91,4,7,43
S01006746,350,97,52,45,253,17,53,55,63,6,10,49
S01006747,368,82,51,31,286,5,110,39,65,3,14,50
S01006748,408,123,55,68,285,8,78,45,82,15,17,40
S01006749,419,141,67,74,278,11,50,56,88,6,23,44
S01006750,292,83,43,40,209,6,47,33,70,1,12,40
S01006751,241,93,60,33,148,4,35,25,42,5,10,27
S01006752,339,119,54,65,220,16,63,37,55,8,8,33
S01006753,410,115,49,66,295,7,98,46,71,10,17,46
S01006754,400,88,28,60,312,8,102,38,94,4,10,56
S01006755,289,70,21,49,219,6,27,70,63,7,17,29
S01006756,286,82,1,81,204,8,4,61,92,3,11,25
S01006757,343,112,21,91,231,5,35,44,88,2,11,46
S01006758,318,101,10,91,217,6,37,35,81,5,12,41
S01006759,251,58,19,39,193,10,33,38,62,5,7,38
S01006760,235,77,11,66,158,8,22,34,65,3,6,20
S01006761,334,98,36,62,236,5,52,30,97,3,10,39
S01006762,416,168,110,58,248,2,73,40,83,3,12,35
S01006763,334,69,7,62,265,13,7,83,85,12,21,44
S01006764,345,101,7,94,244,6,18,63,91,2,15,49
S01006765,273,94,9,85,179,9,15,30,74,5,13,33
S01006766,240,54,10,44,186,2,16,33,70,10,14,41
S01006767,283,69,37,32,214,7,35,41,60,2,15,54
S01006768,212,16,6,10,196,1,23,40,55,4,19,54
S01006769,392,93,40,53,299,14,52,59,78,9,21,66
S01006770,273,39,18,21,234,3,47,39,91,4,6,44
S01006771,150,11,4,7,139,1,14,31,34,4,14,41
S01006772,375,107,28,79,268,3,35,45,116,4,16,49
S01006773,255,42,14,28,213,6,38,41,60,7,22,39
S01006774,221,14,2,12,207,3,24,39,55,5,21,60
S01006775,319,141,47,94,178,11,29,23,72,2,10,31
S01006776,271,121,76,45,150,8,49,16,49,2,8,18
S01006777,262,39,18,21,223,2,41,38,80,6,11,45
S01006778,287,71,26,45,216,5,55,31,71,2,12,40
S01006779,293,115,65,50,178,15,46,28,36,4,9,40
S01006780,254,71,34,37,183,4,40,31,59,1,14,34
S01006781,295,68,50,18,227,8,66,21,58,5,21,48
S01006782,341,128,30,98,213,5,30,41,72,10,19,36
S01006783,299,68,45,23,231,11,78,28,60,5,10,39
S01006784,302,110,37,73,192,0,35,36,84,1,7,29
S01006785,223,30,10,20,193,7,27,47,51,2,15,44
S01006786,339,84,22,62,255,5,24,65,89,7,24,41
S01006787,281,65,28,37,216,7,47,32,67,5,11,47
S01006788,302,79,9,70,223,8,22,68,72,3,18,32
S01006789,290,102,54,48,188,10,57,26,51,6,7,31
S01006790,444,177,109,68,267,14,92,43,63,11,11,33
S01006791,253,90,38,52,163,7,39,23,58,9,7,20
S01006792,214,57,30,27,157,1,43,18,55,11,11,18
S01006793,245,83,44,39,162,6,47,24,54,7,6,18
S01006794,280,101,51,50,179,9,50,21,60,4,5,30
S01006795,319,93,52,41,226,10,53,52,63,12,14,22
S01006796,222,37,19,18,185,10,38,50,52,12,6,17
S01006797,243,49,18,31,194,4,32,35,73,14,11,25
S01006798,225,34,20,14,191,2,36,38,57,14,14,30
S01006799,403,147,80,67,256,10,59,60,63,10,16,38
S01006800,320,56,21,35,264,4,58,49,68,11,25,49
S01006801,353,55,22,33,298,6,64,56,99,15,15,43
S01006802,298,93,57,36,205,8,34,41,70,9,12,31
S01006803,313,105,78,27,208,11,49,33,63,7,12,33
S01006804,295,53,28,25,242,7,38,77,70,12,7,31
S01006805,442,116,56,60,326,22,49,65,88,15,30,57
S01006806,429,104,47,57,325,10,57,60,105,18,17,58
S01006807,243,40,8,32,203,12,35,40,69,7,13,27
S01006808,248,44,23,21,204,6,37,34,68,9,16,34
S01006809,354,108,55,53,246,16,56,38,68,14,18,36
S01006810,370,109,39,70,261,12,47,48,80,16,15,43
S01006811,430,87,33,54,343,13,48,92,102,19,24,45
S01006812,304,61,19,42,243,10,30,62,96,6,13,26
S01006813,322,87,42,45,235,6,40,56,66,13,17,37
S01006814,282,39,19,20,243,5,34,44,79,11,22,48
S01006815,285,111,62,49,174,17,31,29,60,4,4,29
S01006816,298,87,36,51,211,8,35,54,60,7,14,33
S01006817,261,62,21,41,199,9,27,46,60,7,16,34
S01006818,278,51,19,32,227,0,39,53,73,8,16,38
S01006819,313,58,15,43,255,3,27,63,77,14,26,45
S01006820,180,35,11,24,145,0,31,24,48,4,13,25
S01006821,229,46,16,30,183,5,41,37,46,3,17,34
S01006822,279,46,15,31,233,6,38,34,73,12,28,42
S01006823,302,101,37,64,201,7,38,37,67,11,9,32
S01006824,367,130,41,89,237,35,32,53,56,4,11,46
S01006825,333,74,34,40,259,11,52,54,70,4,14,54
S01006826,344,74,35,39,270,6,48,61,61,10,20,64
S01006827,419,141,75,66,278,23,51,61,88,6,8,41
S01006828,485,214,81,133,271,13,58,52,103,4,12,29
S01006829,139,15,4,11,124,3,6,51,29,11,9,15
S01006830,301,72,30,42,229,4,54,36,60,7,18,50
S01006831,221,49,33,16,172,4,41,26,48,7,9,37
S01006832,424,109,53,56,315,6,64,61,100,10,24,50
S01006833,175,35,26,9,140,2,38,33,30,5,12,20
S01006834,163,12,0,12,151,5,4,62,25,10,17,28
S01006835,478,254,141,113,224,7,54,43,76,6,10,28
S01006836,210,68,11,57,142,10,7,59,35,8,10,13
S01006837,230,49,20,29,181,9,35,50,32,4,21,30
S01006838,249,56,25,31,193,5,15,65,58,2,16,32
S01006839,450,111,51,60,339,16,77,71,101,6,17,51
S01006840,366,46,21,25,320,7,59,88,70,14,23,59
S01006841,344,53,19,34,291,16,34,70,84,12,20,55
S01006842,308,47,29,18,261,5,44,52,67,5,23,65
S01006843,312,51,17,34,261,8,33,64,78,7,24,47
S01006844,332,139,33,106,193,2,32,45,64,1,13,36
S01006845,366,77,18,59,289,9,25,64,91,7,29,64
S01006846,240,63,16,47,177,5,32,29,62,5,9,35
S01006847,238,31,11,20,207,6,24,57,55,3,20,42
S01006848,364,81,36,45,283,3,49,68,84,13,20,46
S01006849,355,40,4,36,315,28,9,119,100,14,17,28
S01006850,365,64,19,45,301,27,25,70,82,9,16,72
S01006851,337,99,56,43,238,16,35,53,54,7,21,52
S01006852,229,41,19,22,188,1,42,36,46,6,16,41
S01006853,318,68,28,40,250,3,37,62,71,15,23,39
S01006854,364,81,38,43,283,14,63,59,83,7,12,45
S01006855,294,43,24,19,251,3,40,57,83,15,17,36
S01006856,254,42,26,16,212,8,32,44,68,16,15,29
S01006857,398,92,38,54,306,4,62,61,91,16,17,55
S01006858,240,37,17,20,203,3,42,35,53,16,10,44
S01006859,421,96,50,46,325,1,51,65,96,25,29,58
S01006860,264,104,57,47,160,10,39,24,48,3,11,25
S01006861,195,23,1,22,172,3,8,79,32,13,17,20
S01006862,312,98,60,38,214,9,51,45,61,4,8,36
S01006863,295,90,42,48,205,9,45,46,43,10,12,40
S01006864,165,35,5,30,130,13,8,34,40,16,5,14
S01006865,424,144,58,86,280,4,51,56,113,8,15,33
S01006866,220,48,31,17,172,2,46,20,49,9,18,28
S01006867,293,64,42,22,229,3,66,33,50,10,18,49
S01006868,364,97,64,33,267,15,52,57,62,12,14,55
S01006869,197,45,14,31,152,4,31,26,43,9,10,29
S01006870,196,48,27,21,148,7,40,24,31,5,13,28
S01006871,265,54,32,22,211,5,40,50,52,19,14,31
S01006872,252,36,17,19,216,1,35,56,57,16,18,33
S01006873,426,135,98,37,291,11,90,57,65,12,20,36
S01006874,216,39,9,30,177,3,30,33,46,5,15,45
S01006875,321,115,65,50,206,13,53,41,55,6,10,28
S01006876,396,87,36,51,309,8,64,61,90,14,20,52
S01006877,372,76,27,49,296,4,50,60,102,12,24,44
S01006878,322,107,50,57,215,6,59,36,69,9,12,24
S01006879,322,91,33,58,231,5,53,39,74,11,19,30
S01006880,227,32,15,17,195,7,25,63,58,5,5,32
S01006881,227,34,10,24,193,4,46,39,60,10,12,22
S01006882,207,99,72,27,108,9,23,17,30,5,5,19
S01006883,217,86,34,52,131,5,30,24,39,4,12,17
S01006884,390,123,75,48,267,11,60,58,63,9,18,48
S01006885,220,50,30,20,170,4,44,19,56,7,17,23
S01006886,321,84,28,56,237,2,44,46,94,6,15,30
S01006887,213,29,9,20,184,7,27,51,52,15,8,24
S01006888,309,58,18,40,251,6,42,58,76,18,12,39
S01006889,350,101,40,61,249,18,40,39,74,13,19,46
S01006890,264,57,19,38,207,5,36,56,57,9,14,30
S01006891,400,125,59,66,275,10,48,58,84,6,22,47
S01006892,275,93,37,56,182,16,32,37,48,10,7,32
S01006893,196,28,15,13,168,14,35,29,30,7,18,35
S01006894,448,160,88,72,288,8,81,43,82,8,14,52
S01006895,266,107,30,77,159,8,28,25,64,8,3,23
S01006896,361,105,43,62,256,13,60,35,91,2,14,41
S01006897,290,66,22,44,224,6,42,45,65,2,17,47
S01006898,340,112,39,73,228,17,37,51,67,8,11,37
S01006899,242,50,20,30,192,8,21,49,58,6,15,35
S01006900,234,46,23,23,188,2,26,43,61,1,5,50
S01006901,270,89,50,39,181,13,35,20,55,2,19,37
S01006902,296,95,33,62,201,17,24,52,56,7,13,32
S01006903,349,110,38,72,239,18,47,57,67,5,10,35
S01006904,330,125,68,57,205,20,41,42,56,4,18,24
S01006905,395,119,78,41,276,9,87,42,65,8,12,53
S01006906,441,193,108,85,248,22,73,31,68,6,5,43
S01006907,305,121,38,83,184,11,27,19,86,6,6,29
S01006908,426,190,76,114,236,22,52,28,83,5,4,42
S01006909,275,24,6,18,251,7,28,90,74,7,10,35
S01006910,353,75,30,45,278,3,31,64,109,9,21,41
S01006911,224,19,1,18,205,15,4,88,56,12,17,13
S01006912,170,33,13,20,137,0,24,24,44,1,12,32
S01006913,182,27,5,22,155,6,3,57,38,11,9,31
S01006914,273,43,10,33,230,4,33,51,67,12,25,38
S01006915,301,39,15,24,262,3,35,54,88,19,23,40
S01006916,207,36,3,33,171,24,10,62,39,10,3,23
S01006917,320,27,3,24,293,14,6,162,63,17,11,20
S01006918,195,42,22,20,153,4,24,48,47,4,13,13
S01006919,205,42,17,25,163,3,45,24,50,4,10,27
S01006920,243,88,47,41,155,13,35,40,45,4,2,16
S01006921,270,21,3,18,249,9,14,111,59,17,17,22
S01006922,201,41,19,22,160,3,38,26,46,11,11,25
S01006923,331,83,60,23,248,5,63,45,71,9,14,41
S01006924,208,39,12,27,169,3,17,42,54,8,14,31
S01006925,215,56,26,30,159,4,30,30,57,5,10,23
S01006926,263,27,7,20,236,10,21,80,78,13,6,28
S01006927,358,27,1,26,331,15,7,150,117,14,9,19
S01006928,416,95,29,66,321,21,47,82,86,6,22,57
S01006929,280,28,12,16,252,7,22,56,78,13,24,52
S01006930,358,68,30,38,290,5,47,50,95,5,21,67
S01006931,159,39,17,22,120,2,19,26,39,4,9,21
S01006932,195,13,2,11,182,16,7,64,34,10,20,31
S01006933,220,33,7,26,187,4,15,44,60,5,12,47
S01006934,234,59,28,31,175,5,33,38,55,3,16,25
S01006935,301,81,48,33,220,2,46,37,71,5,13,46
S01006936,274,79,37,42,195,10,44,37,50,10,12,32
S01006937,316,86,35,51,230,14,40,47,71,3,8,47
S01006938,254,91,53,38,163,6,34,34,52,3,8,26
S01006939,234,36,19,17,198,2,38,44,53,7,9,45
S01006940,378,81,23,58,297,8,52,47,93,14,22,61
S01006941,255,68,28,40,187,9,35,46,47,8,18,24
S01006942,390,67,35,32,323,7,38,101,70,14,23,70
S01006943,208,17,4,13,191,2,3,103,34,13,19,17
S01006944,327,54,4,50,273,19,5,112,91,14,11,21
S01006945,215,49,16,33,166,4,26,30,64,6,10,26
S01006946,314,61,15,46,253,0,36,56,96,10,25,30
S01006947,306,49,12,37,257,14,9,100,69,9,23,33
S01006948,372,94,61,33,278,7,54,52,91,8,15,51
S01006949,248,40,10,30,208,5,30,65,61,9,10,28
S01006950,199,23,2,21,176,8,3,84,62,6,7,6
S01006951,204,60,27,33,144,6,22,31,53,3,8,21
S01006952,364,106,45,61,258,3,54,44,85,4,20,48
S01006953,301,51,18,33,250,8,29,62,80,10,19,42
S01006954,317,45,18,27,272,6,48,72,79,8,13,46
S01006955,267,85,41,44,182,14,14,42,63,11,12,26
S01006956,394,47,10,37,347,15,23,115,109,19,23,43
S01006957,387,66,25,41,321,6,31,86,104,14,34,46
S01006958,435,147,83,64,288,4,96,36,95,4,13,40
S01006959,347,150,80,70,197,15,53,36,50,4,8,31
S01006960,318,33,6,27,285,11,11,125,57,20,22,39
S01006961,321,29,2,27,292,10,12,136,66,16,20,32
S01006962,409,121,68,53,288,2,81,41,102,3,14,45
S01006963,275,63,25,38,212,7,31,27,76,5,20,46
S01006964,348,119,27,92,229,9,22,50,92,2,14,40
S01006965,216,61,23,38,155,6,32,24,49,1,11,32
S01006966,253,70,42,28,183,13,25,34,58,6,15,32
S01006967,237,35,14,21,202,5,24,44,69,8,15,37
S01006968,224,59,30,29,165,6,31,30,55,7,5,31
S01006969,412,140,60,80,272,6,69,49,81,5,14,48
S01006970,258,32,16,16,226,10,30,50,66,9,17,44
S01006971,248,95,56,39,153,6,37,27,45,0,6,32
S01006972,192,34,14,20,158,3,19,30,52,6,18,30
S01006973,234,58,29,29,176,5,31,32,61,2,4,41
S01006974,393,68,30,38,325,12,47,81,95,17,21,52
S01006975,386,81,25,56,305,4,39,60,125,13,20,44
S01006976,172,21,5,16,151,5,20,27,54,2,9,34
S01006977,316,54,13,41,262,8,36,58,86,11,17,46
S01006978,371,101,44,57,270,6,51,51,91,8,16,47
S01006979,369,105,61,44,264,12,51,50,88,5,19,39
S01006980,326,53,20,33,273,3,46,55,88,10,23,48
S01006981,321,69,22,47,252,5,29,55,93,5,25,40
S01006982,359,84,30,54,275,15,36,86,80,11,21,26
S01006983,289,58,20,38,231,11,36,45,73,14,19,33
S01006984,275,54,18,36,221,9,35,48,70,6,18,35
S01006985,432,127,67,60,305,8,64,56,84,14,22,57
S01006986,243,47,18,29,196,12,11,67,59,8,12,27
S01006987,294,92,49,43,202,10,42,34,56,11,8,41
S01006988,218,32,9,23,186,9,19,54,51,12,18,23
S01006989,375,60,12,48,315,4,43,84,86,18,20,60
S01006990,313,36,8,28,277,12,17,87,87,15,30,29
S01006991,216,88,50,38,128,9,31,18,36,8,5,21
S01006992,241,45,14,31,196,0,34,41,66,8,13,34
S01006993,202,33,8,25,169,4,28,30,52,6,17,32
S01006994,226,40,12,28,186,8,24,27,67,5,8,47
S01006995,331,53,10,43,278,10,50,67,84,16,13,38
S01006996,306,73,36,37,233,14,34,64,55,12,21,33
S01006997,292,54,17,37,238,1,34,62,72,12,30,27
S01006998,450,95,40,55,355,10,53,85,127,7,22,51
S01006999,334,63,18,45,271,4,53,51,88,12,14,49
S01007000,414,127,73,54,287,9,57,64,95,7,21,34
S01007001,388,100,47,53,288,15,64,57,82,14,16,40
S01007002,230,46,19,27,184,12,29,43,49,14,14,23
S01007003,205,35,15,20,170,3,34,38,54,7,9,25
S01007004,304,84,27,57,220,6,34,38,85,11,13,33
S01007005,348,52,23,29,296,7,47,53,104,16,18,51
S01007006,394,114,51,63,280,8,61,57,90,10,20,34
S01007007,338,86,37,49,252,3,44,45,80,20,17,43
S01007008,450,167,91,76,283,18,56,57,65,6,23,58
S01007009,496,209,96,113,287,9,71,35,86,15,18,53
S01007010,392,153,101,52,239,6,74,42,69,4,9,35
S01007011,463,237,113,124,226,16,57,43,67,6,12,25
S01007012,322,99,48,51,223,29,51,34,55,9,13,32
S01007013,222,40,12,28,182,3,41,34,54,10,12,28
S01007014,381,70,19,51,311,8,45,79,92,16,19,52
S01007015,247,55,16,39,192,4,40,36,54,12,12,34
S01007016,213,29,6,23,184,1,25,39,60,7,23,29
S01007017,476,186,98,88,290,19,59,47,94,12,17,42
S01007018,421,101,68,33,320,11,86,74,88,14,16,31
S01007019,309,106,61,45,203,8,52,25,57,4,16,41
S01007020,411,194,96,98,217,7,57,40,71,3,10,29
S01007021,403,137,86,51,266,10,71,47,71,11,16,40
S01007022,209,54,37,17,155,9,34,40,38,6,9,19
S01007023,203,51,25,26,152,5,36,27,42,9,11,22
S01007024,416,89,43,46,327,3,81,48,113,13,26,43
S01007025,389,140,81,59,249,10,54,52,71,9,19,34
S01007026,412,157,96,61,255,12,80,37,60,6,15,45
S01007027,481,157,88,69,324,17,83,58,81,17,17,51
S01007028,315,86,30,56,229,6,54,34,71,9,12,43
S01007029,221,48,33,15,173,3,46,25,47,8,17,27
S01007030,338,84,47,37,254,10,59,50,64,11,23,37
S01007031,285,105,49,56,180,5,40,33,51,8,21,22
S01007032,507,256,109,147,251,13,60,47,70,12,18,31
S01007033,338,111,52,59,227,16,48,45,69,6,17,26
S01007034,266,89,37,52,177,13,26,31,57,6,10,34
S01007035,375,143,77,66,232,28,46,45,57,4,21,31
S01007036,401,125,66,59,276,8,67,58,74,13,19,37
S01007037,453,148,86,62,305,21,71,52,72,14,22,53
S01007038,328,114,47,67,214,7,29,43,67,12,16,40
S01007039,368,106,41,65,262,15,47,58,78,13,16,35
S01007040,301,109,56,53,192,16,42,30,52,7,9,36
S01007041,344,135,73,62,209,12,37,25,70,10,16,39
S01007042,318,98,64,34,220,8,49,43,64,9,19,28
S01007043,382,75,30,45,307,6,51,56,99,11,24,60
S01007044,306,97,55,42,209,2,54,26,73,5,17,32
S01007045,325,63,29,34,262,5,53,33,94,10,16,51
S01007046,259,80,30,50,179,3,36,20,64,2,19,35
S01007047,261,47,21,26,214,2,48,29,71,11,16,37
S01007048,359,80,33,47,279,3,63,48,77,5,17,66
S01007049,415,131,57,74,284,15,62,61,72,14,16,44
S01007050,295,102,52,50,193,6,46,37,51,3,13,37
S01007051,332,97,43,54,235,10,43,57,72,10,10,33
S01007052,233,51,29,22,182,4,29,37,58,5,12,37
S01007053,191,35,14,21,156,2,35,30,42,5,13,29
S01007054,434,148,91,57,286,12,65,67,73,3,21,45
S01007055,196,42,10,32,154,1,26,24,43,9,19,32
S01007056,221,27,11,16,194,0,29,31,56,13,16,49
S01007057,247,75,52,23,172,0,57,31,48,2,6,28
S01007058,288,113,75,38,175,7,58,26,43,4,13,24
S01007059,433,117,55,62,316,23,67,64,84,14,18,46
S01007060,231,44,21,23,187,25,30,26,37,5,16,48
S01007061,346,50,16,34,296,8,36,61,104,13,18,56
S01007062,272,48,17,31,224,4,41,38,81,5,15,40
S01007063,282,78,46,32,204,5,41,34,61,11,16,36
S01007064,253,45,15,30,208,6,31,37,76,6,9,43
S01007065,249,63,19,44,186,12,37,41,54,3,12,27
S01007066,252,44,13,31,208,4,35,35,62,8,18,46
S01007067,254,74,31,43,180,3,39,23,68,3,14,30
S01007068,329,97,46,51,232,14,50,43,80,7,6,32
S01007069,338,83,27,56,255,24,39,55,72,15,14,36
S01007070,247,100,38,62,147,7,30,26,49,2,10,23
S01007071,356,109,37,72,247,9,37,57,73,5,14,52
S01007072,246,44,9,35,202,4,28,47,60,10,19,34
S01007073,358,80,43,37,278,8,58,54,75,11,18,54
S01007074,292,74,23,51,218,21,36,38,73,6,9,35
S01007075,305,95,45,50,210,20,33,37,48,10,20,42
S01007076,289,56,18,38,233,8,34,53,61,12,15,50
S01007077,311,81,37,44,230,10,69,29,70,4,8,40
S01007078,398,144,63,81,254,15,69,46,64,3,21,36
S01007079,522,259,130,129,263,14,66,50,76,6,13,38
S01007080,386,145,78,67,241,24,57,41,62,6,10,41
S01007081,370,94,35,59,276,24,36,58,63,17,28,50
S01007082,233,83,29,54,150,9,20,31,35,7,20,28
S01007083,451,188,70,118,263,28,56,65,60,3,11,40
S01007084,273,106,53,53,167,9,46,23,42,2,9,36
S01007085,366,148,29,119,218,9,38,51,62,5,13,40
S01007086,573,278,55,223,295,39,16,70,103,12,18,37
S01007087,439,208,61,147,231,25,30,46,71,5,20,34
S01007088,247,83,21,62,164,22,23,33,52,2,9,23
S01007089,217,52,23,29,165,2,36,35,52,11,5,24
S01007090,243,79,12,67,164,9,29,32,51,6,5,32
S01007091,280,40,6,34,240,24,9,81,51,13,30,32
S01007092,307,120,72,48,187,10,51,26,51,6,9,34
S01007093,417,114,55,59,303,6,68,52,96,5,18,58
S01007094,354,64,35,29,290,3,74,46,82,10,21,54
S01007095,209,39,12,27,170,4,31,25,46,7,20,37
S01007096,316,59,22,37,257,7,38,71,74,12,21,34
S01007097,188,31,9,22,157,5,23,26,56,7,13,27
S01007098,288,40,17,23,248,4,37,66,59,9,30,43
S01007099,338,79,42,37,259,10,35,70,61,7,19,57
S01007100,298,71,29,42,227,7,47,45,62,6,20,40
S01007101,342,90,42,48,252,19,49,52,66,9,12,45
S01007102,260,46,15,31,214,4,54,28,46,5,28,49
S01007103,330,85,45,40,245,11,43,48,58,6,31,48
S01007104,197,41,22,19,156,4,33,28,48,5,16,22
S01007105,238,76,41,35,162,8,44,33,26,8,9,34
S01007106,319,102,52,50,217,14,49,25,57,7,20,45
S01007107,256,36,18,18,220,4,42,35,70,15,20,34
S01007108,226,42,14,28,184,3,46,29,51,11,16,28
S01007109,371,120,54,66,251,21,53,42,71,12,15,37
S01007110,324,94,49,45,230,19,34,61,51,12,16,37
S01007111,225,59,28,31,166,8,42,33,44,2,12,25
S01007112,214,40,21,19,174,1,57,15,34,6,18,43
S01007113,231,79,31,48,152,4,47,22,38,5,8,28
S01007114,378,103,55,48,275,14,64,49,61,5,24,58
S01007115,257,66,44,22,191,3,34,40,48,5,20,41
S01007116,315,26,9,17,289,3,27,98,50,19,39,53
S01007117,177,23,14,9,154,2,37,19,41,6,17,32
S01007118,282,68,19,49,214,26,25,56,53,7,12,35
S01007119,330,85,32,53,245,15,35,49,67,8,21,50
S01007120,483,153,49,104,330,30,49,65,92,6,16,72
S01007121,294,169,106,63,125,2,33,12,35,8,15,20
S01007122,287,124,47,77,163,11,26,27,45,6,14,34
S01007123,313,125,54,71,188,8,49,44,45,4,10,28
S01007124,380,94,40,54,286,16,59,64,69,6,20,52
S01007125,351,106,45,61,245,21,46,47,49,13,27,42
S01007126,399,145,43,102,254,22,22,76,63,9,21,41
S01007127,446,164,43,121,282,20,25,52,94,14,30,47
S01007128,411,173,89,84,238,20,53,49,51,11,11,43
S01007129,374,68,27,41,306,14,52,78,88,20,12,42
S01007130,280,91,51,40,189,4,56,34,42,7,4,42
S01007131,341,98,63,35,243,7,52,43,75,6,20,40
S01007132,297,73,34,39,224,7,61,32,60,8,18,38
S01007133,262,55,21,34,207,4,37,45,57,4,18,42
S01007134,317,85,41,44,232,9,41,45,72,9,16,40
S01007135,221,51,24,27,170,3,30,35,48,11,13,30
S01007136,185,16,8,8,169,9,29,38,45,7,17,24
S01007137,248,24,3,21,224,8,9,93,57,15,15,27
S01007138,243,55,25,30,188,6,34,45,56,8,14,25
S01007139,324,66,32,34,258,15,62,56,71,6,16,32
S01007140,405,84,42,42,321,13,70,62,83,13,19,61
S01007141,249,37,21,16,212,6,41,39,51,13,22,40
S01007142,153,7,2,5,146,1,0,64,13,16,26,26
S01007143,203,7,2,5,196,8,8,103,31,12,15,19
S01007144,240,53,20,33,187,6,38,25,64,8,13,33
S01007145,408,123,84,39,285,10,90,42,71,6,13,53
S01007146,334,102,61,41,232,17,61,43,52,10,16,33
S01007147,305,68,40,28,237,11,74,33,57,6,15,41
S01007148,204,24,14,10,180,5,38,29,52,7,13,36
S01007149,237,55,28,27,182,2,67,25,45,3,10,30
S01007150,350,120,90,30,230,4,104,24,44,1,6,47
S01007151,331,71,33,38,260,13,55,54,58,5,34,41
S01007152,237,68,42,26,169,6,40,32,47,4,11,29
S01007153,286,83,52,31,203,11,55,40,55,4,14,24
S01007154,453,250,142,108,203,14,59,20,67,8,10,25
S01007155,305,107,62,45,198,8,67,37,43,7,6,30
S01007156,308,71,30,41,237,19,43,28,74,3,16,54
S01007157,279,80,28,52,199,29,29,44,51,8,7,31
S01007158,386,95,34,61,291,12,37,83,92,10,14,43
S01007159,407,142,57,85,265,39,55,43,79,6,13,30
S01007160,377,116,61,55,261,27,56,43,71,9,16,39
S01007161,317,96,45,51,221,23,42,34,66,6,12,38
S01007162,271,114,53,61,157,29,30,31,42,5,4,16
S01007163,392,101,47,54,291,20,96,42,68,6,11,48
S01007164,257,74,36,38,183,7,57,33,51,1,8,26
S01007165,330,80,36,44,250,8,61,47,61,8,20,45
S01007166,328,126,67,59,202,13,56,31,49,16,15,22
S01007167,331,67,33,34,264,12,75,36,65,6,10,60
S01007168,415,101,63,38,314,8,79,40,89,8,19,71
S01007169,326,102,68,34,224,8,45,43,54,7,16,51
S01007170,268,65,29,36,203,7,35,29,69,9,12,42
S01007171,364,105,38,67,259,8,53,37,101,8,13,39
S01007172,333,61,28,33,272,8,75,33,91,12,14,39
S01007173,327,47,18,29,280,16,28,80,84,9,18,45
S01007174,286,43,18,25,243,23,26,56,50,15,37,36
S01007175,294,77,57,20,217,11,74,37,49,7,13,26
S01007176,290,65,43,22,225,15,49,58,55,5,15,28
S01007177,303,110,37,73,193,29,40,42,46,3,10,23
S01007178,505,198,57,141,307,54,48,48,89,9,12,47
S01007179,384,79,38,41,305,5,87,42,78,4,20,69
S01007180,347,105,70,35,242,8,87,39,56,8,12,32
S01007181,317,83,43,40,234,3,61,37,63,5,28,37
S01007182,526,229,104,125,297,27,65,50,84,1,16,54
S01007183,560,240,122,118,320,18,82,60,105,2,15,38
S01007184,594,321,118,203,273,25,53,33,97,6,17,42
S01007185,422,194,75,119,228,41,34,49,61,7,10,26
S01007186,327,174,44,130,153,20,18,32,54,3,13,13
S01007187,498,302,112,190,196,24,40,34,66,2,5,25
S01007188,328,162,37,125,166,18,24,25,66,4,9,20
S01007189,461,273,138,135,188,15,39,34,66,3,10,21
S01007190,378,113,84,29,265,8,96,36,67,7,11,40
S01007191,274,81,37,44,193,18,37,37,54,2,8,37
S01007192,286,101,37,64,185,22,32,34,52,4,10,31
S01007193,289,59,32,27,230,16,38,35,49,10,29,53
S01007194,276,87,34,53,189,39,33,31,48,11,14,13
S01007195,237,59,24,35,178,26,43,41,30,3,11,24
S01007196,278,43,8,35,235,36,29,50,57,14,25,24
S01007197,286,100,21,79,186,50,14,35,48,13,7,19
S01007198,229,69,20,49,160,28,24,34,38,4,9,23
S01007199,306,81,22,59,225,27,34,39,49,15,16,45
S01007200,405,145,48,97,260,21,46,52,83,5,9,44
S01007201,350,105,46,59,245,17,67,43,74,5,12,27
S01007202,350,118,31,87,232,23,48,39,72,4,9,37
S01007203,250,47,18,29,203,8,40,43,48,8,14,42
S01007204,426,112,34,78,314,20,62,43,115,11,19,44
S01007205,263,37,15,22,226,6,54,18,76,11,13,48
S01007206,212,106,53,53,106,7,19,26,36,1,6,11
S01007207,420,133,54,79,287,21,58,47,99,5,14,43
S01007208,550,287,76,211,263,49,34,51,94,3,9,23
S01007209,389,194,65,129,195,22,31,24,74,6,10,28
S01007210,387,183,72,111,204,19,25,39,62,14,11,34
S01007211,498,237,90,147,261,29,39,41,82,7,20,43
S01007212,259,92,28,64,167,9,32,30,62,7,4,23
S01007213,423,159,83,76,264,9,70,41,80,6,16,42
S01007214,424,230,88,142,194,16,53,33,64,2,4,22
S01007215,397,182,72,110,215,18,44,35,63,7,14,34
S01007216,315,99,56,43,216,6,53,41,65,4,14,33
S01007217,460,180,67,113,280,29,50,53,81,6,17,44
S01007218,353,58,42,16,295,7,76,53,88,13,15,43
S01007219,386,143,59,84,243,19,51,41,75,5,18,34
S01007220,330,143,53,90,187,11,26,46,55,8,13,28
S01007221,273,51,33,18,222,8,54,61,57,15,10,17
S01007222,320,53,29,24,267,24,36,51,87,10,19,40
S01007223,200,42,22,20,158,3,29,49,39,8,7,23
S01007224,279,85,48,37,194,17,59,45,37,6,8,22
S01007225,369,93,35,58,276,8,60,50,83,12,23,40
S01007226,322,71,24,47,251,4,60,38,68,6,28,47
S01007227,425,137,70,67,288,12,76,56,75,13,22,34
S01007228,260,60,16,44,200,5,39,42,59,10,21,24
S01007229,455,96,39,57,359,7,70,60,122,15,25,60
S01007230,358,158,49,109,200,21,29,63,50,7,10,20
S01007231,372,179,80,99,193,24,38,37,56,6,10,22
S01007232,381,178,56,122,203,27,48,32,63,5,12,16
S01007233,347,101,33,68,246,16,50,47,73,8,10,42
S01007234,263,93,53,40,170,4,40,27,43,10,19,27
S01007235,407,181,85,96,226,18,53,44,76,2,10,23
S01007236,305,113,51,62,192,13,40,40,67,3,8,21
S01007237,325,105,52,53,220,9,59,38,50,6,17,41
S01007238,417,124,70,54,293,14,69,42,92,8,16,52
S01007239,367,105,67,38,262,5,77,31,85,8,17,39
S01007240,233,49,19,30,184,3,46,25,69,4,14,23
S01007241,242,45,18,27,197,3,43,33,55,11,10,42
S01007242,447,124,73,51,323,14,90,55,93,12,15,44
S01007243,255,66,34,32,189,5,52,41,47,3,9,32
S01007244,303,62,30,32,241,5,59,31,80,8,9,49
S01007245,310,95,54,41,215,7,48,33,70,5,11,41
S01007246,237,43,14,29,194,4,38,31,73,10,7,31
S01007247,279,71,30,41,208,6,40,39,79,9,10,25
S01007248,310,61,44,17,249,2,74,42,62,9,16,44
S01007249,174,48,26,22,126,10,28,18,45,3,8,14
S01007250,432,197,67,130,235,10,45,37,89,7,11,36
S01007251,250,102,56,46,148,7,38,29,41,9,11,13
S01007252,315,61,24,37,254,23,52,47,61,11,14,46
S01007253,358,86,53,33,272,6,85,47,79,4,15,36
S01007254,401,179,90,89,222,25,45,47,52,7,6,40
S01007255,374,133,48,85,241,46,30,53,69,7,7,29
S01007256,407,184,70,114,223,26,36,49,69,6,14,23
S01007257,296,124,31,93,172,29,35,28,42,5,12,21
S01007258,410,168,81,87,242,15,51,44,69,11,15,37
S01007259,414,175,82,93,239,17,49,49,63,5,15,41
S01007260,418,150,42,108,268,49,38,44,79,7,9,42
S01007261,356,109,56,53,247,6,70,36,66,3,21,45
S01007262,301,81,37,44,220,14,45,40,55,6,13,47
S01007263,366,114,56,58,252,19,64,38,81,5,11,34
S01007264,339,111,71,40,228,8,67,31,58,3,23,38
S01007265,472,171,78,93,301,26,47,56,79,13,25,55
S01007266,305,98,44,54,207,14,45,35,51,8,4,50
S01007267,222,47,19,28,175,6,41,29,58,2,12,27
S01007268,249,57,24,33,192,13,44,24,57,8,16,30
S01007269,224,60,31,29,164,5,42,28,37,5,15,32
S01007270,205,66,25,41,139,4,33,23,35,6,8,30
S01007271,448,150,67,83,298,18,72,54,89,7,12,46
S01007272,417,175,73,102,242,38,43,63,50,9,14,25
S01007273,296,75,31,44,221,18,53,57,53,4,7,29
S01007274,456,247,120,127,209,15,45,31,62,7,15,34
S01007275,243,71,36,35,172,6,50,22,45,10,11,28
S01007276,369,100,45,55,269,25,62,47,70,10,16,39
S01007277,327,80,61,19,247,14,66,25,79,7,20,36
S01007278,227,50,31,19,177,6,49,34,38,4,17,29
S01007279,240,67,28,39,173,12,40,21,46,5,15,34
S01007280,237,65,19,46,172,11,32,28,53,12,10,26
S01007281,361,92,24,68,269,5,45,57,82,16,14,50
S01007282,228,65,20,45,163,8,28,30,52,7,13,25
S01007283,482,166,116,50,316,8,100,52,101,16,14,25
S01007284,403,153,72,81,250,16,62,42,74,12,10,34
S01007285,358,96,52,44,262,6,77,46,66,11,21,35
S01007286,460,174,73,101,286,30,53,56,95,7,11,34
S01007287,281,117,46,71,164,7,45,30,55,7,6,14
S01007288,252,76,43,33,176,2,51,25,61,4,6,27
S01007289,323,72,27,45,251,3,58,42,70,7,25,46
S01007290,276,53,10,43,223,40,3,81,45,15,20,19
S01007291,329,143,69,74,186,22,43,29,53,3,8,28
S01007292,320,81,36,45,239,5,44,51,71,9,17,42
S01007293,310,67,20,47,243,50,22,45,61,10,15,40
S01007294,378,125,58,67,253,20,40,37,69,3,25,59
S01007295,307,180,78,102,127,29,12,21,44,2,6,13
S01007296,354,222,74,148,132,13,27,9,63,0,5,15
S01007297,444,194,59,135,250,14,45,44,90,8,15,34
S01007298,244,85,57,28,159,11,26,36,52,3,12,19
S01007299,387,154,58,96,233,25,31,41,80,2,17,37
S01007300,241,109,36,73,132,19,29,26,36,3,4,15
S01007301,311,82,45,37,229,4,71,38,58,6,20,32
S01007302,280,92,53,39,188,9,38,34,61,9,6,31
S01007303,366,90,47,43,276,6,62,48,84,11,15,50
S01007304,310,88,71,17,222,11,74,25,57,11,12,32
S01007305,305,69,37,32,236,6,58,44,65,7,18,38
S01007306,342,109,50,59,233,18,55,46,55,10,10,39
S01007307,337,93,35,58,244,6,60,40,69,7,16,46
S01007308,339,104,56,48,235,11,66,25,75,9,18,31
S01007309,277,83,26,57,194,8,41,30,70,7,7,31
S01007310,380,128,64,64,252,8,75,37,79,7,14,32
S01007311,343,125,54,71,218,8,46,40,70,8,13,33
S01007312,355,103,52,51,252,15,82,35,82,12,7,19
S01007313,436,122,73,49,314,9,84,48,106,9,16,42
S01007314,292,86,30,56,206,5,42,38,81,9,11,20
S01007315,434,144,66,78,290,14,59,62,91,5,18,41
S01007316,449,200,85,115,249,22,59,31,83,10,10,34
S01007317,266,80,21,59,186,14,21,45,50,13,11,32
S01007318,274,89,45,44,185,19,32,37,58,11,7,21
S01007319,369,159,71,88,210,10,53,45,58,7,10,27
S01007320,353,123,59,64,230,10,73,39,54,3,13,38
S01007321,271,74,28,46,197,4,67,22,60,2,12,30
S01007322,376,165,64,101,211,9,56,39,63,3,12,29
S01007323,227,87,39,48,140,9,35,19,47,3,3,24
S01007324,167,73,38,35,94,1,20,11,42,3,4,13
S01007325,393,147,78,69,246,17,65,43,67,13,12,29
S01007326,346,100,58,42,246,9,75,29,70,6,19,38
S01007327,350,109,50,59,241,16,60,40,66,6,12,41
S01007328,390,134,67,67,256,19,56,29,76,12,14,50
S01007329,314,104,54,50,210,12,53,38,55,9,13,30
S01007330,375,115,72,43,260,8,101,27,78,3,10,33
S01007331,419,106,43,63,313,11,76,53,88,11,26,48
S01007332,219,63,36,27,156,4,50,24,34,2,15,27
S01007333,367,122,56,66,245,17,68,41,61,5,16,37
S01007334,391,199,100,99,192,32,37,32,49,12,8,22
S01007335,412,180,70,110,232,30,59,43,45,10,6,39
S01007336,302,182,37,145,120,16,23,24,42,2,6,7
S01007337,380,215,116,99,165,18,51,23,46,4,10,13
S01007338,302,69,40,29,233,8,50,46,56,11,24,38
S01007339,302,123,70,53,179,6,66,24,38,8,18,19
S01007340,273,154,77,77,119,6,37,18,36,7,5,10
S01007341,394,177,88,89,217,14,88,34,45,0,12,24
S01007342,359,106,59,47,253,3,90,32,61,8,16,43
S01007343,302,95,53,42,207,3,71,19,59,9,14,32
S01007344,242,118,57,61,124,3,47,14,37,3,8,12
S01007345,315,165,74,91,150,36,19,33,33,7,8,14
S01007346,351,227,76,151,124,16,39,16,34,3,3,13
S01007347,351,190,78,112,161,17,46,16,40,2,10,30
S01007348,280,116,65,51,164,21,29,28,37,7,15,27
S01007349,189,42,19,23,147,28,27,22,37,5,9,19
S01007350,331,204,102,102,127,11,33,13,37,3,9,21
S01007351,355,152,76,76,203,6,85,25,59,2,7,19
S01007352,230,58,28,30,172,1,45,24,72,5,3,22
S01007353,282,68,40,28,214,13,72,25,55,8,8,33
S01007354,403,139,88,51,264,4,106,30,85,6,6,27
S01007355,464,173,85,88,291,7,96,30,98,9,9,42
S01007356,350,110,62,48,240,12,85,27,73,5,10,28
S01007357,388,149,85,64,239,9,76,44,65,4,11,30
S01007358,368,103,40,63,265,9,43,53,100,12,12,36
S01007359,371,117,65,52,254,29,67,35,60,5,17,41
S01007360,236,63,37,26,173,5,64,16,53,0,12,23
S01007361,507,215,119,96,292,10,102,38,84,10,16,32
S01007362,316,94,51,43,222,8,70,28,53,10,23,30
S01007363,348,142,94,48,206,7,71,25,52,6,6,39
S01007364,409,154,54,100,255,49,39,45,55,9,21,37
S01007365,215,75,35,40,140,17,35,23,33,2,11,19
S01007366,276,166,89,77,110,18,24,18,27,2,10,11
S01007367,295,135,67,68,160,15,37,21,58,6,6,17
S01007368,233,91,29,62,142,22,16,29,27,12,7,29
S01007369,378,158,46,112,220,26,38,49,57,5,10,35
S01007370,389,185,55,130,204,22,27,31,71,4,10,39
S01007371,320,116,35,81,204,25,38,36,47,7,22,29
S01007372,374,121,61,60,253,19,86,37,53,9,15,34
S01007373,283,94,47,47,189,4,63,20,57,4,12,29
S01007374,217,54,23,31,163,7,30,27,51,6,12,30
S01007375,216,60,31,29,156,6,48,15,51,7,5,24
S01007376,371,115,48,67,256,33,41,44,72,1,25,40
S01007377,279,54,22,32,225,17,53,31,73,6,17,28
S01007378,231,55,22,33,176,2,41,30,53,10,7,33
S01007379,234,92,49,43,142,13,37,26,33,2,13,18
S01007380,229,59,24,35,170,9,23,46,42,7,13,30
S01007381,191,39,21,18,152,4,43,24,41,6,10,24
S01007382,281,87,36,51,194,9,36,39,50,10,13,37
S01007383,349,107,49,58,242,11,74,30,71,9,13,34
S01007384,332,86,37,49,246,24,44,58,67,11,12,30
S01007385,404,138,82,56,266,10,81,45,73,5,5,47
S01007386,337,69,44,25,268,8,84,42,63,4,15,52
S01007387,289,33,21,12,256,6,56,40,75,11,22,46
S01007388,256,37,20,17,219,9,59,28,43,6,20,54
S01007389,198,27,0,27,171,24,4,54,42,19,11,17
S01007390,193,28,1,27,165,31,2,60,33,14,16,9
S01007391,223,39,24,15,184,2,48,26,40,8,10,50
S01007392,200,55,28,27,145,0,46,20,37,3,6,33
S01007393,308,117,84,33,191,6,59,38,46,7,15,20
S01007394,335,165,115,50,170,6,61,21,35,7,12,28
S01007395,516,324,112,212,192,22,40,25,85,0,5,15
S01007396,477,268,95,173,209,30,50,31,67,3,4,24
S01007397,443,164,73,91,279,7,86,47,75,12,19,33
S01007398,279,73,19,54,206,40,23,27,58,9,18,31
S01007399,324,146,23,123,178,38,22,32,50,7,5,24
S01007400,344,152,86,66,192,6,48,25,53,7,18,35
S01007401,290,82,39,43,208,9,45,40,51,5,15,43
S01007402,260,70,48,22,190,6,40,37,47,3,11,46
S01007403,261,25,15,10,236,12,7,100,46,16,23,32
S01007404,193,57,25,32,136,1,39,18,39,7,6,26
S01007405,277,71,27,44,206,3,37,37,66,11,12,40
S01007406,252,58,31,27,194,4,51,34,50,7,14,34
S01007407,315,86,46,40,229,8,66,48,56,4,13,34
S01007408,256,72,35,37,184,20,27,45,45,3,5,39
S01007409,308,110,34,76,198,16,43,20,51,10,15,43
S01007410,291,83,32,51,208,35,31,28,46,11,19,38
S01007411,437,180,82,98,257,51,33,53,72,5,15,28
S01007412,212,69,38,31,143,11,32,17,40,4,15,24
S01007413,360,70,20,50,290,17,20,73,102,11,13,54
S01007414,244,34,8,26,210,4,19,73,50,9,16,39
S01007415,374,110,53,57,264,31,42,49,75,8,19,40
S01007416,223,37,6,31,186,39,12,28,45,18,13,31
S01007417,406,81,22,59,325,20,50,72,115,7,21,40
S01007418,292,81,28,53,211,30,32,30,71,2,12,34
S01007419,332,77,18,59,255,34,18,48,72,13,21,49
S01007420,296,42,11,31,254,4,29,67,80,14,18,42
S01007421,282,72,26,46,210,13,29,63,62,4,11,28
S01007422,261,86,30,56,175,14,28,44,63,2,4,20
S01007423,325,84,34,50,241,14,36,73,71,8,6,33
S01007424,340,74,42,32,266,6,75,38,79,7,16,45
S01007425,373,88,35,53,285,19,54,52,90,7,10,53
S01007426,344,165,70,95,179,24,31,35,54,4,10,21
S01007427,309,100,40,60,209,17,58,29,56,6,10,33
S01007428,465,216,92,124,249,27,49,36,85,6,19,27
S01007429,324,115,42,73,209,13,29,31,71,10,16,39
S01007430,211,78,37,41,133,6,31,10,48,2,14,22
S01007431,218,45,25,20,173,1,28,30,52,3,13,46
S01007432,354,101,44,57,253,15,54,40,78,3,17,46
S01007433,350,103,46,57,247,11,54,42,69,12,17,42
S01007434,242,91,21,70,151,27,20,24,50,3,7,20
S01007435,327,134,38,96,193,14,41,41,50,3,13,31
S01007436,356,168,56,112,188,39,22,31,61,5,6,24
S01007437,230,98,33,65,132,20,20,20,47,3,4,18
S01007438,338,136,45,91,202,20,53,35,53,3,8,30
S01007439,337,124,47,77,213,11,49,34,69,5,10,35
S01007440,295,102,53,49,193,11,34,40,55,7,13,33
S01007441,226,35,11,24,191,3,40,43,64,3,9,29
S01007442,198,34,17,17,164,5,39,16,55,5,5,39
S01007443,387,122,75,47,265,9,85,44,62,12,20,33
S01007444,427,147,88,59,280,10,64,62,81,9,19,35
S01007445,265,65,32,33,200,7,47,41,58,10,5,32
S01007446,201,28,20,8,173,4,39,29,46,12,19,24
S01007447,209,47,28,19,162,4,41,32,46,3,6,30
S01007448,367,86,40,46,281,5,69,50,80,8,12,57
S01007449,458,142,51,91,316,31,70,47,93,7,21,47
S01007450,332,114,46,68,218,27,27,36,57,13,14,44
S01007451,283,86,37,49,197,11,49,29,62,5,14,27
S01007452,209,59,29,30,150,10,27,26,33,8,14,32
S01007453,212,20,2,18,192,6,8,60,60,13,21,24
S01007454,190,29,17,12,161,8,22,24,46,8,11,42
S01007455,388,123,44,79,265,41,35,46,83,6,15,39
S01007456,394,135,42,93,259,48,29,62,65,5,16,34
S01007457,465,156,41,115,309,28,46,74,94,11,17,39
S01007458,224,53,30,23,171,6,42,33,47,2,12,29
S01007459,291,90,61,29,201,4,56,36,46,8,10,41
S01007460,345,117,46,71,228,15,44,30,84,8,9,38
S01007461,372,174,44,130,198,41,25,27,69,3,8,25
S01007462,371,140,31,109,231,23,26,31,93,7,15,36
S01007463,377,93,23,70,284,50,34,36,60,24,27,53
S01007464,313,111,35,76,202,21,39,32,59,9,12,30
S01007465,380,153,30,123,227,62,31,40,51,7,11,25
S01007466,581,332,61,271,249,40,43,37,81,7,9,32
S01007467,523,244,105,139,279,37,55,51,83,6,10,37
S01007468,333,100,24,76,233,10,44,45,88,4,13,29
S01007469,250,59,24,35,191,28,33,30,48,10,17,25
S01007470,335,142,69,73,193,21,32,21,61,10,18,30
S01007471,203,56,29,27,147,13,16,36,43,3,8,28
S01007472,273,105,51,54,168,23,29,34,48,3,10,21
S01007473,227,99,33,66,128,21,23,21,34,1,4,24
S01007474,213,43,22,21,170,4,31,29,48,7,18,33
S01007475,257,65,19,46,192,13,33,33,65,6,13,29
S01007476,317,107,62,45,210,6,67,37,64,1,10,25
S01007477,247,84,33,51,163,8,30,31,55,9,11,19
S01007478,433,168,82,86,265,16,49,56,93,5,19,27
S01007479,275,101,32,69,174,22,15,48,60,4,9,16
S01007480,327,95,18,77,232,12,28,66,70,9,13,34
S01007481,394,116,87,29,278,4,114,36,64,6,11,43
S01007482,253,117,75,42,136,7,42,19,39,6,8,15
S01007483,340,109,54,55,231,22,38,48,59,6,20,38
S01007484,285,135,60,75,150,20,29,31,34,3,9,24
S01007485,219,74,19,55,145,29,19,41,33,4,3,16
S01007486,255,104,37,67,151,51,15,33,22,6,12,12
S01007487,498,270,103,167,228,28,36,36,79,9,7,33
S01007488,483,179,75,104,304,30,53,58,94,10,19,40
S01007489,406,139,78,61,267,26,67,42,67,8,17,40
S01007490,378,113,62,51,265,16,61,39,60,11,23,55
S01007491,460,112,36,76,348,53,43,85,90,21,15,41
S01007492,332,125,63,62,207,9,47,27,68,5,14,37
S01007493,368,105,43,62,263,17,61,60,66,7,11,41
S01007494,239,69,34,35,170,3,48,28,52,8,8,23
S01007495,345,72,33,39,273,9,66,59,74,11,19,35
S01007496,470,142,73,69,328,14,107,36,90,8,19,54
S01007497,264,81,42,39,183,13,42,28,49,12,9,30
S01007498,416,159,93,66,257,8,68,32,91,6,16,36
S01007499,358,92,38,54,266,16,53,47,72,10,15,53
S01007500,288,100,45,55,188,4,56,32,54,6,7,29
S01007501,325,100,52,48,225,10,78,21,68,5,14,29
S01007502,248,88,34,54,160,3,44,27,54,4,9,19
S01007503,482,154,82,72,328,18,95,48,95,12,17,43
S01007504,321,109,45,64,212,6,66,23,64,8,12,33
S01007505,179,41,14,27,138,11,31,27,36,2,10,21
S01007506,237,69,37,32,168,6,66,26,39,9,5,17
S01007507,455,170,90,80,285,16,86,47,79,3,18,36
S01007508,329,109,56,53,220,5,59,25,76,8,11,36
S01007509,274,76,39,37,198,7,55,25,51,8,15,37
S01007510,459,152,109,43,307,11,94,37,86,13,17,49
S01007511,370,122,63,59,248,16,64,33,63,17,12,43
S01007512,247,85,48,37,162,8,42,16,50,9,8,29
S01007513,468,170,69,101,298,27,59,82,61,10,23,36
S01007514,247,89,31,58,158,14,36,25,47,2,8,26
S01007515,254,72,39,33,182,7,60,32,42,5,7,29
S01007516,257,75,52,23,182,19,30,38,47,9,17,22
S01007517,224,91,54,37,133,4,46,14,40,1,4,24
S01007518,381,139,69,70,242,16,59,35,56,8,22,46
S01007519,215,62,32,30,153,2,57,14,46,0,6,28
S01007520,446,156,87,69,290,12,85,47,71,14,17,44
S01007521,202,68,26,42,134,5,35,18,44,4,10,18
S01007522,476,198,127,71,278,15,98,37,67,7,13,41
S01007523,229,58,34,24,171,3,49,25,50,5,13,26
S01007524,385,87,49,38,298,10,84,40,85,8,20,51
S01007525,237,73,34,39,164,3,52,30,49,4,4,22
S01007526,385,181,88,93,204,18,61,27,49,5,14,30
S01007527,374,118,72,46,256,8,80,34,84,6,18,26
S01007528,363,153,76,77,210,23,54,27,51,8,15,32
S01007529,308,83,44,39,225,6,90,33,55,4,9,28
S01007530,223,59,32,27,164,6,43,25,39,7,10,34
S01007531,313,92,49,43,221,10,56,35,71,4,18,27
S01007532,248,65,26,39,183,8,48,30,49,8,15,25
S01007533,222,58,33,25,164,1,29,22,54,7,15,36
S01007534,428,130,82,48,298,17,83,51,75,8,15,49
S01007535,492,178,92,86,314,41,80,44,57,15,20,57
S01007536,443,168,84,84,275,12,64,47,90,8,20,34
S01007537,518,200,100,100,318,27,99,46,91,6,13,36
S01007538,366,85,39,46,281,12,59,55,83,10,22,40
S01007539,331,113,80,33,218,6,80,29,65,6,6,26
S01007540,450,211,111,100,239,17,66,29,78,8,13,28
S01007541,337,103,56,47,234,9,71,44,63,3,10,34
S01007542,416,163,68,95,253,36,47,53,57,2,12,46
S01007543,481,143,64,79,338,28,59,68,112,7,18,46
S01007544,496,145,93,52,351,10,154,40,75,7,10,55
S01007545,359,101,59,42,258,7,69,46,71,9,15,41
S01007546,223,42,22,20,181,2,44,37,46,11,11,30
S01007547,239,70,20,50,169,3,42,30,46,7,9,32
S01007548,304,86,40,46,218,12,57,36,51,11,9,42
S01007549,298,100,56,44,198,16,59,17,67,9,9,21
S01007550,449,160,90,70,289,18,104,36,77,10,9,35
S01007551,395,119,52,67,276,3,87,23,83,12,14,54
S01007552,401,134,49,85,267,18,44,57,80,7,21,40
S01007553,376,113,60,53,263,21,59,40,62,18,17,46
S01007554,221,85,38,47,136,18,35,19,39,1,7,17
S01007555,238,77,44,33,161,6,44,28,42,4,2,35
S01007556,227,109,55,54,118,8,26,12,30,4,14,24
S01007557,478,139,85,54,339,31,74,65,67,14,30,58
S01007558,189,52,20,32,137,2,37,16,45,7,7,23
S01007559,308,79,34,45,229,9,42,36,78,17,15,32
S01007560,440,151,93,58,289,20,86,43,73,10,20,37
S01007561,357,143,89,54,214,7,77,30,58,5,9,28
S01007562,365,97,48,49,268,23,57,53,67,8,18,42
S01007563,396,117,61,56,279,24,77,34,74,10,23,37
S01007564,323,82,44,38,241,3,60,34,68,7,25,44
S01007565,396,98,51,47,298,9,69,40,95,8,32,45
S01007566,275,43,26,17,232,9,56,43,56,9,16,43
S01007567,233,43,15,28,190,3,41,36,51,7,19,33
S01007568,295,83,35,48,212,11,52,37,61,6,13,32
S01007569,342,95,54,41,247,5,59,34,85,10,21,33
S01007570,295,72,31,41,223,15,51,32,68,7,11,39
S01007571,240,63,34,29,177,2,46,23,62,4,16,24
S01007572,370,102,46,56,268,27,56,54,63,5,24,39
S01007573,329,55,10,45,274,18,23,103,71,12,17,30
S01007574,438,127,65,62,311,21,56,65,83,13,21,52
S01007575,452,210,88,122,242,44,57,36,61,8,7,29
S01007576,344,144,43,101,200,43,26,37,53,11,11,19
S01007577,296,91,34,57,205,35,24,31,55,12,15,33
S01007578,332,141,59,82,191,34,24,43,45,8,9,28
S01007579,298,115,33,82,183,37,25,34,38,9,22,18
S01007580,293,66,23,43,227,20,30,50,37,7,35,48
S01007581,198,44,24,20,154,18,23,21,38,10,13,31
S01007582,285,80,39,41,205,19,31,41,55,8,11,40
S01007583,519,214,60,154,305,71,45,53,73,8,16,39
S01007584,279,104,31,73,175,11,31,42,44,7,17,23
S01007585,438,149,109,40,289,9,91,28,84,4,13,60
S01007586,377,121,54,67,256,30,40,53,67,9,26,31
S01007587,306,119,53,66,187,7,50,27,57,7,10,29
S01007588,360,103,64,39,257,7,67,38,60,8,26,51
S01007589,408,199,59,140,209,9,39,28,80,2,13,38
S01007590,289,87,61,26,202,8,56,34,48,13,14,29
S01007591,272,100,40,60,172,6,27,33,64,4,12,26
S01007592,353,162,45,117,191,28,32,25,52,5,16,33
S01007593,453,122,67,55,331,11,99,62,78,7,31,43
S01007594,334,76,41,35,258,6,51,53,80,6,12,50
S01007595,443,134,63,71,309,6,80,48,104,11,22,38
S01007596,275,98,55,43,177,6,53,19,62,5,7,25
S01007597,254,55,26,29,199,3,46,39,45,8,19,39
S01007598,266,58,27,31,208,9,56,26,68,2,14,33
S01007599,361,112,34,78,249,12,45,58,72,6,14,42
S01007600,510,221,116,105,289,8,63,61,87,9,25,36
S01007601,300,106,18,88,194,20,21,45,64,3,8,33
S01007602,269,68,26,42,201,8,20,36,75,9,15,38
S01007603,309,53,21,32,256,9,29,57,94,6,9,52
S01007604,389,107,58,49,282,2,71,44,87,7,24,47
S01007605,364,88,52,36,276,8,74,42,83,2,20,47
S01007606,314,143,51,92,171,11,39,34,44,4,7,32
S01007607,294,61,33,28,233,4,56,47,67,6,11,42
S01007608,308,77,45,32,231,9,48,41,62,3,15,53
S01007609,447,169,53,116,278,42,49,56,78,10,9,34
S01007610,255,131,39,92,124,16,27,20,41,2,6,12
S01007611,538,307,132,175,231,26,45,44,75,5,3,33
S01007612,609,357,88,269,252,22,30,32,107,4,13,44
S01007613,324,103,45,58,221,2,45,36,74,8,22,34
S01007614,358,87,48,39,271,6,67,63,73,8,17,37
S01007615,515,201,85,116,314,19,62,77,96,10,15,35
S01007616,387,181,70,111,206,27,33,35,71,5,11,24
S01007617,234,69,35,34,165,9,39,35,41,3,6,32
S01007618,294,108,86,22,186,16,50,36,39,5,19,21
S01007619,280,92,45,47,188,13,41,36,48,5,15,30
S01007620,271,80,39,41,191,3,57,28,62,3,8,30
S01007621,291,77,51,26,214,11,59,37,54,4,13,36
S01007622,256,80,50,30,176,10,44,33,41,7,14,27
S01007623,250,52,31,21,198,7,51,33,50,7,13,37
S01007624,268,61,23,38,207,5,29,49,63,6,17,38
S01007625,224,63,34,29,161,4,34,27,52,5,9,30
S01007626,269,75,19,56,194,6,20,69,57,7,10,25
S01007627,251,83,50,33,168,7,30,36,63,7,9,16
S01007628,314,78,49,29,236,7,74,36,67,4,20,28
S01007629,286,63,34,29,223,7,59,28,68,11,15,35
S01007630,338,83,40,43,255,6,54,43,70,8,13,61
S01007631,269,57,30,27,212,7,59,37,62,10,6,31
S01007632,437,132,69,63,305,23,76,50,87,8,20,41
S01007633,441,129,75,54,312,17,75,53,91,9,16,51
S01007634,241,62,32,30,179,3,48,29,49,6,14,30
S01007635,321,105,78,27,216,5,89,27,40,1,12,42
S01007636,416,173,95,78,243,17,69,36,68,5,10,38
S01007637,403,151,73,78,252,19,59,52,60,10,14,38
S01007638,373,150,66,84,223,11,55,45,59,5,10,38
S01007639,451,101,38,63,350,45,65,67,91,11,21,50
S01007640,303,69,22,47,234,9,52,42,72,5,16,38
S01007641,369,100,47,53,269,21,62,56,66,13,13,38
S01007642,415,191,110,81,224,9,64,40,66,6,16,23
S01007643,424,153,83,70,271,13,74,41,75,9,13,46
S01007644,384,108,65,43,276,25,87,35,74,9,17,29
S01007645,219,40,12,28,179,4,52,24,54,5,11,29
S01007646,260,80,25,55,180,8,50,31,53,2,15,21
S01007647,361,142,64,78,219,16,65,33,56,4,9,36
S01007648,446,188,79,109,258,16,72,43,76,9,9,33
S01007649,339,114,58,56,225,10,51,40,69,7,16,32
S01007650,420,118,64,54,302,8,75,47,84,7,22,59
S01007651,227,49,24,25,178,4,42,32,38,9,16,37
S01007652,257,80,40,40,177,6,52,37,41,4,19,18
S01007653,378,100,49,51,278,8,63,46,72,9,16,64
S01007654,465,155,66,89,310,22,66,54,81,15,18,54
S01007655,341,84,33,51,257,7,63,38,82,8,14,45
S01007656,358,85,44,41,273,8,64,50,83,6,20,42
S01007657,176,39,14,25,137,7,30,21,45,4,11,19
S01007658,231,75,42,33,156,10,41,26,39,3,9,28
S01007659,366,107,56,51,259,15,77,49,68,12,10,28
S01007660,400,145,45,100,255,32,33,61,74,9,9,37
S01007661,327,143,72,71,184,15,39,29,53,2,14,32
S01007662,493,247,126,121,246,17,65,44,71,8,12,29
S01007663,387,137,75,62,250,3,68,38,74,6,23,38
S01007664,283,124,61,63,159,13,31,31,39,3,16,26
S01007665,275,82,35,47,193,21,37,48,37,10,10,30
S01007666,198,38,29,9,160,5,45,29,38,4,14,25
S01007667,283,56,29,27,227,1,63,44,48,14,13,44
S01007668,468,167,68,99,301,21,55,69,72,16,19,49
S01007669,268,84,26,58,184,37,23,40,28,7,16,33
S01007670,299,96,38,58,203,28,26,51,40,13,19,26
S01007671,289,60,34,26,229,1,48,38,79,9,14,40
S01007672,389,87,66,21,302,4,106,36,84,6,14,52
S01007673,304,81,41,40,223,6,39,44,80,6,16,32
S01007674,376,131,53,78,245,21,51,39,73,7,12,42
S01007675,251,38,20,18,213,6,58,33,62,8,8,38
S01007676,279,70,35,35,209,2,47,30,59,13,14,44
S01007677,201,40,21,19,161,9,41,31,35,7,14,24
S01007678,368,134,82,52,234,14,66,38,54,6,14,42
S01007679,381,123,58,65,258,28,80,35,55,8,15,37
S01007680,386,93,61,32,293,8,71,44,82,9,19,60
S01007681,192,72,36,36,120,3,35,10,36,4,4,28
S01007682,403,122,46,76,281,10,67,38,94,6,22,44
S01007683,301,93,34,59,208,6,51,36,49,7,21,38
S01007684,332,77,49,28,255,5,82,36,60,7,16,49
S01007685,273,68,40,28,205,7,42,35,67,6,14,34
S01007686,320,123,46,77,197,8,42,17,73,5,18,34
S01007687,399,144,52,92,255,11,33,28,100,10,16,57
S01007688,545,252,27,225,293,19,10,27,158,5,5,69
S01007689,288,121,32,89,167,8,12,9,90,4,7,37
S01007690,393,143,30,113,250,13,13,16,120,0,5,83
S01007691,515,227,19,208,288,13,11,18,156,2,3,85
S01007692,434,150,38,112,284,13,11,18,143,5,5,89
S01007693,347,207,11,196,140,8,3,12,81,2,4,30
S01007694,523,238,57,181,285,26,11,25,127,10,7,79
S01007695,614,363,136,227,251,13,50,25,124,3,7,29
S01007696,437,234,33,201,203,22,13,20,76,5,8,59
S01007697,608,351,130,221,257,15,46,28,134,2,3,29
S01007698,589,321,13,308,268,30,7,31,125,3,13,59
S01007699,454,239,20,219,215,30,10,19,106,9,6,35
S01007700,450,172,48,124,278,5,46,37,103,12,24,51
S01007701,318,178,29,149,140,15,17,16,69,0,1,22
S01007702,266,99,1,98,167,12,8,18,81,2,7,39
S01007703,398,170,51,119,228,15,32,30,101,4,9,37
S01007704,517,286,62,224,231,46,23,30,71,2,5,54
S01007705,262,91,1,90,171,4,0,6,96,0,2,63
S01007706,370,126,3,123,244,9,2,4,146,1,3,79
S01007707,465,203,6,197,262,14,7,38,161,5,4,33
S01007708,357,202,42,160,155,20,18,17,61,5,9,25
S01007709,309,179,61,118,130,6,14,16,57,2,7,28
S01007710,450,215,15,200,235,28,9,26,128,0,1,43
S01007711,493,233,59,174,260,12,22,24,108,6,3,85
S01007712,360,187,19,168,173,15,10,16,79,1,4,48
S01007713,229,101,29,72,128,10,11,18,53,3,11,22
S01007714,321,145,42,103,176,13,11,32,68,7,10,35
S01007715,267,124,37,87,143,24,11,19,52,4,9,24
S01007716,598,381,112,269,217,19,36,33,75,6,13,35
S01007717,567,317,81,236,250,48,21,36,89,6,14,36
S01007718,467,300,91,209,167,17,37,21,77,1,0,14
S01007719,651,419,122,297,232,24,51,39,98,0,6,14
S01007720,404,184,87,97,220,19,84,24,62,0,3,28
S01007721,435,237,73,164,198,28,35,30,75,0,6,24
S01007722,548,335,108,227,213,51,34,33,73,2,4,16
S01007723,604,375,169,206,229,25,46,41,85,0,8,24
S01007724,358,175,8,167,183,44,6,26,81,2,10,14
S01007725,498,318,57,261,180,20,31,23,76,3,9,18
S01007726,453,262,36,226,191,26,21,18,84,4,15,23
S01007727,591,340,56,284,251,48,18,24,101,8,12,40
S01007728,414,232,17,215,182,25,12,22,92,3,10,18
S01007729,439,226,21,205,213,33,7,24,110,4,9,26
S01007730,464,243,22,221,221,34,8,30,129,2,1,17
S01007731,396,199,29,170,197,26,9,31,85,5,10,31
S01007732,374,177,44,133,197,23,12,26,104,1,5,26
S01007733,338,92,23,69,246,12,39,46,76,10,23,40
S01007734,384,122,72,50,262,11,68,28,80,4,18,53
S01007735,359,105,48,57,254,10,56,32,88,4,22,42
S01007736,309,92,39,53,217,13,49,37,58,2,17,41
S01007737,554,252,117,135,302,42,59,42,93,9,15,42
S01007738,358,127,74,53,231,22,76,33,49,4,11,36
S01007739,347,180,118,62,167,12,66,21,42,0,4,22
S01007740,265,105,36,69,160,13,35,27,46,4,4,31
S01007741,435,240,140,100,195,16,58,33,47,4,10,27
S01007742,328,140,78,62,188,19,55,20,53,3,10,28
S01007743,457,201,58,143,256,56,37,41,67,7,9,39
S01007744,403,190,90,100,213,52,35,36,49,3,5,33
S01007745,378,202,78,124,176,32,21,26,60,8,5,24
S01007746,409,131,39,92,278,49,40,35,80,4,31,39
S01007747,242,79,27,52,163,35,24,26,39,0,6,33
S01007748,369,167,44,123,202,58,24,43,50,2,4,21
S01007749,281,52,32,20,229,11,50,34,68,4,19,43
S01007750,358,103,72,31,255,15,93,25,58,5,11,48
S01007751,337,111,77,34,226,6,85,31,54,6,13,31
S01007752,356,155,126,29,201,4,82,29,42,6,11,27
S01007753,241,72,30,42,169,36,23,35,43,3,5,24
S01007754,414,154,73,81,260,50,46,41,64,8,17,34
S01007755,417,153,94,59,264,66,41,37,62,8,13,37
S01007756,298,111,51,60,187,45,38,27,40,6,8,23
S01007757,371,97,69,28,274,5,99,44,61,5,19,41
S01007758,468,199,106,93,269,5,116,33,61,11,10,33
S01007759,618,372,144,228,246,28,56,33,113,0,5,11
S01007760,262,73,43,30,189,8,59,27,53,7,10,25
S01007761,383,112,54,58,271,13,66,39,89,7,19,38
S01007762,474,282,133,149,192,22,36,20,84,5,7,18
S01007763,329,191,130,61,138,12,55,19,28,1,9,14
S01007764,310,69,31,38,241,13,48,48,56,3,18,55
S01007765,308,86,58,28,222,11,69,45,54,4,11,28
S01007766,382,95,67,28,287,6,85,51,57,6,21,61
S01007767,398,116,61,55,282,7,91,39,75,9,15,46
S01007768,356,172,80,92,184,10,50,28,64,5,6,21
S01007769,325,93,51,42,232,10,75,28,67,5,14,33
S01007770,318,69,46,23,249,19,80,38,61,4,15,32
S01007771,235,54,42,12,181,7,69,34,38,4,3,26
S01007772,546,274,120,154,272,28,77,48,72,1,9,37
S01007773,314,61,38,23,253,7,68,34,76,4,18,46
S01007774,323,24,3,21,299,21,15,124,72,13,18,36
S01007775,346,95,36,59,251,15,26,69,77,10,10,44
S01007776,282,73,29,44,209,12,22,54,47,12,24,38
S01007777,314,34,7,27,280,15,8,118,52,16,22,49
S01007778,155,17,8,9,138,1,10,58,39,5,8,17
S01007779,311,78,28,50,233,13,36,42,82,1,10,49
S01007780,331,88,17,71,243,9,25,54,85,7,25,38
S01007781,381,96,23,73,285,21,27,70,97,1,20,49
S01007782,239,109,20,89,130,27,10,25,36,7,9,16
S01007783,405,157,59,98,248,54,68,27,61,3,11,24
S01007784,276,65,9,56,211,28,7,59,57,6,20,34
S01007785,276,100,48,52,176,67,13,18,36,4,15,23
S01007786,333,94,45,49,239,32,53,35,54,7,16,42
S01007787,277,64,36,28,213,39,31,26,57,3,20,37
S01007788,268,68,14,54,200,60,11,39,38,10,16,26
S01007789,231,55,3,52,176,35,11,26,35,12,23,34
S01007790,330,85,12,73,245,80,10,57,29,18,21,30
S01007791,174,27,8,19,147,7,10,41,45,6,11,27
S01007792,384,107,36,71,277,40,58,42,69,3,17,48
S01007793,457,186,95,91,271,68,45,53,48,9,13,35
S01007794,234,63,25,38,171,20,30,35,33,4,11,38
S01007795,243,49,19,30,194,35,26,28,49,9,12,35
S01007796,311,107,39,68,204,52,24,38,35,8,13,34
S01007797,258,103,35,68,155,41,24,23,37,4,8,18
S01007798,226,32,7,25,194,14,12,67,39,6,19,37
S01007799,193,16,0,16,177,11,4,68,38,12,16,28
S01007800,365,85,32,53,280,64,35,43,62,11,15,50
S01007801,388,165,56,109,223,37,30,33,54,9,16,44
S01007802,199,35,4,31,164,15,4,52,44,7,16,26
S01007803,524,243,85,158,281,75,43,44,50,12,22,35
S01007804,259,67,16,51,192,54,17,29,44,8,12,28
S01007805,207,49,12,37,158,40,7,31,42,5,12,21
S01007806,296,91,38,53,205,28,43,37,52,4,3,38
S01007807,258,43,15,28,215,12,26,55,50,7,21,44
S01007808,304,56,13,43,248,28,21,49,57,11,30,52
S01007809,398,94,67,27,304,12,77,50,78,4,17,66
S01007810,369,129,65,64,240,23,38,36,57,14,28,44
S01007811,325,69,28,41,256,35,30,55,60,11,22,43
S01007812,328,99,18,81,229,53,8,44,42,21,26,35
S01007813,306,77,38,39,229,42,26,32,56,9,25,39
S01007814,229,65,32,33,164,9,23,25,43,3,18,43
S01007815,343,70,44,26,273,9,62,31,68,4,24,75
S01007816,273,53,27,26,220,13,40,40,65,4,8,50
S01007817,207,59,36,23,148,12,46,15,31,2,8,34
S01007818,314,71,30,41,243,24,33,45,73,7,23,38
S01007819,353,100,56,44,253,14,72,41,59,5,18,44
S01007820,408,131,74,57,277,16,67,42,59,10,26,57
S01007821,244,64,26,38,180,14,41,29,45,3,11,37
S01007822,349,118,73,45,231,12,62,38,67,3,13,36
S01007823,306,87,43,44,219,10,51,28,56,4,14,56
S01007824,342,131,78,53,211,13,58,28,48,4,19,41
S01007825,482,176,97,79,306,13,79,41,88,9,26,50
S01007826,260,105,50,55,155,25,23,30,35,6,15,21
S01007827,291,119,16,103,172,21,11,27,71,5,5,32
S01007828,592,358,128,230,234,31,47,32,92,1,3,28
S01007829,348,189,115,74,159,11,62,10,41,2,7,26
S01007830,545,302,141,161,243,32,64,24,80,5,12,26
S01007831,501,284,102,182,217,39,48,31,50,5,12,32
S01007832,362,183,61,122,179,27,40,24,60,0,7,21
S01007833,479,264,176,88,215,7,110,23,37,3,7,28
S01007834,416,201,54,147,215,46,33,33,69,0,4,30
S01007835,325,121,81,40,204,20,36,30,60,8,15,35
S01007836,285,141,67,74,144,4,35,20,50,2,7,26
S01007837,357,101,62,39,256,7,79,25,73,4,17,51
S01007838,392,114,65,49,278,12,98,36,62,8,9,53
S01007839,281,129,98,31,152,11,56,22,30,0,2,31
S01007840,425,210,72,138,215,30,49,30,68,8,9,21
S01007841,341,125,41,84,216,40,44,38,54,4,8,28
S01007842,391,185,22,163,206,68,19,32,49,5,9,24
S01007843,354,151,53,98,203,36,28,37,53,5,12,32
S01007844,520,275,51,224,245,45,35,48,71,4,11,31
S01007845,427,179,64,115,248,62,31,51,54,9,11,30
S01007846,337,110,51,59,227,39,37,50,54,10,9,28
S01007847,437,168,74,94,269,53,40,41,63,4,22,46
S01007848,447,237,65,172,210,47,28,43,57,9,8,18
S01007849,413,128,41,87,285,63,39,59,72,9,19,24
S01007850,293,61,39,22,232,24,47,23,47,10,17,64
S01007851,479,207,152,55,272,18,88,40,63,4,19,40
S01007852,356,170,32,138,186,42,25,34,50,4,9,22
S01007853,413,252,104,148,161,33,42,21,37,0,5,23
S01007854,548,269,90,179,279,63,26,53,73,7,15,42
S01007855,310,197,45,152,113,26,18,17,28,1,7,16
S01007856,348,83,35,48,265,35,45,43,67,7,17,51
S01007857,233,91,36,55,142,32,18,23,29,5,10,25
S01007858,533,244,124,120,289,42,49,49,92,4,20,33
S01007859,246,109,50,59,137,33,13,26,27,5,9,24
S01007860,237,61,7,54,176,26,11,53,36,9,18,23
S01007861,254,48,34,14,206,22,36,27,49,6,18,48
S01007862,308,88,36,52,220,30,38,37,59,2,11,43
S01007863,441,176,46,130,265,78,27,55,61,3,14,27
S01007864,486,210,80,130,276,45,67,52,66,5,10,31
S01007865,229,17,1,16,212,12,9,86,47,10,22,26
S01007866,209,29,4,25,180,5,5,62,54,4,18,32
S01007867,195,47,11,36,148,17,18,36,51,5,7,14
S01007868,351,62,30,32,289,6,55,35,94,7,16,76
S01007869,362,81,28,53,281,17,40,65,76,7,23,53
S01007870,199,37,13,24,162,4,30,30,49,2,19,28
S01007871,285,86,36,50,199,32,37,27,39,10,11,43
S01007872,322,115,31,84,207,40,24,32,52,8,15,36
S01007873,295,102,62,40,193,14,32,28,61,2,15,41
S01007874,367,148,87,61,219,16,52,33,56,2,12,48
S01007875,242,78,30,48,164,14,30,27,48,6,8,31
S01007876,420,111,42,69,309,31,52,70,86,11,23,36
S01007877,336,104,55,49,232,15,55,31,63,6,27,35
S01007878,281,104,38,66,177,25,32,26,44,3,15,32
S01007879,320,82,30,52,238,39,36,31,65,13,16,38
S01007880,178,59,25,34,119,4,25,14,44,2,6,24
S01007881,244,83,31,52,161,6,28,35,38,8,12,34
S01007882,268,29,10,19,239,2,30,43,86,10,22,46
S01007883,468,134,61,73,334,21,59,67,108,10,13,56
S01007884,269,68,32,36,201,23,32,39,49,5,16,37
S01007885,345,126,49,77,219,23,39,34,67,4,18,34
S01007886,433,186,65,121,247,12,51,50,77,4,14,39
S01007887,230,65,30,35,165,2,35,21,39,9,17,42
S01007888,451,116,45,71,335,49,40,68,92,13,17,56
S01007889,242,76,36,40,166,19,46,22,36,3,13,27
S01007890,300,60,22,38,240,15,48,52,65,6,19,35
S01007891,370,106,55,51,264,15,53,50,71,9,20,46
S01007892,341,108,42,66,233,14,59,34,69,5,13,39
S01007893,423,95,48,47,328,16,82,58,76,6,28,62
S01007894,386,101,57,44,285,21,48,55,73,6,22,60
S01007895,249,82,51,31,167,9,38,24,46,4,13,33
S01007896,387,130,58,72,257,30,45,45,68,5,21,43
S01007897,165,31,11,20,134,3,27,24,30,6,14,30
S01007898,166,25,9,16,141,3,24,24,42,7,11,30
S01007899,145,39,9,30,106,2,21,14,29,3,8,29
S01007900,232,74,35,39,158,17,36,19,28,4,15,39
S01007901,317,106,60,46,211,16,33,46,59,9,10,38
S01007902,394,124,52,72,270,27,45,47,75,6,15,55
S01007903,322,129,67,62,193,11,48,27,57,5,12,33
S01007904,312,61,25,36,251,5,53,43,72,10,21,47
S01007905,292,77,21,56,215,34,38,34,44,6,16,43
S01007906,382,161,92,69,221,23,67,31,59,2,10,29
S01007907,254,85,49,36,169,9,47,19,42,3,7,42
S01007908,419,126,85,41,293,15,74,37,83,6,16,62
S01007909,226,64,23,41,162,18,19,46,36,4,14,25
S01007910,369,88,37,51,281,55,27,51,63,10,26,49
S01007911,348,115,58,57,233,22,44,55,56,3,15,38
S01007912,346,104,39,65,242,12,60,41,65,2,14,48
S01007913,304,119,53,66,185,23,38,33,50,6,9,26
S01007914,279,92,34,58,187,17,42,26,43,7,21,31
S01007915,361,101,41,60,260,18,43,57,66,8,20,48
S01007916,399,163,96,67,236,12,60,35,64,4,19,42
S01007917,369,107,34,73,262,15,50,36,91,5,21,44
S01007918,446,198,84,114,248,14,39,48,74,6,16,51
S01007919,303,60,39,21,243,2,38,52,72,3,20,56
S01007920,245,46,19,27,199,9,39,45,56,8,12,30
S01007921,422,150,79,71,272,27,43,43,75,6,29,49
S01007922,386,134,54,80,252,28,43,43,56,7,21,54
S01007923,412,113,46,67,299,11,53,58,94,8,17,58
S01007924,430,146,48,98,284,33,46,56,70,10,27,42
S01007925,176,25,10,15,151,5,23,26,50,4,11,32
S01007926,175,20,7,13,155,3,27,30,51,6,13,25
S01007927,237,49,18,31,188,2,35,31,45,6,21,48
S01007928,418,107,49,58,311,15,70,59,81,16,19,51
S01007929,268,47,18,29,221,5,25,46,61,8,20,56
S01007930,216,24,10,14,192,3,37,34,61,12,14,31
S01007931,481,125,62,63,356,16,97,85,78,14,18,48
S01007932,364,87,50,37,277,5,84,37,80,5,18,48
S01007933,316,62,24,38,254,16,39,65,51,14,24,45
S01007934,300,87,44,43,213,17,33,56,57,8,17,25
S01007935,444,226,94,132,218,37,32,35,74,7,7,26
S01007936,389,74,25,49,315,10,50,93,80,10,19,53
S01007937,435,95,41,54,340,23,54,72,105,10,15,61
S01007938,372,141,63,78,231,20,46,45,78,3,8,31
S01007939,412,137,53,84,275,46,62,35,65,12,17,38
S01007940,497,181,75,106,316,25,67,55,91,13,18,47
S01007941,257,43,25,18,214,7,36,33,79,4,13,42
S01007942,207,63,15,48,144,16,14,55,35,3,12,9
S01007943,319,106,54,52,213,14,56,29,67,9,5,33
S01007944,442,160,62,98,282,26,61,54,83,4,13,41
S01007945,443,202,77,125,241,22,49,39,78,5,14,34
S01007946,396,170,45,125,226,25,44,32,69,6,14,36
S01007947,327,107,42,65,220,12,54,34,47,9,27,37
S01007948,304,113,43,70,191,24,30,28,58,8,13,30
S01007949,347,99,46,53,248,13,60,40,78,3,13,41
S01007950,376,95,39,56,281,16,57,49,84,3,27,45
S01007951,321,94,43,51,227,11,42,48,60,6,17,43
S01007952,357,196,91,105,161,14,41,21,55,1,10,19
S01007953,414,131,67,64,283,26,38,53,88,10,25,43
S01007954,324,117,34,83,207,26,23,40,47,5,16,50
S01007955,322,71,21,50,251,42,27,47,52,6,30,47
S01007956,297,74,38,36,223,28,35,49,44,6,17,44
S01007957,455,179,90,89,276,16,69,53,78,2,12,46
S01007958,388,136,46,90,252,41,29,36,89,8,11,38
S01007959,380,134,75,59,246,6,80,29,70,4,9,48
S01007960,291,84,29,55,207,15,32,49,42,3,16,50
S01007961,278,47,16,31,231,3,57,29,75,8,20,39
S01007962,246,74,14,60,172,24,22,42,40,8,8,28
S01007963,408,133,31,102,275,72,31,47,43,19,21,42
S01007964,353,118,54,64,235,27,56,29,55,5,23,40
S01007965,256,87,44,43,169,22,26,25,48,8,6,34
S01007966,418,123,58,65,295,68,41,51,62,13,18,42
S01007967,245,51,18,33,194,39,17,32,48,10,19,29
S01007968,397,122,70,52,275,21,66,43,71,6,16,52
S01007969,390,148,82,66,242,22,47,46,54,6,10,57
S01007970,408,146,60,86,262,28,44,49,79,10,13,39
S01007971,469,195,91,104,274,22,60,46,81,7,8,50
S01007972,377,115,55,60,262,20,69,41,60,6,19,47
S01007973,355,81,37,44,274,4,62,43,88,5,11,61
S01007974,426,196,75,121,230,31,44,34,75,2,14,30
S01007975,324,131,63,68,193,17,40,40,50,3,6,37
S01007976,456,276,110,166,180,19,51,21,62,1,1,25
S01007977,304,100,35,65,204,9,36,47,67,0,10,35
S01007978,353,215,61,154,138,6,16,21,73,6,1,15
S01007979,363,109,47,62,254,4,45,46,87,5,23,44
S01007980,340,141,80,61,199,10,44,30,54,5,11,45
S01007981,252,72,48,24,180,4,50,20,61,1,10,34
S01007982,210,32,19,13,178,6,55,28,43,3,15,28
S01007983,387,158,89,69,229,32,67,30,39,5,22,34
S01007984,374,123,65,58,251,19,75,50,52,5,15,35
S01007985,412,143,49,94,269,28,57,52,51,7,17,57
S01007986,238,55,33,22,183,10,49,36,34,4,20,30
S01007987,313,73,30,43,240,18,39,42,66,7,21,47
S01007988,336,70,36,34,266,25,52,44,69,5,19,52
S01007989,290,59,15,44,231,48,30,44,55,3,16,35
S01007990,339,61,15,46,278,36,27,62,63,16,25,49
S01007991,334,39,7,32,295,12,22,93,77,12,30,49
S01007992,224,29,4,25,195,7,11,62,54,8,21,32
S01007993,329,48,21,27,281,9,47,51,97,1,14,62
S01007994,293,39,3,36,254,5,14,109,70,12,19,25
S01007995,309,32,6,26,277,8,25,79,78,10,24,53
S01007996,187,31,15,16,156,8,26,20,57,2,11,32
S01007997,296,84,48,36,212,5,46,32,60,8,7,54
S01007998,225,76,26,50,149,2,32,31,43,1,9,31
S01007999,301,106,37,69,195,22,28,31,52,6,16,40
S01008000,390,131,59,72,259,41,32,59,67,2,19,39
S01008001,372,116,35,81,256,60,33,36,52,11,16,48
S01008002,330,117,20,97,213,36,16,41,50,8,19,43
S01008003,241,68,16,52,173,17,17,40,47,5,19,28
S01008004,230,39,7,32,191,17,9,64,44,16,19,22
S01008005,220,28,1,27,192,44,5,57,63,3,9,11
S01008006,248,75,20,55,173,33,30,28,35,5,19,23
S01008007,208,88,11,77,120,27,5,26,33,1,6,22
S01008008,267,79,19,60,188,40,15,43,46,16,8,20
S01008009,373,156,30,126,217,47,15,53,60,9,8,25
S01008010,476,243,39,204,233,22,33,39,87,5,12,35
S01008011,455,301,134,167,154,14,41,19,65,1,0,14
S01008012,471,278,62,216,193,13,29,30,89,3,8,21
S01008013,363,216,88,128,147,12,20,28,58,5,5,19
S01008014,312,139,43,96,173,4,39,30,51,4,13,32
S01008015,437,227,75,152,210,28,42,39,63,5,7,26
S01008016,433,208,96,112,225,21,63,33,66,1,11,30
S01008017,375,93,71,22,282,9,78,43,58,7,14,73
S01008018,308,96,45,51,212,7,63,24,70,2,7,39
S01008019,271,68,31,37,203,5,27,43,46,3,27,52
S01008020,313,144,34,110,169,8,20,28,77,1,12,23
S01008021,244,58,28,30,186,4,59,37,45,3,8,30
S01008022,286,60,32,28,226,5,43,49,58,5,14,52
S01008023,246,28,12,16,218,4,24,73,42,7,28,40
S01008024,224,13,1,12,211,10,6,84,57,14,19,21
S01008025,283,55,20,35,228,8,46,32,72,6,19,45
S01008026,466,159,87,72,307,26,56,57,75,11,15,67
S01008027,259,94,45,49,165,10,38,25,43,4,12,33
S01008028,239,60,28,32,179,5,22,58,48,2,16,28
S01008029,345,92,37,55,253,6,48,34,90,5,17,53
S01008030,476,131,76,55,345,13,78,62,107,4,15,66
S01008031,403,146,68,78,257,21,42,46,72,11,12,53
S01008032,377,91,34,57,286,24,57,58,72,4,16,55
S01008033,269,39,17,22,230,7,27,54,43,10,33,56
S01008034,271,46,14,32,225,8,21,63,39,14,26,54
S01008035,281,85,33,52,196,16,45,37,45,4,6,43
S01008036,246,25,18,7,221,5,58,38,43,3,18,56
S01008037,421,117,64,53,304,28,50,41,68,10,25,82
S01008038,303,71,42,29,232,29,32,46,50,9,20,46
S01008039,363,101,39,62,262,26,38,57,59,8,23,51
S01008040,332,72,40,32,260,16,78,38,53,13,17,45
S01008041,354,155,88,67,199,14,53,35,46,4,15,32
S01008042,280,109,61,48,171,9,50,29,44,12,8,19
S01008043,398,89,63,26,309,18,91,62,60,16,16,46
S01008044,431,137,79,58,294,10,75,60,70,7,13,59
S01008045,449,169,104,65,280,14,80,43,53,10,15,65
S01008046,527,327,186,141,200,20,65,25,52,2,8,28
S01008047,292,87,64,23,205,4,53,35,41,7,19,46
S01008048,238,60,41,19,178,2,49,31,42,3,12,39
S01008049,357,91,67,24,266,5,78,58,50,9,15,51
S01008050,245,46,27,19,199,5,76,28,26,12,13,39
S01008051,328,62,29,33,266,9,65,77,34,10,19,52
S01008052,337,73,50,23,264,5,46,70,77,8,17,41
S01008053,263,65,41,24,198,4,71,46,36,3,12,26
S01008054,361,143,86,57,218,3,70,41,49,6,16,33
S01008055,384,60,46,14,324,7,79,80,52,11,23,72
S01008056,332,122,98,24,210,4,64,49,27,8,16,42
S01008057,400,136,79,57,264,6,65,66,45,9,21,52
S01008058,304,41,20,21,263,4,34,46,70,13,38,58
S01008059,260,49,27,22,211,7,48,34,46,12,10,54
S01008060,326,51,27,24,275,9,51,62,58,8,22,65
S01008061,283,89,43,46,194,10,16,68,42,9,15,34
S01008062,371,103,43,60,268,12,66,69,50,7,11,53
S01008063,381,97,58,39,284,10,69,59,64,8,25,49
S01008064,296,99,43,56,197,20,31,34,38,9,16,49
S01008065,348,52,35,17,296,4,49,64,61,20,30,68
S01008066,326,45,32,13,281,6,74,56,42,20,26,57
S01008067,257,62,37,25,195,7,54,32,38,8,19,37
S01008068,384,100,60,40,284,4,74,57,57,9,15,68
S01008069,385,94,49,45,291,11,66,66,64,4,29,51
S01008070,356,76,38,38,280,14,56,53,60,4,18,75
S01008071,287,64,35,29,223,13,43,51,51,4,13,48
S01008072,350,131,30,101,219,14,27,40,77,10,17,34
S01008073,178,25,11,14,153,0,49,25,30,4,11,34
S01008074,378,75,52,23,303,6,65,59,68,9,26,70
S01008075,246,60,48,12,186,6,68,36,21,9,16,30
S01008076,301,104,66,38,197,3,90,24,37,5,10,28
S01008077,349,106,70,36,243,7,57,42,53,15,20,49
S01008078,350,98,64,34,252,7,72,49,48,7,24,45
S01008079,341,48,40,8,293,9,87,54,55,9,19,60
S01008080,279,60,34,26,219,11,54,45,50,7,14,38
S01008081,235,61,38,23,174,5,37,28,35,8,17,44
S01008082,328,73,50,23,255,12,65,55,45,2,14,62
S01008083,270,49,33,16,221,8,54,44,39,9,19,48
S01008084,353,92,47,45,261,18,55,38,59,9,27,55
S01008085,339,48,26,22,291,5,45,47,63,16,32,83
S01008086,418,94,42,52,324,22,39,78,74,13,21,77
S01008087,330,69,55,14,261,9,77,46,38,12,19,60
S01008088,398,122,76,46,276,14,80,49,45,4,18,66
S01008089,243,42,30,12,201,2,51,33,31,9,17,58
S01008090,305,73,54,19,232,20,40,44,41,6,21,60
S01008091,146,16,11,5,130,4,36,19,28,2,8,33
S01008092,368,94,73,21,274,5,97,49,30,10,23,60
S01008093,331,95,71,24,236,11,64,43,33,7,22,56
S01008094,257,50,35,15,207,5,57,31,36,6,27,45
S01008095,345,126,64,62,219,8,63,34,38,7,10,59
S01008096,334,93,71,22,241,2,79,39,38,9,15,59
S01008097,281,101,78,23,180,7,55,28,30,5,13,42
S01008098,293,71,43,28,222,5,53,35,43,12,18,56
S01008099,209,47,25,22,162,8,27,32,45,6,10,34
S01008100,401,138,104,34,263,5,68,41,48,10,21,70
S01008101,351,132,25,107,219,28,26,42,53,11,18,41
S01008102,310,91,32,59,219,14,40,34,49,9,15,58
S01008103,338,176,72,104,162,16,33,31,46,4,11,21
S01008104,390,134,50,84,256,34,46,41,51,4,21,59
S01008105,518,219,89,130,299,53,35,53,76,10,19,53
S01008106,371,150,57,93,221,32,42,40,47,3,19,38
S01008107,281,40,6,34,241,7,10,84,48,22,35,35
S01008108,244,49,9,40,195,7,18,46,48,6,9,61
S01008109,332,44,24,20,288,20,50,47,50,8,34,79
S01008110,316,54,29,25,262,14,40,75,38,4,24,67
S01008111,349,96,78,18,253,6,60,35,40,3,37,72
S01008112,322,64,46,18,258,5,84,37,32,5,18,77
S01008113,359,78,52,26,281,7,76,37,58,6,24,73
S01008114,262,46,29,17,216,5,64,38,35,3,20,51
S01008115,368,104,30,74,264,19,27,47,69,8,24,70
S01008116,350,71,36,35,279,11,48,57,56,11,30,66
S01008117,329,77,48,29,252,12,80,31,43,7,21,58
S01008118,361,96,61,35,265,14,65,62,52,15,18,39
S01008119,260,70,37,33,190,17,29,23,42,7,18,54
S01008120,288,99,53,46,189,13,56,36,35,8,14,27
S01008121,269,61,46,15,208,2,67,42,41,4,16,36
S01008122,266,40,23,17,226,5,50,54,43,9,24,41
S01008123,366,87,56,31,279,9,85,45,50,6,25,59
S01008124,306,51,31,20,255,6,52,57,46,7,31,56
S01008125,378,107,48,59,271,8,57,55,77,11,15,48
S01008126,308,52,12,40,256,5,42,58,60,10,17,64
S01008127,194,36,18,18,158,4,34,26,46,4,12,32
S01008128,350,74,36,38,276,10,64,44,62,10,20,66
S01008129,426,173,50,123,253,24,47,42,71,7,16,46
S01008130,462,193,47,146,269,29,44,43,72,6,17,58
S01008131,398,194,55,139,204,19,35,31,68,8,12,31
S01008132,423,104,72,32,319,5,103,63,58,15,18,57
S01008133,338,173,79,94,165,13,43,27,39,5,8,30
S01008134,325,167,44,123,158,6,26,38,51,4,5,28
S01008135,478,167,26,141,311,32,27,95,77,16,26,38
S01008136,448,203,72,131,245,14,53,44,73,5,12,44
S01008137,414,168,37,131,246,71,19,45,52,10,11,38
S01008138,374,146,37,109,228,39,17,43,61,10,19,39
S01008139,393,138,51,87,255,36,42,36,53,11,16,61
S01008140,239,90,55,35,149,34,22,18,30,5,10,30
S01008141,318,64,37,27,254,7,66,49,30,5,17,80
S01008142,293,55,20,35,238,6,28,47,52,7,23,75
S01008143,428,175,82,93,253,30,37,39,77,10,16,44
S01008144,229,43,17,26,186,5,37,36,40,4,21,43
S01008145,328,100,40,60,228,21,33,40,44,11,20,59
S01008146,218,73,39,34,145,22,30,14,25,5,12,37
S01008147,339,86,35,51,253,18,43,44,75,4,15,54
S01008148,328,106,32,74,222,11,38,40,53,4,11,65
S01008149,313,98,40,58,215,34,31,34,54,4,17,41
S01008150,428,150,58,92,278,26,64,53,60,9,21,45
S01008151,321,123,56,67,198,15,41,39,41,2,17,43
S01008152,511,193,100,93,318,48,82,38,64,7,12,67
S01008153,295,55,15,40,240,6,33,47,58,4,23,69
S01008154,355,96,60,36,259,4,70,43,61,8,12,61
S01008155,275,69,31,38,206,5,37,32,65,3,16,48
S01008156,391,113,45,68,278,21,56,45,59,9,18,70
S01008157,293,65,26,39,228,22,29,43,60,9,15,50
S01008158,287,63,15,48,224,7,23,38,78,2,11,65
S01008159,461,180,66,114,281,49,40,49,74,9,21,39
S01008160,397,123,49,74,274,42,34,57,62,11,21,47
S01008161,399,89,19,70,310,9,36,81,88,11,32,53
S01008162,430,130,62,68,300,11,60,66,78,7,18,60
S01008163,327,80,35,45,247,39,46,38,65,6,20,33
S01008164,289,104,38,66,185,23,19,35,48,6,17,37
S01008165,266,36,5,31,230,7,12,90,59,12,23,27
S01008166,226,54,20,34,172,17,30,34,44,5,9,33
S01008167,294,68,25,43,226,31,41,49,39,8,10,48
S01008168,349,100,36,64,249,34,35,57,56,9,16,42
S01008169,320,95,43,52,225,32,37,43,59,3,12,39
S01008170,231,55,26,29,176,8,27,35,47,3,25,31
S01008171,373,154,73,81,219,24,36,46,67,6,4,36
S01008172,250,82,35,47,168,13,39,29,37,6,15,29
S01008173,260,60,38,22,200,17,23,53,44,5,16,42
S01008174,226,67,38,29,159,6,20,33,45,3,12,40
S01008175,378,160,39,121,218,22,27,51,76,5,9,28
S01008176,327,100,30,70,227,6,45,47,75,8,10,36
S01008177,371,134,62,72,237,18,62,43,69,9,18,18
S01008178,278,68,30,38,210,6,60,32,51,4,11,46
S01008179,170,14,5,9,156,4,8,51,39,5,15,34
S01008180,167,24,8,16,143,5,7,36,41,1,15,38
S01008181,284,70,46,24,214,4,55,31,56,5,16,47
S01008182,563,315,78,237,248,18,29,37,130,3,5,26
S01008183,282,88,35,53,194,12,28,50,54,5,9,36
S01008184,481,271,121,150,210,9,46,29,85,3,5,33
S01008185,573,289,95,194,284,25,56,48,104,5,9,37
S01008186,366,197,70,127,169,10,28,39,65,0,3,24
S01008187,284,97,40,57,187,23,27,40,52,6,6,33
S01008188,485,228,109,119,257,34,52,48,75,5,16,27
S01008189,271,97,40,57,174,10,48,27,41,3,7,38
S01008190,365,109,58,51,256,21,48,51,49,7,23,57
S01008191,187,48,31,17,139,12,28,22,24,2,20,31
S01008192,360,131,38,93,229,12,30,34,84,4,18,47
S01008193,327,86,51,35,241,8,45,50,69,7,18,44
S01008194,244,58,27,31,186,19,26,45,49,4,10,33
S01008195,331,89,20,69,242,35,21,48,69,8,17,44
S01008196,333,100,22,78,233,43,27,53,48,7,19,36
S01008197,390,72,3,69,318,27,6,94,139,8,11,33
S01008198,300,81,48,33,219,23,52,23,54,7,13,47
S01008199,298,51,18,33,247,34,27,46,62,7,19,52
S01008200,300,116,61,55,184,26,51,22,37,8,15,25
S01008201,354,121,48,73,233,33,37,32,66,9,18,38
S01008202,261,83,52,31,178,10,43,27,46,3,16,33
S01008203,283,121,39,82,162,26,27,24,53,5,7,20
S01008204,480,231,128,103,249,17,81,35,60,4,10,42
S01008205,276,61,33,28,215,21,42,34,46,2,19,51
S01008206,295,102,53,49,193,17,37,29,55,10,13,32
S01008207,246,64,21,43,182,30,23,38,42,8,17,24
S01008208,344,87,9,78,257,28,17,67,94,8,9,34
S01008209,200,26,1,25,174,14,13,55,44,9,21,18
S01008210,417,129,50,79,288,37,53,46,81,8,21,42
S01008211,420,158,68,90,262,25,45,43,73,6,20,50
S01008212,212,33,8,25,179,11,15,48,51,6,17,31
S01008213,370,64,25,39,306,12,44,82,69,18,39,42
S01008214,354,128,64,64,226,17,71,42,60,3,7,26
S01008215,324,96,34,62,228,7,49,40,70,9,14,39
S01008216,205,46,20,26,159,6,18,30,52,4,22,27
S01008217,226,42,20,22,184,3,48,44,47,6,6,30
S01008218,376,40,8,32,336,10,37,113,84,10,21,61
S01008219,424,135,36,99,289,23,44,55,95,4,24,44
S01008220,223,43,17,26,180,26,13,26,40,19,21,35
S01008221,309,107,31,76,202,36,21,38,53,14,18,22
S01008222,287,99,63,36,188,22,53,32,30,9,14,28
S01008223,280,101,59,42,179,12,46,31,37,3,11,39
S01008224,406,113,46,67,293,9,38,58,113,5,12,58
S01008225,290,76,34,42,214,11,30,38,56,5,17,57
S01008226,379,165,89,76,214,17,45,37,59,11,7,38
S01008227,389,139,51,88,250,23,64,38,65,10,14,36
S01008228,279,74,37,37,205,9,43,38,65,5,12,33
S01008229,300,78,34,44,222,27,49,44,53,7,12,30
S01008230,305,57,6,51,248,10,11,86,79,13,12,37
S01008231,243,24,1,23,219,7,6,107,38,14,23,24
S01008232,259,42,2,40,217,28,5,81,66,8,11,18
S01008233,178,27,5,22,151,9,11,53,55,2,13,8
S01008234,187,59,27,32,128,9,39,13,40,1,7,19
S01008235,368,107,56,51,261,16,64,45,67,9,17,43
S01008236,386,123,55,68,263,23,52,57,73,5,9,44
S01008237,376,112,43,69,264,27,46,53,66,7,20,45
S01008238,341,102,54,48,239,18,62,38,62,6,12,41
S01008239,331,91,49,42,240,15,45,55,69,2,11,43
S01008240,358,68,42,26,290,2,77,51,79,12,21,48
S01008241,271,51,30,21,220,1,68,29,64,7,17,34
S01008242,430,141,81,60,289,8,98,44,69,10,9,51
S01008243,361,83,44,39,278,6,48,92,64,15,21,32
S01008244,255,78,42,36,177,8,53,33,42,8,10,23
S01008245,410,102,62,40,308,11,59,79,87,10,14,48
S01008246,353,58,21,37,295,8,43,69,90,15,16,54
S01008247,319,56,25,31,263,7,36,55,103,12,11,39
S01008248,397,106,52,54,291,19,78,56,67,14,18,39
S01008249,401,119,50,69,282,12,70,52,91,9,18,30
S01008250,447,122,43,79,325,13,72,56,108,19,15,42
S01008251,255,28,13,15,227,6,36,86,38,9,21,31
S01008252,338,81,48,33,257,8,64,50,62,9,22,42
S01008253,370,151,89,62,219,8,49,42,63,9,10,38
S01008254,428,135,65,70,293,24,66,58,65,6,22,52
S01008255,292,79,41,38,213,17,33,51,51,10,14,37
S01008256,361,118,41,77,243,27,35,47,60,10,20,44
S01008257,357,185,116,69,172,13,62,32,36,5,4,20
S01008258,401,150,50,100,251,9,52,40,100,6,5,39
S01008259,376,153,75,78,223,10,43,52,68,14,5,31
S01008260,355,112,38,74,243,28,33,40,78,5,16,43
S01008261,368,99,38,61,269,26,44,50,67,9,26,47
S01008262,252,66,27,39,186,5,30,36,58,8,14,35
S01008263,284,108,40,68,176,9,55,32,54,2,6,18
S01008264,330,113,52,61,217,15,52,66,35,10,9,30
S01008265,332,123,84,39,209,7,73,50,44,12,7,16
S01008266,319,104,81,23,215,2,88,39,47,5,13,21
S01008267,350,89,39,50,261,9,67,50,77,16,9,33
S01008268,355,99,57,42,256,4,88,38,60,15,25,26
S01008269,400,167,139,28,233,5,87,40,46,7,11,37
S01008270,394,160,111,49,234,7,83,41,56,6,11,30
S01008271,386,211,67,144,175,13,36,32,68,2,7,17
S01008272,414,105,51,54,309,17,72,59,70,11,23,57
S01008273,346,88,57,31,258,11,72,57,47,9,16,46
S01008274,322,94,44,50,228,20,61,43,43,7,12,42
S01008275,258,88,45,43,170,12,41,27,47,7,7,29
S01008276,199,26,8,18,173,9,30,42,38,10,11,33
S01008277,213,55,25,30,158,7,33,33,46,6,12,21
S01008278,334,81,43,38,253,4,71,55,75,4,17,27
S01008279,331,97,54,43,234,11,66,47,62,8,8,32
S01008280,425,148,65,83,277,10,64,58,84,14,11,36
S01008281,316,81,24,57,235,16,39,41,91,10,10,28
S01008282,299,78,35,43,221,9,50,42,77,4,16,23
S01008283,184,34,7,27,150,1,19,33,44,10,12,31
S01008284,348,73,40,33,275,13,40,86,75,14,11,36
S01008285,355,119,55,64,236,17,63,46,62,5,8,35
S01008286,303,80,45,35,223,11,46,38,57,8,21,42
S01008287,311,100,43,57,211,11,33,38,57,9,20,43
S01008288,413,151,93,58,262,17,56,45,71,8,16,49
S01008289,319,138,39,99,181,19,28,29,69,2,7,27
S01008290,397,152,50,102,245,19,34,66,71,7,18,30
S01008291,369,145,89,56,224,8,85,33,57,4,2,35
S01008292,310,59,17,42,251,36,24,74,56,11,20,30
S01008293,199,20,8,12,179,2,28,68,28,14,13,26
S01008294,326,58,25,33,268,12,35,77,53,20,27,44
S01008295,380,88,29,59,292,14,39,59,78,4,24,74
S01008296,320,132,77,55,188,20,32,25,46,11,12,42
S01008297,295,66,25,41,229,19,32,59,47,16,18,38
S01008298,303,80,23,57,223,8,37,52,57,5,22,42
S01008299,370,156,58,98,214,34,39,39,42,8,13,39
S01008300,377,128,50,78,249,27,45,34,58,3,21,61
S01008301,316,59,18,41,257,8,34,61,73,3,19,59
S01008302,300,69,36,33,231,5,63,32,57,11,24,39
S01008303,272,123,50,73,149,16,30,28,32,1,13,29
S01008304,212,82,37,45,130,6,20,15,37,3,13,36
S01008305,315,60,33,27,255,7,60,48,56,4,14,66
S01008306,239,48,25,23,191,3,30,30,45,2,14,67
S01008307,216,35,15,20,181,11,24,61,38,5,12,30
S01008308,238,45,27,18,193,4,59,25,50,3,6,46
S01008309,372,181,53,128,191,37,39,29,38,4,17,27
S01008310,467,200,109,91,267,15,48,48,78,4,23,51
S01008311,172,61,18,43,111,13,18,27,18,1,11,23
S01008312,171,42,17,25,129,13,23,31,33,2,9,18
S01008313,403,153,55,98,250,40,45,32,54,5,7,67
S01008314,311,164,21,143,147,31,8,22,53,3,9,21
S01008315,450,265,58,207,185,47,20,30,59,5,5,19
S01008316,265,103,11,92,162,46,9,28,36,13,13,17
S01008317,316,110,16,94,206,27,15,57,51,9,17,30
S01008318,368,77,39,38,291,17,53,52,81,9,28,51
S01008319,373,161,83,78,212,20,52,44,51,3,11,31
S01008320,308,96,48,48,212,11,74,22,59,1,8,37
S01008321,195,30,8,22,165,6,20,31,41,6,24,37
S01008322,501,206,65,141,295,37,51,53,79,10,24,41
S01008323,324,98,28,70,226,29,33,38,48,12,19,47
S01008324,254,67,26,41,187,24,20,31,43,12,17,40
S01008325,291,73,19,54,218,36,21,55,43,8,22,33
S01008326,455,169,49,120,286,69,31,59,59,6,12,50
S01008327,386,141,76,65,245,25,41,36,58,8,18,59
S01008328,242,39,11,28,203,10,22,68,39,17,12,35
S01008329,291,33,9,24,258,5,36,64,46,13,29,65
S01008330,290,42,19,23,248,8,31,48,38,20,28,75
S01008331,246,82,20,62,164,13,16,42,35,5,18,35
S01008332,378,140,81,59,238,8,55,31,56,10,26,52
S01008333,454,189,138,51,265,6,93,32,57,15,18,44
S01008334,321,111,56,55,210,11,52,36,47,8,22,34
S01008335,330,113,55,58,217,19,51,48,39,15,11,34
S01008336,268,84,50,34,184,17,23,46,38,11,16,33
S01008337,365,115,52,63,250,18,18,88,60,14,21,31
S01008338,262,34,12,22,228,13,7,87,31,22,36,32
S01008339,227,42,13,29,185,5,14,55,49,5,17,40
S01008340,313,93,22,71,220,13,15,51,48,8,32,53
S01008341,204,16,4,12,188,5,9,59,24,23,26,42
S01008342,327,79,29,50,248,14,45,36,56,12,24,61
S01008343,328,70,49,21,258,4,76,37,50,17,19,55
S01008344,355,98,46,52,257,11,72,35,53,11,30,45
S01008345,350,79,55,24,271,9,71,38,52,8,28,65
S01008346,359,77,50,27,282,3,67,60,45,25,31,51
S01008347,489,221,151,70,268,13,85,40,57,14,14,45
S01008348,326,95,50,45,231,13,78,38,41,6,13,42
S01008349,313,68,37,31,245,10,49,71,32,17,34,32
S01008350,257,74,44,30,183,1,76,24,30,7,15,30
S01008351,347,78,52,26,269,10,69,54,51,12,22,51
S01008352,248,47,33,14,201,8,50,42,32,14,9,46
S01008353,198,47,28,19,151,3,33,40,25,6,16,28
S01008354,286,88,47,41,198,10,45,44,38,14,16,31
S01008355,299,108,61,47,191,15,49,36,41,8,8,34
S01008356,259,85,28,57,174,16,15,48,60,6,12,17
S01008357,296,83,41,42,213,13,55,42,41,9,20,33
S01008358,346,144,79,65,202,24,52,27,48,5,8,38
S01008359,250,63,31,32,187,8,43,42,35,9,23,27
S01008360,319,48,26,22,271,15,74,41,47,11,24,59
S01008361,201,35,20,15,166,10,27,34,44,6,9,36
S01008362,409,151,49,102,258,27,26,84,53,9,17,42
S01008363,320,104,31,73,216,17,46,37,45,12,15,44
S01008364,322,97,41,56,225,13,58,45,42,5,15,47
S01008365,288,81,47,34,207,4,59,32,55,7,23,27
S01008366,424,180,109,71,244,26,50,47,52,11,18,40
S01008367,368,172,65,107,196,13,38,36,52,6,16,35
S01008368,311,126,48,78,185,12,32,45,48,5,15,28
S01008369,235,74,37,37,161,17,23,35,48,6,7,25
S01008370,300,107,46,61,193,12,34,40,51,9,17,30
S01008371,302,65,32,33,237,11,48,60,40,13,15,50
S01008372,288,57,21,36,231,9,48,53,34,14,19,54
S01008373,269,36,23,13,233,4,36,64,39,15,20,55
S01008374,264,46,31,15,218,9,49,53,38,11,10,48
S01008375,285,46,31,15,239,6,57,53,39,9,20,55
S01008376,212,57,21,36,155,8,30,36,28,12,12,29
S01008377,291,81,33,48,210,8,34,50,41,11,24,42
S01008378,421,133,101,32,288,12,61,71,49,16,19,60
S01008379,206,45,33,12,161,7,45,22,30,10,9,38
S01008380,238,44,25,19,194,4,25,53,45,6,15,46
S01008381,229,37,17,20,192,3,18,70,40,11,9,41
S01008382,248,55,37,18,193,4,41,53,40,11,14,30
S01008383,181,43,25,18,138,4,26,41,22,5,9,31
S01008384,387,87,42,45,300,22,51,64,79,9,20,55
S01008385,252,47,31,16,205,2,48,41,46,11,17,40
S01008386,337,87,36,51,250,23,45,49,58,6,12,57
S01008387,241,50,20,30,191,8,29,57,51,4,18,24
S01008388,243,49,10,39,194,16,14,62,49,2,17,34
S01008389,312,134,104,30,178,7,78,18,33,6,8,28
S01008390,255,66,40,26,189,1,47,44,41,4,15,37
S01008391,349,139,103,36,210,9,58,50,33,11,15,34
S01008392,330,73,29,44,257,4,38,74,45,16,28,52
S01008393,369,145,96,49,224,5,62,60,33,11,19,34
S01008394,276,38,17,21,238,8,39,80,32,14,19,46
S01008395,189,34,17,17,155,7,13,42,39,8,9,37
S01008396,303,122,79,43,181,2,71,25,32,2,14,35
S01008397,346,64,40,24,282,6,55,57,63,11,32,58
S01008398,238,59,45,14,179,5,44,40,39,4,17,30
S01008399,257,104,69,35,153,0,53,21,36,9,8,26
S01008400,261,65,41,24,196,10,42,39,37,11,22,35
S01008401,404,132,85,47,272,10,71,46,54,12,23,56
S01008402,415,83,55,28,332,1,106,53,55,18,24,75
S01008403,218,41,26,15,177,5,42,43,26,9,17,35
S01008404,349,89,70,19,260,6,56,62,48,14,16,58
S01008405,266,41,27,14,225,7,40,41,49,16,25,47
S01008406,451,216,158,58,235,8,57,46,40,19,17,48
S01008407,284,157,93,64,127,8,30,23,34,3,6,23
S01008408,265,77,37,40,188,12,22,54,39,12,15,34
S01008409,390,164,71,93,226,23,35,41,58,7,15,47
S01008410,269,113,74,39,156,7,36,24,37,7,9,36
S01008411,247,70,28,42,177,9,37,34,41,4,16,36
S01008412,274,85,34,51,189,13,38,35,25,9,26,43
S01008413,222,66,30,36,156,9,23,20,43,12,16,33
S01008414,152,22,9,13,130,6,24,21,18,8,17,36
S01008415,347,114,49,65,233,16,33,46,54,11,21,52
S01008416,437,181,54,127,256,24,34,55,59,7,15,62
S01008417,299,70,32,38,229,9,61,39,56,10,23,31
S01008418,312,95,52,43,217,2,56,46,60,8,8,37
S01008419,193,58,29,29,135,2,19,39,28,11,16,20
S01008420,190,36,23,13,154,7,35,26,40,4,12,30
S01008421,394,146,67,79,248,26,28,59,68,8,16,43
S01008422,241,49,41,8,192,1,40,42,55,9,15,30
S01008423,398,74,34,40,324,5,73,73,71,20,36,46
S01008424,338,63,45,18,275,4,103,36,54,12,24,42
S01008425,409,111,63,48,298,6,79,52,79,10,23,49
S01008426,264,89,65,24,175,13,42,35,40,1,10,34
S01008427,397,54,13,41,343,8,41,91,96,12,16,79
S01008428,316,120,83,37,196,13,41,35,55,6,16,30
S01008429,352,89,61,28,263,5,73,54,59,3,19,50
S01008430,276,70,48,22,206,6,51,37,51,5,19,37
S01008431,352,94,58,36,258,5,66,56,51,11,15,54
S01008432,293,66,41,25,227,8,73,40,44,6,13,43
S01008433,348,79,31,48,269,4,61,57,86,5,13,43
S01008434,322,61,24,37,261,9,50,52,79,6,15,50
S01008435,301,51,29,22,250,4,64,42,62,4,21,53
S01008436,356,95,49,46,261,10,56,57,72,5,18,43
S01008437,367,165,85,80,202,12,46,36,63,5,9,31
S01008438,189,61,15,46,128,1,18,36,38,3,10,22
S01008439,434,94,50,44,340,13,64,99,80,18,22,44
S01008440,403,82,54,28,321,6,95,62,74,11,30,43
S01008441,186,37,21,16,149,2,39,36,37,5,6,24
S01008442,303,89,30,59,214,10,31,57,79,8,5,24
S01008443,252,68,34,34,184,3,51,39,49,4,12,26
S01008444,260,74,19,55,186,7,29,45,53,8,13,31
S01008445,403,168,146,22,235,6,62,80,33,18,18,18
S01008446,323,76,54,22,247,8,65,69,58,9,13,25
S01008447,286,61,32,29,225,6,57,49,72,6,11,24
S01008448,315,67,37,30,248,5,59,48,73,4,16,43
S01008449,351,146,22,124,205,33,15,48,46,12,21,30
S01008450,256,97,14,83,159,55,5,32,36,3,11,17
S01008451,325,154,15,139,171,52,3,26,38,12,19,21
S01008452,271,126,11,115,145,34,8,23,32,10,21,17
S01008453,215,68,4,64,147,21,3,31,52,8,11,21
S01008454,393,146,22,124,247,58,11,39,56,8,28,47
S01008455,501,221,50,171,280,58,34,50,70,5,14,49
S01008456,528,262,36,226,266,60,30,70,74,1,6,25
S01008457,353,189,74,115,164,25,33,19,49,4,8,26
S01008458,428,145,37,108,283,42,36,55,72,5,19,54
S01008459,393,205,25,180,188,31,17,36,59,5,12,28
S01008460,368,161,20,141,207,62,12,44,41,7,16,25
S01008461,450,193,15,178,257,66,18,46,71,2,22,32
S01008462,349,228,52,176,121,14,20,14,49,4,6,14
S01008463,355,175,33,142,180,29,14,35,62,3,14,23
S01008464,413,141,54,87,272,46,44,42,89,2,12,37
S01008465,346,108,40,68,238,30,42,40,83,4,5,34
S01008466,318,86,26,60,232,40,39,43,52,3,7,48
S01008467,330,77,39,38,253,27,44,41,71,9,16,45
S01008468,232,54,23,31,178,24,22,27,37,9,21,38
S01008469,229,54,28,26,175,8,20,32,49,10,8,48
S01008470,298,87,38,49,211,23,24,33,51,10,19,51
S01008471,347,106,20,86,241,53,15,38,48,14,21,52
S01008472,277,81,28,53,196,17,19,37,46,17,18,42
S01008473,307,110,36,74,197,25,27,35,51,6,21,32
S01008474,440,230,81,149,210,31,36,40,65,1,6,31
S01008475,327,154,73,81,173,34,27,27,56,4,7,18
S01008476,406,216,82,134,190,21,38,31,68,2,7,23
S01008477,465,251,97,154,214,29,40,27,89,6,4,19
S01008478,439,229,108,121,210,27,28,36,77,7,7,28
S01008479,407,166,82,84,241,33,48,38,89,2,6,25
S01008480,279,73,10,63,206,30,20,25,92,5,12,22
S01008481,373,74,35,39,299,31,57,37,65,14,29,66
S01008482,316,128,60,68,188,26,53,28,49,2,8,22
S01008483,327,156,74,82,171,15,27,24,70,4,6,25
S01008484,342,113,50,63,229,15,39,46,68,8,11,42
S01008485,408,103,30,73,305,14,55,69,78,15,28,46
S01008486,459,206,120,86,253,17,63,27,81,3,12,50
S01008487,417,182,34,148,235,13,16,36,136,4,6,24
S01008488,416,188,77,111,228,19,27,35,107,4,2,34
S01008489,305,114,39,75,191,12,36,32,63,1,10,37
S01008490,528,283,65,218,245,16,27,42,123,2,6,29
S01008491,487,209,44,165,278,10,27,46,139,3,6,47
S01008492,515,230,19,211,285,34,7,39,167,3,5,30
S01008493,420,197,66,131,223,23,47,29,66,3,7,48
S01008494,409,222,30,192,187,19,22,23,104,3,7,9
S01008495,589,344,22,322,245,8,10,26,179,1,1,20
S01008496,676,437,29,408,239,7,4,16,192,0,2,18
S01008497,572,397,19,378,175,4,9,20,132,0,2,8
S01008498,525,344,29,315,181,7,8,23,125,0,1,17
S01008499,591,291,26,265,300,13,3,33,204,1,2,44
S01008500,209,107,3,104,102,11,1,9,44,4,4,29
S01008501,316,127,4,123,189,3,2,23,119,4,2,36
S01008502,373,179,8,171,194,6,2,17,131,0,1,37
S01008503,443,163,20,143,280,9,13,47,178,1,2,30
S01008504,543,202,28,174,341,9,29,88,159,5,5,46
S01008505,330,112,28,84,218,8,18,43,99,8,11,31
S01008506,442,212,91,121,230,11,56,39,93,4,8,19
S01008507,386,151,26,125,235,9,6,40,140,3,8,29
S01008508,358,102,53,49,256,5,43,63,78,13,14,40
S01008509,509,201,84,117,308,15,68,58,119,3,7,38
S01008510,390,97,46,51,293,12,74,60,76,6,15,50
S01008511,358,82,52,30,276,10,66,63,70,11,24,32
S01008512,201,43,27,16,158,3,35,40,37,1,16,26
S01008513,258,48,35,13,210,3,49,43,52,10,22,31
S01008514,397,140,101,39,257,13,46,60,71,16,13,38
S01008515,297,82,27,55,215,5,29,75,50,11,15,30
S01008516,592,371,60,311,221,10,18,32,139,3,3,16
S01008517,463,216,93,123,247,9,25,26,114,6,7,60
S01008518,378,96,41,55,282,10,36,56,96,18,13,53
S01008519,324,86,46,40,238,11,40,56,58,15,23,35
S01008520,433,93,66,27,340,8,101,73,68,14,19,57
S01008521,338,54,35,19,284,3,65,69,70,17,18,42
S01008522,228,57,18,39,171,5,40,43,49,5,3,26
S01008523,434,142,44,98,292,16,45,89,95,9,13,25
S01008524,442,186,51,135,256,44,31,36,91,9,10,35
S01008525,380,186,103,83,194,29,34,29,45,13,13,31
S01008526,448,208,108,100,240,21,44,44,80,4,8,39
S01008527,333,108,32,76,225,34,25,38,73,2,12,41
S01008528,304,90,29,61,214,39,30,44,44,10,11,36
S01008529,349,132,77,55,217,26,32,25,66,1,16,51
S01008530,369,161,57,104,208,43,25,34,68,10,8,20
S01008531,394,182,61,121,212,35,42,37,58,4,8,28
S01008532,213,86,45,41,127,12,24,18,32,6,10,25
S01008533,179,20,9,11,159,5,6,64,47,15,10,12
S01008534,274,46,16,30,228,3,28,48,77,14,16,42
S01008535,284,68,31,37,216,3,48,43,48,5,15,54
S01008536,263,79,49,30,184,6,63,38,41,5,4,27
S01008537,280,56,29,27,224,1,66,43,55,8,10,41
S01008538,242,70,56,14,172,1,59,24,39,5,14,30
S01008539,346,98,59,39,248,3,51,64,56,7,22,45
S01008540,373,88,59,29,285,5,84,51,71,9,9,56
S01008541,323,52,37,15,271,11,48,75,49,14,19,55
S01008542,337,52,28,24,285,7,52,71,61,18,21,55
S01008543,259,37,17,20,222,6,25,74,44,9,12,52
S01008544,216,31,4,27,185,7,10,59,36,9,25,39
S01008545,334,68,36,32,266,6,55,63,60,15,25,42
S01008546,337,55,45,10,282,2,69,40,94,9,11,57
S01008547,424,108,20,88,316,21,31,68,113,7,21,55
S01008548,347,84,14,70,263,23,16,70,96,8,17,33
S01008549,439,144,57,87,295,25,55,51,95,6,19,44
S01008550,346,102,23,79,244,11,42,47,79,7,22,36
S01008551,496,201,87,114,295,9,64,39,119,4,22,38
S01008552,383,115,49,66,268,3,70,44,82,7,23,39
S01008553,244,77,34,43,167,5,42,20,60,4,11,25
S01008554,368,78,31,47,290,48,22,54,41,19,38,68
S01008555,528,250,63,187,278,69,28,64,65,10,9,33
S01008556,346,129,52,77,217,42,33,36,47,11,12,36
S01008557,429,188,76,112,241,50,45,45,45,9,14,33
S01008558,433,179,80,99,254,45,45,33,69,11,11,40
S01008559,295,85,39,46,210,27,41,32,52,5,11,42
S01008560,295,91,53,38,204,20,31,42,53,4,20,34
S01008561,277,79,35,44,198,11,32,40,55,10,14,36
S01008562,344,184,83,101,160,39,22,29,42,5,13,10
S01008563,369,129,39,90,240,42,34,43,66,9,13,33
S01008564,315,143,68,75,172,16,40,22,52,0,7,35
S01008565,414,144,58,86,270,46,45,50,61,8,20,40
S01008566,433,123,50,73,310,44,50,44,75,12,35,50
S01008567,289,74,22,52,215,17,39,46,45,15,17,36
S01008568,350,115,33,82,235,27,29,51,72,7,20,29
S01008569,400,249,27,222,151,51,7,22,51,5,3,12
S01008570,426,156,37,119,270,64,29,51,53,9,23,41
S01008571,323,129,69,60,194,19,41,31,45,7,10,41
S01008572,346,99,37,62,247,19,53,50,53,4,17,51
S01008573,321,73,22,51,248,21,25,65,77,6,19,35
S01008574,293,70,12,58,223,6,16,56,79,7,16,43
S01008575,335,90,40,50,245,12,35,58,76,7,19,38
S01008576,386,118,55,63,268,7,56,34,103,7,9,52
S01008577,363,122,73,49,241,5,59,43,69,6,14,45
S01008578,291,56,41,15,235,2,57,52,64,11,13,36
S01008579,301,85,47,38,216,9,71,25,66,4,8,33
S01008580,261,99,41,58,162,8,30,27,58,4,7,28
S01008581,464,208,94,114,256,32,44,25,85,8,14,48
S01008582,486,185,72,113,301,38,48,53,90,9,13,50
S01008583,352,155,77,78,197,13,29,42,60,10,10,33
S01008584,394,144,56,88,250,31,41,32,74,13,22,37
S01008585,249,77,33,44,172,17,22,32,47,8,8,38
S01008586,360,143,70,73,217,18,36,37,47,9,22,48
S01008587,316,80,37,43,236,2,55,40,74,8,14,43
S01008588,344,128,70,58,216,6,36,59,57,10,10,38
S01008589,172,59,43,16,113,2,26,22,34,8,9,12
S01008590,413,200,119,81,213,9,47,48,76,6,6,21
S01008591,327,84,25,59,243,3,38,55,78,12,11,46
S01008592,356,143,73,70,213,23,25,48,60,8,11,38
S01008593,309,71,41,30,238,7,61,55,53,10,14,38
S01008594,428,134,53,81,294,10,55,59,94,9,15,52
S01008595,508,302,109,193,206,18,54,26,68,4,8,28
S01008596,455,203,78,125,252,23,39,28,112,3,11,36
S01008597,388,114,61,53,274,8,62,52,77,12,12,51
S01008598,329,90,30,60,239,9,29,40,65,5,3,88
S01008599,366,92,35,57,274,5,32,44,83,6,13,91
S01008600,306,68,30,38,238,8,35,60,69,17,14,35
S01008601,314,104,28,76,210,3,15,17,63,4,6,102
S01008602,323,172,26,146,151,5,11,17,86,2,1,29
S01008603,544,204,30,174,340,7,13,27,172,1,4,116
S01008604,418,170,36,134,248,6,24,26,119,10,13,50
S01008605,337,125,25,100,212,8,7,27,111,2,6,51
S01008606,287,65,34,31,222,9,27,50,57,15,11,53
S01008607,283,103,62,41,180,6,57,36,29,10,14,28
S01008608,326,121,74,47,205,2,47,51,50,5,12,38
S01008609,410,148,87,61,262,10,66,55,70,15,15,31
S01008610,416,192,143,49,224,4,50,39,56,6,14,55
S01008611,592,262,48,214,330,8,19,38,177,4,8,76
S01008612,376,144,22,122,232,9,6,25,110,2,3,77
S01008613,371,148,61,87,223,6,20,29,87,8,14,59
S01008614,307,106,30,76,201,1,11,18,76,2,1,92
S01008615,331,76,15,61,255,5,15,35,82,4,6,108
S01008616,259,42,9,33,217,2,6,22,41,5,4,137
S01008617,281,50,18,32,231,7,10,32,43,5,3,131
S01008618,267,64,15,49,203,5,3,20,41,5,4,125
S01008619,203,58,16,42,145,1,7,17,28,0,2,90
S01008620,290,50,10,40,240,3,10,16,76,5,5,125
S01008621,272,49,16,33,223,10,8,20,42,2,7,134
S01008622,200,58,18,40,142,2,6,22,40,3,5,64
S01008623,343,109,45,64,234,4,32,39,49,8,4,98
S01008624,346,153,97,56,193,5,62,33,52,11,9,21
S01008625,239,65,37,28,174,5,38,35,45,9,14,28
S01008626,388,104,43,61,284,9,40,54,104,16,19,42
S01008627,256,57,24,33,199,8,31,55,43,16,17,29
S01008628,262,80,21,59,182,8,23,31,75,3,7,35
S01008629,301,142,52,90,159,8,17,33,67,5,2,27
S01008630,277,114,45,69,163,7,13,26,71,1,3,42
S01008631,453,238,34,204,215,19,16,30,108,1,3,38
S01008632,420,218,42,176,202,6,26,21,115,3,3,28
S01008633,452,196,116,80,256,14,69,47,63,15,13,35
S01008634,276,66,35,31,210,1,32,43,52,10,12,60
S01008635,362,124,42,82,238,5,18,34,89,8,12,72
S01008636,367,114,52,62,253,3,40,44,81,7,12,66
S01008637,309,106,41,65,203,9,35,36,74,5,9,35
S01008638,344,122,84,38,222,6,32,27,63,8,3,83
S01008639,430,182,28,154,248,10,9,37,125,1,8,58
S01008640,351,108,17,91,243,16,5,27,112,2,5,76
S01008641,351,104,14,90,247,6,11,23,90,0,1,116
S01008642,433,154,27,127,279,10,16,34,121,7,7,84
S01008643,323,111,15,96,212,9,10,38,95,8,7,45
S01008644,386,173,51,122,213,4,17,32,101,4,2,53
S01008645,360,110,35,75,250,8,16,43,104,3,7,69
S01008646,453,216,36,180,237,15,18,29,126,6,4,39
S01008647,330,153,12,141,177,2,7,21,114,1,5,27
S01008648,339,149,27,122,190,3,10,22,121,1,2,31
S01008649,560,330,24,306,230,4,12,19,176,1,1,17
S01008650,470,272,17,255,198,1,6,14,146,1,2,28
S01008651,497,332,21,311,165,3,8,11,136,0,0,7
S01008652,387,253,18,235,134,2,6,12,90,0,1,23
S01008653,402,216,26,190,186,6,10,11,115,4,6,34
S01008654,585,315,23,292,270,15,7,20,191,2,2,33
S01008655,442,199,29,170,243,6,4,20,159,2,3,49
S01008656,426,264,24,240,162,9,9,19,101,0,3,21
S01008657,361,159,27,132,202,13,10,34,108,0,4,33
S01008658,555,302,55,247,253,10,15,24,161,0,2,41
S01008659,446,208,29,179,238,12,4,12,127,2,0,81
S01008660,444,177,13,164,267,9,11,22,123,3,8,91
S01008661,437,228,38,190,209,11,17,9,113,0,5,54
S01008662,276,136,9,127,140,8,1,7,67,0,0,57
S01008663,434,198,44,154,236,9,12,8,128,1,5,73
S01008664,396,187,22,165,209,4,6,15,134,1,3,46
S01008665,524,253,24,229,271,14,8,26,164,3,7,49
S01008666,311,85,20,65,226,3,12,25,83,1,4,98
S01008667,308,101,16,85,207,10,16,17,70,5,9,80
S01008668,280,109,18,91,171,7,4,8,101,1,1,49
S01008669,173,25,3,22,148,5,4,5,28,2,3,101
S01008670,260,63,16,47,197,5,7,9,42,1,7,126
S01008671,331,126,24,102,205,3,5,5,77,1,0,114
S01008672,341,141,39,102,200,6,10,15,94,0,3,72
S01008673,649,368,28,340,281,18,12,24,168,5,2,52
S01008674,413,196,21,175,217,7,6,12,104,1,0,87
S01008675,476,302,49,253,174,11,6,11,124,3,3,16
S01008676,338,131,15,116,207,10,13,12,110,1,3,58
S01008677,420,197,20,177,223,8,10,11,147,1,3,43
S01008678,393,164,10,154,229,11,5,15,141,0,1,56
S01008679,546,346,67,279,200,16,11,7,107,0,2,57
S01008680,326,163,14,149,163,8,8,7,85,2,2,51
S01008681,540,281,77,204,259,9,15,10,121,1,2,101
S01008682,431,209,34,175,222,13,12,18,124,4,5,46
S01008683,576,277,60,217,299,49,16,30,120,4,7,73
S01008684,532,285,42,243,247,47,21,34,96,3,9,37
S01008685,489,274,39,235,215,11,28,20,128,1,4,23
S01008686,585,338,118,220,247,28,37,21,114,2,6,39
S01008687,419,225,20,205,194,10,10,10,149,0,1,14
S01008688,457,216,18,198,241,17,9,35,146,2,5,27
S01008689,548,313,65,248,235,10,18,26,156,2,4,19
S01008690,598,309,45,264,289,15,17,38,186,1,7,25
S01008691,678,390,42,348,288,11,16,32,201,2,2,24
S01008692,391,217,20,197,174,5,15,14,113,1,1,25
S01008693,224,70,38,32,154,3,42,28,42,2,9,28
S01008694,537,230,35,195,307,8,21,54,176,2,9,37
S01008695,338,111,32,79,227,19,14,58,109,2,7,18
S01008696,285,75,36,39,210,7,30,54,66,7,12,34
S01008697,453,106,51,55,347,12,80,59,107,3,19,67
S01008698,209,61,42,19,148,5,32,28,37,3,8,35
S01008699,470,214,109,105,256,38,50,41,73,4,11,39
S01008700,248,68,32,36,180,10,53,22,47,7,17,24
S01008701,200,103,14,89,97,13,4,22,38,4,10,6
S01008702,312,131,10,121,181,26,7,27,98,1,6,16
S01008703,456,199,38,161,257,47,15,51,76,12,17,39
S01008704,307,109,20,89,198,30,24,41,54,9,12,28
S01008705,236,100,42,58,136,19,15,33,38,5,8,18
S01008706,243,87,21,66,156,35,6,37,35,9,14,20
S01008707,387,163,22,141,224,77,15,42,33,10,15,32
S01008708,452,247,26,221,205,48,12,44,52,9,14,26
S01008709,299,73,24,49,226,46,21,53,48,9,17,32
S01008710,208,78,18,60,130,24,5,29,29,4,21,18
S01008711,353,161,66,95,192,40,32,33,34,2,12,39
S01008712,499,220,87,133,279,45,63,33,60,15,21,42
S01008713,292,99,27,72,193,57,15,42,39,3,11,26
S01008714,297,135,44,91,162,30,41,14,44,5,8,20
S01008715,367,144,81,63,223,25,54,27,53,7,13,44
S01008716,295,148,76,72,147,17,40,25,34,2,8,21
S01008717,181,46,8,38,135,16,9,36,44,3,8,19
S01008718,222,61,24,37,161,9,28,26,50,6,11,31
S01008719,420,105,22,83,315,49,32,62,95,5,22,50
S01008720,243,80,30,50,163,15,28,20,60,0,7,33
S01008721,310,61,13,48,249,11,26,71,76,6,19,40
S01008722,480,156,100,56,324,7,99,58,87,7,17,49
S01008723,257,57,23,34,200,9,35,34,65,1,17,39
S01008724,400,120,78,42,280,17,60,65,70,10,18,40
S01008725,343,122,47,75,221,12,36,40,72,13,13,35
S01008726,241,70,31,39,171,6,30,49,44,10,9,23
S01008727,454,144,58,86,310,14,51,63,102,13,20,47
S01008728,229,76,29,47,153,27,15,33,33,9,14,22
S01008729,277,60,25,35,217,14,27,67,52,14,9,34
S01008730,411,186,27,159,225,28,9,56,102,6,6,18
S01008731,226,98,53,45,128,9,39,19,34,0,3,24
S01008732,340,179,38,141,161,24,26,19,63,7,11,11
S01008733,473,247,58,189,226,18,27,30,127,2,5,17
S01008734,266,100,30,70,166,10,35,35,47,6,7,26
S01008735,385,82,58,24,303,9,76,54,68,11,27,58
S01008736,290,80,46,34,210,3,62,34,27,11,25,48
S01008737,339,90,64,26,249,7,73,46,55,3,14,51
S01008738,299,67,51,16,232,4,66,46,44,10,13,49
S01008739,240,68,39,29,172,10,31,32,41,4,14,40
S01008740,227,49,38,11,178,4,44,24,47,7,14,38
S01008741,395,98,65,33,297,9,84,55,63,7,22,57
S01008742,280,156,100,56,124,4,35,18,37,0,4,26
S01008743,485,218,83,135,267,37,42,42,98,7,10,31
S01008744,519,214,106,108,305,33,66,65,70,6,12,53
S01008745,241,97,36,61,144,12,36,19,50,4,4,19
S01008746,572,268,69,199,304,47,38,43,122,6,14,34
S01008747,234,77,42,35,157,10,40,31,46,2,7,21
S01008748,283,64,52,12,219,3,74,40,46,6,10,40
S01008749,402,93,66,27,309,10,78,49,71,4,26,71
S01008750,313,90,57,33,223,4,74,31,54,5,17,38
S01008751,304,127,74,53,177,19,37,25,58,6,8,24
S01008752,459,231,66,165,228,56,43,30,68,0,6,25
S01008753,314,176,59,117,138,26,25,17,42,3,10,15
S01008754,362,193,41,152,169,11,23,19,98,1,2,15
S01008755,541,286,65,221,255,45,27,38,95,2,4,44
S01008756,418,231,66,165,187,22,32,27,70,5,2,29
S01008757,397,238,69,169,159,34,35,22,48,6,0,14
S01008758,444,205,76,129,239,37,48,41,66,6,12,29
S01008759,322,174,59,115,148,33,24,24,44,2,6,15
S01008760,500,253,62,191,247,55,28,48,64,8,11,33
S01008761,295,82,16,66,213,22,4,48,84,4,20,31
S01008762,301,109,48,61,192,11,43,33,68,2,7,28
S01008763,433,147,46,101,286,11,35,76,111,7,13,33
S01008764,306,92,28,64,214,8,31,55,64,4,13,39
S01008765,393,145,41,104,248,16,26,53,94,10,17,32
S01008766,413,103,48,55,310,12,59,74,79,11,17,58
S01008767,266,112,37,75,154,13,23,32,44,1,10,31
S01008768,256,117,23,94,139,14,16,27,55,3,7,17
S01008769,380,157,10,147,223,7,9,21,163,2,4,17
S01008770,431,160,5,155,271,24,6,45,155,7,10,24
S01008771,411,170,20,150,241,36,21,51,107,2,6,18
S01008772,395,175,64,111,220,10,39,54,78,4,7,28
S01008773,596,320,73,247,276,17,26,51,139,5,7,31
S01008774,495,241,34,207,254,30,21,35,119,2,12,35
S01008775,218,74,21,53,144,8,14,21,64,2,10,25
S01008776,467,243,28,215,224,39,16,32,107,1,8,21
S01008777,637,386,86,300,251,16,28,23,141,2,6,35
S01008778,664,349,23,326,315,26,8,41,203,0,4,33
S01008779,402,171,12,159,231,5,12,31,157,0,5,21
S01008780,329,150,5,145,179,16,5,20,113,0,3,22
S01008781,530,261,15,246,269,43,5,35,158,1,1,26
S01008782,400,172,9,163,228,16,10,48,126,0,6,22
S01008783,236,97,4,93,139,20,2,17,89,1,2,8
S01008784,268,132,8,124,136,24,3,13,83,0,2,11
S01008785,485,238,63,175,247,50,30,38,94,2,4,29
S01008786,540,269,29,240,271,18,16,27,180,0,5,25
S01008787,200,93,21,72,107,44,7,18,26,1,2,9
S01008788,376,151,19,132,225,23,8,19,142,2,1,30
S01008789,375,208,94,114,167,16,36,17,59,2,9,28
S01008790,353,183,29,154,170,14,12,26,80,2,5,31
S01008791,421,144,13,131,277,23,15,31,130,1,11,66
S01008792,415,191,34,157,224,21,17,28,113,3,13,29
S01008793,266,164,53,111,102,11,9,13,46,0,3,20
S01008794,492,241,118,123,251,23,44,33,113,5,6,27
S01008795,618,278,40,238,340,20,16,58,197,4,2,43
S01008796,622,330,62,268,292,33,24,44,137,7,6,41
S01008797,579,314,65,249,265,11,25,25,163,2,1,38
S01008798,502,289,61,228,213,18,21,28,127,0,1,18
S01008799,322,114,14,100,208,31,5,28,89,3,7,45
S01008800,651,362,27,335,289,10,7,42,200,0,4,26
S01008801,582,313,18,295,269,13,15,36,180,1,2,22
S01008802,614,343,33,310,271,20,17,30,179,0,4,21
S01008803,575,342,41,301,233,24,11,23,122,2,8,43
S01008804,332,190,15,175,142,11,9,21,80,0,2,19
S01008805,334,152,28,124,182,3,8,20,102,0,3,46
S01008806,558,250,21,229,308,13,9,40,193,4,7,42
S01008807,490,286,41,245,204,8,8,21,130,2,6,29
S01008808,391,198,53,145,193,7,18,28,115,1,1,23
S01008809,324,129,27,102,195,8,25,22,100,6,3,31
S01008810,383,162,24,138,221,11,11,32,122,3,4,38
S01008811,389,145,19,126,244,3,14,21,119,2,6,79
S01008812,260,120,17,103,140,5,9,15,79,1,2,29
S01008813,508,252,37,215,256,29,23,35,102,9,7,51
S01008814,403,148,22,126,255,19,28,29,114,4,16,45
S01008815,557,314,31,283,243,26,11,31,147,4,3,21
S01008816,321,176,34,142,145,8,20,12,91,3,2,9
S01008817,425,189,19,170,236,36,14,39,120,1,6,20
S01008818,371,124,20,104,247,29,13,48,112,5,11,29
S01008819,368,157,30,127,211,14,23,44,102,3,6,19
S01008820,616,315,64,251,301,36,16,59,140,3,11,36
S01008821,271,73,16,57,198,13,15,54,53,4,19,40
S01008822,286,74,28,46,212,5,32,43,60,15,21,36
S01008823,269,81,40,41,188,5,42,46,49,7,16,23
S01008824,510,232,67,165,278,11,54,65,99,3,7,39
S01008825,296,107,38,69,189,8,38,60,60,1,4,18
S01008826,378,204,37,167,174,7,21,31,87,3,9,16
S01008827,273,68,38,30,205,5,34,56,51,12,16,31
S01008828,439,177,63,114,262,11,50,58,85,7,6,45
S01008829,297,88,49,39,209,9,48,49,43,11,22,27
S01008830,334,138,73,65,196,8,36,56,60,8,5,23
S01008831,359,129,85,44,230,3,67,50,54,6,14,36
S01008832,350,140,45,95,210,10,66,34,61,7,7,25
S01008833,526,236,138,98,290,12,44,50,134,7,7,36
S01008834,519,200,79,121,319,5,63,73,107,6,18,47
S01008835,407,162,75,87,245,14,46,49,83,7,7,39
S01008836,413,251,49,202,162,8,18,29,79,2,10,16
S01008837,630,338,32,306,292,13,14,49,193,0,1,22
S01008838,606,324,58,266,282,9,24,34,175,2,8,30
S01008839,549,245,39,206,304,5,31,54,164,3,9,38
S01008840,510,189,45,144,321,10,34,63,133,6,10,65
S01008841,291,100,13,87,191,14,21,26,104,0,6,20
S01008842,433,140,12,128,293,18,13,35,171,4,6,46
S01008843,464,202,24,178,262,8,12,33,148,4,11,46
S01008844,355,131,12,119,224,14,10,26,129,2,4,39
S01008845,420,173,20,153,247,7,15,22,123,5,4,71
S01008846,386,154,29,125,232,8,16,30,109,4,9,56
S01008847,263,90,22,68,173,5,8,18,84,4,3,51
S01008848,384,159,25,134,225,6,14,24,123,2,5,51
S01008849,396,187,33,154,209,7,28,24,109,3,1,37
S01008850,401,159,37,122,242,7,35,26,103,6,7,58
S01008851,634,372,115,257,262,7,34,25,149,3,11,33
S01008852,503,202,46,156,301,5,68,50,125,5,9,39
S01008853,352,146,16,130,206,13,11,31,106,3,1,41
S01008854,483,226,38,188,257,8,23,31,119,2,5,69
S01008855,620,315,45,270,305,12,20,40,183,0,6,44
S01008856,296,118,13,105,178,9,12,22,103,2,7,23
S01008857,434,216,39,177,218,10,16,38,118,1,3,32
S01008858,328,177,41,136,151,7,20,19,82,2,6,15
S01008859,712,416,123,293,296,5,36,44,191,0,2,18
S01008860,500,246,46,200,254,5,29,33,139,4,7,37
S01008861,349,123,39,84,226,5,41,40,84,10,13,33
S01008862,561,318,37,281,243,7,26,25,159,2,0,24
S01008863,392,163,41,122,229,11,26,46,119,1,7,19
S01008864,410,212,94,118,198,5,20,43,106,5,8,11
S01008865,455,219,85,134,236,14,19,44,101,2,7,49
S01008866,467,237,47,190,230,8,19,38,144,5,6,10
S01008867,421,170,54,116,251,9,46,51,116,3,5,21
S01008868,391,180,17,163,211,2,13,16,126,2,8,44
S01008869,615,325,83,242,290,5,50,34,176,2,2,21
S01008870,426,187,32,155,239,11,45,34,130,3,3,13
S01008871,503,202,40,162,301,7,30,50,132,1,5,76
S01008872,401,151,28,123,250,4,24,42,118,0,6,56
S01008873,334,123,29,94,211,0,38,40,93,8,13,19
S01008874,514,277,82,195,237,10,36,41,122,1,3,24
S01008875,502,280,90,190,222,10,24,29,134,2,3,20
S01008876,291,130,93,37,161,4,36,41,39,2,10,29
S01008877,243,82,50,32,161,4,26,45,47,4,12,23
S01008878,459,173,86,87,286,23,79,53,85,4,7,35
S01008879,411,167,85,82,244,21,40,46,85,5,10,37
S01008880,291,116,41,75,175,8,29,39,57,5,12,25
S01008881,264,105,47,58,159,3,51,25,48,3,6,23
S01008882,401,113,43,70,288,6,48,70,86,17,22,39
S01008883,362,104,66,38,258,7,73,54,48,17,19,40
S01008884,316,98,74,24,218,0,78,35,47,11,18,29
S01008885,345,80,56,24,265,7,55,75,54,15,21,38
S01008886,425,197,67,130,228,16,42,36,85,4,11,34
S01008887,358,137,66,71,221,9,47,48,56,8,18,35
S01008888,373,212,44,168,161,7,20,34,90,0,0,10
S01008889,267,102,33,69,165,7,39,31,60,4,8,16
S01008890,308,75,46,29,233,4,65,45,65,7,16,31
S01008891,329,84,53,31,245,5,71,51,66,10,13,29
S01008892,533,265,155,110,268,15,54,45,105,9,9,31
S01008893,353,72,51,21,281,2,56,82,67,7,21,46
S01008894,337,64,43,21,273,5,66,62,61,18,13,48
S01008895,301,94,63,31,207,5,46,59,47,15,17,18
S01008896,208,36,23,13,172,7,28,60,36,14,8,19
S01008897,304,97,54,43,207,11,58,48,47,8,10,25
S01008898,331,55,39,16,276,3,75,65,58,14,20,41
S01008899,389,149,66,83,240,46,43,31,50,7,16,47
S01008900,415,138,63,75,277,34,39,38,64,8,17,77
S01008901,374,122,63,59,252,26,50,38,65,7,28,38
S01008902,485,193,64,129,292,44,43,56,71,6,13,59
S01008903,463,169,87,82,294,24,75,52,78,4,15,46
S01008904,431,137,42,95,294,56,20,43,73,9,22,71
S01008905,510,215,42,173,295,55,25,53,83,19,6,54
S01008906,386,171,13,158,215,49,12,33,65,8,16,32
S01008907,249,65,20,45,184,54,16,35,23,14,16,26
S01008908,421,137,39,98,284,53,41,37,92,7,20,34
S01008909,347,92,32,60,255,41,39,47,64,3,12,49
S01008910,211,70,26,44,141,20,15,28,42,4,10,22
S01008911,432,151,5,146,281,29,13,49,146,4,9,31
S01008912,333,88,42,46,245,5,41,70,70,8,14,37
S01008913,272,57,15,42,215,30,19,54,69,6,15,22
S01008914,398,132,67,65,266,10,69,43,67,9,17,51
S01008915,236,66,43,23,170,9,36,42,36,4,10,33
S01008916,593,302,151,151,291,50,54,51,75,10,8,43
S01008917,379,199,53,146,180,39,13,33,64,5,9,17
S01008918,293,130,10,120,163,56,10,41,35,2,7,12
S01008919,264,112,16,96,152,41,8,40,39,4,7,13
S01008920,586,235,24,211,351,24,11,66,219,2,3,26
S01008921,375,170,46,124,205,35,28,51,50,8,11,22
S01008922,400,173,80,93,227,41,29,40,68,2,12,35
S01008923,394,182,70,112,212,36,34,46,62,2,11,21
S01008924,372,100,36,64,272,57,19,50,60,11,27,48
S01008925,266,58,10,48,208,44,12,41,55,4,15,37
S01008926,242,55,15,40,187,19,16,38,57,7,16,34
S01008927,416,159,12,147,257,44,5,65,119,2,6,16
S01008928,298,96,33,63,202,16,52,31,62,3,8,30
S01008929,475,303,36,267,172,47,7,26,61,5,7,19
S01008930,427,173,59,114,254,70,19,49,53,7,17,39
S01008931,339,131,44,87,208,38,28,33,33,9,27,40
S01008932,404,127,28,99,277,52,18,61,93,3,13,37
S01008933,289,92,15,77,197,47,16,43,41,5,25,20
S01008934,354,135,37,98,219,43,21,47,59,10,16,23
S01008935,377,96,54,42,281,19,77,53,56,12,14,50
S01008936,157,35,20,15,122,1,30,40,23,8,8,12
S01008937,424,195,103,92,229,17,45,45,70,12,5,35
S01008938,285,57,38,19,228,3,64,57,34,15,20,35
S01008939,323,73,57,16,250,16,74,41,43,3,17,56
S01008940,255,47,31,16,208,4,79,35,44,12,11,23
S01008941,350,87,54,33,263,11,68,73,51,17,16,27
S01008942,333,125,52,73,208,14,42,42,56,9,16,29
S01008943,340,79,56,23,261,6,85,54,52,13,15,36
S01008944,429,113,73,40,316,13,97,53,77,19,25,32
S01008945,299,48,32,16,251,2,55,56,72,8,18,40
S01008946,397,113,69,44,284,5,89,37,72,13,19,49
S01008947,449,124,106,18,325,10,94,70,61,10,19,61
S01008948,285,71,35,36,214,6,34,49,61,9,17,38
S01008949,393,121,72,49,272,20,50,65,55,6,16,60
S01008950,420,153,86,67,267,14,62,56,55,6,23,51
S01008951,435,193,76,117,242,32,41,30,90,2,10,37
S01008952,421,193,59,134,228,42,23,34,81,4,10,34
S01008953,424,158,77,81,266,29,59,33,65,9,21,50
S01008954,434,211,111,100,223,13,52,46,56,8,6,42
S01008955,282,91,43,48,191,19,28,37,58,2,11,36
S01008956,406,147,31,116,259,16,26,53,98,6,16,44
S01008957,429,133,41,92,296,23,60,51,85,8,26,43
S01008958,404,228,104,124,176,25,21,37,60,3,6,24
S01008959,380,129,46,83,251,14,47,39,76,7,18,50
S01008960,328,62,7,55,266,12,11,85,83,12,27,36
S01008961,319,99,22,77,220,9,39,35,75,8,17,37
S01008962,275,72,36,36,203,9,38,41,65,5,6,39
S01008963,349,91,58,33,258,8,69,42,76,7,12,44
S01008964,211,42,32,10,169,3,59,33,30,4,13,27
S01008965,321,89,66,23,232,1,79,40,49,10,15,38
S01008966,252,68,49,19,184,3,46,48,46,3,10,28
S01008967,430,93,64,29,337,6,98,76,78,12,18,49
S01008968,398,78,48,30,320,8,88,71,65,11,13,64
S01008969,460,107,61,46,353,11,100,71,90,11,22,48
S01008970,438,113,63,50,325,8,68,72,98,12,14,53
S01008971,273,49,25,24,224,4,40,59,59,4,16,42
S01008972,304,68,30,38,236,5,56,58,50,14,12,41
S01008973,361,140,64,76,221,5,42,42,94,2,6,30
S01008974,374,121,76,45,253,26,57,44,86,4,7,29
S01008975,449,259,171,88,190,14,63,25,60,3,4,21
S01008976,212,51,29,22,161,0,36,35,39,9,10,32
S01008977,256,60,34,26,196,4,47,29,58,7,12,39
S01008978,252,73,25,48,179,17,33,33,49,3,17,27
S01008979,308,71,16,55,237,44,16,53,70,3,16,35
S01008980,334,79,20,59,255,44,22,62,60,8,14,45
S01008981,316,89,60,29,227,5,71,42,50,6,8,45
S01008982,352,115,39,76,237,38,30,45,67,6,9,42
S01008983,314,119,16,103,195,34,4,44,69,1,6,37
S01008984,227,63,20,43,164,32,18,45,41,1,9,18
S01008985,326,121,41,80,205,12,39,37,64,6,6,41
S01008986,343,88,58,30,255,9,67,52,64,8,13,42
S01008987,330,66,42,24,264,1,79,41,58,7,18,60
S01008988,481,198,82,116,283,16,68,47,101,7,14,30
S01008989,323,129,14,115,194,18,9,41,85,3,9,29
S01008990,383,167,25,142,216,16,13,47,97,2,8,33
S01008991,381,99,21,78,282,10,19,78,91,5,28,51
S01008992,270,102,40,62,168,6,33,32,52,2,7,36
S01008993,476,143,67,76,333,19,68,77,97,7,16,49
S01008994,337,98,34,64,239,24,54,42,59,6,17,37
S01008995,352,79,32,47,273,11,39,57,87,11,19,49
S01008996,251,72,36,36,179,14,42,18,54,4,8,39
S01008997,411,111,39,72,300,22,41,77,88,10,21,41
S01008998,236,70,15,55,166,21,11,35,27,7,25,40
S01008999,411,157,86,71,254,21,69,43,68,9,13,31
S01009000,393,95,48,47,298,9,71,60,88,11,12,47
S01009001,323,63,36,27,260,8,55,73,47,24,21,32
S01009002,348,104,48,56,244,12,45,69,66,10,15,27
S01009003,394,96,37,59,298,16,47,70,95,17,16,37
S01009004,270,58,26,32,212,19,33,46,57,7,11,39
S01009005,327,106,32,74,221,15,41,44,68,10,12,31
S01009006,318,80,39,41,238,21,46,56,57,8,14,36
S01009007,290,80,36,44,210,22,32,47,46,10,13,40
S01009008,445,153,67,86,292,10,75,57,101,4,12,33
S01009009,252,127,55,72,125,24,21,19,32,4,7,18
S01009010,404,84,18,66,320,22,37,71,96,8,22,64
S01009011,319,52,8,44,267,11,23,76,70,6,17,64
S01009012,296,55,16,39,241,6,36,58,73,10,11,47
S01009013,363,76,24,52,287,9,40,57,97,7,18,59
S01009014,284,127,48,79,157,13,28,26,35,13,16,26
S01009015,303,120,61,59,183,21,52,28,40,10,10,22
S01009016,250,97,49,48,153,8,45,26,36,7,11,20
S01009017,278,98,27,71,180,18,42,35,47,10,4,24
S01009018,326,109,35,74,217,22,39,28,64,11,13,40
S01009019,221,66,25,41,155,8,26,30,43,7,8,33
S01009020,366,130,49,81,236,19,25,56,84,11,18,23
S01009021,344,133,65,68,211,9,46,26,56,7,15,52
S01009022,447,190,101,89,257,12,69,38,71,3,14,50
S01009023,435,176,92,84,259,2,79,31,70,13,20,44
S01009024,476,198,112,86,278,11,81,38,77,10,17,44
S01009025,433,172,72,100,261,10,68,49,74,9,19,32
S01009026,411,132,59,73,279,11,71,47,75,4,13,58
S01009027,373,139,63,76,234,12,67,21,68,9,23,34
S01009028,232,97,44,53,135,0,32,21,35,7,8,32
S01009029,286,106,47,59,180,8,46,24,44,10,10,38
S01009030,321,105,43,62,216,13,44,27,55,11,17,49
S01009031,356,124,50,74,232,13,57,33,56,9,11,53
S01009032,299,102,59,43,197,10,49,25,49,8,14,42
S01009033,359,141,74,67,218,4,63,40,39,11,21,40
S01009034,283,80,45,35,203,11,57,24,36,19,15,41
S01009035,381,114,58,56,267,7,60,51,53,18,21,57
S01009036,437,144,55,89,293,18,39,77,70,18,28,43
S01009037,367,103,38,65,264,21,43,58,59,12,25,46
S01009038,440,117,41,76,323,19,62,60,84,14,29,55
S01009039,313,117,38,79,196,40,26,23,53,6,11,37
S01009040,338,178,84,94,160,21,29,24,42,2,18,24
S01009041,503,301,129,172,202,9,45,37,65,8,10,28
S01009042,401,170,66,104,231,25,36,52,59,2,16,41
S01009043,293,112,33,79,181,11,37,30,53,2,9,39
S01009044,412,177,95,82,235,24,58,38,61,7,6,41
S01009045,287,95,35,60,192,10,38,29,61,6,14,34
S01009046,363,112,46,66,251,11,53,43,57,14,26,47
S01009047,336,108,51,57,228,15,32,53,50,8,18,52
S01009048,348,100,50,50,248,5,49,50,60,14,14,56
S01009049,274,89,44,45,185,8,42,41,41,10,6,37
S01009050,370,129,57,72,241,11,56,48,76,5,11,34
S01009051,292,66,31,35,226,21,31,65,50,11,19,29
S01009052,305,123,58,65,182,11,45,26,51,0,9,40
S01009053,259,114,22,92,145,25,16,32,34,3,12,23
S01009054,249,65,29,36,184,13,29,31,56,6,17,32
S01009055,361,94,25,69,267,16,59,41,89,3,12,47
S01009056,217,55,20,35,162,17,20,23,43,7,18,34
S01009057,282,118,43,75,164,24,31,24,53,4,11,17
S01009058,385,149,57,92,236,14,57,48,63,4,10,40
S01009059,347,86,34,52,261,24,19,72,71,8,22,45
S01009060,188,21,6,15,167,2,14,55,46,8,21,21
S01009061,326,70,29,41,256,23,33,61,69,5,18,47
S01009062,298,99,45,54,199,20,40,26,55,9,10,39
S01009063,291,62,38,24,229,8,48,36,54,8,21,54
S01009064,264,82,33,49,182,24,38,35,43,4,9,29
S01009065,328,133,55,78,195,35,32,32,46,9,15,26
S01009066,319,108,45,63,211,12,48,33,56,5,9,48
S01009067,302,46,13,33,256,7,18,86,64,10,24,47
S01009068,386,108,43,65,278,37,48,44,62,8,20,59
S01009069,249,48,17,31,201,5,21,42,72,6,13,42
S01009070,269,64,18,46,205,12,40,26,69,8,18,32
S01009071,228,67,30,37,161,16,32,30,50,5,7,21
S01009072,199,38,14,24,161,11,27,48,27,7,12,29
S01009073,251,67,37,30,184,25,31,30,46,3,14,35
S01009074,290,60,22,38,230,24,45,40,48,7,14,52
S01009075,233,70,37,33,163,8,25,32,48,4,11,35
S01009076,381,90,16,74,291,12,26,65,105,5,18,60
S01009077,259,60,19,41,199,11,41,30,51,9,14,43
S01009078,271,22,4,18,249,11,9,92,74,17,19,27
S01009079,388,143,80,63,245,21,37,39,78,5,17,48
S01009080,430,140,64,76,290,38,53,44,81,6,18,50
S01009081,311,102,46,56,209,9,45,34,72,6,8,35
S01009082,426,144,61,83,282,22,40,50,77,9,29,55
S01009083,349,98,29,69,251,29,49,40,83,5,16,29
S01009084,177,28,6,22,149,8,10,42,46,14,7,22
S01009085,280,38,1,37,242,6,7,99,63,24,19,24
S01009086,305,73,26,47,232,25,42,48,64,10,12,31
S01009087,247,65,19,46,182,16,34,27,51,7,12,35
S01009088,385,64,32,32,321,7,65,58,87,17,22,65
S01009089,325,41,7,34,284,7,26,121,50,15,28,37
S01009090,333,89,7,82,244,13,13,81,110,8,7,12
S01009091,223,22,3,19,201,7,8,77,41,19,28,21
S01009092,482,149,74,75,333,24,73,68,101,5,17,45
S01009093,343,102,31,71,241,43,29,45,69,9,15,31
S01009094,290,59,48,11,231,5,83,35,51,9,14,34
S01009095,360,138,51,87,222,11,43,44,65,5,19,35
S01009096,384,104,33,71,280,22,29,89,84,11,20,25
S01009097,347,74,20,54,273,5,31,87,76,7,24,43
S01009098,190,26,12,14,164,2,35,32,47,5,15,28
S01009099,384,172,88,84,212,11,47,37,62,5,13,37
S01009100,397,185,109,76,212,33,33,41,61,8,8,28
S01009101,369,90,46,44,279,26,45,43,65,6,22,72
S01009102,317,69,22,47,248,45,20,48,65,12,26,32
S01009103,246,65,38,27,181,5,42,26,52,6,13,37
S01009104,352,108,49,59,244,23,46,42,74,2,19,38
S01009105,337,95,44,51,242,19,38,52,68,10,15,40
S01009106,264,92,40,52,172,12,36,45,51,4,3,21
S01009107,333,63,32,31,270,11,37,69,77,9,19,48
S01009108,313,81,36,45,232,6,59,42,68,5,8,44
S01009109,263,41,15,26,222,4,40,48,61,3,15,51
S01009110,263,75,36,39,188,12,48,38,41,6,9,34
S01009111,372,123,34,89,249,16,19,61,78,4,22,49
S01009112,238,55,32,23,183,3,44,44,48,4,9,31
S01009113,381,118,36,82,263,13,57,52,79,4,24,34
S01009114,303,69,23,46,234,16,22,59,63,5,25,44
S01009115,259,82,18,64,177,13,25,39,54,3,18,25
S01009116,191,36,14,22,155,6,34,16,44,3,14,38
S01009117,391,133,43,90,258,31,29,72,78,6,12,30
S01009118,215,29,8,21,186,7,15,60,38,7,27,32
S01009119,297,76,37,39,221,23,31,41,44,8,16,58
S01009120,233,70,25,45,163,15,27,34,40,1,9,37
S01009121,380,120,40,80,260,22,55,46,82,7,6,42
S01009122,417,131,53,78,286,21,50,44,99,8,14,50
S01009123,215,35,9,26,180,8,19,58,51,3,19,22
S01009124,217,39,14,25,178,19,17,62,45,11,7,17
S01009125,301,83,36,47,218,17,57,35,66,4,10,29
S01009126,281,123,31,92,158,33,19,30,37,6,16,17
S01009127,269,86,19,67,183,38,17,39,42,12,8,27
S01009128,467,250,107,143,217,43,30,40,65,1,6,32
S01009129,205,70,26,44,135,18,13,17,35,8,12,32
S01009130,271,84,22,62,187,23,20,44,45,11,15,29
S01009131,260,119,46,73,141,21,23,21,46,1,12,17
S01009132,329,68,11,57,261,27,24,68,84,7,18,33
S01009133,301,134,36,98,167,20,20,33,63,3,4,24
S01009134,409,120,51,69,289,17,59,49,87,11,19,47
S01009135,264,110,10,100,154,10,5,45,58,7,13,16
S01009136,275,71,27,44,204,9,18,61,66,7,18,25
S01009137,203,15,2,13,188,8,5,72,51,12,13,27
S01009138,395,138,28,110,257,7,33,62,95,9,14,37
S01009139,239,122,17,105,117,21,11,20,54,0,5,6
S01009140,381,190,49,141,191,13,27,31,73,4,12,31
S01009141,473,278,78,200,195,14,25,45,86,7,2,16
S01009142,393,258,62,196,135,6,24,15,65,4,6,15
S01009143,312,146,67,79,166,27,36,24,41,4,9,25
S01009144,306,83,5,78,223,21,10,39,117,7,14,15
S01009145,497,163,66,97,334,30,95,56,78,6,23,46
S01009146,417,141,46,95,276,33,35,49,90,6,15,48
S01009147,353,98,37,61,255,40,49,46,48,10,21,41
S01009148,260,46,21,25,214,24,40,29,43,8,25,45
S01009149,384,138,47,91,246,11,46,51,93,3,10,32
S01009150,574,409,312,97,165,0,132,2,25,0,0,6
S01009151,474,230,150,80,244,10,79,37,67,10,12,29
S01009152,462,296,115,181,166,16,68,9,62,2,2,7
S01009153,266,132,25,107,134,4,27,19,63,4,3,14
S01009154,438,171,82,89,267,2,65,47,96,4,18,35
S01009155,234,67,23,44,167,6,41,38,46,10,6,20
S01009156,247,77,42,35,170,4,41,34,52,4,10,25
S01009157,366,110,60,50,256,23,50,54,60,3,21,45
S01009158,277,97,59,38,180,26,28,32,63,2,7,22
S01009159,250,99,30,69,151,38,18,20,38,5,5,27
S01009160,327,146,32,114,181,23,32,26,64,3,8,25
S01009161,349,158,65,93,191,33,41,28,59,1,6,23
S01009162,436,249,70,179,187,11,35,24,90,6,5,16
S01009163,233,100,41,59,133,10,31,15,41,1,9,26
S01009164,307,71,38,33,236,25,36,49,57,6,13,50
S01009165,324,106,33,73,218,24,32,32,70,7,17,36
S01009166,399,147,53,94,252,39,35,39,83,9,12,35
S01009167,198,35,17,18,163,18,20,29,36,11,15,34
S01009168,297,94,40,54,203,2,56,30,68,4,9,34
S01009169,420,207,149,58,213,18,71,24,54,1,8,37
S01009170,282,67,21,46,215,20,33,54,59,7,10,32
S01009171,297,98,16,82,199,22,20,50,55,6,7,39
S01009172,288,83,39,44,205,2,42,51,60,2,15,33
S01009173,309,60,28,32,249,11,44,49,76,10,16,43
S01009174,162,17,3,14,145,2,2,73,35,3,13,17
S01009175,300,40,3,37,260,17,13,88,71,6,20,45
S01009176,400,97,61,36,303,3,81,86,57,4,20,52
S01009177,367,114,21,93,253,49,23,32,82,10,15,42
S01009178,320,94,17,77,226,45,18,47,63,8,14,31
S01009179,273,63,15,48,210,22,24,38,58,8,13,47
S01009180,437,133,43,90,304,31,55,54,81,11,17,55
S01009181,361,100,47,53,261,22,51,53,60,8,22,45
S01009182,419,108,40,68,311,23,47,69,88,8,30,46
S01009183,267,36,13,23,231,10,20,48,68,5,25,55
S01009184,376,113,48,65,263,28,53,54,65,12,11,40
S01009185,354,92,44,48,262,31,34,32,71,14,24,56
S01009186,312,69,30,39,243,13,46,38,59,11,22,54
S01009187,215,51,21,30,164,5,33,36,54,4,10,22
S01009188,383,102,46,56,281,25,41,48,96,10,19,42
S01009189,336,113,51,62,223,25,33,34,59,16,20,36
S01009190,309,54,18,36,255,9,30,68,83,14,16,35
S01009191,229,18,1,17,211,12,4,82,38,21,18,36
S01009192,258,55,30,25,203,7,44,46,52,6,14,34
S01009193,127,31,1,30,96,3,5,31,36,4,5,12
S01009194,323,50,25,25,273,9,63,46,82,6,15,52
S01009195,353,90,26,64,263,10,34,98,71,4,16,30
S01009196,298,89,61,28,209,8,39,34,50,8,16,54
S01009197,401,69,30,39,332,16,41,114,97,7,12,45
S01009198,306,72,38,34,234,12,46,50,63,0,21,42
S01009199,248,59,29,30,189,6,30,59,54,5,9,26
S01009200,439,80,33,47,359,21,66,93,94,22,21,42
S01009201,268,72,15,57,196,22,21,37,63,5,13,35
S01009202,190,28,14,14,162,5,23,44,45,8,12,25
S01009203,269,80,40,40,189,26,40,34,38,10,10,31
S01009204,343,68,20,48,275,31,27,54,78,9,26,50
S01009205,307,88,21,67,219,4,23,42,84,3,12,51
S01009206,362,106,21,85,256,7,38,61,87,1,11,51
S01009207,375,121,40,81,254,4,76,34,89,2,10,39
S01009208,294,101,55,46,193,6,55,27,53,8,13,31
S01009209,304,115,51,64,189,6,50,25,68,3,6,31
S01009210,234,41,22,19,193,7,38,45,67,1,7,28
S01009211,259,59,19,40,200,14,31,38,66,7,18,26
S01009212,363,101,49,52,262,22,58,38,72,8,14,50
S01009213,355,105,51,54,250,22,31,55,60,6,16,60
S01009214,397,85,36,49,312,19,51,74,92,4,15,57
S01009215,439,160,69,91,279,22,53,56,89,8,19,32
S01009216,397,114,53,61,283,17,52,46,92,6,17,53
S01009217,279,91,29,62,188,38,23,34,50,2,13,28
S01009218,395,136,85,51,259,10,72,39,81,4,13,40
S01009219,313,125,59,66,188,16,42,29,52,0,13,36
S01009220,264,83,41,42,181,33,44,27,47,2,7,21
S01009221,239,69,40,29,170,11,30,29,43,10,14,33
S01009222,238,80,32,48,158,26,24,27,40,7,9,25
S01009223,244,74,41,33,170,11,40,32,40,2,11,34
S01009224,277,85,39,46,192,18,30,36,57,4,14,33
S01009225,268,108,65,43,160,9,33,31,54,3,9,21
S01009226,507,242,100,142,265,22,62,58,87,0,5,31
S01009227,355,201,114,87,154,12,33,22,62,1,6,18
S01009228,313,149,64,85,164,17,32,34,45,4,9,23
S01009229,293,125,49,76,168,15,45,27,46,8,8,19
S01009230,319,162,30,132,157,14,22,31,70,5,4,11
S01009231,437,136,57,79,301,14,57,59,95,5,18,53
S01009232,309,147,27,120,162,44,19,25,42,4,6,22
S01009233,267,99,58,41,168,3,51,23,41,5,13,32
S01009234,476,179,39,140,297,61,30,62,75,13,21,35
S01009235,457,178,50,128,279,38,45,42,95,9,14,36
S01009236,224,67,43,24,157,6,47,23,42,6,4,29
S01009237,378,118,61,57,260,5,60,42,84,6,18,45
S01009238,335,101,46,55,234,22,69,36,51,4,14,38
S01009239,420,169,69,100,251,29,33,54,81,8,19,27
S01009240,387,217,54,163,170,46,17,30,50,6,6,15
S01009241,453,204,66,138,249,46,50,52,46,4,16,35
S01009242,321,98,36,62,223,2,60,40,55,3,12,51
S01009243,398,91,20,71,307,26,33,64,92,18,20,54
S01009244,337,67,35,32,270,5,67,49,74,6,13,56
S01009245,361,97,31,66,264,7,64,51,70,6,13,53
S01009246,383,135,67,68,248,17,53,56,73,1,12,36
S01009247,429,96,55,41,333,37,49,57,107,8,18,57
S01009248,300,73,38,35,227,15,56,30,68,6,8,44
S01009249,375,137,54,83,238,24,33,47,69,11,11,43
S01009250,278,74,33,41,204,15,50,40,53,5,9,32
S01009251,221,50,26,24,171,5,31,26,49,4,19,37
S01009252,163,23,4,19,140,1,8,47,33,9,14,28
S01009253,239,96,60,36,143,16,45,18,32,4,10,18
S01009254,371,114,54,60,257,30,47,49,79,9,13,30
S01009255,376,209,56,153,167,19,13,32,84,2,6,11
S01009256,222,59,27,32,163,9,42,37,45,0,7,23
S01009257,330,128,37,91,202,15,40,30,81,4,8,24
S01009258,282,80,41,39,202,5,41,29,80,5,17,25
S01009259,380,79,44,35,301,9,59,69,90,7,23,44
S01009260,526,188,48,140,338,19,49,81,115,4,18,52
S01009261,386,162,69,93,224,30,46,31,76,6,4,31
S01009262,293,117,49,68,176,43,25,35,40,6,6,21
S01009263,365,109,14,95,256,22,20,78,95,4,12,25
S01009264,231,55,30,25,176,4,46,24,58,0,11,33
S01009265,376,138,65,73,238,22,50,35,70,4,16,41
S01009266,374,98,46,52,276,21,67,51,65,6,9,57
S01009267,377,136,45,91,241,21,49,41,74,6,14,36
S01009268,431,108,41,67,323,42,53,64,102,15,16,31
S01009269,351,89,37,52,262,37,37,51,49,14,24,50
S01009270,306,125,49,76,181,32,38,19,56,4,5,27
S01009271,349,57,18,39,292,7,49,50,97,5,29,55
S01009272,264,48,23,25,216,16,27,36,62,14,19,42
S01009273,211,47,31,16,164,1,44,24,58,4,5,28
S01009274,255,56,31,25,199,11,51,27,51,6,25,28
S01009275,244,63,19,44,181,6,30,30,63,8,14,30
S01009276,373,79,36,43,294,14,71,50,77,4,16,62
S01009277,218,38,13,25,180,3,37,28,70,6,8,28
S01009278,235,54,28,26,181,9,32,57,56,5,4,18
S01009279,283,105,38,67,178,10,34,31,63,2,12,26
S01009280,406,139,65,74,267,54,46,42,54,12,13,46
S01009281,375,115,38,77,260,34,57,48,63,5,15,38
S01009282,346,111,47,64,235,16,37,37,92,3,18,32
S01009283,180,36,10,26,144,4,19,37,56,7,7,14
S01009284,311,58,24,34,253,10,29,68,68,6,23,49
S01009285,350,71,23,48,279,25,34,66,64,8,29,53
S01009286,351,107,42,65,244,13,70,29,82,1,15,34
S01009287,339,87,56,31,252,8,83,43,71,9,12,26
S01009288,392,131,70,61,261,7,84,52,73,7,13,25
S01009289,409,117,63,54,292,9,79,44,100,4,11,45
S01009290,288,79,58,21,209,5,58,38,59,11,10,28
S01009291,394,72,33,39,322,11,61,60,99,7,27,57
S01009292,228,72,30,42,156,13,25,28,47,2,13,28
S01009293,297,77,38,39,220,15,28,41,72,14,11,39
S01009294,192,38,15,23,154,7,21,26,43,11,16,30
S01009295,264,56,14,42,208,7,41,27,77,5,12,39
S01009296,187,23,8,15,164,3,30,37,40,1,13,40
S01009297,328,63,14,49,265,8,39,66,77,4,17,54
S01009298,553,276,126,150,277,31,53,43,105,4,10,31
S01009299,484,214,84,130,270,16,38,59,107,7,19,24
S01009300,287,145,31,114,142,15,19,21,61,3,8,15
S01009301,551,302,65,237,249,43,30,45,103,4,5,19
S01009302,450,204,35,169,246,55,24,31,96,5,11,24
S01009303,322,97,49,48,225,4,50,47,72,6,10,36
S01009304,395,97,45,52,298,16,59,61,78,16,13,55
S01009305,412,193,68,125,219,14,41,37,94,3,7,23
S01009306,565,243,46,197,322,46,36,60,126,10,13,31
S01009307,544,273,43,230,271,21,39,35,120,5,12,39
S01009308,304,180,41,139,124,13,17,24,52,4,6,8
S01009309,400,205,35,170,195,13,25,42,82,4,10,19
S01009310,399,115,35,80,284,5,64,48,94,7,21,45
S01009311,274,53,30,23,221,18,29,39,56,11,28,40
S01009312,366,182,45,137,184,13,18,29,91,3,3,27
S01009313,285,133,40,93,152,16,34,25,45,1,16,15
S01009314,258,42,20,22,216,5,44,38,70,6,14,39
S01009315,270,81,33,48,189,19,30,28,55,5,14,38
S01009316,326,110,35,75,216,4,36,49,63,7,16,41
S01009317,358,79,39,40,279,7,59,45,96,8,18,46
S01009318,236,34,17,17,202,7,36,36,63,8,16,36
S01009319,416,114,82,32,302,3,105,53,84,7,15,35
S01009320,352,149,103,46,203,12,42,51,59,5,10,24
S01009321,295,68,28,40,227,4,68,44,64,6,16,25
S01009322,355,86,38,48,269,9,72,46,88,8,13,33
S01009323,327,136,60,76,191,20,49,22,61,2,9,28
S01009324,256,85,34,51,171,21,28,25,64,1,5,27
S01009325,308,82,21,61,226,17,23,79,67,10,8,22
S01009326,210,32,7,25,178,25,9,56,44,12,11,21
S01009327,258,57,34,23,201,11,68,28,55,6,11,22
S01009328,237,25,1,24,212,0,3,93,74,18,7,17
S01009329,203,67,3,64,136,14,6,37,63,7,2,7
S01009330,183,27,3,24,156,18,4,56,48,9,8,13
S01009331,180,15,1,14,165,4,8,65,36,11,22,19
S01009332,333,49,24,25,284,7,46,65,88,13,17,48
S01009333,355,145,59,86,210,24,30,42,67,10,13,24
S01009334,310,126,47,79,184,30,30,22,53,10,10,29
S01009335,337,109,35,74,228,19,37,36,66,6,20,44
S01009336,318,116,32,84,202,56,31,31,45,1,11,27
S01009337,318,99,30,69,219,33,23,43,65,11,14,30
S01009338,401,217,75,142,184,13,35,29,60,5,12,30
S01009339,391,155,44,111,236,53,28,37,56,16,18,28
S01009340,283,102,46,56,181,28,27,28,51,5,12,30
S01009341,270,96,39,57,174,12,34,22,53,6,12,35
S01009342,333,95,39,56,238,21,44,50,71,5,7,40
S01009343,242,60,18,42,182,18,19,38,60,9,13,25
S01009344,288,84,42,42,204,21,47,33,59,3,14,27
S01009345,379,77,30,47,302,36,45,60,81,7,23,50
S01009346,228,15,3,12,213,6,7,96,54,19,15,16
S01009347,216,12,2,10,204,5,9,96,43,15,13,23
S01009348,161,12,2,10,149,3,3,72,33,7,13,18
S01009349,288,45,6,39,243,12,3,82,82,31,11,22
S01009350,240,54,11,43,186,20,7,61,56,11,16,15
S01009351,213,57,3,54,156,5,3,48,68,13,11,8
S01009352,290,41,7,34,249,17,5,95,91,11,12,18
S01009353,147,18,2,16,129,6,9,44,47,7,5,11
S01009354,297,28,3,25,269,9,9,104,67,23,20,37
S01009355,367,82,40,42,285,9,59,55,92,3,13,54
S01009356,411,90,47,43,321,11,72,49,100,7,15,67
S01009357,179,19,1,18,160,9,16,51,56,5,6,17
S01009358,256,28,12,16,228,3,36,72,57,6,18,36
S01009359,277,29,2,27,248,14,15,88,80,5,16,30
S01009360,376,119,54,65,257,14,51,48,80,4,19,41
S01009361,342,103,46,57,239,11,51,41,70,5,19,42
S01009362,417,79,41,38,338,10,86,59,90,7,20,66
S01009363,373,103,40,63,270,18,59,59,80,7,8,39
S01009364,325,61,15,46,264,15,29,46,78,13,18,65
S01009365,277,99,38,61,178,19,34,28,60,3,6,28
S01009366,351,121,65,56,230,22,45,40,67,6,11,39
S01009367,296,101,39,62,195,22,33,40,59,4,12,25
S01009368,211,34,11,23,177,18,21,32,43,6,18,39
S01009369,255,73,34,39,182,15,35,39,39,6,13,35
S01009370,381,103,47,56,278,16,62,41,88,3,7,61
S01009371,242,74,32,42,168,13,29,30,63,4,7,22
S01009372,219,62,24,38,157,13,22,24,42,7,10,39
S01009373,398,158,54,104,240,33,37,52,82,4,11,21
S01009374,432,191,107,84,241,15,44,42,74,4,14,48
S01009375,337,89,35,54,248,32,39,46,63,11,11,46
S01009376,271,102,45,57,169,13,34,30,45,6,9,32
S01009377,373,83,4,79,290,36,8,79,95,21,19,32
S01009378,388,83,20,63,305,53,26,66,75,10,31,44
S01009379,337,51,7,44,286,26,9,92,73,22,23,41
S01009380,200,28,4,24,172,4,9,49,58,6,13,33
S01009381,284,83,21,62,201,9,19,42,83,2,12,34
S01009382,377,140,77,63,237,14,46,33,78,7,14,45
S01009383,439,213,44,169,226,29,37,40,79,5,10,26
S01009384,248,60,26,34,188,3,48,40,69,6,9,13
S01009385,220,54,28,26,166,14,26,31,63,2,8,22
S01009386,279,68,29,39,211,10,55,41,53,9,12,31
S01009387,260,64,26,38,196,24,37,33,56,9,6,31
S01009388,423,157,35,122,266,63,26,64,61,9,12,31
S01009389,460,186,64,122,274,11,76,39,89,2,17,40
S01009390,270,45,15,30,225,9,15,80,48,18,23,32
S01009391,259,41,4,37,218,8,10,89,70,8,10,23
S01009392,193,24,5,19,169,5,9,74,42,20,9,10
S01009393,265,46,19,27,219,11,31,47,60,6,15,49
S01009394,451,188,54,134,263,18,52,51,93,12,13,24
S01009395,305,73,51,22,232,7,73,27,76,9,8,32
S01009396,301,50,24,26,251,4,69,41,84,7,15,31
S01009397,330,113,45,68,217,10,47,31,77,7,11,34
S01009398,308,97,28,69,211,13,31,47,70,8,12,30
S01009399,311,84,45,39,227,4,52,38,74,10,8,41
S01009400,221,58,36,22,163,11,34,31,41,3,9,34
S01009401,284,57,35,22,227,6,79,36,45,7,12,42
S01009402,397,92,61,31,305,9,85,53,82,12,19,45
S01009403,206,38,15,23,168,11,20,47,49,3,10,28
S01009404,232,62,22,40,170,25,25,19,51,5,13,32
S01009405,157,28,13,15,129,1,35,22,27,6,12,26
S01009406,429,153,66,87,276,18,43,57,98,6,15,39
S01009407,227,61,23,38,166,8,40,31,59,3,10,15
S01009408,307,62,15,47,245,15,34,51,91,4,16,34
S01009409,308,95,53,42,213,17,58,35,57,7,9,30
S01009410,351,97,28,69,254,20,28,53,63,10,21,59
S01009411,364,108,44,64,256,16,37,48,74,16,24,41
S01009412,407,156,60,96,251,19,49,46,75,9,12,41
S01009413,456,161,74,87,295,11,56,54,88,8,19,59
S01009414,292,70,42,28,222,17,46,27,73,10,10,39
S01009415,386,163,58,105,223,20,37,32,70,5,24,35
S01009416,201,32,21,11,169,8,29,30,39,4,16,43
S01009417,114,14,1,13,100,5,10,37,31,1,2,14
S01009418,517,189,88,101,328,16,66,58,100,6,17,65
S01009419,245,75,34,41,170,14,29,39,43,6,16,23
S01009420,253,66,21,45,187,25,21,35,44,9,22,31
S01009421,295,73,25,48,222,28,40,38,57,13,13,33
S01009422,369,106,48,58,263,18,62,49,78,7,13,36
S01009423,336,45,7,38,291,10,17,85,95,16,25,43
S01009424,250,75,33,42,175,4,34,38,62,1,13,23
S01009425,372,134,54,80,238,21,67,30,73,6,6,35
S01009426,415,183,84,99,232,36,48,31,75,5,8,29
S01009427,326,153,70,83,173,29,37,33,45,6,1,22
S01009428,235,51,19,32,184,29,27,39,43,6,12,28
S01009429,341,126,67,59,215,27,52,29,55,4,17,31
S01009430,338,120,67,53,218,29,32,36,57,5,12,47
S01009431,330,122,54,68,208,28,47,36,58,4,10,25
S01009432,321,85,31,54,236,34,34,38,49,12,19,50
S01009433,330,92,41,51,238,32,30,46,56,11,18,45
S01009434,248,83,33,50,165,22,36,22,40,6,9,30
S01009435,347,122,37,85,225,49,26,36,54,10,20,30
S01009436,298,81,32,49,217,25,29,38,68,14,14,29
S01009437,318,121,61,60,197,11,39,44,51,3,17,32
S01009438,410,157,77,80,253,21,53,39,72,9,19,40
S01009439,386,97,45,52,289,37,48,48,75,12,13,56
S01009440,328,137,56,81,191,22,55,38,46,4,5,21
S01009441,370,117,38,79,253,54,38,46,54,9,17,35
S01009442,216,41,11,30,175,8,21,48,54,8,12,24
S01009443,288,80,32,48,208,16,39,33,57,9,15,39
S01009444,305,46,24,22,259,7,35,48,76,13,26,54
S01009445,320,80,40,40,240,17,38,40,65,7,21,52
S01009446,471,231,97,134,240,45,36,39,70,8,9,33
S01009447,238,84,27,57,154,18,33,18,49,2,7,27
S01009448,343,78,35,43,265,18,34,50,92,11,15,45
S01009449,231,69,38,31,162,13,34,32,41,6,7,29
S01009450,307,127,39,88,180,44,23,33,48,6,3,23
S01009451,427,127,51,76,300,43,37,56,80,15,22,47
S01009452,269,120,52,68,149,19,28,29,45,2,4,22
S01009453,493,202,78,124,291,38,48,46,87,2,14,56
S01009454,397,119,54,65,278,16,52,69,90,6,11,34
S01009455,386,118,57,61,268,5,73,35,87,14,17,37
S01009456,358,159,62,97,199,21,38,27,76,5,3,29
S01009457,254,59,26,33,195,6,51,35,65,7,11,20
S01009458,332,140,63,77,192,17,40,43,61,3,10,18
S01009459,457,223,86,137,234,20,40,49,74,10,11,30
S01009460,399,152,47,105,247,45,22,63,72,11,12,22
S01009461,201,19,3,16,182,7,10,61,63,12,12,17
S01009462,292,78,51,27,214,13,48,42,58,11,11,31
S01009463,306,86,45,41,220,17,63,33,59,6,6,36
S01009464,378,111,54,57,267,16,58,59,76,10,11,37
S01009465,269,92,47,45,177,13,40,33,38,9,13,31
S01009466,256,64,37,27,192,5,62,30,52,3,10,30
S01009467,330,76,40,36,254,13,64,51,70,4,14,38
S01009468,385,177,75,102,208,13,53,42,57,5,9,29
S01009469,393,151,73,78,242,18,52,33,85,8,12,34
S01009470,232,78,38,40,154,18,43,22,45,2,5,19
S01009471,414,250,133,117,164,14,43,21,56,5,3,22
S01009472,435,162,50,112,273,52,37,51,72,13,12,36
S01009473,464,203,52,151,261,40,36,50,82,10,15,28
S01009474,403,149,31,118,254,31,26,63,73,13,20,28
S01009475,222,41,14,27,181,13,26,41,61,9,14,17
S01009476,169,35,8,27,134,3,12,50,29,7,14,19
S01009477,358,169,74,95,189,16,28,37,60,6,13,29
S01009478,480,239,48,191,241,26,25,35,119,4,10,22
S01009479,420,194,66,128,226,10,42,38,95,4,7,30
S01009480,420,162,97,65,258,7,67,46,97,4,9,28
S01009481,489,242,63,179,247,20,48,38,86,6,9,40
S01009482,332,164,26,138,168,16,26,30,77,1,6,12
S01009483,403,204,31,173,199,21,26,34,87,7,10,14
S01009484,427,226,95,131,201,19,52,36,63,2,8,21
S01009485,362,133,74,59,229,20,54,33,55,6,23,38
S01009486,313,98,59,39,215,13,72,29,53,3,10,35
S01009487,385,134,64,70,251,25,70,44,61,5,10,36
S01009488,267,64,36,28,203,13,37,49,37,12,15,40
S01009489,389,165,55,110,224,30,55,35,58,8,12,26
S01009490,394,129,42,87,265,58,37,47,73,9,11,30
S01009491,332,120,64,56,212,21,59,31,55,7,7,32
S01009492,310,78,32,46,232,20,42,40,57,6,17,50
S01009493,366,88,70,18,278,2,96,43,76,8,11,42
S01009494,387,98,22,76,289,13,44,82,81,12,17,40
S01009495,375,89,29,60,286,11,45,54,104,8,21,43
S01009496,371,129,59,70,242,15,58,35,81,9,16,28
S01009497,426,105,41,64,321,24,72,67,101,3,15,39
S01009498,276,49,30,19,227,7,69,29,70,5,9,38
S01009499,357,104,44,60,253,18,57,33,81,9,15,40
S01009500,382,142,72,70,240,37,42,41,70,8,12,30
S01009501,315,122,62,60,193,19,41,31,53,4,17,28
S01009502,374,115,41,74,259,29,39,51,81,5,16,38
S01009503,338,114,57,57,224,29,38,42,66,7,11,31
S01009504,314,125,33,92,189,33,22,34,44,13,18,25
S01009505,355,108,29,79,247,67,29,48,50,11,13,29
S01009506,348,123,46,77,225,51,30,40,62,4,9,29
S01009507,346,76,28,48,270,21,39,67,72,14,25,32
S01009508,397,135,42,93,262,54,35,52,61,7,11,42
S01009509,421,143,66,77,278,32,42,51,60,13,23,57
S01009510,301,75,47,28,226,10,56,29,65,6,12,48
S01009511,257,59,45,14,198,6,60,27,45,2,10,48
S01009512,313,57,34,23,256,12,55,56,69,6,10,48
S01009513,245,49,28,21,196,11,49,28,58,4,9,37
S01009514,282,46,16,30,236,7,51,45,74,7,10,42
S01009515,362,136,73,63,226,19,63,32,61,11,10,30
S01009516,399,131,83,48,268,11,80,45,81,8,10,33
S01009517,347,54,8,46,293,20,9,106,87,12,27,32
S01009518,319,44,2,42,275,12,5,112,76,17,18,35
S01009519,195,44,11,33,151,4,26,31,45,4,15,26
S01009520,328,70,17,53,258,17,33,52,76,12,19,49
S01009521,363,95,56,39,268,30,75,31,53,9,24,46
S01009522,376,70,16,54,306,52,36,50,76,22,23,47
S01009523,263,92,46,46,171,19,28,31,43,2,18,30
S01009524,341,150,45,105,191,27,27,43,67,9,4,14
S01009525,254,95,35,60,159,23,36,16,38,4,9,33
S01009526,365,156,31,125,209,15,31,36,109,2,3,13
S01009527,384,216,71,145,168,7,29,21,84,5,4,18
S01009528,355,228,128,100,127,6,54,12,45,0,3,7
S01009529,247,84,38,46,163,1,43,24,45,6,12,32
S01009530,255,63,42,21,192,3,50,33,63,6,4,33
S01009531,432,208,95,113,224,28,45,43,67,5,8,28
S01009532,437,195,98,97,242,19,91,30,65,1,2,34
S01009533,440,223,72,151,217,35,27,36,87,7,5,20
S01009534,427,200,62,138,227,52,32,40,61,6,16,20
S01009535,297,136,27,109,161,34,9,38,35,7,11,27
S01009536,228,73,30,43,155,21,25,39,28,11,11,20
S01009537,280,124,46,78,156,20,43,20,43,5,11,14
S01009538,401,221,55,166,180,23,23,33,67,6,5,23
S01009539,389,107,62,45,282,19,61,38,99,6,16,43
S01009540,459,235,63,172,224,20,47,43,74,1,9,30
S01009541,321,87,29,58,234,14,50,39,75,6,13,37
S01009542,380,171,40,131,209,39,27,47,57,11,8,20
S01009543,279,115,56,59,164,4,48,18,58,2,7,27
S01009544,432,170,73,97,262,13,64,44,98,7,14,22
S01009545,344,92,48,44,252,26,55,42,66,5,16,42
S01009546,414,102,33,69,312,25,33,77,114,10,14,39
S01009547,337,98,32,66,239,43,36,28,78,6,12,36
S01009548,317,106,55,51,211,21,38,35,60,9,9,39
S01009549,348,101,43,58,247,19,44,39,82,9,15,39
S01009550,208,48,25,23,160,13,30,31,34,3,18,31
S01009551,229,65,26,39,164,15,34,40,39,5,9,22
S01009552,398,113,61,52,285,20,73,40,85,6,19,42
S01009553,421,162,55,107,259,34,49,53,77,2,16,28
S01009554,311,121,36,85,190,19,36,21,59,6,14,35
S01009555,364,142,53,89,222,21,46,35,68,4,14,34
S01009556,338,92,27,65,246,42,37,43,66,7,12,39
S01009557,300,94,27,67,206,20,30,44,68,12,9,23
S01009558,291,83,26,57,208,36,31,42,50,8,9,32
S01009559,374,124,40,84,250,29,37,53,62,8,17,44
S01009560,351,124,38,86,227,47,39,27,58,8,15,33
S01009561,258,106,36,70,152,25,28,29,33,6,7,24
S01009562,316,92,39,53,224,18,43,42,67,6,16,32
S01009563,373,132,67,65,241,18,71,47,60,11,8,26
S01009564,315,109,74,35,206,12,64,32,40,11,12,35
S01009565,246,77,18,59,169,16,34,35,30,10,16,28
S01009566,431,110,46,64,321,35,43,63,83,20,26,51
S01009567,414,152,63,89,262,27,51,48,74,11,15,36
S01009568,333,112,51,61,221,28,45,41,51,8,18,30
S01009569,363,102,60,42,261,20,68,53,63,8,15,34
S01009570,240,68,35,33,172,17,35,27,49,5,15,24
S01009571,297,93,24,69,204,41,22,22,50,8,14,47
S01009572,499,194,58,136,305,44,54,48,88,9,15,47
S01009573,329,109,38,71,220,30,39,33,60,7,20,31
S01009574,447,154,69,85,293,28,63,52,82,6,18,44
S01009575,232,73,38,35,159,13,29,27,46,5,14,25
S01009576,223,44,15,29,179,7,42,15,65,1,13,36
S01009577,253,30,11,19,223,4,30,42,83,1,17,46
S01009578,312,81,28,53,231,18,33,38,71,6,21,44
S01009579,443,125,19,106,318,23,51,72,89,7,19,57
S01009580,355,52,15,37,303,9,38,85,81,12,23,55
S01009581,258,73,29,44,185,15,39,18,67,7,9,30
S01009582,240,81,42,39,159,22,26,37,39,8,5,22
S01009583,336,96,41,55,240,31,38,52,53,7,19,40
S01009584,219,52,29,23,167,8,51,19,38,14,9,28
S01009585,408,108,36,72,300,32,43,58,85,12,18,52
S01009586,313,112,56,56,201,10,60,35,53,4,11,28
S01009587,370,169,93,76,201,24,50,38,52,2,4,31
S01009588,436,128,68,60,308,27,63,59,77,7,15,60
S01009589,356,71,36,35,285,20,50,63,50,15,24,63
S01009590,267,43,19,24,224,2,52,54,47,10,25,34
S01009591,307,102,30,72,205,4,43,29,75,6,9,39
S01009592,246,47,29,18,199,3,68,28,59,2,5,34
S01009593,223,27,14,13,196,6,39,32,53,8,13,45
S01009594,263,49,15,34,214,2,31,43,73,11,18,36
S01009595,174,21,6,15,153,2,11,44,42,9,15,30
S01009596,355,112,24,88,243,34,33,33,77,6,13,47
S01009597,361,118,25,93,243,47,13,48,61,17,21,36
S01009598,303,125,27,98,178,26,24,25,44,13,16,30
S01009599,403,141,48,93,262,29,38,43,79,9,16,48
S01009600,330,160,69,91,170,37,27,25,36,5,10,30
S01009601,296,97,20,77,199,22,20,31,70,10,19,27
S01009602,291,39,16,23,252,5,25,56,95,13,22,36
S01009603,234,48,18,30,186,5,33,28,74,4,15,27
S01009604,377,108,54,54,269,18,48,52,78,9,14,50
S01009605,348,126,48,78,222,17,42,39,55,7,16,46
S01009606,218,44,10,34,174,6,19,45,61,11,6,26
S01009607,208,25,18,7,183,7,50,31,48,4,12,31
S01009608,287,114,62,52,173,16,25,47,50,3,10,22
S01009609,358,103,41,62,255,12,54,59,76,5,13,36
S01009610,500,196,80,116,304,26,77,57,95,4,15,30
S01009611,218,33,14,19,185,3,56,34,56,3,6,27
S01009612,272,91,40,51,181,15,37,40,42,1,7,39
S01009613,181,32,13,19,149,3,23,31,50,5,8,29
S01009614,223,60,33,27,163,5,42,25,45,3,13,30
S01009615,174,39,24,15,135,3,47,26,28,1,8,22
S01009616,324,92,37,55,232,21,35,37,77,7,12,43
S01009617,297,65,18,47,232,10,46,42,68,7,16,43
S01009618,333,110,41,69,223,26,35,43,87,0,10,22
S01009619,302,124,55,69,178,24,27,34,53,5,6,29
S01009620,391,157,86,71,234,27,43,39,67,8,11,39
S01009621,394,173,64,109,221,23,44,30,81,4,14,25
S01009622,394,195,51,144,199,36,22,37,68,8,4,24
S01009623,243,87,38,49,156,24,36,26,37,3,7,23
S01009624,408,137,69,68,271,21,56,44,85,9,15,41
S01009625,378,115,59,56,263,35,43,57,59,10,14,45
S01009626,231,55,25,30,176,30,33,26,22,8,19,38
S01009627,342,102,59,43,240,27,39,38,53,9,24,50
S01009628,265,112,86,26,153,9,66,13,33,1,6,25
S01009629,435,95,40,55,340,42,56,73,79,14,25,51
S01009630,343,91,35,56,252,36,36,43,64,10,17,46
S01009631,406,236,56,180,170,24,31,15,69,6,8,17
S01009632,306,145,64,81,161,42,22,31,45,1,3,17
S01009633,297,79,23,56,218,42,29,28,48,16,24,31
S01009634,253,102,56,46,151,18,46,23,38,0,4,22
S01009635,414,157,48,109,257,22,48,52,87,4,15,29
S01009636,521,268,67,201,253,58,36,40,88,4,5,22
S01009637,340,134,42,92,206,29,31,33,61,3,19,30
S01009638,292,73,35,38,219,40,29,38,40,16,19,37
S01009639,325,86,56,30,239,7,60,36,67,10,17,42
S01009640,363,215,80,135,148,21,42,27,37,2,3,16
S01009641,479,271,129,142,208,29,45,29,81,1,3,20
S01009642,482,226,77,149,256,18,50,45,91,7,14,31
S01009643,218,29,3,26,189,12,22,66,47,8,8,26
S01009644,339,85,39,46,254,19,53,53,57,4,18,50
S01009645,301,106,55,51,195,23,37,36,51,3,9,36
S01009646,244,70,28,42,174,16,34,36,33,5,12,38
S01009647,318,158,54,104,160,31,35,22,46,2,5,19
S01009648,394,130,71,59,264,19,59,51,63,9,15,48
S01009649,451,147,58,89,304,26,52,54,77,8,30,57
S01009650,343,88,67,21,255,2,89,31,70,5,12,46
S01009651,427,138,75,63,289,17,89,34,78,11,16,44
S01009652,399,166,110,56,233,11,82,24,74,3,13,26
S01009653,229,53,28,25,176,6,43,35,51,3,13,25
S01009654,274,107,58,49,167,9,42,39,40,3,14,20
S01009655,351,96,49,47,255,31,43,30,64,9,16,62
S01009656,387,180,95,85,207,23,59,29,56,8,5,27
S01009657,332,95,39,56,237,4,43,34,81,6,21,48
S01009658,286,46,21,25,240,22,28,45,84,11,15,35
S01009659,230,87,21,66,143,7,31,23,45,4,9,24
S01009660,430,82,34,48,348,39,50,64,98,15,28,54
S01009661,331,72,32,40,259,8,60,44,87,6,15,39
S01009662,292,63,31,32,229,9,48,46,66,2,19,39
S01009663,281,76,33,43,205,12,38,42,62,5,12,34
S01009664,377,103,44,59,274,10,64,50,76,12,21,41
S01009665,293,97,44,53,196,17,46,32,43,8,13,37
S01009666,342,108,59,49,234,12,61,38,66,6,11,40
S01009667,223,59,33,26,164,4,42,28,43,5,15,27
S01009668,243,56,20,36,187,10,35,46,54,7,10,25
S01009669,240,74,45,29,166,4,52,27,52,4,6,21
S01009670,340,99,51,48,241,13,42,45,70,7,15,49
S01009671,262,64,24,40,198,11,36,26,76,5,10,34
S01009672,355,117,49,68,238,17,47,53,61,8,12,40
S01009673,351,109,48,61,242,10,50,54,71,9,11,37
S01009674,392,111,51,60,281,17,69,43,89,8,14,41
S01009675,379,93,42,51,286,9,77,45,77,7,19,52
S01009676,356,114,60,54,242,14,51,47,64,13,18,35
S01009677,268,88,35,53,180,6,41,34,57,8,13,21
S01009678,273,81,48,33,192,15,51,24,53,6,7,36
S01009679,434,174,65,109,260,22,51,55,81,6,13,32
S01009680,356,108,51,57,248,21,49,50,59,7,14,48
S01009681,245,76,19,57,169,10,20,24,63,4,14,34
S01009682,278,79,39,40,199,12,49,37,63,8,12,18
S01009683,364,126,80,46,238,8,61,43,65,5,14,42
S01009684,395,61,24,37,334,14,50,77,86,20,26,61
S01009685,264,80,27,53,184,10,34,34,55,9,12,30
S01009686,544,211,80,131,333,43,67,52,99,7,25,40
S01009687,299,71,38,33,228,14,42,58,58,9,17,30
S01009688,456,201,69,132,255,55,38,54,58,10,15,25
S01009689,333,174,63,111,159,13,21,33,56,3,11,22
S01009690,347,138,42,96,209,18,38,30,78,10,11,24
S01009691,260,64,50,14,196,12,48,35,59,6,11,25
S01009692,484,145,86,59,339,7,116,50,97,9,18,42
S01009693,252,50,39,11,202,5,44,48,51,4,11,39
S01009694,453,135,89,46,318,9,110,50,91,6,14,38
S01009695,278,66,40,26,212,15,59,31,66,6,9,26
S01009696,443,151,89,62,292,13,76,63,80,8,14,38
S01009697,314,89,51,38,225,4,59,39,74,7,12,30
S01009698,232,49,9,40,183,4,41,28,52,7,10,41
S01009699,236,85,45,40,151,2,67,17,39,5,6,15
S01009700,297,93,45,48,204,7,62,24,56,9,13,33
S01009701,229,97,66,31,132,3,60,15,29,2,6,17
S01009702,265,60,24,36,205,13,49,30,58,9,14,32
S01009703,285,115,76,39,170,12,39,28,58,4,8,21
S01009704,440,148,75,73,292,22,86,47,77,5,14,41
S01009705,363,149,74,75,214,15,41,35,74,9,8,32
S01009706,295,123,64,59,172,10,38,35,42,10,9,28
S01009707,218,79,31,48,139,5,21,23,43,8,7,32
S01009708,258,68,31,37,190,4,55,38,57,5,9,22
S01009709,394,155,78,77,239,12,61,30,76,8,11,41
S01009710,246,82,31,51,164,15,27,36,43,7,12,24
S01009711,341,114,57,57,227,21,53,28,51,9,22,43
S01009712,277,95,36,59,182,9,45,29,49,5,13,32
S01009713,444,164,90,74,280,17,97,28,79,8,17,34
S01009714,453,164,99,65,289,14,105,38,77,3,20,32
S01009715,334,134,49,85,200,11,51,26,78,3,8,23
S01009716,329,93,64,29,236,2,83,31,59,2,10,49
S01009717,327,104,36,68,223,21,40,28,77,6,9,42
S01009718,327,85,48,37,242,24,39,37,82,1,8,51
S01009719,342,121,65,56,221,13,45,30,51,4,13,65
S01009720,379,137,90,47,242,11,50,29,83,2,10,57
S01009721,221,28,7,21,193,2,8,5,90,1,3,84
S01009722,387,147,56,91,240,1,33,6,100,1,3,96
S01009723,302,112,59,53,190,5,18,4,99,1,1,62
S01009724,495,192,89,103,303,20,35,28,151,3,9,57
S01009725,251,47,22,25,204,2,26,9,54,0,6,107
S01009726,209,47,10,37,162,1,20,3,59,2,4,73
S01009727,331,72,25,47,259,11,42,58,67,17,18,46
S01009728,333,94,57,37,239,10,56,33,74,4,9,53
S01009729,282,63,50,13,219,3,82,25,63,4,8,34
S01009730,241,69,30,39,172,12,26,26,63,4,1,40
S01009731,274,86,63,23,188,2,80,20,37,4,7,38
S01009732,344,87,44,43,257,7,53,18,86,2,10,81
S01009733,227,65,28,37,162,3,39,22,66,6,10,16
S01009734,385,113,56,57,272,16,59,51,78,8,14,46
S01009735,327,74,55,19,253,6,94,30,68,9,8,38
S01009736,332,123,91,32,209,0,26,5,88,5,2,83
S01009737,323,51,29,22,272,17,38,70,99,5,13,30
S01009738,214,76,24,52,138,8,23,18,66,1,5,17
S01009739,275,44,4,40,231,10,15,73,62,14,17,40
S01009740,243,68,29,39,175,26,38,22,42,3,12,32
S01009741,164,15,4,11,149,6,6,70,13,30,10,14
S01009742,206,44,15,29,162,3,39,25,48,5,11,31
S01009743,425,111,64,47,314,20,94,46,85,12,17,40
S01009744,306,80,34,46,226,7,53,30,76,9,14,37
S01009745,455,106,57,49,349,15,79,93,91,7,20,44
S01009746,237,58,15,43,179,7,34,27,64,8,11,28
S01009747,344,150,57,93,194,18,33,33,74,7,4,25
S01009748,299,61,30,31,238,7,52,46,82,6,11,34
S01009749,425,126,65,61,299,8,72,56,84,6,17,56
S01009750,311,109,54,55,202,17,40,39,54,4,17,31
S01009751,355,123,46,77,232,21,37,36,79,8,14,37
S01009752,260,71,39,32,189,6,49,35,55,7,11,26
S01009753,333,130,99,31,203,4,53,44,59,6,13,24
S01009754,383,138,58,80,245,17,54,39,82,8,13,32
S01009755,281,76,37,39,205,13,34,41,62,7,17,31
S01009756,320,80,38,42,240,9,64,42,65,4,16,40
S01009757,271,48,23,25,223,6,60,40,65,11,13,28
S01009758,242,82,10,72,160,13,22,24,50,3,18,30
S01009759,417,145,22,123,272,79,17,62,53,9,16,36
S01009760,407,138,46,92,269,65,45,35,59,8,24,33
S01009761,377,106,27,79,271,21,42,30,81,13,31,53
S01009762,416,155,45,110,261,41,11,66,69,4,22,48
S01009763,264,52,10,42,212,11,20,50,42,12,35,42
S01009764,291,109,24,85,182,27,9,53,40,11,20,22
S01009765,382,118,54,64,264,33,22,70,54,17,23,45
S01009766,231,57,17,40,174,18,12,39,50,2,20,33
S01009767,227,86,31,55,141,19,18,20,32,3,12,37
S01009768,279,96,16,80,183,37,5,52,52,4,11,22
S01009769,249,59,4,55,190,20,4,52,72,7,12,23
S01009770,257,47,12,35,210,12,27,39,53,8,32,39
S01009771,294,52,19,33,242,10,15,57,54,16,44,46
S01009772,271,87,21,66,184,18,17,46,50,4,21,28
S01009773,179,13,1,12,166,3,2,60,34,17,25,25
S01009774,151,6,1,5,145,8,1,60,18,18,23,17
S01009775,359,135,60,75,224,22,36,30,50,3,29,54
S01009776,307,112,25,87,195,77,14,28,36,5,8,27
S01009777,266,137,32,105,129,38,9,25,36,3,4,14
S01009778,415,183,90,93,232,20,65,27,55,6,15,44
S01009779,290,133,85,48,157,37,24,20,44,5,8,19
S01009780,219,45,9,36,174,40,7,23,39,5,31,29
S01009781,224,61,30,31,163,30,27,20,27,6,15,38
S01009782,200,32,3,29,168,31,5,48,35,7,20,22
S01009783,310,87,24,63,223,38,21,50,55,6,17,36
S01009784,309,102,34,68,207,36,25,32,34,8,24,48
S01009785,339,101,40,61,238,27,38,30,56,7,26,54
S01009786,425,176,60,116,249,64,29,30,45,15,26,40
S01009787,366,110,54,56,256,33,51,24,57,7,39,45
S01009788,404,166,104,62,238,28,62,27,49,4,22,46
S01009789,399,138,79,59,261,26,48,32,62,8,26,59
S01009790,259,80,41,39,179,24,34,13,31,5,24,48
S01009791,281,90,41,49,191,29,31,32,41,0,19,39
S01009792,323,55,0,55,268,15,12,63,71,14,44,49
S01009793,416,151,64,87,265,14,51,43,88,4,17,48
S01009794,199,41,10,31,158,3,6,60,50,5,10,24
S01009795,287,42,12,30,245,9,13,63,64,13,26,57
S01009796,310,88,55,33,222,5,35,51,65,9,17,40
S01009797,306,75,28,47,231,14,37,48,56,7,22,47
S01009798,255,43,18,25,212,9,13,61,51,8,28,42
S01009799,363,139,66,73,224,37,26,40,41,6,27,47
S01009800,424,92,34,58,332,49,41,57,75,10,37,63
S01009801,344,93,41,52,251,32,34,30,49,8,39,59
S01009802,431,133,40,93,298,53,30,52,78,12,32,41
S01009803,371,157,92,65,214,34,21,35,55,8,21,40
S01009804,208,90,12,78,118,12,8,29,56,0,3,10
S01009805,374,104,45,59,270,38,34,38,55,8,38,59
S01009806,446,229,112,117,217,16,48,37,61,9,10,36
S01009807,461,173,67,106,288,43,36,64,72,7,22,44
S01009808,428,189,27,162,239,66,20,52,47,5,20,29
S01009809,338,137,49,88,201,32,26,35,64,1,10,33
S01009810,453,226,85,141,227,59,35,32,52,9,12,28
S01009811,520,221,96,125,299,39,64,36,80,3,22,55
S01009812,376,164,75,89,212,28,49,28,56,3,12,36
S01009813,335,164,77,87,171,27,16,16,31,22,23,36
S01009814,362,132,63,69,230,26,45,37,33,7,20,62
S01009815,346,140,55,85,206,31,23,28,66,6,16,36
S01009816,326,110,36,74,216,25,28,38,70,4,21,30
S01009817,343,158,84,74,185,20,35,31,43,1,15,40
S01009818,421,130,83,47,291,6,108,22,57,2,20,76
S01009819,306,134,66,68,172,12,49,26,41,5,8,31
S01009820,445,186,100,86,259,24,50,39,56,10,25,55
S01009821,255,63,43,20,192,18,28,38,36,6,17,49
S01009822,191,48,22,26,143,24,18,30,35,7,8,21
S01009823,306,112,49,63,194,29,27,31,37,6,10,54
S01009824,365,103,51,52,262,43,40,46,54,18,26,35
S01009825,449,169,66,103,280,33,34,53,71,8,31,50
S01009826,228,61,29,32,167,20,29,22,35,6,21,34
S01009827,367,131,60,71,236,28,40,31,46,13,23,55
S01009828,394,195,103,92,199,30,37,29,43,2,15,43
S01009829,512,239,74,165,273,47,36,49,93,8,12,28
S01009830,329,87,32,55,242,36,39,47,56,4,18,42
S01009831,313,77,33,44,236,43,22,45,51,5,24,46
S01009832,474,189,95,94,285,32,49,54,71,9,17,53
S01009833,238,78,21,57,160,15,12,25,64,6,10,28
S01009834,372,128,23,105,244,49,10,59,68,9,18,31
S01009835,258,106,42,64,152,44,20,18,25,4,9,32
S01009836,414,128,58,70,286,20,51,51,69,7,17,71
S01009837,368,187,99,88,181,21,39,26,55,3,7,30
S01009838,433,233,85,148,200,45,32,28,59,0,15,21
S01009839,615,385,52,333,230,73,10,35,80,1,5,26
S01009840,475,205,103,102,270,20,70,25,64,6,23,62
S01009841,461,276,40,236,185,42,14,38,60,4,3,24
S01009842,332,155,15,140,177,39,8,42,52,4,10,22
S01009843,310,153,43,110,157,21,19,30,39,12,13,23
S01009844,361,247,72,175,114,31,4,13,36,6,11,13
S01009845,440,252,19,233,188,51,2,29,74,3,8,21
S01009846,461,219,46,173,242,47,19,40,90,3,7,36
S01009847,322,150,26,124,172,59,9,32,54,0,4,14
S01009848,383,133,55,78,250,20,42,29,69,6,26,58
S01009849,445,239,114,125,206,22,62,24,65,1,11,21
S01009850,472,236,95,141,236,18,64,31,67,4,11,41
S01009851,470,243,130,113,227,17,61,27,71,4,10,37
S01009852,257,97,63,34,160,9,38,26,27,7,16,37
S01009853,413,165,89,76,248,31,43,47,61,7,15,44
S01009854,398,149,56,93,249,37,21,57,64,12,17,41
S01009855,250,87,43,44,163,9,25,21,40,4,13,51
S01009856,308,139,80,59,169,15,32,17,46,3,15,41
S01009857,374,109,74,35,265,16,50,56,59,12,17,55
S01009858,337,118,72,46,219,23,33,36,61,3,17,46
S01009859,580,323,90,233,257,37,50,30,71,8,16,45
S01009860,503,263,109,154,240,29,49,26,77,3,18,38
S01009861,524,257,47,210,267,49,30,43,85,9,21,30
S01009862,607,365,52,313,242,42,14,44,102,5,11,24
S01009863,461,255,37,218,206,37,12,28,88,4,9,28
S01009864,317,157,31,126,160,12,6,13,91,5,13,20
S01009865,245,135,24,111,110,6,7,12,51,5,8,21
S01009866,455,198,63,135,257,20,34,29,106,5,15,48
S01009867,595,313,59,254,282,15,32,22,163,3,5,42
S01009868,308,116,13,103,192,8,9,23,102,9,8,33
S01009869,269,121,14,107,148,10,7,24,66,3,8,30
S01009870,274,111,22,89,163,13,10,23,69,6,16,26
S01009871,587,362,124,238,225,18,56,36,69,9,12,25
S01009872,365,174,18,156,191,5,22,27,87,13,18,19
S01009873,445,219,104,115,226,5,41,39,72,8,21,40
S01009874,497,211,78,133,286,41,47,46,74,8,20,50
S01009875,307,128,21,107,179,24,6,34,70,15,17,13
S01009876,322,139,17,122,183,42,12,39,28,15,16,31
S01009877,360,132,62,70,228,6,32,40,68,2,30,50
S01009878,252,85,14,71,167,6,15,25,40,13,34,34
S01009879,332,77,23,54,255,5,42,43,70,15,27,53
S01009880,258,72,20,52,186,7,25,34,28,20,34,38
S01009881,179,55,5,50,124,8,5,11,40,13,21,26
S01009882,613,292,16,276,321,37,7,42,194,11,7,23
S01009883,280,65,9,56,215,14,6,33,69,25,29,39
S01009884,316,96,19,77,220,6,3,40,89,14,37,31
S01009885,251,42,11,31,209,13,7,36,48,15,48,42
S01009886,277,103,46,57,174,6,14,21,38,12,41,42
S01009887,490,274,36,238,216,16,12,41,71,21,20,35
S01009888,280,112,17,95,168,12,6,31,48,18,28,25
S01009889,370,169,41,128,201,25,19,24,69,11,24,29
S01009890,278,143,18,125,135,21,8,30,50,5,11,10
S01009891,430,254,58,196,176,13,31,28,66,8,4,26
S01009892,468,273,41,232,195,14,31,34,82,4,6,24
S01009893,420,229,28,201,191,13,15,31,75,15,24,18
S01009894,476,261,71,190,215,39,32,27,80,8,6,23
S01009895,408,248,36,212,160,13,19,29,51,6,11,31
S01009896,470,224,58,166,246,38,26,33,76,13,26,34
S01009897,497,244,82,162,253,16,52,32,86,15,13,39
S01009898,259,86,35,51,173,20,35,27,32,18,7,34
S01009899,464,255,60,195,209,16,15,32,119,8,5,14
S01009900,499,254,19,235,245,20,18,37,152,4,1,13
S01009901,456,199,28,171,257,17,11,52,144,1,7,25
S01009902,495,265,133,132,230,13,54,31,64,8,15,45
S01009903,272,80,7,73,192,6,11,27,63,11,39,35
S01009904,456,245,85,160,211,14,19,29,118,3,7,21
S01009905,372,181,26,155,191,13,5,34,79,11,12,37
S01009906,331,137,11,126,194,13,15,30,93,9,9,25
S01009907,592,451,36,415,141,18,4,18,87,2,1,11
S01009908,492,198,23,175,294,13,22,54,133,18,17,37
S01009909,471,241,29,212,230,10,12,34,138,2,8,26
S01009910,278,128,12,116,150,11,4,21,80,7,6,21
S01009911,415,142,37,105,273,9,29,68,101,6,19,41
S01009912,365,137,73,64,228,9,38,43,64,7,30,37
S01009913,232,45,8,37,187,7,18,19,45,5,40,53
S01009914,408,133,60,73,275,5,63,48,82,11,23,43
S01009915,402,161,55,106,241,9,41,33,87,6,18,47
S01009916,315,69,35,34,246,3,38,40,49,16,45,55
S01009917,331,133,49,84,198,4,21,44,82,4,19,24
S01009918,277,64,24,40,213,6,34,32,79,9,22,31
S01009919,587,264,90,174,323,30,52,39,135,13,8,46
S01009920,519,265,43,222,254,14,21,20,178,1,2,18
S01009921,398,221,29,192,177,6,10,14,126,2,1,18
S01009922,619,335,47,288,284,8,19,40,184,2,9,22
S01009923,566,381,87,294,185,13,19,14,100,4,8,27
S01009924,581,311,57,254,270,25,19,28,149,5,15,29
S01009925,408,222,21,201,186,12,5,17,137,4,3,8
S01009926,375,150,46,104,225,8,21,31,110,7,15,33
S01009927,278,135,49,86,143,11,22,28,55,3,4,20
S01009928,429,204,32,172,225,5,17,46,113,6,4,34
S01009929,234,80,37,43,154,3,29,37,55,3,5,22
S01009930,460,203,36,167,257,7,21,43,147,5,6,28
S01009931,463,244,27,217,219,11,11,21,158,4,2,12
S01009932,374,183,43,140,191,7,15,22,130,1,1,15
S01009933,534,306,58,248,228,40,20,43,89,5,6,25
S01009934,436,165,53,112,271,18,28,61,105,11,13,35
S01009935,386,274,119,155,112,16,29,8,39,1,4,15
S01009936,397,262,75,187,135,12,11,20,73,3,8,8
S01009937,266,139,68,71,127,29,20,25,20,6,9,18
S01009938,570,344,171,173,226,31,52,28,69,4,14,28
S01009939,521,314,36,278,207,71,9,40,53,10,11,13
S01009940,438,203,67,136,235,59,31,36,57,3,9,40
S01009941,320,45,12,33,275,16,16,65,50,23,41,64
S01009942,486,211,74,137,275,39,41,45,63,8,30,49
S01009943,424,172,65,107,252,63,43,41,57,3,7,38
S01009944,344,121,53,68,223,27,37,34,40,4,28,53
S01009945,500,229,95,134,271,58,35,45,70,3,12,48
S01009946,348,110,48,62,238,27,38,39,56,4,24,50
S01009947,266,103,47,56,163,16,31,20,43,9,12,32
S01009948,431,224,91,133,207,36,33,30,51,7,10,40
S01009949,368,137,65,72,231,30,42,41,39,8,15,56
S01009950,256,45,29,16,211,2,40,43,46,6,23,51
S01009951,259,40,18,22,219,2,37,37,48,12,28,55
S01009952,311,97,70,27,214,11,33,47,57,8,17,41
S01009953,358,96,35,61,262,9,58,54,60,9,22,50
S01009954,214,47,20,27,167,4,21,30,38,9,26,39
S01009955,447,199,82,117,248,18,46,47,60,8,23,46
S01009956,324,110,52,58,214,27,33,28,49,5,22,50
S01009957,294,68,33,35,226,5,40,56,53,12,14,46
S01009958,371,79,28,51,292,9,47,68,92,8,17,51
S01009959,288,100,58,42,188,7,46,27,48,5,14,41
S01009960,395,155,121,34,240,9,41,43,56,9,18,64
S01009961,293,99,56,43,194,11,40,31,46,4,11,51
S01009962,599,332,70,262,267,29,41,36,115,2,8,36
S01009963,301,64,38,26,237,4,42,42,54,10,26,59
S01009964,344,79,24,55,265,7,32,60,71,9,26,60
S01009965,298,82,55,27,216,5,50,33,54,7,18,49
S01009966,292,46,24,22,246,7,45,45,58,9,16,66
S01009967,383,148,54,94,235,5,53,36,74,6,15,46
S01009968,232,50,34,16,182,7,33,21,37,6,17,61
S01009969,364,117,65,52,247,10,60,53,53,8,24,39
S01009970,476,222,89,133,254,70,34,33,48,10,16,43
S01009971,488,167,45,122,321,54,34,60,87,7,22,57
S01009972,364,124,63,61,240,32,37,46,64,7,13,41
S01009973,283,58,13,45,225,27,16,55,57,5,19,46
S01009974,294,110,39,71,184,55,17,29,47,4,9,23
S01009975,398,191,78,113,207,49,30,26,43,6,16,37
S01009976,255,120,29,91,135,37,10,27,31,2,13,15
S01009977,555,337,113,224,218,33,47,18,64,1,15,40
S01009978,444,156,27,129,288,58,18,59,68,11,29,45
S01009979,258,127,43,84,131,23,20,15,37,1,4,31
S01009980,250,84,35,49,166,32,19,17,40,3,16,39
S01009981,303,117,43,74,186,34,16,37,37,12,15,35
S01009982,428,119,23,96,309,75,19,60,69,10,24,52
S01009983,289,138,16,122,151,54,8,29,29,3,14,14
S01009984,350,143,27,116,207,42,9,59,50,3,15,29
S01009985,270,107,10,97,163,35,14,27,36,7,17,27
S01009986,280,115,32,83,165,42,27,16,42,3,11,24
S01009987,472,240,136,104,232,28,48,31,58,4,21,42
S01009988,270,120,59,61,150,20,34,13,49,0,4,30
S01009989,354,112,46,66,242,30,37,39,67,5,17,47
S01009990,302,87,19,68,215,38,28,33,64,1,13,38
S01009991,333,95,20,75,238,46,19,45,53,2,20,53
S01009992,330,126,59,67,204,37,39,21,44,4,14,45
S01009993,349,90,26,64,259,29,27,55,78,8,15,47
S01009994,302,88,22,66,214,44,17,51,53,4,14,31
S01009995,269,59,19,40,210,26,18,40,68,1,12,45
S01009996,310,81,37,44,229,47,13,47,64,5,9,44
S01009997,251,75,24,51,176,14,21,35,60,4,18,24
S01009998,246,63,43,20,183,3,44,23,41,9,21,42
S01009999,285,63,35,28,222,18,49,37,41,7,23,47
S01010000,269,76,13,63,193,24,19,38,65,8,5,34
S01010001,332,88,45,43,244,33,21,57,71,6,18,38
S01010002,336,96,37,59,240,35,25,38,77,1,17,47
S01010003,279,63,22,41,216,16,37,40,56,6,20,41
S01010004,273,62,39,23,211,2,48,28,45,8,22,58
S01010005,488,321,52,269,167,15,24,12,79,4,6,27
S01010006,586,384,81,303,202,15,30,18,107,3,4,25
S01010007,429,162,51,111,267,8,43,62,72,7,17,58
S01010008,410,265,39,226,145,11,9,25,79,0,2,19
S01010009,416,310,26,284,106,6,8,13,71,0,2,6
S01010010,451,152,48,104,299,14,68,53,77,12,22,53
S01010011,544,387,120,267,157,12,37,10,85,0,1,12
S01010012,348,101,53,48,247,20,45,37,58,13,22,52
S01010013,457,249,45,204,208,15,29,24,98,5,12,25
S01010014,523,254,57,197,269,8,28,50,121,8,17,37
S01010015,392,149,22,127,243,14,8,32,143,4,12,30
S01010016,325,130,80,50,195,11,40,34,36,2,22,50
S01010017,339,125,58,67,214,36,37,23,51,4,23,40
S01010018,525,268,111,157,257,36,50,46,82,3,15,25
S01010019,409,215,70,145,194,60,30,21,47,1,11,24
S01010020,346,144,65,79,202,22,47,22,36,6,24,45
S01010021,400,206,45,161,194,51,13,26,36,12,19,37
S01010022,468,202,56,146,266,43,30,45,76,9,13,50
S01010023,387,227,119,108,160,38,34,19,43,4,4,18
S01010024,402,215,56,159,187,30,16,21,77,5,9,29
S01010025,316,182,34,148,134,20,19,23,44,6,3,19
S01010026,492,241,35,206,251,42,17,35,106,2,7,42
S01010027,483,239,65,174,244,33,16,30,106,5,17,37
S01010028,381,204,82,122,177,27,32,27,76,4,4,7
S01010029,398,228,107,121,170,34,47,20,38,0,8,23
S01010030,429,190,42,148,239,25,15,34,121,0,10,34
S01010031,423,214,7,207,209,7,7,12,144,1,0,38
S01010032,298,136,3,133,162,4,1,18,120,0,4,15
S01010033,503,279,54,225,224,23,17,37,97,17,5,28
S01010034,498,265,104,161,233,41,54,24,76,5,4,29
S01010035,401,228,42,186,173,32,14,25,71,4,10,17
S01010036,423,150,0,150,273,5,0,11,196,2,2,57
S01010037,376,201,94,107,175,27,46,19,47,2,10,24
S01010038,568,286,93,193,282,42,36,31,122,1,10,40
S01010039,593,287,11,276,306,6,9,21,252,0,1,17
S01010040,415,199,24,175,216,25,9,16,131,2,8,25
S01010041,451,289,28,261,162,9,11,6,117,0,1,18
S01010042,621,284,25,259,337,34,15,46,195,5,7,35
S01010043,451,251,57,194,200,37,17,39,74,0,8,25
S01010044,649,349,91,258,300,45,39,52,123,2,5,34
S01010045,258,114,60,54,144,35,15,19,32,2,14,27
S01010046,431,224,57,167,207,36,34,21,81,0,11,24
S01010047,471,265,97,168,206,47,37,18,52,6,11,35
S01010048,551,308,96,212,243,44,37,41,69,5,11,36
S01010049,395,184,59,125,211,59,16,38,46,12,10,30
S01010050,540,268,79,189,272,78,33,28,87,5,6,35
S01010051,431,257,105,152,174,45,24,15,58,2,6,24
S01010052,372,219,36,183,153,28,18,25,48,4,4,26
S01010053,384,134,33,101,250,34,29,33,74,8,21,51
S01010054,248,76,19,57,172,53,11,25,39,7,13,24
S01010055,457,194,56,138,263,33,27,43,84,6,26,44
S01010056,214,95,20,75,119,26,9,14,30,2,14,24
S01010057,216,103,33,70,113,27,18,20,24,1,7,16
S01010058,355,121,22,99,234,52,20,35,70,3,12,42
S01010059,371,209,35,174,162,29,15,25,73,0,3,17
S01010060,493,259,55,204,234,38,29,35,71,5,14,42
S01010061,253,96,25,71,157,25,10,33,63,0,11,15
S01010062,344,112,38,74,232,46,46,35,46,8,13,38
S01010063,546,303,74,229,243,52,22,29,91,3,10,36
S01010064,264,107,41,66,157,35,11,27,45,3,5,31
S01010065,413,182,65,117,231,40,41,29,48,2,14,57
S01010066,342,118,39,79,224,39,31,43,45,0,29,37
S01010067,297,122,49,73,175,45,7,31,53,6,11,22
S01010068,338,169,59,110,169,23,16,29,68,7,8,18
S01010069,340,93,30,63,247,24,28,40,61,5,22,67
S01010070,238,34,8,26,204,13,19,33,43,1,28,67
S01010071,367,137,75,62,230,25,48,31,58,6,18,44
S01010072,370,135,58,77,235,15,53,41,51,2,13,60
S01010073,349,105,71,34,244,11,68,40,48,4,17,56
S01010074,306,91,34,57,215,9,63,25,42,0,19,57
S01010075,303,105,62,43,198,15,59,30,48,3,5,38
S01010076,276,62,24,38,214,25,39,32,44,8,20,46
S01010077,302,127,50,77,175,29,32,19,52,2,12,29
S01010078,229,37,18,19,192,3,27,37,51,9,21,44
S01010079,349,57,36,21,292,2,71,38,65,7,33,76
S01010080,284,79,54,25,205,0,60,38,43,2,12,50
S01010081,300,84,48,36,216,5,70,27,42,1,22,49
S01010082,407,146,69,77,261,29,39,35,84,2,14,58
S01010083,348,152,77,75,196,19,40,31,45,3,17,41
S01010084,442,187,74,113,255,33,55,31,68,2,22,44
S01010085,311,77,40,37,234,4,58,39,41,4,20,68
S01010086,414,142,76,66,272,30,56,35,61,5,21,64
S01010087,247,59,42,17,188,5,59,27,39,1,13,44
S01010088,295,48,2,46,247,16,9,78,75,13,24,32
S01010089,365,184,77,107,181,14,35,22,52,2,12,44
S01010090,435,128,46,82,307,35,27,60,79,9,34,63
S01010091,343,75,12,63,268,23,20,70,81,9,23,42
S01010092,446,158,70,88,288,38,72,35,58,2,28,55
S01010093,386,119,38,81,267,26,39,48,76,2,21,55
S01010094,291,91,62,29,200,15,42,34,38,5,19,47
S01010095,279,61,37,24,218,12,53,32,44,3,20,54
S01010096,292,64,33,31,228,12,28,53,53,3,30,49
S01010097,286,63,43,20,223,22,41,33,46,5,26,50
S01010098,277,54,36,18,223,9,43,43,42,5,28,53
S01010099,285,77,44,33,208,6,49,36,33,6,20,58
S01010100,382,104,58,46,278,15,67,32,73,10,17,64
S01010101,299,75,44,31,224,18,39,30,54,1,17,65
S01010102,324,45,10,35,279,17,15,63,62,8,41,73
S01010103,355,67,19,48,288,18,15,79,65,6,35,70
S01010104,267,51,11,40,216,26,5,54,45,12,34,40
S01010105,165,45,6,39,120,27,5,18,28,3,10,29
S01010106,219,92,35,57,127,28,24,21,19,1,6,28
S01010107,404,177,41,136,227,54,21,34,63,4,6,45
S01010108,374,172,66,106,202,22,27,26,73,5,11,38
S01010109,326,97,13,84,229,49,11,25,85,4,16,39
S01010110,431,193,82,111,238,44,41,35,66,1,13,38
S01010111,446,171,51,120,275,64,29,44,56,7,19,56
S01010112,419,140,28,112,279,68,24,47,57,7,24,52
S01010113,244,81,14,67,163,50,17,24,31,7,11,23
S01010114,366,145,41,104,221,44,25,33,60,10,12,37
S01010115,230,47,8,39,183,25,8,37,36,5,30,42
S01010116,397,70,7,63,327,46,16,71,102,4,30,58
S01010117,261,60,10,50,201,21,9,64,61,3,12,31
S01010118,277,96,31,65,181,51,10,28,35,9,25,23
S01010119,209,50,13,37,159,32,7,31,44,5,18,22
S01010120,444,144,35,109,300,82,21,47,65,8,30,47
S01010121,321,138,46,92,183,46,16,31,41,4,18,27
S01010122,198,86,26,60,112,21,9,10,29,7,9,27
S01010123,299,92,23,69,207,48,18,41,31,8,24,37
S01010124,293,100,13,87,193,37,10,42,55,4,14,31
S01010125,242,80,12,68,162,39,7,34,45,8,11,18
S01010126,312,90,30,60,222,26,18,57,57,1,12,51
S01010127,296,116,48,68,180,20,43,22,42,6,7,40
S01010128,214,72,13,59,142,45,8,34,29,3,10,13
S01010129,350,148,29,119,202,53,21,35,50,6,15,22
S01010130,206,79,46,33,127,22,27,20,31,2,8,17
S01010131,376,103,56,47,273,10,48,39,77,7,30,62
S01010132,497,215,98,117,282,51,56,36,70,5,17,47
S01010133,380,192,73,119,188,25,49,21,43,5,11,34
S01010134,551,274,125,149,277,52,60,40,75,3,14,33
S01010135,365,145,77,68,220,31,55,25,47,4,16,42
S01010136,367,124,48,76,243,25,55,24,59,10,25,45
S01010137,583,329,180,149,254,44,68,32,59,0,9,42
S01010138,660,472,128,344,188,46,31,24,57,0,4,26
S01010139,552,273,115,158,279,32,61,41,68,2,18,57
S01010140,384,171,21,150,213,47,9,54,65,2,6,30
S01010141,447,224,68,156,223,59,37,33,51,1,9,33
S01010142,288,121,32,89,167,30,14,29,50,0,8,36
S01010143,391,182,106,76,209,30,49,33,43,3,11,40
S01010144,372,175,25,150,197,39,15,34,75,3,3,28
S01010145,397,175,74,101,222,32,28,40,72,3,14,33
S01010146,406,212,37,175,194,39,15,36,53,3,16,32
S01010147,494,250,44,206,244,78,19,36,46,2,18,45
S01010148,356,135,29,106,221,52,29,34,42,10,15,39
S01010149,231,77,17,60,154,24,10,27,61,6,10,16
S01010150,325,148,70,78,177,25,52,16,42,0,8,34
S01010151,329,153,90,63,176,16,68,14,25,4,12,37
S01010152,425,163,90,73,262,29,67,28,71,5,14,48
S01010153,491,244,138,106,247,33,67,33,48,1,15,50
S01010154,432,184,107,77,248,23,80,33,56,1,10,45
S01010155,362,169,115,54,193,14,46,18,50,5,14,46
S01010156,281,129,81,48,152,18,31,19,30,2,9,43
S01010157,267,101,48,53,166,17,30,19,45,6,14,35
S01010158,461,188,94,94,273,28,68,44,70,3,13,47
S01010159,353,144,72,72,209,23,67,22,34,5,17,41
S01010160,308,154,26,128,154,23,2,39,55,10,6,19
S01010161,259,73,20,53,186,33,13,36,42,8,22,32
S01010162,360,130,37,93,230,79,17,43,48,4,15,24
S01010163,239,56,17,39,183,33,23,33,37,5,15,37
S01010164,282,70,29,41,212,25,25,42,36,11,13,60
S01010165,275,84,18,66,191,48,29,22,38,1,14,39
S01010166,347,150,57,93,197,22,32,33,42,4,13,51
S01010167,472,250,89,161,222,44,62,22,58,0,4,32
S01010168,236,77,28,49,159,33,19,30,45,3,8,21
S01010169,367,109,25,84,258,61,17,50,78,10,13,29
S01010170,271,112,21,91,159,43,21,14,43,1,5,32
S01010171,489,207,78,129,282,75,27,45,53,8,38,36
S01010172,481,316,146,170,165,40,46,18,46,0,2,13
S01010173,331,111,68,43,220,15,53,35,41,5,19,52
S01010174,250,88,55,33,162,7,27,21,38,9,17,43
S01010175,216,80,36,44,136,20,21,20,34,7,8,26
S01010176,369,181,91,90,188,25,41,33,45,5,10,29
S01010177,315,88,36,52,227,52,24,29,54,11,19,38
S01010178,391,112,37,75,279,60,29,42,43,17,37,51
S01010179,387,133,45,88,254,39,36,41,69,2,19,48
S01010180,215,36,9,27,179,37,8,45,50,7,11,21
S01010181,272,88,41,47,184,36,31,26,35,3,18,35
S01010182,307,93,24,69,214,15,31,22,85,6,16,39
S01010183,232,89,43,46,143,26,34,20,33,0,6,24
S01010184,286,108,47,61,178,35,22,28,33,1,17,42
S01010185,282,92,30,62,190,41,34,37,30,7,11,30
S01010186,246,49,14,35,197,13,21,40,53,6,16,48
S01010187,294,101,16,85,193,16,25,35,60,0,14,43
S01010188,304,98,22,76,206,14,27,40,66,3,13,43
S01010189,336,54,6,48,282,11,10,95,69,11,31,55
S01010190,253,25,1,24,228,10,6,68,68,6,16,54
S01010191,266,54,13,41,212,23,8,66,52,8,26,29
S01010192,294,41,4,37,253,18,3,98,51,13,22,48
S01010193,329,115,48,67,214,17,25,49,51,4,17,51
S01010194,268,91,58,33,177,10,48,16,23,3,21,56
S01010195,212,69,40,29,143,7,18,33,22,4,19,40
S01010196,274,71,41,30,203,21,27,15,42,5,23,70
S01010197,260,63,31,32,197,21,40,25,34,3,22,52
S01010198,394,118,68,50,276,24,52,43,53,11,27,66
S01010199,232,71,30,41,161,34,25,24,33,1,13,31
S01010200,305,112,77,35,193,18,49,26,29,3,20,48
S01010201,253,66,29,37,187,17,41,37,23,5,22,42
S01010202,365,143,21,122,222,82,9,61,39,4,12,15
S01010203,260,49,8,41,211,24,22,53,57,6,17,32
S01010204,381,154,47,107,227,50,27,26,62,6,21,35
S01010205,355,170,52,118,185,26,28,19,68,4,11,29
S01010206,255,104,5,99,151,79,0,40,19,1,2,10
S01010207,285,113,18,95,172,48,17,17,19,25,28,18
S01010208,565,343,74,269,222,32,24,35,93,3,6,29
S01010209,468,226,81,145,242,50,37,26,72,4,14,39
S01010210,416,158,86,72,258,22,58,33,63,5,28,49
S01010211,452,217,98,119,235,47,49,33,46,5,20,35
S01010212,559,290,81,209,269,72,29,44,65,5,19,35
S01010213,476,202,108,94,274,33,70,41,67,6,10,47
S01010214,396,102,52,50,294,24,63,47,61,4,33,62
S01010215,492,265,133,132,227,60,45,24,62,6,9,21
S01010216,361,195,67,128,166,27,26,20,65,5,10,13
S01010217,406,197,26,171,209,50,11,26,76,8,20,18
S01010218,587,324,60,264,263,50,28,49,96,7,13,20
S01010219,274,144,27,117,130,27,12,25,40,6,8,12
S01010220,279,129,4,125,150,12,1,24,97,0,2,14
S01010221,260,135,51,84,125,28,21,9,41,4,5,17
S01010222,285,144,24,120,141,21,20,15,59,0,5,21
S01010223,337,201,63,138,136,21,17,13,57,0,8,20
S01010224,469,192,61,131,277,77,11,52,75,7,16,39
S01010225,431,194,38,156,237,52,30,33,81,5,12,24
S01010226,394,215,33,182,179,37,8,41,31,22,19,21
S01010227,294,119,25,94,175,53,2,38,29,18,14,21
S01010228,384,211,87,124,173,34,34,14,61,1,4,25
S01010229,508,219,64,155,289,62,24,52,76,5,13,57
S01010230,577,324,74,250,253,39,35,56,78,9,9,27
S01010231,514,248,94,154,266,72,33,39,56,15,22,29
S01010232,485,193,27,166,292,58,14,65,76,14,19,46
S01010233,476,206,37,169,270,67,29,59,60,5,13,37
S01010234,562,296,83,213,266,16,32,38,136,0,7,37
S01010235,446,170,0,170,276,11,5,27,212,0,0,21
S01010236,378,159,34,125,219,15,16,25,119,4,5,35
S01010237,353,157,35,122,196,12,14,19,116,6,6,23
S01010238,455,211,40,171,244,14,29,27,124,5,7,38
S01010239,424,213,78,135,211,21,26,31,87,5,12,29
S01010240,398,200,39,161,198,16,20,22,105,5,8,22
S01010241,623,354,89,265,269,23,37,28,158,1,5,17
S01010242,455,252,29,223,203,37,11,40,84,4,6,21
S01010243,610,364,29,335,246,57,15,40,88,4,9,33
S01010244,440,271,60,211,169,31,18,23,46,5,9,37
S01010245,509,240,65,175,269,74,24,31,82,3,16,39
S01010246,433,185,41,144,248,62,22,38,72,3,4,47
S01010247,356,143,70,73,213,17,36,26,62,2,12,58
S01010248,456,185,47,138,271,8,25,28,163,0,6,41
S01010249,403,195,40,155,208,10,15,15,144,0,4,20
S01010250,390,130,22,108,260,10,22,24,152,3,4,45
S01010251,317,99,10,89,218,14,3,35,125,2,8,31
S01010252,297,104,14,90,193,16,19,30,91,3,8,26
S01010253,364,200,60,140,164,39,17,21,56,3,5,23
S01010254,581,285,109,176,296,31,39,42,111,2,12,59
S01010255,353,168,47,121,185,28,18,31,59,14,15,20
S01010256,516,292,71,221,224,63,19,25,80,2,9,26
S01010257,497,269,28,241,228,12,8,4,166,0,1,37
S01010258,424,192,3,189,232,1,3,8,177,1,2,40
S01010259,468,290,88,202,178,31,26,23,53,4,7,34
S01010260,685,420,57,363,265,12,18,14,197,2,2,20
S01010261,526,302,127,175,224,22,34,16,85,3,7,57
S01010262,535,328,151,177,207,5,59,5,76,1,9,52
S01010263,422,222,14,208,200,5,4,10,166,1,0,14
S01010264,557,373,38,335,184,2,9,5,153,0,0,15
S01010265,573,324,5,319,249,3,2,8,215,1,2,18
S01010266,237,87,15,72,150,5,5,16,82,2,8,32
S01010267,318,151,2,149,167,2,1,6,102,3,5,48
S01010268,417,223,35,188,194,7,12,22,106,2,8,37
S01010269,320,173,19,154,147,3,1,12,107,0,3,21
S01010270,817,581,198,383,236,7,51,12,144,1,3,18
S01010271,327,118,14,104,209,5,20,10,89,4,6,75
S01010272,703,482,77,405,221,18,11,25,146,4,5,12
S01010273,409,194,5,189,215,5,1,6,185,0,2,16
S01010274,342,176,13,163,166,1,2,4,139,0,2,18
S01010275,357,165,4,161,192,5,3,8,155,1,1,19
S01010276,625,345,4,341,280,9,10,33,201,1,4,22
S01010277,305,134,44,90,171,15,42,17,52,7,10,28
S01010278,330,157,42,115,173,38,11,32,51,10,7,24
S01010279,312,137,18,119,175,17,12,15,81,2,11,37
S01010280,426,184,15,169,242,13,6,21,149,3,4,46
S01010281,466,261,16,245,205,3,2,22,135,4,3,36
S01010282,645,411,77,334,234,14,13,30,146,1,11,19
S01010283,296,129,8,121,167,10,3,16,105,0,3,30
S01010284,638,353,25,328,285,6,10,22,217,2,4,24
S01010285,420,170,26,144,250,22,7,33,123,5,5,55
S01010286,365,127,7,120,238,11,3,25,141,3,5,50
S01010287,387,112,21,91,275,2,11,24,143,1,9,85
S01010288,349,86,11,75,263,3,6,24,133,5,4,88
S01010289,380,163,6,157,217,2,8,49,129,2,2,25
S01010290,278,120,10,110,158,6,4,11,78,8,5,46
S01010291,481,168,49,119,313,15,18,21,153,4,11,91
S01010292,409,127,15,112,282,2,10,16,137,3,6,108
S01010293,373,137,36,101,236,6,8,16,108,10,11,77
S01010294,275,69,15,54,206,3,3,9,84,4,9,94
S01010295,427,124,11,113,303,11,6,17,161,3,13,92
S01010296,291,107,19,88,184,15,2,16,76,7,8,60
S01010297,676,392,90,302,284,25,50,20,149,2,4,34
S01010298,515,309,145,164,206,10,28,24,96,1,8,39
S01010299,292,168,69,99,124,11,14,13,47,2,21,16
S01010300,478,220,74,146,258,22,13,18,139,7,8,51
S01010301,283,122,7,115,161,13,8,15,95,3,4,23
S01010302,388,233,65,168,155,31,29,21,41,6,6,21
S01010303,250,95,20,75,155,42,2,45,34,12,8,12
S01010304,332,200,38,162,132,12,9,22,64,2,2,21
S01010305,478,260,86,174,218,11,33,16,102,0,6,50
S01010306,449,226,16,210,223,20,9,17,144,2,3,28
S01010307,428,163,24,139,265,9,16,26,153,5,6,50
S01010308,480,168,36,132,312,14,11,43,185,4,6,49
S01010309,264,160,52,108,104,7,21,10,45,0,3,18
S01010310,381,209,25,184,172,45,8,36,47,6,10,20
S01010311,351,144,42,102,207,43,24,36,54,4,15,31
S01010312,425,192,45,147,233,62,19,32,61,8,20,31
S01010313,356,201,43,158,155,30,23,31,37,0,11,23
S01010314,550,321,71,250,229,36,25,28,80,4,18,38
S01010315,409,133,32,101,276,55,18,64,77,6,13,43
S01010316,304,173,17,156,131,38,6,15,49,6,2,15
S01010317,394,151,35,116,243,10,13,16,160,0,5,39
S01010318,304,164,27,137,140,33,8,14,67,2,1,15
S01010319,407,203,31,172,204,15,11,29,111,1,3,34
S01010320,437,269,49,220,168,12,10,17,103,1,4,21
S01010321,432,257,31,226,175,13,11,10,102,1,7,31
S01010322,549,228,48,180,321,9,29,40,177,2,6,58
S01010323,377,230,88,142,147,35,12,23,56,0,6,15
S01010324,403,206,110,96,197,22,51,21,36,1,16,50
S01010325,501,232,144,88,269,26,80,31,65,3,13,51
S01010326,494,236,56,180,258,75,22,49,54,11,16,31
S01010327,362,106,27,79,256,43,12,60,75,10,24,32
S01010328,445,156,66,90,289,23,62,52,72,9,18,53
S01010329,290,117,47,70,173,14,42,23,52,4,10,28
S01010330,299,107,33,74,192,50,30,24,38,4,13,33
S01010331,520,273,124,149,247,52,55,30,56,6,7,41
S01010332,279,74,30,44,205,23,28,30,39,4,25,56
S01010333,487,205,77,128,282,50,44,44,75,5,16,48
S01010334,433,137,47,90,296,67,50,45,73,4,18,39
S01010335,345,130,78,52,215,18,42,24,44,5,28,54
S01010336,379,210,38,172,169,67,18,28,32,5,5,14
S01010337,278,92,44,48,186,21,35,23,36,3,18,50
S01010338,356,134,38,96,222,63,27,37,44,5,13,33
S01010339,284,77,49,28,207,26,44,32,34,8,19,44
S01010340,349,133,37,96,216,47,38,33,47,5,18,28
S01010341,253,94,37,57,159,16,26,25,30,7,22,33
S01010342,302,128,29,99,174,8,23,41,52,2,19,29
S01010343,365,89,15,74,276,19,19,64,70,7,29,68
S01010344,419,243,64,179,176,41,28,27,55,2,7,16
S01010345,160,30,6,24,130,7,6,42,22,8,18,27
S01010346,410,117,38,79,293,16,37,59,87,5,33,56
S01010347,466,195,72,123,271,63,36,55,67,7,6,37
S01010348,483,173,81,92,310,50,71,47,85,3,15,39
S01010349,443,197,85,112,246,37,50,35,53,2,21,48
S01010350,475,206,85,121,269,85,34,38,52,4,19,37
S01010351,398,143,43,100,255,53,27,37,68,5,18,47
S01010352,276,129,44,85,147,17,37,13,41,3,5,31
S01010353,562,315,84,231,247,82,26,44,62,2,11,20
S01010354,375,152,54,98,223,35,24,46,84,0,6,28
S01010355,402,207,47,160,195,28,29,35,59,4,7,33
S01010356,308,107,10,97,201,22,13,44,74,0,19,29
S01010357,340,187,42,145,153,28,21,22,49,3,3,27
S01010358,507,312,100,212,195,44,31,24,46,7,8,35
S01010359,456,213,98,115,243,91,28,24,65,1,4,30
S01010360,285,137,24,113,148,31,4,24,48,7,8,26
S01010361,402,269,51,218,133,42,15,18,35,2,5,16
S01010362,611,501,83,418,110,10,22,13,39,2,5,19
S01010363,394,179,52,127,215,17,14,39,93,2,11,39
S01010364,337,62,39,23,275,5,49,59,55,8,21,78
S01010365,449,172,57,115,277,5,35,56,93,10,15,63
S01010366,502,201,42,159,301,9,47,49,111,8,8,69
S01010367,507,202,61,141,305,12,46,66,119,3,16,43
S01010368,355,154,43,111,201,12,35,30,88,5,10,21
S01010369,433,219,26,193,214,18,8,35,116,4,6,27
S01010370,335,106,17,89,229,7,13,32,117,8,7,45
S01010371,461,154,28,126,307,2,23,44,149,6,10,73
S01010372,226,64,20,44,162,5,17,31,68,4,5,32
S01010373,408,172,41,131,236,9,19,33,135,2,4,34
S01010374,469,188,36,152,281,8,30,53,114,5,9,62
S01010375,219,61,16,45,158,3,4,8,64,0,3,76
S01010376,367,132,18,114,235,4,5,14,160,2,8,42
S01010377,375,158,12,146,217,13,4,23,70,2,11,94
S01010378,272,58,9,49,214,6,5,11,68,2,5,117
S01010379,446,148,29,119,298,4,13,15,126,4,7,129
S01010380,521,223,48,175,298,7,23,37,166,1,8,56
S01010381,372,190,10,180,182,6,3,12,139,2,3,17
S01010382,483,210,33,177,273,16,15,19,176,2,2,43
S01010383,393,215,40,175,178,14,14,15,96,4,3,32
S01010384,454,187,29,158,267,7,20,21,172,2,4,41
S01010385,498,229,47,182,269,14,27,24,174,3,3,24
S01010386,528,283,63,220,245,25,23,22,126,1,11,37
S01010387,587,251,40,211,336,16,19,30,215,1,5,50
S01010388,584,290,62,228,294,35,42,21,136,1,8,51
S01010389,668,380,11,369,288,12,4,20,223,2,3,24
S01010390,716,451,39,412,265,16,8,27,181,4,7,22
S01010391,541,331,38,293,210,27,15,12,144,1,0,11
S01010392,416,212,5,207,204,6,9,40,131,1,2,15
S01010393,634,369,81,288,265,8,22,20,174,3,3,35
S01010394,516,324,97,227,192,29,32,19,66,1,7,38
S01010395,637,384,95,289,253,18,23,35,131,6,3,37
S01010396,585,272,85,187,313,11,37,39,174,5,3,44
S01010397,294,141,30,111,153,1,11,26,73,2,1,39
S01010398,583,248,71,177,335,14,26,45,206,1,6,37
S01010399,615,291,43,248,324,2,20,45,222,0,2,33
S01010400,530,217,71,146,313,14,34,52,129,6,23,55
S01010401,400,214,84,130,186,4,28,23,78,3,3,47
S01010402,513,188,54,134,325,1,30,54,171,6,9,54
S01010403,509,198,56,142,311,8,38,46,160,6,6,47
S01010404,406,189,62,127,217,0,31,35,101,6,16,28
S01010405,408,165,36,129,243,10,17,43,132,3,10,28
S01010406,435,195,26,169,240,4,19,33,129,2,8,45
S01010407,418,131,31,100,287,10,9,18,144,1,6,99
S01010408,272,135,62,73,137,13,20,37,31,7,12,17
S01010409,245,42,28,14,203,9,35,45,30,15,21,48
S01010410,248,83,27,56,165,9,23,41,34,9,13,36
S01010411,365,58,32,26,307,8,47,84,50,28,38,52
S01010412,424,216,29,187,208,5,23,39,100,4,8,29
S01010413,340,127,66,61,213,6,77,30,51,8,11,30
S01010414,497,188,102,86,309,19,46,74,91,13,16,50
S01010415,555,291,117,174,264,23,49,38,91,5,21,37
S01010416,322,112,42,70,210,7,44,47,62,4,7,39
S01010417,286,125,55,70,161,8,13,32,69,5,10,24
S01010418,561,247,41,206,314,13,27,66,167,4,13,24
S01010419,500,219,72,147,281,14,36,63,113,6,14,35
S01010420,290,101,87,14,189,8,35,36,30,12,18,50
S01010421,346,98,58,40,248,5,36,71,56,12,23,45
S01010422,483,181,105,76,302,17,49,74,67,6,29,60
S01010423,490,270,60,210,220,55,18,29,76,1,13,28
S01010424,471,259,87,172,212,33,20,30,82,6,15,26
S01010425,621,355,66,289,266,58,19,46,101,1,10,31
S01010426,406,222,23,199,184,19,15,44,77,3,3,23
S01010427,499,238,85,153,261,40,32,60,48,18,20,43
S01010428,319,114,52,62,205,16,43,52,38,9,14,33
S01010429,388,80,32,48,308,15,38,84,98,12,14,47
S01010430,451,219,49,170,232,45,37,40,63,8,15,24
S01010431,258,53,22,31,205,7,26,60,40,7,17,48
S01010432,464,221,44,177,243,45,14,32,97,4,19,32
S01010433,338,153,6,147,185,36,6,36,38,25,26,18
S01010434,331,161,34,127,170,42,11,30,57,4,11,15
S01010435,291,102,61,41,189,23,36,26,46,5,9,44
S01010436,433,232,39,193,201,24,18,39,78,3,12,27
S01010437,269,106,42,64,163,17,35,24,42,7,11,27
S01010438,370,139,24,115,231,52,5,55,60,18,18,23
S01010439,512,242,35,207,270,53,6,41,116,9,14,31
S01010440,322,143,43,100,179,25,21,33,52,4,12,32
S01010441,488,274,18,256,214,31,7,32,124,0,6,14
S01010442,383,178,12,166,205,45,6,24,84,8,13,25
S01010443,228,69,36,33,159,17,30,22,34,6,19,31
S01010444,289,89,50,39,200,21,41,30,41,5,16,46
S01010445,307,83,44,39,224,23,29,38,53,11,23,47
S01010446,329,79,40,39,250,12,51,32,52,7,33,63
S01010447,521,253,83,170,268,55,30,47,66,8,22,40
S01010448,360,113,58,55,247,12,41,51,63,2,26,52
S01010449,370,133,68,65,237,26,59,39,53,4,13,43
S01010450,407,177,64,113,230,19,65,32,60,1,11,42
S01010451,438,221,55,166,217,39,36,38,55,9,17,23
S01010452,408,178,109,69,230,19,63,35,50,4,12,47
S01010453,372,193,22,171,179,46,20,33,54,3,7,16
S01010454,383,147,83,64,236,24,53,38,60,3,14,44
S01010455,604,357,135,222,247,48,52,33,87,0,7,20
S01010456,313,157,97,60,156,17,34,30,46,2,4,23
S01010457,340,175,62,113,165,15,39,39,35,4,13,20
S01010458,411,198,84,114,213,39,55,27,44,3,9,36
S01010459,258,97,55,42,161,12,37,21,37,2,14,38
S01010460,346,147,48,99,199,8,28,49,57,15,12,30
S01010461,386,174,72,102,212,35,54,34,47,4,8,30
S01010462,437,236,21,215,201,55,3,44,44,22,14,19
S01010463,376,164,87,77,212,10,43,46,48,7,19,39
S01010464,248,97,55,42,151,13,31,23,36,2,9,37
S01010465,451,167,33,134,284,20,30,57,112,4,21,40
S01010466,458,190,25,165,268,7,26,40,145,6,10,34
S01010467,476,248,125,123,228,12,61,28,81,6,12,28
S01010468,417,141,61,80,276,14,24,60,108,6,22,42
S01010469,405,303,65,238,102,10,7,14,52,1,3,15
S01010470,364,153,77,76,211,19,45,38,62,3,11,33
S01010471,316,130,73,57,186,27,27,31,49,4,15,33
S01010472,290,134,20,114,156,15,7,26,88,0,3,17
S01010473,435,239,44,195,196,14,29,24,85,6,9,29
S01010474,431,198,47,151,233,12,19,42,111,6,11,32
S01010475,384,185,32,153,199,14,14,37,111,3,2,18
S01010476,523,233,139,94,290,20,49,41,97,2,17,64
S01010477,354,144,73,71,210,16,43,35,63,2,10,41
S01010478,628,396,104,292,232,41,36,33,80,5,7,30
S01010479,512,212,106,106,300,40,55,52,89,6,19,39
S01010480,285,104,57,47,181,12,51,34,39,7,12,26
S01010481,267,81,27,54,186,43,17,29,45,8,21,23
S01010482,354,121,70,51,233,19,61,39,45,5,26,38
S01010483,526,226,105,121,300,30,62,63,91,6,13,35
S01010484,246,76,28,48,170,21,30,20,48,5,13,33
S01010485,396,112,68,44,284,25,48,44,60,8,34,65
S01010486,371,90,59,31,281,6,37,49,88,9,29,63
S01010487,432,147,99,48,285,24,52,51,51,13,20,74
S01010488,338,94,20,74,244,70,15,51,51,6,18,33
S01010489,450,190,78,112,260,45,34,36,67,7,25,46
S01010490,308,102,28,74,206,64,13,31,30,15,20,33
S01010491,417,155,33,122,262,97,21,55,40,6,16,27
S01010492,255,106,51,55,149,37,13,20,27,8,23,21
S01010493,308,104,14,90,204,66,10,46,43,8,12,19
S01010494,252,69,11,58,183,39,9,28,40,10,22,35
S01010495,418,182,37,145,236,83,13,35,52,3,21,29
S01010496,388,154,45,109,234,65,14,37,64,7,14,33
S01010497,285,75,12,63,210,40,9,42,43,12,24,40
S01010498,357,115,31,84,242,54,22,29,53,11,24,49
S01010499,451,257,78,179,194,56,26,33,37,7,12,23
S01010500,398,89,17,72,309,67,22,63,58,17,35,47
S01010501,430,180,68,112,250,38,23,48,58,13,20,50
S01010502,331,99,18,81,232,32,12,61,55,11,18,43
S01010503,321,125,48,77,196,37,40,27,44,3,11,34
S01010504,247,87,36,51,160,9,45,23,47,12,7,17
S01010505,244,69,34,35,175,13,34,26,61,7,12,22
S01010506,380,122,46,76,258,19,62,45,76,10,13,33
S01010507,345,120,45,75,225,17,36,43,51,8,21,49
S01010508,449,154,65,89,295,13,84,54,79,12,19,34
S01010509,393,91,37,54,302,8,52,57,104,8,16,57
S01010510,340,105,62,43,235,3,67,41,53,8,15,48
S01010511,369,116,57,59,253,28,28,52,74,14,21,36
S01010512,281,104,66,38,177,12,42,36,40,7,10,30
S01010513,300,63,40,23,237,5,48,42,70,16,17,39
S01010514,287,77,43,34,210,15,39,40,46,10,21,39
S01010515,350,97,47,50,253,24,45,47,69,7,14,47
S01010516,270,98,35,63,172,22,37,25,52,3,9,24
S01010517,362,99,32,67,263,33,42,46,77,8,18,39
S01010518,293,88,27,61,205,16,32,30,71,11,12,33
S01010519,282,50,16,34,232,20,37,46,57,15,13,44
S01010520,410,127,70,57,283,13,63,73,70,10,19,35
S01010521,339,112,53,59,227,26,42,55,57,4,14,29
S01010522,283,129,51,78,154,11,20,38,45,4,14,22
S01010523,258,63,20,43,195,39,18,50,47,8,18,15
S01010524,234,63,26,37,171,1,41,23,67,4,7,28
S01010525,259,67,31,36,192,2,58,32,45,6,18,31
S01010526,364,129,62,67,235,10,48,52,77,7,13,28
S01010527,455,193,88,105,262,34,58,41,84,8,11,26
S01010528,265,80,34,46,185,3,34,35,67,8,15,23
S01010529,283,65,28,37,218,9,58,37,50,8,12,44
S01010530,278,70,37,33,208,7,49,32,72,8,14,26
S01010531,496,170,89,81,326,10,84,58,94,11,16,53
S01010532,245,72,30,42,173,5,47,37,46,2,6,30
S01010533,272,111,65,46,161,1,43,27,47,3,11,29
S01010534,374,101,47,54,273,23,44,53,85,12,12,44
S01010535,305,85,36,49,220,18,57,43,61,6,16,19
S01010536,397,150,75,75,247,15,53,59,63,6,16,35
S01010537,330,126,36,90,204,14,41,35,69,6,11,28
S01010538,337,85,11,74,252,42,19,64,77,15,16,19
S01010539,496,172,46,126,324,18,55,67,141,3,8,32
S01010540,298,97,47,50,201,13,54,24,65,4,13,28
S01010541,362,91,29,62,271,17,67,46,84,6,16,35
S01010542,388,107,60,47,281,14,81,42,86,11,14,33
S01010543,255,62,30,32,193,5,43,31,67,7,10,30
S01010544,370,110,60,50,260,21,53,52,66,13,17,38
S01010545,344,139,73,66,205,14,48,38,56,14,15,20
S01010546,369,146,78,68,223,16,55,33,72,7,10,30
S01010547,313,79,37,42,234,9,55,40,66,8,18,38
S01010548,299,74,48,26,225,5,85,33,56,7,10,29
S01010549,366,61,26,35,305,14,57,88,92,20,9,25
S01010550,236,72,38,34,164,10,31,29,50,4,16,24
S01010551,267,53,14,39,214,18,31,43,64,17,14,27
S01010552,334,88,31,57,246,14,60,38,71,10,26,27
S01010553,261,55,14,41,206,9,43,30,75,6,17,26
S01010554,396,176,84,92,220,28,34,40,76,2,17,23
S01010555,450,173,62,111,277,30,41,47,108,8,14,29
S01010556,410,159,93,66,251,34,35,51,64,10,20,37
S01010557,278,82,55,27,196,22,42,46,38,2,15,31
S01010558,385,134,68,66,251,18,85,39,64,6,17,22
S01010559,351,126,91,35,225,9,73,35,64,13,7,24
S01010560,291,79,42,37,212,10,65,30,53,5,10,39
S01010561,301,77,54,23,224,7,56,44,61,7,17,32
S01010562,314,84,47,37,230,6,54,42,60,2,21,45
S01010563,211,63,30,33,148,12,18,26,41,4,15,32
S01010564,269,127,45,82,142,12,38,13,46,4,4,25
S01010565,276,79,43,36,197,5,42,32,52,10,13,43
S01010566,453,119,54,65,334,13,60,72,99,14,23,53
S01010567,379,80,26,54,299,7,42,50,91,19,25,65
S01010568,391,75,27,48,316,21,57,71,90,13,20,44
S01010569,295,64,21,43,231,9,39,40,74,6,16,47
S01010570,467,142,72,70,325,40,52,60,93,7,24,49
S01010571,398,173,41,132,225,16,28,44,93,6,13,25
S01010572,336,110,30,80,226,24,23,56,63,5,17,38
S01010573,222,60,14,46,162,9,25,44,38,6,9,31
S01010574,236,46,25,21,190,6,36,48,50,11,13,26
S01010575,284,58,36,22,226,6,62,40,63,4,14,37
S01010576,326,62,36,26,264,6,59,47,73,9,23,47
S01010577,354,94,38,56,260,29,30,42,65,17,23,54
S01010578,203,30,10,20,173,13,20,28,36,4,25,47
S01010579,325,96,36,60,229,5,45,46,70,6,15,42
S01010580,305,153,17,136,152,11,25,23,76,0,4,13
S01010581,243,92,18,74,151,12,9,43,57,4,5,21
S01010582,185,46,17,29,139,7,16,23,49,9,10,25
S01010583,440,132,45,87,308,17,54,69,95,7,21,45
S01010584,312,63,10,53,249,29,16,77,65,14,17,31
S01010585,304,36,1,35,268,25,8,103,83,11,15,23
S01010586,305,56,24,32,249,5,39,70,72,8,13,42
S01010587,293,66,33,33,227,6,55,37,65,5,15,44
S01010588,268,71,22,49,197,11,35,50,50,8,10,33
S01010589,299,115,24,91,184,21,20,40,68,3,9,23
S01010590,293,32,12,20,261,8,21,96,56,18,17,45
S01010591,303,63,5,58,240,37,7,76,81,13,10,16
S01010592,273,120,18,102,153,24,24,24,58,2,5,16
S01010593,259,61,26,35,198,10,37,46,51,7,18,29
S01010594,281,71,13,58,210,19,24,64,68,8,9,18
S01010595,310,61,3,58,249,33,11,101,63,11,14,16
S01010596,310,57,17,40,253,12,23,63,83,15,20,37
S01010597,274,69,3,66,205,32,10,66,68,2,11,16
S01010598,404,91,7,84,313,34,10,107,99,17,24,22
S01010599,248,55,13,42,193,11,33,44,62,13,8,22
S01010600,427,135,62,73,292,7,85,37,90,4,16,53
S01010601,302,84,50,34,218,2,84,42,40,6,12,32
S01010602,260,113,26,87,147,6,18,28,56,5,5,29
S01010603,369,117,59,58,252,6,60,39,79,8,13,47
S01010604,193,33,15,18,160,5,39,39,37,6,11,23
S01010605,387,105,67,38,282,6,80,45,72,6,14,59
S01010606,371,118,64,54,253,37,55,40,59,5,18,39
S01010607,346,83,43,40,263,6,57,49,68,13,17,53
S01010608,306,109,27,82,197,52,22,38,40,5,8,32
S01010609,242,59,18,41,183,29,27,31,45,5,15,31
S01010610,318,116,65,51,202,6,56,30,70,3,7,30
S01010611,496,237,64,173,259,31,48,51,85,3,11,30
S01010612,316,68,28,40,248,15,50,45,72,14,19,33
S01010613,341,139,72,67,202,13,50,30,53,4,11,41
S01010614,264,120,47,73,144,20,23,27,30,4,12,28
S01010615,383,131,21,110,252,30,20,65,92,3,13,29
S01010616,359,90,50,40,269,10,64,54,60,3,20,58
S01010617,360,73,36,37,287,10,57,64,75,6,22,53
S01010618,307,63,21,42,244,13,32,49,67,6,10,67
S01010619,318,129,13,116,189,28,16,26,85,4,9,21
S01010620,369,207,22,185,162,16,5,32,86,2,3,18
S01010621,432,165,41,124,267,14,45,56,94,7,10,41
S01010622,333,149,51,98,184,43,21,32,53,2,9,24
S01010623,278,29,6,23,249,27,5,99,56,25,16,21
S01010624,244,78,23,55,166,18,21,39,45,4,11,28
S01010625,333,81,47,34,252,1,81,28,71,10,17,44
S01010626,368,104,59,45,264,2,92,38,65,7,18,42
S01010627,401,177,58,119,224,12,46,37,86,7,11,25
S01010628,472,218,91,127,254,14,43,43,92,5,10,47
S01010629,445,196,100,96,249,17,53,38,68,15,19,39
S01010630,252,83,23,60,169,26,21,33,47,4,7,31
S01010631,326,148,62,86,178,11,24,23,86,3,3,28
S01010632,486,198,116,82,288,32,70,49,81,5,13,38
S01010633,476,197,101,96,279,37,51,55,57,14,20,45
S01010634,264,67,34,33,197,13,43,39,39,3,22,38
S01010635,351,128,78,50,223,25,31,30,55,11,26,45
S01010636,386,139,55,84,247,15,56,41,79,6,12,38
S01010637,352,232,77,155,120,4,22,13,62,2,3,14
S01010638,417,193,119,74,224,19,65,28,63,4,14,31
S01010639,555,214,69,145,341,59,42,54,122,4,16,44
S01010640,411,185,32,153,226,26,28,25,93,0,9,45
S01010641,531,263,68,195,268,57,23,58,84,14,4,28
S01010642,451,157,51,106,294,74,35,58,69,6,19,33
S01010643,287,72,13,59,215,49,11,46,46,15,18,30
S01010644,346,178,36,142,168,45,16,31,42,9,11,14
S01010645,278,123,30,93,155,3,22,32,62,1,9,26
S01010646,287,75,27,48,212,5,43,25,66,8,16,49
S01010647,306,121,35,86,185,6,27,21,74,3,11,43
S01010648,306,116,44,72,190,12,31,27,59,2,14,45
S01010649,280,112,64,48,168,7,44,34,51,3,5,24
S01010650,196,62,15,47,134,6,15,34,44,3,11,21
S01010651,295,100,35,65,195,5,22,37,72,6,12,41
S01010652,309,77,19,58,232,18,35,45,71,5,15,43
S01010653,300,117,43,74,183,8,35,18,74,1,11,36
S01010654,348,127,42,85,221,23,24,34,67,6,10,57
S01010655,380,106,55,51,274,11,51,52,85,17,16,42
S01010656,182,32,13,19,150,14,35,39,26,3,14,19
S01010657,248,41,19,22,207,7,42,29,63,7,18,41
S01010658,296,69,30,39,227,6,53,36,63,10,15,44
S01010659,276,61,19,42,215,5,51,28,76,10,11,34
S01010660,285,107,62,45,178,12,39,36,42,3,11,35
S01010661,307,132,66,66,175,13,38,23,70,2,3,26
S01010662,310,70,37,33,240,12,45,45,71,7,18,42
S01010663,381,76,38,38,305,7,73,48,83,19,21,54
S01010664,337,74,30,44,263,8,64,42,74,13,22,40
S01010665,430,139,68,71,291,23,66,44,94,12,17,35
S01010666,416,132,76,56,284,15,60,61,76,12,21,39
S01010667,288,75,29,46,213,5,39,45,57,10,18,39
S01010668,503,159,85,74,344,7,78,59,124,9,16,51
S01010669,266,90,48,42,176,5,43,23,49,15,12,29
S01010670,296,82,31,51,214,7,48,37,70,5,17,30
S01010671,329,101,38,63,228,18,55,34,69,7,11,34
S01010672,321,123,40,83,198,25,39,36,61,5,7,25
S01010673,419,154,56,98,265,17,61,37,83,13,12,42
S01010674,419,134,38,96,285,22,53,51,86,15,18,40
S01010675,273,64,38,26,209,7,52,31,69,7,9,34
S01010676,392,131,47,84,261,10,71,39,81,11,15,34
S01010677,224,62,29,33,162,13,51,13,47,6,10,22
S01010678,273,80,35,45,193,5,43,31,62,7,12,33
S01010679,282,113,42,71,169,10,42,21,63,3,10,20
S01010680,315,135,63,72,180,23,31,24,63,4,9,26
S01010681,461,170,40,130,291,41,25,66,80,19,23,37
S01010682,398,97,41,56,301,13,58,55,96,13,18,48
S01010683,423,124,63,61,299,4,76,43,95,16,15,50
S01010684,361,102,58,44,259,12,78,32,85,3,11,38
S01010685,294,96,49,47,198,8,57,20,73,5,13,22
S01010686,309,94,46,48,215,9,49,32,69,10,15,31
S01010687,379,133,73,60,246,11,64,51,66,12,9,33
S01010688,335,124,47,77,211,6,73,29,51,6,13,33
S01010689,378,132,83,49,246,5,90,25,81,11,7,27
S01010690,330,145,78,67,185,16,33,40,61,7,7,21
S01010691,325,88,39,49,237,13,58,31,78,10,12,35
S01010692,307,92,34,58,215,17,32,55,58,7,15,31
S01010693,216,68,28,40,148,3,45,24,44,6,7,19
S01010694,270,91,51,40,179,4,62,19,49,5,7,33
S01010695,304,81,30,51,223,12,57,25,61,8,15,45
S01010696,402,111,48,63,291,16,63,56,72,14,22,48
S01010697,458,132,52,80,326,10,94,69,62,16,20,55
S01010698,338,104,46,58,234,26,56,32,65,10,9,36
S01010699,250,63,16,47,187,6,34,33,57,9,15,33
S01010700,258,67,26,41,191,4,45,38,51,8,14,31
S01010701,432,111,54,57,321,18,47,67,93,16,24,56
S01010702,417,102,49,53,315,7,80,44,104,9,12,59
S01010703,341,70,30,40,271,9,73,33,75,6,26,49
S01010704,300,105,53,52,195,18,45,33,40,7,12,40
S01010705,463,112,52,60,351,27,67,69,98,13,29,48
S01010706,293,89,28,61,204,26,28,39,67,5,16,23
S01010707,265,53,27,26,212,0,49,28,60,7,19,49
S01010708,252,85,48,37,167,10,34,24,54,5,11,29
S01010709,299,72,44,28,227,12,34,52,60,9,15,45
S01010710,316,87,39,48,229,19,46,23,66,16,17,42
S01010711,319,78,46,32,241,10,52,56,64,10,11,38
S01010712,269,56,22,34,213,22,30,37,48,16,18,42
S01010713,322,77,39,38,245,14,32,55,71,15,12,46
S01010714,380,166,77,89,214,34,50,33,58,4,11,24
S01010715,340,129,61,68,211,18,50,35,63,3,12,30
S01010716,444,202,64,138,242,17,46,52,79,3,4,41
S01010717,272,66,39,27,206,6,65,31,49,1,13,41
S01010718,393,101,32,69,292,22,50,60,78,10,17,55
S01010719,282,94,45,49,188,9,47,37,42,6,14,33
S01010720,336,112,84,28,224,8,64,37,47,8,7,53
S01010721,296,92,43,49,204,5,60,33,62,2,9,33
S01010722,394,130,77,53,264,23,58,50,72,10,17,34
S01010723,329,60,28,32,269,5,45,49,69,17,33,51
S01010724,354,74,43,31,280,11,54,57,84,13,18,43
S01010725,287,67,30,37,220,4,61,26,56,6,19,48
S01010726,415,122,65,57,293,12,87,37,85,6,21,45
S01010727,243,38,22,16,205,0,51,37,54,12,14,37
S01010728,204,33,13,20,171,0,48,38,44,6,14,21
S01010729,269,44,24,20,225,3,41,37,61,7,26,50
S01010730,343,73,35,38,270,12,48,46,88,6,28,42
S01010731,399,134,66,68,265,24,45,38,77,7,25,49
S01010732,334,80,29,51,254,32,28,36,75,14,16,53
S01010733,246,80,27,53,166,32,19,31,36,6,17,25
S01010734,362,109,34,75,253,40,27,45,62,5,39,35
S01010735,244,55,13,42,189,35,15,56,35,7,17,24
S01010736,218,50,28,22,168,4,43,35,53,4,8,21
S01010737,487,172,95,77,315,26,69,50,100,4,16,50
S01010738,235,58,29,29,177,12,42,29,43,2,12,37
S01010739,388,116,39,77,272,26,56,52,81,12,8,37
S01010740,260,132,45,87,128,29,16,16,31,11,6,19
S01010741,249,65,36,29,184,14,42,35,56,3,8,26
S01010742,308,90,50,40,218,22,39,46,51,11,14,35
S01010743,273,68,34,34,205,21,25,38,43,25,23,30
S01010744,459,132,60,72,327,21,64,56,102,12,25,47
S01010745,327,156,61,95,171,12,40,24,57,4,13,21
S01010746,441,126,45,81,315,14,64,43,98,18,24,54
S01010747,357,111,42,69,246,29,42,37,60,10,16,52
S01010748,280,76,43,33,204,14,51,31,64,4,10,30
S01010749,261,65,29,36,196,11,51,33,49,7,12,33
S01010750,287,70,35,35,217,7,74,25,71,6,8,26
S01010751,333,113,44,69,220,24,43,43,59,9,18,24
S01010752,332,104,39,65,228,30,35,48,69,10,12,24
S01010753,434,125,34,91,309,34,43,60,81,19,27,45
S01010754,357,167,83,84,190,23,43,32,51,5,5,31
S01010755,298,107,53,54,191,16,50,34,48,6,6,31
S01010756,286,83,50,33,203,6,52,42,57,8,11,27
S01010757,365,123,64,59,242,6,74,28,80,8,8,38
S01010758,305,86,52,34,219,10,63,28,59,7,12,40
S01010759,279,115,57,58,164,15,37,29,35,7,12,29
S01010760,306,135,83,52,171,7,60,26,51,4,5,18
S01010761,222,61,33,28,161,4,43,21,49,8,12,24
S01010762,263,73,43,30,190,6,54,28,57,5,16,24
S01010763,316,115,63,52,201,17,48,41,52,12,7,24
S01010764,289,107,48,59,182,7,61,26,56,5,6,21
S01010765,471,153,83,70,318,16,87,48,98,8,21,40
S01010766,359,127,76,51,232,17,61,38,58,5,18,35
S01010767,347,130,67,63,217,24,57,39,56,5,9,27
S01010768,284,110,73,37,174,15,56,30,41,2,6,24
S01010769,217,56,36,20,161,3,45,15,52,6,12,28
S01010770,385,127,51,76,258,12,61,51,69,10,14,41
S01010771,445,188,105,83,257,15,80,28,80,9,12,33
S01010772,376,133,58,75,243,8,79,27,82,2,8,37
S01010773,336,87,38,49,249,13,51,35,79,8,21,42
S01010774,325,108,57,51,217,16,48,27,62,12,14,38
S01010775,266,56,16,40,210,7,40,46,67,4,15,31
S01010776,266,116,48,68,150,13,34,29,36,6,6,26
S01010777,270,142,55,87,128,8,23,26,38,2,6,25
S01010778,239,103,17,86,136,32,13,26,38,7,7,13
S01010779,355,139,54,85,216,25,43,29,62,8,19,30
S01010780,261,83,42,41,178,16,42,25,52,5,8,30
S01010781,350,116,44,72,234,9,49,36,76,15,16,33
S01010782,293,130,45,85,163,13,35,23,52,8,20,12
S01010783,275,111,50,61,164,14,31,33,52,4,6,24
S01010784,345,123,61,62,222,44,24,40,66,8,11,29
S01010785,301,77,37,40,224,9,54,34,69,7,12,39
S01010786,255,65,21,44,190,10,26,49,46,13,14,32
S01010787,384,102,44,58,282,8,77,53,69,20,17,38
S01010788,274,81,37,44,193,10,33,34,65,12,11,28
S01010789,292,70,33,37,222,9,47,41,54,12,17,42
S01010790,282,77,52,25,205,3,54,27,53,7,20,41
S01010791,369,98,51,47,271,3,81,42,81,9,16,39
S01010792,287,107,29,78,180,23,33,34,41,9,8,32
S01010793,275,61,33,28,214,13,46,41,63,8,6,37
S01010794,234,62,19,43,172,13,34,34,51,7,13,20
S01010795,445,141,67,74,304,12,86,51,80,8,23,44
S01010796,341,78,38,40,263,0,62,50,77,14,19,41
S01010797,329,80,32,48,249,7,47,50,81,6,15,43
S01010798,293,80,31,49,213,7,58,39,53,10,11,35
S01010799,530,276,119,157,254,16,77,31,88,5,6,31
S01010800,360,139,45,94,221,17,54,41,63,4,10,32
S01010801,354,131,72,59,223,18,57,45,64,3,7,29
S01010802,263,84,32,52,179,7,41,28,59,11,5,28
S01010803,280,110,39,71,170,22,29,31,45,9,4,30
S01010804,283,112,46,66,171,8,49,27,43,4,18,22
S01010805,377,109,43,66,268,21,63,44,76,6,13,45
S01010806,458,193,61,132,265,40,39,37,93,9,15,32
S01010807,244,64,33,31,180,15,38,37,50,6,12,22
S01010808,230,57,21,36,173,19,36,40,44,6,10,18
S01010809,328,92,30,62,236,6,54,44,76,3,14,39
S01010810,249,110,55,55,139,5,42,23,40,3,8,18
S01010811,414,153,68,85,261,6,64,33,95,10,16,37
S01010812,238,97,45,52,141,3,31,16,43,7,13,28
S01010813,249,88,30,58,161,11,36,23,53,3,9,26
S01010814,307,122,48,74,185,11,46,26,63,5,12,22
S01010815,208,77,36,41,131,3,30,24,46,5,9,14
S01010816,293,112,85,27,181,8,54,34,36,10,15,24
S01010817,376,100,37,63,276,16,56,55,69,16,20,44
S01010818,507,219,113,106,288,21,61,61,86,12,16,31
S01010819,374,119,59,60,255,17,78,33,66,13,8,40
S01010820,217,54,24,30,163,6,40,33,42,10,9,23
S01010821,245,51,34,17,194,3,67,31,35,8,14,36
S01010822,280,71,9,62,209,8,33,60,65,3,7,33
S01010823,147,16,4,12,131,15,3,38,34,9,13,19
S01010824,250,31,5,26,219,9,20,92,33,9,24,32
S01010825,125,15,9,6,110,5,13,44,26,4,7,11
S01010826,315,88,38,50,227,18,44,33,56,8,20,48
S01010827,221,32,14,18,189,3,30,37,47,7,20,45
S01010828,441,80,25,55,361,8,31,107,85,14,40,76
S01010829,464,197,67,130,267,6,59,37,96,4,10,55
S01010830,231,63,29,34,168,6,32,26,39,1,15,49
S01010831,197,25,6,19,172,1,7,76,32,6,18,32
S01010832,284,72,19,53,212,9,21,51,41,2,25,63
S01010833,348,84,31,53,264,2,39,59,67,10,30,57
S01010834,422,129,58,71,293,5,88,49,82,6,18,45
S01010835,270,55,31,24,215,4,73,22,48,2,17,49
S01010836,384,154,54,100,230,14,39,34,84,5,15,39
S01010837,289,77,47,30,212,20,65,28,41,4,13,41
S01010838,330,97,45,52,233,15,35,55,41,8,27,52
S01010839,339,132,62,70,207,16,50,37,48,9,14,33
S01010840,300,175,84,91,125,15,25,14,42,0,3,26
S01010841,390,164,56,108,226,14,42,44,83,2,7,34
S01010842,613,409,171,238,204,38,55,19,64,2,5,21
S01010843,407,244,117,127,163,17,41,21,58,2,2,22
S01010844,289,81,43,38,208,7,54,34,50,3,17,43
S01010845,259,58,32,26,201,9,55,32,43,4,14,44
S01010846,296,72,21,51,224,23,22,41,54,6,17,61
S01010847,259,61,14,47,198,17,18,52,51,4,12,44
S01010848,260,70,26,44,190,32,16,23,45,5,30,39
S01010849,364,100,34,66,264,29,34,47,44,13,29,68
S01010850,373,143,37,106,230,49,31,35,48,6,14,47
S01010851,347,110,30,80,237,53,28,49,50,5,19,33
S01010852,306,80,36,44,226,10,46,35,57,6,19,53
S01010853,358,86,35,51,272,16,49,47,65,7,26,62
S01010854,384,112,36,76,272,56,30,51,48,7,23,57
S01010855,223,55,30,25,168,12,37,33,33,5,14,34
S01010856,455,215,87,128,240,34,43,47,69,4,15,28
S01010857,324,73,16,57,251,35,19,70,52,3,26,46
S01010858,330,116,48,68,214,29,43,28,52,4,19,39
S01010859,304,103,57,46,201,31,25,33,32,3,18,59
S01010860,279,95,33,62,184,20,35,21,42,2,17,47
S01010861,332,159,49,110,173,30,34,26,34,2,18,29
S01010862,266,131,26,105,135,29,16,17,22,4,14,33
S01010863,317,92,47,45,225,7,48,41,55,8,15,51
S01010864,250,73,32,41,177,9,44,27,46,1,11,39
S01010865,345,118,71,47,227,8,86,23,57,1,8,44
S01010866,312,117,82,35,195,2,66,32,36,7,8,44
S01010867,285,101,55,46,184,4,49,33,40,2,13,43
S01010868,306,92,49,43,214,6,60,30,48,3,22,45
S01010869,290,73,34,39,217,5,50,33,40,5,27,57
S01010870,407,192,100,92,215,20,48,42,59,2,10,34
S01010871,408,183,86,97,225,20,39,39,58,4,21,44
S01010872,403,213,69,144,190,21,34,28,65,4,7,31
S01010873,400,292,152,140,108,27,25,8,36,0,1,11
S01010874,307,96,37,59,211,16,25,33,45,7,21,64
S01010875,257,107,40,67,150,20,13,34,51,4,7,21
S01010876,393,178,48,130,215,42,26,30,74,8,6,29
S01010877,467,189,51,138,278,43,41,48,76,3,12,55
S01010878,512,234,125,109,278,23,73,37,82,7,13,43
S01010879,387,136,43,93,251,25,45,36,73,4,20,48
S01010880,268,114,43,71,154,31,20,27,33,3,7,33
S01010881,285,96,64,32,189,10,61,18,39,4,15,42
S01010882,203,45,16,29,158,8,19,32,26,1,23,49
S01010883,336,102,28,74,234,8,25,49,51,3,33,65
S01010884,408,227,68,159,181,50,38,23,35,3,6,26
S01010885,541,298,86,212,243,65,28,37,73,6,9,25
S01010886,250,130,26,104,120,12,13,15,48,1,8,23
S01010887,458,252,110,142,206,29,48,26,45,4,19,35
S01010888,437,217,60,157,220,22,41,27,89,4,7,30
S01010889,344,221,50,171,123,20,24,16,44,1,2,16
S01010890,507,320,180,140,187,20,66,15,56,1,4,25
S01010891,280,200,87,113,80,14,21,7,26,0,2,10
S01010892,531,336,141,195,195,25,48,24,68,0,7,23
S01010893,327,211,79,132,116,13,27,15,36,1,7,17
S01010894,312,137,36,101,175,27,23,41,57,5,6,16
S01010895,256,160,49,111,96,22,18,12,27,0,4,13
S01010896,339,147,47,100,192,29,31,26,55,1,9,41
S01010897,380,143,44,99,237,40,34,35,54,5,16,53
S01010898,253,79,29,50,174,20,26,18,38,3,19,50
S01010899,221,48,22,26,173,14,17,33,39,3,18,49
S01010900,298,83,11,72,215,64,22,32,42,8,13,34
S01010901,205,66,22,44,139,31,19,20,30,4,10,25
S01010902,453,173,84,89,280,26,51,43,75,1,22,62
S01010903,427,204,90,114,223,51,37,21,60,2,11,41
S01010904,271,130,23,107,141,24,13,17,45,4,15,23
S01010905,290,93,14,79,197,37,15,34,69,4,13,25
S01010906,383,92,26,66,291,49,12,64,75,6,29,56
S01010907,199,34,4,30,165,7,8,56,58,6,14,16
S01010908,274,103,52,51,171,16,21,27,43,7,9,48
S01010909,284,85,20,65,199,7,41,35,43,3,15,55
S01010910,273,154,35,119,119,29,12,20,30,3,8,17
S01010911,360,231,100,131,129,24,37,9,36,0,2,21
S01010912,392,213,102,111,179,25,49,20,41,4,8,32
S01010913,293,111,28,83,182,12,27,30,50,5,17,41
S01010914,255,59,14,45,196,12,25,31,50,7,23,48
S01010915,271,50,17,33,221,17,19,41,49,5,26,64
S01010916,333,194,43,151,139,37,21,13,26,2,6,34
S01010917,369,173,66,107,196,25,40,23,47,2,13,46
S01010918,334,119,78,41,215,19,50,32,49,6,16,43
S01010919,335,99,32,67,236,23,54,32,36,9,20,62
S01010920,254,87,22,65,167,37,8,28,38,6,14,36
S01010921,257,75,30,45,182,15,28,25,41,6,16,51
S01010922,346,107,58,49,239,28,37,30,55,4,27,58
S01010923,398,139,61,78,259,25,44,45,69,7,20,49
S01010924,260,81,43,38,179,12,34,21,43,3,20,46
S01010925,386,122,50,72,264,53,54,35,54,4,24,40
S01010926,352,119,49,70,233,37,38,27,59,3,15,54
S01010927,251,70,29,41,181,30,31,25,43,5,13,34
S01010928,311,97,30,67,214,45,30,30,42,9,18,40
S01010929,271,77,30,47,194,35,21,28,44,4,16,46
S01010930,357,69,25,44,288,7,44,72,104,10,15,36
S01010931,203,64,26,38,139,9,36,19,42,4,9,20
S01010932,277,111,44,67,166,14,29,37,60,4,3,19
S01010933,276,46,16,30,230,5,23,80,67,10,13,32
S01010934,424,105,38,67,319,7,64,73,90,19,13,53
S01010935,323,125,82,43,198,7,75,30,41,3,6,36
S01010936,404,228,94,134,176,7,43,17,67,4,9,29
S01010937,323,92,38,54,231,11,44,35,79,1,18,43
S01010938,369,131,56,75,238,41,38,42,55,7,18,37
S01010939,199,32,12,20,167,5,30,33,50,5,10,34
S01010940,268,42,31,11,226,3,62,31,52,6,19,53
S01010941,323,48,29,19,275,4,63,48,60,9,22,69
S01010942,268,51,30,21,217,3,60,36,53,1,13,51
S01010943,244,45,17,28,199,22,29,35,58,7,13,35
S01010944,295,124,50,74,171,29,36,28,43,3,8,24
S01010945,222,57,20,37,165,10,28,26,44,6,12,39
S01010946,344,97,61,36,247,19,45,44,55,6,20,58
S01010947,242,73,29,44,169,23,38,28,35,2,6,37
S01010948,288,76,28,48,212,18,44,40,54,6,14,36
S01010949,344,47,30,17,297,5,48,61,76,9,21,77
S01010950,380,108,47,61,272,28,72,44,66,7,12,43
S01010951,258,57,30,27,201,23,40,37,44,6,12,39
S01010952,199,30,14,16,169,17,17,43,42,5,14,31
S01010953,225,51,25,26,174,12,28,36,41,3,13,41
S01010954,206,41,15,26,165,5,25,30,56,4,10,35
S01010955,345,44,17,27,301,16,32,85,71,36,19,42
S01010956,304,89,26,63,215,6,34,46,73,6,12,38
S01010957,231,44,29,15,187,5,44,37,44,10,7,40
S01010958,224,66,41,25,158,5,57,16,40,5,7,28
S01010959,290,118,56,62,172,14,24,35,62,6,8,23
S01010960,441,115,44,71,326,22,55,63,87,11,31,57
S01010961,246,74,40,34,172,16,41,26,35,5,12,37
S01010962,314,160,60,100,154,2,57,9,55,0,6,25
S01010963,395,112,56,56,283,17,50,68,63,7,22,56
S01010964,216,43,21,22,173,5,53,29,36,5,8,37
S01010965,230,73,30,43,157,32,19,14,46,4,9,33
S01010966,309,89,45,44,220,16,49,40,68,4,12,31
S01010967,309,103,39,64,206,27,35,42,55,5,15,27
S01010968,316,77,36,41,239,8,69,42,70,5,12,33
S01010969,264,91,50,41,173,9,44,17,68,3,8,24
S01010970,428,142,70,72,286,19,55,45,87,13,21,46
S01010971,401,60,20,40,341,40,52,54,90,16,21,68
S01010972,333,73,35,38,260,29,33,63,57,13,22,43
S01010973,205,51,28,23,154,8,38,16,36,4,12,40
S01010974,298,86,42,44,212,14,45,27,43,8,11,64
S01010975,195,45,30,15,150,15,23,24,37,9,15,27
S01010976,211,55,22,33,156,8,31,30,41,1,15,30
S01010977,312,89,50,39,223,18,46,33,59,5,21,41
S01010978,354,147,78,69,207,31,31,38,51,8,12,36
S01010979,324,83,37,46,241,17,40,49,48,11,26,50
S01010980,348,137,54,83,211,21,45,34,56,7,16,32
S01010981,330,104,50,54,226,14,58,34,62,5,20,33
S01010982,447,114,44,70,333,6,62,60,115,13,13,64
S01010983,388,137,72,65,251,25,60,49,75,1,9,32
S01010984,300,83,57,26,217,6,72,33,52,4,18,32
S01010985,244,59,28,31,185,13,42,45,22,4,18,41
S01010986,179,18,10,8,161,2,17,58,36,6,21,21
S01010987,219,27,13,14,192,9,16,73,41,14,23,16
S01010988,205,17,4,13,188,4,14,73,40,10,19,28
S01010989,357,58,4,54,299,10,5,112,129,9,17,17
S01010990,319,74,46,28,245,15,47,50,61,9,19,44
S01010991,198,24,10,14,174,7,30,32,49,2,13,41
S01010992,184,14,2,12,170,4,8,72,42,11,13,20
S01010993,252,47,19,28,205,10,43,50,55,3,14,30
S01010994,390,70,23,47,320,11,62,80,89,13,22,43
S01010995,290,49,14,35,241,6,47,40,82,5,15,46
S01010996,235,61,28,33,174,1,27,43,59,5,10,29
S01010997,290,75,50,25,215,3,71,27,67,7,9,31
S01010998,216,34,21,13,182,3,34,41,48,9,11,36
S01010999,412,141,77,64,271,7,94,51,66,11,15,27
S01011000,345,86,37,49,259,16,37,45,73,13,20,55
S01011001,273,81,44,37,192,15,43,32,40,5,17,40
S01011002,314,100,53,47,214,22,45,24,49,5,20,49
S01011003,280,79,43,36,201,15,33,36,44,8,18,47
S01011004,249,46,22,24,203,17,33,51,58,1,19,24
S01011005,337,127,41,86,210,22,51,37,72,2,6,20
S01011006,422,91,39,52,331,24,53,70,115,10,18,41
S01011007,280,65,36,29,215,23,49,39,46,5,16,37
S01011008,332,86,44,42,246,17,56,28,65,12,15,53
S01011009,222,60,18,42,162,15,20,29,54,5,9,30
S01011010,335,187,52,135,148,13,27,20,66,4,4,14
S01011011,435,235,89,146,200,35,29,29,68,1,8,30
S01011012,313,95,23,72,218,39,33,42,62,8,18,16
S01011013,375,126,77,49,249,22,51,48,70,6,16,36
S01011014,364,106,31,75,258,23,34,43,82,4,18,54
S01011015,200,64,37,27,136,11,19,17,40,3,10,36
S01011016,311,49,4,45,262,10,10,96,88,10,20,28
S01011017,352,72,27,45,280,12,77,52,81,5,16,37
S01011018,366,110,55,55,256,7,52,53,71,8,20,45
S01011019,408,80,36,44,328,21,52,79,97,19,13,47
S01011020,202,51,17,34,151,4,28,33,56,9,7,14
S01011021,351,99,53,46,252,13,49,38,48,12,22,70
S01011022,233,53,28,25,180,25,25,27,48,6,18,31
S01011023,350,100,47,53,250,20,40,46,74,8,14,48
S01011024,302,61,25,36,241,37,29,52,50,9,16,48
S01011025,276,62,18,44,214,23,23,32,62,8,15,51
S01011026,235,59,7,52,176,16,25,32,52,2,7,42
S01011027,418,146,70,76,272,48,40,66,58,9,18,33
S01011028,425,127,56,71,298,59,50,60,61,9,23,36
S01011029,264,75,26,49,189,16,37,34,49,6,14,33
S01011030,369,62,16,46,307,10,49,62,83,9,29,65
S01011031,320,95,56,39,225,32,47,41,45,7,18,35
S01011032,353,113,53,60,240,24,44,42,64,5,13,48
S01011033,275,79,25,54,196,7,33,47,58,5,10,36
S01011034,331,140,79,61,191,11,44,39,52,7,11,27
S01011035,252,47,15,32,205,17,20,44,62,10,16,36
S01011036,285,82,25,57,203,9,34,49,63,1,16,31
S01011037,409,127,38,89,282,38,40,62,62,10,34,36
S01011038,337,89,39,50,248,24,28,53,63,14,27,39
S01011039,392,166,69,97,226,7,41,54,74,2,11,37
S01011040,285,63,26,37,222,26,34,41,54,10,25,32
S01011041,292,64,31,33,228,36,33,48,41,9,28,33
S01011042,333,75,22,53,258,14,35,66,88,11,15,29
S01011043,310,93,37,56,217,26,48,36,51,7,18,31
S01011044,307,98,31,67,209,34,29,31,49,7,14,45
S01011045,369,112,52,60,257,27,65,48,70,12,14,21
S01011046,362,90,35,55,272,13,63,45,77,5,20,49
S01011047,396,76,31,45,320,10,85,65,81,17,14,48
S01011048,440,152,84,68,288,18,77,56,66,8,20,43
S01011049,322,99,51,48,223,18,58,33,72,4,10,28
S01011050,323,73,31,42,250,11,57,45,62,12,18,45
S01011051,428,149,77,72,279,8,55,55,92,8,20,41
S01011052,366,115,72,43,251,12,75,47,59,8,23,27
S01011053,295,90,34,56,205,19,50,28,63,6,16,23
S01011054,244,74,38,36,170,11,38,32,57,4,8,20
S01011055,228,61,25,36,167,8,31,35,40,8,13,32
S01011056,271,52,21,31,219,3,49,37,65,12,20,33
S01011057,238,64,29,35,174,6,30,28,52,8,13,37
S01011058,251,46,21,25,205,5,35,40,61,7,11,46
S01011059,248,54,24,30,194,2,31,35,64,12,18,32
S01011060,402,154,91,63,248,10,72,44,69,5,17,31
S01011061,404,142,67,75,262,28,54,39,87,9,15,30
S01011062,423,170,72,98,253,8,51,38,71,17,19,49
S01011063,472,160,84,76,312,29,84,55,66,10,18,50
S01011064,480,173,85,88,307,13,79,50,86,14,11,54
S01011065,289,64,27,37,225,12,58,27,67,8,23,30
S01011066,231,70,39,31,161,11,48,20,44,5,9,24
S01011067,284,121,74,47,163,9,48,36,37,5,10,18
S01011068,238,78,39,39,160,12,35,29,49,8,14,13
S01011069,251,80,43,37,171,14,40,26,40,7,11,33
S01011070,274,91,47,44,183,9,40,38,48,8,13,27
S01011071,357,94,52,42,263,7,71,26,72,6,20,61
S01011072,407,84,39,45,323,25,54,68,96,10,16,54
S01011073,286,77,36,41,209,5,44,31,57,6,22,44
S01011074,280,94,37,57,186,9,46,33,56,6,12,24
S01011075,322,100,53,47,222,31,37,48,58,7,7,34
S01011076,348,143,86,57,205,12,38,41,52,12,16,34
S01011077,337,108,49,59,229,43,53,39,41,6,20,27
S01011078,466,121,59,62,345,14,97,70,82,7,32,43
S01011079,488,176,72,104,312,7,67,60,99,12,18,49
S01011080,461,172,74,98,289,16,77,40,81,8,23,44
S01011081,352,105,42,63,247,21,58,44,55,11,18,40
S01011082,269,145,95,50,124,7,26,14,37,2,12,26
S01011083,347,100,55,45,247,18,67,37,60,8,12,45
S01011084,330,81,43,38,249,12,62,32,73,7,17,46
S01011085,383,81,45,36,302,9,79,40,106,13,17,38
S01011086,273,69,47,22,204,0,57,31,53,10,15,38
S01011087,262,73,26,47,189,12,47,39,54,3,13,21
S01011088,453,173,91,82,280,22,58,49,73,11,24,43
S01011089,310,107,52,55,203,18,61,31,53,6,10,24
S01011090,304,67,36,31,237,5,57,34,82,6,17,36
S01011091,260,49,19,30,211,6,42,29,79,9,11,35
S01011092,181,45,4,41,136,25,10,42,31,7,10,11
S01011093,239,32,15,17,207,7,43,39,70,6,15,27
S01011094,196,37,16,21,159,4,25,40,58,4,11,17
S01011095,318,61,32,29,257,7,49,48,88,8,15,42
S01011096,223,50,14,36,173,7,24,43,52,3,15,29
S01011097,284,57,18,39,227,10,39,48,73,14,15,28
S01011098,346,105,49,56,241,3,53,52,93,4,10,26
S01011099,358,106,28,78,252,33,33,46,76,8,19,37
S01011100,210,68,37,31,142,2,42,23,34,6,7,28
S01011101,247,72,33,39,175,18,24,27,44,12,18,32
S01011102,330,125,33,92,205,32,41,37,67,2,6,20
S01011103,312,155,65,90,157,15,27,25,52,2,12,24
S01011104,294,127,60,67,167,8,47,19,50,5,9,29
S01011105,405,152,51,101,253,22,65,46,82,4,12,22
S01011106,352,47,11,36,305,47,17,136,59,15,16,15
S01011107,324,48,7,41,276,32,4,85,76,24,27,28
S01011108,216,56,30,26,160,9,18,27,52,6,15,33
S01011109,389,128,63,65,261,13,62,46,94,3,12,31
S01011110,314,110,22,88,204,15,26,47,63,8,12,33
S01011111,407,153,50,103,254,36,37,54,64,8,18,37
S01011112,328,56,13,43,272,20,12,99,84,6,17,34
S01011113,446,149,83,66,297,21,83,34,88,3,10,58
S01011114,296,60,27,33,236,7,43,32,85,1,23,45
S01011115,411,148,60,88,263,17,42,56,81,7,16,44
S01011116,269,47,22,25,222,10,45,44,64,7,11,41
S01011117,359,135,67,68,224,8,57,31,76,13,9,30
S01011118,399,145,81,64,254,11,59,57,62,8,16,41
S01011119,422,123,71,52,299,6,82,47,96,8,27,33
S01011120,293,54,38,16,239,1,91,27,64,4,11,41
S01011121,313,174,67,107,139,3,18,15,77,6,4,16
S01011122,302,99,35,64,203,18,41,28,63,5,16,32
S01011123,490,148,85,63,342,24,73,66,89,11,27,52
S01011124,277,78,33,45,199,18,27,57,52,7,15,23
S01011125,220,75,13,62,145,27,14,23,43,1,14,23
S01011126,184,32,27,5,152,3,22,45,39,10,11,22
S01011127,153,2,1,1,151,4,1,78,32,17,14,5
S01011128,341,135,44,91,206,12,33,43,71,5,16,26
S01011129,356,50,33,17,306,3,43,112,82,13,20,33
S01011130,296,119,62,57,177,10,38,33,63,7,10,16
S01011131,318,121,45,76,197,7,34,29,81,1,11,34
S01011132,374,100,57,43,274,6,52,53,79,12,12,60
S01011133,190,55,34,21,135,4,34,21,29,5,9,33
S01011134,401,175,76,99,226,8,55,42,77,1,7,36
S01011135,337,97,54,43,240,22,52,37,67,4,13,45
S01011136,284,77,36,41,207,8,47,30,66,5,15,36
S01011137,186,38,13,25,148,17,17,36,36,7,10,25
S01011138,254,60,18,42,194,19,22,47,51,15,10,30
S01011139,281,55,19,36,226,9,10,86,67,17,15,22
S01011140,232,75,23,52,157,13,20,40,45,5,12,22
S01011141,230,60,26,34,170,18,19,31,53,12,10,27
S01011142,334,58,17,41,276,6,59,62,78,7,20,44
S01011143,398,93,61,32,305,16,75,62,77,6,22,47
S01011144,303,73,37,36,230,10,41,44,61,16,21,37
S01011145,267,57,29,28,210,6,48,40,60,8,11,37
S01011146,306,68,30,38,238,20,43,51,66,14,12,32
S01011147,450,155,63,92,295,13,54,48,98,11,27,44
S01011148,329,89,32,57,240,11,50,39,75,10,15,40
S01011149,265,67,21,46,198,9,22,56,52,16,11,32
S01011150,175,30,0,30,145,14,2,54,52,14,6,3
S01011151,218,46,11,35,172,8,14,57,53,7,14,19
S01011152,341,134,67,67,207,13,55,26,63,10,11,29
S01011153,455,221,87,134,234,5,61,43,84,8,13,20
S01011154,348,210,81,129,138,21,32,17,46,1,4,17
S01011155,348,177,89,88,171,10,48,34,41,4,7,27
S01011156,249,62,24,38,187,4,45,30,61,5,11,31
S01011157,284,94,42,52,190,5,53,31,65,0,8,28
S01011158,233,60,42,18,173,10,60,19,51,1,4,28
S01011159,300,149,80,69,151,12,42,19,41,8,6,23
S01011160,393,108,44,64,285,24,44,54,92,5,18,48
S01011161,269,68,29,39,201,23,43,42,52,7,12,22
S01011162,187,36,16,20,151,17,23,27,38,12,11,23
S01011163,352,113,38,75,239,20,45,39,66,3,14,52
S01011164,282,70,22,48,212,20,26,50,54,15,11,36
S01011165,356,124,52,72,232,30,48,43,62,6,8,35
S01011166,229,60,39,21,169,7,52,25,44,4,16,21
S01011167,279,57,25,32,222,2,63,26,78,6,14,33
S01011168,355,93,42,51,262,5,57,45,81,12,16,46
S01011169,346,57,11,46,289,9,23,95,87,18,25,32
S01011170,400,119,47,72,281,8,57,45,93,13,18,47
S01011171,409,138,72,66,271,7,93,33,59,10,18,51
S01011172,339,117,57,60,222,6,70,27,63,11,17,28
S01011173,224,61,45,16,163,6,64,22,28,7,11,25
S01011174,219,83,49,34,136,6,51,11,37,5,5,21
S01011175,259,115,68,47,144,11,41,18,32,9,13,20
S01011176,274,105,65,40,169,2,72,13,46,3,8,25
S01011177,402,150,87,63,252,12,81,28,75,11,17,28
S01011178,206,43,20,23,163,14,27,38,43,7,15,19
S01011179,272,93,36,57,179,18,35,24,43,1,16,42
S01011180,301,102,45,57,199,27,41,31,41,7,18,34
S01011181,198,46,11,35,152,3,38,18,53,2,12,26
S01011182,166,26,8,18,140,1,27,19,52,3,5,33
S01011183,226,50,24,26,176,6,34,35,48,2,16,35
S01011184,307,40,20,20,267,7,50,74,71,6,17,42
S01011185,296,74,51,23,222,4,64,29,58,3,16,48
S01011186,456,178,98,80,278,27,70,33,77,4,18,49
S01011187,287,65,29,36,222,4,51,29,62,3,9,64
S01011188,442,163,71,92,279,27,50,50,76,4,22,50
S01011189,356,110,39,71,246,23,43,37,82,4,15,42
S01011190,288,101,55,46,187,19,33,28,54,6,15,32
S01011191,241,71,32,39,170,23,30,31,47,4,12,23
S01011192,290,70,21,49,220,23,26,50,65,8,11,37
S01011193,286,81,16,65,205,32,17,35,53,9,27,32
S01011194,302,83,20,63,219,32,25,46,58,10,19,29
S01011195,318,84,20,64,234,31,24,60,64,6,11,38
S01011196,409,144,62,82,265,42,36,42,82,11,18,34
S01011197,348,93,23,70,255,36,31,47,67,12,18,44
S01011198,241,60,25,35,181,21,26,26,40,10,24,34
S01011199,342,105,29,76,237,25,30,37,78,8,18,41
S01011200,356,129,37,92,227,21,40,36,79,5,15,31
S01011201,267,90,52,38,177,7,29,28,57,4,13,39
S01011202,390,127,41,86,263,31,47,58,70,4,13,40
S01011203,364,125,64,61,239,23,45,50,55,5,15,46
S01011204,235,55,29,26,180,6,41,25,52,3,18,35
S01011205,237,24,1,23,213,20,3,90,43,7,23,27
S01011206,264,43,13,30,221,16,18,58,54,10,16,49
S01011207,326,108,47,61,218,13,35,52,53,7,12,46
S01011208,345,70,22,48,275,8,29,67,78,10,26,57
S01011209,283,88,37,51,195,21,39,40,51,5,8,31
S01011210,272,50,18,32,222,5,33,37,63,9,25,50
S01011211,252,35,13,22,217,13,27,44,59,7,33,34
S01011212,213,35,14,21,178,29,34,28,39,1,19,28
S01011213,421,89,30,59,332,58,48,48,90,12,30,46
S01011214,349,80,34,46,269,41,53,57,49,15,10,44
S01011215,260,94,33,61,166,25,24,31,34,11,16,25
S01011216,240,111,30,81,129,23,20,28,29,4,14,11
S01011217,380,152,52,100,228,47,36,36,47,3,22,37
S01011218,282,84,23,61,198,39,20,49,35,10,19,26
S01011219,352,113,40,73,239,29,32,40,69,7,16,46
S01011220,425,160,51,109,265,34,52,43,67,6,15,48
S01011221,449,174,67,107,275,38,36,59,76,6,17,43
S01011222,312,105,56,49,207,22,42,29,63,4,16,31
S01011223,361,109,58,51,252,23,49,52,77,5,15,31
S01011224,350,159,73,86,191,21,49,21,50,1,15,34
S01011225,327,120,43,77,207,28,35,28,65,4,19,28
S01011226,455,150,100,50,305,18,96,46,66,8,19,52
S01011227,397,211,56,155,186,27,40,20,59,4,12,24
S01011228,450,249,116,133,201,29,40,26,64,0,13,29
S01011229,286,137,50,87,149,38,37,17,32,4,4,17
S01011230,500,283,81,202,217,40,35,38,56,7,10,31
S01011231,298,113,60,53,185,28,39,31,44,2,9,32
S01011232,513,279,54,225,234,19,42,31,102,2,14,24
S01011233,158,51,21,30,107,11,18,16,28,2,8,24
S01011234,456,155,47,108,301,57,26,55,77,16,22,48
S01011235,195,90,22,68,105,20,21,11,26,3,9,15
S01011236,284,130,51,79,154,22,31,22,43,3,9,24
S01011237,331,106,36,70,225,31,42,47,41,7,20,37
S01011238,334,148,35,113,186,33,26,39,58,4,13,13
S01011239,427,268,90,178,159,18,30,28,55,6,6,16
S01011240,481,348,80,268,133,12,34,18,45,4,5,15
S01011241,540,282,110,172,258,20,54,32,74,8,21,49
S01011242,383,170,73,97,213,23,46,28,58,3,16,39
S01011243,545,336,114,222,209,52,34,28,67,1,7,20
S01011244,409,252,49,203,157,27,21,19,55,3,14,18
S01011245,446,203,63,140,243,39,56,30,64,3,15,36
S01011246,439,173,53,120,266,14,61,42,102,4,7,36
S01011247,357,91,47,44,266,7,87,36,76,7,13,40
S01011248,317,85,35,50,232,11,38,37,73,4,16,53
S01011249,308,83,28,55,225,8,56,42,53,1,24,41
S01011250,446,113,21,92,333,70,38,73,76,9,18,49
S01011251,385,114,51,63,271,47,39,40,76,6,14,49
S01011252,344,94,30,64,250,44,27,48,54,14,16,47
S01011253,391,161,59,102,230,29,31,37,50,10,26,47
S01011254,359,55,23,32,304,12,46,51,79,8,33,75
S01011255,267,34,8,26,233,6,21,89,53,7,28,29
S01011256,169,25,8,17,144,10,11,62,29,10,9,13
S01011257,188,54,35,19,134,1,47,14,29,2,4,37
S01011258,229,52,33,19,177,13,39,28,41,5,12,39
S01011259,383,164,84,80,219,21,50,26,57,4,14,47
S01011260,336,114,61,53,222,9,63,28,55,4,17,46
S01011261,310,78,39,39,232,39,35,24,47,14,21,52
S01011262,223,74,32,42,149,20,24,17,43,9,10,26
S01011263,431,106,36,70,325,43,34,93,81,11,23,40
S01011264,259,58,20,38,201,27,25,37,45,9,19,39
S01011265,468,152,50,102,316,79,29,65,56,13,21,53
S01011266,383,104,58,46,279,25,61,42,65,7,24,55
S01011267,266,80,41,39,186,14,52,23,48,4,13,32
S01011268,186,73,38,35,113,4,25,17,38,2,5,22
S01011269,279,132,62,70,147,17,38,21,38,5,7,21
S01011270,349,158,51,107,191,28,25,27,58,5,16,32
S01011271,357,119,55,64,238,18,58,27,73,5,12,45
S01011272,380,169,57,112,211,34,45,22,56,4,15,35
S01011273,339,73,27,46,266,50,33,47,48,14,28,46
S01011274,395,138,33,105,257,53,33,46,62,8,19,36
S01011275,277,70,14,56,207,41,27,36,38,13,17,35
S01011276,405,110,40,70,295,43,51,43,64,13,24,57
S01011277,284,69,26,43,215,10,35,36,72,1,6,55
S01011278,230,72,16,56,158,14,16,28,62,2,10,26
S01011279,302,90,43,47,212,17,47,29,64,3,11,41
S01011280,231,29,16,13,202,3,48,23,56,4,16,52
S01011281,238,43,14,29,195,8,23,36,55,11,23,39
S01011282,341,67,29,38,274,13,25,80,72,15,22,47
S01011283,251,26,2,24,225,6,12,82,61,8,21,35
S01011284,192,14,1,13,178,8,7,82,39,11,11,20
S01011285,297,79,27,52,218,33,28,34,61,13,20,29
S01011286,298,93,35,58,205,31,25,33,48,11,22,35
S01011287,337,89,32,57,248,43,36,37,55,8,27,42
S01011288,318,80,39,41,238,39,44,37,52,8,17,41
S01011289,431,155,72,83,276,40,40,56,71,6,18,45
S01011290,503,190,66,124,313,42,56,42,84,7,18,64
S01011291,407,162,56,106,245,33,47,44,72,3,15,31
S01011292,332,139,61,78,193,30,25,29,56,4,17,32
S01011293,341,122,61,61,219,39,39,38,41,5,14,43
S01011294,487,266,123,143,221,29,62,30,61,5,8,26
S01011295,448,143,63,80,305,17,87,46,87,6,13,49
S01011296,280,115,62,53,165,11,40,20,49,3,9,33
S01011297,311,63,32,31,248,31,25,51,42,13,17,69
S01011298,230,45,16,29,185,23,19,26,42,8,31,36
S01011299,197,46,22,24,151,0,34,26,43,6,13,29
S01011300,423,138,56,82,285,42,52,41,68,8,23,51
S01011301,309,89,41,48,220,7,50,34,73,8,12,36
S01011302,522,304,142,162,218,20,61,36,66,2,8,25
S01011303,427,111,43,68,316,17,64,63,87,9,21,55
S01011304,282,74,31,43,208,35,28,30,41,9,20,45
S01011305,342,86,22,64,256,30,34,51,78,13,17,33
S01011306,282,89,40,49,193,37,44,22,54,6,7,23
S01011307,188,41,17,24,147,4,37,27,36,8,9,26
S01011308,186,48,18,30,138,1,38,20,37,4,12,26
S01011309,333,104,61,43,229,4,71,37,68,9,7,33
S01011310,341,122,62,60,219,15,62,35,62,7,13,25
S01011311,305,78,48,30,227,6,86,27,59,5,12,32
S01011312,493,123,67,56,370,6,127,55,106,7,21,48
S01011313,368,163,74,89,205,12,48,49,48,5,11,32
S01011314,487,159,62,97,328,22,71,74,81,14,22,44
S01011315,168,39,18,21,129,13,29,28,31,5,7,16
S01011316,311,79,39,40,232,37,44,41,51,8,17,34
S01011317,392,165,119,46,227,4,90,25,62,5,16,25
S01011318,520,255,152,103,265,13,111,26,68,5,11,31
S01011319,398,137,107,30,261,5,97,32,52,6,24,45
S01011320,303,171,92,79,132,5,45,18,34,4,10,16
S01011321,252,69,25,44,183,17,25,39,49,2,14,37
S01011322,251,67,28,39,184,11,24,42,44,11,14,38
S01011323,374,96,29,67,278,31,42,60,67,14,22,42
S01011324,202,73,29,44,129,8,25,19,35,6,9,27
S01011325,472,291,104,187,181,23,44,31,63,1,6,13
S01011326,521,349,151,198,172,22,55,21,61,2,2,9
S01011327,400,215,109,106,185,9,67,18,73,2,5,11
S01011328,355,148,78,70,207,12,73,36,49,6,10,21
S01011329,484,222,127,95,262,25,89,23,60,9,15,41
S01011330,324,91,60,31,233,8,59,42,56,12,12,44
S01011331,336,89,70,19,247,3,91,44,61,8,8,32
S01011332,385,76,50,26,309,10,108,35,90,9,8,49
S01011333,386,161,113,48,225,2,110,18,44,6,8,37
S01011334,297,73,41,32,224,5,48,34,75,9,19,34
S01011335,438,122,82,40,316,6,111,40,93,9,12,45
S01011336,266,86,39,47,180,21,35,45,38,6,8,27
S01011337,287,53,27,26,234,3,73,25,70,9,12,42
S01011338,270,60,19,41,210,32,27,40,53,7,10,41
S01011339,219,52,27,25,167,22,26,29,36,5,18,31
S01011340,290,89,41,48,201,22,43,22,44,9,21,40
S01011341,346,145,53,92,201,28,21,43,56,2,16,35
S01011342,325,121,48,73,204,17,42,31,60,4,15,35
S01011343,434,203,64,139,231,29,60,40,56,4,10,32
S01011344,401,129,56,73,272,53,46,39,68,7,17,42
S01011345,357,124,44,80,233,63,17,38,52,8,14,41
S01011346,325,107,53,54,218,27,44,37,66,2,7,35
S01011347,547,259,100,159,288,25,64,56,78,7,11,47
S01011348,424,157,64,93,267,33,45,47,69,10,18,45
S01011349,367,91,17,74,276,9,33,74,74,11,23,52
S01011350,275,61,37,24,214,5,56,35,61,7,13,37
S01011351,353,156,52,104,197,26,32,35,58,7,13,26
S01011352,328,149,61,88,179,13,35,38,56,4,10,23
S01011353,274,86,36,50,188,19,27,28,50,4,9,51
S01011354,313,80,40,40,233,24,44,34,59,5,13,54
S01011355,433,153,81,72,280,16,71,41,79,9,24,40
S01011356,392,88,34,54,304,11,62,58,89,8,24,52
S01011357,354,90,50,40,264,15,70,31,59,8,30,51
S01011358,186,16,5,11,170,5,7,49,46,1,23,39
S01011359,368,146,69,77,222,11,64,28,68,5,17,29
S01011360,354,130,12,118,224,47,17,57,63,6,10,24
S01011361,343,223,35,188,120,22,16,20,41,4,5,12
S01011362,199,27,13,14,172,3,18,60,46,5,12,28
S01011363,429,180,70,110,249,18,51,41,72,10,12,45
S01011364,272,67,28,39,205,13,53,47,42,10,13,27
S01011365,207,15,7,8,192,13,15,69,35,16,15,29
S01011366,238,101,44,57,137,6,42,18,52,3,5,11
S01011367,400,150,68,82,250,32,49,45,65,6,13,40
S01011368,291,28,2,26,263,12,9,101,71,8,21,41
S01011369,380,150,55,95,230,20,52,47,43,3,23,42
S01011370,307,54,25,29,253,12,23,77,80,7,20,34
S01011371,503,256,72,184,247,39,37,45,78,6,12,30
S01011372,411,243,66,177,168,25,38,36,53,3,5,8
S01011373,350,165,47,118,185,31,21,31,57,10,4,31
S01011374,276,62,15,47,214,17,13,71,60,3,16,34
S01011375,295,113,31,82,182,12,39,34,38,7,14,38
S01011376,326,210,93,117,116,18,27,16,48,1,1,5
S01011377,262,81,37,44,181,6,34,35,50,3,10,43
S01011378,362,111,71,40,251,11,89,43,44,6,8,50
S01011379,342,65,25,40,277,5,40,61,70,9,19,73
S01011380,357,175,60,115,182,12,35,37,56,3,9,30
S01011381,302,120,43,77,182,10,37,30,58,6,9,32
S01011382,286,135,28,107,151,29,8,31,61,2,8,12
S01011383,394,213,62,151,181,37,37,29,53,2,6,17
S01011384,328,118,22,96,210,57,19,30,59,14,10,21
S01011385,441,162,73,89,279,51,38,36,75,5,18,56
S01011386,208,36,8,28,172,38,15,23,31,14,16,35
S01011387,366,151,48,103,215,37,25,38,43,8,19,45
S01011388,435,109,23,86,326,26,17,110,98,11,22,42
S01011389,415,191,73,118,224,32,31,23,93,4,6,35
S01011390,342,109,51,58,233,18,41,41,46,7,21,59
S01011391,254,52,25,27,202,29,25,37,47,2,22,40
S01011392,287,83,25,58,204,22,25,41,51,7,19,39
S01011393,374,138,68,70,236,17,57,28,56,9,21,48
S01011394,212,53,29,24,159,7,5,67,25,12,21,22
S01011395,409,190,63,127,219,32,44,24,79,3,6,31
S01011396,402,206,98,108,196,27,37,20,50,6,15,41
S01011397,364,164,61,103,200,32,36,40,43,0,16,33
S01011398,322,121,52,69,201,32,24,30,38,14,22,41
S01011399,240,76,26,50,164,24,27,26,49,2,9,27
S01011400,357,161,46,115,196,23,24,27,83,2,5,32
S01011401,287,100,50,50,187,10,34,33,64,5,11,30
S01011402,492,198,135,63,294,20,110,37,66,5,9,47
S01011403,208,59,18,41,149,15,17,29,26,3,20,39
S01011404,468,213,88,125,255,22,58,44,58,2,17,54
S01011405,298,108,45,63,190,16,53,39,40,2,12,28
S01011406,287,87,54,33,200,12,47,35,51,1,14,40
S01011407,506,173,84,89,333,22,70,57,90,9,21,64
S01011408,369,120,59,61,249,26,48,43,60,3,18,51
S01011409,362,113,41,72,249,52,27,48,59,9,20,34
S01011410,316,129,70,59,187,15,36,29,66,4,6,31
S01011411,285,87,64,23,198,12,41,32,40,10,15,48
S01011412,357,84,60,24,273,5,73,40,62,5,17,71
S01011413,218,46,6,40,172,7,17,47,48,2,11,40
S01011414,377,134,50,84,243,31,50,41,54,8,16,43
S01011415,408,164,57,107,244,11,39,52,70,7,16,49
S01011416,240,37,11,26,203,4,31,37,53,6,16,56
S01011417,374,128,75,53,246,12,60,51,64,2,18,39
S01011418,264,94,41,53,170,16,38,30,48,2,11,25
S01011419,253,85,37,48,168,18,32,26,47,3,8,34
S01011420,250,115,33,82,135,21,21,18,41,4,9,21
S01011421,233,46,3,43,187,19,7,74,56,9,7,15
S01011422,264,54,26,28,210,19,35,36,56,4,15,45
S01011423,221,62,19,43,159,23,27,37,20,11,18,23
S01011424,237,69,36,33,168,7,29,39,37,4,11,41
S01011425,348,84,35,49,264,26,49,47,52,16,29,45
S01011426,356,47,13,34,309,15,38,95,73,16,25,47
S01011427,303,106,39,67,197,17,30,31,50,8,18,43
S01011428,243,84,43,41,159,16,27,22,50,4,7,33
S01011429,240,52,19,33,188,7,19,40,51,5,19,47
S01011430,368,84,30,54,284,17,43,61,87,11,10,55
S01011431,506,190,90,100,316,26,74,49,78,6,23,60
S01011432,467,157,62,95,310,18,64,51,85,6,24,62
S01011433,369,101,33,68,268,56,25,53,61,12,26,35
S01011434,250,73,37,36,177,10,45,29,43,3,10,37
S01011435,374,92,41,51,282,13,42,49,83,11,24,60
S01011436,370,163,43,120,207,31,38,36,59,2,9,32
S01011437,354,130,45,85,224,35,39,30,64,4,10,42
S01011438,241,75,25,50,166,32,18,31,40,6,8,31
S01011439,396,122,57,65,274,22,50,52,70,8,14,58
S01011440,276,89,42,47,187,23,32,36,56,5,5,30
S01011441,343,103,33,70,240,28,38,39,63,5,13,54
S01011442,327,133,54,79,194,21,38,42,36,3,12,42
S01011443,288,109,55,54,179,18,39,23,47,8,15,29
S01011444,334,110,40,70,224,24,44,43,48,8,19,38
S01011445,251,90,30,60,161,15,22,38,48,7,11,20
S01011446,231,82,41,41,149,13,21,33,42,3,5,32
S01011447,369,91,37,54,278,50,24,60,71,11,20,42
S01011448,377,109,38,71,268,17,41,37,83,7,27,56
S01011449,276,129,56,73,147,17,28,26,41,3,6,26
S01011450,239,50,23,27,189,14,31,50,36,10,17,31
S01011451,212,22,3,19,190,6,8,51,31,16,36,42
S01011452,412,147,35,112,265,19,34,47,76,10,22,57
S01011453,301,94,48,46,207,15,44,28,42,16,20,42
S01011454,351,114,68,46,237,35,36,37,57,14,11,47
S01011455,329,105,52,53,224,27,39,31,53,5,13,56
S01011456,356,121,47,74,235,15,38,37,65,5,21,54
S01011457,382,105,33,72,277,42,36,41,70,5,34,49
S01011458,374,54,18,36,320,17,19,83,69,6,44,82
S01011459,420,94,22,72,326,35,26,101,99,11,17,37
S01011460,292,75,34,41,217,27,19,43,55,18,23,32
S01011461,332,123,28,95,209,33,15,37,65,4,16,39
S01011462,404,154,62,92,250,12,43,47,63,8,17,60
S01011463,307,95,48,47,212,23,32,46,66,3,10,32
S01011464,223,62,6,56,161,6,2,59,47,6,19,22
S01011465,223,65,21,44,158,33,23,25,29,6,14,28
S01011466,316,150,51,99,166,27,25,31,55,1,6,21
S01011467,231,77,24,53,154,18,12,31,47,11,9,26
S01011468,310,49,4,45,261,15,4,117,62,15,24,24
S01011469,318,77,15,62,241,37,22,46,46,13,25,52
S01011470,491,171,66,105,320,21,71,46,82,9,30,61
S01011471,455,197,115,82,258,21,71,26,72,4,12,52
S01011472,535,311,88,223,224,34,47,28,73,6,11,25
S01011473,431,269,136,133,162,18,57,14,43,2,4,24
S01011474,481,273,117,156,208,35,61,27,53,1,10,21
S01011475,391,250,119,131,141,35,34,20,32,3,2,15
S01011476,198,43,26,17,155,6,30,29,38,4,8,40
S01011477,335,51,24,27,284,15,76,45,64,7,17,60
S01011478,442,129,57,72,313,7,56,77,78,11,24,60
S01011479,380,120,48,72,260,12,67,39,91,2,10,39
S01011480,467,161,77,84,306,11,68,72,88,6,19,42
S01011481,336,87,31,56,249,16,34,81,66,6,14,32
S01011482,424,155,81,74,269,36,61,45,59,4,16,48
S01011483,221,57,13,44,164,9,24,31,55,4,12,29
S01011484,381,126,57,69,255,26,40,37,68,10,22,52
S01011485,371,91,42,49,280,36,46,30,57,9,39,63
S01011486,235,74,42,32,161,30,26,22,29,4,18,32
S01011487,429,107,34,73,322,55,32,61,76,10,28,60
S01011488,284,62,31,31,222,44,42,35,48,12,13,28
S01011489,260,48,4,44,212,22,3,76,40,8,24,39
S01011490,473,179,57,122,294,33,50,57,105,4,19,26
S01011491,262,121,37,84,141,22,23,26,44,2,6,18
S01011492,395,190,43,147,205,41,14,36,82,4,10,18
S01011493,170,15,2,13,155,6,5,57,29,6,21,31
S01011494,332,107,64,43,225,11,48,42,62,6,13,43
S01011495,369,129,52,77,240,37,44,34,49,10,8,58
S01011496,308,118,29,89,190,44,13,38,58,2,13,22
S01011497,256,73,11,62,183,16,12,31,63,7,20,34
S01011498,230,30,5,25,200,8,9,57,43,4,23,56
S01011499,370,142,41,101,228,20,29,47,61,5,15,51
S01011500,219,66,25,41,153,12,22,29,40,5,11,34
S01011501,325,126,43,83,199,41,32,32,46,2,10,36
S01011502,305,63,34,29,242,26,45,47,54,7,10,53
S01011503,253,60,28,32,193,18,31,36,48,7,9,44
S01011504,237,68,40,28,169,7,32,27,39,5,18,41
S01011505,322,115,30,85,207,37,22,47,56,1,14,30
S01011506,237,79,45,34,158,8,47,21,46,2,11,23
S01011507,293,113,52,61,180,15,36,28,53,3,16,29
S01011508,468,196,21,175,272,24,28,72,88,4,17,39
S01011509,247,62,21,41,185,16,29,26,44,1,18,51
S01011510,435,113,45,68,322,46,43,68,54,15,37,59
S01011511,255,95,30,65,160,18,34,33,40,3,7,25
S01011512,482,209,55,154,273,96,20,50,72,8,9,18
S01011513,358,142,42,100,216,39,25,32,58,7,22,33
S01011514,337,77,35,42,260,21,35,38,47,17,40,62
S01011515,280,134,18,116,146,10,17,35,58,0,6,20
S01011516,358,90,11,79,268,7,23,78,84,6,24,46
S01011517,225,56,32,24,169,8,40,35,30,6,16,34
S01011518,302,115,65,50,187,17,53,23,32,6,14,42
S01011519,310,78,41,37,232,10,41,35,55,11,17,63
S01011520,273,101,54,47,172,31,18,20,47,10,10,36
S01011521,441,171,52,119,270,43,28,45,80,13,21,40
S01011522,463,222,83,139,241,26,39,49,70,6,16,35
S01011523,340,124,24,100,216,26,26,30,65,7,16,46
S01011524,396,127,38,89,269,12,30,52,89,5,14,67
S01011525,348,82,32,50,266,22,23,67,83,5,23,43
S01011526,422,120,41,79,302,28,53,49,72,12,29,59
S01011527,290,56,33,23,234,13,63,33,50,1,16,58
S01011528,495,203,73,130,292,35,75,45,79,3,16,39
S01011529,291,139,54,85,152,42,28,24,38,1,7,12
S01011530,468,200,72,128,268,26,50,39,73,8,18,54
S01011531,473,137,72,65,336,17,67,78,85,7,28,54
S01011532,237,42,6,36,195,15,15,67,46,11,15,26
S01011533,315,142,51,91,173,28,21,27,49,5,8,35
S01011534,341,115,47,68,226,32,36,45,58,9,17,29
S01011535,467,229,78,151,238,61,48,32,57,7,12,21
S01011536,269,62,19,43,207,7,28,35,55,8,14,60
S01011537,252,89,14,75,163,10,14,41,63,4,5,26
S01011538,259,52,21,31,207,4,32,40,60,4,14,53
S01011539,312,102,44,58,210,14,48,32,44,8,18,46
S01011540,431,106,49,57,325,30,58,59,85,10,26,57
S01011541,382,99,34,65,283,48,23,49,76,14,27,46
S01011542,374,86,37,49,288,34,38,40,77,13,26,60
S01011543,325,88,27,61,237,46,17,42,52,13,14,53
S01011544,295,100,50,50,195,23,22,35,44,5,17,49
S01011545,252,75,47,28,177,15,34,25,43,2,14,44
S01011546,236,25,1,24,211,13,7,68,37,11,28,47
S01011547,216,40,3,37,176,17,6,58,37,15,15,28
S01011548,331,108,60,48,223,13,55,40,49,9,16,41
S01011549,318,62,28,34,256,9,50,42,69,3,26,57
S01011550,277,38,19,19,239,10,50,31,65,5,19,59
S01011551,227,55,24,31,172,15,35,27,39,4,20,32
S01011552,269,48,16,32,221,5,33,38,60,4,19,62
S01011553,267,32,2,30,235,9,5,75,48,15,37,46
S01011554,372,111,64,47,261,19,63,41,57,6,20,55
S01011555,236,71,25,46,165,23,15,24,38,3,18,44
S01011556,251,109,33,76,142,34,14,24,36,4,4,26
S01011557,303,74,32,42,229,29,26,29,67,8,25,45
S01011558,242,72,16,56,170,21,27,36,34,3,16,33
S01011559,246,70,20,50,176,20,25,35,34,4,14,44
S01011560,318,96,46,50,222,18,31,41,54,9,14,55
S01011561,302,69,30,39,233,31,38,24,32,12,31,65
S01011562,270,84,28,56,186,33,13,43,44,4,22,27
S01011563,287,59,20,39,228,37,26,47,43,3,27,45
S01011564,410,121,57,64,289,23,39,71,73,6,25,52
S01011565,365,77,35,42,288,38,28,53,72,13,17,67
S01011566,374,97,19,78,277,53,27,43,73,11,21,49
S01011567,454,176,91,85,278,24,63,43,53,5,17,73
S01011568,320,64,29,35,256,21,41,64,51,13,25,41
S01011569,414,126,60,66,288,18,46,56,78,2,28,60
S01011570,329,122,44,78,207,26,47,36,48,3,12,35
S01011571,389,218,68,150,171,25,44,17,54,1,10,20
S01011572,294,125,35,90,169,24,31,28,51,2,10,23
S01011573,474,181,66,115,293,23,25,81,76,13,29,46
S01011574,296,60,29,31,236,23,23,67,45,9,20,49
S01011575,229,81,30,51,148,12,27,37,28,8,14,22
S01011576,374,171,52,119,203,42,34,23,38,10,15,41
S01011577,328,123,27,96,205,31,20,44,56,6,9,39
S01011578,355,116,27,89,239,48,18,42,53,3,19,56
S01011579,413,91,49,42,322,8,68,60,63,15,21,87
S01011580,311,82,28,54,229,46,20,67,51,3,21,21
S01011581,463,269,126,143,194,25,50,31,42,3,12,31
S01011582,477,151,47,104,326,18,64,44,95,7,25,73
S01011583,332,131,36,95,201,25,27,36,72,3,8,30
S01011584,325,115,43,72,210,20,35,34,57,5,11,48
S01011585,336,116,52,64,220,41,40,27,54,10,11,37
S01011586,239,77,31,46,162,23,19,22,38,3,11,46
S01011587,236,56,22,34,180,32,26,30,37,6,14,35
S01011588,302,76,37,39,226,36,29,38,43,3,27,50
S01011589,347,87,56,31,260,19,51,51,47,7,22,63
S01011590,287,91,42,49,196,12,32,36,46,8,21,41
S01011591,268,104,26,78,164,15,24,31,35,4,17,38
S01011592,353,134,44,90,219,54,33,29,65,3,10,25
S01011593,325,113,55,58,212,15,43,39,54,5,17,39
S01011594,221,97,43,54,124,10,27,18,35,0,9,25
S01011595,301,125,19,106,176,13,34,30,60,5,6,28
S01011596,489,202,65,137,287,35,45,30,100,8,14,55
S01011597,268,133,27,106,135,10,11,21,48,6,9,30
S01011598,544,382,61,321,162,49,14,19,60,1,6,13
S01011599,362,121,60,61,241,29,45,37,59,12,19,40
S01011600,392,168,81,87,224,29,47,34,70,2,7,35
S01011601,316,46,11,35,270,28,24,59,76,10,28,45
S01011602,266,88,35,53,178,22,24,35,39,7,12,39
S01011603,443,245,118,127,198,30,45,29,49,1,16,28
S01011604,293,94,42,52,199,30,35,38,37,9,17,33
S01011605,376,136,70,66,240,19,60,34,41,6,19,61
S01011606,342,46,6,40,296,18,6,118,64,13,16,61
S01011607,231,56,7,49,175,9,15,35,52,4,13,47
S01011608,360,58,10,48,302,31,19,77,91,6,18,60
S01011609,479,217,49,168,262,63,26,41,65,9,21,37
S01011610,362,115,43,72,247,45,33,41,54,9,20,45
S01011611,258,74,22,52,184,15,18,32,49,6,17,47
S01011612,211,22,2,20,189,10,2,73,53,7,20,24
S01011613,374,58,28,30,316,17,69,44,85,7,21,73
S01011614,183,51,20,31,132,4,27,22,32,4,12,31
S01011615,296,79,28,51,217,33,29,38,46,7,21,43
S01011616,211,83,32,51,128,23,24,20,35,3,4,19
S01011617,388,135,54,81,253,29,55,25,65,6,27,46
S01011618,277,90,41,49,187,35,24,30,42,7,16,33
S01011619,406,90,17,73,316,24,26,84,85,12,24,61
S01011620,394,51,3,48,343,21,17,115,110,18,19,43
S01011621,286,59,23,36,227,21,28,41,48,13,29,47
S01011622,230,37,9,28,193,4,16,71,50,10,16,26
S01011623,314,107,49,58,207,33,42,38,35,4,16,39
S01011624,294,70,18,52,224,24,22,52,71,9,18,28
S01011625,240,73,29,44,167,20,21,28,51,4,15,28
S01011626,289,54,10,44,235,13,9,66,56,11,24,56
S01011627,260,43,7,36,217,12,10,78,57,12,16,32
S01011628,410,68,28,40,342,11,73,71,77,10,28,72
S01011629,240,54,26,28,186,20,33,28,38,7,24,36
S01011630,255,60,33,27,195,23,39,36,39,5,19,34
S01011631,245,70,12,58,175,37,14,28,32,9,18,37
S01011632,315,91,36,55,224,38,23,39,59,4,26,35
S01011633,321,94,43,51,227,30,49,40,51,4,18,35
S01011634,235,75,21,54,160,29,18,27,30,4,22,30
S01011635,274,72,22,50,202,21,21,41,56,9,19,35
S01011636,283,74,29,45,209,37,29,39,31,6,18,49
S01011637,299,103,35,68,196,24,31,31,40,3,23,44
S01011638,260,116,57,59,144,16,33,17,44,1,5,28
S01011639,250,80,39,41,170,34,28,22,34,5,14,33
S01011640,259,66,26,40,193,12,30,35,42,9,22,43
S01011641,195,42,27,15,153,4,28,28,42,1,15,35
S01011642,352,107,35,72,245,25,46,41,65,3,14,51
S01011643,238,66,33,33,172,5,26,51,46,8,11,25
S01011644,339,132,100,32,207,13,41,42,56,6,14,35
S01011645,257,86,47,39,171,18,52,28,38,4,6,25
S01011646,262,36,17,19,226,6,49,32,55,4,26,54
S01011647,330,59,14,45,271,22,26,63,72,8,23,57
S01011648,276,63,10,53,213,25,17,67,59,8,16,21
S01011649,243,86,37,49,157,32,21,24,51,4,9,16
S01011650,308,85,37,48,223,14,47,50,59,4,11,38
S01011651,446,182,65,117,264,24,65,49,59,8,14,45
S01011652,311,93,25,68,218,16,28,37,60,5,20,52
S01011653,340,82,41,41,258,26,37,36,57,14,31,57
S01011654,521,246,100,146,275,41,54,33,89,8,13,37
S01011655,471,237,89,148,234,57,38,19,69,4,10,37
S01011656,287,120,23,97,167,32,21,27,39,4,11,33
S01011657,281,150,34,116,131,26,9,21,45,3,6,21
S01011658,304,106,37,69,198,23,41,25,53,3,19,34
S01011659,353,112,52,60,241,44,45,29,47,8,14,54
S01011660,379,106,38,68,273,14,55,31,63,6,24,80
S01011661,246,88,26,62,158,18,40,27,35,4,8,26
S01011662,237,46,16,30,191,10,18,59,52,7,22,23
S01011663,428,164,21,143,264,46,20,55,63,7,23,50
S01011664,408,99,46,53,309,28,58,49,62,10,33,69
S01011665,428,180,71,109,248,39,38,38,71,2,15,45
S01011666,454,218,90,128,236,29,53,26,65,7,9,47
S01011667,375,179,59,120,196,24,34,33,56,3,16,30
S01011668,429,123,32,91,306,64,33,45,73,9,31,51
S01011669,299,97,48,49,202,7,61,30,57,1,13,33
S01011670,234,77,20,57,157,33,16,36,32,6,9,25
S01011671,316,113,60,53,203,16,48,24,59,5,15,36
S01011672,275,96,58,38,179,14,33,27,60,4,15,26
S01011673,275,76,32,44,199,25,27,37,51,3,16,40
S01011674,434,113,51,62,321,20,49,82,100,6,14,50
S01011675,387,112,44,68,275,30,50,46,62,9,17,61
S01011676,311,109,43,66,202,31,38,27,37,6,17,46
S01011677,258,80,10,70,178,28,11,39,49,8,18,25
S01011678,222,86,30,56,136,20,27,17,35,7,12,18
S01011679,204,26,7,19,178,13,10,59,56,5,15,20
S01011680,454,149,75,74,305,30,59,46,64,15,34,57
S01011681,345,86,38,48,259,28,39,56,60,11,16,49
S01011682,182,43,10,33,139,7,34,25,43,4,7,19
S01011683,306,92,28,64,214,11,33,35,59,7,26,43
S01011684,234,74,37,37,160,11,32,32,40,8,12,25
S01011685,279,44,12,32,235,10,20,71,58,9,26,41
S01011686,344,80,25,55,264,6,49,47,80,7,19,56
S01011687,386,126,58,68,260,33,41,46,70,5,24,41
S01011688,307,67,18,49,240,11,25,68,61,8,22,45
S01011689,248,37,12,25,211,5,27,50,66,7,12,44
S01011690,396,98,25,73,298,26,24,91,93,10,16,38
S01011691,224,35,13,22,189,15,22,61,42,8,16,25
S01011692,455,134,63,71,321,35,57,57,65,11,25,71
S01011693,367,118,42,76,249,20,33,53,82,5,13,43
S01011694,200,41,6,35,159,14,6,61,43,7,13,15
S01011695,333,48,13,35,285,15,26,106,65,11,16,46
S01011696,351,27,1,26,324,25,9,121,88,24,19,38
S01011697,398,92,34,58,306,28,27,97,80,13,19,42
S01011698,271,85,39,46,186,11,25,36,48,3,16,47
S01011699,387,108,38,70,279,16,56,54,65,5,22,61
S01011700,354,143,58,85,211,10,49,27,45,5,18,57
S01011701,444,132,42,90,312,28,62,64,86,10,17,45
S01011702,335,113,56,57,222,5,49,26,75,11,17,39
S01011703,255,73,38,35,182,8,30,40,45,8,14,37
S01011704,274,59,17,42,215,14,27,62,41,13,22,36
S01011705,318,91,35,56,227,38,23,45,52,5,14,50
S01011706,450,164,84,80,286,17,61,45,71,9,25,58
S01011707,283,54,29,25,229,5,56,47,52,7,13,49
S01011708,448,185,82,103,263,22,42,37,75,5,22,60
S01011709,370,73,37,36,297,17,45,58,75,10,21,71
S01011710,257,55,21,34,202,33,23,48,48,8,16,26
S01011711,321,110,48,62,211,42,34,31,55,2,14,33
S01011712,294,138,38,100,156,23,26,20,57,1,5,24
S01011713,389,122,66,56,267,8,48,34,93,4,16,64
S01011714,194,26,2,24,168,13,8,76,30,7,14,20
S01011715,297,112,40,72,185,40,25,37,39,4,8,32
S01011716,351,81,14,67,270,19,26,77,66,9,30,43
S01011717,294,60,35,25,234,4,46,34,77,4,18,51
S01011718,289,48,5,43,241,17,11,101,61,9,17,25
S01011719,224,29,7,22,195,4,8,48,55,0,24,56
S01011720,213,37,9,28,176,4,40,28,51,1,12,40
S01011721,305,77,34,43,228,18,45,39,69,7,13,37
S01011722,317,108,59,49,209,19,35,32,56,7,16,44
S01011723,397,107,42,65,290,14,54,65,79,12,17,49
S01011724,261,50,4,46,211,22,4,70,48,13,25,29
S01011725,219,29,6,23,190,5,12,55,51,3,26,38
S01011726,208,39,5,34,169,7,12,57,50,3,16,24
S01011727,261,39,4,35,222,12,13,70,51,14,28,34
S01011728,393,106,36,70,287,37,47,42,71,9,14,67
S01011729,302,94,42,52,208,30,34,22,47,16,12,47
S01011730,431,160,64,96,271,9,65,30,101,1,6,59
S01011731,352,106,59,47,246,12,53,53,54,4,17,53
S01011732,299,38,17,21,261,3,47,40,75,4,20,72
S01011733,352,93,47,46,259,20,64,41,51,5,23,55
S01011734,335,106,51,55,229,14,55,32,46,5,17,60
S01011735,288,44,26,18,244,9,67,30,58,7,20,53
S01011736,317,93,38,55,224,35,23,53,51,12,11,39
S01011737,294,93,42,51,201,22,31,39,43,14,17,35
S01011738,466,177,41,136,289,41,34,56,82,10,18,48
S01011739,226,70,34,36,156,10,29,25,40,3,11,38
S01011740,356,146,34,112,210,35,31,42,43,8,16,35
S01011741,296,104,33,71,192,31,37,25,33,3,16,47
S01011742,333,100,43,57,233,27,50,38,52,9,15,42
S01011743,379,138,62,76,241,33,51,33,66,8,14,36
S01011744,462,214,99,115,248,41,56,28,81,6,12,24
S01011745,398,191,139,52,207,20,61,32,57,1,8,28
S01011746,215,58,29,29,157,21,21,31,37,2,19,26
S01011747,413,120,36,84,293,65,39,48,51,7,26,57
S01011748,375,130,40,90,245,51,24,40,61,12,21,36
S01011749,370,168,12,156,202,54,11,38,62,8,12,17
S01011750,398,130,63,67,268,39,52,41,64,6,18,48
S01011751,532,253,50,203,279,75,14,57,93,3,7,30
S01011752,460,193,55,138,267,38,41,51,79,9,9,40
S01011753,366,119,47,72,247,21,54,34,81,7,10,40
S01011754,339,106,58,48,233,24,56,39,55,11,13,35
S01011755,456,197,38,159,259,37,27,48,75,9,13,50
S01011756,430,139,37,102,291,37,41,56,76,11,21,49
S01011757,327,123,59,64,204,23,24,48,55,9,13,32
S01011758,252,69,21,48,183,14,28,28,47,6,25,35
S01011759,340,83,43,40,257,18,55,52,55,10,17,50
S01011760,411,133,53,80,278,31,45,52,95,5,10,40
S01011761,272,64,19,45,208,34,12,57,52,10,18,25
S01011762,322,130,31,99,192,32,28,38,55,1,7,31
S01011763,350,113,52,61,237,18,33,46,70,3,15,52
S01011764,136,12,6,6,124,5,18,19,30,4,13,35
S01011765,380,64,15,49,316,20,35,64,95,4,26,72
S01011766,209,38,14,24,171,6,29,37,61,4,15,19
S01011767,443,190,81,109,253,29,54,26,81,3,14,46
S01011768,342,129,26,103,213,48,29,42,56,4,8,26
S01011769,321,140,52,88,181,15,55,32,49,3,7,20
S01011770,409,179,71,108,230,22,49,30,70,12,11,36
S01011771,238,26,11,15,212,9,20,50,68,9,14,42
S01011772,390,55,26,29,335,7,55,59,86,15,38,75
S01011773,200,24,6,18,176,8,6,66,39,4,16,37
S01011774,354,91,23,68,263,30,8,77,66,11,27,44
S01011775,228,34,5,29,194,11,14,76,36,9,22,26
S01011776,319,15,3,12,304,13,13,110,57,29,47,35
S01011777,264,72,18,54,192,13,22,72,49,8,9,19
S01011778,261,83,37,46,178,15,10,50,55,6,16,26
S01011779,324,85,43,42,239,5,48,59,63,6,22,36
S01011780,315,33,15,18,282,5,29,50,82,21,35,60
S01011781,214,41,20,21,173,6,28,34,38,10,22,35
S01011782,271,60,23,37,211,5,40,32,50,6,19,59
S01011783,213,27,11,16,186,6,32,36,48,2,13,49
S01011784,349,108,47,61,241,25,24,42,84,3,13,50
S01011785,389,117,77,40,272,25,46,44,88,7,15,47
S01011786,124,4,0,4,120,7,0,43,24,11,16,19
S01011787,483,196,76,120,287,43,44,48,65,10,26,51
S01011788,225,20,9,11,205,2,19,62,53,11,32,26
S01011789,284,73,40,33,211,14,45,31,57,6,14,44
S01011790,404,101,27,74,303,29,42,58,87,17,19,51
S01011791,347,123,46,77,224,26,47,33,59,8,17,34
S01011792,515,286,157,129,229,14,64,41,64,5,6,35
S01011793,327,131,66,65,196,5,40,29,73,3,10,36
S01011794,414,152,51,101,262,30,50,61,70,6,13,32
S01011795,317,114,34,80,203,41,32,30,63,5,7,25
S01011796,354,146,56,90,208,34,25,36,53,10,17,33
S01011797,385,67,36,31,318,4,68,56,75,6,34,75
S01011798,242,78,33,45,164,17,25,28,41,6,14,33
S01011799,357,63,31,32,294,18,65,43,70,10,18,70
S01011800,219,56,31,25,163,10,41,27,39,6,9,31
S01011801,253,75,17,58,178,25,20,38,46,11,16,22
S01011802,361,151,71,80,210,36,52,33,40,9,11,29
S01011803,236,63,26,37,173,19,27,24,44,9,12,38
S01011804,379,165,72,93,214,28,35,34,80,5,7,25
S01011805,279,136,49,87,143,6,33,24,46,2,8,24
S01011806,362,131,59,72,231,13,61,46,63,10,15,23
S01011807,444,114,49,65,330,11,71,57,90,9,24,68
S01011808,287,103,52,51,184,9,43,35,45,7,15,30
S01011809,302,81,38,43,221,5,44,42,69,6,13,42
S01011810,413,124,49,75,289,7,62,49,91,12,21,47
S01011811,436,117,57,60,319,10,76,57,76,22,15,63
S01011812,275,66,40,26,209,7,37,40,68,7,18,32
S01011813,306,66,28,38,240,7,47,42,77,10,18,39
S01011814,297,76,39,37,221,6,48,45,62,13,18,29
S01011815,313,82,28,54,231,16,42,52,48,14,30,29
S01011816,257,59,24,35,198,4,46,30,53,12,13,40
S01011817,294,77,35,42,217,5,37,46,64,9,19,37
S01011818,486,155,65,90,331,26,71,67,79,9,20,59
S01011819,438,185,73,112,253,26,46,38,93,3,12,35
S01011820,319,105,61,44,214,11,47,37,59,10,15,35
S01011821,223,113,27,86,110,10,14,20,44,4,10,8
S01011822,410,226,77,149,184,21,27,34,70,2,4,26
S01011823,290,101,38,63,189,23,44,29,49,6,7,31
S01011824,316,106,43,63,210,18,24,45,74,11,9,29
S01011825,275,110,44,66,165,15,40,21,55,4,5,25
S01011826,320,123,49,74,197,13,34,45,67,1,11,26
S01011827,289,132,59,73,157,4,57,13,55,6,7,15
S01011828,411,133,62,71,278,2,62,44,99,15,17,39
S01011829,195,63,27,36,132,2,30,21,52,2,9,16
S01011830,279,107,46,61,172,11,44,24,59,8,4,22
S01011831,425,155,86,69,270,22,78,37,75,7,19,32
S01011832,405,140,70,70,265,16,73,38,82,4,13,39
S01011833,360,61,33,28,299,7,62,62,70,13,28,57
S01011834,180,22,11,11,158,5,28,43,41,13,10,18
S01011835,278,58,25,33,220,10,32,44,79,8,13,34
S01011836,332,76,35,41,256,8,62,39,88,3,11,45
S01011837,255,44,21,23,211,5,46,38,72,4,13,33
S01011838,327,64,38,26,263,3,65,45,72,8,20,50
S01011839,444,141,74,67,303,7,72,61,99,4,16,44
S01011840,406,100,43,57,306,16,49,61,92,16,26,46
S01011841,415,126,72,54,289,32,60,59,69,11,18,40
S01011842,462,194,99,95,268,19,55,50,71,13,16,44
S01011843,415,100,44,56,315,8,69,62,106,13,19,38
S01011844,295,66,39,27,229,7,56,53,52,14,16,31
S01011845,382,125,66,59,257,26,56,58,63,10,11,33
S01011846,385,107,49,58,278,10,65,54,84,10,8,47
S01011847,178,35,14,21,143,2,33,35,47,6,8,12
S01011848,305,75,37,38,230,7,61,42,67,10,12,31
S01011849,352,106,35,71,246,15,39,57,74,7,18,36
S01011850,314,100,42,58,214,11,52,46,65,5,9,26
S01011851,368,100,44,56,268,9,58,51,75,16,13,46
S01011852,460,174,98,76,286,21,58,61,71,8,10,57
S01011853,304,75,25,50,229,21,45,44,66,9,10,34
S01011854,356,113,66,47,243,13,85,28,63,2,21,31
S01011855,364,99,56,43,265,17,68,48,56,5,19,52
S01011856,309,80,60,20,229,3,94,31,51,6,14,30
S01011857,301,87,47,40,214,5,56,50,51,5,12,35
S01011858,403,115,83,32,288,13,114,52,61,5,11,32
S01011859,446,196,127,69,250,4,99,37,63,3,11,33
S01011860,206,50,21,29,156,8,27,26,44,7,13,31
S01011861,343,111,43,68,232,13,68,31,67,11,16,26
S01011862,425,119,77,42,306,4,113,41,79,15,18,36
S01011863,328,103,56,47,225,10,64,30,49,8,16,48
S01011864,315,76,44,32,239,9,76,38,62,6,13,35
S01011865,291,124,70,54,167,8,45,29,35,9,12,29
S01011866,341,88,55,33,253,13,60,59,61,15,13,32
S01011867,444,167,82,85,277,26,49,63,70,12,21,36
S01011868,416,167,80,87,249,23,43,46,76,13,16,32
S01011869,409,191,73,118,218,11,43,40,82,5,7,30
S01011870,315,106,36,70,209,20,47,35,56,10,13,28
S01011871,438,96,37,59,342,19,59,76,102,15,24,47
S01011872,365,72,25,47,293,7,60,58,97,17,13,41
S01011873,339,76,18,58,263,15,43,46,101,12,14,32
S01011874,285,73,30,43,212,13,40,37,71,6,21,24
S01011875,322,114,69,45,208,10,63,38,53,4,9,31
S01011876,398,111,37,74,287,9,56,62,82,16,18,44
S01011877,262,86,36,50,176,9,56,20,55,6,6,24
S01011878,379,68,36,32,311,18,75,59,83,10,26,40
S01011879,218,54,24,30,164,6,27,35,43,3,25,25
S01011880,241,48,24,24,193,2,40,51,58,5,11,26
S01011881,371,129,68,61,242,27,47,63,59,6,18,22
S01011882,450,153,114,39,297,18,77,53,80,5,7,57
S01011883,439,102,53,49,337,16,63,63,121,12,21,41
S01011884,169,35,15,20,134,2,26,25,45,5,6,25
S01011885,270,45,23,22,225,5,37,61,76,15,7,24
S01011886,368,85,44,41,283,19,57,49,90,13,18,37
S01011887,230,52,35,17,178,12,28,36,41,6,16,39
S01011888,369,110,52,58,259,38,36,64,50,11,17,43
S01011889,430,172,107,65,258,12,63,53,75,10,15,30
S01011890,300,91,36,55,209,6,39,56,55,4,17,32
S01011891,378,177,78,99,201,35,28,38,53,3,13,31
S01011892,503,226,35,191,277,29,31,51,107,10,17,32
S01011893,500,210,70,140,290,28,55,51,122,4,11,19
S01011894,291,108,36,72,183,8,26,40,53,6,9,41
S01011895,305,99,52,47,206,2,74,33,63,4,8,22
S01011896,421,165,81,84,256,9,58,51,82,11,8,37
S01011897,436,119,75,44,317,13,77,63,82,15,19,48
S01011898,246,38,17,21,208,6,35,51,55,9,26,26
S01011899,352,97,55,42,255,4,80,42,70,8,15,36
S01011900,293,57,32,25,236,11,60,42,50,8,21,44
S01011901,397,123,44,79,274,14,67,51,75,12,19,36
S01011902,465,125,84,41,340,7,107,61,85,9,15,56
S01011903,352,90,68,22,262,2,84,47,71,10,6,42
S01011904,324,77,49,28,247,9,58,40,79,11,8,42
S01011905,280,37,25,12,243,9,39,56,56,7,26,50
S01011906,201,56,25,31,145,4,38,22,58,3,7,13
S01011907,338,101,36,65,237,14,40,48,82,3,9,41
S01011908,147,25,7,18,122,8,15,24,41,8,10,16
S01011909,404,78,9,69,326,20,14,118,109,12,13,40
S01011910,464,201,65,136,263,63,30,41,74,10,10,35
S01011911,285,89,48,41,196,11,46,30,46,10,14,39
S01011912,327,107,49,58,220,40,37,37,45,9,14,38
S01011913,365,143,48,95,222,42,27,46,68,10,3,26
S01011914,360,102,34,68,258,60,21,60,57,21,18,21
S01011915,337,99,52,47,238,22,33,42,64,14,10,53
S01011916,232,61,29,32,171,17,27,34,32,8,18,35
S01011917,232,73,34,39,159,18,31,23,41,6,10,30
S01011918,368,158,38,120,210,47,20,51,44,9,13,26
S01011919,390,142,32,110,248,28,26,39,97,4,20,34
S01011920,291,106,41,65,185,24,32,24,54,4,10,37
S01011921,285,103,45,58,182,41,26,34,46,5,5,25
S01011922,356,120,37,83,236,34,35,46,65,5,13,38
S01011923,383,127,40,87,256,38,24,64,69,9,19,33
S01011924,206,69,27,42,137,17,26,40,27,5,0,22
S01011925,264,46,4,42,218,11,10,66,57,15,25,34
S01011926,298,97,36,61,201,26,31,41,62,6,12,23
S01011927,285,95,34,61,190,30,32,34,51,1,11,31
S01011928,338,117,47,70,221,18,43,27,77,5,10,41
S01011929,319,117,68,49,202,14,36,37,56,4,10,45
S01011930,294,100,45,55,194,31,36,30,57,5,9,26
S01011931,250,76,22,54,174,23,13,35,43,10,13,37
S01011932,300,102,12,90,198,23,14,45,83,4,8,21
S01011933,344,164,35,129,180,10,30,33,71,0,6,30
S01011934,520,181,78,103,339,25,67,54,122,11,21,39
S01011935,459,238,61,177,221,15,25,36,101,2,2,40
S01011936,380,190,39,151,190,15,31,30,78,2,9,25
S01011937,408,214,66,148,194,21,31,17,96,0,4,25
S01011938,400,209,67,142,191,18,45,28,79,1,5,15
S01011939,446,261,27,234,185,21,18,24,102,1,5,14
S01011940,266,144,39,105,122,21,9,18,59,2,3,10
S01011941,441,261,28,233,180,21,8,21,111,1,0,18
S01011942,573,369,103,266,204,25,31,18,103,0,4,23
S01011943,715,434,123,311,281,41,35,40,130,2,6,27
S01011944,188,41,23,18,147,2,39,23,48,3,9,23
S01011945,313,54,36,18,259,2,88,31,67,17,16,38
S01011946,377,138,73,65,239,17,77,36,58,11,13,27
S01011947,214,51,39,12,163,8,59,17,36,5,10,28
S01011948,527,235,137,98,292,15,78,42,82,14,25,36
S01011949,392,113,80,33,279,11,121,43,57,4,7,36
S01011950,348,117,83,34,231,7,85,36,53,8,15,27
S01011951,306,88,64,24,218,18,54,43,56,3,9,35
S01011952,200,33,16,17,167,1,44,48,47,6,8,13
S01011953,325,95,63,32,230,13,49,46,67,8,19,28
S01011954,230,83,50,33,147,13,36,29,37,4,8,20
S01011955,467,180,97,83,287,18,77,41,74,9,13,55
S01011956,392,77,39,38,315,11,57,94,71,15,19,48
S01011957,325,96,36,60,229,10,54,39,70,8,20,28
S01011958,481,142,71,71,339,13,90,53,99,13,16,55
S01011959,365,92,44,48,273,9,60,50,80,7,19,48
S01011960,325,63,18,45,262,5,46,76,88,10,5,32
S01011961,311,82,33,49,229,18,34,47,80,11,14,25
S01011962,264,36,15,21,228,4,47,56,68,11,15,27
S01011963,231,70,36,34,161,9,36,43,45,4,11,13
S01011964,453,134,50,84,319,16,82,61,102,10,8,40
S01011965,381,139,87,52,242,14,79,34,53,8,17,37
S01011966,351,83,47,36,268,9,69,52,80,12,18,28
S01011967,420,100,40,60,320,15,69,65,96,15,14,46
S01011968,478,176,60,116,302,27,57,62,88,7,13,48
S01011969,480,146,66,80,334,25,82,54,91,11,12,59
S01011970,432,142,55,87,290,36,45,59,76,17,15,42
S01011971,243,78,37,41,165,11,39,34,38,11,15,17
S01011972,512,149,69,80,363,7,96,53,120,7,19,61
S01011973,272,68,35,33,204,7,51,37,64,9,5,31
S01011974,320,76,38,38,244,5,62,46,79,6,10,36
S01011975,199,46,22,24,153,7,44,22,46,2,8,24
S01011976,353,105,55,50,248,15,65,45,70,6,13,34
S01011977,508,170,81,89,338,20,76,55,89,5,26,67
S01011978,351,145,90,55,206,14,64,41,51,5,6,25
S01011979,397,98,51,47,299,3,71,55,96,17,20,37
S01011980,182,52,22,30,130,0,32,25,47,4,6,16
S01011981,396,118,48,70,278,15,73,45,81,8,23,33
S01011982,414,112,34,78,302,12,76,45,98,14,16,41
S01011983,351,129,68,61,222,4,78,25,68,4,14,29
S01011984,315,125,73,52,190,25,31,35,47,7,17,28
S01011985,293,82,47,35,211,9,51,25,69,5,19,33
S01011986,320,127,45,82,193,31,31,39,43,8,9,32
S01011987,403,99,51,48,304,20,78,58,76,10,21,41
S01011988,297,92,56,36,205,1,71,23,68,1,14,27
S01011989,379,93,61,32,286,23,83,48,68,6,15,43
S01011990,364,121,79,42,243,7,94,37,55,8,3,39
S01011991,298,84,53,31,214,17,41,30,52,7,17,50
S01011992,472,178,93,85,294,14,102,50,63,9,14,42
S01011993,460,237,124,113,223,29,34,39,71,2,12,36
S01011994,305,61,47,14,244,2,105,14,68,3,15,37
S01011995,324,71,25,46,253,4,50,52,74,14,12,47
S01011996,254,92,50,42,162,11,28,26,49,7,16,25
S01011997,422,148,56,92,274,28,57,48,84,3,16,38
S01011998,220,43,22,21,177,5,56,42,41,8,11,14
S01011999,291,95,36,59,196,9,47,34,60,4,9,33
S01012000,198,44,21,23,154,5,37,32,53,5,4,18
S01012001,296,106,49,57,190,5,39,48,58,6,7,27
S01012002,243,71,46,25,172,8,52,28,40,3,10,31
S01012003,241,76,30,46,165,7,38,21,47,8,9,35
S01012004,398,133,84,49,265,8,66,50,82,5,17,37
S01012005,334,67,19,48,267,16,40,58,65,16,19,53
S01012006,280,80,28,52,200,4,42,38,75,8,10,23
S01012007,374,134,81,53,240,3,71,39,74,8,10,35
S01012008,421,142,53,89,279,24,76,50,75,10,9,35
S01012009,300,98,37,61,202,14,53,35,53,8,7,32
S01012010,524,173,91,82,351,11,129,45,95,12,16,43
S01012011,537,217,119,98,320,32,77,43,92,7,15,54
S01012012,320,112,77,35,208,5,73,24,66,1,6,33
S01012013,357,113,48,65,244,13,70,26,82,8,8,37
S01012014,402,176,77,99,226,14,47,35,69,11,16,34
S01012015,420,128,71,57,292,23,80,46,61,15,25,42
S01012016,360,104,47,57,256,6,66,38,88,8,12,38
S01012017,221,62,25,37,159,0,47,22,54,6,9,21
S01012018,374,103,41,62,271,13,76,41,79,13,19,30
S01012019,371,129,37,92,242,11,35,71,68,11,16,30
S01012020,361,175,88,87,186,12,34,41,53,6,11,29
S01012021,225,59,14,45,166,5,30,30,38,4,17,42
S01012022,289,79,23,56,210,22,31,45,65,4,11,32
S01012023,228,67,23,44,161,2,38,35,45,4,9,28
S01012024,363,87,28,59,276,16,42,74,84,6,17,37
S01012025,288,72,38,34,216,12,37,53,59,3,12,40
S01012026,211,30,5,25,181,11,14,68,22,9,25,32
S01012027,311,54,18,36,257,11,42,64,70,13,12,45
S01012028,375,74,35,39,301,6,66,55,78,14,18,64
S01012029,418,131,48,83,287,10,46,42,83,12,22,72
S01012030,249,62,17,45,187,1,27,45,45,6,22,41
S01012031,231,43,30,13,188,5,53,40,50,5,5,30
S01012032,142,34,15,19,108,4,28,16,29,2,8,21
S01012033,373,139,70,69,234,10,50,27,68,8,18,53
S01012034,386,151,61,90,235,25,45,45,68,11,12,29
S01012035,431,153,59,94,278,12,64,59,72,8,15,48
S01012036,385,127,51,76,258,9,67,41,57,6,16,62
S01012037,438,152,58,94,286,52,53,58,48,10,19,46
S01012038,366,110,25,85,256,75,22,38,38,20,22,41
S01012039,413,119,63,56,294,20,66,50,66,7,24,61
S01012040,255,52,21,31,203,13,26,27,51,9,32,45
S01012041,382,106,45,61,276,28,49,56,58,12,23,50
S01012042,408,142,79,63,266,30,57,39,47,9,22,62
S01012043,380,109,24,85,271,53,37,53,54,10,19,45
S01012044,474,232,108,124,242,29,58,43,52,7,8,45
S01012045,583,309,76,233,274,35,38,46,96,6,15,38
S01012046,376,191,78,113,185,38,38,28,41,1,8,31
S01012047,548,301,143,158,247,38,53,41,74,3,13,25
S01012048,402,213,86,127,189,36,34,32,51,11,7,18
S01012049,347,157,47,110,190,16,40,39,53,1,4,37
S01012050,423,116,25,91,307,33,32,82,77,8,25,50
S01012051,255,123,64,59,132,9,27,25,31,0,15,25
S01012052,469,239,97,142,230,15,57,37,62,3,15,41
S01012053,461,201,65,136,260,44,53,38,61,7,12,45
S01012054,443,214,36,178,229,62,18,38,75,5,9,22
S01012055,463,211,98,113,252,47,49,37,70,1,11,37
S01012056,354,120,72,48,234,13,49,33,68,4,21,46
S01012057,316,81,48,33,235,8,49,39,67,3,18,51
S01012058,328,102,47,55,226,9,62,31,58,4,18,44
S01012059,412,161,70,91,251,32,51,30,74,8,19,37
S01012060,408,154,86,68,254,28,50,42,63,8,14,49
S01012061,440,143,45,98,297,22,65,50,80,6,14,60
S01012062,335,77,29,48,258,7,34,57,75,7,29,49
S01012063,235,82,6,76,153,20,11,38,50,2,19,13
S01012064,276,85,16,69,191,48,7,50,42,8,7,29
S01012065,261,94,16,78,167,55,7,31,31,11,11,21
S01012066,382,145,22,123,237,56,13,49,54,10,17,38
S01012067,250,102,19,83,148,35,10,25,32,5,10,31
S01012068,268,132,38,94,136,31,14,22,29,5,13,22
S01012069,292,174,31,143,118,27,11,23,41,1,3,12
S01012070,449,288,91,197,161,34,21,20,53,5,4,24
S01012071,692,443,87,356,249,55,32,38,94,2,4,24
S01012072,722,471,110,361,251,40,39,35,105,5,6,21
S01012073,320,108,25,83,212,28,16,53,70,4,10,31
S01012074,343,145,35,110,198,12,26,52,63,6,10,29
S01012075,269,47,9,38,222,11,12,64,56,2,19,58
S01012076,382,178,76,102,204,20,42,41,65,1,11,24
S01012077,363,144,29,115,219,52,20,33,70,6,12,26
S01012078,367,122,17,105,245,26,19,59,64,10,19,48
S01012079,448,188,78,110,260,30,53,43,68,7,14,45
S01012080,352,109,25,84,243,82,10,50,52,12,9,28
S01012081,387,193,42,151,194,40,23,39,53,8,5,26
S01012082,323,152,45,107,171,34,35,23,37,2,9,31
S01012083,383,204,61,143,179,24,38,29,45,6,10,27
S01012084,238,54,32,22,184,10,36,31,48,3,13,43
S01012085,301,102,44,58,199,5,46,31,47,5,15,50
S01012086,448,175,60,115,273,45,50,48,65,5,12,48
S01012087,364,155,69,86,209,29,49,32,45,3,15,36
S01012088,286,75,15,60,211,17,22,67,45,10,16,34
S01012089,357,107,29,78,250,11,43,51,59,10,18,58
S01012090,356,63,32,31,293,6,68,39,87,6,20,67
S01012091,244,78,31,47,166,12,33,26,46,2,9,38
S01012092,214,54,18,36,160,4,38,23,42,4,11,38
S01012093,295,148,41,107,147,7,38,29,40,0,7,26
S01012094,317,76,37,39,241,5,64,41,59,3,16,53
S01012095,410,106,24,82,304,32,24,63,60,12,38,75
S01012096,388,128,63,65,260,24,57,43,55,6,23,52
S01012097,279,59,33,26,220,20,37,42,64,11,14,32
S01012098,277,86,39,47,191,30,24,30,48,2,19,38
S01012099,348,122,54,68,226,37,43,27,40,7,21,51
S01012100,493,170,90,80,323,38,72,49,78,12,19,55
S01012101,311,68,40,28,243,6,58,39,54,7,23,56
S01012102,319,122,26,96,197,57,18,35,48,5,9,25
S01012103,425,147,31,116,278,27,39,62,77,4,17,52
S01012104,345,70,28,42,275,16,23,79,69,13,28,47
S01012105,492,165,69,96,327,19,56,65,89,12,21,65
S01012106,497,182,45,137,315,13,48,86,91,7,20,50
S01012107,279,97,30,67,182,3,38,28,44,8,20,41
S01012108,632,424,229,195,208,17,86,17,63,0,6,19
S01012109,560,331,54,277,229,60,20,37,80,6,6,20
S01012110,458,288,110,178,170,19,38,25,65,2,3,18
S01012111,309,183,53,130,126,17,11,23,39,4,13,19
S01012112,423,226,130,96,197,12,61,18,60,3,11,32
S01012113,511,228,107,121,283,16,84,48,71,3,17,44
S01012114,357,114,52,62,243,14,53,48,59,6,12,51
S01012115,257,99,48,51,158,15,44,33,39,2,6,19
S01012116,283,108,51,57,175,14,49,35,38,2,15,22
S01012117,289,54,15,39,235,10,14,105,52,11,16,27
S01012118,226,35,1,34,191,5,16,51,45,15,22,37
S01012119,349,61,29,32,288,8,71,66,59,4,20,60
S01012120,256,87,28,59,169,17,27,33,42,4,19,27
S01012121,404,141,62,79,263,28,52,50,57,5,22,49
S01012122,318,89,41,48,229,11,48,26,42,4,19,79
S01012123,212,71,18,53,141,11,24,16,31,4,18,37
S01012124,262,109,16,93,153,13,21,21,64,0,13,21
S01012125,504,318,78,240,186,47,16,27,75,3,2,16
S01012126,389,191,16,175,198,13,12,41,83,6,14,29
S01012127,552,361,35,326,191,28,15,31,91,5,3,18
S01012128,278,118,17,101,160,38,6,23,77,0,4,12
S01012129,440,273,54,219,167,27,21,19,80,0,3,17
S01012130,687,464,174,290,223,16,61,38,85,3,7,13
S01012131,610,382,66,316,228,36,35,24,93,4,7,29
S01012132,426,246,36,210,180,35,22,27,76,2,4,14
S01012133,421,234,26,208,187,23,13,39,72,3,9,28
S01012134,606,297,136,161,309,24,74,38,110,6,14,43
S01012135,570,380,76,304,190,45,17,25,75,3,9,16
S01012136,516,325,28,297,191,32,11,30,79,6,7,26
S01012137,463,309,105,204,154,30,29,20,59,1,1,14
S01012138,460,209,81,128,251,15,48,42,80,7,15,44
S01012139,462,192,113,79,270,21,55,62,74,3,10,45
S01012140,205,38,20,18,167,3,40,35,38,1,13,37
S01012141,412,102,60,42,310,13,70,72,63,5,24,63
S01012142,395,94,66,28,301,11,82,60,59,4,23,62
S01012143,376,114,80,34,262,7,76,33,51,2,23,70
S01012144,449,130,90,40,319,12,77,71,67,7,18,67
S01012145,399,91,61,30,308,12,68,68,61,10,29,60
S01012146,572,308,112,196,264,50,53,41,88,6,8,18
S01012147,407,191,65,126,216,52,37,23,58,5,6,35
S01012148,364,133,43,90,231,59,32,39,66,4,4,27
S01012149,335,106,24,82,229,23,27,41,64,10,18,46
S01012150,359,133,63,70,226,34,49,39,38,9,11,46
S01012151,397,198,84,114,199,27,49,38,34,5,16,30
S01012152,362,173,37,136,189,27,27,23,46,9,20,37
S01012153,329,205,28,177,124,30,5,22,42,4,5,16
S01012154,513,333,64,269,180,31,27,25,73,1,5,18
S01012155,357,237,46,191,120,13,13,13,53,3,5,20
S01012156,372,214,70,144,158,33,27,16,58,0,6,18
S01012157,487,212,63,149,275,33,40,67,74,8,15,38
S01012158,487,170,36,134,317,30,27,71,120,8,17,44
S01012159,229,66,39,27,163,2,43,20,51,1,9,37
S01012160,293,75,39,36,218,10,50,37,64,3,10,44
S01012161,208,68,21,47,140,42,15,22,29,3,5,24
S01012162,386,140,24,116,246,56,12,55,65,8,21,29
S01012163,384,191,31,160,193,30,20,45,57,10,15,16
S01012164,413,78,8,70,335,31,12,119,92,9,27,45
S01012165,452,199,40,159,253,53,31,46,68,9,16,30
S01012166,292,112,22,90,180,46,16,26,51,0,4,37
S01012167,425,212,48,164,213,11,53,34,63,4,9,39
S01012168,379,125,66,59,254,10,70,41,59,6,22,46
S01012169,429,170,65,105,259,17,65,36,93,5,16,27
S01012170,543,271,132,139,272,25,83,34,73,11,5,41
S01012171,470,171,74,97,299,33,64,52,70,5,21,54
S01012172,360,146,57,89,214,26,52,43,41,6,14,32
S01012173,289,91,62,29,198,6,67,17,41,5,15,47
S01012174,301,40,7,33,261,13,10,84,59,14,20,61
S01012175,385,145,34,111,240,17,35,46,80,6,13,43
S01012176,367,119,35,84,248,15,32,34,80,5,16,66
S01012177,242,47,22,25,195,11,33,26,49,5,19,52
S01012178,212,40,21,19,172,3,31,28,54,2,11,43
S01012179,301,126,75,51,175,18,46,17,46,4,13,31
S01012180,273,99,64,35,174,21,49,24,34,2,12,32
S01012181,384,190,94,96,194,15,46,23,48,6,17,39
S01012182,431,115,12,103,316,16,23,76,106,9,28,58
S01012183,408,217,44,173,191,19,27,34,80,5,6,20
S01012184,280,133,8,125,147,10,10,20,82,2,4,19
S01012185,506,370,32,338,136,33,13,18,55,2,4,11
S01012186,344,134,70,64,210,24,52,35,56,4,6,33
S01012187,382,210,74,136,172,26,33,20,48,3,7,35
S01012188,252,85,49,36,167,9,42,20,55,3,6,32
S01012189,245,72,31,41,173,2,25,55,45,7,5,34
S01012190,210,40,10,30,170,12,14,66,48,7,6,17
S01012191,322,52,18,34,270,8,45,50,65,10,21,71
S01012192,187,32,16,16,155,2,38,27,30,3,17,38
S01012193,175,12,2,10,163,7,9,47,32,5,21,42
S01012194,179,22,4,18,157,5,13,46,22,9,20,42
S01012195,423,90,46,44,333,14,50,81,60,10,35,83
S01012196,211,50,16,34,161,13,4,41,38,8,19,38
S01012197,311,99,52,47,212,20,41,46,46,5,13,41
S01012198,403,162,59,103,241,22,27,59,72,8,14,39
S01012199,309,98,41,57,211,19,35,34,42,6,16,59
S01012200,278,86,39,47,192,27,33,34,42,3,17,36
S01012201,318,90,34,56,228,14,44,49,56,8,21,36
S01012202,239,56,22,34,183,23,42,36,33,3,12,34
S01012203,316,63,26,37,253,8,69,28,63,4,18,63
S01012204,270,30,9,21,240,5,21,40,67,6,27,74
S01012205,273,56,13,43,217,12,34,32,70,4,20,45
S01012206,317,62,25,37,255,15,32,44,57,16,23,68
S01012207,401,130,67,63,271,32,57,60,49,8,20,45
S01012208,457,152,65,87,305,41,64,54,59,9,26,52
S01012209,318,104,49,55,214,23,39,35,54,6,24,33
S01012210,385,165,100,65,220,22,57,48,38,7,12,36
S01012211,408,146,63,83,262,17,48,63,67,9,13,45
S01012212,304,51,26,25,253,3,65,39,60,3,20,63
S01012213,336,61,27,34,275,7,59,42,83,5,9,70
S01012214,282,71,50,21,211,5,56,41,45,7,10,47
S01012215,329,61,25,36,268,6,58,51,66,5,18,64
S01012216,282,66,28,38,216,5,41,40,52,7,21,50
S01012217,267,110,22,88,157,34,20,23,36,6,12,26
S01012218,228,98,20,78,130,35,16,23,22,7,8,19
S01012219,415,164,76,88,251,26,75,30,50,6,15,49
S01012220,367,202,71,131,165,29,38,16,48,2,4,28
S01012221,332,155,82,73,177,19,50,25,42,3,11,27
S01012222,402,169,60,109,233,17,70,31,62,3,14,36
S01012223,360,160,79,81,200,38,49,26,34,4,15,34
S01012224,333,106,40,66,227,34,38,37,60,10,23,25
S01012225,459,166,72,94,293,43,45,56,56,15,29,49
S01012226,287,67,26,41,220,18,47,40,40,9,18,48
S01012227,260,59,21,38,201,27,42,28,29,4,28,43
S01012228,252,41,20,21,211,14,29,41,50,8,20,49
S01012229,323,111,22,89,212,11,34,41,76,3,13,34
S01012230,392,106,41,65,286,13,44,78,89,6,19,37
S01012231,289,45,20,25,244,5,27,63,56,8,31,54
S01012232,318,60,26,34,258,4,41,67,51,15,25,55
S01012233,341,39,14,25,302,9,67,65,60,15,18,68
S01012234,393,74,29,45,319,16,36,81,66,15,27,78
S01012235,192,39,26,13,153,1,49,12,37,2,12,40
S01012236,278,99,42,57,179,10,42,40,39,6,10,32
S01012237,319,76,40,36,243,9,62,56,44,11,16,45
S01012238,309,142,54,88,167,12,35,40,42,3,11,24
S01012239,274,107,39,68,167,21,22,33,42,5,11,33
S01012240,391,149,78,71,242,12,54,44,61,10,18,43
S01012241,232,53,20,33,179,4,37,45,57,10,6,20
S01012242,307,61,39,22,246,7,55,56,51,7,28,42
S01012243,244,59,34,25,185,5,34,48,33,17,13,35
S01012244,347,58,23,35,289,4,55,73,84,23,8,42
S01012245,335,118,76,42,217,7,52,49,62,11,17,19
S01012246,301,58,34,24,243,14,32,60,66,28,17,26
S01012247,303,67,31,36,236,7,46,53,85,3,13,29
S01012248,332,82,33,49,250,9,45,54,76,10,20,36
S01012249,365,95,32,63,270,18,49,59,72,13,9,50
S01012250,301,86,33,53,215,5,53,40,77,9,10,21
S01012251,457,180,90,90,277,28,44,61,81,8,10,45
S01012252,333,128,55,73,205,20,32,56,55,8,10,24
S01012253,508,282,127,155,226,5,51,26,92,7,10,35
S01012254,399,148,68,80,251,8,54,61,72,9,14,33
S01012255,475,221,112,109,254,17,79,42,82,3,4,27
S01012256,327,45,22,23,282,19,54,70,65,15,16,43
S01012257,412,116,52,64,296,20,77,66,71,7,7,48
S01012258,297,50,32,18,247,10,62,56,63,14,16,26
S01012259,277,81,51,30,196,1,80,31,40,7,10,27
S01012260,368,113,76,37,255,12,56,62,59,9,18,39
S01012261,322,53,24,29,269,11,44,83,67,25,13,26
S01012262,343,101,33,68,242,5,50,48,80,11,14,34
S01012263,366,168,48,120,198,18,44,43,54,2,8,29
S01012264,222,81,34,47,141,10,37,30,34,6,6,18
S01012265,340,102,49,53,238,21,51,43,57,6,22,38
S01012266,536,211,113,98,325,16,90,61,106,7,12,33
S01012267,318,98,36,62,220,5,58,48,75,6,5,23
S01012268,265,83,32,51,182,4,30,41,50,10,17,30
S01012269,461,164,97,67,297,11,79,53,79,10,23,42
S01012270,348,114,48,66,234,21,51,45,61,6,15,35
S01012271,421,98,28,70,323,5,59,76,108,17,18,40
S01012272,305,89,41,48,216,14,39,45,61,10,16,31
S01012273,297,63,37,26,234,7,62,36,72,7,12,38
S01012274,432,147,40,107,285,10,42,62,116,11,10,34
S01012275,450,228,45,183,222,18,23,37,98,1,5,40
S01012276,463,203,62,141,260,15,37,51,96,10,10,41
S01012277,482,169,42,127,313,27,45,71,103,13,14,40
S01012278,401,238,73,165,163,3,32,28,55,5,5,35
S01012279,407,186,35,151,221,34,30,37,78,6,14,22
S01012280,409,128,53,75,281,20,37,52,88,8,24,52
S01012281,371,173,63,110,198,9,38,35,66,5,7,38
S01012282,466,187,116,71,279,6,88,62,74,5,9,35
S01012283,369,123,50,73,246,19,35,54,62,6,21,49
S01012284,436,230,98,132,206,16,45,31,72,6,10,26
S01012285,266,86,47,39,180,2,49,21,72,2,4,30
S01012286,493,158,47,111,335,38,62,51,108,6,20,50
S01012287,479,196,63,133,283,47,48,70,69,8,10,31
S01012288,377,161,52,109,216,31,40,37,57,5,12,34
S01012289,411,149,78,71,262,11,92,32,67,12,10,38
S01012290,292,132,79,53,160,9,35,45,37,8,8,18
S01012291,421,135,46,89,286,25,44,78,88,12,14,25
S01012292,341,120,74,46,221,10,91,41,41,14,4,20
S01012293,212,70,28,42,142,6,32,29,38,8,7,22
S01012294,371,101,34,67,270,23,42,57,77,7,18,46
S01012295,280,65,11,54,215,7,13,80,63,8,17,27
S01012296,330,66,21,45,264,19,26,84,71,17,20,27
S01012297,253,63,27,36,190,5,39,37,71,10,9,19
S01012298,374,130,69,61,244,5,52,57,75,6,8,41
S01012299,257,47,19,28,210,8,38,48,76,5,10,25
S01012300,294,103,54,49,191,9,41,44,51,5,11,30
S01012301,407,91,37,54,316,18,79,45,99,15,15,45
S01012302,240,65,17,48,175,5,34,28,67,9,15,17
S01012303,378,93,46,47,285,8,62,51,90,18,17,39
S01012304,424,108,45,63,316,16,88,53,89,16,16,38
S01012305,333,127,64,63,206,11,58,31,51,5,20,30
S01012306,308,150,90,60,158,10,44,32,39,7,8,18
S01012307,323,144,49,95,179,18,46,26,51,3,8,27
S01012308,334,75,41,34,259,7,51,65,62,9,17,48
S01012309,245,71,40,31,174,8,49,19,54,4,9,31
S01012310,427,131,52,79,296,16,91,31,102,9,14,33
S01012311,263,90,61,29,173,6,50,21,48,5,13,30
S01012312,439,122,47,75,317,9,80,38,101,10,23,56
S01012313,345,102,42,60,243,5,61,41,79,11,14,32
S01012314,365,106,57,49,259,23,59,53,61,8,19,36
S01012315,400,207,92,115,193,12,65,18,61,2,7,28
S01012316,315,122,59,63,193,26,52,26,58,5,6,20
S01012317,209,42,26,16,167,11,36,37,36,14,18,15
S01012318,329,81,30,51,248,14,40,50,73,9,16,46
S01012319,343,104,44,60,239,7,47,42,87,8,14,34
S01012320,276,68,43,25,208,10,43,44,42,10,18,41
S01012321,339,99,60,39,240,15,59,43,72,9,19,23
S01012322,453,125,62,63,328,16,100,50,104,7,20,31
S01012323,403,111,54,57,292,10,91,28,97,6,17,43
S01012324,365,108,47,61,257,7,72,33,83,10,16,36
S01012325,301,86,58,28,215,11,103,22,55,2,2,20
S01012326,310,172,77,95,138,8,36,16,46,3,8,21
S01012327,366,109,69,40,257,18,70,43,68,13,11,34
S01012328,293,124,75,49,169,7,73,12,46,4,7,20
S01012329,381,106,52,54,275,11,84,47,87,10,13,23
S01012330,280,85,46,39,195,8,64,33,60,2,4,24
S01012331,265,67,27,40,198,7,37,60,57,7,7,23
S01012332,435,113,42,71,322,5,92,54,96,15,19,41
S01012333,452,124,61,63,328,18,87,57,105,15,10,36
S01012334,365,93,45,48,272,27,89,43,58,4,16,35
S01012335,414,105,46,59,309,17,53,70,89,7,19,54
S01012336,275,75,46,29,200,13,68,30,44,5,12,28
S01012337,453,212,113,99,241,23,58,47,69,2,9,33
S01012338,384,195,82,113,189,12,63,18,57,7,11,21
S01012339,366,221,107,114,145,12,38,22,55,2,4,12
S01012340,477,170,100,70,307,30,76,54,73,16,11,47
S01012341,404,94,28,66,310,1,75,57,109,9,21,38
S01012342,403,121,62,59,282,14,77,51,84,6,15,35
S01012343,448,120,39,81,328,12,84,53,119,13,9,38
S01012344,296,120,36,84,176,20,31,34,60,6,4,21
S01012345,321,98,44,54,223,10,54,50,65,2,13,29
S01012346,361,126,47,79,235,4,57,41,73,13,10,37
S01012347,364,127,85,42,237,13,56,48,70,9,9,32
S01012348,325,87,46,41,238,12,79,47,61,7,10,22
S01012349,402,110,62,48,292,24,71,56,77,3,13,48
S01012350,337,96,52,44,241,19,68,41,51,10,15,37
S01012351,373,114,61,53,259,23,46,65,66,8,12,39
S01012352,350,135,64,71,215,8,54,46,54,11,14,28
S01012353,453,261,108,153,192,16,43,28,72,4,6,23
S01012354,385,157,96,61,228,6,70,39,63,5,11,34
S01012355,377,110,42,68,267,8,58,32,91,8,22,48
S01012356,320,111,60,51,209,10,65,30,66,5,15,18
S01012357,355,74,37,37,281,4,77,32,106,9,13,40
S01012358,343,79,36,43,264,6,71,30,101,7,8,41
S01012359,367,124,51,73,243,39,46,37,70,12,10,29
S01012360,324,98,31,67,226,31,28,51,44,15,21,36
S01012361,275,83,34,49,192,28,30,30,56,11,14,23
S01012362,306,65,22,43,241,46,22,48,47,20,21,37
S01012363,575,322,110,212,253,28,62,45,85,1,7,25
S01012364,375,190,79,111,185,7,43,22,74,5,7,27
S01012365,443,142,58,84,301,13,86,55,89,3,16,39
S01012366,513,276,118,158,237,17,64,26,86,3,10,31
S01012367,420,118,61,57,302,20,88,35,86,7,16,50
S01012368,261,69,36,33,192,4,61,27,57,3,9,31
S01012369,375,97,45,52,278,9,75,56,68,8,23,39
S01012370,516,255,131,124,261,19,63,41,86,8,15,29
S01012371,486,235,82,153,251,26,65,46,75,5,8,26
S01012372,450,261,109,152,189,22,45,21,71,2,9,19
S01012373,479,182,63,119,297,8,84,50,95,8,20,32
S01012374,402,105,59,46,297,27,55,72,83,5,15,40
S01012375,429,138,71,67,291,36,57,55,80,7,12,44
S01012376,407,105,35,70,302,12,80,50,76,16,15,53
S01012377,324,107,35,72,217,11,63,32,57,6,10,38
S01012378,250,52,18,34,198,7,56,25,69,5,10,26
S01012379,227,62,32,30,165,5,41,21,59,9,12,18
S01012380,423,158,48,110,265,17,50,56,78,12,14,38
S01012381,456,222,136,86,234,31,65,31,58,9,11,29
S01012382,437,133,62,71,304,10,77,60,84,8,14,51
S01012383,424,164,84,80,260,13,77,42,86,6,7,29
S01012384,267,114,51,63,153,10,33,30,56,5,2,17
S01012385,332,125,28,97,207,6,42,40,71,3,16,29
S01012386,440,155,51,104,285,37,45,60,76,12,19,36
S01012387,407,111,50,61,296,15,69,52,94,15,14,37
S01012388,306,98,36,62,208,2,44,41,74,9,17,21
S01012389,339,88,25,63,251,17,37,61,53,17,25,41
S01012390,307,88,34,54,219,6,30,35,66,15,23,44
S01012391,412,93,25,68,319,13,45,97,75,36,24,29
S01012392,327,103,25,78,224,26,41,38,45,14,24,36
S01012393,377,104,41,63,273,14,42,47,86,14,16,54
S01012394,276,82,20,62,194,33,26,38,45,5,16,31
S01012395,279,103,50,53,176,12,35,26,55,6,14,28
S01012396,312,132,48,84,180,9,40,39,54,7,15,16
S01012397,418,166,74,92,252,11,79,27,77,12,14,32
S01012398,432,186,69,117,246,14,35,38,103,6,8,42
S01012399,287,98,48,50,189,16,36,42,56,6,10,23
S01012400,274,103,22,81,171,14,31,25,51,8,13,29
S01012401,408,198,36,162,210,19,40,35,65,6,11,34
S01012402,184,47,12,35,137,8,20,32,38,10,12,17
S01012403,437,116,49,67,321,18,47,63,98,7,16,72
S01012404,448,166,58,108,282,17,46,54,86,7,18,54
S01012405,274,57,16,41,217,1,33,53,66,18,16,30
S01012406,260,82,36,46,178,8,31,36,49,9,15,30
S01012407,335,97,44,53,238,10,38,57,69,13,20,31
S01012408,250,65,23,42,185,6,39,32,43,14,24,27
S01012409,311,116,48,68,195,5,43,40,58,15,13,21
S01012410,420,110,35,75,310,16,44,69,87,14,23,57
S01012411,410,131,33,98,279,20,38,55,81,13,27,45
S01012412,281,89,40,49,192,7,36,29,55,8,20,37
S01012413,419,121,65,56,298,6,81,60,84,11,18,38
S01012414,341,144,71,73,197,6,53,27,64,11,10,26
S01012415,203,41,19,22,162,3,46,26,25,11,16,35
S01012416,216,54,29,25,162,2,50,23,32,7,17,31
S01012417,299,101,53,48,198,9,66,31,49,5,9,29
S01012418,343,85,44,41,258,11,67,26,89,9,9,47
S01012419,313,70,43,27,243,7,66,37,66,12,16,39
S01012420,362,95,56,39,267,23,49,54,69,4,15,53
S01012421,325,97,53,44,228,14,62,27,63,7,13,42
S01012422,402,131,59,72,271,23,65,35,83,9,18,38
S01012423,346,85,44,41,261,7,60,31,81,12,18,52
S01012424,414,129,61,68,285,27,50,52,84,11,20,41
S01012425,307,129,62,67,178,29,37,37,35,6,6,28
S01012426,237,94,33,61,143,22,29,32,32,6,9,13
S01012427,300,100,42,58,200,23,35,39,58,11,11,23
S01012428,286,78,46,32,208,10,43,47,58,6,12,32
S01012429,286,122,65,57,164,18,41,25,46,4,7,23
S01012430,277,107,52,55,170,13,53,29,45,0,9,21
S01012431,432,168,109,59,264,18,76,35,59,6,25,45
S01012432,352,131,76,55,221,9,75,25,59,4,19,30
S01012433,265,118,54,64,147,10,38,18,48,4,7,22
S01012434,334,136,54,82,198,24,41,37,35,7,17,37
S01012435,311,129,46,83,182,22,30,24,59,8,17,22
S01012436,345,128,34,94,217,29,45,42,44,8,18,31
S01012437,336,117,58,59,219,8,45,41,64,9,19,33
S01012438,260,48,18,30,212,20,33,45,47,14,14,39
S01012439,355,126,58,68,229,27,43,41,70,11,9,28
S01012440,221,57,29,28,164,3,33,26,47,6,9,40
S01012441,387,90,49,41,297,7,64,40,115,8,17,46
S01012442,423,123,44,79,300,32,57,51,78,8,24,50
S01012443,313,79,41,38,234,8,43,49,70,6,15,43
S01012444,292,69,39,30,223,8,66,32,55,6,17,39
S01012445,183,20,7,13,163,8,25,50,27,10,11,32
S01012446,252,113,45,68,139,11,33,24,37,1,6,27
S01012447,354,76,40,36,278,10,73,53,63,5,20,54
S01012448,361,75,27,48,286,17,50,71,68,13,25,42
S01012449,252,69,29,40,183,21,33,20,53,4,15,37
S01012450,322,67,26,41,255,4,47,57,67,4,21,55
S01012451,397,114,84,30,283,9,115,40,57,10,12,40
S01012452,301,123,79,44,178,15,56,29,44,4,8,22
S01012453,322,49,34,15,273,3,74,58,74,12,15,37
S01012454,301,81,57,24,220,6,95,30,38,1,20,30
S01012455,246,47,31,16,199,0,68,45,45,5,13,23
S01012456,300,54,37,17,246,2,86,44,53,9,18,34
S01012457,380,72,48,24,308,3,118,35,89,6,6,51
S01012458,330,69,46,23,261,4,87,51,48,11,18,42
S01012459,271,43,26,17,228,10,37,50,52,5,27,47
S01012460,242,63,47,16,179,2,57,25,47,3,12,33
S01012461,250,82,37,45,168,20,41,26,40,2,9,30
S01012462,386,157,68,89,229,29,57,41,47,2,8,45
S01012463,256,80,24,56,176,15,31,33,47,4,10,36
S01012464,255,56,13,43,199,25,20,29,67,11,12,35
S01012465,286,55,22,33,231,26,39,29,66,8,17,46
S01012466,349,110,61,49,239,20,53,31,58,5,13,59
S01012467,307,89,44,45,218,26,43,37,54,7,15,36
S01012468,316,86,44,42,230,11,54,47,51,8,17,42
S01012469,333,87,60,27,246,3,70,50,67,7,11,38
S01012470,492,205,95,110,287,26,79,43,77,4,18,40
S01012471,352,79,51,28,273,6,95,37,67,4,19,45
S01012472,317,75,54,21,242,4,98,30,53,9,20,28
S01012473,218,34,16,18,184,2,51,36,41,4,10,40
S01012474,371,169,98,71,202,11,54,21,58,6,12,40
S01012475,300,90,54,36,210,6,68,33,59,1,12,31
S01012476,422,121,64,57,301,39,71,44,77,7,13,50
S01012477,283,60,28,32,223,9,53,37,61,6,15,42
S01012478,368,107,58,49,261,25,53,42,64,7,18,52
S01012479,261,45,24,21,216,10,34,47,55,8,15,47
S01012480,339,196,44,152,143,14,24,14,79,0,0,12
S01012481,419,207,50,157,212,12,33,35,85,3,6,38
S01012482,439,244,156,88,195,4,62,26,53,4,7,39
S01012483,570,354,116,238,216,19,53,23,88,2,8,23
S01012484,366,144,61,83,222,9,57,45,55,13,9,34
S01012485,384,133,59,74,251,19,68,36,82,6,9,31
S01012486,268,104,73,31,164,5,71,16,37,6,11,18
S01012487,306,128,37,91,178,8,40,29,57,6,11,27
S01012488,483,226,104,122,257,14,53,38,83,4,12,53
S01012489,553,281,51,230,272,65,28,42,91,5,16,25
S01012490,606,362,103,259,244,36,41,42,88,2,8,27
S01012491,245,123,21,102,122,30,11,21,42,3,2,13
S01012492,490,293,82,211,197,26,33,22,87,2,5,22
S01012493,409,257,157,100,152,5,47,15,48,2,8,27
S01012494,383,120,64,56,263,25,66,40,62,5,20,45
S01012495,496,197,80,117,299,36,56,43,72,6,21,65
S01012496,314,87,56,31,227,14,45,28,60,6,19,55
S01012497,231,85,34,51,146,12,30,15,39,4,7,39
S01012498,343,105,33,72,238,43,31,34,45,14,32,39
S01012499,277,64,19,45,213,47,26,32,54,8,16,30
S01012500,217,79,17,62,138,28,22,20,29,3,8,28
S01012501,260,83,30,53,177,39,10,34,46,6,21,21
S01012502,360,107,27,80,253,68,20,38,68,11,23,25
S01012503,308,131,56,75,177,34,30,21,33,7,13,39
S01012504,282,87,33,54,195,40,32,30,48,5,17,23
S01012505,515,217,83,134,298,45,58,41,85,2,19,48
S01012506,241,98,48,50,143,8,41,21,38,1,10,24
S01012507,482,189,84,105,293,26,64,49,91,7,5,51
S01012508,399,179,68,111,220,17,46,49,66,3,5,34
S01012509,256,98,55,43,158,9,35,28,44,4,8,30
S01012510,381,110,39,71,271,14,49,72,76,8,15,37
S01012511,316,129,46,83,187,6,35,31,68,2,10,35
S01012512,286,87,30,57,199,22,34,52,39,9,13,30
S01012513,234,57,21,36,177,16,31,36,52,3,14,25
S01012514,392,84,13,71,308,38,19,96,85,11,15,44
S01012515,319,150,80,70,169,14,39,22,47,5,10,32
S01012516,301,85,46,39,216,26,55,48,47,3,12,25
S01012517,410,167,61,106,243,30,41,48,60,10,19,35
S01012518,277,113,53,60,164,4,43,27,50,4,11,25
S01012519,279,133,68,65,146,9,39,20,49,1,9,19
S01012520,345,97,70,27,248,5,66,34,72,9,14,48
S01012521,270,126,52,74,144,11,31,17,53,6,10,16
S01012522,360,84,48,36,276,4,78,34,71,11,20,58
S01012523,385,113,70,43,272,3,66,48,78,7,10,60
S01012524,467,218,139,79,249,5,81,29,78,5,14,37
S01012525,341,118,59,59,223,4,41,37,83,4,8,46
S01012526,334,83,61,22,251,6,76,44,60,5,12,48
S01012527,285,77,40,37,208,5,72,34,58,5,7,27
S01012528,337,95,35,60,242,18,47,47,53,8,21,48
S01012529,342,131,59,72,211,27,45,34,50,4,10,41
S01012530,400,126,87,39,274,6,85,34,69,10,17,53
S01012531,332,98,42,56,234,15,51,61,60,3,12,32
S01012532,348,94,50,44,254,10,57,50,78,6,13,40
S01012533,274,115,47,68,159,8,40,17,56,3,10,25
S01012534,288,129,64,65,159,11,34,26,48,5,13,22
S01012535,361,117,61,56,244,15,42,51,61,2,25,48
S01012536,312,80,33,47,232,19,44,30,57,8,19,55
S01012537,334,107,52,55,227,19,53,36,56,4,10,49
S01012538,476,135,54,81,341,42,76,75,78,7,16,47
S01012539,315,100,50,50,215,17,47,40,49,4,14,44
S01012540,299,93,47,46,206,18,34,40,38,11,18,47
S01012541,442,111,41,70,331,23,58,57,96,12,30,55
S01012542,380,102,57,45,278,10,80,59,67,8,12,42
S01012543,276,54,22,32,222,13,38,50,68,7,10,36
S01012544,341,88,31,57,253,24,50,55,66,16,9,33
S01012545,214,73,47,26,141,17,19,31,40,5,9,20
S01012546,322,65,32,33,257,21,43,57,63,9,10,54
S01012547,312,77,47,30,235,5,71,35,57,7,18,42
S01012548,394,138,76,62,256,6,69,46,70,5,14,46
S01012549,251,90,37,53,161,21,24,34,44,4,11,23
S01012550,345,87,52,35,258,21,53,47,63,8,19,47
S01012551,319,57,29,28,262,7,65,57,52,5,19,57
S01012552,352,53,32,21,299,9,61,55,79,5,21,69
S01012553,347,90,23,67,257,15,24,74,86,10,18,30
S01012554,190,41,14,27,149,2,36,25,44,6,6,30
S01012555,211,40,13,27,171,6,33,34,42,7,16,33
S01012556,221,38,26,12,183,1,43,21,54,3,14,47
S01012557,249,42,28,14,207,3,68,24,41,10,21,40
S01012558,279,106,34,72,173,19,27,36,48,1,10,32
S01012559,457,257,118,139,200,26,52,35,58,8,4,17
S01012560,264,98,62,36,166,14,55,32,34,9,9,13
S01012561,365,146,76,70,219,18,47,44,58,8,10,34
S01012562,434,217,75,142,217,31,39,37,90,2,5,13
S01012563,271,62,48,14,209,1,72,26,52,4,10,44
S01012564,373,112,73,39,261,7,80,46,64,8,14,42
S01012565,379,153,100,53,226,6,73,31,62,11,15,28
S01012566,445,252,88,164,193,23,49,24,70,3,4,20
S01012567,557,267,90,177,290,36,59,42,102,5,9,37
S01012568,281,90,49,41,191,3,67,33,42,5,17,24
S01012569,315,81,51,30,234,3,79,23,52,8,14,55
S01012570,197,53,23,30,144,4,23,25,49,5,9,29
S01012571,362,115,52,63,247,17,37,41,88,8,17,39
S01012572,224,66,28,38,158,6,32,27,51,3,12,27
S01012573,325,53,22,31,272,3,51,51,100,14,17,36
S01012574,359,82,44,38,277,7,67,50,74,17,14,48
S01012575,289,79,33,46,210,13,53,36,58,6,10,34
S01012576,370,154,64,90,216,11,62,44,58,8,8,25
S01012577,336,94,39,55,242,15,55,61,61,4,10,36
S01012578,463,193,122,71,270,8,74,43,85,13,19,28
S01012579,287,68,24,44,219,24,31,42,56,15,9,42
S01012580,325,91,27,64,234,4,37,40,94,14,16,29
S01012581,331,113,53,60,218,32,22,39,73,7,17,28
S01012582,365,82,26,56,283,16,46,63,77,10,18,53
S01012583,326,112,40,72,214,15,44,43,69,2,16,25
S01012584,331,95,50,45,236,20,52,42,68,5,8,41
S01012585,404,168,70,98,236,34,40,37,59,6,21,39
S01012586,313,56,15,41,257,8,40,55,73,8,27,46
S01012587,327,57,24,33,270,5,43,51,82,11,22,56
S01012588,256,56,26,30,200,10,31,39,63,7,19,31
S01012589,284,68,32,36,216,17,41,28,58,7,21,44
S01012590,371,146,66,80,225,22,38,36,65,7,19,38
S01012591,385,148,64,84,237,23,78,42,45,8,10,31
S01012592,215,38,9,29,177,2,31,50,42,5,10,37
S01012593,333,68,24,44,265,12,35,64,82,5,16,51
S01012594,212,69,35,34,143,8,26,27,43,3,11,25
S01012595,288,99,40,59,189,19,39,19,54,4,11,43
S01012596,347,103,38,65,244,38,31,56,63,6,16,34
S01012597,177,30,14,16,147,5,12,56,45,4,11,14
S01012598,302,87,36,51,215,5,41,36,81,3,7,42
S01012599,330,136,58,78,194,14,42,25,63,7,9,34
S01012600,308,93,31,62,215,8,26,35,79,4,13,50
S01012601,357,78,31,47,279,14,36,59,88,7,26,49
S01012602,329,184,74,110,145,10,31,16,52,1,11,24
S01012603,337,151,50,101,186,6,50,21,53,2,11,43
S01012604,275,59,26,33,216,11,54,28,52,7,11,53
S01012605,240,75,39,36,165,17,44,27,40,2,10,25
S01012606,249,11,0,11,238,4,6,104,59,13,17,35
S01012607,312,74,24,50,238,11,40,42,74,4,20,47
S01012608,358,117,60,57,241,20,44,46,56,4,15,56
S01012609,383,125,48,77,258,36,51,46,59,6,13,47
S01012610,425,147,45,102,278,53,35,52,72,8,18,40
S01012611,352,102,46,56,250,13,44,31,79,4,21,58
S01012612,294,69,39,30,225,10,47,39,48,9,23,49
S01012613,287,71,27,44,216,23,31,34,67,3,17,41
S01012614,455,133,56,77,322,27,60,54,101,2,18,60
S01012615,306,101,46,55,205,7,50,39,54,6,13,36
S01012616,384,87,52,35,297,17,66,56,77,8,21,52
S01012617,151,22,10,12,129,5,23,24,39,2,8,28
S01012618,209,45,18,27,164,12,17,27,51,2,12,43
S01012619,295,153,63,90,142,11,35,16,51,5,1,23
S01012620,325,81,48,33,244,4,74,37,64,5,14,46
S01012621,277,98,53,45,179,7,60,22,50,4,7,29
S01012622,341,124,45,79,217,15,50,47,53,7,12,33
S01012623,320,128,44,84,192,22,36,25,53,3,13,40
S01012624,334,121,55,66,213,22,40,36,65,5,14,31
S01012625,263,105,31,74,158,14,33,21,51,3,9,27
S01012626,216,60,25,35,156,7,38,20,48,4,9,30
S01012627,241,81,25,56,160,22,28,28,38,1,16,27
S01012628,334,56,19,37,278,3,47,87,63,11,29,38
S01012629,197,53,25,28,144,6,25,30,38,7,11,27
S01012630,508,287,146,141,221,11,67,14,88,2,11,28
S01012631,423,162,33,129,261,37,36,56,59,12,23,38
S01012632,304,74,18,56,230,11,44,43,70,10,14,38
S01012633,283,65,27,38,218,7,48,35,64,7,17,40
S01012634,339,136,60,76,203,18,50,30,62,5,13,25
S01012635,430,81,30,51,349,22,80,82,82,7,20,56
S01012636,250,49,20,29,201,12,36,41,59,5,13,35
S01012637,365,113,49,64,252,32,42,55,54,8,18,43
S01012638,406,150,85,65,256,20,54,51,66,5,20,40
S01012639,360,108,62,46,252,18,42,56,59,5,26,46
S01012640,439,148,54,94,291,37,66,36,80,13,13,46
S01012641,484,193,118,75,291,30,71,50,71,7,13,49
S01012642,380,139,56,83,241,33,48,46,58,3,13,40
S01012643,199,48,24,24,151,19,24,27,40,4,7,30
S01012644,301,89,41,48,212,29,43,51,43,7,18,21
S01012645,368,152,72,80,216,10,43,46,57,9,15,36
S01012646,405,112,32,80,293,11,52,77,81,12,12,48
S01012647,269,43,5,38,226,14,7,90,74,9,11,21
S01012648,229,63,29,34,166,23,31,22,32,5,21,32
S01012649,267,73,30,43,194,21,41,39,34,6,15,38
S01012650,266,83,33,50,183,6,34,31,66,4,10,32
S01012651,327,142,62,80,185,27,37,36,49,4,7,25
S01012652,431,98,47,51,333,9,60,53,104,13,20,74
S01012653,363,101,28,73,262,27,34,58,62,10,17,54
S01012654,326,105,25,80,221,11,46,51,53,6,21,33
S01012655,454,132,47,85,322,29,63,42,97,9,23,59
S01012656,405,175,79,96,230,30,43,41,54,6,10,46
S01012657,272,113,50,63,159,22,40,30,35,1,12,19
S01012658,424,132,69,63,292,14,56,42,87,5,16,72
S01012659,366,43,11,32,323,19,29,121,66,15,21,52
S01012660,326,124,67,57,202,25,31,30,48,9,12,47
S01012661,324,90,34,56,234,13,44,31,64,4,19,59
S01012662,370,145,79,66,225,30,47,29,66,1,12,40
S01012663,301,70,32,38,231,15,70,33,50,2,10,51
S01012664,462,210,77,133,252,28,56,42,63,4,15,44
S01012665,346,122,45,77,224,49,45,31,54,7,12,26
S01012666,337,133,57,76,204,34,42,21,67,3,6,31
S01012667,279,107,39,68,172,28,36,22,37,4,14,31
S01012668,347,128,52,76,219,31,33,45,49,8,21,32
S01012669,296,53,32,21,243,9,57,41,66,4,14,52
S01012670,295,62,40,22,233,8,68,29,54,5,15,54
S01012671,388,113,50,63,275,29,44,58,70,2,20,52
S01012672,361,152,56,96,209,38,39,39,51,1,11,30
S01012673,252,60,24,36,192,36,26,21,51,2,13,43
S01012674,240,73,29,44,167,21,23,39,38,9,12,25
S01012675,361,121,38,83,240,35,42,33,68,6,10,46
S01012676,307,58,23,35,249,31,29,48,52,11,26,52
S01012677,256,79,32,47,177,12,31,32,55,5,12,30
S01012678,268,41,15,26,227,10,28,57,67,8,19,38
S01012679,372,124,55,69,248,19,58,42,75,8,8,38
S01012680,210,37,19,18,173,5,29,48,38,10,10,33
S01012681,311,104,47,57,207,15,44,40,55,8,16,29
S01012682,315,100,62,38,215,10,53,29,65,6,12,40
S01012683,326,99,24,75,227,25,30,48,65,6,12,41
S01012684,219,67,16,51,152,13,24,42,36,10,9,18
S01012685,334,98,40,58,236,21,36,44,66,11,19,39
S01012686,434,146,58,88,288,14,61,61,84,5,19,44
S01012687,235,60,42,18,175,2,78,21,29,9,11,25
S01012688,449,242,101,141,207,14,47,32,73,6,8,27
S01012689,185,30,19,11,155,11,31,17,46,7,14,29
S01012690,202,30,12,18,172,5,40,34,42,7,10,34
S01012691,296,71,32,39,225,11,49,52,37,12,21,43
S01012692,334,108,64,44,226,20,49,42,59,5,16,35
S01012693,321,39,15,24,282,13,41,65,66,15,26,56
S01012694,200,51,24,27,149,11,31,40,40,5,8,14
S01012695,306,52,19,33,254,9,43,49,73,17,17,46
S01012696,272,60,22,38,212,4,40,39,60,12,16,41
S01012697,197,34,14,20,163,8,42,30,40,7,14,22
S01012698,339,89,35,54,250,8,68,31,84,6,10,43
S01012699,429,108,58,50,321,26,47,60,89,12,20,67
S01012700,320,75,30,45,245,10,54,45,46,11,26,53
S01012701,221,39,23,16,182,5,51,35,35,3,13,40
S01012702,254,76,29,47,178,7,27,39,57,8,11,29
S01012703,205,30,10,20,175,6,11,56,37,4,24,37
S01012704,329,104,38,66,225,29,30,62,42,6,18,38
S01012705,257,30,8,22,227,5,16,65,43,14,32,52
S01012706,297,94,41,53,203,20,26,44,52,2,17,42
S01012707,322,48,18,30,274,5,41,56,65,9,33,65
S01012708,332,108,43,65,224,28,40,40,61,2,18,35
S01012709,253,101,53,48,152,16,39,25,39,2,4,27
S01012710,356,151,65,86,205,24,43,32,60,2,10,34
S01012711,435,228,56,172,207,31,48,30,53,4,9,32
S01012712,335,71,53,18,264,9,74,46,49,11,24,51
S01012713,329,120,76,44,209,4,51,30,52,11,19,42
S01012714,264,66,38,28,198,2,68,34,41,5,8,40
S01012715,411,220,74,146,191,26,44,17,67,3,6,28
S01012716,369,114,53,61,255,7,80,27,72,7,14,48
S01012717,581,339,150,189,242,12,63,29,93,3,3,39
S01012718,489,207,74,133,282,20,57,39,102,7,13,44
S01012719,438,230,54,176,208,13,42,31,82,4,9,27
S01012720,318,194,22,172,124,7,17,14,68,1,6,11
S01012721,288,88,52,36,200,13,46,38,45,5,11,42
S01012722,413,219,55,164,194,28,48,35,41,1,11,30
S01012723,358,179,60,119,179,24,41,17,44,11,12,30
S01012724,412,209,84,125,203,23,44,26,68,7,7,28
S01012725,494,276,67,209,218,16,36,48,68,1,16,33
S01012726,283,94,54,40,189,16,61,24,29,11,17,31
S01012727,294,97,32,65,197,20,30,36,39,5,20,47
S01012728,339,107,22,85,232,63,25,44,37,18,13,32
S01012729,346,84,33,51,262,34,38,48,64,10,15,53
S01012730,266,98,18,80,168,17,30,41,47,4,4,25
S01012731,335,94,41,53,241,25,41,50,57,10,17,41
S01012732,292,70,17,53,222,27,51,41,49,4,15,35
S01012733,364,45,2,43,319,17,9,128,72,22,21,50
S01012734,198,12,1,11,186,6,4,82,42,16,15,21
S01012735,213,56,18,38,157,15,43,29,37,1,5,27
S01012736,376,86,26,60,290,24,32,69,76,12,23,54
S01012737,329,77,16,61,252,15,27,61,88,9,16,36
S01012738,255,71,24,47,184,13,34,31,46,7,17,36
S01012739,289,32,0,32,257,8,5,108,76,10,17,33
S01012740,308,43,5,38,265,17,7,111,73,10,17,30
S01012741,272,106,22,84,166,7,16,31,69,2,8,33
S01012742,276,42,22,20,234,14,49,29,69,4,14,55
S01012743,237,47,26,21,190,7,45,22,47,3,15,51
S01012744,277,58,12,46,219,2,27,47,80,5,12,46
S01012745,302,66,37,29,236,9,64,43,62,4,5,49
S01012746,311,67,19,48,244,11,29,55,77,5,18,49
S01012747,348,93,41,52,255,22,42,38,64,9,18,62
S01012748,369,132,49,83,237,49,26,34,55,9,15,49
S01012749,387,126,29,97,261,42,25,61,64,10,13,46
S01012750,336,102,22,80,234,39,26,41,61,9,16,42
S01012751,423,187,80,107,236,20,64,44,53,3,13,39
S01012752,375,118,26,92,257,40,29,50,73,7,11,47
S01012753,235,89,26,63,146,33,20,26,36,3,6,22
S01012754,255,98,41,57,157,11,31,22,45,1,10,37
S01012755,280,149,59,90,131,22,18,23,44,3,5,16
S01012756,271,125,79,46,146,6,51,11,40,0,6,32
S01012757,236,93,40,53,143,19,26,17,51,0,6,24
S01012758,274,97,37,60,177,21,28,24,43,8,12,41
S01012759,342,144,52,92,198,29,30,30,48,7,12,42
S01012760,424,145,50,95,279,62,31,48,62,8,13,55
S01012761,369,143,44,99,226,18,51,37,61,2,15,42
S01012762,315,86,42,44,229,19,55,27,54,5,15,54
S01012763,178,49,23,26,129,14,23,13,35,2,10,32
S01012764,348,128,52,76,220,30,38,30,50,10,19,43
S01012765,296,81,36,45,215,18,36,28,58,12,18,45
S01012766,358,82,24,58,276,38,38,49,67,14,20,50
S01012767,228,35,20,15,193,6,35,37,62,3,10,40
S01012768,291,39,15,24,252,9,51,43,84,6,12,47
S01012769,152,26,3,23,126,4,12,35,33,8,13,21
S01012770,408,160,72,88,248,26,47,43,71,6,16,39
S01012771,357,162,57,105,195,21,39,30,53,4,16,32
S01012772,285,78,30,48,207,34,37,24,44,8,19,41
S01012773,391,126,61,65,265,29,48,35,73,1,15,64
S01012774,408,160,36,124,248,21,26,37,103,5,17,39
S01012775,211,95,33,62,116,6,26,14,37,1,5,27
S01012776,359,131,41,90,228,20,33,36,77,3,10,49
S01012777,365,82,15,67,283,27,7,112,65,9,29,34
S01012778,295,70,19,51,225,34,13,74,57,4,10,33
S01012779,200,75,13,62,125,24,5,30,31,5,14,16
S01012780,346,134,48,86,212,52,27,35,53,5,13,27
S01012781,300,88,23,65,212,13,42,39,76,2,7,33
S01012782,313,131,41,90,182,34,37,29,46,1,2,33
S01012783,322,109,31,78,213,42,24,46,48,1,14,38
S01012784,391,182,56,126,209,28,27,39,73,2,12,28
S01012785,388,187,68,119,201,54,36,27,39,1,6,38
S01012786,423,247,55,192,176,38,19,24,67,4,4,20
S01012787,250,83,15,68,167,19,14,38,58,4,10,24
S01012788,259,83,27,56,176,22,19,31,45,2,16,41
S01012789,325,100,31,69,225,11,48,40,55,9,17,45
S01012790,289,114,41,73,175,14,22,38,68,5,10,18
S01012791,324,101,59,42,223,7,69,42,48,7,9,41
S01012792,496,264,95,169,232,19,57,33,85,1,7,30
S01012793,363,203,60,143,160,21,26,21,47,4,4,37
S01012794,378,223,54,169,155,8,36,18,69,1,2,21
S01012795,439,120,50,70,319,49,59,39,66,4,31,71
S01012796,347,113,33,80,234,34,24,58,59,6,15,38
S01012797,276,54,10,44,222,27,20,41,70,3,20,41
S01012798,329,127,59,68,202,9,36,45,52,7,21,32
S01012799,393,175,86,89,218,9,56,40,62,7,10,34
S01012800,398,143,42,101,255,3,54,63,62,9,18,46
S01012801,252,130,64,66,122,5,48,9,42,4,5,9
S01012802,207,25,7,18,182,3,26,41,37,11,13,51
S01012803,262,54,26,28,208,10,31,32,57,3,18,57
S01012804,351,149,58,91,202,24,30,43,38,5,17,45
S01012805,383,110,46,64,273,26,43,48,65,6,25,60
S01012806,299,89,29,60,210,17,31,51,52,10,16,33
S01012807,218,42,15,27,176,5,36,36,39,7,18,35
S01012808,475,172,95,77,303,12,64,72,71,10,12,62
S01012809,337,178,35,143,159,13,36,31,44,2,6,27
S01012810,481,273,98,175,208,32,33,26,66,2,16,33
S01012811,348,114,69,45,234,14,57,36,52,5,15,55
S01012812,285,87,28,59,198,14,21,35,61,5,16,46
S01012813,372,80,38,42,292,4,84,43,76,7,18,60
S01012814,333,77,17,60,256,18,21,77,76,11,18,35
S01012815,320,60,5,55,260,21,10,104,69,9,22,25
S01012816,229,59,9,50,170,16,16,56,42,7,9,24
S01012817,175,18,1,17,157,12,4,63,23,9,22,24
S01012818,271,24,6,18,247,14,21,70,49,12,26,55
S01012819,365,150,58,92,215,38,40,34,48,5,9,41
S01012820,370,51,8,43,319,29,7,96,103,8,26,50
S01012821,263,43,5,38,220,20,5,72,57,10,30,26
S01012822,256,118,27,91,138,54,10,16,36,3,2,17
S01012823,285,42,3,39,243,11,12,64,65,14,41,36
S01012824,273,73,19,54,200,25,27,40,48,8,12,40
S01012825,269,130,37,93,139,16,28,25,50,0,5,15
S01012826,231,65,5,60,166,38,3,31,32,6,25,31
S01012827,233,36,2,34,197,12,5,90,44,9,19,18
S01012828,254,66,6,60,188,12,9,65,75,1,10,16
S01012829,362,103,37,66,259,53,33,42,57,15,11,48
S01012830,313,113,50,63,200,19,34,34,52,10,11,40
S01012831,333,155,85,70,178,10,51,29,40,3,5,40
S01012832,215,57,21,36,158,15,28,22,34,6,16,37
S01012833,319,102,30,72,217,38,41,29,54,5,9,41
S01012834,289,100,26,74,189,30,30,33,53,2,13,28
S01012835,403,153,60,93,250,28,45,35,86,1,14,41
S01012836,220,21,2,19,199,17,4,69,47,6,22,34
S01012837,414,232,37,195,182,57,15,36,36,2,13,23
S01012838,528,292,31,261,236,95,13,36,59,4,8,21
S01012839,300,85,21,64,215,13,32,42,67,0,7,54
S01012840,285,47,5,42,238,15,14,85,67,9,15,33
S01012841,253,56,17,39,197,11,28,40,71,2,10,35
S01012842,198,36,8,28,162,13,23,24,56,2,6,38
S01012843,381,82,45,37,299,9,60,61,75,20,21,53
S01012844,249,43,19,24,206,3,28,47,44,8,21,55
S01012845,281,80,30,50,201,15,35,32,48,9,19,43
S01012846,543,288,116,172,255,38,69,30,81,0,8,29
S01012847,249,93,54,39,156,13,24,34,36,2,17,30
S01012848,283,55,24,31,228,13,31,74,45,9,18,38
S01012849,345,131,33,98,214,30,27,52,75,3,4,23
S01012850,339,125,70,55,214,22,55,23,42,4,12,56
S01012851,374,127,73,54,247,17,53,27,77,4,20,49
S01012852,298,84,43,41,214,3,47,38,52,6,13,55
S01012853,338,93,56,37,245,8,76,31,51,3,14,62
S01012854,374,128,38,90,246,16,34,49,82,2,8,55
S01012855,284,97,10,87,187,8,14,49,62,4,8,42
S01012856,414,247,113,134,167,12,33,17,69,2,9,25
S01012857,472,258,113,145,214,22,66,28,54,3,9,32
S01012858,422,250,69,181,172,30,23,14,68,3,10,24
S01012859,530,240,44,196,290,27,35,69,110,2,18,29
S01012860,382,157,103,54,225,16,50,29,48,6,23,53
S01012861,322,117,48,69,205,12,38,43,61,2,8,41
S01012862,369,236,80,156,133,20,22,21,44,1,4,21
S01012863,424,281,48,233,143,33,17,14,62,1,3,13
S01012864,469,271,47,224,198,43,25,33,67,2,6,22
S01012865,390,169,104,65,221,19,56,36,53,4,15,38
S01012866,374,159,61,98,215,19,30,48,63,2,9,44
S01012867,396,184,74,110,212,21,61,24,58,2,10,36
S01012868,321,174,53,121,147,12,35,15,48,2,7,28
S01012869,257,106,21,85,151,41,16,23,25,2,18,26
S01012870,450,170,75,95,280,11,66,47,83,3,13,57
S01012871,384,127,55,72,257,23,54,43,78,1,13,45
S01012872,318,95,29,66,223,34,26,43,60,7,16,37
S01012873,338,79,26,53,259,35,24,48,72,6,15,59
S01012874,383,172,59,113,211,36,31,37,42,6,11,48
S01012875,277,111,35,76,166,20,21,23,53,4,14,31
S01012876,371,133,61,72,238,31,52,36,46,8,14,51
S01012877,331,103,57,46,228,19,56,28,55,0,23,47
S01012878,373,87,32,55,286,9,47,46,79,11,27,67
S01012879,323,117,64,53,206,18,37,37,46,4,21,43
S01012880,374,103,62,41,271,14,68,45,56,3,27,58
S01012881,406,154,94,60,252,9,76,33,70,5,10,49
S01012882,287,108,32,76,179,33,32,25,42,3,13,31
S01012883,378,221,80,141,157,37,30,27,34,2,6,21
S01012884,285,145,84,61,140,18,30,24,36,4,6,22
S01012885,270,168,48,120,102,13,18,17,24,3,3,24
S01012886,315,70,40,30,245,9,53,42,58,5,16,62
S01012887,352,123,54,69,229,2,68,47,66,4,9,33
S01012888,333,80,49,31,253,9,65,48,54,7,16,54
S01012889,342,68,13,55,274,21,19,82,87,13,19,33
S01012890,300,92,30,62,208,38,22,32,51,10,23,32
S01012891,255,98,42,56,157,15,37,25,28,7,9,36
S01012892,566,247,95,152,319,58,52,39,89,2,18,61
S01012893,369,143,60,83,226,50,41,28,56,6,9,36
S01012894,311,71,31,40,240,25,17,65,65,10,26,32
S01012895,197,45,13,32,152,6,15,37,41,5,18,30
S01012896,482,252,96,156,230,11,66,27,75,5,8,38
S01012897,248,61,18,43,187,11,22,52,58,7,14,23
S01012898,177,15,1,14,162,6,4,65,31,6,21,29
S01012899,317,184,58,126,133,4,31,19,49,4,6,20
S01012900,226,47,17,30,179,9,40,32,49,6,16,27
S01012901,336,144,40,104,192,16,35,34,53,8,17,29
S01012902,359,133,33,100,226,12,44,45,76,6,13,30
S01012903,400,170,48,122,230,19,48,43,61,6,14,39
S01012904,371,117,41,76,254,48,35,52,67,8,15,29
S01012905,272,103,24,79,169,29,19,28,33,3,19,38
S01012906,482,225,83,142,257,22,41,51,94,3,9,37
S01012907,449,199,89,110,250,25,72,47,58,3,7,38
S01012908,355,154,60,94,201,11,57,37,53,2,13,28
S01012909,331,173,87,86,158,16,40,28,38,6,6,24
S01012910,485,265,83,182,220,24,43,31,78,1,14,29
S01012911,340,119,60,59,221,10,63,27,55,7,13,46
S01012912,339,144,64,80,195,20,59,27,42,4,5,38
S01012913,417,165,91,74,252,28,57,40,62,4,22,39
S01012914,410,150,42,108,260,25,46,50,88,4,8,39
S01012915,447,150,56,94,297,21,36,90,76,13,20,41
S01012916,331,142,52,90,189,11,61,31,38,3,8,37
S01012917,270,48,34,14,222,12,46,50,37,5,14,58
S01012918,255,124,46,78,131,9,31,24,33,4,11,19
S01012919,229,91,58,33,138,7,43,24,38,1,9,16
S01012920,258,72,38,34,186,3,70,21,38,5,8,41
S01012921,338,128,52,76,210,20,49,33,53,6,13,36
S01012922,437,142,52,90,295,36,49,76,60,10,26,38
S01012923,306,98,38,60,208,19,39,47,41,3,16,43
S01012924,243,99,24,75,144,11,32,30,31,3,6,31
S01012925,194,37,14,23,157,12,40,24,31,2,12,36
S01012926,333,128,36,92,205,16,45,29,58,7,14,36
S01012927,339,108,32,76,231,20,49,40,56,8,19,39
S01012928,353,121,74,47,232,10,48,43,53,8,21,49
S01012929,340,112,57,55,228,17,69,32,40,4,21,45
S01012930,512,302,135,167,210,19,64,27,68,6,4,22
S01012931,435,176,75,101,259,28,49,53,78,4,13,34
S01012932,211,56,29,27,155,10,34,22,34,7,12,36
S01012933,352,123,57,66,229,16,40,28,60,7,27,51
S01012934,360,143,61,82,217,29,60,20,55,7,9,37
S01012935,363,108,67,41,255,14,49,48,54,13,28,49
S01012936,351,138,59,79,213,18,51,26,63,7,12,36
S01012937,314,115,40,75,199,12,31,36,55,6,20,39
S01012938,307,100,69,31,207,3,49,25,62,7,16,45
S01012939,216,30,13,17,186,2,28,46,30,10,26,44
S01012940,268,47,18,29,221,6,32,42,68,5,19,49
S01012941,257,29,6,23,228,4,18,51,55,19,33,48
S01012942,364,127,57,70,237,34,36,48,67,8,12,32
S01012943,291,64,27,37,227,15,30,67,54,10,16,35
S01012944,207,43,17,26,164,8,43,35,32,6,12,28
S01012945,241,27,3,24,214,6,19,64,51,8,30,36
S01012946,338,69,14,55,269,10,36,66,82,6,27,42
S01012947,151,12,4,8,139,1,16,23,40,5,22,32
S01012948,249,24,4,20,225,11,39,36,54,3,26,56
S01012949,282,68,21,47,214,4,43,21,72,5,15,54
S01012950,273,16,1,15,257,8,17,66,55,8,37,66
S01012951,294,21,3,18,273,9,8,114,66,17,20,39
S01012952,247,52,25,27,195,1,59,36,37,7,18,37
S01012953,292,72,15,57,220,19,37,45,59,4,11,45
S01012954,173,22,9,13,151,4,17,42,38,0,17,33
S01012955,356,88,19,69,268,9,41,71,65,6,24,52
S01012956,458,210,101,109,248,11,67,39,57,12,22,40
S01012957,304,128,56,72,176,9,41,31,37,6,16,36
S01012958,206,50,18,32,156,4,23,23,51,2,12,41
S01012959,228,55,10,45,173,12,13,36,49,3,16,44
S01012960,229,31,14,17,198,13,30,29,60,6,14,46
S01012961,200,38,12,26,162,10,19,37,43,6,12,35
S01012962,236,27,15,12,209,2,45,29,44,7,18,64
S01012963,275,32,6,26,243,7,25,77,56,10,20,48
S01012964,200,22,4,18,178,8,5,68,32,16,12,37
S01012965,229,50,4,46,179,19,11,49,32,12,20,36
S01012966,262,56,17,39,206,13,19,57,51,10,15,41
S01012967,183,46,9,37,137,6,19,19,32,8,21,32
S01012968,271,62,8,54,209,29,28,44,56,5,16,31
S01012969,306,106,48,58,200,10,41,30,56,13,17,33
S01012970,236,57,30,27,179,7,31,27,52,4,15,43
S01012971,299,45,12,33,254,37,19,47,50,12,26,63
S01012972,329,93,43,50,236,33,34,47,62,6,23,31
S01012973,335,102,63,39,233,11,42,52,56,11,16,45
S01012974,446,174,75,99,272,22,61,50,70,4,16,49
S01012975,266,85,57,28,181,22,34,30,37,7,10,41
S01012976,229,65,32,33,164,14,34,25,48,6,14,23
S01012977,287,73,21,52,214,30,23,36,49,10,15,51
S01012978,334,96,26,70,238,28,27,40,54,8,25,56
S01012979,224,36,11,25,188,11,18,43,44,10,21,41
S01012980,311,115,28,87,196,30,30,50,44,3,15,24
S01012981,347,129,32,97,218,20,28,33,69,9,18,41
S01012982,383,132,34,98,251,26,50,58,64,5,14,34
S01012983,326,98,49,49,228,11,55,24,67,12,19,40
S01012984,279,91,40,51,188,9,32,34,59,3,18,33
S01012985,330,97,50,47,233,11,51,43,48,3,20,57
S01012986,394,183,53,130,211,32,38,44,55,2,11,29
S01012987,356,145,77,68,211,10,49,44,56,3,10,39
S01012988,463,204,106,98,259,38,63,43,63,3,9,40
S01012989,409,128,53,75,281,19,68,52,64,7,18,53
S01012990,303,149,86,63,154,13,27,23,36,5,14,36
S01012991,351,101,50,51,250,32,55,50,53,2,17,41
S01012992,380,167,84,83,213,20,49,40,40,6,17,41
S01012993,376,185,76,109,191,28,39,30,55,2,10,27
S01012994,502,286,103,183,216,25,34,37,69,4,11,36
S01012995,331,76,22,54,255,21,39,42,75,5,14,59
S01012996,246,51,19,32,195,17,17,23,50,7,13,68
S01012997,210,66,39,27,144,15,27,23,33,5,10,31
S01012998,414,91,34,57,323,30,44,75,77,8,27,62
S01012999,220,83,37,46,137,13,22,24,35,5,9,29
S01013000,322,131,53,78,191,18,53,30,43,5,9,33
S01013001,156,28,10,18,128,5,36,20,33,3,9,22
S01013002,205,48,21,27,157,5,42,24,42,10,11,23
S01013003,246,34,24,10,212,2,63,41,51,7,15,33
S01013004,264,52,25,27,212,14,47,42,54,7,21,27
S01013005,300,70,41,29,230,16,56,47,58,8,12,33
S01013006,240,39,13,26,201,6,49,35,53,10,13,35
S01013007,397,111,65,46,286,6,94,58,58,10,11,49
S01013008,330,85,44,41,245,15,61,53,60,14,11,31
S01013009,293,106,63,43,187,18,54,35,30,3,11,36
S01013010,246,68,36,32,178,3,43,27,43,18,9,35
S01013011,261,53,28,25,208,13,27,62,46,13,16,31
S01013012,292,106,50,56,186,17,34,30,48,8,18,31
S01013013,297,77,52,25,220,17,48,47,47,11,13,37
S01013014,336,112,60,52,224,13,56,55,48,3,11,38
S01013015,309,72,34,38,237,11,64,47,50,11,18,36
S01013016,244,42,15,27,202,9,43,35,59,9,11,36
S01013017,359,102,57,45,257,24,60,51,57,11,18,36
S01013018,387,90,40,50,297,8,70,68,69,9,21,52
S01013019,355,81,31,50,274,11,43,61,83,18,27,31
S01013020,226,89,61,28,137,8,32,24,35,1,9,28
S01013021,187,43,21,22,144,10,22,27,40,6,9,30
S01013022,186,46,10,36,140,32,17,36,32,3,6,14
S01013023,337,52,34,18,285,8,69,46,81,8,23,50
S01013024,227,67,41,26,160,5,39,30,43,11,10,22
S01013025,211,49,14,35,162,4,32,17,58,2,18,31
S01013026,410,116,26,90,294,21,41,74,85,5,20,48
S01013027,422,128,60,68,294,44,49,53,50,11,24,63
S01013028,191,42,14,28,149,6,23,23,51,5,7,34
S01013029,269,96,45,51,173,14,44,34,33,3,9,36
S01013030,225,41,19,22,184,21,23,32,39,10,13,46
S01013031,291,118,31,87,173,32,24,32,29,3,15,38
S01013032,309,63,5,58,246,23,17,92,73,10,13,18
S01013033,276,65,13,52,211,19,16,62,75,6,15,18
S01013034,296,74,36,38,222,22,43,32,50,11,14,50
S01013035,300,96,34,62,204,26,29,44,49,2,16,38
S01013036,280,59,24,35,221,22,19,29,56,9,21,65
S01013037,283,53,13,40,230,7,38,40,72,4,18,51
S01013038,434,158,77,81,276,26,43,36,75,12,23,61
S01013039,178,20,6,14,158,3,12,28,41,7,24,43
S01013040,324,145,76,69,179,12,42,27,51,5,10,32
S01013041,257,83,28,55,174,8,24,33,60,7,14,28
S01013042,318,76,31,45,242,17,20,52,75,4,23,51
S01013043,278,82,37,45,196,15,28,37,44,8,20,44
S01013044,323,73,32,41,250,27,43,43,53,9,22,53
S01013045,277,77,30,47,200,16,23,52,37,9,18,45
S01013046,214,60,30,30,154,14,28,23,40,1,11,37
S01013047,350,70,21,49,280,3,25,94,84,14,21,39
S01013048,401,172,32,140,229,9,33,43,97,2,16,29
S01013049,354,109,37,72,245,7,55,39,68,7,20,49
S01013050,351,139,46,93,212,19,37,22,68,3,10,53
S01013051,422,129,67,62,293,39,60,43,77,5,23,46
S01013052,391,173,95,78,218,27,52,33,63,2,11,30
S01013053,337,167,62,105,170,26,34,30,43,3,10,24
S01013054,305,97,54,43,208,10,44,30,69,6,9,40
S01013055,336,137,68,69,199,19,36,32,59,0,16,37
S01013056,431,161,73,88,270,16,60,46,73,5,14,56
S01013057,369,109,29,80,260,60,33,43,52,16,20,36
S01013058,213,28,6,22,185,16,9,69,49,13,11,18
S01013059,406,177,105,72,229,6,82,35,66,7,8,25
S01013060,227,75,31,44,152,6,35,23,49,3,7,29
S01013061,362,98,59,39,264,3,96,43,70,5,13,34
S01013062,403,159,87,72,244,7,69,48,70,11,10,29
S01013063,371,138,76,62,233,5,52,43,70,13,15,35
S01013064,386,122,72,50,264,15,72,56,57,7,16,41
S01013065,415,148,53,95,267,25,57,41,81,10,8,45
S01013066,347,150,32,118,197,18,27,41,66,6,9,30
S01013067,396,143,13,130,253,14,6,17,137,1,2,76
S01013068,406,189,38,151,217,41,11,27,88,1,8,41
S01013069,350,131,15,116,219,13,9,27,101,1,7,61
S01013070,301,131,22,109,170,24,8,15,83,2,6,32
S01013071,359,115,12,103,244,7,4,12,132,1,6,82
S01013072,227,75,34,41,152,20,17,24,33,3,10,45
S01013073,352,119,21,98,233,46,13,47,91,1,11,24
S01013074,302,117,35,82,185,42,15,33,35,10,16,34
S01013075,481,270,108,162,211,21,50,28,50,4,18,40
S01013076,172,35,10,25,137,3,11,36,43,6,10,28
S01013077,297,83,34,49,214,36,34,34,47,13,12,38
S01013078,252,90,14,76,162,32,17,30,39,5,14,25
S01013079,376,69,14,55,307,14,26,97,74,15,27,54
S01013080,374,116,68,48,258,11,53,44,70,8,17,55
S01013081,280,66,37,29,214,3,52,44,69,4,8,34
S01013082,395,137,72,65,258,2,58,44,85,4,13,52
S01013083,187,38,19,19,149,3,33,39,31,5,9,29
S01013084,307,55,41,14,252,10,82,47,50,8,11,44
S01013085,259,125,93,32,134,13,26,34,26,7,6,22
S01013086,448,201,63,138,247,10,44,36,104,9,8,36
S01013087,327,89,35,54,238,9,52,47,69,11,18,32
S01013088,388,80,43,37,308,3,103,63,70,8,18,43
S01013089,359,121,66,55,238,13,58,42,79,2,12,32
S01013090,349,92,24,68,257,4,25,36,124,8,7,53
S01013091,254,108,14,94,146,9,6,12,87,1,6,25
S01013092,440,179,56,123,261,18,30,61,106,4,14,28
S01013093,223,71,30,41,152,6,50,16,45,2,11,22
S01013094,230,38,22,16,192,3,53,41,41,10,16,28
S01013095,282,16,6,10,266,3,38,78,58,25,25,39
S01013096,213,72,33,39,141,15,23,28,46,1,11,17
S01013097,248,52,16,36,196,4,26,49,68,10,8,31
S01013098,189,8,2,6,181,1,8,83,15,32,27,15
S01013099,439,184,79,105,255,15,64,41,85,7,9,34
S01013100,265,71,45,26,194,2,71,35,46,18,10,12
S01013101,502,213,102,111,289,29,62,49,86,6,17,40
S01013102,291,116,87,29,175,5,48,32,49,10,9,22
S01013103,289,31,19,12,258,8,38,83,43,21,20,45
S01013104,404,100,63,37,304,12,75,64,68,11,23,51
S01013105,387,115,55,60,272,5,68,58,72,15,14,40
S01013106,350,112,50,62,238,16,60,46,43,11,18,44
S01013107,275,51,25,26,224,5,61,38,72,5,9,34
S01013108,255,74,31,43,181,9,37,35,50,7,16,27
S01013109,412,100,48,52,312,11,60,62,80,13,25,61
S01013110,245,64,24,40,181,6,47,30,40,7,16,35
S01013111,192,62,32,30,130,2,37,30,23,5,13,20
S01013112,265,69,27,42,196,24,31,59,41,7,10,24
S01013113,372,122,76,46,250,15,63,42,66,9,13,42
S01013114,337,100,49,51,237,7,56,48,69,10,12,35
S01013115,320,162,78,84,158,5,42,21,62,1,9,18
S01013116,331,92,58,34,239,1,83,36,62,2,12,43
S01013117,271,88,34,54,183,18,21,48,57,4,10,25
S01013118,195,48,20,28,147,3,37,16,49,8,8,26
S01013119,337,93,37,56,244,14,65,30,78,8,11,38
S01013120,440,160,68,92,280,17,68,47,93,5,15,35
S01013121,146,42,20,22,104,5,18,23,30,8,4,16
S01013122,333,186,32,154,147,28,19,23,42,10,8,17
S01013123,414,210,47,163,204,49,27,41,45,4,17,21
S01013124,334,122,48,74,212,18,40,44,51,5,13,41
S01013125,374,160,72,88,214,20,51,34,46,4,15,44
S01013126,342,122,28,94,220,52,15,35,60,5,15,38
S01013127,378,137,34,103,241,70,37,33,38,4,17,42
S01013128,455,325,51,274,130,35,14,19,53,0,2,7
S01013129,533,225,69,156,308,46,47,44,88,7,25,51
S01013130,340,146,31,115,194,44,13,33,53,15,10,26
S01013131,316,134,27,107,182,40,14,41,44,4,15,24
S01013132,318,163,61,102,155,38,15,22,43,2,13,22
S01013133,441,250,55,195,191,34,24,34,66,6,7,20
S01013134,376,142,65,77,234,25,39,48,52,7,21,42
S01013135,391,198,51,147,193,44,15,40,41,5,18,30
S01013136,395,122,62,60,273,11,73,40,53,7,29,60
S01013137,307,88,48,40,219,12,52,41,37,2,19,56
S01013138,342,141,33,108,201,65,16,32,48,6,11,23
S01013139,409,168,64,104,241,32,48,31,52,10,21,47
S01013140,366,119,54,65,247,28,53,37,62,4,22,41
S01013141,330,146,69,77,184,27,39,30,50,5,6,27
S01013142,517,292,138,154,225,39,64,20,61,3,9,29
S01013143,419,160,77,83,259,26,52,41,77,5,17,41
S01013144,427,151,84,67,276,17,72,40,72,5,14,56
S01013145,336,141,70,71,195,17,39,21,49,5,15,49
S01013146,197,60,35,25,137,9,26,26,35,5,13,23
S01013147,307,93,56,37,214,18,46,35,43,5,25,42
S01013148,381,152,60,92,229,16,59,44,66,2,13,29
S01013149,418,172,69,103,246,32,38,48,76,2,12,38
S01013150,403,138,68,70,265,26,63,34,66,4,14,58
S01013151,261,93,41,52,168,18,22,28,48,4,12,36
S01013152,386,119,59,60,267,23,50,47,55,11,22,59
S01013153,398,151,43,108,247,51,35,47,43,8,24,39
S01013154,452,154,50,104,298,61,50,42,68,5,20,52
S01013155,399,145,24,121,254,71,8,53,56,9,22,35
S01013156,354,104,26,78,250,57,28,35,50,9,22,49
S01013157,430,163,46,117,267,51,22,50,61,10,30,43
S01013158,205,37,18,19,168,5,26,31,39,7,16,44
S01013159,297,80,37,43,217,10,50,27,58,5,15,52
S01013160,264,32,17,15,232,9,47,49,52,6,21,48
S01013161,488,198,72,126,290,32,49,65,79,7,16,42
S01013162,426,197,89,108,229,20,65,28,57,9,12,38
S01013163,253,27,12,15,226,14,37,40,48,6,19,62
S01013164,485,211,68,143,274,22,48,49,48,16,25,66
S01013165,412,153,92,61,259,16,58,49,69,2,23,42
S01013166,387,234,50,184,153,42,17,23,41,4,3,23
S01013167,383,216,29,187,167,47,11,36,49,2,7,15
S01013168,408,162,69,93,246,28,60,35,45,3,26,49
S01013169,436,202,104,98,234,27,59,34,48,6,15,45
S01013170,265,122,50,72,143,22,23,20,37,7,10,24
S01013171,249,53,15,38,196,11,21,48,41,10,21,44
S01013172,319,94,34,60,225,16,43,49,59,2,12,44
S01013173,358,117,31,86,241,19,31,53,71,5,16,46
S01013174,284,48,19,29,236,7,22,59,59,9,25,55
S01013175,343,84,34,50,259,19,28,81,62,9,15,45
S01013176,411,206,81,125,205,11,52,29,65,3,8,37
S01013177,290,115,37,78,175,4,36,36,50,3,12,34
S01013178,346,130,48,82,216,9,45,30,73,9,10,40
S01013179,363,115,38,77,248,22,51,20,76,1,16,62
S01013180,170,32,8,24,138,8,14,28,40,4,6,38
S01013181,310,84,51,33,226,7,39,42,76,2,18,42
S01013182,372,165,90,75,207,26,46,23,48,6,20,38
S01013183,334,76,26,50,258,5,45,48,73,5,18,64
S01013184,279,121,22,99,158,41,13,28,41,2,16,17
S01013185,362,129,48,81,233,38,34,49,56,7,17,32
S01013186,292,92,28,64,200,39,21,45,41,3,14,37
S01013187,386,147,42,105,239,32,36,48,68,9,13,33
S01013188,348,71,29,42,277,16,50,44,72,9,24,62
S01013189,238,51,33,18,187,7,40,26,40,6,15,53
S01013190,367,144,69,75,223,14,38,50,58,9,16,38
S01013191,386,67,36,31,319,10,34,86,81,8,33,67
S01013192,417,155,67,88,262,22,53,38,70,5,17,57
S01013193,356,169,52,117,187,26,37,34,57,1,5,27
S01013194,319,157,32,125,162,24,24,25,60,0,8,21
S01013195,597,354,113,241,243,18,36,43,106,2,5,33
S01013196,371,193,46,147,178,15,31,24,82,0,5,21
S01013197,262,101,64,37,161,7,41,25,34,5,8,41
S01013198,379,160,72,88,219,21,43,30,57,6,13,49
S01013199,488,247,138,109,241,12,49,38,79,2,9,52
S01013200,313,111,50,61,202,25,31,34,52,5,21,34
S01013201,380,195,47,148,185,34,22,28,43,7,20,31
S01013202,235,72,7,65,163,27,32,23,26,5,13,37
S01013203,355,159,46,113,196,27,24,41,57,8,13,26
S01013204,332,88,21,67,244,13,24,67,76,8,15,41
S01013205,240,66,17,49,174,31,17,21,35,14,16,40
S01013206,298,115,35,80,183,28,31,27,49,1,15,32
S01013207,390,174,56,118,216,25,38,28,71,5,12,37
S01013208,436,176,26,150,260,39,33,51,73,4,18,42
S01013209,435,194,73,121,241,29,50,31,81,4,14,32
S01013210,253,75,27,48,178,6,36,28,41,1,14,52
S01013211,411,145,48,97,266,22,37,47,92,4,11,53
S01013212,192,14,2,12,178,7,6,33,45,4,26,57
S01013213,197,21,5,16,176,4,18,37,46,1,24,46
S01013214,159,24,6,18,135,6,10,38,34,2,15,30
S01013215,385,156,21,135,229,23,34,43,81,2,11,35
S01013216,237,59,13,46,178,33,13,42,37,4,6,43
S01013217,279,65,20,45,214,25,27,41,56,5,14,46
S01013218,251,65,13,52,186,42,21,31,38,7,6,41
S01013219,220,52,11,41,168,27,20,19,48,4,14,36
S01013220,313,119,46,73,194,46,32,29,35,8,13,31
S01013221,382,104,32,72,278,39,52,46,61,10,24,46
S01013222,316,154,60,94,162,33,21,34,46,3,7,18
S01013223,637,359,175,184,278,40,42,60,87,7,12,30
S01013224,370,139,38,101,231,16,26,42,74,5,25,43
S01013225,315,87,34,53,228,26,26,46,42,9,26,53
S01013226,207,50,8,42,157,7,18,41,54,5,11,21
S01013227,366,175,68,107,191,38,32,40,43,4,9,25
S01013228,416,239,47,192,177,30,20,26,69,5,3,24
S01013229,370,141,51,90,229,39,34,43,61,4,14,34
S01013230,327,120,67,53,207,21,55,33,55,3,8,32
S01013231,374,167,72,95,207,21,28,37,72,3,13,33
S01013232,331,132,69,63,199,9,46,29,48,5,13,49
S01013233,262,77,45,32,185,5,45,19,58,5,12,41
S01013234,137,14,7,7,123,4,12,29,36,2,6,34
S01013235,386,161,67,94,225,13,56,28,70,3,10,45
S01013236,381,94,42,52,287,13,82,43,69,5,14,61
S01013237,360,125,35,90,235,27,21,51,69,10,17,40
S01013238,389,183,66,117,206,31,31,38,53,7,17,29
S01013239,425,151,43,108,274,52,46,48,70,9,10,39
S01013240,256,97,23,74,159,26,25,30,38,2,13,25
S01013241,336,59,32,27,277,1,65,44,90,2,14,61
S01013242,229,50,36,14,179,3,39,29,46,4,20,38
S01013243,325,106,27,79,219,20,35,45,55,4,11,49
S01013244,351,138,70,68,213,33,53,29,37,4,15,42
S01013245,407,98,44,54,309,21,48,77,75,12,21,55
S01013246,184,44,21,23,140,12,17,30,33,8,8,32
S01013247,338,117,29,88,221,43,29,41,55,3,17,33
S01013248,300,114,38,76,186,37,32,26,39,3,14,35
S01013249,201,52,16,36,149,18,30,25,40,2,11,23
S01013250,339,67,26,41,272,19,43,39,80,7,30,54
S01013251,319,99,29,70,220,40,22,62,46,16,11,23
S01013252,288,82,25,57,206,25,32,29,56,9,14,41
S01013253,316,91,35,56,225,18,51,41,63,7,10,35
S01013254,297,116,43,73,181,31,24,36,38,8,9,35
S01013255,345,88,37,51,257,29,50,37,55,7,23,56
S01013256,322,111,49,62,211,25,36,54,52,2,17,25
S01013257,419,193,104,89,226,17,49,37,63,6,12,42
S01013258,312,65,29,36,247,10,51,39,77,12,10,48
S01013259,361,91,37,54,270,36,55,45,66,6,8,54
S01013260,382,115,36,79,267,46,30,56,70,8,14,43
S01013261,345,105,44,61,240,36,28,46,66,11,13,40
S01013262,276,82,31,51,194,15,36,25,57,7,20,34
S01013263,195,25,14,11,170,8,23,42,45,11,16,25
S01013264,163,11,2,9,152,3,11,62,28,2,15,31
S01013265,201,10,2,8,191,6,7,54,43,15,30,36
S01013266,189,20,5,15,169,6,10,51,42,5,25,30
S01013267,237,75,27,48,162,23,21,32,42,6,9,29
S01013268,328,76,28,48,252,29,33,50,50,8,21,61
S01013269,379,77,17,60,302,22,30,83,96,5,21,45
S01013270,285,37,10,27,248,6,23,78,65,13,29,34
S01013271,242,33,21,12,209,6,49,35,69,6,12,32
S01013272,253,30,12,18,223,9,14,70,50,14,27,39
S01013273,291,20,6,14,271,9,13,119,43,23,23,41
S01013274,348,87,25,62,261,13,44,42,96,3,15,48
S01013275,253,42,12,30,211,13,22,50,72,8,20,26
S01013276,233,43,12,31,190,9,18,44,58,2,17,42
S01013277,363,83,40,43,280,33,39,40,80,12,21,55
S01013278,322,98,34,64,224,30,30,39,45,13,21,46
S01013279,299,82,26,56,217,35,27,38,52,12,17,36
S01013280,227,56,32,24,171,14,30,32,31,10,9,45
S01013281,384,109,61,48,275,24,45,50,60,14,34,48
S01013282,346,119,29,90,227,31,10,55,57,10,20,44
S01013283,310,106,11,95,204,21,12,36,100,2,11,22
S01013284,301,97,17,80,204,11,27,45,79,7,12,23
S01013285,269,60,18,42,209,12,22,45,72,2,17,39
S01013286,284,68,14,54,216,20,28,36,72,4,10,46
S01013287,282,44,14,30,238,8,20,53,60,8,27,62
S01013288,315,115,51,64,200,16,38,43,63,5,16,19
S01013289,303,65,28,37,238,14,51,59,55,11,13,35
S01013290,361,94,27,67,267,22,26,75,67,15,18,44
S01013291,257,38,5,33,219,21,12,67,52,11,21,35
S01013292,284,49,18,31,235,8,30,37,77,5,16,62
S01013293,273,49,16,33,224,6,26,46,68,8,21,49
S01013294,306,83,25,58,223,24,26,40,58,3,21,51
S01013295,324,94,16,78,230,19,28,36,74,8,12,53
S01013296,310,95,45,50,215,23,43,20,50,7,13,59
S01013297,308,107,51,56,201,12,36,42,48,5,11,47
S01013298,310,99,46,53,211,20,57,25,52,6,13,38
S01013299,424,109,43,66,315,27,56,79,73,4,15,61
S01013300,264,90,37,53,174,9,44,24,55,1,12,29
S01013301,217,65,31,34,152,15,32,20,36,7,7,35
S01013302,270,79,25,54,191,8,34,34,65,5,15,30
S01013303,384,109,73,36,275,7,63,34,79,8,22,62
S01013304,422,155,32,123,267,34,36,40,76,11,24,46
S01013305,444,150,58,92,294,35,45,38,102,10,10,54
S01013306,501,245,48,197,256,64,21,31,94,4,18,24
S01013307,436,136,36,100,300,31,27,68,83,13,25,53
S01013308,374,96,15,81,278,63,24,66,61,13,23,28
S01013309,236,52,11,41,184,10,17,44,57,9,20,27
S01013310,241,42,21,21,199,18,27,51,37,5,20,41
S01013311,313,71,25,46,242,32,29,38,65,9,25,44
S01013312,486,192,46,146,294,27,42,58,90,12,25,40
S01013313,276,77,28,49,199,20,34,27,44,14,23,37
S01013314,304,96,43,53,208,29,49,30,50,7,14,29
S01013315,174,6,0,6,168,4,9,78,31,13,15,18
S01013316,273,66,39,27,207,9,49,30,54,11,9,45
S01013317,257,87,29,58,170,9,36,28,63,2,9,23
S01013318,245,52,13,39,193,9,20,53,67,6,12,26
S01013319,209,34,9,25,175,17,16,45,49,7,13,28
S01013320,357,50,5,45,307,21,7,110,83,18,29,39
S01013321,223,95,36,59,128,11,25,21,50,1,6,14
S01013322,267,51,21,30,216,23,24,39,49,6,24,51
S01013323,416,136,37,99,280,37,36,55,63,5,20,64
S01013324,275,89,25,64,186,35,16,32,47,5,16,35
S01013325,353,75,21,54,278,71,25,58,50,7,26,41
S01013326,218,55,20,35,163,19,19,33,43,2,12,35
S01013327,269,57,25,32,212,30,15,34,60,8,17,48
S01013328,236,50,15,35,186,28,20,34,39,8,22,35
S01013329,228,71,35,36,157,14,23,29,42,5,10,34
S01013330,430,95,6,89,335,32,21,97,113,7,24,41
S01013331,248,50,7,43,198,12,6,68,66,8,13,25
S01013332,285,91,45,46,194,18,33,39,46,8,13,37
S01013333,327,73,24,49,254,18,26,70,75,6,21,38
S01013334,294,63,13,50,231,34,22,56,55,10,19,35
S01013335,294,62,23,39,232,54,9,48,39,14,23,45
S01013336,339,103,22,81,236,35,17,44,51,9,30,50
S01013337,365,63,19,44,302,14,60,47,77,11,22,71
S01013338,165,10,2,8,155,6,6,52,30,17,27,17
S01013339,233,43,10,33,190,8,30,38,61,7,14,32
S01013340,335,54,14,40,281,10,60,40,98,5,14,54
S01013341,388,99,19,80,289,16,36,75,112,4,17,29
S01013342,286,103,36,67,183,20,35,29,43,7,13,36
S01013343,276,83,33,50,193,16,21,44,48,10,18,36
S01013344,356,128,64,64,228,25,49,34,49,6,24,41
S01013345,298,73,32,41,225,30,17,51,61,10,17,39
S01013346,282,23,4,19,259,21,15,77,57,18,27,44
S01013347,332,125,19,106,207,11,29,55,76,6,6,24
S01013348,169,29,9,20,140,6,4,52,41,8,12,17
S01013349,359,117,4,113,242,35,6,66,93,6,13,23
S01013350,285,84,42,42,201,23,25,34,52,4,13,50
S01013351,320,80,35,45,240,17,24,54,73,7,15,50
S01013352,355,78,32,46,277,29,41,48,71,11,20,57
S01013353,283,98,33,65,185,23,14,35,56,10,18,29
S01013354,318,84,34,50,234,14,48,45,76,9,7,35
S01013355,274,75,40,35,199,19,34,44,49,4,10,39
S01013356,323,90,20,70,233,39,36,50,54,4,14,36
S01013357,346,79,27,52,267,19,47,56,86,7,19,33
S01013358,382,141,85,56,241,19,44,53,68,3,14,40
S01013359,298,113,43,70,185,29,36,23,56,7,10,24
S01013360,299,83,35,48,216,17,42,35,61,5,12,44
S01013361,280,120,39,81,160,14,26,29,54,0,8,29
S01013362,220,76,46,30,144,26,28,18,31,5,13,23
S01013363,390,173,49,124,217,43,36,28,64,9,11,26
S01013364,366,93,37,56,273,14,43,60,79,9,27,41
S01013365,367,102,26,76,265,22,51,41,105,2,10,34
S01013366,348,70,20,50,278,18,30,82,78,6,16,48
S01013367,221,48,19,29,173,4,14,46,51,3,21,34
S01013368,284,57,26,31,227,17,40,41,57,6,16,50
S01013369,420,145,80,65,275,56,49,38,66,9,17,40
S01013370,298,132,31,101,166,25,33,34,46,6,6,16
S01013371,327,125,80,45,202,23,70,20,43,4,14,28
S01013372,489,166,50,116,323,64,42,67,70,9,23,48
S01013373,451,168,55,113,283,44,67,43,72,5,13,39
S01013374,453,177,80,97,276,59,50,43,61,9,18,36
S01013375,262,81,37,44,181,23,44,33,41,4,9,27
S01013376,272,92,46,46,180,19,44,27,49,5,14,22
S01013377,377,138,69,69,239,22,63,36,70,3,12,33
S01013378,426,130,51,79,296,46,38,36,84,9,22,61
S01013379,345,70,26,44,275,22,45,31,91,5,21,60
S01013380,36,6,4,2,30,0,7,2,2,4,5,10
S01013381,211,60,30,30,151,10,35,30,33,4,8,31
S01013382,225,56,24,32,169,8,24,37,49,7,8,36
S01013383,353,147,72,75,206,21,49,37,61,3,5,30
S01013384,337,126,67,59,211,8,43,38,51,10,21,40
S01013385,217,62,24,38,155,7,30,27,55,7,6,23
S01013386,335,58,18,40,277,10,57,72,72,8,14,44
S01013387,265,79,46,33,186,28,36,35,40,7,13,27
S01013388,382,178,101,77,204,19,54,29,51,7,13,31
S01013389,347,118,34,84,229,26,33,43,72,4,14,37
S01013390,210,71,22,49,139,11,29,23,38,3,11,24
S01013391,173,42,29,13,131,6,22,26,37,3,11,26
S01013392,270,31,3,28,239,11,7,91,77,10,18,25
S01013393,324,116,56,60,208,23,32,58,50,3,14,28
S01013394,288,86,23,63,202,33,31,37,42,4,13,42
S01013395,352,144,31,113,208,68,10,51,50,7,6,16
S01013396,255,28,1,27,227,10,3,95,88,8,13,10
S01013397,376,109,42,67,267,22,42,44,83,10,16,50
S01013398,183,15,5,10,168,6,5,54,38,9,25,31
S01013399,399,79,24,55,320,14,25,115,94,11,15,46
S01013400,314,117,24,93,197,25,31,38,60,2,7,34
S01013401,324,63,6,57,261,26,3,82,107,2,15,26
S01013402,429,102,2,100,327,24,5,135,121,11,15,16
S01013403,332,65,7,58,267,20,5,116,81,14,12,19
S01013404,211,37,1,36,174,18,6,62,44,10,14,20
S01013405,329,120,57,63,209,13,54,33,65,4,10,30
S01013406,270,72,26,46,198,26,37,35,46,5,10,39
S01013407,259,97,37,60,162,21,32,31,48,4,4,22
S01013408,302,102,56,46,200,41,42,38,38,2,8,31
S01013409,428,104,24,80,324,38,46,60,83,8,31,58
S01013410,290,83,14,69,207,52,13,42,57,13,12,18
S01013411,333,113,25,88,220,15,41,39,67,8,9,41
S01013412,364,134,41,93,230,22,29,46,65,4,22,42
S01013413,336,96,57,39,240,7,49,53,70,11,11,39
S01013414,484,259,124,135,225,39,51,36,66,3,9,21
S01013415,385,220,85,135,165,28,34,22,45,0,6,30
S01013416,276,110,37,73,166,15,27,34,45,1,8,36
S01013417,442,211,44,167,231,13,56,33,79,4,13,33
S01013418,256,62,23,39,194,14,28,34,55,10,13,40
S01013419,187,39,16,23,148,4,26,32,39,3,15,29
S01013420,265,98,30,68,167,19,27,27,50,6,6,32
S01013421,278,41,5,36,237,13,13,95,56,11,27,22
S01013422,303,70,39,31,233,21,37,40,69,10,12,44
S01013423,332,79,40,39,253,11,45,47,72,10,18,50
S01013424,188,38,15,23,150,9,22,37,32,6,16,28
S01013425,199,78,32,46,121,7,20,25,35,3,11,20
S01013426,368,116,53,63,252,35,50,41,59,5,16,46
S01013427,171,35,8,27,136,5,9,36,49,8,11,18
S01013428,379,93,29,64,286,34,28,55,78,10,28,53
S01013429,300,88,31,57,212,24,28,36,68,8,9,39
S01013430,277,46,20,26,231,19,38,48,68,8,12,38
S01013431,304,104,50,54,200,23,35,27,51,2,22,40
S01013432,293,76,25,51,217,12,31,39,70,13,13,39
S01013433,309,70,43,27,239,13,51,47,71,8,16,33
S01013434,207,46,23,23,161,4,19,46,47,6,15,24
S01013435,221,22,6,16,199,6,15,57,55,11,25,30
S01013436,339,83,38,45,256,23,47,65,46,12,23,40
S01013437,308,108,22,86,200,15,28,26,76,2,11,42
S01013438,285,111,51,60,174,28,22,32,56,6,3,27
S01013439,351,44,33,11,307,4,80,61,81,10,16,55
S01013440,378,40,22,18,338,6,78,69,85,13,23,64
S01013441,317,75,31,44,242,2,54,57,77,10,8,34
S01013442,328,88,26,62,240,16,27,52,69,10,8,58
S01013443,295,111,41,70,184,11,36,38,62,7,14,16
S01013444,520,259,124,135,261,19,35,46,113,3,9,36
S01013445,252,72,59,13,180,2,35,51,36,10,8,38
S01013446,309,84,46,38,225,16,45,44,63,11,10,36
S01013447,198,18,3,15,180,7,4,69,33,23,23,21
S01013448,390,160,93,67,230,2,64,42,61,9,15,37
S01013449,273,74,31,43,199,7,39,47,54,7,10,35
S01013450,249,65,16,49,184,14,21,44,61,6,11,27
S01013451,296,30,5,25,266,11,15,71,68,12,27,62
S01013452,300,64,23,41,236,14,26,61,61,11,15,48
S01013453,344,106,46,60,238,43,28,39,74,5,19,30
S01013454,317,81,37,44,236,9,38,51,81,11,16,30
S01013455,262,87,29,58,175,5,42,33,63,8,5,19
S01013456,372,147,71,76,225,12,38,48,71,6,13,37
S01013457,384,96,47,49,288,36,55,41,74,13,20,49
S01013458,333,131,35,96,202,14,33,27,63,12,14,39
S01013459,421,206,96,110,215,16,28,39,80,4,13,35
S01013460,346,108,48,60,238,32,42,47,34,12,15,56
S01013461,443,123,45,78,320,34,23,87,87,17,22,50
S01013462,354,87,17,70,267,16,26,59,100,7,15,44
S01013463,216,35,10,25,181,36,9,60,38,7,7,24
S01013464,323,95,56,39,228,9,54,30,78,2,14,41
S01013465,337,130,66,64,207,9,54,34,66,2,8,34
S01013466,116,24,11,13,92,1,18,15,26,7,3,22
S01013467,364,58,25,33,306,10,56,114,69,9,17,31
S01013468,312,156,67,89,156,19,30,22,41,2,15,27
S01013469,329,76,40,36,253,6,72,48,73,3,4,47
S01013470,321,99,34,65,222,41,30,32,54,12,17,36
S01013471,383,95,41,54,288,31,47,51,70,13,21,55
S01013472,208,25,1,24,183,4,12,77,39,7,21,23
S01013473,213,14,3,11,199,7,8,84,40,12,21,27
S01013474,238,44,13,31,194,12,18,68,50,10,14,22
S01013475,246,48,16,32,198,13,40,29,51,4,19,42
S01013476,271,65,26,39,206,11,59,36,44,3,10,43
S01013477,303,129,54,75,174,22,25,28,52,4,9,34
S01013478,358,122,27,95,236,20,14,61,68,9,24,40
S01013479,428,212,88,124,216,28,47,27,68,3,13,30
S01013480,302,99,68,31,203,12,51,32,50,7,11,40
S01013481,189,47,22,25,142,4,40,16,33,3,12,34
