,All people in households,One person household,One person household: Person aged 65 and over,One person household: Person aged under 65,Other households,Other Households: No adults or one adult and one or more children,Other Households: One adult aged 16 to 64 and one aged 65 and over and no children or two adults aged 65 and over and no children,Other Households: Two adults and one or two children,Other Households: Two adults aged 16 to 64 and no children,Other Households: Two adults and three or more children,Other Households: Three or more adults and one or more children,Other Households: Three or more adults and no children
S92000003,5196386,823314,311867,511447,4373072,324666,554776,995358,912134,247280,460712,878146
S01006506,852,165,47,118,687,28,84,159,212,42,51,111
S01006507,836,99,53,46,737,39,108,169,170,20,107,124
S01006508,643,151,27,124,492,29,38,155,170,5,25,70
S01006509,580,87,40,47,493,36,76,143,124,20,16,78
S01006510,577,81,39,42,496,19,82,140,82,20,36,117
S01006511,749,77,43,34,672,9,146,156,106,20,109,126
S01006512,496,22,8,14,474,19,42,165,70,72,51,55
S01006513,568,57,38,19,511,11,82,144,70,47,63,94
S01006514,940,51,29,22,889,7,108,271,128,90,130,155
S01006515,762,40,22,18,722,32,78,210,98,84,83,137
S01006516,467,40,29,11,427,4,48,72,92,46,43,122
S01006517,1014,86,44,42,928,38,144,231,150,73,110,182
S01006518,627,46,28,18,581,8,100,131,94,52,67,129
S01006519,807,30,14,16,777,16,90,184,124,101,103,159
S01006520,729,16,5,11,713,14,38,186,82,143,143,107
S01006521,663,35,8,27,628,7,52,224,112,50,70,113
S01006522,574,40,24,16,534,13,60,197,86,41,55,82
S01006523,941,156,83,73,785,30,118,216,132,67,76,146
S01006524,711,111,67,44,600,10,96,125,112,45,115,97
S01006525,798,93,44,49,705,10,140,195,98,72,52,138
S01006526,902,169,88,81,733,58,86,146,178,11,52,202
S01006527,674,87,46,41,587,51,66,131,96,35,50,158
S01006528,981,139,70,69,842,45,116,167,156,47,82,229
S01006529,892,256,86,170,636,30,76,123,200,38,55,114
S01006530,748,133,44,89,615,34,82,61,156,21,86,175
S01006531,955,174,76,98,781,50,76,147,114,20,126,248
S01006532,703,126,74,52,577,14,84,112,158,51,40,118
S01006533,694,88,37,51,606,6,88,203,128,20,34,127
S01006534,910,117,32,85,793,17,104,276,182,41,80,93
S01006535,1038,268,34,234,770,18,64,211,294,26,50,107
S01006536,1013,312,46,266,701,9,36,177,312,26,23,118
S01006537,754,100,57,43,654,7,168,177,104,31,61,106
S01006538,569,52,32,20,517,6,116,127,96,25,55,92
S01006539,713,105,54,51,608,13,98,170,164,36,61,66
S01006540,960,149,46,103,811,11,120,243,210,25,39,163
S01006541,801,157,125,32,644,7,116,181,148,42,48,102
S01006542,1000,172,81,91,828,12,222,204,190,38,41,121
S01006543,797,106,72,34,691,16,172,201,112,24,26,140
S01006544,1020,192,42,150,828,16,86,225,286,40,42,133
S01006545,1065,288,132,156,777,20,156,180,214,41,49,117
S01006546,626,70,45,25,556,4,88,162,100,30,47,125
S01006547,907,177,102,75,730,20,146,162,142,52,88,120
S01006548,721,71,50,21,650,8,172,176,110,10,59,115
S01006549,811,108,46,62,703,0,154,162,154,37,72,124
S01006550,909,79,48,31,830,11,182,192,188,30,74,153
S01006551,690,220,99,121,470,32,84,110,96,40,40,68
S01006552,870,136,44,92,734,31,100,157,236,35,38,137
S01006553,826,161,119,42,665,25,166,150,104,41,58,121
S01006554,692,107,45,62,585,31,98,116,152,45,18,125
S01006555,763,152,25,127,611,89,36,199,148,25,27,87
S01006556,838,146,85,61,692,55,104,152,140,31,55,155
S01006557,701,133,54,79,568,56,50,118,136,41,32,135
S01006558,622,180,54,126,442,8,34,106,180,15,9,90
S01006559,607,90,36,54,517,12,38,107,144,30,83,103
S01006560,985,151,80,71,834,16,86,261,168,51,89,163
S01006561,766,94,44,50,672,22,66,166,146,73,70,129
S01006562,703,125,55,70,578,33,92,136,122,31,40,124
S01006563,824,120,48,72,704,11,110,219,142,37,83,102
S01006564,980,307,51,256,673,54,64,109,284,18,27,117
S01006565,850,340,34,306,510,15,26,71,308,0,9,81
S01006566,748,215,20,195,533,15,44,109,274,29,4,58
S01006567,835,337,59,278,498,31,36,44,284,5,16,82
S01006568,923,306,14,292,617,5,12,89,406,10,21,74
S01006569,566,154,27,127,412,6,28,115,166,20,34,43
S01006570,783,139,35,104,644,16,68,178,180,56,59,87
S01006571,886,160,36,124,726,15,68,203,228,53,44,115
S01006572,901,107,39,68,794,7,114,254,136,68,98,117
S01006573,724,79,30,49,645,6,40,207,136,66,58,132
S01006574,977,144,36,108,833,11,78,185,206,127,112,114
S01006575,909,121,29,92,788,23,80,242,202,78,47,116
S01006576,714,117,23,94,597,16,50,186,150,66,36,93
S01006577,769,211,33,178,558,14,40,147,236,15,33,73
S01006578,1032,346,28,318,686,16,30,119,384,15,17,105
S01006579,964,394,28,366,570,14,26,96,334,5,8,87
S01006580,712,238,31,207,474,20,28,104,196,20,24,82
S01006581,889,141,56,85,748,5,86,181,180,54,99,143
S01006582,797,228,23,205,569,26,6,91,318,7,0,121
S01006583,712,193,11,182,519,11,12,37,264,15,18,162
S01006584,628,176,15,161,452,16,10,67,214,10,38,97
S01006585,795,228,51,177,567,37,52,44,286,10,43,95
S01006586,1017,371,62,309,646,15,78,47,338,0,18,150
S01006587,535,171,9,162,364,9,4,74,180,0,8,89
S01006588,586,167,0,167,419,4,0,51,240,10,36,78
S01006589,682,144,8,136,538,30,10,57,286,5,28,122
S01006590,633,208,9,199,425,12,12,59,218,0,35,89
S01006591,705,152,7,145,553,40,6,102,252,17,30,106
S01006592,680,165,13,152,515,4,12,118,288,25,24,44
S01006593,742,188,19,169,554,6,14,96,278,22,22,116
S01006594,539,199,66,133,340,12,52,57,150,0,17,52
S01006595,916,293,26,267,623,25,18,152,334,10,13,71
S01006596,678,155,24,131,523,8,24,134,238,21,29,69
S01006597,513,218,18,200,295,8,8,31,218,0,5,25
S01006598,957,136,28,108,821,12,84,269,220,12,69,155
S01006599,805,269,89,180,536,34,78,82,252,0,13,77
S01006600,1058,296,112,184,762,21,106,190,256,16,45,128
S01006601,1002,296,48,248,706,28,82,126,276,15,76,103
S01006602,851,179,91,88,672,13,68,213,162,45,66,105
S01006603,820,154,62,92,666,48,102,131,132,42,115,96
S01006604,675,80,32,48,595,21,92,112,106,11,77,176
S01006605,802,179,89,90,623,81,88,149,132,31,43,99
S01006606,818,135,86,49,683,21,140,144,148,20,44,166
S01006607,932,104,50,54,828,41,100,179,136,51,108,213
S01006608,732,57,31,26,675,9,98,181,120,47,77,143
S01006609,1063,159,79,80,904,58,148,231,174,39,83,171
S01006610,449,73,43,30,376,37,58,78,70,5,22,106
S01006611,919,135,60,75,784,76,124,139,166,25,102,152
S01006612,861,100,44,56,761,19,108,157,160,35,80,202
S01006613,612,68,7,61,544,19,48,178,140,40,44,75
S01006614,678,54,4,50,624,36,18,311,134,40,30,55
S01006615,796,21,3,18,775,30,36,364,136,43,91,75
S01006616,788,86,7,79,702,18,30,211,194,15,65,169
S01006617,681,89,37,52,592,25,66,153,130,15,52,151
S01006618,514,75,31,44,439,2,66,74,150,0,43,104
S01006619,881,85,19,66,796,32,84,182,200,33,79,186
S01006620,848,120,40,80,728,19,92,149,206,15,89,158
S01006621,520,64,14,50,456,15,54,123,140,35,34,55
S01006622,669,91,10,81,578,7,20,202,170,5,84,90
S01006623,705,165,47,118,540,27,58,120,126,25,58,126
S01006624,806,275,29,246,531,23,62,93,184,11,39,119
S01006625,623,92,34,58,531,28,70,106,136,0,45,146
S01006626,718,159,64,95,559,73,66,118,152,15,24,111
S01006627,843,289,37,252,554,46,16,131,226,0,41,94
S01006628,1097,340,19,321,757,33,26,176,326,15,63,118
S01006629,724,96,20,76,628,105,40,124,118,32,68,141
S01006630,627,74,23,51,553,53,48,85,98,62,87,120
S01006631,904,246,84,162,658,78,74,126,178,25,41,136
S01006632,812,191,46,145,621,102,40,142,172,26,58,81
S01006633,699,101,29,72,598,63,34,105,104,75,123,94
S01006634,634,121,22,99,513,105,20,124,82,55,54,73
S01006635,658,96,29,67,562,46,66,150,90,37,84,89
S01006636,870,145,38,107,725,104,48,215,108,89,79,82
S01006637,706,223,46,177,483,21,34,72,198,10,38,110
S01006638,834,271,38,233,563,13,32,55,310,0,25,128
S01006639,945,343,99,244,602,17,56,53,296,15,25,140
S01006640,723,145,5,140,578,9,2,83,296,0,9,179
S01006641,1000,307,12,295,693,16,10,113,436,5,13,100
S01006642,830,242,18,224,588,8,16,92,328,0,9,135
S01006643,730,172,11,161,558,4,10,47,374,0,8,115
S01006644,963,241,22,219,722,27,16,71,426,5,12,165
S01006645,687,200,32,168,487,75,42,135,160,11,17,47
S01006646,550,185,36,149,365,5,20,28,218,7,25,62
S01006647,648,145,39,106,503,62,28,101,184,16,33,79
S01006648,1078,351,15,336,727,23,14,93,408,10,49,130
S01006649,961,300,21,279,661,36,14,107,394,0,20,90
S01006650,859,242,16,226,617,4,24,68,290,20,19,192
S01006651,635,198,43,155,437,2,38,46,226,10,0,115
S01006652,545,128,19,109,417,3,16,34,272,6,29,57
S01006653,564,113,11,102,451,6,26,97,214,0,23,85
S01006654,904,232,70,162,672,73,58,133,264,20,35,89
S01006655,624,151,23,128,473,13,38,117,178,27,10,90
S01006656,954,242,32,210,712,41,24,135,332,32,39,109
S01006657,536,120,10,110,416,27,8,51,188,16,36,90
S01006658,1019,236,22,214,783,68,18,154,282,36,75,150
S01006659,632,93,25,68,539,2,40,69,134,10,13,271
S01006660,527,109,4,105,418,24,2,65,138,47,68,74
S01006661,622,107,16,91,515,4,50,51,180,11,10,209
S01006662,600,117,6,111,483,47,8,87,132,32,38,139
S01006663,562,77,12,65,485,4,12,77,152,6,5,229
S01006664,503,76,8,68,427,4,22,29,176,32,24,140
S01006665,584,145,29,116,439,3,20,41,212,11,13,139
S01006666,877,262,113,149,615,77,70,186,154,20,32,76
S01006667,737,250,43,207,487,41,52,134,174,5,21,60
S01006668,723,187,25,162,536,25,20,56,290,10,0,135
S01006669,730,249,71,178,481,19,76,90,192,12,6,86
S01006670,530,185,50,135,345,24,52,34,216,0,0,19
S01006671,465,82,26,56,383,21,44,68,142,30,22,56
S01006672,752,143,49,94,609,71,48,132,154,26,46,132
S01006673,719,155,17,138,564,44,32,148,172,26,9,133
S01006674,928,300,121,179,628,85,78,207,158,21,24,55
S01006675,712,111,6,105,601,104,6,211,98,21,73,88
S01006676,747,151,49,102,596,65,64,154,108,46,41,118
S01006677,723,196,33,163,527,57,42,129,158,16,24,101
S01006678,1148,186,32,154,962,98,78,285,170,23,97,211
S01006679,654,102,33,69,552,21,98,110,152,11,35,125
S01006680,851,178,47,131,673,108,38,252,106,15,35,119
S01006681,734,285,102,183,449,39,58,105,146,10,20,71
S01006682,853,154,56,98,699,89,18,165,124,58,112,133
S01006683,872,125,12,113,747,53,26,153,176,49,139,151
S01006684,684,214,26,188,470,39,22,119,196,5,35,54
S01006685,740,233,45,188,507,55,42,136,152,11,18,93
S01006686,622,116,34,82,506,41,58,144,122,5,56,80
S01006687,833,146,53,93,687,74,104,148,180,20,14,147
S01006688,948,225,160,65,723,18,150,166,204,21,33,131
S01006689,629,79,10,69,550,11,52,134,188,26,28,111
S01006690,594,120,41,79,474,29,62,95,164,0,27,97
S01006691,559,98,25,73,461,6,42,99,158,25,24,107
S01006692,737,127,47,80,610,14,100,108,184,25,17,162
S01006693,1001,201,49,152,800,81,56,199,226,64,68,106
S01006694,865,223,132,91,642,89,180,143,106,23,17,84
S01006695,712,131,59,72,581,30,110,118,134,25,77,87
S01006696,849,147,68,79,702,66,90,141,130,30,117,128
S01006697,926,148,66,82,778,81,106,158,150,45,64,174
S01006698,691,224,102,122,467,49,58,104,144,20,9,83
S01006699,471,55,24,31,416,24,60,68,106,0,63,95
S01006700,830,176,67,109,654,22,140,79,174,35,40,164
S01006701,728,99,33,66,629,119,62,152,92,40,54,110
S01006702,761,90,47,43,671,33,120,151,126,31,82,128
S01006703,675,107,49,58,568,64,52,179,88,40,41,104
S01006704,605,123,28,95,482,85,54,109,100,30,40,64
S01006705,739,148,80,68,591,53,78,119,140,20,53,128
S01006706,619,81,33,48,538,58,52,143,100,25,47,113
S01006707,685,95,27,68,590,89,56,145,122,31,27,120
S01006708,790,124,76,48,666,35,134,156,100,20,76,145
S01006709,878,106,44,62,772,121,92,192,108,41,73,145
S01006710,853,150,98,52,703,28,138,128,158,26,51,174
S01006711,927,254,117,137,673,46,90,150,204,20,55,108
S01006712,524,82,54,28,442,22,74,117,100,5,18,106
S01006713,937,137,64,73,800,70,92,158,162,36,91,191
S01006714,682,106,64,42,576,23,82,131,110,30,64,136
S01006715,623,44,16,28,579,63,30,135,78,73,118,82
S01006716,606,54,17,37,552,39,50,91,102,41,98,131
S01006717,974,149,98,51,825,58,100,181,178,37,94,177
S01006718,627,58,33,25,569,24,68,63,104,53,108,149
S01006719,916,76,26,50,840,42,80,193,138,58,142,187
S01006720,587,61,22,39,526,30,50,97,114,45,81,109
S01006721,888,117,45,72,771,56,92,180,150,25,87,181
S01006722,774,85,37,48,689,67,72,134,102,35,132,147
S01006723,645,87,42,45,558,39,56,115,108,21,87,132
S01006724,1005,66,11,55,939,162,26,219,78,73,227,154
S01006725,664,72,17,55,592,50,56,141,88,22,104,131
S01006726,1391,110,18,92,1281,235,30,287,170,104,240,215
S01006727,956,137,43,94,819,86,30,202,124,64,167,146
S01006728,754,103,42,61,651,76,64,210,124,33,41,103
S01006729,831,112,48,64,719,106,62,172,92,38,102,147
S01006730,704,55,20,35,649,30,68,148,132,17,99,155
S01006731,577,87,17,70,490,41,54,73,106,32,64,120
S01006732,933,65,13,52,868,27,80,253,156,68,84,200
S01006733,900,36,10,26,864,21,54,395,118,62,92,122
S01006734,910,75,25,50,835,16,44,371,150,66,40,148
S01006735,618,45,29,16,573,4,110,133,114,45,74,93
S01006736,1079,50,2,48,1029,42,32,543,214,57,59,82
S01006737,669,51,22,29,618,13,98,145,128,46,82,106
S01006738,827,216,30,186,611,40,42,157,238,26,41,67
S01006739,607,117,26,91,490,23,46,116,184,16,34,71
S01006740,737,103,51,52,634,26,88,126,158,31,64,141
S01006741,666,134,77,57,532,13,146,120,102,10,33,108
S01006742,460,92,58,34,368,22,80,114,72,17,8,55
S01006743,531,106,41,65,425,14,70,67,134,15,27,98
S01006744,608,119,26,93,489,28,64,104,144,16,48,85
S01006745,822,154,92,62,668,56,100,135,182,20,33,142
S01006746,806,97,52,45,709,44,106,185,126,31,45,172
S01006747,816,82,51,31,734,14,220,133,130,15,58,164
S01006748,906,123,55,68,783,21,156,154,164,75,79,134
S01006749,909,141,67,74,768,24,100,190,176,31,97,150
S01006750,641,83,43,40,558,15,94,116,140,5,58,130
S01006751,509,93,60,33,416,12,70,88,84,26,43,93
S01006752,712,119,54,65,593,40,126,129,110,42,35,111
S01006753,913,115,49,66,798,15,196,164,142,51,78,152
S01006754,892,88,28,60,804,20,204,130,188,21,47,194
S01006755,731,70,21,49,661,18,54,249,126,38,76,100
S01006756,658,82,1,81,576,19,8,211,184,16,49,89
S01006757,737,112,21,91,625,12,70,150,176,10,49,158
S01006758,694,101,10,91,593,14,74,123,162,27,57,136
S01006759,595,58,19,39,537,25,66,140,124,25,31,126
S01006760,493,77,11,66,416,17,44,115,130,15,27,68
S01006761,697,98,36,62,599,12,104,102,194,15,40,132
S01006762,805,168,110,58,637,4,146,137,166,15,56,113
S01006763,865,69,7,62,796,31,14,285,170,62,90,144
S01006764,790,101,7,94,689,14,36,220,182,10,62,165
S01006765,586,94,9,85,492,22,30,102,148,25,56,109
S01006766,608,54,10,44,554,5,32,118,140,50,67,142
S01006767,689,69,37,32,620,17,70,145,120,10,70,188
S01006768,599,16,6,10,583,3,46,137,110,20,81,186
S01006769,959,93,40,53,866,34,104,204,156,46,105,217
S01006770,655,39,18,21,616,9,94,139,182,20,28,144
S01006771,465,11,4,7,454,3,28,117,68,20,72,146
S01006772,839,107,28,79,732,7,70,157,232,20,83,163
S01006773,672,42,14,28,630,15,76,152,120,37,97,133
S01006774,651,14,2,12,637,10,48,140,110,25,99,205
S01006775,618,141,47,94,477,27,58,80,144,10,47,111
S01006776,496,121,76,45,375,18,98,56,98,10,37,58
S01006777,649,39,18,21,610,5,82,137,160,30,50,146
S01006778,634,71,26,45,563,12,110,103,142,10,53,133
S01006779,615,115,65,50,500,35,92,100,72,21,42,138
S01006780,576,71,34,37,505,12,80,109,118,5,68,113
S01006781,691,68,50,18,623,18,132,73,116,26,94,164
S01006782,744,128,30,98,616,11,60,138,144,55,83,125
S01006783,672,68,45,23,604,30,156,97,120,25,49,127
S01006784,599,110,37,73,489,0,70,119,168,5,30,97
S01006785,611,30,10,20,581,17,54,168,102,10,72,158
S01006786,832,84,22,62,748,13,48,228,178,36,108,137
S01006787,650,65,28,37,585,16,94,110,134,25,49,157
S01006788,746,79,9,70,667,18,44,244,144,15,93,109
S01006789,596,102,54,48,494,24,114,87,102,31,34,102
S01006790,889,177,109,68,712,38,184,147,126,56,49,112
S01006791,529,90,38,52,439,16,78,82,116,50,34,63
S01006792,482,57,30,27,425,3,86,60,110,59,48,59
S01006793,506,83,44,39,423,14,94,85,108,35,31,56
S01006794,560,101,51,50,459,21,100,72,120,21,25,100
S01006795,733,93,52,41,640,24,106,186,126,66,63,69
S01006796,575,37,19,18,538,26,76,177,104,62,28,65
S01006797,613,49,18,31,564,14,64,126,146,72,53,89
S01006798,625,34,20,14,591,5,72,140,114,72,78,110
S01006799,875,147,80,67,728,27,118,211,126,51,68,127
S01006800,853,56,21,35,797,11,116,182,136,56,121,175
S01006801,875,55,22,33,820,16,128,198,198,75,67,138
S01006802,675,93,57,36,582,18,68,139,140,50,60,107
S01006803,687,105,78,27,582,26,98,119,126,38,64,111
S01006804,748,53,28,25,695,21,76,262,140,64,31,101
S01006805,1122,116,56,60,1006,62,98,223,176,76,151,220
S01006806,1031,104,47,57,927,27,114,201,210,96,82,197
S01006807,620,40,8,32,580,36,70,149,138,38,62,87
S01006808,626,44,23,21,582,20,74,124,136,45,72,111
S01006809,813,108,55,53,705,42,112,135,136,76,87,117
S01006810,877,109,39,70,768,34,94,174,160,81,73,152
S01006811,1090,87,33,54,1003,34,96,319,204,98,108,144
S01006812,735,61,19,42,674,27,60,219,192,32,56,88
S01006813,789,87,42,45,702,16,80,200,132,71,75,128
S01006814,782,39,19,20,743,13,68,161,158,63,110,170
S01006815,577,111,62,49,466,48,62,101,120,21,19,95
S01006816,703,87,36,51,616,18,70,192,120,37,68,111
S01006817,650,62,21,41,588,23,54,164,120,39,78,110
S01006818,719,51,19,32,668,0,78,196,146,45,70,133
S01006819,836,58,15,43,778,9,54,222,154,72,120,147
S01006820,444,35,11,24,409,0,62,83,96,20,63,85
S01006821,582,46,16,30,536,10,82,132,92,20,82,118
S01006822,759,46,15,31,713,14,76,122,146,66,141,148
S01006823,676,101,37,64,575,18,76,137,134,57,39,114
S01006824,813,130,41,89,683,89,64,190,112,22,53,153
S01006825,807,74,34,40,733,27,104,188,140,20,67,187
S01006826,884,74,35,39,810,15,96,220,122,53,90,214
S01006827,884,141,75,66,743,56,102,212,176,30,38,129
S01006828,914,214,81,133,700,33,116,175,206,20,54,96
S01006829,428,15,4,11,413,8,12,189,58,55,42,49
S01006830,729,72,30,42,657,10,108,127,120,35,80,177
S01006831,538,49,33,16,489,11,82,96,96,36,41,127
S01006832,1003,109,53,56,894,13,128,219,200,53,110,171
S01006833,438,35,26,9,403,5,76,117,60,25,51,69
S01006834,532,12,0,12,520,13,8,222,50,50,77,100
S01006835,841,254,141,113,587,17,108,144,152,31,43,92
S01006836,514,68,11,57,446,24,14,210,70,40,43,45
S01006837,599,49,20,29,550,25,70,178,64,21,92,100
S01006838,648,56,25,31,592,14,30,233,116,10,72,117
S01006839,1040,111,51,60,929,38,154,255,202,30,78,172
S01006840,1020,46,21,25,974,19,118,318,140,70,105,204
S01006841,922,53,19,34,869,44,68,247,168,61,86,195
S01006842,809,47,29,18,762,12,88,186,134,25,101,216
S01006843,835,51,17,34,784,22,66,230,156,35,108,167
S01006844,671,139,33,106,532,4,64,154,128,5,56,121
S01006845,942,77,18,59,865,25,50,223,182,35,130,220
S01006846,551,63,16,47,488,15,64,98,124,25,40,122
S01006847,659,31,11,20,628,13,48,201,110,15,95,146
S01006848,916,81,36,45,835,7,98,246,168,67,94,155
S01006849,971,40,4,36,931,67,18,401,200,74,78,93
S01006850,959,64,19,45,895,66,50,237,164,46,80,252
S01006851,805,99,56,43,706,37,70,187,108,38,94,172
S01006852,595,41,19,22,554,3,84,128,92,30,77,140
S01006853,842,68,28,40,774,7,74,224,142,80,105,142
S01006854,853,81,38,43,772,36,126,202,166,38,53,151
S01006855,790,43,24,19,747,6,80,209,166,77,85,124
S01006856,678,42,26,16,636,22,64,164,136,83,70,97
S01006857,997,92,38,54,905,9,124,225,182,87,83,195
S01006858,642,37,17,20,605,7,84,125,106,81,51,151
S01006859,1084,96,50,46,988,3,102,234,192,132,130,195
S01006860,542,104,57,47,438,23,78,86,96,15,54,86
S01006861,604,23,1,22,581,7,16,282,64,65,76,71
S01006862,681,98,60,38,583,22,102,161,122,20,37,119
S01006863,687,90,42,48,597,21,90,161,86,51,53,135
S01006864,447,35,5,30,412,35,16,122,80,83,24,52
S01006865,902,144,58,86,758,9,102,195,226,41,71,114
S01006866,549,48,31,17,501,7,92,79,98,45,84,96
S01006867,723,64,42,22,659,7,132,122,100,52,85,161
S01006868,879,97,64,33,782,42,104,202,124,63,64,183
S01006869,490,45,14,31,445,9,62,96,86,45,48,99
S01006870,483,48,27,21,435,21,80,88,62,25,60,99
S01006871,711,54,32,22,657,19,80,183,104,98,67,106
S01006872,714,36,17,19,678,4,70,207,114,82,89,112
S01006873,955,135,98,37,820,26,180,205,130,63,99,117
S01006874,566,39,9,30,527,7,60,120,92,25,74,149
S01006875,694,115,65,50,579,39,106,146,110,32,51,95
S01006876,992,87,36,51,905,25,128,225,180,75,94,178
S01006877,928,76,27,49,852,11,100,214,204,63,110,150
S01006878,704,107,50,57,597,18,118,129,138,48,62,84
S01006879,740,91,33,58,649,14,106,138,148,60,86,97
S01006880,600,32,15,17,568,16,50,225,116,25,24,112
S01006881,578,34,10,24,544,12,92,135,120,53,58,74
S01006882,398,99,72,27,299,21,46,61,60,27,21,63
S01006883,458,86,34,52,372,14,60,87,78,21,55,57
S01006884,888,123,75,48,765,27,120,206,126,46,81,159
S01006885,518,50,30,20,468,10,88,67,112,38,78,75
S01006886,733,84,28,56,649,4,88,164,188,32,74,99
S01006887,587,29,9,20,558,21,54,184,104,76,37,82
S01006888,800,58,18,40,742,18,84,203,152,92,60,133
S01006889,826,101,40,61,725,46,80,138,148,73,93,147
S01006890,665,57,19,38,608,14,72,200,114,47,67,94
S01006891,913,125,59,66,788,26,96,205,168,31,101,161
S01006892,612,93,37,56,519,43,64,125,96,51,32,108
S01006893,543,28,15,13,515,44,70,103,60,36,88,114
S01006894,934,160,88,72,774,17,162,152,164,41,60,178
S01006895,534,107,30,77,427,23,56,88,128,41,15,76
S01006896,768,105,43,62,663,35,120,123,182,11,61,131
S01006897,708,66,22,44,642,17,84,157,130,10,76,168
S01006898,751,112,39,73,639,40,74,175,134,42,50,124
S01006899,609,50,20,30,559,19,42,170,116,32,63,117
S01006900,579,46,23,23,533,4,52,149,122,5,24,177
S01006901,595,89,50,39,506,33,70,64,110,13,86,130
S01006902,693,95,33,62,598,49,48,187,112,36,57,109
S01006903,778,110,38,72,668,46,94,196,134,28,52,118
S01006904,694,125,68,57,569,47,82,143,112,20,82,83
S01006905,878,119,78,41,759,23,174,151,130,41,58,182
S01006906,843,193,108,85,650,52,146,112,136,31,28,145
S01006907,594,121,38,83,473,24,54,61,172,30,29,103
S01006908,803,190,76,114,613,54,104,93,166,25,19,152
S01006909,768,24,6,18,744,19,56,319,148,37,47,118
S01006910,852,75,30,45,777,6,62,219,218,48,94,130
S01006911,671,19,1,18,652,41,8,309,112,62,77,43
S01006912,423,33,13,20,390,0,48,83,88,5,57,109
S01006913,546,27,5,22,519,19,6,209,76,59,47,103
S01006914,743,43,10,33,700,10,66,183,134,65,107,135
S01006915,826,39,15,24,787,7,70,197,176,101,105,131
S01006916,562,36,3,33,526,60,20,222,78,50,13,83
S01006917,996,27,3,24,969,40,12,586,126,85,48,72
S01006918,493,42,22,20,451,14,48,173,94,20,59,43
S01006919,485,42,17,25,443,6,90,85,100,21,49,92
S01006920,502,88,47,41,414,29,70,143,90,20,9,53
S01006921,829,21,3,18,808,26,28,399,118,86,79,72
S01006922,506,41,19,22,465,10,76,92,92,56,55,84
S01006923,775,83,60,23,692,12,126,162,142,47,63,140
S01006924,556,39,12,27,517,8,34,153,108,40,69,105
S01006925,499,56,26,30,443,14,60,110,114,28,44,73
S01006926,737,27,7,20,710,26,42,294,156,69,27,96
S01006927,1002,27,1,26,975,42,14,513,234,71,41,60
S01006928,1033,95,29,66,938,51,94,296,172,31,95,199
S01006929,836,28,12,16,808,21,44,208,156,67,119,193
S01006930,889,68,30,38,821,12,94,181,190,25,92,227
S01006931,392,39,17,22,353,5,38,97,78,22,40,73
S01006932,614,13,2,11,601,42,14,229,68,50,88,110
S01006933,580,33,7,26,547,9,30,154,120,25,49,160
S01006934,558,59,28,31,499,14,66,131,110,15,78,85
S01006935,699,81,48,33,618,7,92,134,142,25,63,155
S01006936,643,79,37,42,564,25,88,133,100,51,54,113
S01006937,730,86,35,51,644,37,80,169,142,15,36,165
S01006938,537,91,53,38,446,13,68,121,104,17,36,87
S01006939,615,36,19,17,579,5,76,154,106,37,38,163
S01006940,939,81,23,58,858,19,104,167,186,70,97,215
S01006941,626,68,28,40,558,25,70,164,94,40,79,86
S01006942,1082,67,35,32,1015,17,76,361,140,71,100,250
S01006943,682,17,4,13,665,5,6,375,68,67,87,57
S01006944,874,54,4,50,820,54,10,384,182,71,49,70
S01006945,508,49,16,33,459,9,52,106,128,31,41,92
S01006946,800,61,15,46,739,0,72,200,192,51,119,105
S01006947,861,49,12,37,812,36,18,357,138,46,103,114
S01006948,871,94,61,33,777,20,108,185,182,42,68,172
S01006949,655,40,10,30,615,11,60,231,122,46,46,99
S01006950,548,23,2,21,525,23,6,288,124,33,31,20
S01006951,470,60,27,33,410,20,44,113,106,15,39,73
S01006952,827,106,45,61,721,7,108,154,170,21,100,161
S01006953,793,51,18,33,742,20,58,221,160,53,83,147
S01006954,829,45,18,27,784,19,96,250,158,42,58,161
S01006955,622,85,41,44,537,36,28,144,126,55,62,86
S01006956,1105,47,10,37,1058,38,46,402,218,100,105,149
S01006957,1053,66,25,41,987,16,62,305,208,74,164,158
S01006958,876,147,83,64,729,10,192,130,190,20,56,131
S01006959,680,150,80,70,530,36,106,127,100,20,35,106
S01006960,976,33,6,27,943,28,22,446,114,104,98,131
S01006961,984,29,2,27,955,32,24,481,132,84,91,111
S01006962,871,121,68,53,750,6,162,146,204,15,64,153
S01006963,663,63,25,38,600,17,62,95,152,27,88,159
S01006964,741,119,27,92,622,20,44,171,184,10,61,132
S01006965,488,61,23,38,427,15,64,88,98,5,50,107
S01006966,602,70,42,28,532,35,50,121,116,31,66,113
S01006967,629,35,14,21,594,15,48,157,138,43,65,128
S01006968,514,59,30,29,455,16,62,103,110,35,24,105
S01006969,889,140,60,80,749,15,138,176,162,26,65,167
S01006970,712,32,16,16,680,26,60,182,132,45,78,157
S01006971,510,95,56,39,415,16,74,90,90,0,31,114
S01006972,522,34,14,20,488,9,38,107,104,31,89,110
S01006973,522,58,29,29,464,12,62,110,122,10,18,130
S01006974,1037,68,30,38,969,32,94,285,190,87,100,181
S01006975,951,81,25,56,870,13,78,213,250,68,95,153
S01006976,446,21,5,16,425,14,40,93,108,10,47,113
S01006977,823,54,13,41,769,22,72,205,172,59,83,156
S01006978,855,101,44,57,754,12,102,187,182,42,77,152
S01006979,842,105,61,44,737,34,102,179,176,27,86,133
S01006980,843,53,20,33,790,10,92,200,176,50,102,160
S01006981,798,69,22,47,729,16,58,199,186,25,115,130
S01006982,910,84,30,54,826,40,72,306,160,55,103,90
S01006983,743,58,20,38,685,30,72,159,146,75,90,113
S01006984,702,54,18,36,648,27,70,175,140,31,78,127
S01006985,1006,127,67,60,879,20,128,198,168,73,94,198
S01006986,646,47,18,29,599,31,22,234,118,41,57,96
S01006987,665,92,49,43,573,29,84,122,112,60,35,131
S01006988,612,32,9,23,580,23,38,190,102,63,87,77
S01006989,1026,60,12,48,966,9,86,312,172,91,94,202
S01006990,905,36,8,28,869,33,34,312,174,77,138,101
S01006991,443,88,50,38,355,21,62,63,72,42,25,70
S01006992,608,45,14,31,563,0,68,144,132,42,61,116
S01006993,535,33,8,25,502,17,56,109,104,31,77,108
S01006994,559,40,12,28,519,20,48,92,134,25,38,162
S01006995,859,53,10,43,806,27,100,232,168,84,67,128
S01006996,782,73,36,37,709,34,68,215,110,63,99,120
S01006997,786,54,17,37,732,4,68,222,144,62,139,93
S01006998,1091,95,40,55,996,22,106,298,254,35,106,175
S01006999,848,63,18,45,785,10,106,182,176,62,70,179
S01007000,927,127,73,54,800,24,114,225,190,36,97,114
S01007001,906,100,47,53,806,37,128,200,164,72,70,135
S01007002,605,46,19,27,559,33,58,149,98,73,71,77
S01007003,524,35,15,20,489,9,68,137,108,35,41,91
S01007004,718,84,27,57,634,16,68,137,170,61,66,116
S01007005,904,52,23,29,852,15,94,195,208,86,85,169
S01007006,898,114,51,63,784,20,122,201,180,54,95,112
S01007007,848,86,37,49,762,10,88,167,160,105,87,145
S01007008,991,167,91,76,824,47,112,196,130,30,114,195
S01007009,1011,209,96,113,802,22,142,122,172,80,84,180
S01007010,781,153,101,52,628,14,148,152,138,20,40,116
S01007011,857,237,113,124,620,40,114,152,134,37,57,86
S01007012,707,99,48,51,608,66,102,115,110,48,64,103
S01007013,565,40,12,28,525,7,82,120,108,51,57,100
S01007014,996,70,19,51,926,27,90,279,184,82,87,177
S01007015,625,55,16,39,570,12,80,129,108,64,57,120
S01007016,592,29,6,23,563,3,50,135,120,37,111,107
S01007017,986,186,98,88,800,52,118,168,188,64,75,135
S01007018,990,101,68,33,889,27,172,261,176,75,72,106
S01007019,665,106,61,45,559,23,104,90,114,20,73,135
S01007020,768,194,96,98,574,23,114,136,142,15,44,100
S01007021,879,137,86,51,742,24,142,172,142,55,74,133
S01007022,498,54,37,17,444,26,68,142,76,30,39,63
S01007023,494,51,25,26,443,13,72,98,84,47,56,73
S01007024,1014,89,43,46,925,6,162,174,226,75,127,155
S01007025,854,140,81,59,714,26,108,185,142,48,88,117
S01007026,860,157,96,61,703,30,160,138,120,31,69,155
S01007027,1085,157,88,69,928,44,166,213,162,89,83,171
S01007028,734,86,30,56,648,16,108,126,142,46,67,143
S01007029,560,48,33,15,512,11,92,90,94,45,89,91
S01007030,820,84,47,37,736,24,118,181,128,56,106,123
S01007031,630,105,49,56,525,16,80,110,102,43,98,76
S01007032,966,256,109,147,710,36,120,165,140,61,84,104
S01007033,740,111,52,59,629,39,96,160,138,31,78,87
S01007034,592,89,37,52,503,29,52,110,114,33,44,121
S01007035,786,143,77,66,643,70,92,149,114,20,97,101
S01007036,919,125,66,59,794,19,134,212,148,69,85,127
S01007037,1020,148,86,62,872,54,142,183,144,71,103,175
S01007038,755,114,47,67,641,16,58,147,134,70,79,137
S01007039,860,106,41,65,754,38,94,207,156,69,69,121
S01007040,647,109,56,53,538,43,84,106,104,39,41,121
S01007041,713,135,73,62,578,28,74,83,140,51,70,132
S01007042,737,98,64,34,639,19,98,156,128,45,92,101
S01007043,964,75,30,45,889,15,102,199,198,56,114,205
S01007044,667,97,55,42,570,6,108,95,146,28,74,113
S01007045,799,63,29,34,736,11,106,120,188,51,89,171
S01007046,574,80,30,50,494,8,72,71,128,11,88,116
S01007047,665,47,21,26,618,5,96,107,142,61,78,129
S01007048,879,80,33,47,799,6,126,162,154,27,87,237
S01007049,945,131,57,74,814,38,124,210,144,76,70,152
S01007050,641,102,52,50,539,16,92,129,102,15,63,122
S01007051,768,97,43,54,671,28,86,202,144,53,51,107
S01007052,573,51,29,22,522,13,58,132,116,27,55,121
S01007053,494,35,14,21,459,6,70,111,84,27,61,100
S01007054,957,148,91,57,809,27,130,237,146,17,100,152
S01007055,515,42,10,32,473,3,52,86,86,48,86,112
S01007056,614,27,11,16,587,0,58,105,112,68,80,164
S01007057,520,75,52,23,445,0,114,108,96,10,27,90
S01007058,576,113,75,38,463,16,116,91,86,20,55,79
S01007059,1020,117,55,62,903,58,134,231,168,72,82,158
S01007060,604,44,21,23,560,66,60,87,74,29,80,164
S01007061,930,50,16,34,880,20,72,225,208,67,97,191
S01007062,665,48,17,31,617,10,82,137,162,27,64,135
S01007063,670,78,46,32,592,13,82,123,122,57,73,122
S01007064,627,45,15,30,582,19,62,132,152,30,39,148
S01007065,578,63,19,44,515,33,74,143,108,15,54,88
S01007066,648,44,13,31,604,8,70,128,124,43,79,152
S01007067,553,74,31,43,479,7,78,80,136,15,63,100
S01007068,708,97,46,51,611,35,100,149,160,38,26,103
S01007069,845,83,27,56,762,70,78,196,144,82,65,127
S01007070,500,100,38,62,400,17,60,94,98,10,46,75
S01007071,821,109,37,72,712,23,74,201,146,25,63,180
S01007072,641,44,9,35,597,10,56,164,120,50,85,112
S01007073,913,80,43,37,833,19,116,198,150,58,84,208
S01007074,661,74,23,51,587,49,72,132,146,30,41,117
S01007075,727,95,45,50,632,50,66,132,96,52,91,145
S01007076,759,56,18,38,703,27,68,189,122,65,66,166
S01007077,674,81,37,44,593,24,138,101,140,20,36,134
S01007078,843,144,63,81,699,41,138,158,128,16,94,124
S01007079,978,259,130,129,719,34,132,170,152,30,65,136
S01007080,790,145,78,67,645,56,114,136,124,31,47,137
S01007081,951,94,35,59,857,64,72,196,126,95,133,171
S01007082,551,83,29,54,468,25,40,105,70,40,93,95
S01007083,904,188,70,118,716,65,112,211,120,16,58,134
S01007084,559,106,53,53,453,20,92,80,84,10,40,127
S01007085,770,148,29,119,622,20,76,174,124,26,63,139
S01007086,1118,278,55,223,840,96,32,230,206,62,89,125
S01007087,868,208,61,147,660,61,60,153,142,26,101,117
S01007088,535,83,21,62,452,55,46,114,104,11,45,77
S01007089,529,52,23,29,477,7,72,127,104,59,23,85
S01007090,540,79,12,67,461,24,58,112,102,31,24,110
S01007091,829,40,6,34,789,66,18,275,102,69,144,115
S01007092,624,120,72,48,504,25,102,91,102,33,40,111
S01007093,952,114,55,59,838,18,136,187,192,25,82,198
S01007094,893,64,35,29,829,7,148,166,164,56,102,186
S01007095,551,39,12,27,512,11,62,87,92,37,99,124
S01007096,837,59,22,37,778,19,76,259,148,64,90,122
S01007097,484,31,9,22,453,13,46,94,112,37,60,91
S01007098,807,40,17,23,767,17,74,231,118,46,139,142
S01007099,883,79,42,37,804,29,70,257,122,36,96,194
S01007100,722,71,29,42,651,17,94,161,124,31,92,132
S01007101,800,90,42,48,710,43,98,178,132,45,63,151
S01007102,697,46,15,31,651,14,108,102,92,26,138,171
S01007103,832,85,45,40,747,30,86,172,116,30,145,168
S01007104,486,41,22,19,445,12,66,101,96,25,73,72
S01007105,543,76,41,35,467,22,88,114,52,40,38,113
S01007106,713,102,52,50,611,35,98,82,114,35,93,154
S01007107,685,36,18,18,649,12,84,126,140,77,94,116
S01007108,577,42,14,28,535,6,92,100,102,60,80,95
S01007109,824,120,54,66,704,53,106,148,142,63,69,123
S01007110,796,94,49,45,702,53,68,211,102,64,82,122
S01007111,525,59,28,31,466,22,84,118,88,11,58,85
S01007112,540,40,21,19,500,2,114,54,68,31,84,147
S01007113,496,79,31,48,417,10,94,69,76,26,36,106
S01007114,888,103,55,48,785,37,128,176,122,25,106,191
S01007115,641,66,44,22,575,7,68,142,96,26,91,145
S01007116,1006,26,9,17,980,7,54,359,100,97,174,189
S01007117,471,23,14,9,448,5,74,67,82,31,76,113
S01007118,679,68,19,49,611,58,50,192,106,35,54,116
S01007119,812,85,32,53,727,42,70,172,134,44,95,170
S01007120,1078,153,49,104,925,74,98,224,184,31,73,241
S01007121,533,169,106,63,364,9,66,40,70,40,69,70
S01007122,594,124,47,77,470,25,52,92,90,30,65,116
S01007123,644,125,54,71,519,19,98,151,90,21,47,93
S01007124,913,94,40,54,819,41,118,222,138,30,91,179
S01007125,867,106,45,61,761,61,92,161,98,67,138,144
S01007126,919,145,43,102,774,62,44,256,126,48,96,142
S01007127,1007,164,43,121,843,53,50,170,188,77,145,160
S01007128,847,173,89,84,674,49,106,168,102,60,51,138
S01007129,956,68,27,41,888,30,104,278,176,104,53,143
S01007130,612,91,51,40,521,11,112,118,84,35,16,145
S01007131,775,98,63,35,677,16,104,152,150,31,90,134
S01007132,700,73,34,39,627,18,122,110,120,41,87,129
S01007133,674,55,21,34,619,17,74,160,114,20,83,151
S01007134,743,85,41,44,658,23,82,161,144,46,71,131
S01007135,558,51,24,27,507,8,60,130,96,59,62,92
S01007136,533,16,8,8,517,31,58,135,90,35,87,81
S01007137,751,24,3,21,727,21,18,339,114,78,67,90
S01007138,597,55,25,30,542,12,68,157,112,44,65,84
S01007139,776,66,32,34,710,38,124,200,142,31,70,105
S01007140,1022,84,42,42,938,40,140,226,166,67,87,212
S01007141,684,37,21,16,647,21,82,137,102,66,102,137
S01007142,566,7,2,5,559,2,0,240,26,82,115,94
S01007143,671,7,2,5,664,18,16,378,62,61,65,64
S01007144,589,53,20,33,536,17,76,96,128,41,64,114
S01007145,892,123,84,39,769,24,180,150,142,32,66,175
S01007146,759,102,61,41,657,38,122,162,104,51,74,106
S01007147,711,68,40,28,643,25,148,118,114,30,66,142
S01007148,538,24,14,10,514,14,76,108,104,35,55,122
S01007149,542,55,28,27,487,5,134,92,90,16,49,101
S01007150,700,120,90,30,580,9,208,86,88,5,31,153
S01007151,859,71,33,38,788,36,110,193,116,27,161,145
S01007152,543,68,42,26,475,17,80,118,94,21,49,96
S01007153,633,83,52,31,550,30,110,139,110,20,62,79
S01007154,776,250,142,108,526,33,118,67,134,46,46,82
S01007155,640,107,62,45,533,20,134,132,86,35,26,100
S01007156,722,71,30,41,651,58,86,98,148,16,71,174
S01007157,648,80,28,52,568,71,58,158,102,40,34,105
S01007158,939,95,34,61,844,30,74,296,184,54,62,144
S01007159,840,142,57,85,698,95,110,145,158,31,58,101
S01007160,826,116,61,55,710,67,112,140,142,49,74,126
S01007161,701,96,45,51,605,65,84,117,132,30,54,123
S01007162,523,114,53,61,409,66,60,104,84,27,18,50
S01007163,865,101,47,54,764,50,192,148,136,31,54,153
S01007164,558,74,36,38,484,19,114,116,102,5,37,91
S01007165,788,80,36,44,708,22,122,167,122,42,88,145
S01007166,707,126,67,59,581,37,112,113,98,83,67,71
S01007167,795,67,33,34,728,36,150,131,130,32,44,205
S01007168,965,101,63,38,864,21,158,144,178,42,81,240
S01007169,758,102,68,34,656,23,90,150,108,38,72,175
S01007170,648,65,29,36,583,20,70,101,138,48,61,145
S01007171,799,105,38,67,694,19,106,130,202,41,61,135
S01007172,792,61,28,33,731,21,150,117,182,61,64,136
S01007173,881,47,18,29,834,48,56,285,168,50,79,148
S01007174,851,43,18,25,808,69,52,203,100,78,170,136
S01007175,665,77,57,20,588,29,148,132,98,36,61,84
S01007176,708,65,43,22,643,39,98,206,110,26,68,96
S01007177,631,110,37,73,521,69,80,144,92,15,44,77
S01007178,1047,198,57,141,849,154,96,165,178,47,54,155
S01007179,914,79,38,41,835,10,174,150,156,21,88,236
S01007180,750,105,70,35,645,23,174,139,112,43,51,103
S01007181,739,83,43,40,656,7,122,129,126,25,125,122
S01007182,1024,229,104,125,795,63,130,178,168,5,74,177
S01007183,1078,240,122,118,838,46,164,208,210,10,66,134
S01007184,1039,321,118,203,718,59,106,109,194,36,74,140
S01007185,820,194,75,119,626,103,68,168,122,37,46,82
S01007186,593,174,44,130,419,52,36,107,108,15,58,43
S01007187,804,302,112,190,502,65,80,110,132,11,22,82
S01007188,602,162,37,125,440,42,48,85,132,23,42,68
S01007189,768,273,138,135,495,41,78,118,132,15,45,66
S01007190,815,113,84,29,702,21,192,129,134,35,50,141
S01007191,616,81,37,44,535,51,74,130,108,10,36,126
S01007192,612,101,37,64,511,60,64,113,104,20,50,100
S01007193,769,59,32,27,710,45,76,123,98,51,139,178
S01007194,641,87,34,53,554,114,66,110,96,57,65,46
S01007195,580,59,24,35,521,80,86,145,60,16,55,79
S01007196,768,43,8,35,725,103,58,174,114,79,114,83
S01007197,637,100,21,79,537,125,28,119,96,71,33,65
S01007198,532,69,20,49,463,79,48,116,76,22,46,76
S01007199,804,81,22,59,723,85,68,134,98,91,85,162
S01007200,849,145,48,97,704,51,92,181,166,26,40,148
S01007201,738,105,46,59,633,43,134,141,148,26,52,89
S01007202,735,118,31,87,617,57,96,136,144,22,40,122
S01007203,643,47,18,29,596,18,80,156,96,43,66,137
S01007204,956,112,34,78,844,57,124,148,230,56,83,146
S01007205,672,37,15,22,635,15,108,64,152,63,62,171
S01007206,392,106,53,53,286,19,38,90,72,5,27,35
S01007207,898,133,54,79,765,58,116,171,198,26,61,135
S01007208,990,287,76,211,703,129,68,183,188,15,41,79
S01007209,702,194,65,129,508,54,62,79,148,33,44,88
S01007210,779,183,72,111,596,47,50,137,124,73,54,111
S01007211,967,237,90,147,730,81,78,142,164,38,89,138
S01007212,546,92,28,64,454,24,64,106,124,35,20,81
S01007213,873,159,83,76,714,27,140,144,160,35,70,138
S01007214,726,230,88,142,496,42,106,110,128,10,23,77
S01007215,770,182,72,110,588,42,88,121,126,40,64,107
S01007216,694,99,56,43,595,16,106,145,130,20,65,113
S01007217,943,180,67,113,763,69,100,184,162,31,73,144
S01007218,876,58,42,16,818,18,152,189,176,68,69,146
S01007219,808,143,59,84,665,53,102,146,150,25,77,112
S01007220,701,143,53,90,558,33,52,169,110,42,61,91
S01007221,699,51,33,18,648,29,108,217,114,77,47,56
S01007222,806,53,29,24,753,59,72,176,174,53,84,135
S01007223,516,42,22,20,474,7,58,174,78,42,32,83
S01007224,615,85,48,37,530,43,118,160,74,30,34,71
S01007225,873,93,35,58,780,19,120,181,166,62,101,131
S01007226,797,71,24,47,726,11,120,132,136,30,139,158
S01007227,962,137,70,67,825,29,152,207,150,67,97,123
S01007228,648,60,16,44,588,15,78,150,118,52,93,82
S01007229,1102,96,39,57,1006,21,140,211,244,78,114,198
S01007230,742,158,49,109,584,51,58,223,100,36,43,73
S01007231,701,179,80,99,522,59,76,130,112,33,43,69
S01007232,726,178,56,122,548,67,96,113,126,26,67,53
S01007233,788,101,33,68,687,42,100,168,146,42,49,140
S01007234,613,93,53,40,520,14,80,101,86,55,95,89
S01007235,774,181,85,96,593,43,106,153,152,12,51,76
S01007236,619,113,51,62,506,30,80,144,134,16,34,68
S01007237,719,105,52,53,614,21,118,136,100,30,75,134
S01007238,915,124,70,54,791,44,138,143,184,43,70,169
S01007239,810,105,67,38,705,14,154,114,170,42,78,133
S01007240,539,49,19,30,490,6,92,91,138,20,67,76
S01007241,614,45,18,27,569,7,86,116,110,59,48,143
S01007242,999,124,73,51,875,31,180,195,186,63,77,143
S01007243,585,66,34,32,519,15,104,136,94,15,44,111
S01007244,717,62,30,32,655,13,118,112,160,43,41,168
S01007245,669,95,54,41,574,18,96,111,140,25,50,134
S01007246,564,43,14,29,521,8,76,109,146,50,31,101
S01007247,641,71,30,41,570,17,80,137,158,46,44,88
S01007248,763,61,44,17,702,6,148,153,124,47,71,153
S01007249,377,48,26,22,329,29,56,61,90,15,33,45
S01007250,822,197,67,130,625,23,90,129,178,37,49,119
S01007251,523,102,56,46,421,22,76,102,82,46,48,45
S01007252,798,61,24,37,737,63,104,169,122,57,64,158
S01007253,798,86,53,33,712,17,170,164,158,20,64,119
S01007254,793,179,90,89,614,66,90,162,104,35,27,130
S01007255,792,133,48,85,659,115,60,182,138,40,29,95
S01007256,799,184,70,114,615,72,72,162,138,33,65,73
S01007257,606,124,31,93,482,70,70,97,84,30,61,70
S01007258,870,168,81,87,702,43,102,156,138,56,75,132
S01007259,840,175,82,93,665,41,98,169,126,26,70,135
S01007260,884,150,42,108,734,122,76,154,158,36,43,145
S01007261,782,109,56,53,673,14,140,123,132,17,100,147
S01007262,712,81,37,44,631,40,90,146,110,32,58,155
S01007263,777,114,56,58,663,50,128,137,162,25,50,111
S01007264,744,111,71,40,633,20,134,112,116,18,107,126
S01007265,1059,171,78,93,888,67,94,195,158,72,117,185
S01007266,678,98,44,54,580,42,90,119,102,44,17,166
S01007267,521,47,19,28,474,13,82,105,116,11,59,88
S01007268,594,57,24,33,537,31,88,80,114,42,79,103
S01007269,528,60,31,29,468,15,84,94,74,29,66,106
S01007270,457,66,25,41,391,9,66,84,70,31,38,93
S01007271,957,150,67,83,807,46,144,193,178,36,60,150
S01007272,864,175,73,102,689,95,86,214,100,47,62,85
S01007273,668,75,31,44,593,39,106,194,106,20,32,96
S01007274,826,247,120,127,579,33,90,107,124,38,73,114
S01007275,551,71,36,35,480,15,100,79,90,55,46,95
S01007276,850,100,45,55,750,67,124,171,140,53,70,125
S01007277,756,80,61,19,676,45,132,90,158,35,92,124
S01007278,542,50,31,19,492,14,98,121,76,20,72,91
S01007279,558,67,28,39,491,32,80,79,92,26,72,110
S01007280,568,65,19,46,503,29,64,101,106,66,51,86
S01007281,885,92,24,68,793,16,90,202,164,82,71,168
S01007282,538,65,20,45,473,21,56,106,104,36,63,87
S01007283,992,166,116,50,826,17,200,183,202,83,61,80
S01007284,841,153,72,81,688,40,124,151,148,64,47,114
S01007285,833,96,52,44,737,16,154,160,132,56,105,114
S01007286,939,174,73,101,765,72,106,197,190,35,54,111
S01007287,562,117,46,71,445,18,90,108,110,36,31,52
S01007288,534,76,43,33,458,4,102,92,122,20,33,85
S01007289,792,72,27,45,720,8,116,142,140,38,119,157
S01007290,786,53,10,43,733,95,6,289,90,80,103,70
S01007291,643,143,69,74,500,56,86,102,106,15,37,98
S01007292,771,81,36,45,690,11,88,180,142,50,77,142
S01007293,786,67,20,47,719,147,44,153,122,51,67,135
S01007294,865,125,58,67,740,54,80,129,138,16,121,202
S01007295,520,180,78,102,340,75,24,71,88,11,26,45
S01007296,544,222,74,148,322,29,54,31,126,0,29,53
S01007297,880,194,59,135,686,34,90,153,180,40,70,119
S01007298,532,85,57,28,447,29,52,123,104,15,60,64
S01007299,785,154,58,96,631,53,62,142,160,11,80,123
S01007300,464,109,36,73,355,49,58,93,72,15,17,51
S01007301,723,82,45,37,641,11,142,137,116,31,94,110
S01007302,625,92,53,39,533,24,76,126,122,49,31,105
S01007303,868,90,47,43,778,16,124,174,168,57,70,169
S01007304,684,88,71,17,596,28,148,89,114,58,57,102
S01007305,736,69,37,32,667,17,116,161,130,36,83,124
S01007306,756,109,50,59,647,43,110,164,110,51,47,122
S01007307,782,93,35,58,689,15,120,144,138,39,77,156
S01007308,749,104,56,48,645,29,132,92,150,49,88,105
S01007309,609,83,26,57,526,23,82,102,140,38,34,107
S01007310,808,128,64,64,680,18,150,138,158,36,73,107
S01007311,734,125,54,71,609,18,92,139,140,45,59,116
S01007312,770,103,52,51,667,46,164,134,164,63,35,61
S01007313,965,122,73,49,843,22,168,175,212,49,75,142
S01007314,635,86,30,56,549,13,84,133,162,46,48,63
S01007315,937,144,66,78,793,37,118,221,182,26,80,129
S01007316,861,200,85,115,661,53,118,114,166,50,50,110
S01007317,639,80,21,59,559,39,42,157,100,67,48,106
S01007318,607,89,45,44,518,49,64,134,116,55,31,69
S01007319,725,159,71,88,566,22,106,155,116,36,43,88
S01007320,743,123,59,64,620,23,146,140,108,15,64,124
S01007321,586,74,28,46,512,9,134,80,120,10,63,96
S01007322,730,165,64,101,565,22,112,137,126,15,55,98
S01007323,448,87,39,48,361,19,70,68,94,16,14,80
S01007324,323,73,38,35,250,5,40,40,84,16,21,44
S01007325,828,147,78,69,681,40,130,152,134,65,61,99
S01007326,762,100,58,42,662,23,150,101,140,30,90,128
S01007327,763,109,50,59,654,37,120,144,132,30,59,132
S01007328,846,134,67,67,712,44,112,108,152,61,67,168
S01007329,702,104,54,50,598,34,106,140,110,47,63,98
S01007330,766,115,72,43,651,27,202,99,156,17,44,106
S01007331,986,106,43,63,880,29,152,192,176,55,119,157
S01007332,505,63,36,27,442,8,100,87,68,10,72,97
S01007333,781,122,56,66,659,42,136,142,122,25,72,120
S01007334,750,199,100,99,551,93,74,112,98,63,37,74
S01007335,810,180,70,110,630,69,118,146,90,54,29,124
S01007336,500,182,37,145,318,38,46,83,84,13,32,22
S01007337,654,215,116,99,439,51,102,83,92,21,48,42
S01007338,752,69,40,29,683,22,100,159,112,57,107,126
S01007339,610,123,70,53,487,14,132,85,76,41,78,61
S01007340,470,154,77,77,316,20,74,58,72,38,23,31
S01007341,730,177,88,89,553,30,176,122,90,0,58,77
S01007342,797,106,59,47,691,8,180,115,122,42,72,152
S01007343,649,95,53,42,554,7,142,71,118,45,63,108
S01007344,438,118,57,61,320,7,94,50,74,16,39,40
S01007345,595,165,74,91,430,91,38,115,66,38,37,45
S01007346,533,227,76,151,306,37,78,55,68,15,12,41
S01007347,601,190,78,112,411,35,92,53,80,10,43,98
S01007348,600,116,65,51,484,53,58,95,74,37,74,93
S01007349,457,42,19,23,415,82,54,77,74,26,42,60
S01007350,553,204,102,102,349,27,66,42,74,16,43,81
S01007351,650,152,76,76,498,17,170,89,118,10,35,59
S01007352,488,58,28,30,430,2,90,80,144,27,13,74
S01007353,642,68,40,28,574,29,144,87,110,45,52,107
S01007354,786,139,88,51,647,12,212,104,170,30,30,89
S01007355,916,173,85,88,743,14,192,100,196,46,48,147
S01007356,714,110,62,48,604,30,170,95,146,26,49,88
S01007357,793,149,85,64,644,29,152,158,130,20,52,103
S01007358,843,103,40,63,740,25,86,182,200,60,61,126
S01007359,823,117,65,52,706,84,134,124,120,28,80,136
S01007360,494,63,37,26,431,15,128,56,106,0,54,72
S01007361,983,215,119,96,768,28,204,129,168,53,81,105
S01007362,729,94,51,43,635,26,140,100,106,54,109,100
S01007363,679,142,94,48,537,16,142,89,104,33,26,127
S01007364,897,154,54,100,743,138,78,157,110,47,96,117
S01007365,467,75,35,40,392,46,70,82,66,10,54,64
S01007366,465,166,89,77,299,41,48,61,54,10,47,38
S01007367,556,135,67,68,421,44,74,71,116,31,30,55
S01007368,541,91,29,62,450,69,32,97,54,60,39,99
S01007369,786,158,46,112,628,77,76,174,114,28,46,113
S01007370,738,185,55,130,553,53,54,104,142,21,46,133
S01007371,716,116,35,81,600,63,76,129,94,36,109,93
S01007372,814,121,61,60,693,50,172,135,106,45,74,111
S01007373,605,94,47,47,511,10,126,71,114,22,62,106
S01007374,531,54,23,31,477,19,60,94,102,36,60,106
S01007375,464,60,31,29,404,14,96,53,102,36,21,82
S01007376,844,115,48,67,729,89,82,154,144,5,118,137
S01007377,664,54,22,32,610,43,106,107,146,30,79,99
S01007378,548,55,22,33,493,5,82,106,106,52,35,107
S01007379,484,92,49,43,392,32,74,90,66,10,59,61
S01007380,581,59,24,35,522,27,46,166,84,36,62,101
S01007381,470,39,21,18,431,12,86,89,82,33,47,82
S01007382,650,87,36,51,563,27,72,134,100,52,55,123
S01007383,749,107,49,58,642,27,148,104,142,50,60,111
S01007384,793,86,37,49,707,61,88,208,134,57,54,105
S01007385,826,138,82,56,688,25,162,147,146,26,24,158
S01007386,806,69,44,25,737,22,168,155,126,20,74,172
S01007387,778,33,21,12,745,15,112,145,150,57,105,161
S01007388,680,37,20,17,643,26,118,104,86,30,89,190
S01007389,585,27,0,27,558,64,8,189,84,98,52,63
S01007390,571,28,1,27,543,81,4,207,66,75,79,31
S01007391,572,39,24,15,533,6,96,95,80,42,43,171
S01007392,450,55,28,27,395,0,92,71,74,16,30,112
S01007393,653,117,84,33,536,16,118,135,92,36,73,66
S01007394,640,165,115,50,475,15,122,74,70,35,57,102
S01007395,785,324,112,212,461,54,80,86,170,0,21,50
S01007396,783,268,95,173,515,66,100,105,134,15,17,78
S01007397,937,164,73,91,773,18,172,166,150,61,85,121
S01007398,703,73,19,54,630,122,46,94,116,52,92,108
S01007399,642,146,23,123,496,99,44,113,100,38,22,80
S01007400,699,152,86,66,547,15,96,86,106,36,86,122
S01007401,676,82,39,43,594,24,90,138,102,26,63,151
S01007402,610,70,48,22,540,14,80,130,94,15,50,157
S01007403,825,25,15,10,800,36,14,370,92,82,100,106
S01007404,426,57,25,32,369,2,78,61,78,35,31,84
S01007405,665,71,27,44,594,7,74,134,132,55,58,134
S01007406,603,58,31,27,545,9,102,120,100,36,66,112
S01007407,722,86,46,40,636,20,132,177,112,22,59,114
S01007408,596,72,35,37,524,52,54,155,90,15,23,135
S01007409,669,110,34,76,559,39,86,69,102,52,69,142
S01007410,703,83,32,51,620,89,62,96,92,61,92,128
S01007411,895,180,82,98,715,131,66,181,144,25,74,94
S01007412,478,69,38,31,409,30,64,58,80,24,72,81
S01007413,910,70,20,50,840,39,40,261,204,58,58,180
S01007414,694,34,8,26,660,13,38,257,100,47,72,133
S01007415,853,110,53,57,743,78,84,173,150,42,88,128
S01007416,595,37,6,31,558,96,24,96,90,95,59,98
S01007417,992,81,22,59,911,51,100,257,230,35,105,133
S01007418,654,81,28,53,573,85,64,100,142,12,59,111
S01007419,865,77,18,59,788,100,36,170,144,68,103,167
S01007420,794,42,11,31,752,10,58,234,160,71,79,140
S01007421,663,72,26,46,591,36,58,214,124,20,52,87
S01007422,550,86,30,56,464,34,56,154,126,10,19,65
S01007423,764,84,34,50,680,34,72,252,142,43,31,106
S01007424,787,74,42,32,713,17,150,137,158,35,70,146
S01007425,872,88,35,53,784,49,108,185,180,36,45,181
S01007426,658,165,70,95,493,57,62,124,108,21,49,72
S01007427,642,100,40,60,542,39,116,97,112,32,43,103
S01007428,887,216,92,124,671,65,98,128,170,32,87,91
S01007429,715,115,42,73,600,29,58,106,142,50,82,133
S01007430,442,78,37,41,364,14,62,35,96,10,72,75
S01007431,554,45,25,20,509,4,56,108,104,15,61,161
S01007432,782,101,44,57,681,38,108,137,156,15,74,153
S01007433,798,103,46,57,695,28,108,146,138,62,80,133
S01007434,496,91,21,70,405,71,40,79,100,15,32,68
S01007435,668,134,38,96,534,32,82,145,100,15,57,103
S01007436,674,168,56,112,506,105,44,103,122,26,29,77
S01007437,440,98,33,65,342,50,40,66,94,15,17,60
S01007438,671,136,45,91,535,49,106,124,106,16,32,102
S01007439,686,124,47,77,562,26,98,112,138,25,43,120
S01007440,645,102,53,49,543,30,68,134,110,35,57,109
S01007441,551,35,11,24,516,7,80,150,128,15,39,97
S01007442,478,34,17,17,444,11,78,62,110,25,27,131
S01007443,856,122,75,47,734,23,170,153,124,62,91,111
S01007444,936,147,88,59,789,28,128,221,162,48,88,114
S01007445,625,65,32,33,560,21,94,147,116,52,24,106
S01007446,541,28,20,8,513,9,78,107,92,62,85,80
S01007447,485,47,28,19,438,11,82,113,92,15,31,94
S01007448,867,86,40,46,781,13,138,179,160,41,59,191
S01007449,980,142,51,91,838,77,140,157,186,37,92,149
S01007450,774,114,46,68,660,79,54,126,114,70,71,146
S01007451,623,86,37,49,537,32,98,102,124,25,64,92
S01007452,523,59,29,30,464,30,54,99,66,41,65,109
S01007453,635,20,2,18,615,14,16,212,120,68,103,82
S01007454,512,29,17,12,483,24,44,81,92,43,55,144
S01007455,846,123,44,79,723,110,70,153,166,32,66,126
S01007456,853,135,42,93,718,108,58,212,130,26,74,110
S01007457,1033,156,41,115,877,68,92,261,188,56,77,135
S01007458,523,53,30,23,470,18,84,113,94,10,54,97
S01007459,643,90,61,29,553,10,112,123,92,40,41,135
S01007460,717,117,46,71,600,35,88,105,168,43,43,118
S01007461,680,174,44,130,506,95,50,89,138,17,37,80
S01007462,774,140,31,109,634,57,52,107,186,35,75,122
S01007463,988,93,23,70,895,139,68,127,120,129,134,178
S01007464,686,111,35,76,575,62,78,114,118,47,56,100
S01007465,785,153,30,123,632,158,62,136,102,38,52,84
S01007466,984,332,61,271,652,88,86,122,162,36,47,111
S01007467,974,244,105,139,730,84,110,175,166,30,45,120
S01007468,714,100,24,76,614,24,88,152,176,21,57,96
S01007469,611,59,24,35,552,72,66,104,96,54,81,79
S01007470,699,142,69,73,557,62,64,72,122,51,88,98
S01007471,479,56,29,27,423,36,32,125,86,17,35,92
S01007472,554,105,51,54,449,53,58,114,96,15,43,70
S01007473,438,99,33,66,339,47,46,72,68,5,23,78
S01007474,535,43,22,21,492,8,62,102,96,35,76,113
S01007475,594,65,19,46,529,31,66,114,130,32,61,95
S01007476,651,107,62,45,544,18,134,131,128,7,42,84
S01007477,540,84,33,51,456,22,60,107,110,47,49,61
S01007478,901,168,82,86,733,43,98,197,186,25,95,89
S01007479,579,101,32,69,478,49,30,167,120,20,38,54
S01007480,776,95,18,77,681,30,56,234,140,46,59,116
S01007481,830,116,87,29,714,10,228,125,128,31,49,143
S01007482,478,117,75,42,361,15,84,68,78,31,38,47
S01007483,783,109,54,55,674,56,76,165,118,31,98,130
S01007484,548,135,60,75,413,48,58,104,68,15,38,82
S01007485,481,74,19,55,407,76,38,142,66,20,13,52
S01007486,540,104,37,67,436,117,30,116,44,33,58,38
S01007487,893,270,103,167,623,77,72,123,158,46,34,113
S01007488,1032,179,75,104,853,73,106,199,188,54,94,139
S01007489,856,139,78,61,717,57,134,142,134,40,75,135
S01007490,883,113,62,51,770,44,122,137,120,58,108,181
S01007491,1127,112,36,76,1015,133,86,298,180,113,69,136
S01007492,679,125,63,62,554,22,94,96,136,27,59,120
S01007493,824,105,43,62,719,45,122,204,132,37,47,132
S01007494,533,69,34,35,464,8,96,99,104,44,35,78
S01007495,844,72,33,39,772,22,132,206,148,57,96,111
S01007496,1011,142,73,69,869,34,214,128,180,43,92,178
S01007497,596,81,42,39,515,31,84,101,98,63,41,97
S01007498,836,159,93,66,677,18,136,113,182,31,75,122
S01007499,842,92,38,54,750,43,106,168,144,51,72,166
S01007500,603,100,45,55,503,13,112,116,108,32,29,93
S01007501,678,100,52,48,578,28,156,71,136,27,63,97
S01007502,521,88,34,54,433,6,88,99,108,23,43,66
S01007503,1044,154,82,72,890,43,190,176,190,69,83,139
S01007504,677,109,45,64,568,20,132,79,128,44,53,112
S01007505,429,41,14,27,388,28,62,96,72,12,47,71
S01007506,514,69,37,32,445,16,132,92,78,48,25,54
S01007507,921,170,90,80,751,36,172,165,158,15,85,120
S01007508,696,109,56,53,587,15,118,90,152,41,51,120
S01007509,626,76,39,37,550,21,110,89,102,42,67,119
S01007510,997,152,109,43,845,30,188,132,172,70,89,164
S01007511,829,122,63,59,707,46,128,118,126,91,55,143
S01007512,526,85,48,37,441,20,84,56,100,46,37,98
S01007513,1045,170,69,101,875,66,118,282,122,54,114,119
S01007514,518,89,31,58,429,32,72,87,94,10,37,97
S01007515,563,72,39,33,491,17,120,117,84,25,30,98
S01007516,620,75,52,23,545,50,60,131,94,49,88,73
S01007517,423,91,54,37,332,11,92,48,80,5,19,77
S01007518,832,139,69,70,693,40,118,125,112,41,103,154
S01007519,433,62,32,30,371,5,114,47,92,0,26,87
S01007520,978,156,87,69,822,30,170,168,142,75,88,149
S01007521,443,68,26,42,375,16,70,65,88,21,53,62
S01007522,940,198,127,71,742,39,196,128,134,35,66,144
S01007523,540,58,34,24,482,9,98,87,100,28,70,90
S01007524,897,87,49,38,810,26,168,143,170,41,94,168
S01007525,504,73,34,39,431,9,104,107,98,21,17,75
S01007526,734,181,88,93,553,42,122,98,98,25,68,100
S01007527,787,118,72,46,669,18,160,118,168,30,89,86
S01007528,735,153,76,77,582,58,108,93,102,41,66,114
S01007529,663,83,44,39,580,12,180,122,110,20,40,96
S01007530,524,59,32,27,465,15,86,86,78,35,48,117
S01007531,690,92,49,43,598,25,112,124,142,20,85,90
S01007532,597,65,26,39,532,22,96,109,98,45,77,85
S01007533,533,58,33,25,475,2,58,80,108,35,73,119
S01007534,939,130,82,48,809,38,166,179,150,42,74,160
S01007535,1058,178,92,86,880,105,160,156,114,78,86,181
S01007536,934,168,84,84,766,33,128,169,180,45,90,121
S01007537,1010,200,100,100,810,64,198,161,182,32,59,114
S01007538,892,85,39,46,807,34,118,201,166,52,105,131
S01007539,667,113,80,33,554,14,160,104,130,30,29,87
S01007540,837,211,111,100,626,45,132,105,156,41,58,89
S01007541,724,103,56,47,621,24,142,155,126,17,48,109
S01007542,866,163,68,95,703,86,94,189,114,11,54,155
S01007543,1078,143,64,79,935,74,118,245,224,37,91,146
S01007544,1047,145,93,52,902,29,308,148,150,36,49,182
S01007545,808,101,59,42,707,15,138,167,142,46,65,134
S01007546,565,42,22,20,523,4,88,128,92,57,50,104
S01007547,549,70,20,50,479,7,84,108,92,38,45,105
S01007548,703,86,40,46,617,30,114,129,102,61,39,142
S01007549,620,100,56,44,520,45,118,61,134,49,43,70
S01007550,915,160,90,70,755,49,208,129,154,53,40,122
S01007551,856,119,52,67,737,9,174,80,166,62,70,176
S01007552,913,134,49,85,779,46,88,210,160,35,100,140
S01007553,885,113,60,53,772,54,118,139,124,94,80,163
S01007554,435,85,38,47,350,45,70,65,78,5,30,57
S01007555,509,77,44,33,432,16,88,98,84,21,9,116
S01007556,456,109,55,54,347,21,52,45,60,20,67,82
S01007557,1131,139,85,54,992,72,148,233,134,74,137,194
S01007558,427,52,20,32,375,5,74,57,90,39,37,73
S01007559,734,79,34,45,655,20,84,130,156,88,69,108
S01007560,940,151,93,58,789,49,172,155,146,52,94,121
S01007561,687,143,89,54,544,17,154,101,116,25,43,88
S01007562,851,97,48,49,754,60,114,187,134,42,78,139
S01007563,889,117,61,56,772,61,154,126,148,54,104,125
S01007564,772,82,44,38,690,7,120,122,136,35,121,149
S01007565,943,98,51,47,845,28,138,141,190,40,153,155
S01007566,719,43,26,17,676,28,112,150,112,48,79,147
S01007567,588,43,15,28,545,6,82,129,102,37,84,105
S01007568,657,83,35,48,574,28,104,130,122,30,59,101
S01007569,781,95,54,41,686,14,118,115,170,54,103,112
S01007570,680,72,31,41,608,45,102,110,136,38,47,130
S01007571,539,63,34,29,476,5,92,83,124,21,72,79
S01007572,882,102,46,56,780,71,112,194,126,27,114,136
S01007573,895,55,10,45,840,49,46,366,142,63,75,99
S01007574,1023,127,65,62,896,52,112,228,166,69,99,170
S01007575,854,210,88,122,644,111,114,123,122,45,35,94
S01007576,718,144,43,101,574,101,52,138,106,60,55,62
S01007577,688,91,34,57,597,85,48,108,110,70,67,109
S01007578,692,141,59,82,551,83,48,154,90,40,40,96
S01007579,663,115,33,82,548,91,50,120,76,48,105,58
S01007580,809,66,23,43,743,69,60,176,74,35,169,160
S01007581,509,44,24,20,465,48,46,76,76,53,61,105
S01007582,660,80,39,41,580,45,62,141,110,40,54,128
S01007583,1048,214,60,154,834,167,90,189,146,42,72,128
S01007584,624,104,31,73,520,24,62,151,88,36,88,71
S01007585,906,149,109,40,757,27,182,99,168,21,63,197
S01007586,858,121,54,67,737,78,80,185,134,45,115,100
S01007587,623,119,53,66,504,17,100,96,114,35,46,96
S01007588,844,103,64,39,741,18,134,138,120,40,117,174
S01007589,751,199,59,140,552,23,78,96,160,10,59,126
S01007590,661,87,61,26,574,21,112,119,96,68,61,97
S01007591,574,100,40,60,474,14,54,115,128,20,56,87
S01007592,694,162,45,117,532,70,64,87,104,26,72,109
S01007593,1047,122,67,55,925,29,198,216,156,38,143,145
S01007594,799,76,41,35,723,18,102,188,160,33,54,168
S01007595,977,134,63,71,843,14,160,172,208,56,108,125
S01007596,550,98,55,43,452,18,106,69,124,26,32,77
S01007597,646,55,26,29,591,8,92,136,90,43,90,132
S01007598,627,58,27,31,569,25,112,98,136,10,71,117
S01007599,808,112,34,78,696,29,90,204,144,32,60,137
S01007600,1037,221,116,105,816,22,126,217,174,46,113,118
S01007601,631,106,18,88,525,46,42,151,128,15,35,108
S01007602,650,68,26,42,582,22,40,130,150,46,69,125
S01007603,778,53,21,32,725,20,58,204,188,33,41,181
S01007604,891,107,58,49,784,4,142,158,174,36,111,159
S01007605,828,88,52,36,740,26,148,152,166,10,87,151
S01007606,614,143,51,92,471,26,78,123,88,21,32,103
S01007607,702,61,33,28,641,10,112,165,134,30,50,140
S01007608,731,77,45,32,654,20,96,147,124,16,68,183
S01007609,917,169,53,116,748,96,98,193,156,51,42,112
S01007610,456,131,39,92,325,39,54,69,82,11,26,44
S01007611,917,307,132,175,610,64,90,148,150,27,16,115
S01007612,1037,357,88,269,680,48,60,110,214,20,71,157
S01007613,736,103,45,58,633,7,90,125,148,40,98,125
S01007614,843,87,48,39,756,19,134,220,146,41,70,126
S01007615,1074,201,85,116,873,49,124,277,192,52,65,114
S01007616,736,181,70,111,555,62,66,123,142,27,58,77
S01007617,519,69,35,34,450,21,78,116,82,17,29,107
S01007618,638,108,86,22,530,35,100,131,78,26,91,69
S01007619,629,92,45,47,537,36,82,128,96,26,67,102
S01007620,579,80,39,41,499,7,114,97,124,16,43,98
S01007621,656,77,51,26,579,30,118,126,108,20,57,120
S01007622,582,80,50,30,502,28,88,119,82,35,63,87
S01007623,608,52,31,21,556,17,102,116,100,37,58,126
S01007624,664,61,23,38,603,16,58,169,126,34,73,127
S01007625,505,63,34,29,442,11,68,93,104,26,40,100
S01007626,650,75,19,56,575,13,40,240,114,35,49,84
S01007627,547,83,50,33,464,21,60,129,126,36,41,51
S01007628,713,78,49,29,635,21,148,132,134,20,92,88
S01007629,696,63,34,29,633,24,118,98,136,60,76,121
S01007630,809,83,40,43,726,12,108,154,140,41,61,210
S01007631,625,57,30,27,568,17,118,133,124,52,25,99
S01007632,960,132,69,63,828,60,152,177,174,42,91,132
S01007633,977,129,75,54,848,39,150,187,182,49,73,168
S01007634,570,62,32,30,508,6,96,102,98,31,67,108
S01007635,671,105,78,27,566,13,178,98,80,5,51,141
S01007636,819,173,95,78,646,45,138,129,136,25,50,123
S01007637,857,151,73,78,706,50,118,178,120,52,63,125
S01007638,768,150,66,84,618,28,110,153,118,28,52,129
S01007639,1087,101,38,63,986,115,130,240,182,60,94,165
S01007640,722,69,22,47,653,21,104,151,144,31,76,126
S01007641,854,100,47,53,754,50,124,200,132,69,58,121
S01007642,794,191,110,81,603,23,128,138,132,32,72,78
S01007643,897,153,83,70,744,37,148,148,150,50,58,153
S01007644,844,108,65,43,736,61,174,129,148,46,79,99
S01007645,524,40,12,28,484,11,104,82,108,26,56,97
S01007646,576,80,25,55,496,18,100,117,106,10,73,72
S01007647,717,142,64,78,575,37,130,116,112,21,43,116
S01007648,873,188,79,109,685,42,144,152,152,45,42,108
S01007649,729,114,58,56,615,24,102,147,138,35,69,100
S01007650,949,118,64,54,831,19,150,162,168,36,99,197
S01007651,585,49,24,25,536,10,84,115,76,49,75,127
S01007652,588,80,40,40,508,14,104,133,82,22,90,63
S01007653,886,100,49,51,786,18,126,165,144,46,69,218
S01007654,1050,155,66,89,895,57,132,192,162,78,94,180
S01007655,780,84,33,51,696,19,126,138,164,44,60,145
S01007656,848,85,44,41,763,18,128,177,166,32,101,141
S01007657,428,39,14,25,389,19,60,72,90,22,55,71
S01007658,505,75,42,33,430,28,82,91,78,16,40,95
S01007659,820,107,56,51,713,40,154,172,136,62,51,98
S01007660,851,145,45,100,706,77,66,210,148,46,38,121
S01007661,652,143,72,71,509,40,78,99,106,11,70,105
S01007662,908,247,126,121,661,42,130,158,142,41,51,97
S01007663,841,137,75,62,704,8,136,135,148,35,113,129
S01007664,578,124,61,63,454,36,62,105,78,15,71,87
S01007665,660,82,35,47,578,56,74,169,74,52,50,103
S01007666,502,38,29,9,464,12,90,107,76,20,72,87
S01007667,717,56,29,27,661,2,126,159,96,73,57,148
S01007668,1041,167,68,99,874,50,110,238,144,86,83,163
S01007669,642,84,26,58,558,92,46,137,56,38,79,110
S01007670,729,96,38,58,633,71,52,185,80,65,88,92
S01007671,711,60,34,26,651,2,96,134,158,53,65,143
S01007672,874,87,66,21,787,10,212,131,168,31,65,170
S01007673,697,81,41,40,616,15,78,155,160,31,70,107
S01007674,797,131,53,78,666,49,102,144,146,37,52,136
S01007675,627,38,20,18,589,17,116,117,124,43,42,130
S01007676,681,70,35,35,611,7,94,101,118,75,65,151
S01007677,511,40,21,19,471,22,82,110,70,38,64,85
S01007678,788,134,82,52,654,37,132,130,108,32,68,147
S01007679,843,123,58,65,720,86,160,123,110,47,72,122
S01007680,916,93,61,32,823,18,142,155,164,47,96,201
S01007681,389,72,36,36,317,8,70,38,72,20,17,92
S01007682,882,122,46,76,760,23,134,135,188,32,99,149
S01007683,701,93,34,59,608,18,102,130,98,35,97,128
S01007684,781,77,49,28,704,11,164,129,120,36,74,170
S01007685,638,68,40,28,570,20,84,124,134,30,61,117
S01007686,665,123,46,77,542,23,84,57,146,25,90,117
S01007687,869,144,52,92,725,24,66,99,200,51,79,206
S01007688,1015,252,27,225,763,45,20,90,316,28,22,242
S01007689,579,121,32,89,458,22,24,30,180,21,46,135
S01007690,835,143,30,113,692,38,26,52,240,0,25,311
S01007691,1013,227,19,208,786,30,22,59,312,10,14,339
S01007692,939,150,38,112,789,33,22,64,286,29,24,331
S01007693,563,207,11,196,356,19,6,42,162,10,21,96
S01007694,1015,238,57,181,777,59,22,82,254,52,29,279
S01007695,963,363,136,227,600,29,100,83,248,15,33,92
S01007696,800,234,33,201,566,51,26,65,152,26,39,207
S01007697,948,351,130,221,597,32,92,90,268,11,13,91
S01007698,1056,321,13,308,735,66,14,101,250,16,72,216
S01007699,808,239,20,219,569,85,20,65,212,45,26,116
S01007700,971,172,48,124,799,10,92,129,206,62,125,175
S01007701,535,178,29,149,357,38,34,51,138,0,5,91
S01007702,560,99,1,98,461,28,16,63,162,11,37,144
S01007703,762,170,51,119,592,38,64,102,202,20,39,127
S01007704,907,286,62,224,621,103,46,99,142,11,22,198
S01007705,541,91,1,90,450,8,0,20,192,0,9,221
S01007706,775,126,3,123,649,22,4,13,292,5,13,300
S01007707,862,203,6,197,659,39,14,124,322,28,20,112
S01007708,644,202,42,160,442,54,36,58,122,26,52,94
S01007709,539,179,61,118,360,16,28,55,114,10,37,100
S01007710,803,215,15,200,588,66,18,89,256,0,4,155
S01007711,961,233,59,174,728,27,44,79,216,31,15,316
S01007712,644,187,19,168,457,42,20,52,158,5,19,161
S01007713,472,101,29,72,371,22,22,62,106,16,62,81
S01007714,637,145,42,103,492,31,22,107,136,36,44,116
S01007715,516,124,37,87,392,53,22,62,104,21,46,84
S01007716,967,381,112,269,586,40,72,110,150,30,62,122
S01007717,997,317,81,236,680,124,42,120,178,33,62,121
S01007718,689,300,91,209,389,40,74,67,154,10,0,44
S01007719,960,419,122,297,541,52,102,121,196,0,28,42
S01007720,705,184,87,97,521,44,168,78,124,0,13,94
S01007721,730,237,73,164,493,68,70,95,150,0,32,78
S01007722,840,335,108,227,505,105,68,108,146,11,16,51
S01007723,952,375,169,206,577,65,92,132,170,0,38,80
S01007724,643,175,8,167,468,101,12,90,162,10,48,45
S01007725,773,318,57,261,455,48,62,76,152,16,44,57
S01007726,786,262,36,226,524,74,42,59,168,20,78,83
S01007727,1007,340,56,284,667,117,36,81,202,42,57,132
S01007728,694,232,17,215,462,55,24,73,184,16,51,59
S01007729,772,226,21,205,546,78,14,81,220,23,45,85
S01007730,764,243,22,221,521,78,16,99,258,10,5,55
S01007731,729,199,29,170,530,57,18,110,170,26,49,100
S01007732,677,177,44,133,500,54,24,88,208,5,32,89
S01007733,853,92,23,69,761,33,78,160,152,54,140,144
S01007734,821,122,72,50,699,28,136,95,160,21,83,176
S01007735,827,105,48,57,722,26,112,114,176,20,124,150
S01007736,723,92,39,53,631,33,98,126,116,13,99,146
S01007737,1062,252,117,135,810,98,118,147,186,47,83,131
S01007738,730,127,74,53,603,52,152,114,98,22,49,116
S01007739,591,180,118,62,411,30,132,70,84,0,19,76
S01007740,541,105,36,69,436,31,70,92,92,21,24,106
S01007741,753,240,140,100,513,38,116,115,94,20,43,87
S01007742,624,140,78,62,484,46,110,66,106,15,45,96
S01007743,895,201,58,143,694,138,74,138,134,36,40,134
S01007744,766,190,90,100,576,136,70,122,98,16,23,111
S01007745,667,202,78,124,465,80,42,84,120,40,22,77
S01007746,889,131,39,92,758,121,80,114,160,21,137,125
S01007747,505,79,27,52,426,81,48,84,78,0,30,105
S01007748,704,167,44,123,537,151,48,143,100,10,17,68
S01007749,709,52,32,20,657,38,100,123,136,22,93,145
S01007750,794,103,72,31,691,42,186,89,116,26,54,178
S01007751,737,111,77,34,626,19,170,116,108,31,75,107
S01007752,689,155,126,29,534,11,164,102,84,31,54,88
S01007753,535,72,30,42,463,90,46,120,86,15,21,85
S01007754,884,154,73,81,730,136,92,145,128,42,75,112
S01007755,877,153,94,59,724,171,82,127,124,41,59,120
S01007756,629,111,51,60,518,125,76,95,80,30,35,77
S01007757,840,97,69,28,743,16,198,158,122,28,83,138
S01007758,899,199,106,93,700,12,232,115,122,61,48,110
S01007759,951,372,144,228,579,67,112,116,226,0,23,35
S01007760,588,73,43,30,515,26,118,100,106,35,47,83
S01007761,849,112,54,58,737,31,132,136,178,38,93,129
S01007762,761,282,133,149,479,54,72,66,168,26,33,60
S01007763,545,191,130,61,354,32,110,64,56,5,43,44
S01007764,756,69,31,38,687,35,96,165,112,15,80,184
S01007765,683,86,58,28,597,33,138,159,108,20,46,93
S01007766,914,95,67,28,819,16,170,186,114,30,94,209
S01007767,884,116,61,55,768,20,182,140,150,46,68,162
S01007768,649,172,80,92,477,26,100,95,128,25,29,74
S01007769,708,93,51,42,615,29,150,98,134,25,65,114
S01007770,738,69,46,23,669,48,160,142,122,20,70,107
S01007771,532,54,42,12,478,21,138,121,76,20,13,89
S01007772,964,274,120,154,690,61,154,164,144,5,42,120
S01007773,734,61,38,23,673,17,136,119,152,21,74,154
S01007774,954,24,3,21,930,51,30,425,144,66,88,126
S01007775,825,95,36,59,730,39,52,240,154,50,48,147
S01007776,727,73,29,44,654,28,44,191,94,61,108,128
S01007777,962,34,7,27,928,42,16,427,104,82,91,166
S01007778,446,17,8,9,429,3,20,209,78,26,36,57
S01007779,701,78,28,50,623,29,72,146,164,6,43,163
S01007780,795,88,17,71,707,25,50,180,170,37,118,127
S01007781,899,96,23,73,803,58,54,235,194,5,93,164
S01007782,499,109,20,89,390,77,20,88,72,36,47,50
S01007783,782,157,59,98,625,139,136,92,122,15,47,74
S01007784,711,65,9,56,646,79,14,204,114,31,86,118
S01007785,603,100,48,52,503,171,26,64,72,22,68,80
S01007786,763,94,45,49,669,84,106,122,108,39,74,136
S01007787,676,64,36,28,612,110,62,89,114,18,100,119
S01007788,708,68,14,54,640,185,22,135,76,54,79,89
S01007789,624,55,3,52,569,89,22,86,70,61,121,120
S01007790,895,85,12,73,810,233,20,199,58,101,99,100
S01007791,468,27,8,19,441,19,20,140,90,31,49,92
S01007792,879,107,36,71,772,107,116,149,138,15,85,162
S01007793,959,186,95,91,773,186,90,177,96,47,58,119
S01007794,567,63,25,38,504,64,60,119,66,20,50,125
S01007795,606,49,19,30,557,96,52,98,98,47,56,110
S01007796,724,107,39,68,617,145,48,135,70,42,60,117
S01007797,522,103,35,68,419,100,48,80,74,21,36,60
S01007798,665,32,7,25,633,37,24,232,78,32,94,136
S01007799,622,16,0,16,606,30,8,242,76,64,83,103
S01007800,913,85,32,53,828,180,70,141,124,62,74,177
S01007801,833,165,56,109,668,111,60,113,108,47,75,154
S01007802,547,35,4,31,512,41,8,180,88,35,74,86
S01007803,1087,243,85,158,844,222,86,152,100,63,102,119
S01007804,627,67,16,51,560,138,34,102,88,45,59,94
S01007805,520,49,12,37,471,114,14,105,84,27,56,71
S01007806,634,91,38,53,543,71,86,125,104,22,15,120
S01007807,707,43,15,28,664,36,52,193,100,39,96,148
S01007808,848,56,13,43,792,85,42,167,114,60,150,174
S01007809,919,94,67,27,825,31,154,177,156,20,74,213
S01007810,883,129,65,64,754,65,76,129,114,76,146,148
S01007811,871,69,28,41,802,108,60,196,120,61,111,146
S01007812,850,99,18,81,751,143,16,146,84,113,129,120
S01007813,799,77,38,39,722,131,52,110,112,55,130,132
S01007814,565,65,32,33,500,25,46,90,86,16,91,146
S01007815,856,70,44,26,786,26,124,109,136,22,113,256
S01007816,669,53,27,26,616,42,80,137,130,20,39,168
S01007817,449,59,36,23,390,29,92,54,62,10,34,109
S01007818,753,71,30,41,682,58,66,154,146,35,99,124
S01007819,803,100,56,44,703,34,144,149,118,26,85,147
S01007820,954,131,74,57,823,57,134,143,118,53,126,192
S01007821,552,64,26,38,488,30,82,102,90,17,49,118
S01007822,734,118,73,45,616,32,124,133,134,15,54,124
S01007823,696,87,43,44,609,24,102,100,112,20,63,188
S01007824,727,131,78,53,596,28,116,99,96,21,92,144
S01007825,1013,176,97,79,837,28,158,142,176,46,115,172
S01007826,573,105,50,55,468,66,46,104,70,32,77,73
S01007827,583,119,16,103,464,47,22,91,142,25,26,111
S01007828,924,358,128,230,566,73,94,104,184,5,13,93
S01007829,579,189,115,74,390,22,124,32,82,10,34,86
S01007830,928,302,141,161,626,74,128,82,160,27,65,90
S01007831,883,284,102,182,599,101,96,105,100,25,62,110
S01007832,629,183,61,122,446,62,80,83,120,0,31,70
S01007833,792,264,176,88,528,18,220,77,74,15,33,91
S01007834,742,201,54,147,541,114,66,109,138,0,19,95
S01007835,695,121,81,40,574,45,72,106,120,43,70,118
S01007836,522,141,67,74,381,11,70,72,100,11,30,87
S01007837,778,101,62,39,677,16,158,87,146,20,81,169
S01007838,845,114,65,49,731,29,196,124,124,43,41,174
S01007839,528,129,98,31,399,27,112,77,60,0,9,114
S01007840,762,210,72,138,552,72,98,97,136,41,38,70
S01007841,711,125,41,84,586,106,88,131,108,21,38,94
S01007842,770,185,22,163,585,192,38,107,98,27,43,80
S01007843,705,151,53,98,554,86,56,120,106,25,53,108
S01007844,935,275,51,224,660,106,70,165,142,22,52,103
S01007845,903,179,64,115,724,185,62,169,108,48,53,99
S01007846,744,110,51,59,634,87,74,173,108,51,50,91
S01007847,917,168,74,94,749,132,80,141,126,21,101,148
S01007848,819,237,65,172,582,122,56,149,114,47,33,61
S01007849,934,128,41,87,806,164,78,205,144,51,84,80
S01007850,754,61,39,22,693,76,94,80,94,54,81,214
S01007851,939,207,152,55,732,44,176,149,126,20,84,133
S01007852,667,170,32,138,497,101,50,113,100,20,42,71
S01007853,660,252,104,148,408,79,84,73,74,0,25,73
S01007854,1075,269,90,179,806,176,52,182,146,37,70,143
S01007855,501,197,45,152,304,63,36,55,56,6,37,51
S01007856,843,83,35,48,760,100,90,152,134,37,81,166
S01007857,492,91,36,55,401,78,36,79,58,27,45,78
S01007858,1019,244,124,120,775,102,98,172,184,20,90,109
S01007859,528,109,50,59,419,98,26,92,54,31,41,77
S01007860,637,61,7,54,576,78,22,185,72,50,87,82
S01007861,674,48,34,14,626,76,72,92,98,32,95,161
S01007862,701,88,36,52,613,84,76,123,118,10,56,146
S01007863,895,176,46,130,719,196,54,183,122,15,63,86
S01007864,938,210,80,130,728,109,134,177,132,26,45,105
S01007865,693,17,1,16,676,30,18,300,94,50,100,84
S01007866,586,29,4,25,557,11,10,216,108,20,84,108
S01007867,456,47,11,36,409,52,36,121,102,25,30,43
S01007868,861,62,30,32,799,15,110,121,188,36,72,257
S01007869,906,81,28,53,825,44,80,225,152,37,104,183
S01007870,505,37,13,24,468,9,60,100,98,10,98,93
S01007871,669,86,36,50,583,86,74,94,78,57,52,142
S01007872,705,115,31,84,590,94,48,106,104,43,73,122
S01007873,639,102,62,40,537,38,64,100,122,10,63,140
S01007874,723,148,87,61,575,40,104,105,112,10,54,150
S01007875,526,78,30,48,448,33,60,90,96,31,36,102
S01007876,1009,111,42,69,898,78,104,246,172,60,120,118
S01007877,773,104,55,49,669,43,110,105,126,34,125,126
S01007878,598,104,38,66,494,62,64,91,88,18,70,101
S01007879,764,82,30,52,682,103,72,108,130,67,75,127
S01007880,382,59,25,34,323,8,50,52,88,10,32,83
S01007881,557,83,31,52,474,14,56,120,76,47,55,106
S01007882,730,29,10,19,701,4,60,147,172,51,100,167
S01007883,1046,134,61,73,912,50,118,230,216,52,61,185
S01007884,639,68,32,36,571,54,64,133,98,27,75,120
S01007885,730,126,49,77,604,55,78,114,134,23,87,113
S01007886,867,186,65,121,681,26,102,168,154,23,75,133
S01007887,578,65,30,35,513,9,70,78,78,47,83,148
S01007888,1070,116,45,71,954,123,80,239,184,69,74,185
S01007889,533,76,36,40,457,47,92,77,72,15,63,91
S01007890,736,60,22,38,676,37,96,179,130,32,83,119
S01007891,866,106,55,51,760,41,106,173,142,48,88,162
S01007892,738,108,42,66,630,35,118,120,138,26,57,136
S01007893,1019,95,48,47,924,39,164,203,152,32,133,201
S01007894,916,101,57,44,815,53,96,191,146,30,94,205
S01007895,542,82,51,31,460,25,76,84,92,20,59,104
S01007896,867,130,58,72,737,73,90,158,136,27,106,147
S01007897,439,31,11,20,408,8,54,88,60,30,63,105
S01007898,446,25,9,16,421,9,48,85,84,35,58,102
S01007899,349,39,9,30,310,4,42,49,58,15,36,106
S01007900,549,74,35,39,475,56,72,68,56,20,68,135
S01007901,711,106,60,46,605,42,66,160,118,45,46,128
S01007902,883,124,52,72,759,69,90,162,150,32,69,187
S01007903,645,129,67,62,516,23,96,92,114,28,55,108
S01007904,787,61,25,36,726,12,106,154,144,56,99,155
S01007905,687,77,21,56,610,80,76,122,88,31,72,141
S01007906,724,161,92,69,563,55,134,107,118,12,44,93
S01007907,536,85,49,36,451,22,94,66,84,15,32,138
S01007908,913,126,85,41,787,38,148,127,166,33,71,204
S01007909,543,64,23,41,479,41,38,158,72,21,64,85
S01007910,916,88,37,51,828,135,54,174,126,52,122,165
S01007911,777,115,58,57,662,52,88,191,112,16,72,131
S01007912,757,104,39,65,653,29,120,138,130,10,59,167
S01007913,616,119,53,66,497,55,76,113,100,30,38,85
S01007914,628,92,34,58,536,40,84,88,86,36,96,106
S01007915,835,101,41,60,734,41,86,193,132,41,83,158
S01007916,810,163,96,67,647,28,120,119,128,20,93,139
S01007917,811,107,34,73,704,40,100,119,182,26,94,143
S01007918,902,198,84,114,704,34,78,163,148,31,71,179
S01007919,773,60,39,21,713,6,76,188,144,15,93,191
S01007920,615,46,19,27,569,24,78,155,112,41,60,99
S01007921,922,150,79,71,772,63,86,144,150,33,136,160
S01007922,867,134,54,80,733,65,86,139,112,45,96,190
S01007923,968,113,46,67,855,36,106,205,188,43,86,191
S01007924,984,146,48,98,838,80,92,200,140,53,133,140
S01007925,465,25,10,15,440,11,46,94,100,21,55,113
S01007926,464,20,7,13,444,7,54,105,102,31,63,82
S01007927,617,49,18,31,568,6,70,106,90,32,94,170
S01007928,998,107,49,58,891,39,140,210,162,81,85,174
S01007929,738,47,18,29,691,18,50,160,122,44,99,198
S01007930,595,24,10,14,571,10,74,120,122,63,70,112
S01007931,1124,125,62,63,999,41,194,292,156,73,80,163
S01007932,831,87,50,37,744,12,168,128,160,26,88,162
S01007933,874,62,24,38,812,51,78,230,102,76,119,156
S01007934,720,87,44,43,633,38,66,206,114,40,77,92
S01007935,803,226,94,132,577,89,64,116,148,35,31,94
S01007936,1008,74,25,49,934,27,100,333,160,50,82,182
S01007937,1059,95,41,54,964,59,108,253,210,54,64,216
S01007938,740,141,63,78,599,48,92,151,156,15,34,103
S01007939,896,137,53,84,759,116,124,118,130,65,79,127
S01007940,1056,181,75,106,875,57,134,195,182,73,76,158
S01007941,631,43,25,18,588,16,72,119,158,20,57,146
S01007942,508,63,15,48,445,47,28,196,70,15,60,29
S01007943,660,106,54,52,554,33,112,103,134,45,21,106
S01007944,915,160,62,98,755,66,122,187,166,22,59,133
S01007945,850,202,77,125,648,63,98,132,156,25,61,113
S01007946,780,170,45,125,610,63,88,109,138,30,63,119
S01007947,756,107,42,65,649,33,108,115,94,48,127,124
S01007948,660,113,43,70,547,61,60,101,116,44,66,99
S01007949,751,99,46,53,652,30,120,135,156,15,57,139
S01007950,881,95,39,56,786,45,114,170,168,15,127,147
S01007951,755,94,43,51,661,33,84,171,120,31,73,149
S01007952,617,196,91,105,421,31,82,70,110,10,55,63
S01007953,938,131,67,64,807,60,76,183,176,51,120,141
S01007954,728,117,34,83,611,68,46,136,94,26,80,161
S01007955,833,71,21,50,762,102,54,162,104,33,150,157
S01007956,745,74,38,36,671,75,70,178,88,30,76,154
S01007957,928,179,90,89,749,47,138,185,156,12,54,157
S01007958,809,136,46,90,673,94,58,124,178,42,48,129
S01007959,761,134,75,59,627,14,160,99,140,20,37,157
S01007960,696,84,29,55,612,40,64,167,84,15,76,166
S01007961,703,47,16,31,656,10,114,104,150,41,104,133
S01007962,597,74,14,60,523,74,44,150,80,44,35,96
S01007963,1003,133,31,102,870,201,62,164,86,105,103,149
S01007964,791,118,54,64,673,81,112,96,110,26,111,137
S01007965,576,87,44,43,489,66,52,90,96,44,27,114
S01007966,977,123,58,65,854,173,82,171,124,67,87,150
S01007967,639,51,18,33,588,101,34,112,96,54,92,99
S01007968,869,122,70,52,747,48,132,149,142,31,70,175
S01007969,840,148,82,66,692,57,94,164,108,32,46,191
S01007970,874,146,60,86,728,77,88,164,158,53,61,127
S01007971,927,195,91,104,732,56,120,159,162,35,34,166
S01007972,828,115,55,60,713,48,138,135,120,32,81,159
S01007973,816,81,37,44,735,10,124,143,176,27,47,208
S01007974,784,196,75,121,588,73,88,113,150,10,60,94
S01007975,655,131,63,68,524,41,80,134,100,15,27,127
S01007976,703,276,110,166,427,48,102,67,124,5,4,77
S01007977,645,100,35,65,545,21,72,157,134,0,42,119
S01007978,559,215,61,154,344,14,32,69,146,30,4,49
S01007979,829,109,47,62,720,9,90,160,174,25,118,144
S01007980,701,141,80,61,560,23,88,109,108,25,52,155
S01007981,547,72,48,24,475,14,100,70,122,5,51,113
S01007982,514,32,19,13,482,14,110,98,86,15,66,93
S01007983,777,158,89,69,619,74,134,104,78,26,94,109
S01007984,825,123,65,58,702,49,150,179,104,25,69,126
S01007985,923,143,49,94,780,89,114,179,102,36,74,186
S01007986,576,55,33,22,521,26,98,122,68,20,86,101
S01007987,759,73,30,43,686,42,78,153,132,36,90,155
S01007988,817,70,36,34,747,67,104,156,138,26,84,172
S01007989,722,59,15,44,663,130,60,146,110,15,74,128
S01007990,928,61,15,46,867,98,54,218,126,82,119,170
S01007991,958,39,7,32,919,33,44,331,154,62,130,165
S01007992,657,29,4,25,628,16,22,224,108,40,97,121
S01007993,818,48,21,27,770,23,94,185,194,5,61,208
S01007994,853,39,3,36,814,11,28,396,140,61,91,87
S01007995,887,32,6,26,855,24,50,285,156,50,108,182
S01007996,468,31,15,16,437,23,52,77,114,10,53,108
S01007997,669,84,48,36,585,10,92,112,120,41,34,176
S01007998,506,76,26,50,430,5,64,112,86,6,48,109
S01007999,656,106,37,69,550,54,56,105,104,31,68,132
S01008000,868,131,59,72,737,101,64,204,134,10,91,133
S01008001,858,116,35,81,742,155,66,124,104,60,70,163
S01008002,781,117,20,97,664,85,32,146,100,43,113,145
S01008003,596,68,16,52,528,51,34,131,94,26,95,97
S01008004,673,39,7,32,634,55,18,224,88,82,87,80
S01008005,565,28,1,27,537,109,10,195,126,15,43,39
S01008006,579,75,20,55,504,81,60,99,70,29,86,79
S01008007,430,88,11,77,342,74,10,84,66,5,30,73
S01008008,645,79,19,60,566,104,30,145,92,85,37,73
S01008009,785,156,30,126,629,125,30,181,120,49,36,88
S01008010,858,243,39,204,615,49,66,129,174,25,59,113
S01008011,657,301,134,167,356,32,82,62,130,5,0,45
S01008012,760,278,62,216,482,27,58,98,178,17,34,70
S01008013,605,216,88,128,389,27,40,93,116,25,25,63
S01008014,622,139,43,96,483,9,78,103,102,20,62,109
S01008015,776,227,75,152,549,62,84,130,126,26,33,88
S01008016,781,208,96,112,573,46,126,111,132,6,53,99
S01008017,879,93,71,22,786,20,156,150,116,35,61,248
S01008018,634,96,45,51,538,15,126,85,140,10,31,131
S01008019,695,68,31,37,627,12,54,153,92,15,125,176
S01008020,587,144,34,110,443,16,40,94,154,5,56,78
S01008021,571,58,28,30,513,11,118,134,90,16,44,100
S01008022,728,60,32,28,668,15,86,175,116,25,68,183
S01008023,734,28,12,16,706,12,48,263,84,38,122,139
S01008024,685,13,1,12,672,23,12,289,114,74,87,73
S01008025,685,55,20,35,630,18,92,116,144,31,81,148
S01008026,1026,159,87,72,867,64,112,195,150,57,69,220
S01008027,563,94,45,49,469,34,76,87,86,20,56,110
S01008028,585,60,28,32,525,11,44,198,96,11,71,94
S01008029,784,92,37,55,692,14,96,114,180,25,77,186
S01008030,1054,131,76,55,923,33,156,214,214,21,64,221
S01008031,881,146,68,78,735,50,84,163,144,57,54,183
S01008032,890,91,34,57,799,61,114,204,144,21,71,184
S01008033,810,39,17,22,771,18,54,205,86,51,150,207
S01008034,790,46,14,32,744,24,42,227,78,72,112,189
S01008035,627,85,33,52,542,41,90,127,90,20,24,150
S01008036,669,25,18,7,644,14,116,135,86,16,84,193
S01008037,1014,117,64,53,897,79,100,146,136,53,113,270
S01008038,761,71,42,29,690,71,64,162,100,45,94,154
S01008039,898,101,39,62,797,66,76,201,118,43,108,185
S01008040,814,72,40,32,742,52,156,137,106,68,75,148
S01008041,707,155,88,67,552,36,106,123,92,22,67,106
S01008042,597,109,61,48,488,26,100,106,88,63,41,64
S01008043,962,89,63,26,873,42,182,225,120,82,73,149
S01008044,959,137,79,58,822,23,150,215,140,35,59,200
S01008045,977,169,104,65,808,35,160,159,106,56,66,226
S01008046,847,327,186,141,520,53,130,91,104,10,38,94
S01008047,697,87,64,23,610,11,106,130,82,36,87,158
S01008048,575,60,41,19,515,5,98,116,84,19,56,137
S01008049,858,91,67,24,767,15,156,210,100,47,63,176
S01008050,618,46,27,19,572,11,152,105,52,61,58,133
S01008051,884,62,29,33,822,23,130,282,68,51,87,181
S01008052,829,73,50,23,756,11,92,249,154,41,74,135
S01008053,610,65,41,24,545,11,142,165,72,15,56,84
S01008054,769,143,86,57,626,11,140,148,98,33,73,123
S01008055,1049,60,46,14,989,22,158,294,104,55,110,246
S01008056,755,122,98,24,633,14,128,174,54,40,77,146
S01008057,936,136,79,57,800,15,130,245,90,45,93,182
S01008058,895,41,20,21,854,11,68,170,140,65,187,213
S01008059,678,49,27,22,629,22,96,122,92,61,46,190
S01008060,903,51,27,24,852,27,102,231,116,40,103,233
S01008061,704,89,43,46,615,28,32,245,84,45,66,115
S01008062,872,103,43,60,769,31,132,239,100,37,48,182
S01008063,936,97,58,39,839,26,138,213,128,40,122,172
S01008064,701,99,43,56,602,50,62,119,76,48,77,170
S01008065,993,52,35,17,941,10,98,233,122,105,137,236
S01008066,937,45,32,13,892,16,148,209,84,103,138,194
S01008067,629,62,37,25,567,16,108,111,76,40,86,130
S01008068,914,100,60,40,814,12,148,197,114,47,64,232
S01008069,932,94,49,45,838,27,132,224,128,20,128,179
S01008070,878,76,38,38,802,32,112,188,120,20,84,246
S01008071,702,64,35,29,638,32,86,178,102,20,56,164
S01008072,769,131,30,101,638,39,54,142,154,52,79,118
S01008073,471,25,11,14,446,0,98,89,60,20,58,121
S01008074,972,75,52,23,897,18,130,209,136,46,119,239
S01008075,613,60,48,12,553,20,136,130,42,45,76,104
S01008076,624,104,66,38,520,6,180,88,74,26,51,95
S01008077,831,106,70,36,725,18,114,153,106,78,87,169
S01008078,860,98,64,34,762,25,144,185,96,38,118,156
S01008079,905,48,40,8,857,32,174,195,110,45,101,200
S01008080,699,60,34,26,639,37,108,159,100,37,67,131
S01008081,599,61,38,23,538,15,74,101,70,42,86,150
S01008082,820,73,50,23,747,30,130,203,90,11,62,221
S01008083,727,49,33,16,678,26,108,157,78,45,92,172
S01008084,853,92,47,45,761,40,110,134,118,47,119,193
S01008085,973,48,26,22,925,15,90,166,126,84,152,292
S01008086,1091,94,42,52,997,60,78,285,148,65,92,269
S01008087,856,69,55,14,787,24,154,168,76,64,92,209
S01008088,917,122,76,46,795,36,160,180,90,20,85,224
S01008089,653,42,30,12,611,7,102,122,62,47,76,195
S01008090,771,73,54,19,698,49,80,161,82,30,94,202
S01008091,385,16,11,5,369,10,72,67,56,11,35,118
S01008092,908,94,73,21,814,11,194,173,60,52,112,212
S01008093,809,95,71,24,714,25,128,156,66,36,104,199
S01008094,667,50,35,15,617,13,114,109,72,30,127,152
S01008095,744,126,64,62,618,18,126,124,76,35,46,193
S01008096,790,93,71,22,697,4,158,139,76,48,70,202
S01008097,628,101,78,23,527,22,110,95,60,25,62,153
S01008098,750,71,43,28,679,18,106,127,86,61,83,198
S01008099,521,47,25,22,474,19,54,112,90,31,45,123
S01008100,946,138,104,34,808,14,136,154,96,53,99,256
S01008101,790,132,25,107,658,73,52,148,106,55,80,144
S01008102,749,91,32,59,658,37,80,121,98,46,71,205
S01008103,610,176,72,104,434,36,66,101,92,22,48,69
S01008104,864,134,50,84,730,84,92,138,102,21,93,200
S01008105,1072,219,89,130,853,138,70,180,152,50,87,176
S01008106,785,150,57,93,635,82,84,136,94,16,91,132
S01008107,909,40,6,34,869,19,20,313,96,115,172,134
S01008108,655,49,9,40,606,19,36,165,96,30,43,217
S01008109,940,44,24,20,896,60,100,172,100,41,156,267
S01008110,881,54,29,25,827,33,80,273,76,21,109,235
S01008111,869,96,78,18,773,14,120,124,80,15,173,247
S01008112,816,64,46,18,752,14,168,131,64,26,81,268
S01008113,891,78,52,26,813,16,152,128,116,31,110,260
S01008114,685,46,29,17,639,15,128,140,70,15,90,181
S01008115,913,104,30,74,809,46,54,169,138,40,110,252
S01008116,933,71,36,35,862,35,96,202,112,55,135,227
S01008117,800,77,48,29,723,35,160,115,86,38,89,200
S01008118,882,96,61,35,786,36,130,216,104,81,88,131
S01008119,665,70,37,33,595,52,58,79,84,40,90,192
S01008120,635,99,53,46,536,29,112,128,70,42,65,90
S01008121,662,61,46,15,601,5,134,156,82,20,70,134
S01008122,752,40,23,17,712,17,100,201,86,46,117,145
S01008123,904,87,56,31,817,27,170,165,100,31,119,205
S01008124,835,51,31,20,784,16,104,212,92,36,137,187
S01008125,881,107,48,59,774,24,114,194,154,57,66,165
S01008126,812,52,12,40,760,12,84,202,120,51,74,217
S01008127,489,36,18,18,453,12,68,96,92,20,53,112
S01008128,880,74,36,38,806,26,128,152,124,50,92,234
S01008129,891,173,50,123,718,63,94,149,142,35,75,160
S01008130,955,193,47,146,762,66,88,151,144,32,81,200
S01008131,766,194,55,139,572,50,70,110,136,40,61,105
S01008132,1025,104,72,32,921,13,206,224,116,78,87,197
S01008133,630,173,79,94,457,28,86,102,78,28,36,99
S01008134,602,167,44,123,435,14,52,129,102,20,24,94
S01008135,1105,167,26,141,938,76,54,320,154,83,120,131
S01008136,875,203,72,131,672,35,106,153,146,26,58,148
S01008137,900,168,37,131,732,201,38,156,104,52,54,127
S01008138,852,146,37,109,706,105,34,153,122,58,102,132
S01008139,875,138,51,87,737,84,84,126,106,60,71,206
S01008140,522,90,55,35,432,91,44,63,60,25,47,102
S01008141,840,64,37,27,776,20,132,179,60,25,76,284
S01008142,802,55,20,35,747,16,56,171,104,36,105,259
S01008143,899,175,82,93,724,75,74,139,154,53,75,154
S01008144,614,43,17,26,571,17,74,131,80,21,95,153
S01008145,808,100,40,60,708,52,66,142,88,62,93,205
S01008146,499,73,39,34,426,57,60,46,50,27,66,120
S01008147,788,86,35,51,702,42,86,152,150,23,70,179
S01008148,747,106,32,74,641,27,76,135,106,21,54,222
S01008149,707,98,40,58,609,90,62,117,108,20,76,136
S01008150,941,150,58,92,791,65,128,187,120,45,100,146
S01008151,704,123,56,67,581,36,82,135,82,10,86,150
S01008152,1057,193,100,93,864,120,164,133,128,35,56,228
S01008153,795,55,15,40,740,15,66,169,116,21,101,252
S01008154,828,96,60,36,732,13,140,156,122,40,56,205
S01008155,670,69,31,38,601,15,74,114,130,16,80,172
S01008156,919,113,45,68,806,50,112,158,118,45,82,241
S01008157,746,65,26,39,681,63,58,154,120,45,67,174
S01008158,715,63,15,48,652,16,46,136,156,10,54,234
S01008159,987,180,66,114,807,131,80,169,148,46,99,134
S01008160,942,123,49,74,819,111,68,202,124,58,97,159
S01008161,1035,89,19,70,946,24,72,284,176,56,156,178
S01008162,993,130,62,68,863,27,120,232,156,36,85,207
S01008163,758,80,35,45,678,97,92,131,130,31,87,110
S01008164,650,104,38,66,546,57,38,122,96,32,77,124
S01008165,763,36,5,31,727,19,24,305,118,62,108,91
S01008166,559,54,20,34,505,52,60,122,88,25,42,116
S01008167,724,68,25,43,656,82,82,167,78,43,46,158
S01008168,816,100,36,64,716,79,70,200,112,45,75,135
S01008169,711,95,43,52,616,74,74,148,118,15,55,132
S01008170,575,55,26,29,520,18,54,123,94,15,113,103
S01008171,733,154,73,81,579,55,72,155,134,31,18,114
S01008172,557,82,35,47,475,33,78,100,74,33,64,93
S01008173,664,60,38,22,604,44,46,190,88,26,66,144
S01008174,532,67,38,29,465,17,40,117,90,15,50,136
S01008175,750,160,39,121,590,52,54,179,152,27,39,87
S01008176,727,100,30,70,627,14,90,166,150,40,45,122
S01008177,776,134,62,72,642,42,124,150,138,45,83,60
S01008178,640,68,30,38,572,14,120,113,102,20,45,158
S01008179,512,14,5,9,498,10,16,185,78,26,69,114
S01008180,473,24,8,16,449,11,14,133,82,6,71,132
S01008181,678,70,46,24,608,11,110,114,112,25,76,160
S01008182,924,315,78,237,609,42,58,126,260,16,20,87
S01008183,642,88,35,53,554,35,56,172,108,25,41,117
S01008184,798,271,121,150,527,18,92,93,170,17,24,113
S01008185,1012,289,95,194,723,61,112,159,208,25,38,120
S01008186,628,197,70,127,431,24,56,128,130,0,12,81
S01008187,617,97,40,57,520,51,54,140,104,32,28,111
S01008188,920,228,109,119,692,78,104,164,150,26,79,91
S01008189,565,97,40,57,468,23,96,96,82,15,33,123
S01008190,877,109,58,51,768,55,96,176,98,36,112,195
S01008191,478,48,31,17,430,37,56,73,48,10,104,102
S01008192,773,131,38,93,642,29,60,119,168,20,80,166
S01008193,790,86,51,35,704,22,90,182,138,37,86,149
S01008194,584,58,27,31,526,44,52,155,98,21,51,105
S01008195,796,89,20,69,707,81,42,168,138,42,86,150
S01008196,796,100,22,78,696,107,54,189,96,36,92,122
S01008197,940,72,3,69,868,61,12,314,278,42,49,112
S01008198,693,81,48,33,612,63,104,80,108,36,62,159
S01008199,776,51,18,33,725,88,54,160,124,36,88,175
S01008200,628,116,61,55,512,61,102,76,74,44,74,81
S01008201,797,121,48,73,676,84,74,114,132,46,96,130
S01008202,567,83,52,31,484,23,86,90,92,15,72,106
S01008203,556,121,39,82,435,60,54,78,106,27,39,71
S01008204,875,231,128,103,644,38,162,121,120,21,48,134
S01008205,680,61,33,28,619,58,84,116,92,10,85,174
S01008206,654,102,53,49,552,41,74,103,110,53,65,106
S01008207,618,64,21,43,554,78,46,136,84,43,89,78
S01008208,793,87,9,78,706,66,34,228,188,46,37,107
S01008209,563,26,1,25,537,31,26,187,88,47,97,61
S01008210,935,129,50,79,806,84,106,169,162,40,103,142
S01008211,887,158,68,90,729,62,90,147,146,31,89,164
S01008212,583,33,8,25,550,29,30,172,102,31,79,107
S01008213,1029,64,25,39,965,29,88,287,138,95,186,142
S01008214,704,128,64,64,576,40,142,143,120,15,30,86
S01008215,735,96,34,62,639,17,98,140,140,49,60,135
S01008216,515,46,20,26,469,14,36,109,104,21,93,92
S01008217,557,42,20,22,515,8,96,158,94,30,27,102
S01008218,1077,40,8,32,1037,31,74,409,168,51,93,211
S01008219,933,135,36,99,798,54,88,185,190,21,108,152
S01008220,644,43,17,26,601,75,26,91,80,99,107,123
S01008221,718,107,31,76,611,89,42,131,106,72,92,79
S01008222,641,99,63,36,542,58,106,114,60,47,64,93
S01008223,597,101,59,42,496,29,92,107,74,16,50,128
S01008224,907,113,46,67,794,19,76,201,226,25,55,192
S01008225,714,76,34,42,638,28,60,136,112,26,84,192
S01008226,755,165,89,76,590,38,90,127,118,57,32,128
S01008227,819,139,51,88,680,55,128,131,130,53,63,120
S01008228,639,74,37,37,565,19,86,131,130,27,60,112
S01008229,686,78,34,44,608,62,98,150,106,36,55,101
S01008230,811,57,6,51,754,23,22,300,158,67,53,131
S01008231,794,24,1,23,770,18,12,385,76,73,123,83
S01008232,686,42,2,40,644,66,10,287,132,40,50,59
S01008233,467,27,5,22,440,21,22,186,110,10,61,30
S01008234,387,59,27,32,328,22,78,47,80,5,35,61
S01008235,829,107,56,51,722,37,128,156,134,45,78,144
S01008236,845,123,55,68,722,53,104,208,146,26,41,144
S01008237,864,112,43,69,752,68,92,189,132,35,87,149
S01008238,756,102,54,48,654,48,124,139,124,30,52,137
S01008239,760,91,49,42,669,37,90,200,138,11,50,143
S01008240,885,68,42,26,817,4,154,183,158,61,100,157
S01008241,648,51,30,21,597,2,136,104,128,36,74,117
S01008242,900,141,81,60,759,18,196,149,138,51,41,166
S01008243,936,83,44,39,853,17,96,328,128,80,95,109
S01008244,574,78,42,36,496,22,106,122,84,40,46,76
S01008245,992,102,62,40,890,32,118,290,174,52,63,161
S01008246,933,58,21,37,875,21,86,251,180,82,77,178
S01008247,789,56,25,31,733,18,72,195,206,60,50,132
S01008248,936,106,52,54,830,50,156,200,134,75,87,128
S01008249,883,119,50,69,764,32,140,189,182,45,81,95
S01008250,1024,122,43,79,902,32,144,202,216,97,70,141
S01008251,754,28,13,15,726,17,72,317,76,45,92,107
S01008252,825,81,48,33,744,19,128,183,124,47,98,145
S01008253,755,151,89,62,604,16,98,150,126,47,48,119
S01008254,973,135,65,70,838,62,132,207,130,30,100,177
S01008255,725,79,41,38,646,46,66,182,102,54,68,128
S01008256,838,118,41,77,720,67,70,163,120,54,97,149
S01008257,642,185,116,69,457,32,124,112,72,25,22,70
S01008258,809,150,50,100,659,21,104,141,200,32,23,138
S01008259,777,153,75,78,624,23,86,181,136,72,22,104
S01008260,780,112,38,74,668,69,66,133,156,27,70,147
S01008261,901,99,38,61,802,70,88,179,134,48,127,156
S01008262,612,66,27,39,546,12,60,125,116,47,72,114
S01008263,560,108,40,68,452,25,110,112,108,10,28,59
S01008264,751,113,52,61,638,43,104,238,70,52,38,93
S01008265,706,123,84,39,583,17,146,186,88,61,31,54
S01008266,678,104,81,23,574,5,176,140,94,26,63,70
S01008267,808,89,39,50,719,18,134,181,154,81,40,111
S01008268,827,99,57,42,728,10,176,143,120,77,114,88
S01008269,808,167,139,28,641,15,174,149,92,35,50,126
S01008270,785,160,111,49,625,19,166,149,112,32,50,97
S01008271,664,211,67,144,453,30,72,115,136,10,31,59
S01008272,1002,105,51,54,897,45,144,211,140,57,107,193
S01008273,841,88,57,31,753,28,144,211,94,46,79,151
S01008274,729,94,44,50,635,52,122,148,86,37,55,135
S01008275,558,88,45,43,470,31,82,99,94,35,32,97
S01008276,557,26,8,18,531,28,60,152,76,52,54,109
S01008277,502,55,25,30,447,18,66,115,92,31,54,71
S01008278,774,81,43,38,693,11,142,202,150,20,79,89
S01008279,733,97,54,43,636,29,132,168,124,40,39,104
S01008280,939,148,65,83,791,26,128,208,168,73,51,137
S01008281,726,81,24,57,645,44,78,147,182,52,49,93
S01008282,686,78,35,43,608,28,100,147,154,22,81,76
S01008283,504,34,7,27,470,2,38,121,88,51,63,107
S01008284,892,73,40,33,819,34,80,311,150,73,50,121
S01008285,754,119,55,64,635,45,126,165,124,25,36,114
S01008286,724,80,45,35,644,29,92,129,114,44,94,142
S01008287,737,100,43,57,637,30,66,139,114,45,97,146
S01008288,899,151,93,58,748,40,112,162,142,42,79,171
S01008289,617,138,39,99,479,52,56,96,138,12,38,87
S01008290,864,152,50,102,712,44,68,239,142,36,82,101
S01008291,717,145,89,56,572,22,170,112,114,20,10,124
S01008292,831,59,17,42,772,102,48,258,112,56,93,103
S01008293,606,20,8,12,586,4,56,252,56,72,56,90
S01008294,937,58,25,33,879,39,70,281,106,103,128,152
S01008295,957,88,29,59,869,33,78,210,156,20,119,253
S01008296,687,132,77,55,555,48,64,89,92,58,57,147
S01008297,789,66,25,41,723,48,64,214,94,85,83,135
S01008298,745,80,23,57,665,21,74,184,114,25,98,149
S01008299,813,156,58,98,657,117,78,136,84,41,71,130
S01008300,846,128,50,78,718,72,90,121,116,15,95,209
S01008301,832,59,18,41,773,21,68,219,146,16,94,209
S01008302,745,69,36,33,676,16,126,115,114,59,109,137
S01008303,558,123,50,73,435,43,60,99,64,5,55,109
S01008304,476,82,37,45,394,20,40,52,74,15,66,127
S01008305,791,60,33,27,731,16,120,170,112,21,64,228
S01008306,611,48,25,23,563,8,60,106,90,10,60,229
S01008307,589,35,15,20,554,30,48,221,76,25,51,103
S01008308,566,45,27,18,521,12,118,89,100,15,28,159
S01008309,706,181,53,128,525,87,78,99,76,20,76,89
S01008310,949,200,109,91,749,33,96,170,156,20,101,173
S01008311,384,61,18,43,323,30,36,92,36,5,47,77
S01008312,413,42,17,25,371,33,46,107,66,10,43,66
S01008313,834,153,55,98,681,92,90,111,108,27,35,218
S01008314,566,164,21,143,402,78,16,73,106,15,43,71
S01008315,748,265,58,207,483,111,40,103,118,27,23,61
S01008316,598,103,11,92,495,116,18,95,72,71,67,56
S01008317,738,110,16,94,628,68,30,195,102,49,79,105
S01008318,923,77,39,38,846,44,106,186,162,49,122,177
S01008319,739,161,83,78,578,53,104,147,102,15,51,106
S01008320,633,96,48,48,537,25,148,77,118,5,36,128
S01008321,546,30,8,22,516,17,40,111,82,32,109,125
S01008322,1055,206,65,141,849,99,102,190,158,53,113,134
S01008323,799,98,28,70,701,88,66,136,96,64,98,153
S01008324,651,67,26,41,584,69,40,108,86,64,80,137
S01008325,764,73,19,54,691,107,42,188,86,44,104,120
S01008326,990,169,49,120,821,180,62,203,118,34,55,169
S01008327,857,141,76,65,716,66,82,129,116,41,84,198
S01008328,699,39,11,28,660,27,44,238,78,92,63,118
S01008329,883,33,9,24,850,17,72,236,92,71,139,223
S01008330,871,42,19,23,829,24,62,167,76,107,129,264
S01008331,602,82,20,62,520,34,32,144,70,26,93,121
S01008332,884,140,81,59,744,21,110,114,112,53,138,196
S01008333,943,189,138,51,754,17,186,112,114,76,96,153
S01008334,731,111,56,55,620,29,104,126,94,41,110,116
S01008335,763,113,55,58,650,52,102,173,78,76,53,116
S01008336,662,84,50,34,578,46,46,159,76,60,81,110
S01008337,906,115,52,63,791,54,36,311,120,74,92,104
S01008338,876,34,12,22,842,37,14,316,62,114,182,117
S01008339,629,42,13,29,587,12,28,202,98,27,73,147
S01008340,822,93,22,71,729,37,30,182,96,40,161,183
S01008341,700,16,4,12,684,12,18,218,48,118,125,145
S01008342,853,79,29,50,774,39,90,132,112,64,118,219
S01008343,848,70,49,21,778,10,152,139,100,88,91,198
S01008344,872,98,46,52,774,32,144,127,106,57,152,156
S01008345,916,79,55,24,837,24,142,144,104,43,147,233
S01008346,1023,77,50,27,946,7,134,224,90,133,172,186
S01008347,980,221,151,70,759,31,170,147,114,71,65,161
S01008348,734,95,50,45,639,33,156,135,82,31,60,142
S01008349,890,68,37,31,822,28,98,258,64,88,168,118
S01008350,589,74,44,30,515,3,152,87,60,36,70,107
S01008351,893,78,52,26,815,27,138,195,102,62,105,186
S01008352,674,47,33,14,627,22,100,161,64,72,41,167
S01008353,525,47,28,19,478,9,66,151,50,31,76,95
S01008354,698,88,47,41,610,29,90,154,76,72,79,110
S01008355,658,108,61,47,550,41,98,128,82,40,38,123
S01008356,587,85,28,57,502,39,30,170,120,30,52,61
S01008357,706,83,41,42,623,33,110,150,82,47,87,114
S01008358,697,144,79,65,553,62,104,99,96,27,39,126
S01008359,639,63,31,32,576,24,86,152,70,46,108,90
S01008360,844,48,26,22,796,41,148,149,94,56,107,201
S01008361,516,35,20,15,481,23,54,119,88,31,38,128
S01008362,956,151,49,102,805,77,52,305,106,47,75,143
S01008363,739,104,31,73,635,38,92,132,90,62,70,151
S01008364,761,97,41,56,664,36,116,163,84,27,71,167
S01008365,674,81,47,34,593,10,118,112,110,35,109,99
S01008366,897,180,109,71,717,72,100,168,104,59,80,134
S01008367,727,172,65,107,555,27,76,128,104,31,74,115
S01008368,657,126,48,78,531,27,64,156,96,27,65,96
S01008369,529,74,37,37,455,42,46,121,96,35,32,83
S01008370,692,107,46,61,585,31,68,143,102,51,87,103
S01008371,808,65,32,33,743,35,96,217,80,71,71,173
S01008372,790,57,21,36,733,24,96,194,68,74,92,185
S01008373,795,36,23,13,759,9,72,228,78,82,85,205
S01008374,705,46,31,15,659,25,98,193,76,56,45,166
S01008375,789,46,31,15,743,17,114,195,78,45,93,201
S01008376,550,57,21,36,493,28,60,131,56,65,53,100
S01008377,746,81,33,48,665,21,68,181,82,55,115,143
S01008378,1015,133,101,32,882,28,122,254,98,85,84,211
S01008379,530,45,33,12,485,20,90,79,60,58,40,138
S01008380,649,44,25,19,605,13,50,193,90,32,69,158
S01008381,649,37,17,20,612,7,36,247,80,58,43,141
S01008382,650,55,37,18,595,10,82,193,80,58,66,106
S01008383,480,43,25,18,437,9,52,150,44,28,42,112
S01008384,968,87,42,45,881,56,102,228,158,50,96,191
S01008385,674,47,31,16,627,5,96,153,92,58,82,141
S01008386,795,87,36,51,708,56,90,165,116,31,56,194
S01008387,609,50,20,30,559,23,58,195,102,20,82,79
S01008388,637,49,10,39,588,40,28,217,98,10,81,114
S01008389,621,134,104,30,487,25,156,67,66,30,44,99
S01008390,619,66,40,26,553,3,94,160,82,20,66,128
S01008391,785,139,103,36,646,29,116,183,66,58,71,123
S01008392,906,73,29,44,833,12,76,260,90,83,127,185
S01008393,836,145,96,49,691,15,124,213,66,61,89,123
S01008394,832,38,17,21,794,22,78,304,64,73,90,163
S01008395,531,34,17,17,497,20,26,151,78,42,44,136
S01008396,626,122,79,43,504,6,142,95,64,10,68,119
S01008397,935,64,40,24,871,15,110,204,126,56,148,212
S01008398,587,59,45,14,528,14,88,140,78,22,86,100
S01008399,536,104,69,35,432,0,106,77,72,49,37,91
S01008400,690,65,41,24,625,30,84,142,74,56,111,128
S01008401,968,132,85,47,836,26,142,166,108,60,125,209
S01008402,1092,83,55,28,1009,3,212,196,110,99,120,269
S01008403,610,41,26,15,569,11,84,159,52,46,88,129
S01008404,886,89,70,19,797,12,112,224,96,73,75,205
S01008405,771,41,27,14,730,18,80,146,98,84,151,153
S01008406,966,216,158,58,750,19,114,170,80,105,94,168
S01008407,522,157,93,64,365,22,60,78,68,16,36,85
S01008408,667,77,37,40,590,31,44,191,78,63,68,115
S01008409,832,164,71,93,668,68,70,143,116,36,72,163
S01008410,589,113,74,39,476,20,72,90,74,42,44,134
S01008411,604,70,28,42,534,21,74,123,82,20,80,134
S01008412,706,85,34,51,621,31,76,127,50,48,130,159
S01008413,549,66,30,36,483,25,46,72,86,61,76,117
S01008414,458,22,9,13,436,20,48,74,36,45,81,132
S01008415,841,114,49,65,727,38,66,164,108,56,98,197
S01008416,941,181,54,127,760,62,68,190,118,36,75,211
S01008417,726,70,32,38,656,21,122,138,112,52,110,101
S01008418,692,95,52,43,597,5,112,161,120,41,35,123
S01008419,500,58,29,29,442,6,38,149,56,55,69,69
S01008420,476,36,23,13,440,17,70,94,80,21,55,103
S01008421,858,146,67,79,712,69,56,202,136,40,72,137
S01008422,621,49,41,8,572,4,80,160,110,46,75,97
S01008423,1063,74,34,40,989,13,146,268,142,102,163,155
S01008424,835,63,45,18,772,13,206,130,108,61,110,144
S01008425,955,111,63,48,844,12,158,193,158,50,107,166
S01008426,573,89,65,24,484,35,84,125,80,5,42,113
S01008427,1068,54,13,41,1014,18,82,316,192,60,72,274
S01008428,676,120,83,37,556,33,82,126,110,30,72,103
S01008429,841,89,61,28,752,16,146,200,118,15,86,171
S01008430,666,70,48,22,596,13,102,133,102,25,95,126
S01008431,842,94,58,36,748,15,132,194,102,55,69,181
S01008432,701,66,41,25,635,20,146,144,88,30,60,147
S01008433,807,79,31,48,728,8,122,200,172,27,60,139
S01008434,801,61,24,37,740,24,100,189,158,32,71,166
S01008435,766,51,29,22,715,11,128,153,124,23,94,182
S01008436,836,95,49,46,741,24,112,206,144,26,82,147
S01008437,708,165,85,80,543,29,92,131,126,26,42,97
S01008438,437,61,15,46,376,3,36,129,76,15,42,75
S01008439,1112,94,50,44,1018,34,128,363,160,92,99,142
S01008440,997,82,54,28,915,18,190,228,148,55,133,143
S01008441,465,37,21,16,428,5,78,133,74,29,28,81
S01008442,680,89,30,59,591,23,62,203,158,42,22,81
S01008443,582,68,34,34,514,8,102,142,98,20,51,93
S01008444,623,74,19,55,549,20,58,155,106,41,58,111
S01008445,909,168,146,22,741,16,124,296,66,92,85,62
S01008446,781,76,54,22,705,22,130,251,116,46,55,85
S01008447,675,61,32,29,614,17,114,175,144,31,52,81
S01008448,755,67,37,30,688,13,118,171,146,20,74,146
S01008449,795,146,22,124,649,92,30,160,92,66,106,103
S01008450,555,97,14,83,458,149,10,107,72,15,50,55
S01008451,699,154,15,139,545,145,6,85,76,66,89,78
S01008452,631,126,11,115,505,117,16,79,64,52,113,64
S01008453,506,68,4,64,438,66,6,102,104,44,49,67
S01008454,951,146,22,124,805,203,22,130,112,40,138,160
S01008455,1000,221,50,171,779,147,68,166,140,30,66,162
S01008456,973,262,36,226,711,146,60,240,148,6,28,83
S01008457,616,189,74,115,427,54,66,64,98,22,37,86
S01008458,994,145,37,108,849,129,72,192,144,28,91,193
S01008459,741,205,25,180,536,89,34,116,118,25,59,95
S01008460,805,161,20,141,644,181,24,157,82,41,77,82
S01008461,914,193,15,178,721,169,36,158,142,11,99,106
S01008462,564,228,52,176,336,53,40,46,98,21,28,50
S01008463,670,175,33,142,495,71,28,118,124,16,62,76
S01008464,850,141,54,87,709,122,88,144,178,10,50,117
S01008465,742,108,40,68,634,83,84,139,166,22,23,117
S01008466,744,86,26,60,658,103,78,147,104,15,38,173
S01008467,785,77,39,38,708,65,88,143,142,46,70,154
S01008468,615,54,23,31,561,70,44,99,74,48,100,126
S01008469,577,54,28,26,523,20,40,105,98,51,42,167
S01008470,728,87,38,49,641,52,48,113,102,52,96,178
S01008471,858,106,20,86,752,149,30,136,96,72,102,167
S01008472,714,81,28,53,633,46,38,129,92,99,87,142
S01008473,700,110,36,74,590,74,54,123,102,30,99,108
S01008474,779,230,81,149,549,79,72,136,130,5,26,101
S01008475,610,154,73,81,456,80,54,94,112,21,33,62
S01008476,699,216,82,134,483,49,76,105,136,10,29,78
S01008477,773,251,97,154,522,64,80,90,178,30,18,62
S01008478,803,229,108,121,574,71,56,124,154,38,37,94
S01008479,755,166,82,84,589,74,96,125,178,10,26,80
S01008480,607,73,10,63,534,72,40,83,184,25,57,73
S01008481,983,74,35,39,909,93,114,131,130,71,144,226
S01008482,607,128,60,68,479,58,106,100,98,10,34,73
S01008483,598,156,74,82,442,31,54,79,140,20,31,87
S01008484,754,113,50,63,641,36,78,160,136,40,51,140
S01008485,1015,103,30,73,912,41,110,242,156,78,129,156
S01008486,867,206,120,86,661,43,126,94,162,16,53,167
S01008487,759,182,34,148,577,30,32,117,272,20,27,79
S01008488,764,188,77,111,576,42,54,121,214,20,10,115
S01008489,620,114,39,75,506,31,72,105,126,5,43,124
S01008490,893,283,65,218,610,35,54,143,246,16,26,90
S01008491,914,209,44,165,705,25,54,150,278,15,27,156
S01008492,944,230,19,211,714,92,14,134,334,16,23,101
S01008493,793,197,66,131,596,63,94,102,132,15,29,161
S01008494,688,222,30,192,466,53,44,77,208,17,38,29
S01008495,891,344,22,322,547,16,20,81,358,5,4,63
S01008496,956,437,29,408,519,14,8,50,384,0,9,54
S01008497,786,397,19,378,389,9,18,64,264,0,10,24
S01008498,764,344,29,315,420,15,16,76,250,0,5,58
S01008499,996,291,26,265,705,26,6,109,408,5,9,142
S01008500,402,107,3,104,295,30,2,31,88,22,16,106
S01008501,607,127,4,123,480,7,4,78,238,20,10,123
S01008502,635,179,8,171,456,16,4,53,262,0,5,116
S01008503,833,163,20,143,670,20,26,160,356,5,9,94
S01008504,1107,202,28,174,905,20,58,307,318,25,21,156
S01008505,711,112,28,84,599,16,36,152,198,41,48,108
S01008506,788,212,91,121,576,26,112,137,186,20,36,59
S01008507,755,151,26,125,604,23,12,142,280,16,36,95
S01008508,847,102,53,49,745,12,86,227,156,66,70,128
S01008509,994,201,84,117,793,41,136,204,238,15,32,127
S01008510,904,97,46,51,807,31,148,217,152,31,63,165
S01008511,879,82,52,30,797,25,132,218,140,57,116,109
S01008512,505,43,27,16,462,8,70,145,74,7,74,84
S01008513,669,48,35,13,621,8,98,159,104,50,102,100
S01008514,877,140,101,39,737,33,92,205,142,84,60,121
S01008515,747,82,27,55,665,12,58,273,100,56,68,98
S01008516,901,371,60,311,530,25,36,111,278,15,13,52
S01008517,860,216,93,123,644,22,50,83,228,30,31,200
S01008518,905,96,41,55,809,20,72,201,192,90,61,173
S01008519,809,86,46,40,723,26,80,206,116,75,106,114
S01008520,1076,93,66,27,983,28,202,264,136,71,90,192
S01008521,902,54,35,19,848,9,130,258,140,89,79,143
S01008522,532,57,18,39,475,14,80,155,98,27,14,87
S01008523,967,142,44,98,825,44,90,314,190,47,58,82
S01008524,863,186,51,135,677,104,62,115,182,52,47,115
S01008525,775,186,103,83,589,90,68,104,90,68,68,101
S01008526,846,208,108,100,638,50,88,146,160,21,38,135
S01008527,726,108,32,76,618,93,50,126,146,11,57,135
S01008528,720,90,29,61,630,105,60,153,88,52,53,119
S01008529,724,132,77,55,592,68,64,87,132,5,68,168
S01008530,724,161,57,104,563,108,50,114,136,50,41,64
S01008531,748,182,61,121,566,84,84,127,116,23,37,95
S01008532,443,86,45,41,357,31,48,62,64,30,43,79
S01008533,541,20,9,11,521,17,12,225,94,82,48,43
S01008534,723,46,16,30,677,8,56,166,154,78,74,141
S01008535,709,68,31,37,641,8,96,158,96,25,71,187
S01008536,569,79,49,30,490,13,126,134,82,25,17,93
S01008537,673,56,29,27,617,3,132,151,110,41,45,135
S01008538,542,70,56,14,472,2,118,86,78,26,63,99
S01008539,833,98,59,39,735,7,102,220,112,36,98,160
S01008540,861,88,59,29,773,10,168,193,142,45,37,178
S01008541,886,52,37,15,834,29,96,274,98,71,86,180
S01008542,942,52,28,24,890,21,104,265,122,90,96,192
S01008543,740,37,17,20,703,16,50,270,88,47,54,178
S01008544,653,31,4,27,622,16,20,225,72,47,107,135
S01008545,898,68,36,32,830,17,110,234,120,78,128,143
S01008546,806,55,45,10,751,6,138,143,188,45,45,186
S01008547,1010,108,20,88,902,57,62,241,226,37,98,181
S01008548,835,84,14,70,751,57,32,240,192,40,79,111
S01008549,948,144,57,87,804,60,110,174,190,30,86,154
S01008550,798,102,23,79,696,34,84,156,158,35,107,122
S01008551,969,201,87,114,768,23,128,131,238,20,98,130
S01008552,876,115,49,66,761,8,140,151,164,41,114,143
S01008553,523,77,34,43,446,16,84,64,120,22,51,89
S01008554,1090,78,31,47,1012,165,44,182,82,106,191,242
S01008555,1027,250,63,187,777,180,56,212,130,51,41,107
S01008556,778,129,52,77,649,123,66,122,94,60,62,122
S01008557,914,188,76,112,726,165,90,156,90,48,68,109
S01008558,912,179,80,99,733,135,90,116,138,62,57,135
S01008559,715,85,39,46,630,97,82,116,104,27,63,141
S01008560,699,91,53,38,608,66,62,145,106,21,94,114
S01008561,674,79,35,44,595,33,64,142,110,65,64,117
S01008562,675,184,83,101,491,140,44,100,84,30,63,30
S01008563,805,129,39,90,676,113,68,146,132,46,61,110
S01008564,587,143,68,75,444,39,80,74,104,0,30,117
S01008565,928,144,58,86,784,120,90,173,122,48,95,136
S01008566,1064,123,50,73,941,134,100,155,150,64,164,174
S01008567,744,74,22,52,670,47,78,157,90,80,84,134
S01008568,793,115,33,82,678,73,58,173,144,36,93,101
S01008569,640,249,27,222,391,121,14,79,102,25,12,38
S01008570,961,156,37,119,805,163,58,178,106,48,116,136
S01008571,672,129,69,60,543,49,82,110,90,35,45,132
S01008572,817,99,37,62,718,62,106,174,106,20,77,173
S01008573,819,73,22,51,746,64,50,238,154,32,87,121
S01008574,727,70,12,58,657,15,32,189,158,36,77,150
S01008575,801,90,40,50,711,38,70,201,152,35,91,124
S01008576,820,118,55,63,702,17,112,117,206,37,46,167
S01008577,792,122,73,49,670,17,118,153,138,31,65,148
S01008578,741,56,41,15,685,6,114,191,128,61,62,123
S01008579,639,85,47,38,554,25,142,89,132,20,36,110
S01008580,542,99,41,58,443,19,60,94,116,22,33,99
S01008581,894,208,94,114,686,76,88,87,170,42,63,160
S01008582,1020,185,72,113,835,95,96,183,180,46,61,174
S01008583,713,155,77,78,558,29,58,141,120,52,44,114
S01008584,857,144,56,88,713,84,82,106,148,72,101,120
S01008585,598,77,33,44,521,56,44,114,94,42,43,128
S01008586,811,143,70,73,668,51,72,130,94,45,105,171
S01008587,754,80,37,43,674,4,110,140,148,41,81,150
S01008588,775,128,70,58,647,19,72,213,114,53,44,132
S01008589,390,59,43,16,331,5,52,78,68,42,43,43
S01008590,759,200,119,81,559,21,94,172,152,30,25,65
S01008591,807,84,25,59,723,6,76,195,156,61,63,166
S01008592,760,143,73,70,617,57,50,172,120,41,50,127
S01008593,776,71,41,30,705,21,122,205,106,51,64,136
S01008594,961,134,53,81,827,28,110,209,188,45,68,179
S01008595,842,302,109,193,540,40,108,85,136,26,42,103
S01008596,852,203,78,125,649,65,78,96,224,16,51,119
S01008597,880,114,61,53,766,23,124,179,154,60,52,174
S01008598,812,90,30,60,722,19,58,137,130,27,15,336
S01008599,896,92,35,57,804,16,64,151,166,31,58,318
S01008600,797,68,30,38,729,19,70,214,138,85,71,132
S01008601,752,104,28,76,648,9,30,60,126,21,39,363
S01008602,557,172,26,146,385,13,22,61,172,10,4,103
S01008603,1121,204,30,174,917,14,26,90,344,6,18,419
S01008604,863,170,36,134,693,15,48,88,238,51,73,180
S01008605,702,125,25,100,577,25,14,94,222,10,29,183
S01008606,763,65,34,31,698,25,54,186,114,75,48,196
S01008607,628,103,62,41,525,17,114,125,58,52,68,91
S01008608,706,121,74,47,585,5,94,184,100,26,52,124
S01008609,900,148,87,61,752,27,132,199,140,78,72,104
S01008610,848,192,143,49,656,11,100,143,112,32,67,191
S01008611,1111,262,48,214,849,18,38,129,354,21,41,248
S01008612,779,144,22,122,635,18,12,86,220,10,12,277
S01008613,798,148,61,87,650,14,40,106,174,44,72,200
S01008614,677,106,30,76,571,2,22,62,152,10,4,319
S01008615,846,76,15,61,770,14,30,129,164,20,26,387
S01008616,733,42,9,33,691,6,12,76,82,26,19,470
S01008617,829,50,18,32,779,20,20,106,86,25,14,508
S01008618,739,64,15,49,675,11,6,70,82,27,19,460
S01008619,520,58,16,42,462,2,14,58,56,0,8,324
S01008620,815,50,10,40,765,6,20,55,152,25,24,483
S01008621,770,49,16,33,721,25,16,65,84,11,35,485
S01008622,517,58,18,40,459,4,12,77,80,15,21,250
S01008623,869,109,45,64,760,9,64,137,98,43,18,391
S01008624,683,153,97,56,530,10,124,118,104,58,46,70
S01008625,566,65,37,28,501,13,76,126,90,45,61,90
S01008626,919,104,43,61,815,24,80,193,208,82,88,140
S01008627,695,57,24,33,638,22,62,194,86,82,88,104
S01008628,581,80,21,59,501,20,46,111,150,15,30,129
S01008629,571,142,52,90,429,19,34,116,134,25,9,92
S01008630,556,114,45,69,442,19,26,87,142,5,14,149
S01008631,786,238,34,204,548,45,32,99,216,5,15,136
S01008632,711,218,42,176,493,14,52,74,230,15,13,95
S01008633,928,196,116,80,732,43,138,170,126,76,62,117
S01008634,727,66,35,31,661,2,64,155,104,51,56,229
S01008635,824,124,42,82,700,13,36,120,178,40,58,255
S01008636,861,114,52,62,747,6,80,156,162,36,59,248
S01008637,679,106,41,65,573,24,70,129,148,25,43,134
S01008638,798,122,84,38,676,16,64,95,126,40,15,320
S01008639,866,182,28,154,684,27,18,131,250,5,43,210
S01008640,776,108,17,91,668,37,10,96,224,10,23,268
S01008641,825,104,14,90,721,14,22,78,180,0,4,423
S01008642,932,154,27,127,778,26,32,120,242,36,34,288
S01008643,702,111,15,96,591,24,20,128,190,42,36,151
S01008644,769,173,51,122,596,10,34,109,202,20,9,212
S01008645,825,110,35,75,715,20,32,146,208,16,43,250
S01008646,812,216,36,180,596,33,36,91,252,30,18,136
S01008647,589,153,12,141,436,4,14,73,228,5,20,92
S01008648,610,149,27,122,461,8,20,70,242,6,10,105
S01008649,841,330,24,306,511,10,24,59,352,5,4,57
S01008650,731,272,17,255,459,3,12,48,292,5,10,89
S01008651,686,332,21,311,354,6,16,38,272,0,0,22
S01008652,567,253,18,235,314,4,12,40,180,0,4,74
S01008653,684,216,26,190,468,13,20,37,230,21,34,113
S01008654,937,315,23,292,622,32,14,65,382,10,9,110
S01008655,796,199,29,170,597,15,8,64,318,10,13,169
S01008656,644,264,24,240,380,20,18,61,202,0,14,65
S01008657,664,159,27,132,505,28,20,116,216,0,18,107
S01008658,900,302,55,247,598,23,30,78,322,0,9,136
S01008659,825,208,29,179,617,30,8,39,254,12,0,274
S01008660,936,177,13,164,759,21,22,72,246,15,35,348
S01008661,754,228,38,190,526,29,34,32,226,0,26,179
S01008662,512,136,9,127,376,17,2,23,134,0,0,200
S01008663,829,198,44,154,631,19,24,27,256,5,24,276
S01008664,705,187,22,165,518,9,12,52,268,6,12,159
S01008665,941,253,24,229,688,34,16,85,328,15,36,174
S01008666,770,85,20,65,685,7,24,88,166,5,21,374
S01008667,725,101,16,85,624,22,32,57,140,25,42,306
S01008668,557,109,18,91,448,14,8,27,202,10,5,182
S01008669,578,25,3,22,553,21,8,19,56,10,14,425
S01008670,757,63,16,47,694,11,14,34,84,5,34,512
S01008671,751,126,24,102,625,6,10,17,154,5,0,433
S01008672,686,141,39,102,545,13,20,52,188,0,15,257
S01008673,1064,368,28,340,696,41,24,78,336,28,9,180
S01008674,784,196,21,175,588,14,12,40,208,5,0,309
S01008675,705,302,49,253,403,26,12,36,248,15,12,54
S01008676,690,131,15,116,559,25,26,41,220,5,18,224
S01008677,731,197,20,177,534,18,20,34,294,5,12,151
S01008678,721,164,10,154,557,23,10,47,282,0,4,191
S01008679,877,346,67,279,531,35,22,25,214,0,8,227
S01008680,597,163,14,149,434,22,16,23,170,10,8,185
S01008681,971,281,77,204,690,26,30,35,242,6,10,341
S01008682,783,209,34,175,574,34,24,61,248,20,24,163
S01008683,1074,277,60,217,797,121,32,105,240,23,34,242
S01008684,923,285,42,243,638,107,42,119,192,16,40,122
S01008685,777,274,39,235,503,25,56,68,256,5,18,75
S01008686,955,338,118,220,617,70,74,71,228,10,28,136
S01008687,648,225,20,205,423,23,20,33,298,0,4,45
S01008688,807,216,18,198,591,44,18,115,292,11,22,89
S01008689,860,313,65,248,547,21,36,86,312,10,18,64
S01008690,990,309,45,264,681,32,34,127,372,5,31,80
S01008691,1050,390,42,348,660,23,32,104,402,11,8,80
S01008692,627,217,20,197,410,12,30,46,226,5,5,86
S01008693,487,70,38,32,417,13,84,95,84,10,40,91
S01008694,1000,230,35,195,770,19,42,181,352,12,40,124
S01008695,703,111,32,79,592,52,28,191,218,10,35,58
S01008696,675,75,36,39,600,16,60,183,132,36,60,113
S01008697,1055,106,51,55,949,34,160,207,214,18,90,226
S01008698,492,61,42,19,431,13,64,101,74,15,37,127
S01008699,905,214,109,105,691,98,100,141,146,21,52,133
S01008700,569,68,32,36,501,33,106,75,94,35,80,78
S01008701,396,103,14,89,293,44,8,72,76,23,48,22
S01008702,584,131,10,121,453,61,14,88,196,5,34,55
S01008703,961,199,38,161,762,124,30,176,152,65,79,136
S01008704,700,109,20,89,591,98,48,141,108,47,56,93
S01008705,494,100,42,58,394,55,30,111,76,26,35,61
S01008706,577,87,21,66,490,105,12,125,70,45,68,65
S01008707,862,163,22,141,699,208,30,152,66,55,73,115
S01008708,859,247,26,221,612,129,24,153,104,45,66,91
S01008709,763,73,24,49,690,135,42,181,96,47,77,112
S01008710,494,78,18,60,416,65,10,98,58,20,103,62
S01008711,706,161,66,95,545,94,64,119,68,10,62,128
S01008712,1038,220,87,133,818,120,126,115,120,86,108,143
S01008713,635,99,27,72,536,143,30,141,78,15,48,81
S01008714,554,135,44,91,419,67,82,48,88,26,35,73
S01008715,763,144,81,63,619,64,108,93,106,35,59,154
S01008716,545,148,76,72,397,40,80,84,68,10,42,73
S01008717,440,46,8,38,394,43,18,124,88,15,42,64
S01008718,510,61,24,37,449,22,56,88,100,30,51,102
S01008719,1003,105,22,83,898,130,64,215,190,26,109,164
S01008720,508,80,30,50,428,38,56,71,120,0,36,107
S01008721,809,61,13,48,748,27,52,252,152,31,85,149
S01008722,1057,156,100,56,901,22,198,210,174,37,80,180
S01008723,625,57,23,34,568,29,70,120,130,5,78,136
S01008724,934,120,78,42,814,46,120,235,140,53,79,141
S01008725,749,122,47,75,627,29,72,143,144,67,57,115
S01008726,576,70,31,39,506,13,60,172,88,53,42,78
S01008727,1034,144,58,86,890,38,102,224,204,65,99,158
S01008728,552,76,29,47,476,81,30,117,66,45,63,74
S01008729,740,60,25,35,680,38,54,241,104,72,46,125
S01008730,794,186,27,159,608,67,18,198,204,33,26,62
S01008731,430,98,53,45,332,22,78,63,68,0,16,85
S01008732,610,179,38,141,431,66,52,64,126,37,49,37
S01008733,793,247,58,189,546,42,54,102,254,10,23,61
S01008734,564,100,30,70,464,24,70,125,94,31,33,87
S01008735,996,82,58,24,914,28,152,200,136,56,141,201
S01008736,734,80,46,34,654,6,124,125,54,58,129,158
S01008737,801,90,64,26,711,25,146,164,110,19,70,177
S01008738,754,67,51,16,687,10,132,166,88,52,68,171
S01008739,559,68,39,29,491,22,62,112,82,20,60,133
S01008740,553,49,38,11,504,10,88,84,94,36,71,121
S01008741,953,98,65,33,855,24,168,208,126,35,98,196
S01008742,484,156,100,56,328,11,70,60,74,0,24,89
S01008743,914,218,83,135,696,95,84,140,196,35,48,98
S01008744,1058,214,106,108,844,81,132,222,140,32,57,180
S01008745,466,97,36,61,369,30,72,67,100,21,17,62
S01008746,1062,268,69,199,794,113,76,148,244,31,65,117
S01008747,501,77,42,35,424,26,80,111,92,10,32,73
S01008748,667,64,52,12,603,9,148,140,92,30,49,135
S01008749,983,93,66,27,890,28,156,170,142,21,129,244
S01008750,703,90,57,33,613,8,148,109,108,28,83,129
S01008751,622,127,74,53,495,67,74,91,116,32,35,80
S01008752,787,231,66,165,556,133,86,99,136,0,25,77
S01008753,536,176,59,117,360,59,50,56,84,15,44,52
S01008754,590,193,41,152,397,25,46,63,196,8,9,50
S01008755,941,286,65,221,655,105,54,127,190,11,21,147
S01008756,708,231,66,165,477,48,64,94,140,25,9,97
S01008757,638,238,69,169,400,85,70,72,96,32,0,45
S01008758,823,205,76,129,618,79,96,135,132,32,52,92
S01008759,564,174,59,115,390,84,48,84,88,10,27,49
S01008760,941,253,62,191,688,126,56,169,128,43,53,113
S01008761,690,82,16,66,608,55,8,165,168,20,88,104
S01008762,608,109,48,61,499,29,86,116,136,10,30,92
S01008763,925,147,46,101,778,26,70,259,222,36,55,110
S01008764,714,92,28,64,622,23,62,188,128,20,64,137
S01008765,850,145,41,104,705,40,52,192,188,52,78,103
S01008766,1013,103,48,55,910,36,118,258,158,55,85,200
S01008767,542,112,37,75,430,32,46,111,88,5,45,103
S01008768,490,117,23,94,373,32,32,94,110,17,36,52
S01008769,666,157,10,147,509,16,18,68,326,10,16,55
S01008770,855,160,5,155,695,65,12,144,310,36,49,79
S01008771,778,170,20,150,608,91,42,169,214,10,25,57
S01008772,767,175,64,111,592,24,78,185,156,22,33,94
S01008773,1019,320,73,247,699,38,52,168,278,25,36,102
S01008774,897,241,34,207,656,75,42,111,238,11,60,119
S01008775,471,74,21,53,397,20,28,73,128,10,49,89
S01008776,799,243,28,215,556,88,32,106,214,5,41,70
S01008777,991,386,86,300,605,35,56,75,282,11,29,117
S01008778,1086,349,23,326,737,62,16,129,406,0,18,106
S01008779,718,171,12,159,547,13,24,104,314,0,24,68
S01008780,583,150,5,145,433,40,10,67,226,0,13,77
S01008781,891,261,15,246,630,98,10,114,316,5,5,82
S01008782,749,172,9,163,577,43,20,157,252,0,28,77
S01008783,417,97,4,93,320,44,4,56,178,5,8,25
S01008784,442,132,8,124,310,55,6,40,166,0,8,35
S01008785,867,238,63,175,629,126,60,123,188,10,22,100
S01008786,894,269,29,240,625,46,32,88,360,0,22,77
S01008787,374,93,21,72,281,107,14,62,52,5,9,32
S01008788,690,151,19,132,539,68,16,61,284,11,5,94
S01008789,654,208,94,114,446,42,72,57,118,13,48,96
S01008790,624,183,29,154,441,29,24,86,160,10,24,108
S01008791,877,144,13,131,733,59,30,105,260,6,51,222
S01008792,774,191,34,157,583,49,34,94,226,17,67,96
S01008793,427,164,53,111,263,29,18,42,92,0,17,65
S01008794,857,241,118,123,616,50,88,109,226,25,29,89
S01008795,1122,278,40,238,844,47,32,193,394,20,15,143
S01008796,1117,330,62,268,787,103,48,149,274,41,30,142
S01008797,947,314,65,249,633,31,50,82,326,10,4,130
S01008798,783,289,61,228,494,43,42,92,254,0,5,58
S01008799,665,114,14,100,551,79,10,88,178,16,31,149
S01008800,1035,362,27,335,673,21,14,133,400,0,17,88
S01008801,936,313,18,295,623,29,30,116,360,6,9,73
S01008802,958,343,33,310,615,46,34,95,358,0,18,64
S01008803,952,342,41,301,610,69,22,73,244,11,40,151
S01008804,535,190,15,175,345,26,18,69,160,0,9,63
S01008805,623,152,28,124,471,7,16,64,204,0,17,163
S01008806,1019,250,21,229,769,31,18,141,386,20,32,141
S01008807,792,286,41,245,506,19,16,67,260,10,28,106
S01008808,663,198,53,145,465,14,36,93,230,6,6,80
S01008809,636,129,27,102,507,21,50,77,200,33,16,110
S01008810,733,162,24,138,571,27,22,110,244,15,23,130
S01008811,829,145,19,126,684,6,28,71,238,10,32,299
S01008812,471,120,17,103,351,13,18,50,158,6,9,97
S01008813,955,252,37,215,703,80,46,118,204,48,44,163
S01008814,841,148,22,126,693,55,56,96,228,20,77,161
S01008815,908,314,31,283,594,73,22,101,294,21,12,71
S01008816,523,176,34,142,347,23,40,42,182,20,11,29
S01008817,764,189,19,170,575,82,28,127,240,5,26,67
S01008818,775,124,20,104,651,68,26,162,224,26,47,98
S01008819,705,157,30,127,548,43,46,152,204,15,26,62
S01008820,1113,315,64,251,798,84,32,197,280,17,62,126
S01008821,712,73,16,57,639,49,30,193,106,20,99,142
S01008822,726,74,28,46,652,10,64,156,120,76,105,121
S01008823,626,81,40,41,545,11,84,159,98,35,76,82
S01008824,961,232,67,165,729,25,108,227,198,15,29,127
S01008825,610,107,38,69,503,21,76,207,120,5,16,58
S01008826,650,204,37,167,446,17,42,106,174,15,39,53
S01008827,698,68,38,30,630,12,68,208,102,63,74,103
S01008828,882,177,63,114,705,29,100,202,170,36,25,143
S01008829,715,88,49,39,627,24,96,170,86,55,102,94
S01008830,689,138,73,65,551,20,72,201,120,40,22,76
S01008831,774,129,85,44,645,6,134,177,108,30,67,123
S01008832,697,140,45,95,557,23,132,120,122,35,40,85
S01008833,985,236,138,98,749,31,88,173,268,36,32,121
S01008834,1078,200,79,121,878,11,126,248,214,31,86,162
S01008835,813,162,75,87,651,35,92,164,166,36,30,128
S01008836,675,251,49,202,424,19,36,96,158,11,49,55
S01008837,1015,338,32,306,677,28,28,158,386,0,4,73
S01008838,1009,324,58,266,685,21,48,116,350,10,41,99
S01008839,1024,245,39,206,779,12,62,187,328,15,43,132
S01008840,1073,189,45,144,884,24,68,212,266,33,53,228
S01008841,568,100,13,87,468,39,42,85,208,0,28,66
S01008842,882,140,12,128,742,40,26,121,342,20,28,165
S01008843,881,202,24,178,679,20,24,105,296,20,57,157
S01008844,695,131,12,119,564,40,20,91,258,11,19,125
S01008845,851,173,20,153,678,16,30,72,246,25,18,271
S01008846,807,154,29,125,653,21,32,95,218,20,62,205
S01008847,573,90,22,68,483,13,16,60,168,21,12,193
S01008848,765,159,25,134,606,13,28,88,246,10,24,197
S01008849,727,187,33,154,540,29,56,80,218,15,4,138
S01008850,818,159,37,122,659,22,70,87,206,30,34,210
S01008851,1021,372,115,257,649,18,68,86,298,15,47,117
S01008852,992,202,46,156,790,12,136,176,250,25,46,145
S01008853,680,146,16,130,534,33,22,104,212,16,4,143
S01008854,908,226,38,188,682,17,46,103,238,11,23,244
S01008855,1056,315,45,270,741,27,40,131,366,0,30,147
S01008856,562,118,13,105,444,19,24,74,206,10,31,80
S01008857,764,216,39,177,548,25,32,125,236,5,13,112
S01008858,552,177,41,136,375,19,40,63,164,10,30,49
S01008859,1103,416,123,293,687,12,72,149,382,0,11,61
S01008860,882,246,46,200,636,11,58,114,278,20,35,120
S01008861,760,123,39,84,637,14,82,148,168,50,61,114
S01008862,877,318,37,281,559,16,52,84,318,10,0,79
S01008863,733,163,41,122,570,24,52,156,238,5,35,60
S01008864,721,212,94,118,509,10,40,149,212,25,37,36
S01008865,850,219,85,134,631,38,38,153,202,10,33,157
S01008866,798,237,47,190,561,17,38,133,288,25,28,32
S01008867,800,170,54,116,630,20,92,179,232,15,22,70
S01008868,726,180,17,163,546,4,26,55,252,11,40,158
S01008869,998,325,83,242,673,11,100,112,352,10,14,74
S01008870,757,187,32,155,570,28,90,119,260,16,15,42
S01008871,1031,202,40,162,829,17,60,173,264,5,20,290
S01008872,851,151,28,123,700,11,48,148,236,0,37,220
S01008873,688,123,29,94,565,0,76,139,186,41,59,64
S01008874,848,277,82,195,571,24,72,135,244,5,14,77
S01008875,820,280,90,190,540,26,48,96,268,11,15,76
S01008876,587,130,93,37,457,10,72,146,78,11,43,97
S01008877,548,82,50,32,466,11,52,161,94,20,50,78
S01008878,907,173,86,87,734,55,158,183,170,21,30,117
S01008879,817,167,85,82,650,53,80,152,170,28,41,126
S01008880,595,116,41,75,479,16,58,131,114,25,53,82
S01008881,520,105,47,58,415,8,102,91,96,15,28,75
S01008882,976,113,43,70,863,19,96,253,172,86,102,135
S01008883,869,104,66,38,765,19,146,195,96,85,90,134
S01008884,706,98,74,24,608,0,156,127,94,57,80,94
S01008885,888,80,56,24,808,18,110,274,108,77,93,128
S01008886,804,197,67,130,607,38,84,126,170,24,49,116
S01008887,766,137,66,71,629,21,94,169,112,40,75,118
S01008888,592,212,44,168,380,15,40,110,180,0,0,35
S01008889,542,102,33,69,440,17,78,110,120,23,37,55
S01008890,716,75,46,29,641,9,130,159,130,36,74,103
S01008891,763,84,53,31,679,13,142,181,132,50,60,101
S01008892,971,265,155,110,706,35,108,162,210,46,43,102
S01008893,899,72,51,21,827,5,112,302,134,35,90,149
S01008894,868,64,43,21,804,11,132,226,122,91,58,164
S01008895,715,94,63,31,621,11,92,211,94,76,76,61
S01008896,566,36,23,13,530,15,56,216,72,71,35,65
S01008897,689,97,54,43,592,25,116,174,94,41,56,86
S01008898,870,55,39,16,815,6,150,236,116,71,95,141
S01008899,843,149,66,83,694,123,86,108,100,37,81,159
S01008900,948,138,63,75,810,92,78,131,128,40,77,264
S01008901,846,122,63,59,724,70,100,129,130,37,133,125
S01008902,1012,193,64,129,819,113,86,192,142,30,59,197
S01008903,962,169,87,82,793,62,150,176,156,21,76,152
S01008904,1073,137,42,95,936,198,40,144,146,46,111,251
S01008905,1104,215,42,173,889,181,50,181,166,100,29,182
S01008906,813,171,13,158,642,154,24,109,130,43,75,107
S01008907,692,65,20,45,627,179,32,121,46,81,81,87
S01008908,929,137,39,98,792,158,82,127,184,39,93,109
S01008909,797,92,32,60,705,104,78,163,128,18,50,164
S01008910,476,70,26,44,406,56,30,97,84,21,44,74
S01008911,861,151,5,146,710,67,26,166,292,20,41,98
S01008912,792,88,42,46,704,11,82,243,140,41,67,120
S01008913,684,57,15,42,627,77,38,186,138,31,75,82
S01008914,868,132,67,65,736,27,138,149,134,45,77,166
S01008915,569,66,43,23,503,22,72,149,72,22,46,120
S01008916,1085,302,151,151,783,125,108,173,150,51,37,139
S01008917,681,199,53,146,482,95,26,110,128,26,42,55
S01008918,584,130,10,120,454,144,20,139,70,10,33,38
S01008919,544,112,16,96,432,104,16,132,78,22,36,44
S01008920,1075,235,24,211,840,56,22,217,438,10,13,84
S01008921,755,170,46,124,585,87,56,170,100,43,53,76
S01008922,785,173,80,93,612,101,58,136,136,11,51,119
S01008923,749,182,70,112,567,94,68,152,124,12,48,69
S01008924,982,100,36,64,882,182,38,171,120,61,140,170
S01008925,691,58,10,48,633,137,24,142,110,23,69,128
S01008926,607,55,15,40,552,51,32,130,114,39,75,111
S01008927,799,159,12,147,640,98,10,206,238,10,25,53
S01008928,609,96,33,63,513,39,104,103,124,15,32,96
S01008929,762,303,36,267,459,121,14,87,122,25,30,60
S01008930,913,173,59,114,740,170,38,169,106,42,85,130
S01008931,776,131,44,87,645,109,56,112,66,47,123,132
S01008932,885,127,28,99,758,121,36,209,186,19,69,118
S01008933,686,92,15,77,594,121,32,142,82,27,125,65
S01008934,792,135,37,98,657,116,42,166,118,51,77,87
S01008935,893,96,54,42,797,45,154,187,112,60,63,176
S01008936,397,35,20,15,362,2,60,142,46,41,33,38
S01008937,831,195,103,92,636,42,90,156,140,62,24,122
S01008938,750,57,38,19,693,8,128,202,68,76,98,113
S01008939,781,73,57,16,708,42,148,148,86,15,75,194
S01008940,636,47,31,16,589,12,158,134,88,62,55,80
S01008941,881,87,54,33,794,31,136,267,102,88,82,88
S01008942,727,125,52,73,602,39,84,154,112,45,75,93
S01008943,826,79,56,23,747,14,170,201,104,66,71,121
S01008944,1013,113,73,40,900,36,194,195,154,95,117,109
S01008945,782,48,32,16,734,5,110,208,144,42,88,137
S01008946,912,113,69,44,799,15,178,135,144,69,95,163
S01008947,1063,124,106,18,939,25,188,257,122,53,91,203
S01008948,699,71,35,36,628,15,68,170,122,45,80,128
S01008949,924,121,72,49,803,50,100,233,110,30,78,202
S01008950,935,153,86,67,782,37,124,200,110,30,107,174
S01008951,822,193,76,117,629,82,82,105,180,10,47,123
S01008952,803,193,59,134,610,107,46,120,162,20,42,113
S01008953,903,158,77,81,745,76,118,116,130,48,92,165
S01008954,839,211,111,100,628,40,104,164,112,42,27,139
S01008955,637,91,43,48,546,47,56,132,116,12,51,132
S01008956,878,147,31,116,731,48,52,185,196,31,73,146
S01008957,1010,133,41,92,877,85,120,173,170,44,131,154
S01008958,722,228,104,124,494,72,42,129,120,15,27,89
S01008959,859,129,46,83,730,43,94,143,152,37,83,178
S01008960,916,62,7,55,854,38,22,305,166,62,137,124
S01008961,715,99,22,77,616,23,78,120,150,42,80,123
S01008962,616,72,36,36,544,18,76,137,130,25,27,131
S01008963,783,91,58,33,692,20,138,147,152,36,56,143
S01008964,525,42,32,10,483,7,118,121,60,21,57,99
S01008965,742,89,66,23,653,3,158,143,98,51,70,130
S01008966,590,68,49,19,522,7,92,176,92,16,45,94
S01008967,1045,93,64,29,952,18,196,278,156,62,80,162
S01008968,997,78,48,30,919,18,176,256,130,55,59,225
S01008969,1088,107,61,46,981,31,200,249,180,57,97,167
S01008970,1014,113,63,50,901,20,136,253,196,62,61,173
S01008971,697,49,25,24,648,9,80,206,118,22,71,142
S01008972,765,68,30,38,697,12,112,210,100,71,56,136
S01008973,708,140,64,76,568,10,84,148,188,10,28,100
S01008974,803,121,76,45,682,92,114,154,172,20,29,101
S01008975,728,259,171,88,469,36,126,86,120,15,19,67
S01008976,525,51,29,22,474,0,72,125,78,48,45,106
S01008977,605,60,34,26,545,13,94,102,116,37,52,131
S01008978,580,73,25,48,507,43,66,118,98,15,75,92
S01008979,743,71,16,55,672,104,32,180,140,15,79,122
S01008980,834,79,20,59,755,123,44,219,120,40,63,146
S01008981,708,89,60,29,619,13,142,153,100,30,38,143
S01008982,789,115,39,76,674,101,60,154,134,32,44,149
S01008983,650,119,16,103,531,82,8,151,138,5,27,120
S01008984,518,63,20,43,455,84,36,150,82,6,39,58
S01008985,679,121,41,80,558,29,78,122,128,31,31,139
S01008986,802,88,58,30,714,26,134,187,128,42,62,135
S01008987,822,66,42,24,756,4,158,149,116,36,83,210
S01008988,941,198,82,116,743,43,136,159,202,35,61,107
S01008989,653,129,14,115,524,41,18,136,170,15,39,105
S01008990,737,167,25,142,570,33,26,154,194,12,34,117
S01008991,935,99,21,78,836,22,38,272,182,25,125,172
S01008992,562,102,40,62,460,16,66,115,104,10,31,118
S01008993,1068,143,67,76,925,51,136,264,194,37,77,166
S01008994,773,98,34,64,675,63,108,145,118,33,82,126
S01008995,861,79,32,47,782,28,78,196,174,55,89,162
S01008996,562,72,36,36,490,39,84,65,108,20,43,131
S01008997,984,111,39,72,873,53,82,270,176,53,93,146
S01008998,628,70,15,55,558,61,22,121,54,37,132,131
S01008999,854,157,86,71,697,51,138,155,136,46,62,109
S01009000,911,95,48,47,816,24,142,210,176,56,54,154
S01009001,880,63,36,27,817,22,110,263,94,123,94,111
S01009002,807,104,48,56,703,30,90,239,132,53,69,90
S01009003,960,96,37,59,864,38,94,252,190,91,71,128
S01009004,680,58,26,32,622,48,66,173,114,38,48,135
S01009005,730,106,32,74,624,41,82,152,136,51,61,101
S01009006,766,80,39,41,686,57,92,198,114,42,63,120
S01009007,701,80,36,44,621,56,64,162,92,50,59,138
S01009008,916,153,67,86,763,25,150,205,202,20,55,106
S01009009,476,127,55,72,349,61,42,67,64,24,35,56
S01009010,1021,84,18,66,937,56,74,247,192,41,108,219
S01009011,869,52,8,44,817,35,46,268,140,30,76,222
S01009012,752,55,16,39,697,16,72,206,146,51,47,159
S01009013,893,76,24,52,817,19,80,207,194,39,83,195
S01009014,609,127,48,79,482,29,56,86,70,74,82,85
S01009015,637,120,61,59,517,59,104,98,80,56,49,71
S01009016,528,97,49,48,431,19,90,95,72,36,54,65
S01009017,604,98,27,71,506,45,84,120,94,58,18,87
S01009018,743,109,35,74,634,60,78,103,128,61,66,138
S01009019,517,66,25,41,451,19,52,105,86,44,38,107
S01009020,807,130,49,81,677,47,50,196,168,61,83,72
S01009021,731,133,65,68,598,24,92,91,112,36,71,172
S01009022,873,190,101,89,683,34,138,127,142,15,61,166
S01009023,908,176,92,84,732,7,158,110,140,67,99,151
S01009024,959,198,112,86,761,30,162,130,154,52,86,147
S01009025,918,172,72,100,746,34,136,178,148,47,90,113
S01009026,892,132,59,73,760,30,142,165,150,21,63,189
S01009027,768,139,63,76,629,26,134,72,136,46,102,113
S01009028,494,97,44,53,397,0,64,75,70,37,38,113
S01009029,617,106,47,59,511,20,92,85,88,50,49,127
S01009030,733,105,43,62,628,31,88,90,110,60,89,160
S01009031,761,124,50,74,637,29,114,114,112,46,49,173
S01009032,656,102,59,43,554,26,98,86,98,43,67,136
S01009033,795,141,74,67,654,12,126,142,78,55,112,129
S01009034,709,80,45,35,629,32,114,87,72,105,78,141
S01009035,927,114,58,56,813,16,120,180,106,93,93,205
S01009036,1074,144,55,89,930,50,78,277,140,93,142,150
S01009037,893,103,38,65,790,51,86,201,118,61,119,154
S01009038,1081,117,41,76,964,56,124,212,168,73,147,184
S01009039,656,117,38,79,539,96,52,79,106,32,48,126
S01009040,620,178,84,94,442,49,58,81,84,11,82,77
S01009041,846,301,129,172,545,23,90,124,130,44,45,89
S01009042,808,170,66,104,638,56,72,171,118,11,74,136
S01009043,600,112,33,79,488,29,74,103,106,12,38,126
S01009044,801,177,95,82,624,57,116,131,122,35,29,134
S01009045,630,95,35,60,535,23,76,104,122,30,67,113
S01009046,868,112,46,66,756,27,106,152,114,74,124,159
S01009047,802,108,51,57,694,38,64,181,100,50,85,176
S01009048,837,100,50,50,737,11,98,179,120,72,67,190
S01009049,616,89,44,45,527,22,84,141,82,53,27,118
S01009050,775,129,57,72,646,27,112,165,152,25,54,111
S01009051,761,66,31,35,695,55,62,229,100,56,94,99
S01009052,598,123,58,65,475,22,90,88,102,0,41,132
S01009053,532,114,22,92,418,61,32,109,68,16,56,76
S01009054,583,65,29,36,518,32,58,106,112,31,75,104
S01009055,807,94,25,69,713,41,118,143,178,15,60,158
S01009056,554,55,20,35,499,52,40,82,86,39,83,117
S01009057,554,118,43,75,436,59,62,78,106,21,52,58
S01009058,786,149,57,92,637,33,114,163,126,21,49,131
S01009059,881,86,34,52,795,60,38,254,142,41,103,157
S01009060,560,21,6,15,539,6,28,195,92,41,103,74
S01009061,810,70,29,41,740,57,66,209,138,30,77,163
S01009062,647,99,45,54,548,46,80,90,110,49,44,129
S01009063,733,62,38,24,671,18,96,124,108,41,100,184
S01009064,583,82,33,49,501,63,76,115,86,23,40,98
S01009065,686,133,55,78,553,87,64,111,92,45,65,89
S01009066,693,108,45,63,585,32,96,116,112,26,41,162
S01009067,863,46,13,33,817,19,36,307,128,51,114,162
S01009068,895,108,43,65,787,87,96,154,124,40,93,193
S01009069,631,48,17,31,583,11,42,150,144,30,58,148
S01009070,627,64,18,46,563,32,80,87,138,41,81,104
S01009071,508,67,30,37,441,38,64,103,100,25,37,74
S01009072,528,38,14,24,490,23,54,162,54,35,64,98
S01009073,585,67,37,30,518,66,62,104,92,15,62,117
S01009074,721,60,22,38,661,61,90,141,96,37,63,173
S01009075,536,70,37,33,466,21,50,107,96,20,52,120
S01009076,918,90,16,74,828,26,52,225,210,25,86,204
S01009077,626,60,19,41,566,27,82,104,102,46,63,142
S01009078,821,22,4,18,799,32,18,330,148,90,87,94
S01009079,837,143,80,63,694,56,74,130,156,27,87,164
S01009080,934,140,64,76,794,94,106,149,162,31,86,166
S01009081,654,102,46,56,552,21,90,118,144,30,34,115
S01009082,974,144,61,83,830,54,80,176,154,45,133,188
S01009083,774,98,29,69,676,70,98,142,166,28,79,93
S01009084,490,28,6,22,462,20,20,149,92,72,37,72
S01009085,834,38,1,37,796,13,14,350,126,125,86,82
S01009086,715,73,26,47,642,57,84,168,128,51,53,101
S01009087,571,65,19,46,506,41,68,89,102,35,54,117
S01009088,1012,64,32,32,948,19,130,203,174,89,109,224
S01009089,977,41,7,34,936,17,52,432,100,76,135,124
S01009090,764,89,7,82,675,33,26,284,220,43,30,39
S01009091,711,22,3,19,689,16,16,285,82,96,124,70
S01009092,1047,149,74,75,898,66,146,232,202,27,72,153
S01009093,775,102,31,71,673,97,58,156,138,47,77,100
S01009094,682,59,48,11,623,12,166,123,102,45,65,110
S01009095,763,138,51,87,625,30,86,152,130,26,84,117
S01009096,942,104,33,71,838,59,58,313,168,63,89,88
S01009097,900,74,20,54,826,12,62,308,152,36,112,144
S01009098,509,26,12,14,483,7,70,118,94,27,74,93
S01009099,755,172,88,84,583,24,94,125,124,25,61,130
S01009100,745,185,109,76,560,76,66,134,122,40,38,84
S01009101,935,90,46,44,845,75,90,149,130,32,116,253
S01009102,819,69,22,47,750,121,40,167,130,64,116,112
S01009103,570,65,38,27,505,12,84,92,104,32,56,125
S01009104,775,108,49,59,667,57,92,145,148,10,87,128
S01009105,796,95,44,51,701,48,76,180,136,53,69,139
S01009106,551,92,40,52,459,28,72,153,102,20,14,70
S01009107,845,63,32,31,782,30,74,240,154,45,84,155
S01009108,714,81,36,45,633,14,118,152,136,25,36,152
S01009109,670,41,15,26,629,11,80,163,122,15,69,169
S01009110,607,75,36,39,532,33,96,134,82,30,40,117
S01009111,848,123,34,89,725,39,38,210,156,21,93,168
S01009112,560,55,32,23,505,7,88,152,96,20,39,103
S01009113,852,118,36,82,734,30,114,179,158,20,113,120
S01009114,786,69,23,46,717,40,44,204,126,28,123,152
S01009115,582,82,18,64,500,31,50,133,108,16,81,81
S01009116,464,36,14,22,428,15,68,59,88,15,58,125
S01009117,857,133,43,90,724,72,58,251,156,33,55,99
S01009118,632,29,8,21,603,25,30,207,76,36,120,109
S01009119,752,76,37,39,676,59,62,148,88,42,76,201
S01009120,530,70,25,45,460,37,54,117,80,6,39,127
S01009121,811,120,40,80,691,47,110,159,164,37,26,148
S01009122,919,131,53,78,788,52,100,157,198,43,70,168
S01009123,574,35,9,26,539,22,38,196,102,15,90,76
S01009124,584,39,14,25,545,54,34,220,90,56,34,57
S01009125,659,83,36,47,576,46,114,120,132,22,45,97
S01009126,579,123,31,92,456,79,38,98,74,34,79,54
S01009127,626,86,19,67,540,93,34,133,84,64,39,93
S01009128,806,250,107,143,556,103,60,130,130,5,24,104
S01009129,486,70,26,44,416,53,26,55,70,43,55,114
S01009130,661,84,22,62,577,56,40,155,90,57,72,107
S01009131,482,119,46,73,363,46,46,69,92,5,50,55
S01009132,822,68,11,57,754,62,48,242,168,40,77,117
S01009133,567,134,36,98,433,48,40,111,126,15,17,76
S01009134,920,120,51,69,800,45,118,165,174,58,87,153
S01009135,565,110,10,100,455,24,10,158,116,35,57,55
S01009136,691,71,27,44,620,23,36,214,132,36,89,90
S01009137,616,15,2,13,601,20,10,258,102,62,57,92
S01009138,861,138,28,110,723,15,66,214,190,50,64,124
S01009139,406,122,17,105,284,46,22,66,108,0,22,20
S01009140,700,190,49,141,510,26,54,103,146,20,57,104
S01009141,780,278,78,200,502,29,50,156,172,36,8,51
S01009142,600,258,62,196,342,14,48,52,130,22,27,49
S01009143,600,146,67,79,454,71,72,81,82,20,42,86
S01009144,668,83,5,78,585,48,20,134,234,36,64,49
S01009145,1056,163,66,97,893,66,190,195,156,33,106,147
S01009146,904,141,46,95,763,78,70,165,180,33,73,164
S01009147,832,98,37,61,734,96,98,160,96,52,99,133
S01009148,694,46,21,25,648,68,80,98,86,41,119,156
S01009149,799,138,47,91,661,26,92,179,186,16,49,113
S01009150,747,409,312,97,338,0,264,6,50,0,0,18
S01009151,890,230,150,80,660,28,158,133,134,50,60,97
S01009152,667,296,115,181,371,37,136,30,124,10,9,25
S01009153,472,132,25,107,340,10,54,66,126,22,15,47
S01009154,899,171,82,89,728,6,130,168,192,21,87,124
S01009155,550,67,23,44,483,15,82,138,92,56,31,69
S01009156,548,77,42,35,471,13,82,121,104,21,44,86
S01009157,838,110,60,50,728,57,100,188,120,15,99,149
S01009158,558,97,59,38,461,59,56,109,126,10,30,71
S01009159,511,99,30,69,412,98,36,69,76,27,24,82
S01009160,618,146,32,114,472,59,64,90,128,15,32,84
S01009161,647,158,65,93,489,88,82,94,118,5,30,72
S01009162,709,249,70,179,460,23,70,78,180,30,21,58
S01009163,465,100,41,59,365,24,62,49,82,5,50,93
S01009164,750,71,38,33,679,65,72,170,114,32,63,163
S01009165,720,106,33,73,614,58,64,110,140,37,84,121
S01009166,839,147,53,94,692,98,70,139,166,47,56,116
S01009167,548,35,17,18,513,53,40,103,72,62,65,118
S01009168,634,94,40,54,540,6,112,106,136,20,37,123
S01009169,746,207,149,58,539,43,142,82,108,5,35,124
S01009170,677,67,21,46,610,48,66,189,118,38,46,105
S01009171,664,98,16,82,566,53,40,177,110,30,31,125
S01009172,656,83,39,44,573,4,84,175,120,11,67,112
S01009173,768,60,28,32,708,25,88,174,152,52,75,142
S01009174,487,17,3,14,470,5,4,258,70,15,62,56
S01009175,848,40,3,37,808,45,26,315,142,31,88,161
S01009176,984,97,61,36,887,7,162,318,114,23,93,170
S01009177,817,114,21,93,703,121,46,111,164,53,64,144
S01009178,743,94,17,77,649,110,36,156,126,45,68,108
S01009179,683,63,15,48,620,60,48,133,116,42,66,155
S01009180,984,133,43,90,851,74,110,183,162,55,80,187
S01009181,855,100,47,53,755,54,102,184,120,42,105,148
S01009182,1002,108,40,68,894,59,94,240,176,40,129,156
S01009183,737,36,13,23,701,24,40,169,136,25,120,187
S01009184,858,113,48,65,745,67,106,187,130,64,55,136
S01009185,888,92,44,48,796,92,68,114,142,76,112,192
S01009186,810,69,30,39,741,37,92,135,118,59,105,195
S01009187,512,51,21,30,461,13,66,131,108,22,46,75
S01009188,890,102,46,56,788,65,82,171,192,55,87,136
S01009189,776,113,51,62,663,59,66,120,118,84,96,120
S01009190,796,54,18,36,742,22,60,230,166,72,71,121
S01009191,746,18,1,17,728,36,8,294,76,108,87,119
S01009192,625,55,30,25,570,15,88,157,104,32,62,112
S01009193,309,31,1,30,278,7,10,110,72,20,21,38
S01009194,788,50,25,25,738,22,126,160,164,30,65,171
S01009195,860,90,26,64,770,25,68,346,142,20,71,98
S01009196,693,89,61,28,604,20,78,120,100,42,69,175
S01009197,1027,69,30,39,958,43,82,400,194,35,52,152
S01009198,730,72,38,34,658,28,92,172,126,0,96,144
S01009199,616,59,29,30,557,15,60,212,108,26,41,95
S01009200,1121,80,33,47,1041,54,132,321,188,114,95,137
S01009201,630,72,15,57,558,53,42,126,126,25,65,121
S01009202,525,28,14,14,497,13,46,163,90,41,56,88
S01009203,633,80,40,40,553,68,80,118,76,54,53,104
S01009204,895,68,20,48,827,82,54,196,156,48,128,163
S01009205,702,88,21,67,614,9,46,148,168,17,50,176
S01009206,807,106,21,85,701,14,76,217,174,6,45,169
S01009207,760,121,40,81,639,8,152,118,178,10,46,127
S01009208,631,101,55,46,530,14,110,94,106,44,58,104
S01009209,597,115,51,64,482,14,100,89,136,15,28,100
S01009210,569,41,22,19,528,19,76,164,134,7,34,94
S01009211,628,59,19,40,569,37,62,135,132,35,82,86
S01009212,829,101,49,52,728,58,116,138,144,42,68,162
S01009213,836,105,51,54,731,57,62,185,120,31,74,202
S01009214,972,85,36,49,887,48,102,269,184,20,70,194
S01009215,926,160,69,91,766,52,106,197,178,42,85,106
S01009216,886,114,53,61,772,46,104,155,184,30,74,179
S01009217,623,91,29,62,532,98,46,117,100,10,62,99
S01009218,821,136,85,51,685,25,144,139,162,20,60,135
S01009219,630,125,59,66,505,38,84,99,104,0,58,122
S01009220,550,83,41,42,467,87,88,90,94,10,30,68
S01009221,574,69,40,29,505,34,60,100,86,50,63,112
S01009222,538,80,32,48,458,65,48,92,80,43,45,85
S01009223,556,74,41,33,482,29,80,118,80,10,53,112
S01009224,627,85,39,46,542,41,60,125,114,21,67,114
S01009225,536,108,65,43,428,23,66,107,108,15,40,69
S01009226,909,242,100,142,667,52,124,192,174,0,22,103
S01009227,589,201,114,87,388,28,66,74,124,5,30,61
S01009228,602,149,64,85,453,47,64,112,90,21,45,74
S01009229,579,125,49,76,454,31,90,96,92,45,36,64
S01009230,558,162,30,132,396,29,44,102,140,26,19,36
S01009231,958,136,57,79,822,34,114,211,190,26,75,172
S01009232,581,147,27,120,434,104,38,83,84,23,26,76
S01009233,567,99,58,41,468,8,102,85,82,25,62,104
S01009234,1021,179,39,140,842,142,60,210,150,69,98,113
S01009235,921,178,50,128,743,90,90,149,190,47,60,117
S01009236,483,67,43,24,416,16,94,77,84,31,17,97
S01009237,847,118,61,57,729,11,120,149,168,30,93,158
S01009238,726,101,46,55,625,53,138,124,102,21,63,124
S01009239,866,169,69,100,697,67,66,186,162,41,84,91
S01009240,672,217,54,163,455,106,34,102,100,31,28,54
S01009241,895,204,66,138,691,115,100,173,92,22,73,116
S01009242,725,98,36,62,627,4,120,145,110,16,57,175
S01009243,1003,91,20,71,912,73,66,222,184,95,95,177
S01009244,809,67,35,32,742,14,134,176,148,30,54,186
S01009245,830,97,31,66,733,18,128,177,140,31,57,182
S01009246,803,135,67,68,668,43,106,194,146,5,54,120
S01009247,1010,96,55,41,914,95,98,199,214,40,79,189
S01009248,688,73,38,35,615,38,112,108,136,31,36,154
S01009249,810,137,54,83,673,59,66,161,138,57,55,137
S01009250,638,74,33,41,564,48,100,135,106,25,41,109
S01009251,553,50,26,24,503,15,62,90,98,22,90,126
S01009252,478,23,4,19,455,2,16,168,66,46,61,96
S01009253,476,96,60,36,380,42,90,60,64,22,46,56
S01009254,822,114,54,60,708,76,94,169,158,49,65,97
S01009255,633,209,56,153,424,44,26,110,168,11,27,38
S01009256,478,59,27,32,419,19,84,120,90,0,32,74
S01009257,640,128,37,91,512,34,80,104,162,20,36,76
S01009258,633,80,41,39,553,12,82,105,160,25,84,85
S01009259,942,79,44,35,863,24,118,254,180,35,99,153
S01009260,1121,188,48,140,933,44,98,284,230,22,83,172
S01009261,738,162,69,93,576,71,92,108,152,32,19,102
S01009262,604,117,49,68,487,107,50,120,80,36,27,67
S01009263,817,109,14,95,708,50,40,265,190,20,58,85
S01009264,517,55,30,25,462,8,92,83,116,0,51,112
S01009265,791,138,65,73,653,58,100,120,140,21,72,142
S01009266,853,98,46,52,755,54,134,180,130,30,41,186
S01009267,790,136,45,91,654,49,98,141,148,32,67,119
S01009268,1002,108,41,67,894,106,106,223,204,77,75,103
S01009269,892,89,37,52,803,97,74,179,98,73,112,170
S01009270,595,125,49,76,470,78,76,65,112,21,24,94
S01009271,885,57,18,39,828,19,98,178,194,26,133,180
S01009272,704,48,23,25,656,37,54,122,124,81,93,145
S01009273,466,47,31,16,419,4,88,78,116,20,21,92
S01009274,631,56,31,25,575,33,102,94,102,32,118,94
S01009275,579,63,19,44,516,15,60,106,126,42,66,101
S01009276,889,79,36,43,810,36,142,173,154,20,76,209
S01009277,527,38,13,25,489,11,74,100,140,31,37,96
S01009278,559,54,28,26,505,22,64,203,112,25,18,61
S01009279,584,105,38,67,479,25,68,106,126,10,57,87
S01009280,898,139,65,74,759,134,92,144,108,62,65,154
S01009281,826,115,38,77,711,81,114,167,126,27,70,126
S01009282,737,111,47,64,626,45,74,126,184,15,78,104
S01009283,444,36,10,26,408,9,38,127,112,36,34,52
S01009284,822,58,24,34,764,28,58,244,136,30,99,169
S01009285,906,71,23,48,835,58,68,239,128,40,128,174
S01009286,737,107,42,65,630,30,140,102,164,5,73,116
S01009287,754,87,56,31,667,22,166,153,142,45,56,83
S01009288,829,131,70,61,698,17,168,182,146,35,64,86
S01009289,871,117,63,54,754,20,158,160,200,20,48,148
S01009290,646,79,58,21,567,12,116,133,118,55,41,92
S01009291,979,72,33,39,907,25,122,218,198,37,122,185
S01009292,511,72,30,42,439,39,50,93,94,10,58,95
S01009293,723,77,38,39,646,40,56,144,144,71,60,131
S01009294,506,38,15,23,468,19,42,91,86,56,70,104
S01009295,611,56,14,42,555,16,82,94,154,28,53,128
S01009296,506,23,8,15,483,6,60,131,80,5,61,140
S01009297,826,63,14,49,763,19,78,237,154,20,77,178
S01009298,971,276,126,150,695,73,106,143,210,20,49,94
S01009299,972,214,84,130,758,42,76,214,214,37,92,83
S01009300,510,145,31,114,365,32,38,73,122,15,35,50
S01009301,921,302,65,237,619,95,60,147,206,23,26,62
S01009302,845,204,35,169,641,131,48,107,192,27,53,83
S01009303,717,97,49,48,620,11,100,169,144,30,47,119
S01009304,964,97,45,52,867,46,118,213,156,82,66,186
S01009305,736,193,68,125,543,30,82,124,188,15,33,71
S01009306,1094,243,46,197,851,105,72,205,252,53,62,102
S01009307,979,273,43,230,706,53,78,121,240,26,58,130
S01009308,513,180,41,139,333,35,34,76,104,21,36,27
S01009309,726,205,35,170,521,36,50,140,164,22,48,61
S01009310,891,115,35,80,776,12,128,166,188,36,99,147
S01009311,753,53,30,23,700,57,58,137,112,59,141,136
S01009312,650,182,45,137,468,32,36,98,182,16,14,90
S01009313,542,133,40,93,409,33,68,86,90,6,77,49
S01009314,650,42,20,22,608,14,88,139,140,30,67,130
S01009315,616,81,33,48,535,47,60,97,110,26,66,129
S01009316,749,110,35,75,639,14,72,181,126,36,70,140
S01009317,847,79,39,40,768,20,118,168,192,40,79,151
S01009318,619,34,17,17,585,19,72,132,126,41,75,120
S01009319,903,114,82,32,789,6,210,191,168,36,66,112
S01009320,704,149,103,46,555,27,84,173,118,25,47,81
S01009321,676,68,28,40,608,10,136,156,128,30,69,79
S01009322,798,86,38,48,712,21,144,164,176,41,61,105
S01009323,622,136,60,76,486,48,98,76,122,11,37,94
S01009324,528,85,34,51,443,56,56,87,128,5,21,90
S01009325,730,82,21,61,648,44,46,274,134,51,33,66
S01009326,602,32,7,25,570,65,18,208,88,61,55,75
S01009327,579,57,34,23,522,30,136,96,110,30,51,69
S01009328,683,25,1,24,658,0,6,320,148,94,35,55
S01009329,442,67,3,64,375,36,12,133,126,36,8,24
S01009330,503,27,3,24,476,49,8,189,96,51,36,47
S01009331,573,15,1,14,558,10,16,227,72,60,107,66
S01009332,867,49,24,25,818,16,92,230,176,67,76,161
S01009333,738,145,59,86,593,60,60,145,134,52,61,81
S01009334,636,126,47,79,510,74,60,77,106,52,46,95
S01009335,772,109,35,74,663,52,74,122,132,35,97,151
S01009336,655,116,32,84,539,133,62,107,90,6,51,90
S01009337,743,99,30,69,644,85,46,150,130,62,68,103
S01009338,725,217,75,142,508,33,70,101,120,28,55,101
S01009339,853,155,44,111,698,144,56,126,112,83,81,96
S01009340,596,102,46,56,494,72,54,94,102,26,54,92
S01009341,583,96,39,57,487,35,68,76,106,31,54,117
S01009342,742,95,39,56,647,56,88,176,142,25,31,129
S01009343,574,60,18,42,514,42,38,127,120,46,57,84
S01009344,630,84,42,42,546,49,94,111,118,15,68,91
S01009345,942,77,30,47,865,84,90,215,162,37,106,171
S01009346,719,15,3,12,704,16,14,341,108,99,71,55
S01009347,691,12,2,10,679,14,18,345,86,78,59,79
S01009348,510,12,2,10,498,8,6,257,66,35,63,63
S01009349,830,45,6,39,785,31,6,298,164,162,48,76
S01009350,622,54,11,43,568,50,14,212,112,58,70,52
S01009351,527,57,3,54,470,15,6,167,136,67,50,29
S01009352,797,41,7,34,756,41,10,342,182,58,59,64
S01009353,403,18,2,16,385,13,18,157,94,36,30,37
S01009354,925,28,3,25,897,30,18,382,134,116,94,123
S01009355,866,82,40,42,784,26,118,199,184,15,58,184
S01009356,963,90,47,43,873,26,144,176,200,37,68,222
S01009357,485,19,1,18,466,23,32,184,112,27,27,61
S01009358,725,28,12,16,697,8,72,266,114,31,86,120
S01009359,774,29,2,27,745,34,30,316,160,25,74,106
S01009360,835,119,54,65,716,33,102,166,160,21,91,143
S01009361,768,103,46,57,665,27,102,142,140,26,89,139
S01009362,1015,79,41,38,936,24,172,206,180,36,87,231
S01009363,833,103,40,63,730,43,118,208,160,35,39,127
S01009364,860,61,15,46,799,42,58,159,156,70,86,228
S01009365,565,99,38,61,466,45,68,96,120,17,28,92
S01009366,758,121,65,56,637,62,90,136,134,34,51,130
S01009367,628,101,39,62,527,51,66,136,118,21,54,81
S01009368,581,34,11,23,547,58,42,114,86,32,87,128
S01009369,598,73,34,39,525,43,70,129,78,31,55,119
S01009370,828,103,47,56,725,38,124,141,176,18,30,198
S01009371,526,74,32,42,452,33,58,104,126,21,34,76
S01009372,521,62,24,38,459,37,44,81,84,38,44,131
S01009373,799,158,54,104,641,84,74,178,164,20,51,70
S01009374,846,191,107,84,655,37,88,143,148,21,59,159
S01009375,797,89,35,54,708,78,78,163,126,59,47,157
S01009376,577,102,45,57,475,35,68,108,90,30,40,104
S01009377,971,83,4,79,888,91,16,278,190,109,92,112
S01009378,994,83,20,63,911,140,52,229,150,51,137,152
S01009379,981,51,7,44,930,70,18,325,146,113,112,146
S01009380,554,28,4,24,526,10,18,169,116,33,60,120
S01009381,632,83,21,62,549,23,38,141,166,10,57,114
S01009382,782,140,77,63,642,35,92,112,156,35,61,151
S01009383,811,213,44,169,598,72,74,135,158,27,43,89
S01009384,560,60,26,34,500,8,96,144,138,30,40,44
S01009385,512,54,28,26,458,44,52,109,126,11,43,73
S01009386,670,68,29,39,602,27,110,147,106,51,59,102
S01009387,604,64,26,38,540,69,74,110,112,46,25,104
S01009388,929,157,35,122,772,164,52,217,122,51,65,101
S01009389,902,186,64,122,716,24,152,138,178,10,73,141
S01009390,777,45,15,30,732,19,30,287,96,91,101,108
S01009391,695,41,4,37,654,22,20,308,140,40,45,79
S01009392,581,24,5,19,557,12,18,270,84,103,38,32
S01009393,686,46,19,27,640,29,62,159,120,31,69,170
S01009394,891,188,54,134,703,41,104,177,186,61,57,77
S01009395,677,73,51,22,604,21,146,94,152,45,41,105
S01009396,736,50,24,26,686,10,138,152,168,37,77,104
S01009397,703,113,45,68,590,24,94,114,154,35,55,114
S01009398,688,97,28,69,591,30,62,163,140,42,54,100
S01009399,705,84,45,39,621,10,104,136,148,52,37,134
S01009400,519,58,36,22,461,38,68,107,82,16,39,111
S01009401,681,57,35,22,624,15,158,130,90,36,56,139
S01009402,944,92,61,31,852,23,170,195,164,61,83,156
S01009403,539,38,15,23,501,26,40,172,98,15,53,97
S01009404,546,62,22,40,484,70,50,62,102,25,60,115
S01009405,401,28,13,15,373,2,70,80,54,31,52,84
S01009406,904,153,66,87,751,43,86,200,196,31,71,124
S01009407,502,61,23,38,441,25,80,105,118,15,45,53
S01009408,739,62,15,47,677,44,68,177,182,22,73,111
S01009409,665,95,53,42,570,41,116,120,114,35,41,103
S01009410,877,97,28,69,780,55,56,181,126,58,105,199
S01009411,875,108,44,64,767,44,74,163,148,83,116,139
S01009412,848,156,60,96,692,45,98,160,150,45,55,139
S01009413,988,161,74,87,827,26,112,185,176,41,85,202
S01009414,682,70,42,28,612,55,92,95,146,50,45,129
S01009415,791,163,58,105,628,48,74,114,140,26,115,111
S01009416,528,32,21,11,496,21,58,103,78,22,68,146
S01009417,304,14,1,13,290,12,20,134,62,6,10,46
S01009418,1078,189,88,101,889,42,132,198,200,30,77,210
S01009419,574,75,34,41,499,33,58,134,86,32,76,80
S01009420,632,66,21,45,566,66,42,116,88,49,105,100
S01009421,722,73,25,48,649,79,80,135,114,68,57,116
S01009422,810,106,48,58,704,43,124,168,156,36,59,118
S01009423,932,45,7,38,887,25,34,301,190,84,109,144
S01009424,551,75,33,42,476,9,68,132,124,5,59,79
S01009425,739,134,54,80,605,47,134,98,146,30,27,123
S01009426,776,183,84,99,593,87,96,106,150,27,35,92
S01009427,608,153,70,83,455,71,74,106,90,33,5,76
S01009428,588,51,19,32,537,85,54,133,86,31,55,93
S01009429,704,126,67,59,578,63,104,101,110,20,78,102
S01009430,737,120,67,53,617,79,64,124,114,26,55,155
S01009431,672,122,54,68,550,68,94,121,116,20,53,78
S01009432,809,85,31,54,724,93,68,132,98,70,93,170
S01009433,824,92,41,51,732,90,60,159,112,56,96,159
S01009434,543,83,33,50,460,57,72,75,80,32,43,101
S01009435,774,122,37,85,652,121,52,126,108,54,95,96
S01009436,701,81,32,49,620,66,58,130,136,74,62,94
S01009437,678,121,61,60,557,25,78,150,102,18,78,106
S01009438,872,157,77,80,715,56,106,134,144,47,96,132
S01009439,923,97,45,52,826,101,96,164,150,64,59,192
S01009440,638,137,56,81,501,53,110,130,92,20,25,71
S01009441,836,117,38,79,719,138,76,162,108,48,72,115
S01009442,563,41,11,30,522,22,42,170,108,41,59,80
S01009443,666,80,32,48,586,36,78,117,114,49,63,129
S01009444,846,46,24,22,800,21,70,178,152,67,129,183
S01009445,778,80,40,40,698,45,76,141,130,35,97,174
S01009446,878,231,97,134,647,108,72,131,140,41,42,113
S01009447,486,84,27,57,402,41,66,62,98,11,31,93
S01009448,808,78,35,43,730,44,68,166,184,56,66,146
S01009449,528,69,38,31,459,34,68,111,82,32,37,95
S01009450,596,127,39,88,469,98,46,113,96,30,12,74
S01009451,1014,127,51,76,887,110,74,197,160,86,105,155
S01009452,503,120,52,68,383,40,56,100,90,10,17,70
S01009453,981,202,78,124,779,91,96,160,174,12,63,183
S01009454,878,119,54,65,759,37,104,249,180,31,48,110
S01009455,847,118,57,61,729,12,146,127,174,74,77,119
S01009456,664,159,62,97,505,48,76,93,152,25,12,99
S01009457,587,59,26,33,528,17,102,124,130,39,48,68
S01009458,661,140,63,77,521,39,80,155,122,15,54,56
S01009459,865,223,86,137,642,47,80,173,148,52,48,94
S01009460,854,152,47,105,702,111,44,211,144,58,59,75
S01009461,576,19,3,16,557,18,20,216,126,61,59,57
S01009462,694,78,51,27,616,41,96,150,116,57,50,106
S01009463,667,86,45,41,581,49,126,113,118,31,27,117
S01009464,842,111,54,57,731,38,116,203,152,52,46,124
S01009465,609,92,47,45,517,33,80,114,76,46,68,100
S01009466,569,64,37,27,505,13,124,107,104,15,47,95
S01009467,770,76,40,36,694,35,128,185,140,20,63,123
S01009468,748,177,75,102,571,29,106,148,114,26,44,104
S01009469,791,151,73,78,640,47,104,116,170,41,53,109
S01009470,473,78,38,40,395,49,86,74,90,11,22,63
S01009471,659,250,133,117,409,32,86,69,112,26,14,70
S01009472,932,162,50,112,770,123,74,182,144,68,57,122
S01009473,902,203,52,151,699,88,72,164,164,52,67,92
S01009474,900,149,31,118,751,83,52,216,146,71,91,92
S01009475,585,41,14,27,544,34,52,141,122,48,81,66
S01009476,479,35,8,27,444,7,24,178,58,36,77,64
S01009477,701,169,74,95,532,39,56,132,120,31,57,97
S01009478,832,239,48,191,593,53,50,115,238,21,45,71
S01009479,777,194,66,128,583,22,84,136,190,22,31,98
S01009480,822,162,97,65,660,19,134,158,194,21,40,94
S01009481,895,242,63,179,653,55,96,132,172,31,39,128
S01009482,584,164,26,138,420,38,52,104,154,5,25,42
S01009483,724,204,31,173,520,50,52,117,174,35,43,49
S01009484,739,226,95,131,513,43,104,122,126,11,36,71
S01009485,786,133,74,59,653,52,108,114,110,31,110,128
S01009486,650,98,59,39,552,28,144,104,106,15,45,110
S01009487,789,134,64,70,655,55,140,151,122,26,42,119
S01009488,705,64,36,28,641,40,74,177,74,66,74,136
S01009489,775,165,55,110,610,77,110,125,116,43,54,85
S01009490,853,129,42,87,724,138,74,166,146,49,52,99
S01009491,677,120,64,56,557,53,118,105,110,36,30,105
S01009492,740,78,32,46,662,52,84,133,114,33,76,170
S01009493,821,88,70,18,733,5,192,153,152,40,51,140
S01009494,947,98,22,76,849,32,88,289,162,62,77,139
S01009495,871,89,29,60,782,24,90,185,208,40,94,141
S01009496,785,129,59,70,656,40,116,121,162,48,75,94
S01009497,955,105,41,64,850,59,144,235,202,15,68,127
S01009498,643,49,30,19,594,22,138,104,140,26,41,123
S01009499,796,104,44,60,692,48,114,117,162,47,72,132
S01009500,778,142,72,70,636,88,84,136,140,41,50,97
S01009501,654,122,62,60,532,49,82,104,106,20,76,95
S01009502,823,115,41,74,708,71,78,178,162,25,77,117
S01009503,729,114,57,57,615,68,76,143,132,35,54,107
S01009504,695,125,33,92,570,83,44,120,88,69,83,83
S01009505,817,108,29,79,709,167,58,159,100,61,64,100
S01009506,735,123,46,77,612,124,60,143,124,23,40,98
S01009507,889,76,28,48,813,58,78,230,144,76,125,102
S01009508,876,135,42,93,741,139,70,178,122,37,55,140
S01009509,1006,143,66,77,863,99,84,181,120,68,109,202
S01009510,700,75,47,28,625,23,112,106,130,30,60,164
S01009511,597,59,45,14,538,16,120,96,90,11,45,160
S01009512,771,57,34,23,714,30,110,202,138,31,46,157
S01009513,575,49,28,21,526,31,98,102,116,20,37,122
S01009514,706,46,16,30,660,20,102,160,148,37,47,146
S01009515,738,136,73,63,602,49,126,109,122,59,42,95
S01009516,839,131,83,48,708,23,160,164,162,42,44,113
S01009517,982,54,8,46,928,54,18,375,174,61,137,109
S01009518,936,44,2,42,892,33,10,398,152,88,82,129
S01009519,487,44,11,33,443,8,52,109,90,22,75,87
S01009520,837,70,17,53,767,48,66,181,152,64,89,167
S01009521,873,95,56,39,778,90,150,105,106,47,126,154
S01009522,1013,70,16,54,943,151,72,178,152,118,107,165
S01009523,581,92,46,46,489,47,56,104,86,10,83,103
S01009524,668,150,45,105,518,72,54,149,134,48,18,43
S01009525,532,95,35,60,437,56,72,56,76,21,43,113
S01009526,650,156,31,125,494,31,62,118,218,10,15,40
S01009527,639,216,71,145,423,18,58,73,168,25,22,59
S01009528,520,228,128,100,292,16,108,38,90,0,16,24
S01009529,535,84,38,46,451,3,86,85,90,31,53,103
S01009530,575,63,42,21,512,8,100,118,126,30,17,113
S01009531,795,208,95,113,587,68,90,145,134,26,37,87
S01009532,779,195,98,97,584,43,182,104,130,5,8,112
S01009533,783,223,72,151,560,81,54,125,174,38,24,64
S01009534,856,200,62,138,656,139,64,142,122,31,89,69
S01009535,629,136,27,109,493,87,18,128,70,37,53,100
S01009536,548,73,30,43,475,55,50,133,56,59,52,70
S01009537,539,124,46,78,415,50,86,67,86,25,53,48
S01009538,708,221,55,166,487,58,46,115,134,32,26,76
S01009539,865,107,62,45,758,45,122,137,198,31,74,151
S01009540,815,235,63,172,580,46,94,145,148,5,41,101
S01009541,725,87,29,58,638,42,100,137,150,30,57,122
S01009542,753,171,40,131,582,94,54,161,114,58,34,67
S01009543,523,115,56,59,408,8,96,60,116,10,32,86
S01009544,855,170,73,97,685,30,128,156,196,40,64,71
S01009545,789,92,48,44,697,70,110,144,132,27,72,142
S01009546,967,102,33,69,865,60,66,260,228,54,68,129
S01009547,744,98,32,66,646,110,72,96,156,30,60,122
S01009548,694,106,55,51,588,52,76,119,120,49,39,133
S01009549,778,101,43,58,677,44,88,136,164,47,67,131
S01009550,515,48,25,23,467,31,60,109,68,16,83,100
S01009551,533,65,26,39,468,44,68,134,78,27,44,73
S01009552,862,113,61,52,749,43,146,137,170,30,83,140
S01009553,852,162,55,107,690,81,98,177,154,12,75,93
S01009554,651,121,36,85,530,49,72,71,118,30,67,123
S01009555,735,142,53,89,593,47,92,117,136,20,64,117
S01009556,767,92,27,65,675,106,74,143,132,38,53,129
S01009557,675,94,27,67,581,56,60,148,136,63,42,76
S01009558,673,83,26,57,590,92,62,148,100,44,41,103
S01009559,857,124,40,84,733,71,74,187,124,45,79,153
S01009560,748,124,38,86,624,114,78,97,116,40,70,109
S01009561,536,106,36,70,430,71,56,98,66,30,31,78
S01009562,715,92,39,53,623,46,86,139,134,31,83,104
S01009563,793,132,67,65,661,45,142,168,120,59,38,89
S01009564,681,109,74,35,572,34,128,109,80,56,51,114
S01009565,588,77,18,59,511,40,68,123,60,53,74,93
S01009566,1070,110,46,64,960,96,86,216,166,103,123,170
S01009567,882,152,63,89,730,70,102,167,148,57,67,119
S01009568,736,112,51,61,624,67,90,147,102,41,83,94
S01009569,812,102,60,42,710,48,136,177,126,43,65,115
S01009570,559,68,35,33,491,42,70,102,98,27,66,86
S01009571,686,93,24,69,593,103,44,76,100,44,67,159
S01009572,1030,194,58,136,836,109,108,165,176,49,74,155
S01009573,743,109,38,71,634,84,78,114,120,40,95,103
S01009574,970,154,69,85,816,75,126,186,164,30,84,151
S01009575,523,73,38,35,450,34,58,94,92,26,62,84
S01009576,516,44,15,29,472,17,84,54,130,5,62,120
S01009577,660,30,11,19,630,13,60,145,166,5,84,157
S01009578,771,81,28,53,690,54,66,140,142,37,99,152
S01009579,1029,125,19,106,904,58,102,250,178,36,91,189
S01009580,970,52,15,37,918,26,76,307,162,61,102,184
S01009581,553,73,29,44,480,35,78,65,134,35,39,94
S01009582,533,81,42,39,452,58,52,127,78,41,22,74
S01009583,812,96,41,55,716,83,76,188,106,36,94,133
S01009584,537,52,29,23,485,23,102,66,76,76,44,98
S01009585,969,108,36,72,861,78,86,203,170,62,86,176
S01009586,647,112,56,56,535,24,120,121,106,21,51,92
S01009587,684,169,93,76,515,56,100,128,104,11,18,98
S01009588,977,128,68,60,849,68,126,203,154,35,66,197
S01009589,954,71,36,35,883,58,100,220,100,77,118,210
S01009590,718,43,19,24,675,5,104,192,94,50,109,121
S01009591,643,102,30,72,541,9,86,99,150,31,39,127
S01009592,554,47,29,18,507,7,136,99,118,10,24,113
S01009593,592,27,14,13,565,16,78,113,106,42,55,155
S01009594,675,49,15,34,626,5,62,154,146,56,84,119
S01009595,514,21,6,15,493,6,22,154,84,47,72,108
S01009596,783,112,24,88,671,92,66,116,154,30,57,156
S01009597,875,118,25,93,757,125,26,168,122,89,105,122
S01009598,664,125,27,98,539,63,48,89,88,69,81,101
S01009599,888,141,48,93,747,81,76,151,158,50,70,161
S01009600,634,160,69,91,474,92,54,87,72,27,45,97
S01009601,672,97,20,77,575,59,40,106,140,52,88,90
S01009602,770,39,16,23,731,11,50,190,190,71,96,123
S01009603,560,48,18,30,512,16,66,99,148,20,72,91
S01009604,857,108,54,54,749,42,96,178,156,50,67,160
S01009605,765,126,48,78,639,35,84,138,110,39,75,158
S01009606,545,44,10,34,501,14,38,159,122,57,28,83
S01009607,528,25,18,7,503,17,100,108,96,20,59,103
S01009608,606,114,62,52,492,41,50,162,100,16,49,74
S01009609,808,103,41,62,705,29,108,216,152,25,57,118
S01009610,982,196,80,116,786,59,154,198,190,21,65,99
S01009611,520,33,14,19,487,10,112,115,112,15,29,94
S01009612,597,91,40,51,506,39,74,135,84,5,34,135
S01009613,462,32,13,19,430,8,46,108,100,25,44,99
S01009614,506,60,33,27,446,11,84,88,90,16,61,96
S01009615,398,39,24,15,359,7,94,91,56,5,34,72
S01009616,725,92,37,55,633,49,70,127,154,36,54,143
S01009617,724,65,18,47,659,30,92,151,136,36,70,144
S01009618,682,110,41,69,572,66,70,146,174,0,45,71
S01009619,609,124,55,69,485,58,54,115,106,25,27,100
S01009620,797,157,86,71,640,62,86,134,134,41,56,127
S01009621,768,173,64,109,595,63,88,102,162,22,74,84
S01009622,729,195,51,144,534,88,44,127,136,45,20,74
S01009623,495,87,38,49,408,59,72,86,74,15,28,74
S01009624,876,137,69,68,739,55,112,146,170,45,74,137
S01009625,868,115,59,56,753,90,86,195,118,51,61,152
S01009626,601,55,25,30,546,80,66,90,44,47,96,123
S01009627,825,102,59,43,723,69,78,133,106,50,116,171
S01009628,495,112,86,26,383,21,132,47,66,5,28,84
S01009629,1082,95,40,55,987,104,112,248,158,71,126,168
S01009630,811,91,35,56,720,91,72,150,128,54,77,148
S01009631,677,236,56,180,441,57,62,51,138,32,42,59
S01009632,558,145,64,81,413,99,44,105,90,5,16,54
S01009633,755,79,23,56,676,113,58,101,96,84,121,103
S01009634,485,102,56,46,383,42,92,77,76,0,21,75
S01009635,842,157,48,109,685,52,96,177,174,20,71,95
S01009636,904,268,67,201,636,136,72,134,176,21,24,73
S01009637,705,134,42,92,571,69,62,105,122,15,97,101
S01009638,781,73,35,38,708,106,58,135,80,93,104,132
S01009639,755,86,56,30,669,15,120,130,134,52,78,140
S01009640,586,215,80,135,371,50,84,89,74,10,14,50
S01009641,770,271,129,142,499,70,90,96,162,5,14,62
S01009642,910,226,77,149,684,42,100,156,182,35,65,104
S01009643,584,29,3,26,555,31,44,226,94,41,34,85
S01009644,815,85,39,46,730,48,106,189,114,21,88,164
S01009645,649,106,55,51,543,57,74,128,102,16,45,121
S01009646,592,70,28,42,522,49,68,127,66,26,58,128
S01009647,562,158,54,104,404,71,70,76,92,10,22,63
S01009648,872,130,71,59,742,54,118,177,126,45,68,154
S01009649,1037,147,58,89,890,71,104,186,154,42,136,197
S01009650,755,88,67,21,667,6,178,110,140,25,51,157
S01009651,913,138,75,63,775,38,178,117,156,59,76,151
S01009652,760,166,110,56,594,29,164,88,148,16,62,87
S01009653,530,53,28,25,477,12,86,123,102,15,59,80
S01009654,583,107,58,49,476,23,84,139,80,18,66,66
S01009655,846,96,49,47,750,97,86,104,128,45,76,214
S01009656,728,180,95,85,548,61,118,100,112,44,23,90
S01009657,763,95,39,56,668,12,86,120,162,30,97,161
S01009658,738,46,21,25,692,69,56,155,168,59,69,116
S01009659,480,87,21,66,393,15,62,80,90,20,42,84
S01009660,1085,82,34,48,1003,101,100,223,196,82,121,180
S01009661,774,72,32,40,702,23,120,156,174,32,68,129
S01009662,708,63,31,32,645,27,96,165,132,10,85,130
S01009663,641,76,33,43,565,25,76,150,124,25,54,111
S01009664,889,103,44,59,786,25,128,179,152,61,95,146
S01009665,662,97,44,53,565,50,92,119,86,41,54,123
S01009666,758,108,59,49,650,30,122,137,132,31,60,138
S01009667,523,59,33,26,464,8,84,104,86,25,69,88
S01009668,586,56,20,36,530,25,70,165,108,36,47,79
S01009669,502,74,45,29,428,9,104,93,104,21,26,71
S01009670,777,99,51,48,678,30,84,159,140,37,66,162
S01009671,607,64,24,40,543,30,72,92,152,27,45,125
S01009672,807,117,49,68,690,39,94,192,122,45,61,137
S01009673,779,109,48,61,670,25,100,184,142,48,48,123
S01009674,875,111,51,60,764,45,138,152,178,43,75,133
S01009675,882,93,42,51,789,29,154,159,154,36,84,173
S01009676,833,114,60,54,719,41,102,171,128,72,81,124
S01009677,592,88,35,53,504,17,82,122,114,40,62,67
S01009678,591,81,48,33,510,34,102,83,106,30,34,121
S01009679,875,174,65,109,701,51,102,195,162,30,55,106
S01009680,817,108,51,57,709,54,98,178,118,35,64,162
S01009681,558,76,19,57,482,29,40,82,126,23,66,116
S01009682,624,79,39,40,545,28,98,132,126,41,58,62
S01009683,765,126,80,46,639,19,122,145,130,26,63,134
S01009684,1085,61,24,37,1024,35,100,281,172,105,117,214
S01009685,608,80,27,53,528,33,68,118,110,45,57,97
S01009686,1123,211,80,131,912,111,134,178,198,37,120,134
S01009687,723,71,38,33,652,30,84,201,116,47,78,96
S01009688,904,201,69,132,703,125,76,184,116,52,68,82
S01009689,605,174,63,111,431,30,42,110,112,16,49,72
S01009690,701,138,42,96,563,38,76,103,156,54,57,79
S01009691,611,64,50,14,547,31,96,126,118,32,54,90
S01009692,1034,145,86,59,889,18,232,177,194,49,83,136
S01009693,632,50,39,11,582,12,88,171,102,24,50,135
S01009694,962,135,89,46,827,24,220,174,182,33,61,133
S01009695,623,66,40,26,557,42,118,108,132,30,39,88
S01009696,945,151,89,62,794,32,152,224,160,42,62,122
S01009697,702,89,51,38,613,11,118,138,148,36,61,101
S01009698,564,49,9,40,515,10,82,95,104,38,47,139
S01009699,468,85,45,40,383,7,134,59,78,26,30,49
S01009700,649,93,45,48,556,21,124,86,112,46,59,108
S01009701,426,97,66,31,329,9,120,51,58,11,28,52
S01009702,631,60,24,36,571,32,98,106,116,48,62,109
S01009703,569,115,76,39,454,30,78,98,116,20,38,74
S01009704,917,148,75,73,769,49,172,167,154,25,68,134
S01009705,732,149,74,75,583,38,82,120,148,49,36,110
S01009706,625,123,64,59,502,27,76,127,84,51,42,95
S01009707,477,79,31,48,398,12,42,80,86,40,29,109
S01009708,573,68,31,37,505,10,110,135,114,25,40,71
S01009709,794,155,78,77,639,29,122,103,152,44,52,137
S01009710,567,82,31,51,485,37,54,129,86,38,62,79
S01009711,760,114,57,57,646,48,106,96,102,48,104,142
S01009712,593,95,36,59,498,25,90,103,98,26,56,100
S01009713,887,164,90,74,723,41,194,95,158,41,80,114
S01009714,915,164,99,65,751,34,210,135,154,15,98,105
S01009715,638,134,49,85,504,25,102,89,156,16,39,77
S01009716,726,93,64,29,633,6,166,109,118,10,52,172
S01009717,701,104,36,68,597,49,80,99,154,32,42,141
S01009718,731,85,48,37,646,58,78,130,164,7,41,168
S01009719,745,121,65,56,624,42,90,104,102,20,54,212
S01009720,797,137,90,47,660,29,100,103,166,11,51,200
S01009721,580,28,7,21,552,5,16,15,180,5,14,317
S01009722,831,147,56,91,684,3,66,22,200,6,22,365
S01009723,638,112,59,53,526,10,36,12,198,8,4,258
S01009724,959,192,89,103,767,51,70,95,302,16,39,194
S01009725,680,47,22,25,633,7,52,28,108,0,26,412
S01009726,557,47,10,37,510,2,40,10,118,10,31,299
S01009727,853,72,25,47,781,28,84,208,134,88,78,161
S01009728,727,94,57,37,633,27,112,114,148,20,38,174
S01009729,620,63,50,13,557,6,164,89,126,21,37,114
S01009730,522,69,30,39,453,30,52,88,126,21,5,131
S01009731,585,86,63,23,499,4,160,73,74,20,31,137
S01009732,798,87,44,43,711,15,106,63,172,10,48,297
S01009733,485,65,28,37,420,7,78,78,132,30,41,54
S01009734,875,113,56,57,762,42,118,184,156,43,60,159
S01009735,741,74,55,19,667,14,188,107,136,46,39,137
S01009736,710,123,91,32,587,0,52,16,176,27,14,302
S01009737,782,51,29,22,731,38,76,229,198,26,61,103
S01009738,420,76,24,52,344,21,46,62,132,7,20,56
S01009739,761,44,4,40,717,22,30,262,124,71,77,131
S01009740,541,68,29,39,473,63,76,77,84,16,53,104
S01009741,583,15,4,11,568,16,12,258,26,161,45,50
S01009742,495,44,15,29,451,9,78,91,96,27,48,102
S01009743,946,111,64,47,835,43,188,162,170,63,76,133
S01009744,698,80,34,46,618,19,106,108,152,46,63,124
S01009745,1078,106,57,49,972,36,158,328,182,36,87,145
S01009746,557,58,15,43,499,16,68,97,128,43,57,90
S01009747,656,150,57,93,506,37,66,112,148,36,24,83
S01009748,703,61,30,31,642,18,104,163,164,30,53,110
S01009749,954,126,65,61,828,21,144,192,168,32,81,190
S01009750,679,109,54,55,570,45,80,137,108,21,76,103
S01009751,778,123,46,77,655,58,74,127,158,42,67,129
S01009752,596,71,39,32,525,18,98,125,110,35,49,90
S01009753,694,130,99,31,564,10,106,160,118,31,60,79
S01009754,804,138,58,80,666,43,108,137,164,48,57,109
S01009755,660,76,37,39,584,31,68,147,124,35,75,104
S01009756,740,80,38,42,660,22,128,154,130,22,72,132
S01009757,665,48,23,25,617,13,120,143,130,58,60,93
S01009758,547,82,10,72,465,29,44,82,100,16,84,110
S01009759,927,145,22,123,782,192,34,209,106,48,75,118
S01009760,893,138,46,92,755,165,90,120,118,42,114,106
S01009761,910,106,27,79,804,54,84,107,162,69,152,176
S01009762,921,155,45,110,766,98,22,226,138,20,103,159
S01009763,772,52,10,42,720,29,40,178,84,63,176,150
S01009764,674,109,24,85,565,68,18,182,80,56,86,75
S01009765,970,118,54,64,852,90,44,243,108,90,120,157
S01009766,563,57,17,40,506,40,24,131,100,10,90,111
S01009767,509,86,31,55,423,46,36,70,64,16,65,126
S01009768,610,96,16,80,514,82,10,175,104,21,51,71
S01009769,606,59,4,55,547,46,8,176,144,38,55,80
S01009770,711,47,12,35,664,31,54,135,106,42,159,137
S01009771,888,52,19,33,836,22,30,207,108,83,216,170
S01009772,635,87,21,66,548,48,34,155,100,21,93,97
S01009773,629,13,1,12,616,10,4,223,68,94,129,88
S01009774,563,6,1,5,557,22,2,208,36,98,126,65
S01009775,797,135,60,75,662,57,72,101,100,16,135,181
S01009776,659,112,25,87,547,205,28,96,72,25,34,87
S01009777,482,137,32,105,345,88,18,82,72,15,16,54
S01009778,822,183,90,93,639,51,130,94,110,31,74,149
S01009779,551,133,85,48,418,88,48,68,88,25,37,64
S01009780,608,45,9,36,563,112,14,74,78,31,151,103
S01009781,548,61,30,31,487,77,54,72,54,32,71,127
S01009782,556,32,3,29,524,79,10,162,70,36,92,75
S01009783,741,87,24,63,654,98,42,173,110,32,78,121
S01009784,749,102,34,68,647,96,50,110,68,41,111,171
S01009785,801,101,40,61,700,78,76,102,112,36,116,180
S01009786,925,176,60,116,749,155,58,104,90,78,120,144
S01009787,867,110,54,56,757,90,102,82,114,36,186,147
S01009788,832,166,104,62,666,72,124,91,98,20,103,158
S01009789,896,138,79,59,758,67,96,109,124,44,118,200
S01009790,629,80,41,39,549,57,68,44,62,26,120,172
S01009791,661,90,41,49,571,83,62,115,82,0,96,133
S01009792,958,55,0,55,903,37,24,228,142,77,223,172
S01009793,885,151,64,87,734,36,102,151,176,22,86,161
S01009794,516,41,10,31,475,6,12,207,100,25,45,80
S01009795,842,42,12,30,800,26,26,221,128,69,133,197
S01009796,768,88,55,33,680,12,70,181,130,48,94,145
S01009797,776,75,28,47,701,35,74,168,112,38,101,173
S01009798,722,43,18,25,679,24,26,212,102,42,126,147
S01009799,834,139,66,73,695,97,52,138,82,32,134,160
S01009800,1107,92,34,58,1015,140,82,199,150,53,178,213
S01009801,894,93,41,52,801,92,68,106,98,47,188,202
S01009802,1022,133,40,93,889,135,60,179,156,64,154,141
S01009803,801,157,92,65,644,93,42,118,110,40,103,138
S01009804,385,90,12,78,295,28,16,94,112,0,13,32
S01009805,956,104,45,59,852,112,68,133,110,40,185,204
S01009806,828,229,112,117,599,36,96,124,122,47,50,124
S01009807,1008,173,67,106,835,111,72,227,144,36,95,150
S01009808,889,189,27,162,700,170,40,184,94,25,91,96
S01009809,685,137,49,88,548,85,52,123,128,5,45,110
S01009810,855,226,85,141,629,153,70,110,104,45,55,92
S01009811,1048,221,96,125,827,98,128,123,160,16,108,194
S01009812,744,164,75,89,580,72,98,100,112,15,64,119
S01009813,769,164,77,87,605,86,32,54,62,130,116,125
S01009814,840,132,63,69,708,67,90,123,66,39,102,221
S01009815,710,140,55,85,570,75,46,93,132,33,71,120
S01009816,705,110,36,74,595,58,56,124,140,21,93,103
S01009817,690,158,84,74,532,58,70,106,86,5,69,138
S01009818,926,130,83,47,796,16,216,75,114,10,98,267
S01009819,619,134,66,68,485,33,98,91,82,25,48,108
S01009820,958,186,100,86,772,64,100,140,112,53,115,188
S01009821,662,63,43,20,599,48,56,128,72,31,90,174
S01009822,479,48,22,26,431,64,36,107,70,35,40,79
S01009823,680,112,49,63,568,80,54,107,74,33,45,175
S01009824,893,103,51,52,790,114,80,158,108,91,128,111
S01009825,1006,169,66,103,837,86,68,184,142,40,148,169
S01009826,582,61,29,32,521,58,58,76,70,32,108,119
S01009827,854,131,60,71,723,73,80,104,92,67,110,197
S01009828,767,195,103,92,572,70,74,96,86,13,83,150
S01009829,967,239,74,165,728,119,72,164,186,40,52,95
S01009830,770,87,32,55,683,89,78,157,112,20,82,145
S01009831,779,77,33,44,702,115,44,159,102,25,106,151
S01009832,1003,189,95,94,814,79,98,189,142,46,79,181
S01009833,525,78,21,57,447,33,24,91,128,32,47,92
S01009834,841,128,23,105,713,125,20,199,136,47,82,104
S01009835,526,106,42,64,420,108,40,58,50,20,42,102
S01009836,951,128,58,70,823,52,102,170,138,36,86,239
S01009837,652,187,99,88,465,49,78,86,110,15,30,97
S01009838,757,233,85,148,524,103,64,99,118,0,72,68
S01009839,974,385,52,333,589,172,20,117,160,5,26,89
S01009840,965,205,103,102,760,54,140,85,128,30,110,213
S01009841,759,276,40,236,483,96,28,124,120,20,16,79
S01009842,662,155,15,140,507,99,16,141,104,21,50,76
S01009843,640,153,43,110,487,56,38,100,78,73,62,80
S01009844,573,247,72,175,326,74,8,41,72,34,54,43
S01009845,744,252,19,233,492,119,4,99,148,17,38,67
S01009846,862,219,46,173,643,122,38,134,180,15,34,120
S01009847,582,150,26,124,432,139,18,105,108,0,18,44
S01009848,866,133,55,78,733,50,84,99,138,30,131,201
S01009849,734,239,114,125,495,48,124,79,130,5,46,63
S01009850,879,236,95,141,643,48,128,111,134,24,57,141
S01009851,824,243,130,113,581,38,122,95,142,21,41,122
S01009852,599,97,63,34,502,32,76,93,54,36,82,129
S01009853,876,165,89,76,711,86,86,161,122,38,73,145
S01009854,896,149,56,93,747,90,42,203,128,64,80,140
S01009855,572,87,43,44,485,24,50,73,80,21,69,168
S01009856,635,139,80,59,496,46,64,55,92,17,80,142
S01009857,907,109,74,35,798,48,100,195,118,63,80,194
S01009858,746,118,72,46,628,53,66,125,122,15,84,163
S01009859,1038,323,90,233,715,95,100,99,142,51,75,153
S01009860,920,263,109,154,657,76,98,89,154,16,92,132
S01009861,1024,257,47,210,767,127,60,146,170,47,118,99
S01009862,1007,365,52,313,642,101,28,142,204,25,60,82
S01009863,790,255,37,218,535,86,24,90,176,20,48,91
S01009864,594,157,31,126,437,37,12,46,182,26,71,63
S01009865,448,135,24,111,313,14,14,44,102,27,36,76
S01009866,882,198,63,135,684,44,68,100,212,26,71,163
S01009867,994,313,59,254,681,38,64,73,326,15,23,142
S01009868,644,116,13,103,528,18,18,77,204,51,49,111
S01009869,530,121,14,107,409,26,14,79,132,16,39,103
S01009870,599,111,22,89,488,41,20,78,138,32,88,91
S01009871,984,362,124,238,622,41,112,125,138,46,75,85
S01009872,724,174,18,156,550,15,44,94,174,66,95,62
S01009873,913,219,104,115,694,10,82,133,144,41,133,151
S01009874,1044,211,78,133,833,94,94,165,148,40,110,182
S01009875,707,128,21,107,579,80,12,115,140,86,96,50
S01009876,729,139,17,122,590,119,24,137,56,76,75,103
S01009877,876,132,62,70,744,12,64,140,136,11,194,187
S01009878,705,85,14,71,620,16,30,88,80,70,208,128
S01009879,892,77,23,54,815,11,84,155,140,79,157,189
S01009880,788,72,20,52,716,18,50,117,56,107,204,164
S01009881,528,55,5,50,473,30,10,37,80,72,135,109
S01009882,1089,292,16,276,797,84,14,143,388,56,34,78
S01009883,824,65,9,56,759,51,12,114,138,131,168,145
S01009884,815,96,19,77,719,14,6,133,178,73,203,112
S01009885,870,42,11,31,828,48,14,121,96,80,311,158
S01009886,813,103,46,57,710,23,28,72,76,69,270,172
S01009887,976,274,36,238,702,52,24,143,142,113,104,124
S01009888,719,112,17,95,607,35,12,110,96,100,168,86
S01009889,805,169,41,128,636,65,38,81,138,59,143,112
S01009890,535,143,18,125,392,61,16,104,100,25,53,33
S01009891,733,254,58,196,479,35,62,98,132,46,19,87
S01009892,781,273,41,232,508,35,62,113,164,20,32,82
S01009893,837,229,28,201,608,39,30,109,150,79,138,63
S01009894,823,261,71,190,562,95,64,97,160,42,28,76
S01009895,717,248,36,212,469,30,38,103,102,30,57,109
S01009896,959,224,58,166,735,106,52,113,152,71,124,117
S01009897,940,244,82,162,696,38,104,105,172,80,60,137
S01009898,611,86,35,51,525,48,70,86,64,96,46,115
S01009899,776,255,60,195,521,35,30,105,238,42,24,47
S01009900,829,254,19,235,575,43,36,125,304,20,5,42
S01009901,864,199,28,171,665,45,22,182,288,5,39,84
S01009902,908,265,133,132,643,32,108,105,128,44,73,153
S01009903,813,80,7,73,733,14,22,97,126,58,261,155
S01009904,784,245,85,160,539,34,38,97,236,15,46,73
S01009905,749,181,26,155,568,34,10,118,158,60,59,129
S01009906,667,137,11,126,530,33,30,104,186,49,43,85
S01009907,779,451,36,415,328,38,8,58,174,10,4,36
S01009908,1027,198,23,175,829,30,44,184,266,91,78,136
S01009909,821,241,29,212,580,29,24,111,276,12,42,86
S01009910,532,128,12,116,404,29,8,69,160,38,30,70
S01009911,945,142,37,105,803,29,58,238,202,31,97,148
S01009912,873,137,73,64,736,21,76,153,128,36,184,138
S01009913,719,45,8,37,674,21,36,63,90,27,237,200
S01009914,978,133,60,73,845,12,126,168,164,58,154,163
S01009915,861,161,55,106,700,25,82,109,174,32,105,173
S01009916,985,69,35,34,916,6,76,144,98,85,283,224
S01009917,709,133,49,84,576,10,42,153,164,22,102,83
S01009918,709,64,24,40,645,15,68,117,158,51,120,116
S01009919,1099,264,90,174,835,73,104,134,270,67,38,149
S01009920,831,265,43,222,566,34,42,64,356,5,9,56
S01009921,627,221,29,192,406,16,20,44,252,11,4,59
S01009922,1016,335,47,288,681,16,38,127,368,11,47,74
S01009923,855,381,87,294,474,33,38,48,200,20,44,91
S01009924,1007,311,57,254,696,62,38,91,298,25,80,102
S01009925,658,222,21,201,436,29,10,57,274,20,21,25
S01009926,773,150,46,104,623,22,42,105,220,38,88,108
S01009927,511,135,49,86,376,25,44,96,110,16,17,68
S01009928,797,204,32,172,593,12,34,152,226,30,24,115
S01009929,499,80,37,43,419,7,58,128,110,16,26,74
S01009930,850,203,36,167,647,18,42,142,294,26,33,92
S01009931,751,244,27,217,507,24,22,70,316,22,11,42
S01009932,619,183,43,140,436,18,30,71,260,6,5,46
S01009933,909,306,58,248,603,101,40,148,178,26,28,82
S01009934,924,165,53,112,759,42,56,212,210,59,66,114
S01009935,544,274,119,155,270,41,58,25,78,5,17,46
S01009936,627,262,75,187,365,25,22,69,146,15,57,31
S01009937,531,139,68,71,392,90,40,87,40,32,42,61
S01009938,938,344,171,173,594,77,104,96,138,21,69,89
S01009939,901,314,36,278,587,179,18,139,106,53,50,42
S01009940,837,203,67,136,634,150,62,117,114,16,43,132
S01009941,1033,45,12,33,988,43,32,232,100,122,214,245
S01009942,1022,211,74,137,811,93,82,152,126,41,146,171
S01009943,841,172,65,107,669,153,86,140,114,15,34,127
S01009944,799,121,53,68,678,70,74,120,80,20,135,179
S01009945,963,229,95,134,734,146,70,152,140,15,54,157
S01009946,815,110,48,62,705,71,76,131,112,21,119,175
S01009947,567,103,47,56,464,40,62,70,86,47,53,106
S01009948,812,224,91,133,588,101,66,103,102,35,46,135
S01009949,821,137,65,72,684,76,84,142,78,41,69,194
S01009950,727,45,29,16,682,6,80,157,92,33,123,191
S01009951,769,40,18,22,729,6,74,136,96,65,164,188
S01009952,733,97,70,27,636,29,66,161,114,42,83,141
S01009953,889,96,35,61,793,24,116,188,120,45,121,179
S01009954,632,47,20,27,585,8,42,106,76,46,160,147
S01009955,948,199,82,117,749,41,92,166,120,43,125,162
S01009956,750,110,52,58,640,71,66,95,98,26,114,170
S01009957,760,68,33,35,692,13,80,194,106,62,70,167
S01009958,915,79,28,51,836,24,94,239,184,41,84,170
S01009959,657,100,58,42,557,17,92,101,96,26,79,146
S01009960,902,155,121,34,747,25,82,158,112,47,89,234
S01009961,674,99,56,43,575,29,80,111,92,20,51,192
S01009962,991,332,70,262,659,68,82,120,230,10,34,115
S01009963,802,64,38,26,738,10,84,149,108,50,124,213
S01009964,925,79,24,55,846,19,64,212,142,45,153,211
S01009965,718,82,55,27,636,12,100,117,108,36,92,171
S01009966,776,46,24,22,730,19,90,161,116,48,73,223
S01009967,801,148,54,94,653,16,106,122,148,31,74,156
S01009968,608,50,34,16,558,22,66,74,74,30,82,210
S01009969,857,117,65,52,740,27,120,185,106,42,114,146
S01009970,946,222,89,133,724,176,68,114,96,52,77,141
S01009971,1093,167,45,122,926,145,68,209,174,36,104,190
S01009972,814,124,63,61,690,88,74,160,128,38,63,139
S01009973,725,58,13,45,667,62,32,197,114,26,80,156
S01009974,615,110,39,71,505,137,34,98,94,20,44,78
S01009975,800,191,78,113,609,138,60,86,86,31,81,127
S01009976,490,120,29,91,370,88,20,84,62,10,61,45
S01009977,926,337,113,224,589,93,94,64,128,5,74,131
S01009978,1019,156,27,129,863,147,36,202,136,57,130,155
S01009979,481,127,43,84,354,64,40,49,74,5,18,104
S01009980,567,84,35,49,483,78,38,59,80,15,77,136
S01009981,694,117,43,74,577,90,32,124,74,61,72,124
S01009982,1030,119,23,96,911,185,38,210,138,52,111,177
S01009983,579,138,16,122,441,127,16,101,58,16,75,48
S01009984,750,143,27,116,607,110,18,199,100,15,64,101
S01009985,611,107,10,97,504,90,28,96,72,39,82,97
S01009986,552,115,32,83,437,102,54,52,84,15,56,74
S01009987,880,240,136,104,640,74,96,109,116,22,93,130
S01009988,497,120,59,61,377,45,68,44,98,0,24,98
S01009989,803,112,46,66,691,76,74,134,134,25,76,172
S01009990,673,87,19,68,586,89,56,115,128,5,59,134
S01009991,800,95,20,75,705,128,38,148,106,10,91,184
S01009992,695,126,59,67,569,99,78,71,88,21,64,148
S01009993,826,90,26,64,736,76,54,187,156,41,67,155
S01009994,725,88,22,66,637,131,34,177,106,20,62,107
S01009995,653,59,19,40,594,72,36,134,136,7,52,157
S01009996,744,81,37,44,663,123,26,159,128,26,47,154
S01009997,575,75,24,51,500,35,42,118,120,21,81,83
S01009998,634,63,43,20,571,8,88,85,82,47,113,148
S01009999,733,63,35,28,670,43,98,131,82,36,112,168
S01010000,616,76,13,63,540,66,38,126,130,43,22,115
S01010001,798,88,45,43,710,82,42,200,142,31,86,127
S01010002,779,96,37,59,683,86,50,135,154,5,79,174
S01010003,712,63,22,41,649,46,74,144,112,31,95,147
S01010004,730,62,39,23,668,5,96,105,90,46,118,208
S01010005,748,321,52,269,427,41,48,42,158,20,28,90
S01010006,874,384,81,303,490,37,60,62,214,16,19,82
S01010007,959,162,51,111,797,17,86,226,144,37,80,207
S01010008,618,265,39,226,353,28,18,81,158,0,10,58
S01010009,555,310,26,284,245,15,16,42,142,0,11,19
S01010010,1043,152,48,104,891,37,136,187,154,63,122,192
S01010011,730,387,120,267,343,25,74,32,170,0,5,37
S01010012,843,101,53,48,742,52,90,131,116,67,107,179
S01010013,781,249,45,204,532,30,58,84,196,25,55,84
S01010014,1003,254,57,197,749,16,56,167,242,42,89,137
S01010015,790,149,22,127,641,38,16,109,286,20,67,105
S01010016,723,130,80,50,593,33,80,120,72,12,112,164
S01010017,748,125,58,67,623,104,74,73,102,20,114,136
S01010018,945,268,111,157,677,82,100,160,164,15,74,82
S01010019,725,215,70,145,510,149,60,71,94,5,54,77
S01010020,742,144,65,79,598,52,94,74,72,30,117,159
S01010021,806,206,45,161,600,119,26,92,72,61,101,129
S01010022,956,202,56,146,754,112,60,155,152,49,58,168
S01010023,640,227,119,108,413,98,68,64,86,22,16,59
S01010024,718,215,56,159,503,83,32,73,154,25,40,96
S01010025,534,182,34,148,352,47,38,75,88,30,12,62
S01010026,876,241,35,206,635,97,34,118,212,10,32,132
S01010027,904,239,65,174,665,88,32,101,212,26,89,117
S01010028,639,204,82,122,435,64,64,91,152,20,18,26
S01010029,668,228,107,121,440,86,94,69,76,0,38,77
S01010030,815,190,42,148,625,64,30,118,242,0,58,113
S01010031,692,214,7,207,478,16,14,38,288,5,0,117
S01010032,518,136,3,133,382,12,2,59,240,0,19,50
S01010033,905,279,54,225,626,55,34,130,194,91,29,93
S01010034,852,265,104,161,587,103,108,80,152,26,19,99
S01010035,686,228,42,186,458,79,28,91,142,21,44,53
S01010036,796,150,0,150,646,12,0,36,392,10,11,185
S01010037,642,201,94,107,441,61,92,62,94,10,44,78
S01010038,990,286,93,193,704,111,72,99,244,5,48,125
S01010039,945,287,11,276,658,15,18,64,504,0,5,52
S01010040,725,199,24,175,526,56,18,54,262,10,44,82
S01010041,649,289,28,261,360,21,22,19,234,0,7,57
S01010042,1095,284,25,259,811,75,30,149,390,25,31,111
S01010043,770,251,57,194,519,92,34,129,148,0,32,84
S01010044,1100,349,91,258,751,106,78,174,246,10,26,111
S01010045,550,114,60,54,436,109,30,69,64,11,64,89
S01010046,747,224,57,167,523,88,68,70,162,0,57,78
S01010047,828,265,97,168,563,114,74,60,104,37,56,118
S01010048,950,308,96,212,642,104,74,137,138,25,48,116
S01010049,807,184,59,125,623,158,32,127,92,62,53,99
S01010050,979,268,79,189,711,191,66,98,174,32,30,120
S01010051,699,257,105,152,442,108,48,47,116,10,31,82
S01010052,627,219,36,183,408,70,36,82,96,23,16,85
S01010053,859,134,33,101,725,87,58,109,148,44,108,171
S01010054,573,76,19,57,497,136,22,84,78,40,60,77
S01010055,948,194,56,138,754,86,54,142,168,31,125,148
S01010056,451,95,20,75,356,69,18,47,60,10,69,83
S01010057,407,103,33,70,304,61,36,67,48,5,32,55
S01010058,781,121,22,99,660,136,40,121,140,16,63,144
S01010059,604,209,35,174,395,65,30,81,146,0,14,59
S01010060,901,259,55,204,642,99,58,114,142,27,63,139
S01010061,510,96,25,71,414,63,20,107,126,0,46,52
S01010062,750,112,38,74,638,104,92,122,92,44,58,126
S01010063,925,303,74,229,622,121,44,94,182,15,47,119
S01010064,544,107,41,66,437,88,22,96,90,16,22,103
S01010065,839,182,65,117,657,102,82,96,96,11,70,200
S01010066,753,118,39,79,635,89,62,148,90,0,128,118
S01010067,608,122,49,73,486,113,14,97,106,34,49,73
S01010068,641,169,59,110,472,66,32,94,136,40,39,65
S01010069,829,93,30,63,736,56,56,135,122,26,110,231
S01010070,665,34,8,26,631,35,38,115,86,5,129,223
S01010071,793,137,75,62,656,62,96,110,116,31,89,152
S01010072,796,135,58,77,661,33,106,145,102,10,62,203
S01010073,780,105,71,34,675,29,136,140,96,20,73,181
S01010074,711,91,34,57,620,23,126,87,84,0,103,197
S01010075,624,105,62,43,519,39,118,102,96,16,23,125
S01010076,686,62,24,38,624,69,78,106,88,41,88,154
S01010077,614,127,50,77,487,81,64,65,104,11,56,106
S01010078,631,37,18,19,594,7,54,132,102,47,105,147
S01010079,923,57,36,21,866,6,142,140,130,36,145,267
S01010080,651,79,54,25,572,0,120,131,86,10,52,173
S01010081,701,84,48,36,617,14,140,94,84,6,102,177
S01010082,854,146,69,77,708,73,78,123,168,10,61,195
S01010083,716,152,77,75,564,47,80,107,90,15,84,141
S01010084,878,187,74,113,691,78,110,110,136,10,102,145
S01010085,760,77,40,37,683,9,116,140,82,21,87,228
S01010086,915,142,76,66,773,79,112,118,122,25,96,221
S01010087,573,59,42,17,514,10,118,96,78,5,59,148
S01010088,821,48,2,46,773,41,18,271,150,66,112,115
S01010089,683,184,77,107,499,30,70,72,104,10,58,155
S01010090,1054,128,46,82,926,82,54,213,158,45,152,222
S01010091,866,75,12,63,791,55,40,240,162,46,106,142
S01010092,958,158,70,88,800,103,144,121,116,10,128,178
S01010093,869,119,38,81,750,61,78,165,152,12,96,186
S01010094,687,91,62,29,596,44,84,120,76,27,88,157
S01010095,696,61,37,24,635,31,106,112,88,15,95,188
S01010096,752,64,33,31,688,29,56,181,106,15,135,166
S01010097,731,63,43,20,668,52,82,120,92,26,120,176
S01010098,727,54,36,18,673,24,86,151,84,25,118,185
S01010099,699,77,44,33,622,16,98,127,66,31,87,197
S01010100,886,104,58,46,782,36,134,110,146,53,78,225
S01010101,719,75,44,31,644,45,78,102,108,5,84,222
S01010102,939,45,10,35,894,40,30,219,124,40,180,261
S01010103,974,67,19,48,907,41,30,270,130,35,152,249
S01010104,755,51,11,40,704,70,10,182,90,62,151,139
S01010105,406,45,6,39,361,69,10,58,56,20,46,102
S01010106,442,92,35,57,350,76,48,68,38,6,25,89
S01010107,793,177,41,136,616,134,42,115,126,20,26,153
S01010108,733,172,66,106,561,58,54,97,146,26,51,129
S01010109,731,97,13,84,634,120,22,86,170,21,81,134
S01010110,805,193,82,111,612,100,82,115,132,5,59,119
S01010111,986,171,51,120,815,173,58,160,112,36,92,184
S01010112,949,140,28,112,809,162,48,154,114,36,123,172
S01010113,551,81,14,67,470,135,34,80,62,37,52,70
S01010114,777,145,41,104,632,106,50,110,120,58,60,128
S01010115,632,47,8,39,585,63,16,127,72,29,135,143
S01010116,1020,70,7,63,950,120,32,243,204,21,135,195
S01010117,653,60,10,50,593,53,18,217,122,15,62,106
S01010118,678,96,31,65,582,137,20,95,70,53,124,83
S01010119,543,50,13,37,493,100,14,109,88,25,81,76
S01010120,1045,144,35,109,901,214,42,159,130,40,151,165
S01010121,675,138,46,92,537,107,32,106,82,20,94,96
S01010122,425,86,26,60,339,51,18,34,58,41,47,90
S01010123,733,92,23,69,641,122,36,135,62,47,115,124
S01010124,646,100,13,87,546,91,20,140,110,21,62,102
S01010125,548,80,12,68,468,100,14,113,90,41,51,59
S01010126,730,90,30,60,640,61,36,197,114,6,52,174
S01010127,620,116,48,68,504,51,86,75,84,35,35,138
S01010128,492,72,13,59,420,119,16,117,58,19,45,46
S01010129,719,148,29,119,571,131,42,116,100,32,71,79
S01010130,416,79,46,33,337,50,54,69,62,10,37,55
S01010131,908,103,56,47,805,29,96,138,154,35,130,223
S01010132,969,215,98,117,754,121,112,121,140,28,78,154
S01010133,713,192,73,119,521,68,98,69,86,27,60,113
S01010134,995,274,125,149,721,130,120,128,150,15,65,113
S01010135,768,145,77,68,623,87,110,82,94,22,78,150
S01010136,809,124,48,76,685,59,110,83,118,52,109,154
S01010137,967,329,180,149,638,106,136,110,118,0,38,130
S01010138,941,472,128,344,469,108,62,81,114,0,18,86
S01010139,1024,273,115,158,751,78,122,133,136,10,84,188
S01010140,753,171,21,150,582,110,18,187,130,10,27,100
S01010141,807,224,68,156,583,140,74,113,102,5,45,104
S01010142,572,121,32,89,451,68,28,92,100,0,38,125
S01010143,739,182,106,76,557,72,98,108,86,15,50,128
S01010144,700,175,25,150,525,109,30,109,150,15,15,97
S01010145,778,175,74,101,603,78,56,133,144,15,64,113
S01010146,765,212,37,175,553,95,30,121,106,15,79,107
S01010147,953,250,44,206,703,200,38,120,92,10,93,150
S01010148,784,135,29,106,649,132,58,118,84,51,74,132
S01010149,499,77,17,60,422,54,20,93,122,31,50,52
S01010150,604,148,70,78,456,66,104,53,84,0,37,112
S01010151,625,153,90,63,472,41,136,50,50,20,56,119
S01010152,851,163,90,73,688,69,134,94,142,25,66,158
S01010153,908,244,138,106,664,71,134,119,96,5,72,167
S01010154,832,184,107,77,648,60,160,112,112,7,46,151
S01010155,700,169,115,54,531,34,92,64,100,25,63,153
S01010156,565,129,81,48,436,47,62,69,60,15,45,138
S01010157,569,101,48,53,468,39,60,63,90,31,65,120
S01010158,913,188,94,94,725,65,136,148,140,15,59,162
S01010159,723,144,72,72,579,57,134,81,68,26,76,137
S01010160,605,154,26,128,451,63,4,133,110,50,26,65
S01010161,636,73,20,53,563,79,26,126,84,41,99,108
S01010162,769,130,37,93,639,193,34,148,96,20,69,79
S01010163,597,56,17,39,541,85,46,112,74,25,71,128
S01010164,749,70,29,41,679,70,50,146,72,61,69,211
S01010165,627,84,18,66,543,134,58,74,76,5,69,127
S01010166,714,150,57,93,564,55,64,111,84,23,62,165
S01010167,792,250,89,161,542,106,124,77,116,0,17,102
S01010168,506,77,28,49,429,77,38,106,90,15,34,69
S01010169,842,109,25,84,733,168,34,164,156,55,59,97
S01010170,533,112,21,91,421,111,42,48,86,5,24,105
S01010171,1038,207,78,129,831,180,54,151,106,47,182,111
S01010172,696,316,146,170,380,86,92,59,92,0,10,41
S01010173,764,111,68,43,653,36,106,120,82,29,95,185
S01010174,583,88,55,33,495,22,54,72,76,49,78,144
S01010175,480,80,36,44,400,54,42,68,68,37,38,93
S01010176,705,181,91,90,524,63,82,114,90,26,47,102
S01010177,776,88,36,52,688,155,48,97,108,58,92,130
S01010178,1033,112,37,75,921,178,58,144,86,91,189,175
S01010179,837,133,45,88,704,100,72,137,138,10,90,157
S01010180,560,36,9,27,524,98,16,155,100,37,46,72
S01010181,631,88,41,47,543,106,62,88,70,15,85,117
S01010182,667,93,24,69,574,34,62,73,170,31,70,134
S01010183,463,89,43,46,374,65,68,65,66,0,28,82
S01010184,624,108,47,61,516,81,44,95,66,7,78,145
S01010185,633,92,30,62,541,99,68,125,60,39,48,102
S01010186,647,49,14,35,598,39,42,138,106,32,73,168
S01010187,635,101,16,85,534,34,50,119,120,0,66,145
S01010188,681,98,22,76,583,36,54,138,132,15,58,150
S01010189,976,54,6,48,922,29,20,334,138,58,141,202
S01010190,740,25,1,24,715,27,12,238,136,31,75,196
S01010191,736,54,13,41,682,69,16,229,104,41,119,104
S01010192,869,41,4,37,828,48,6,341,102,65,98,168
S01010193,739,115,48,67,624,36,50,169,102,21,75,171
S01010194,628,91,58,33,537,26,96,53,46,17,102,197
S01010195,531,69,40,29,462,20,36,111,44,21,92,138
S01010196,690,71,41,30,619,53,54,49,84,25,108,246
S01010197,660,63,31,32,597,55,80,88,68,15,105,186
S01010198,949,118,68,50,831,69,104,146,106,57,123,226
S01010199,521,71,30,41,450,89,50,81,66,5,59,100
S01010200,690,112,77,35,578,43,98,91,58,17,100,171
S01010201,643,66,29,37,577,51,82,130,46,26,101,141
S01010202,783,143,21,122,640,212,18,209,78,20,56,47
S01010203,671,49,8,41,622,57,44,184,114,33,76,114
S01010204,800,154,47,107,646,131,54,91,124,32,102,112
S01010205,658,170,52,118,488,62,56,62,136,21,53,98
S01010206,497,104,5,99,393,173,0,137,38,5,8,32
S01010207,778,113,18,95,665,185,34,61,38,138,150,59
S01010208,903,343,74,269,560,78,48,116,186,15,26,91
S01010209,880,226,81,145,654,123,74,87,144,22,69,135
S01010210,885,158,86,72,727,54,116,109,126,25,130,167
S01010211,858,217,98,119,641,114,98,105,92,26,90,116
S01010212,1030,290,81,209,740,169,58,153,130,26,92,112
S01010213,924,202,108,94,722,77,140,134,134,31,52,154
S01010214,967,102,52,50,865,60,126,161,122,21,162,213
S01010215,842,265,133,132,577,144,90,77,124,33,40,69
S01010216,621,195,67,128,426,61,52,69,130,25,46,43
S01010217,817,197,26,171,620,154,22,91,152,42,95,64
S01010218,1018,324,60,264,694,121,56,162,192,37,64,62
S01010219,503,144,27,117,359,65,24,83,80,33,37,37
S01010220,476,129,4,125,347,24,2,75,194,0,10,42
S01010221,465,135,51,84,330,75,42,29,82,20,24,58
S01010222,492,144,24,120,348,50,40,49,118,0,23,68
S01010223,552,201,63,138,351,55,34,41,114,0,38,69
S01010224,989,192,61,131,797,201,22,175,150,36,79,134
S01010225,812,194,38,156,618,122,60,111,162,25,56,82
S01010226,816,215,33,182,601,92,16,146,62,118,96,71
S01010227,692,119,25,94,573,143,4,130,58,96,69,73
S01010228,642,211,87,124,431,83,68,49,122,7,19,83
S01010229,1016,219,64,155,797,145,48,176,152,26,59,191
S01010230,1005,324,74,250,681,98,70,185,156,47,38,87
S01010231,1013,248,94,154,765,176,66,125,112,76,113,97
S01010232,1074,193,27,166,881,157,28,229,152,74,87,154
S01010233,970,206,37,169,764,173,58,201,120,28,67,117
S01010234,940,296,83,213,644,34,64,123,272,0,29,122
S01010235,782,170,0,170,612,25,10,87,424,0,0,66
S01010236,725,159,34,125,566,39,32,88,238,21,29,119
S01010237,644,157,35,122,487,29,28,63,232,30,28,77
S01010238,826,211,40,171,615,35,58,87,248,27,34,126
S01010239,790,213,78,135,577,59,52,103,174,27,63,99
S01010240,691,200,39,161,491,36,40,75,210,25,33,72
S01010241,980,354,89,265,626,59,74,94,316,5,21,57
S01010242,793,252,29,223,541,94,22,133,168,23,31,70
S01010243,1019,364,29,335,655,149,30,131,176,20,43,106
S01010244,735,271,60,211,464,70,36,77,92,32,38,119
S01010245,952,240,65,175,712,168,48,102,164,16,84,130
S01010246,841,185,41,144,656,157,44,131,144,15,16,149
S01010247,728,143,70,73,585,44,72,85,124,11,53,196
S01010248,834,185,47,138,649,17,50,97,326,0,24,135
S01010249,668,195,40,155,473,21,30,47,288,0,19,68
S01010250,771,130,22,108,641,32,44,80,304,15,22,144
S01010251,665,99,10,89,566,46,6,120,250,10,36,98
S01010252,614,104,14,90,510,36,38,103,182,15,40,96
S01010253,631,200,60,140,431,95,34,71,112,16,25,78
S01010254,1054,285,109,176,769,75,78,143,222,10,50,191
S01010255,718,168,47,121,550,77,36,105,118,77,72,65
S01010256,859,292,71,221,567,145,38,86,160,11,41,86
S01010257,773,269,28,241,504,24,16,12,332,0,4,116
S01010258,728,192,3,189,536,2,6,25,354,5,9,135
S01010259,766,290,88,202,476,81,52,76,106,22,32,107
S01010260,1012,420,57,363,592,31,36,46,394,11,11,63
S01010261,905,302,127,175,603,56,68,55,170,16,36,202
S01010262,844,328,151,177,516,13,118,18,152,6,44,165
S01010263,651,222,14,208,429,11,8,30,332,5,0,43
S01010264,762,373,38,335,389,4,18,16,306,0,0,45
S01010265,860,324,5,319,536,7,4,26,430,5,9,55
S01010266,521,87,15,72,434,13,10,54,164,10,61,122
S01010267,608,151,2,149,457,4,2,18,204,16,27,186
S01010268,728,223,35,188,505,18,24,71,212,10,44,126
S01010269,528,173,19,154,355,7,2,40,214,0,21,71
S01010270,1100,581,198,383,519,15,102,39,288,5,15,55
S01010271,723,118,14,104,605,12,40,35,178,22,30,288
S01010272,1013,482,77,405,531,52,22,80,292,20,26,39
S01010273,655,194,5,189,461,10,2,19,370,0,10,50
S01010274,536,176,13,163,360,3,4,12,278,0,8,55
S01010275,592,165,4,161,427,12,6,26,310,5,4,64
S01010276,993,345,4,341,648,24,20,108,402,5,19,70
S01010277,610,134,44,90,476,41,84,56,104,38,55,98
S01010278,650,157,42,115,493,87,22,115,102,52,36,79
S01010279,605,137,18,119,468,44,24,51,162,10,52,125
S01010280,782,184,15,169,598,29,12,66,298,15,16,162
S01010281,779,261,16,245,518,6,4,72,270,20,18,128
S01010282,976,411,77,334,565,32,26,98,292,5,53,59
S01010283,539,129,8,121,410,27,6,54,210,0,14,99
S01010284,1002,353,25,328,649,15,20,74,434,11,19,76
S01010285,838,170,26,144,668,57,14,110,246,26,24,191
S01010286,736,127,7,120,609,23,6,83,282,15,31,169
S01010287,874,112,21,91,762,4,22,77,286,5,50,318
S01010288,810,86,11,75,724,9,12,80,266,25,21,311
S01010289,717,163,6,157,554,4,16,167,258,11,10,88
S01010290,546,120,10,110,426,12,8,38,156,41,25,146
S01010291,1003,168,49,119,835,35,36,67,306,23,56,312
S01010292,890,127,15,112,763,5,20,57,274,15,28,364
S01010293,839,137,36,101,702,15,16,55,216,52,63,285
S01010294,690,69,15,54,621,9,6,31,168,22,48,337
S01010295,974,124,11,113,850,31,12,56,322,15,82,332
S01010296,664,107,19,88,557,42,4,56,152,39,49,215
S01010297,1066,392,90,302,674,57,100,68,298,12,26,113
S01010298,843,309,145,164,534,22,56,83,192,5,39,137
S01010299,536,168,69,99,368,27,28,44,94,10,114,51
S01010300,889,220,74,146,669,58,26,59,278,38,41,169
S01010301,516,122,7,115,394,33,16,51,190,16,18,70
S01010302,658,233,65,168,425,86,58,74,82,31,25,69
S01010303,579,95,20,75,484,103,4,160,68,61,42,46
S01010304,542,200,38,162,342,34,18,73,128,11,10,68
S01010305,797,260,86,174,537,23,66,53,204,0,28,163
S01010306,752,226,16,210,526,48,18,56,288,10,14,92
S01010307,821,163,24,139,658,19,32,85,306,25,28,163
S01010308,959,168,36,132,791,31,22,150,370,20,27,171
S01010309,419,160,52,108,259,18,42,34,90,0,15,60
S01010310,706,209,25,184,497,118,16,119,94,30,47,73
S01010311,714,144,42,102,570,102,48,121,108,21,66,104
S01010312,857,192,45,147,665,153,38,105,122,44,101,102
S01010313,636,201,43,158,435,80,46,105,74,0,47,83
S01010314,955,321,71,250,634,85,50,96,160,21,93,129
S01010315,911,133,32,101,778,138,36,218,154,32,55,145
S01010316,512,173,17,156,339,84,12,49,98,30,13,53
S01010317,725,151,35,116,574,22,26,50,320,0,25,131
S01010318,505,164,27,137,341,76,16,49,134,10,4,52
S01010319,711,203,31,172,508,37,22,94,222,5,12,116
S01010320,670,269,49,220,401,29,20,56,206,5,19,66
S01010321,695,257,31,226,438,37,22,35,204,6,35,99
S01010322,1028,228,48,180,800,20,58,133,354,10,30,195
S01010323,603,230,88,142,373,91,24,75,112,0,24,47
S01010324,759,206,110,96,553,65,102,75,72,5,73,161
S01010325,939,232,144,88,707,65,160,110,130,15,65,162
S01010326,986,236,56,180,750,195,44,166,108,58,80,99
S01010327,865,106,27,79,759,105,24,205,150,51,111,113
S01010328,969,156,66,90,813,63,124,174,144,45,83,180
S01010329,573,117,47,70,456,30,84,78,104,24,47,89
S01010330,663,107,33,74,556,141,60,83,76,20,64,112
S01010331,923,273,124,149,650,130,110,103,112,30,31,134
S01010332,708,74,30,44,634,65,56,99,78,20,119,197
S01010333,962,205,77,128,757,122,88,149,150,25,70,153
S01010334,927,137,47,90,790,165,100,149,146,20,81,129
S01010335,793,130,78,52,663,52,84,86,88,29,135,189
S01010336,657,210,38,172,447,168,36,89,64,25,21,44
S01010337,623,92,44,48,531,49,70,79,72,15,85,161
S01010338,751,134,38,96,617,158,54,122,88,28,62,105
S01010339,692,77,49,28,615,71,88,106,68,43,88,151
S01010340,752,133,37,96,619,117,76,114,94,25,93,100
S01010341,591,94,37,57,497,50,52,86,60,36,102,111
S01010342,633,128,29,99,505,20,46,140,104,10,88,97
S01010343,938,89,15,74,849,41,38,229,140,35,131,235
S01010344,690,243,64,179,447,96,56,91,110,10,30,54
S01010345,489,30,6,24,459,22,12,153,44,40,91,97
S01010346,981,117,38,79,864,35,74,205,174,25,161,190
S01010347,919,195,72,123,724,154,72,176,134,35,28,125
S01010348,980,173,81,92,807,126,142,165,170,15,64,125
S01010349,883,197,85,112,686,94,100,120,106,10,93,163
S01010350,950,206,85,121,744,211,68,127,104,20,92,122
S01010351,878,143,43,100,735,148,54,128,136,25,81,163
S01010352,506,129,44,85,377,37,74,44,82,15,21,104
S01010353,961,315,84,231,646,197,52,150,124,10,48,65
S01010354,733,152,54,98,581,77,48,159,168,0,31,98
S01010355,742,207,47,160,535,72,58,123,118,22,31,111
S01010356,682,107,10,97,575,59,26,150,148,0,94,98
S01010357,585,187,42,145,398,63,42,75,98,15,16,89
S01010358,842,312,100,212,530,110,62,78,92,35,37,116
S01010359,816,213,98,115,603,224,56,75,130,5,17,96
S01010360,567,137,24,113,430,84,8,83,96,36,37,86
S01010361,611,269,51,218,342,96,30,62,70,10,22,52
S01010362,783,501,83,418,282,22,44,42,78,11,24,61
S01010363,758,179,52,127,579,45,28,133,186,10,53,124
S01010364,915,62,39,23,853,12,98,209,110,41,101,282
S01010365,976,172,57,115,804,10,70,196,186,54,67,221
S01010366,1025,201,42,159,824,18,94,168,222,40,41,241
S01010367,1021,202,61,141,819,30,92,226,238,15,80,138
S01010368,676,154,43,111,522,30,70,103,176,26,49,68
S01010369,767,219,26,193,548,41,16,122,232,21,29,87
S01010370,725,106,17,89,619,17,26,110,234,44,35,153
S01010371,992,154,28,126,838,5,46,150,298,30,56,253
S01010372,529,64,20,44,465,12,34,108,136,20,30,125
S01010373,761,172,41,131,589,23,38,114,270,10,22,112
S01010374,950,188,36,152,762,20,60,180,228,28,44,202
S01010375,531,61,16,45,470,10,8,28,128,0,26,270
S01010376,708,132,18,114,576,8,10,49,320,10,36,143
S01010377,858,158,12,146,700,41,8,78,140,11,53,369
S01010378,730,58,9,49,672,15,10,40,136,11,26,434
S01010379,997,148,29,119,849,10,26,53,252,22,31,455
S01010380,958,223,48,175,735,21,46,124,332,5,32,175
S01010381,605,190,10,180,415,15,6,39,278,10,15,52
S01010382,850,210,33,177,640,39,30,64,352,10,8,137
S01010383,656,215,40,175,441,36,28,48,192,25,13,99
S01010384,812,187,29,158,625,15,40,67,344,10,19,130
S01010385,844,229,47,182,615,32,54,76,348,17,13,75
S01010386,889,283,63,220,606,62,46,72,252,5,52,117
S01010387,1040,251,40,211,789,35,38,99,430,5,23,159
S01010388,1008,290,62,228,718,82,84,67,272,5,36,172
S01010389,1022,380,11,369,642,29,8,63,446,10,12,74
S01010390,1076,451,39,412,625,37,16,88,362,20,29,73
S01010391,793,331,38,293,462,65,30,39,288,5,0,35
S01010392,695,212,5,207,483,12,18,128,262,5,11,47
S01010393,984,369,81,288,615,17,44,66,348,16,15,109
S01010394,807,324,97,227,483,64,64,63,132,6,34,120
S01010395,1006,384,95,289,622,41,46,113,262,32,12,116
S01010396,1033,272,85,187,761,26,74,132,348,26,12,143
S01010397,542,141,30,111,401,2,22,86,146,10,4,131
S01010398,1052,248,71,177,804,31,52,152,412,5,28,124
S01010399,1036,291,43,248,745,4,40,143,444,0,9,105
S01010400,1101,217,71,146,884,39,68,178,258,30,120,191
S01010401,717,214,84,130,503,9,56,77,156,15,15,175
S01010402,1031,188,54,134,843,2,60,185,342,32,42,180
S01010403,990,198,56,142,792,18,76,160,320,31,29,158
S01010404,783,189,62,127,594,0,62,118,202,31,86,95
S01010405,789,165,36,129,624,23,34,149,264,16,50,88
S01010406,822,195,26,169,627,9,38,113,258,10,41,158
S01010407,897,131,31,100,766,27,18,60,288,5,28,340
S01010408,547,135,62,73,412,30,40,128,62,36,56,60
S01010409,706,42,28,14,664,24,70,166,60,76,102,166
S01010410,595,83,27,56,512,24,46,144,68,49,61,120
S01010411,1104,58,32,26,1046,22,94,316,100,142,193,179
S01010412,759,216,29,187,543,11,46,133,200,21,36,96
S01010413,714,127,66,61,587,15,154,106,102,42,60,108
S01010414,1066,188,102,86,878,41,92,261,182,66,71,165
S01010415,1004,291,117,174,713,53,98,132,182,27,99,122
S01010416,684,112,42,70,572,15,88,164,124,20,29,132
S01010417,580,125,55,70,455,20,26,112,138,27,50,82
S01010418,1056,247,41,206,809,33,54,220,334,21,64,83
S01010419,993,219,72,147,774,35,72,224,226,31,66,120
S01010420,717,101,87,14,616,26,70,128,60,61,90,181
S01010421,882,98,58,40,784,13,72,257,112,61,106,163
S01010422,1085,181,105,76,904,38,98,265,134,31,132,206
S01010423,831,270,60,210,561,128,36,97,152,5,54,89
S01010424,834,259,87,172,575,84,40,100,164,30,68,89
S01010425,1032,355,66,289,677,142,38,149,202,5,44,97
S01010426,708,222,23,199,486,51,30,147,154,16,13,75
S01010427,1053,238,85,153,815,105,64,208,96,104,95,143
S01010428,730,114,52,62,616,38,86,187,76,47,69,113
S01010429,967,80,32,48,887,36,76,295,196,63,68,153
S01010430,854,219,49,170,635,105,74,134,126,41,70,85
S01010431,700,53,22,31,647,14,52,220,80,37,80,164
S01010432,880,221,44,177,659,109,28,107,194,21,95,105
S01010433,803,153,6,147,650,105,12,128,76,136,131,62
S01010434,623,161,34,127,462,108,22,100,114,20,47,51
S01010435,634,102,61,41,532,63,72,90,92,27,43,145
S01010436,778,232,39,193,546,54,36,135,156,16,62,87
S01010437,557,106,42,64,451,39,70,81,84,37,51,89
S01010438,854,139,24,115,715,131,10,190,120,92,87,85
S01010439,973,242,35,207,731,138,12,137,232,48,60,104
S01010440,650,143,43,100,507,65,42,113,104,20,57,106
S01010441,783,274,18,256,509,70,14,104,248,0,29,44
S01010442,741,178,12,166,563,105,12,81,168,42,69,86
S01010443,550,69,36,33,481,49,60,75,68,31,93,105
S01010444,685,89,50,39,596,59,82,102,82,26,87,158
S01010445,777,83,44,39,694,71,58,130,106,58,113,158
S01010446,838,79,40,39,759,30,102,113,104,38,156,216
S01010447,1028,253,83,170,775,140,60,161,132,42,109,131
S01010448,859,113,58,55,746,35,82,184,126,11,122,186
S01010449,779,133,68,65,646,66,118,135,106,21,58,142
S01010450,783,177,64,113,606,47,130,109,120,5,54,141
S01010451,829,221,55,166,608,89,72,132,110,47,82,76
S01010452,813,178,109,69,635,46,126,117,100,21,66,159
S01010453,664,193,22,171,471,114,40,107,108,15,32,55
S01010454,789,147,83,64,642,59,106,132,120,15,65,145
S01010455,942,357,135,222,585,107,104,108,174,0,29,63
S01010456,565,157,97,60,408,39,68,102,92,13,18,76
S01010457,642,175,62,113,467,39,78,134,70,20,57,69
S01010458,771,198,84,114,573,98,110,95,88,16,43,123
S01010459,539,97,55,42,442,28,74,70,74,10,64,122
S01010460,741,147,48,99,594,17,56,174,114,79,55,99
S01010461,732,174,72,102,558,81,108,114,94,21,39,101
S01010462,899,236,21,215,663,163,6,155,88,117,72,62
S01010463,796,164,87,77,632,22,86,163,96,35,91,139
S01010464,524,97,55,42,427,32,62,82,72,11,43,125
S01010465,947,167,33,134,780,51,60,197,224,20,89,139
S01010466,879,190,25,165,689,16,52,137,290,30,50,114
S01010467,837,248,125,123,589,32,122,96,162,30,59,88
S01010468,949,141,61,80,808,35,48,211,216,33,112,153
S01010469,559,303,65,238,256,23,14,47,104,5,14,49
S01010470,718,153,77,76,565,46,90,132,124,17,48,108
S01010471,666,130,73,57,536,74,54,103,98,21,79,107
S01010472,514,134,20,114,380,37,14,86,176,0,12,55
S01010473,756,239,44,195,517,33,58,85,170,31,43,97
S01010474,820,198,47,151,622,28,38,141,222,30,56,107
S01010475,677,185,32,153,492,31,28,129,222,17,9,56
S01010476,1015,233,139,94,782,51,98,143,194,10,76,210
S01010477,724,144,73,71,580,39,86,121,126,10,49,149
S01010478,991,396,104,292,595,97,72,115,160,25,29,97
S01010479,1022,212,106,106,810,108,110,174,178,32,84,124
S01010480,616,104,57,47,512,32,102,120,78,38,54,88
S01010481,667,81,27,54,586,129,34,99,90,43,104,87
S01010482,794,121,70,51,673,51,122,138,90,25,114,133
S01010483,1036,226,105,121,810,79,124,215,182,31,64,115
S01010484,550,76,28,48,474,51,60,65,96,25,62,115
S01010485,986,112,68,44,874,80,96,152,120,44,161,221
S01010486,930,90,59,31,840,12,74,175,176,45,132,226
S01010487,1010,147,99,48,863,69,104,182,102,69,90,247
S01010488,822,94,20,74,728,199,30,167,102,31,85,114
S01010489,932,190,78,112,742,110,68,120,134,40,116,154
S01010490,749,102,28,74,647,166,26,102,60,82,98,113
S01010491,906,155,33,122,751,252,42,189,80,30,72,86
S01010492,575,106,51,55,469,98,26,64,54,41,117,69
S01010493,719,104,14,90,615,184,20,155,86,45,61,64
S01010494,628,69,11,58,559,97,18,96,80,56,101,111
S01010495,858,182,37,145,676,210,26,118,104,15,104,99
S01010496,812,154,45,109,658,169,28,122,128,36,63,112
S01010497,749,75,12,63,674,103,18,144,86,62,119,142
S01010498,839,115,31,84,724,137,44,97,106,57,120,163
S01010499,804,257,78,179,547,131,52,111,74,36,64,79
S01010500,1078,89,17,72,989,186,44,224,116,88,175,156
S01010501,928,180,68,112,748,101,46,162,116,70,93,160
S01010502,803,99,18,81,704,81,24,209,110,56,78,146
S01010503,655,125,48,77,530,87,80,91,88,15,52,117
S01010504,531,87,36,51,444,23,90,79,94,63,35,60
S01010505,558,69,34,35,489,34,68,92,122,38,59,76
S01010506,828,122,46,76,706,46,124,159,152,51,60,114
S01010507,794,120,45,75,674,46,72,157,102,43,91,163
S01010508,962,154,65,89,808,26,168,196,158,65,85,110
S01010509,922,91,37,54,831,23,104,200,208,40,71,185
S01010510,777,105,62,43,672,8,134,151,106,42,73,158
S01010511,870,116,57,59,754,78,56,180,148,74,97,121
S01010512,611,104,66,38,507,33,84,127,80,36,45,102
S01010513,757,63,40,23,694,12,96,151,140,82,80,133
S01010514,709,77,43,34,632,42,78,139,92,50,106,125
S01010515,799,97,47,50,702,52,90,165,138,35,63,159
S01010516,557,98,35,63,459,60,74,87,104,15,41,78
S01010517,858,99,32,67,759,85,84,162,154,43,99,132
S01010518,656,88,27,61,568,41,64,100,142,56,52,113
S01010519,748,50,16,34,698,59,74,157,114,83,66,145
S01010520,945,127,70,57,818,36,126,254,140,51,93,118
S01010521,750,112,53,59,638,64,84,194,114,21,65,96
S01010522,581,129,51,78,452,26,40,130,90,21,67,78
S01010523,644,63,20,43,581,100,36,172,94,43,83,53
S01010524,504,63,26,37,441,2,82,78,134,22,30,93
S01010525,624,67,31,36,557,5,116,111,90,35,96,104
S01010526,787,129,62,67,658,23,96,189,154,36,59,101
S01010527,889,193,88,105,696,86,116,144,168,41,55,86
S01010528,611,80,34,46,531,8,68,127,134,45,77,72
S01010529,698,65,28,37,633,27,116,132,100,49,58,151
S01010530,645,70,37,33,575,21,98,115,144,40,72,85
S01010531,1067,170,89,81,897,23,168,208,188,55,76,179
S01010532,545,72,30,42,473,16,94,137,92,10,28,96
S01010533,561,111,65,46,450,3,86,100,94,18,50,99
S01010534,882,101,47,54,781,58,88,193,170,63,63,146
S01010535,699,85,36,49,614,55,114,150,122,30,76,67
S01010536,840,150,75,75,690,37,106,203,126,31,73,114
S01010537,668,126,36,90,542,31,82,117,138,30,54,90
S01010538,849,85,11,74,764,112,38,224,154,85,79,72
S01010539,1005,172,46,126,833,46,110,231,282,16,39,109
S01010540,626,97,47,50,529,36,108,82,130,22,60,91
S01010541,819,91,29,62,728,39,134,160,168,31,81,115
S01010542,880,107,60,47,773,43,162,151,172,57,73,115
S01010543,600,62,30,32,538,18,86,111,134,35,53,101
S01010544,864,110,60,50,754,57,106,180,132,67,90,122
S01010545,727,139,73,66,588,31,96,134,112,75,76,64
S01010546,733,146,78,68,587,34,110,114,144,39,42,104
S01010547,754,79,37,42,675,24,110,144,132,46,85,134
S01010548,677,74,48,26,603,16,170,120,112,37,53,95
S01010549,941,61,26,35,880,30,114,323,184,103,44,82
S01010550,535,72,38,34,463,23,62,99,100,20,74,85
S01010551,685,53,14,39,632,53,62,150,128,88,66,85
S01010552,783,88,31,57,695,36,120,138,142,54,117,88
S01010553,621,55,14,41,566,26,86,106,150,31,81,86
S01010554,776,176,84,92,600,83,68,135,152,11,78,73
S01010555,924,173,62,111,751,78,82,159,216,43,65,108
S01010556,926,159,93,66,767,107,70,184,128,57,97,124
S01010557,641,82,55,27,559,50,84,161,76,10,78,100
S01010558,800,134,68,66,666,46,170,135,128,31,84,72
S01010559,728,126,91,35,602,22,146,124,128,66,31,85
S01010560,663,79,42,37,584,24,130,111,106,28,47,138
S01010561,697,77,54,23,620,18,112,155,122,36,74,103
S01010562,731,84,47,37,647,16,108,151,120,10,92,150
S01010563,519,63,30,33,456,40,36,90,82,21,74,113
S01010564,500,127,45,82,373,29,76,46,92,20,23,87
S01010565,654,79,43,36,575,12,84,116,104,53,58,148
S01010566,1088,119,54,65,969,35,120,259,198,71,109,177
S01010567,983,80,26,54,903,21,84,183,182,97,117,219
S01010568,977,75,27,48,902,55,114,248,180,68,92,145
S01010569,712,64,21,43,648,21,78,137,148,30,76,158
S01010570,1089,142,72,70,947,131,104,206,186,36,114,170
S01010571,776,173,41,132,603,37,56,154,186,31,60,79
S01010572,765,110,30,80,655,59,46,188,126,26,81,129
S01010573,534,60,14,46,474,22,50,153,76,31,40,102
S01010574,609,46,25,21,563,16,72,168,100,56,64,87
S01010575,686,58,36,22,628,22,124,141,126,20,65,130
S01010576,822,62,36,26,760,14,118,170,146,47,104,161
S01010577,901,94,38,56,807,85,60,146,130,94,109,183
S01010578,576,30,10,20,546,37,40,100,72,21,116,160
S01010579,736,96,36,60,640,12,90,153,140,32,67,146
S01010580,513,153,17,136,360,27,50,74,152,0,17,40
S01010581,522,92,18,74,430,27,18,150,114,20,25,76
S01010582,451,46,17,29,405,16,32,80,98,47,44,88
S01010583,986,132,45,87,854,39,108,243,190,37,92,145
S01010584,819,63,10,53,756,67,32,272,130,72,76,107
S01010585,844,36,1,35,808,64,16,355,166,57,74,76
S01010586,783,56,24,32,727,15,78,249,144,42,60,139
S01010587,687,66,33,33,621,14,110,131,130,25,67,144
S01010588,649,71,22,49,578,33,70,181,100,41,43,110
S01010589,620,115,24,91,505,54,40,139,136,15,44,77
S01010590,889,32,12,20,857,23,42,355,112,95,80,150
S01010591,767,63,5,58,704,97,14,266,162,67,44,54
S01010592,509,120,18,102,389,56,48,84,116,10,23,52
S01010593,651,61,26,35,590,28,74,166,102,37,86,97
S01010594,668,71,13,58,597,52,48,219,136,40,43,59
S01010595,837,61,3,58,776,92,22,361,126,57,67,51
S01010596,834,57,17,40,777,33,46,222,166,89,97,124
S01010597,644,69,3,66,575,78,20,225,136,10,53,53
S01010598,1041,91,7,84,950,91,20,369,198,88,110,74
S01010599,607,55,13,42,552,27,66,157,124,65,37,76
S01010600,911,135,62,73,776,19,170,131,180,20,77,179
S01010601,676,84,50,34,592,4,168,152,80,30,56,102
S01010602,522,113,26,87,409,13,36,100,112,25,24,99
S01010603,809,117,59,58,692,13,120,139,158,41,61,160
S01010604,494,33,15,18,461,13,78,138,74,30,49,79
S01010605,891,105,67,38,786,19,160,164,144,31,69,199
S01010606,816,118,64,54,698,94,110,140,118,26,79,131
S01010607,846,83,43,40,763,14,114,175,136,70,78,176
S01010608,673,109,27,82,564,137,44,131,80,25,40,107
S01010609,570,59,18,41,511,69,54,106,90,26,65,101
S01010610,639,116,65,51,523,17,112,105,140,15,31,103
S01010611,925,237,64,173,688,74,96,176,170,16,54,102
S01010612,781,68,28,40,713,40,100,155,144,71,89,114
S01010613,698,139,72,67,559,36,100,103,106,20,55,139
S01010614,542,120,47,73,422,52,46,92,60,23,55,94
S01010615,824,131,21,110,693,74,40,226,184,15,58,96
S01010616,856,90,50,40,766,23,128,188,120,15,90,202
S01010617,904,73,36,37,831,24,114,234,150,30,97,182
S01010618,756,63,21,42,693,32,64,171,134,31,43,218
S01010619,619,129,13,116,490,66,32,90,170,23,41,68
S01010620,614,207,22,185,407,37,10,104,172,11,13,60
S01010621,904,165,41,124,739,30,90,199,188,37,51,144
S01010622,648,149,51,98,499,107,42,111,106,11,42,80
S01010623,867,29,6,23,838,78,10,352,112,131,82,73
S01010624,546,78,23,55,468,46,42,131,90,21,48,90
S01010625,761,81,47,34,680,3,162,100,142,52,77,144
S01010626,818,104,59,45,714,5,184,138,130,35,84,138
S01010627,778,177,58,119,601,26,92,126,172,38,58,89
S01010628,904,218,91,127,686,34,86,150,184,28,50,154
S01010629,914,196,100,96,718,50,106,132,136,79,92,123
S01010630,551,83,23,60,468,59,42,114,94,20,31,108
S01010631,588,148,62,86,440,28,48,75,172,15,12,90
S01010632,956,198,116,82,758,78,140,169,162,27,63,119
S01010633,1035,197,101,96,838,100,102,191,114,77,95,159
S01010634,665,67,34,33,598,39,86,135,78,16,113,131
S01010635,803,128,78,50,675,68,62,102,110,58,128,147
S01010636,808,139,55,84,669,43,112,139,158,33,59,125
S01010637,519,232,77,155,287,8,44,40,124,11,12,48
S01010638,785,193,119,74,592,42,130,93,126,24,64,113
S01010639,1121,214,69,145,907,139,84,181,244,20,83,156
S01010640,792,185,32,153,607,69,56,84,186,0,49,163
S01010641,1015,263,68,195,752,156,46,201,168,72,18,91
S01010642,978,157,51,106,821,186,70,200,138,33,87,107
S01010643,741,72,13,59,669,122,22,155,92,81,95,102
S01010644,665,178,36,142,487,115,32,105,84,47,54,50
S01010645,534,123,30,93,411,7,44,105,124,5,41,85
S01010646,669,75,27,48,594,13,86,89,132,40,74,160
S01010647,616,121,35,86,495,13,54,73,148,15,52,140
S01010648,651,116,44,72,535,32,62,94,118,14,65,150
S01010649,556,112,64,48,444,19,88,112,102,18,22,83
S01010650,452,62,15,47,390,13,30,118,88,15,53,73
S01010651,665,100,35,65,565,15,44,132,144,31,58,141
S01010652,718,77,19,58,641,38,70,156,142,26,68,141
S01010653,584,117,43,74,467,17,70,61,148,5,46,120
S01010654,763,127,42,85,636,60,48,123,134,31,45,195
S01010655,909,106,55,51,803,32,102,192,170,89,72,146
S01010656,475,32,13,19,443,37,70,136,52,15,70,63
S01010657,639,41,19,22,598,17,84,107,126,37,81,146
S01010658,732,69,30,39,663,17,106,128,126,54,79,153
S01010659,648,61,19,42,587,18,102,100,152,51,53,111
S01010660,606,107,62,45,499,30,78,129,84,15,48,115
S01010661,568,132,66,66,436,28,76,82,140,10,13,87
S01010662,758,70,37,33,688,31,90,166,142,36,85,138
S01010663,953,76,38,38,877,18,146,172,166,99,97,179
S01010664,819,74,30,44,745,18,128,147,148,68,100,136
S01010665,952,139,68,71,813,66,132,156,188,68,81,122
S01010666,941,132,76,56,809,38,120,212,152,61,96,130
S01010667,695,75,29,46,620,11,78,154,114,52,83,128
S01010668,1082,159,85,74,923,18,156,205,248,51,79,166
S01010669,602,90,48,42,512,12,86,83,98,83,57,93
S01010670,683,82,31,51,601,21,96,136,140,28,76,104
S01010671,723,101,38,63,622,56,110,122,138,35,50,111
S01010672,648,123,40,83,525,64,78,123,122,25,33,80
S01010673,880,154,56,98,726,45,122,126,166,68,59,140
S01010674,951,134,38,96,817,65,106,179,172,82,83,130
S01010675,627,64,38,26,563,18,104,108,138,37,47,111
S01010676,846,131,47,84,715,29,142,138,162,58,77,109
S01010677,499,62,29,33,437,36,102,46,94,40,43,76
S01010678,610,80,35,45,530,13,86,112,124,37,51,107
S01010679,552,113,42,71,439,26,84,73,126,15,51,64
S01010680,621,135,63,72,486,59,62,85,126,21,44,89
S01010681,1067,170,40,130,897,112,50,228,160,111,116,120
S01010682,963,97,41,56,866,35,116,200,192,72,93,158
S01010683,956,124,63,61,832,9,152,152,190,82,68,179
S01010684,756,102,58,44,654,28,156,111,170,15,49,125
S01010685,609,96,49,47,513,23,114,69,146,25,60,76
S01010686,690,94,46,48,596,22,98,114,138,52,70,102
S01010687,805,133,73,60,672,29,128,169,132,61,45,108
S01010688,692,124,47,77,568,18,146,104,102,30,58,110
S01010689,754,132,83,49,622,12,180,85,162,59,34,90
S01010690,651,145,78,67,506,44,66,137,122,36,30,71
S01010691,743,88,39,49,655,33,116,111,156,51,66,122
S01010692,711,92,34,58,619,41,64,190,116,36,73,99
S01010693,472,68,28,40,404,8,90,84,88,37,33,64
S01010694,554,91,51,40,463,8,124,66,98,26,33,108
S01010695,707,81,30,51,626,34,114,90,122,45,69,152
S01010696,970,111,48,63,859,51,126,195,144,73,107,163
S01010697,1072,132,52,80,940,26,188,242,124,81,95,184
S01010698,757,104,46,58,653,81,112,115,130,55,42,118
S01010699,605,63,16,47,542,14,68,120,114,50,68,108
S01010700,611,67,26,41,544,8,90,135,102,41,70,98
S01010701,1063,111,54,57,952,46,94,239,186,86,116,185
S01010702,957,102,49,53,855,18,160,156,208,48,60,205
S01010703,824,70,30,40,754,21,146,118,150,30,126,163
S01010704,658,105,53,52,553,45,90,121,80,35,55,127
S01010705,1121,112,52,60,1009,74,134,233,196,66,138,168
S01010706,671,89,28,61,582,68,56,139,134,26,83,76
S01010707,676,53,27,26,623,0,98,103,120,35,91,176
S01010708,546,85,48,37,461,26,68,84,108,26,50,99
S01010709,745,72,44,28,673,30,68,187,120,47,73,148
S01010710,766,87,39,48,679,56,92,82,132,89,84,144
S01010711,778,78,46,32,700,28,104,204,128,50,59,127
S01010712,723,56,22,34,667,54,60,130,96,88,86,153
S01010713,799,77,39,38,722,31,64,198,142,78,55,154
S01010714,748,166,77,89,582,89,100,117,116,21,54,85
S01010715,701,129,61,68,572,48,100,128,126,15,53,102
S01010716,834,202,64,138,632,40,92,172,158,15,18,137
S01010717,621,66,39,27,555,18,130,109,98,5,61,134
S01010718,945,101,32,69,844,63,100,218,156,51,74,182
S01010719,634,94,45,49,540,26,94,132,84,31,66,107
S01010720,731,112,84,28,619,18,128,130,94,43,34,172
S01010721,630,92,43,49,538,13,120,123,124,12,41,105
S01010722,867,130,77,53,737,56,116,170,144,52,78,121
S01010723,901,60,28,32,841,16,90,176,138,88,159,174
S01010724,887,74,43,31,813,31,108,206,168,68,85,147
S01010725,691,67,30,37,624,11,122,92,112,31,90,166
S01010726,921,122,65,57,799,30,174,132,170,31,106,156
S01010727,645,38,22,16,607,0,102,131,108,65,69,132
S01010728,521,33,13,20,488,0,96,140,88,31,64,69
S01010729,723,44,24,20,679,13,82,135,122,36,127,164
S01010730,845,73,35,38,772,31,96,162,176,32,129,146
S01010731,891,134,66,68,757,65,90,133,154,35,117,163
S01010732,840,80,29,51,760,90,56,129,150,78,77,180
S01010733,580,80,27,53,500,75,38,113,72,34,84,84
S01010734,894,109,34,75,785,112,54,154,124,29,192,120
S01010735,644,55,13,42,589,96,30,198,70,36,77,82
S01010736,500,50,28,22,450,9,86,123,106,21,34,71
S01010737,1012,172,95,77,840,66,138,176,200,22,72,166
S01010738,548,58,29,29,490,31,84,102,86,10,58,119
S01010739,870,116,39,77,754,70,112,182,162,65,36,127
S01010740,507,132,45,87,375,81,32,54,62,59,28,59
S01010741,573,65,36,29,508,36,84,125,112,16,38,97
S01010742,730,90,50,40,640,57,78,160,102,58,65,120
S01010743,761,68,34,34,693,58,50,134,86,147,115,103
S01010744,1041,132,60,72,909,54,128,193,204,64,113,153
S01010745,612,156,61,95,456,26,80,82,114,22,61,71
S01010746,1016,126,45,81,890,33,128,147,196,95,109,182
S01010747,827,111,42,69,716,74,84,136,120,53,76,173
S01010748,631,76,43,33,555,39,102,112,128,21,53,100
S01010749,614,65,29,36,549,30,102,121,98,35,54,109
S01010750,624,70,35,35,554,16,148,91,142,31,41,85
S01010751,745,113,44,69,632,63,86,149,118,52,83,81
S01010752,756,104,39,65,652,80,70,163,138,59,54,88
S01010753,1047,125,34,91,922,92,86,206,162,99,130,147
S01010754,695,167,83,84,528,67,86,114,102,30,25,104
S01010755,626,107,53,54,519,37,100,121,96,32,30,103
S01010756,659,83,50,33,576,17,104,152,114,40,50,99
S01010757,743,123,64,59,620,15,148,96,160,43,37,121
S01010758,677,86,52,34,591,24,126,100,118,38,53,132
S01010759,606,115,57,58,491,42,74,103,70,37,55,110
S01010760,566,135,83,52,431,15,120,91,102,20,25,58
S01010761,527,61,33,28,466,20,86,75,98,43,57,87
S01010762,598,73,43,30,525,18,108,101,114,27,77,80
S01010763,681,115,63,52,566,45,96,145,104,62,32,82
S01010764,576,107,48,59,469,20,122,93,112,26,27,69
S01010765,1005,153,83,70,852,37,174,170,196,46,102,127
S01010766,779,127,76,51,652,46,122,129,116,28,90,121
S01010767,706,130,67,63,576,58,114,137,112,28,42,85
S01010768,576,110,73,37,466,41,112,104,82,10,30,87
S01010769,483,56,36,20,427,8,90,52,104,30,53,90
S01010770,862,127,51,76,735,32,122,182,138,54,69,138
S01010771,864,188,105,83,676,42,160,100,160,47,52,115
S01010772,737,133,58,75,604,24,158,88,164,11,36,123
S01010773,785,87,38,49,698,38,102,123,158,42,101,134
S01010774,721,108,57,51,613,46,96,93,124,65,64,125
S01010775,643,56,16,40,587,18,80,167,134,20,67,101
S01010776,540,116,48,68,424,32,68,99,72,31,29,93
S01010777,494,142,55,87,352,17,46,93,76,10,28,82
S01010778,491,103,17,86,388,82,26,90,76,36,31,47
S01010779,769,139,54,85,630,73,86,96,124,47,100,104
S01010780,561,83,42,41,478,44,84,88,104,26,33,99
S01010781,777,116,44,72,661,23,98,123,152,77,72,116
S01010782,590,130,45,85,460,30,70,82,104,41,93,40
S01010783,550,111,50,61,439,36,62,109,104,22,25,81
S01010784,743,123,61,62,620,109,48,136,132,42,52,101
S01010785,683,77,37,40,606,24,108,119,138,35,54,128
S01010786,654,65,21,44,589,29,52,171,92,66,67,112
S01010787,913,102,44,58,811,18,154,188,138,102,82,129
S01010788,622,81,37,44,541,25,66,115,130,65,50,90
S01010789,729,70,33,37,659,20,94,147,108,65,83,142
S01010790,668,77,52,25,591,8,108,96,106,36,95,142
S01010791,835,98,51,47,737,6,162,149,162,47,74,137
S01010792,620,107,29,78,513,60,66,119,82,49,38,99
S01010793,649,61,33,28,588,34,92,147,126,40,29,120
S01010794,550,62,19,43,488,35,68,120,102,35,61,67
S01010795,982,141,67,74,841,41,172,179,160,41,103,145
S01010796,829,78,38,40,751,0,124,179,154,72,87,135
S01010797,762,80,32,48,682,21,94,177,162,31,64,133
S01010798,667,80,31,49,587,14,116,138,106,51,51,111
S01010799,891,276,119,157,615,36,154,99,176,26,26,98
S01010800,731,139,45,94,592,41,108,151,126,21,47,98
S01010801,708,131,72,59,577,42,114,154,128,16,30,93
S01010802,565,84,32,52,481,15,82,97,118,58,21,90
S01010803,589,110,39,71,479,58,58,105,90,46,18,104
S01010804,588,112,46,66,476,20,98,94,86,21,84,73
S01010805,853,109,43,66,744,62,126,157,152,35,56,156
S01010806,916,193,61,132,723,106,78,125,186,49,74,105
S01010807,570,64,33,31,506,39,76,127,100,33,60,71
S01010808,553,57,21,36,496,60,72,141,88,30,43,62
S01010809,724,92,30,62,632,15,108,151,152,15,58,133
S01010810,480,110,55,55,370,11,84,80,80,15,38,62
S01010811,847,153,68,85,694,17,128,112,190,52,73,122
S01010812,515,97,45,52,418,8,62,58,86,38,75,91
S01010813,534,88,30,58,446,36,72,81,106,15,46,90
S01010814,620,122,48,74,498,26,92,94,126,25,58,77
S01010815,442,77,36,41,365,6,60,89,92,25,46,47
S01010816,634,112,85,27,522,21,108,117,72,50,69,85
S01010817,905,100,37,63,805,44,112,191,138,84,95,141
S01010818,1014,219,113,106,795,52,122,221,172,60,72,96
S01010819,805,119,59,60,686,41,156,118,132,68,37,134
S01010820,526,54,24,30,472,16,80,119,84,54,38,81
S01010821,597,51,34,17,546,6,134,112,70,41,66,117
S01010822,663,71,9,62,592,21,66,213,130,16,33,113
S01010823,435,16,4,12,419,39,6,128,68,50,58,70
S01010824,758,31,5,26,727,23,40,333,66,46,109,110
S01010825,355,15,9,6,340,12,26,159,52,20,35,36
S01010826,755,88,38,50,667,45,88,125,112,41,87,169
S01010827,598,32,14,18,566,8,60,132,94,35,88,149
S01010828,1239,80,25,55,1159,19,62,391,170,72,180,265
S01010829,900,197,67,130,703,16,118,129,192,20,44,184
S01010830,556,63,29,34,493,24,64,94,78,5,65,163
S01010831,598,25,6,19,573,2,14,271,64,30,81,111
S01010832,730,72,19,53,658,22,42,174,82,10,109,219
S01010833,902,84,31,53,818,5,78,211,134,51,134,205
S01010834,916,129,58,71,787,13,176,173,164,31,78,152
S01010835,645,55,31,24,590,12,146,81,96,10,74,171
S01010836,771,154,54,100,617,29,78,120,168,25,71,126
S01010837,660,77,47,30,583,49,130,98,82,20,58,146
S01010838,842,97,45,52,745,45,70,197,82,41,125,185
S01010839,729,132,62,70,597,43,100,135,96,49,63,111
S01010840,490,175,84,91,315,33,50,48,84,0,14,86
S01010841,748,164,56,108,584,29,84,148,166,10,32,115
S01010842,899,409,171,238,490,89,110,63,128,11,23,66
S01010843,643,244,117,127,399,37,82,75,116,10,8,71
S01010844,668,81,43,38,587,17,108,124,100,15,76,147
S01010845,619,58,32,26,561,21,110,115,86,21,59,149
S01010846,765,72,21,51,693,61,44,144,108,31,85,220
S01010847,649,61,14,47,588,36,36,184,102,20,59,151
S01010848,665,70,26,44,595,86,32,83,90,25,141,138
S01010849,951,100,34,66,851,90,68,165,88,69,143,228
S01010850,801,143,37,106,658,119,62,121,96,32,67,161
S01010851,814,110,30,80,704,142,56,171,100,27,92,116
S01010852,722,80,36,44,642,25,92,122,114,31,84,174
S01010853,882,86,35,51,796,41,98,169,130,36,119,203
S01010854,923,112,36,76,811,147,60,184,96,36,98,190
S01010855,560,55,30,25,505,38,74,119,66,26,60,122
S01010856,869,215,87,128,654,83,86,163,138,20,70,94
S01010857,842,73,16,57,769,89,38,242,104,15,121,160
S01010858,725,116,48,68,609,78,86,99,104,21,94,127
S01010859,734,103,57,46,631,94,50,114,64,15,85,209
S01010860,626,95,33,62,531,58,70,74,84,10,76,159
S01010861,649,159,49,110,490,78,68,93,68,10,79,94
S01010862,540,131,26,105,409,78,32,56,44,21,64,114
S01010863,747,92,47,45,655,20,96,145,110,40,71,173
S01010864,560,73,32,41,487,23,88,95,92,5,51,133
S01010865,699,118,71,47,581,17,172,82,114,5,40,151
S01010866,657,117,82,35,540,4,132,109,72,35,35,153
S01010867,632,101,55,46,531,10,98,119,80,11,61,152
S01010868,702,92,49,43,610,15,120,104,96,16,106,153
S01010869,756,73,34,39,683,16,100,122,80,27,137,201
S01010870,771,192,100,92,579,43,96,148,118,10,48,116
S01010871,853,183,86,97,670,52,78,135,116,22,110,157
S01010872,715,213,69,144,502,53,68,94,130,20,32,105
S01010873,547,292,152,140,255,66,50,26,72,0,4,37
S01010874,771,96,37,59,675,45,50,121,90,38,101,230
S01010875,517,107,40,67,410,45,26,113,102,20,34,70
S01010876,740,178,48,130,562,101,52,99,148,42,26,94
S01010877,958,189,51,138,769,109,82,171,152,16,55,184
S01010878,977,234,125,109,743,69,146,131,164,35,57,141
S01010879,829,136,43,93,693,63,90,122,146,20,89,163
S01010880,549,114,43,71,435,77,40,95,66,15,32,110
S01010881,621,96,64,32,525,31,122,64,78,20,68,142
S01010882,557,45,16,29,512,25,38,112,52,6,105,174
S01010883,839,102,28,74,737,17,50,175,102,15,151,227
S01010884,723,227,68,159,496,144,76,77,70,15,26,88
S01010885,946,298,86,212,648,163,56,122,146,34,42,85
S01010886,448,130,26,104,318,29,26,49,96,5,38,75
S01010887,821,252,110,142,569,68,96,89,90,20,91,115
S01010888,768,217,60,157,551,49,82,90,178,23,30,99
S01010889,524,221,50,171,303,45,48,54,88,5,10,53
S01010890,769,320,180,140,449,46,132,53,112,5,17,84
S01010891,397,200,87,113,197,40,42,21,52,0,10,32
S01010892,819,336,141,195,483,56,96,81,136,0,35,79
S01010893,511,211,79,132,300,35,54,51,72,5,30,53
S01010894,596,137,36,101,459,61,46,135,114,25,25,53
S01010895,411,160,49,111,251,53,36,42,54,0,17,49
S01010896,667,147,47,100,520,76,62,86,110,5,44,137
S01010897,836,143,44,99,693,116,68,119,108,27,80,175
S01010898,596,79,29,50,517,51,52,61,76,17,91,169
S01010899,584,48,22,26,536,35,34,112,78,15,87,175
S01010900,688,83,11,72,605,164,44,103,84,41,57,112
S01010901,465,66,22,44,399,91,38,67,60,20,45,78
S01010902,957,173,84,89,784,68,102,145,150,5,101,213
S01010903,793,204,90,114,589,125,74,70,120,10,56,134
S01010904,528,130,23,107,398,61,26,58,90,21,66,76
S01010905,635,93,14,79,542,94,30,116,138,20,59,85
S01010906,956,92,26,66,864,122,24,218,150,34,131,185
S01010907,526,34,4,30,492,16,16,194,116,30,70,50
S01010908,610,103,52,51,507,40,42,93,86,37,41,168
S01010909,668,85,20,65,583,18,82,125,86,15,66,191
S01010910,500,154,35,119,346,76,24,65,60,16,43,62
S01010911,541,231,100,131,310,53,74,31,72,0,11,69
S01010912,674,213,102,111,461,57,98,65,82,21,36,102
S01010913,642,111,28,83,531,31,54,106,100,27,79,134
S01010914,660,59,14,45,601,33,50,110,100,36,108,164
S01010915,736,50,17,33,686,51,38,145,98,25,115,214
S01010916,576,194,43,151,382,98,42,42,52,10,26,112
S01010917,712,173,66,107,539,62,80,79,94,10,57,157
S01010918,728,119,78,41,609,54,100,110,98,30,73,144
S01010919,789,99,32,67,690,55,108,109,72,47,88,211
S01010920,591,87,22,65,504,99,16,91,76,30,70,122
S01010921,630,75,30,45,555,44,56,87,82,31,78,177
S01010922,821,107,58,49,714,76,74,108,110,22,125,199
S01010923,879,139,61,78,740,60,88,154,138,37,99,164
S01010924,607,81,43,38,526,32,68,76,86,16,98,150
S01010925,858,122,50,72,736,125,108,124,108,22,115,134
S01010926,785,119,49,70,666,100,76,93,118,17,75,187
S01010927,577,70,29,41,507,78,62,85,86,27,59,110
S01010928,739,97,30,67,642,128,60,100,84,46,89,135
S01010929,660,77,30,47,583,103,42,97,88,21,77,155
S01010930,887,69,25,44,818,19,88,257,208,55,68,123
S01010931,428,64,26,38,364,18,72,65,84,20,39,66
S01010932,548,111,44,67,437,31,58,133,120,20,14,61
S01010933,753,46,16,30,707,14,46,280,134,54,66,113
S01010934,1031,105,38,67,926,16,128,266,180,97,64,175
S01010935,655,125,82,43,530,18,150,111,82,16,28,125
S01010936,675,228,94,134,447,14,86,60,134,20,38,95
S01010937,728,92,38,54,636,33,88,123,158,5,85,144
S01010938,809,131,56,75,678,102,76,150,110,37,82,121
S01010939,514,32,12,20,482,11,60,121,100,27,48,115
S01010940,683,42,31,11,641,7,124,113,104,30,82,181
S01010941,860,48,29,19,812,11,126,173,120,47,101,234
S01010942,646,51,30,21,595,9,120,133,106,5,52,170
S01010943,623,45,17,28,578,61,58,122,116,38,63,120
S01010944,588,124,50,74,464,75,72,91,86,16,42,82
S01010945,540,57,20,37,483,33,56,94,88,32,54,126
S01010946,811,97,61,36,714,51,90,153,110,30,88,192
S01010947,536,73,29,44,463,60,76,95,70,14,30,118
S01010948,673,76,28,48,597,43,88,141,108,31,62,124
S01010949,927,47,30,17,880,14,96,224,152,45,89,260
S01010950,846,108,47,61,738,72,144,155,132,35,56,144
S01010951,626,57,30,27,569,53,80,128,88,31,56,133
S01010952,540,30,14,16,510,44,34,153,84,29,61,105
S01010953,561,51,25,26,510,33,56,121,82,15,61,142
S01010954,512,41,15,26,471,12,50,105,112,21,51,120
S01010955,1023,44,17,27,979,34,64,303,142,191,97,148
S01010956,691,89,26,63,602,17,68,162,146,30,54,125
S01010957,581,44,29,15,537,12,88,134,88,51,31,133
S01010958,482,66,41,25,416,13,114,58,80,25,32,94
S01010959,579,118,56,62,461,32,48,117,124,30,35,75
S01010960,1093,115,44,71,978,63,110,222,174,55,160,194
S01010961,566,74,40,34,492,37,82,92,70,28,57,126
S01010962,530,160,60,100,370,4,114,30,110,0,28,84
S01010963,949,112,56,56,837,41,100,246,126,35,97,192
S01010964,523,43,21,22,480,13,106,103,72,25,38,123
S01010965,517,73,30,43,444,86,38,46,92,21,43,118
S01010966,684,89,45,44,595,40,98,137,136,20,54,110
S01010967,697,103,39,64,594,69,70,145,110,25,80,95
S01010968,715,77,36,41,638,23,138,149,140,25,58,105
S01010969,538,91,50,41,447,28,88,61,136,15,40,79
S01010970,955,142,70,72,813,46,110,159,174,65,102,157
S01010971,1056,60,20,40,996,109,104,193,180,81,95,234
S01010972,846,73,35,38,773,72,66,215,114,68,97,141
S01010973,490,51,28,23,439,26,76,58,72,20,56,131
S01010974,696,86,42,44,610,37,90,95,86,40,53,209
S01010975,490,45,30,15,445,37,46,83,74,49,69,87
S01010976,498,55,22,33,443,24,62,101,82,6,70,98
S01010977,721,89,50,39,632,47,92,120,118,25,93,137
S01010978,739,147,78,69,592,78,62,127,102,42,56,125
S01010979,825,83,37,46,742,45,80,174,96,56,124,167
S01010980,727,137,54,83,590,53,90,121,112,36,71,107
S01010981,739,104,50,54,635,40,116,118,124,27,101,109
S01010982,1048,114,44,70,934,16,124,208,230,75,62,219
S01010983,780,137,72,65,643,58,120,167,150,5,38,105
S01010984,663,83,57,26,580,17,144,111,104,20,82,102
S01010985,638,59,28,31,579,37,84,162,44,21,92,139
S01010986,537,18,10,8,519,6,34,207,72,33,91,76
S01010987,658,27,13,14,631,22,32,265,82,73,101,56
S01010988,627,17,4,13,610,8,28,264,80,50,83,97
S01010989,917,58,4,54,859,23,10,385,258,46,78,59
S01010990,798,74,46,28,724,43,94,179,122,45,94,147
S01010991,523,24,10,14,499,21,60,113,98,10,61,136
S01010992,583,14,2,12,569,11,16,267,84,56,61,74
S01010993,632,47,19,28,585,25,86,180,110,15,64,105
S01010994,992,70,23,47,922,28,124,282,178,67,94,149
S01010995,719,49,14,35,670,18,94,143,164,25,69,157
S01010996,553,61,28,33,492,2,54,149,118,25,46,98
S01010997,637,75,50,25,562,6,142,95,134,35,40,110
S01010998,578,34,21,13,544,7,68,150,96,46,54,123
S01010999,886,141,77,64,745,17,188,190,132,59,70,89
S01011000,842,86,37,49,756,44,74,156,146,66,91,179
S01011001,643,81,44,37,562,41,86,113,80,25,84,133
S01011002,707,100,53,47,607,54,90,82,98,26,94,163
S01011003,688,79,43,36,609,39,66,132,88,42,83,159
S01011004,624,46,22,24,578,49,66,180,116,5,86,76
S01011005,660,127,41,86,533,59,102,128,144,10,26,64
S01011006,1002,91,39,52,911,65,106,227,230,53,96,134
S01011007,684,65,36,29,619,64,98,136,92,27,78,124
S01011008,783,86,44,42,697,44,112,97,130,62,71,181
S01011009,508,60,18,42,448,36,40,103,108,25,39,97
S01011010,558,187,52,135,371,30,54,65,132,20,17,53
S01011011,753,235,89,146,518,79,58,100,136,5,42,98
S01011012,722,95,23,72,627,108,66,147,124,43,86,53
S01011013,802,126,77,49,676,50,102,163,140,32,74,115
S01011014,811,106,31,75,705,48,68,148,164,21,79,177
S01011015,443,64,37,27,379,27,38,61,80,15,42,116
S01011016,846,49,4,45,797,22,20,329,176,52,101,97
S01011017,822,72,27,45,750,30,154,183,162,25,74,122
S01011018,860,110,55,55,750,17,104,192,142,42,95,158
S01011019,1031,80,36,44,951,59,104,279,194,98,63,154
S01011020,471,51,17,34,420,10,56,118,112,46,33,45
S01011021,882,99,53,46,783,42,98,134,96,64,113,236
S01011022,581,53,28,25,528,70,50,95,96,31,88,98
S01011023,812,100,47,53,712,58,80,159,148,42,61,164
S01011024,782,61,25,36,721,103,58,179,100,47,77,157
S01011025,680,62,18,44,618,51,46,112,124,42,74,169
S01011026,540,59,7,52,481,37,50,112,104,10,32,136
S01011027,928,146,70,76,782,120,80,228,116,47,84,107
S01011028,987,127,56,71,860,153,100,209,122,50,102,124
S01011029,615,75,26,49,540,38,74,121,98,30,61,118
S01011030,969,62,16,46,907,24,98,213,166,47,133,226
S01011031,734,95,56,39,639,81,94,147,90,36,79,112
S01011032,778,113,53,60,665,59,88,143,128,30,57,160
S01011033,633,79,25,54,554,16,66,165,116,26,48,117
S01011034,664,140,79,61,524,23,88,134,104,35,54,86
S01011035,662,47,15,32,615,41,40,150,124,59,73,128
S01011036,646,82,25,57,564,24,68,165,126,5,70,106
S01011037,963,127,38,89,836,90,80,208,124,56,159,119
S01011038,885,89,39,50,796,69,56,192,126,75,141,137
S01011039,782,166,69,97,616,15,82,184,148,11,48,128
S01011040,752,63,26,37,689,80,68,141,108,57,124,111
S01011041,789,64,31,33,725,93,66,176,82,45,152,111
S01011042,813,75,22,53,738,32,70,234,176,56,69,101
S01011043,707,93,37,56,614,66,96,127,102,39,86,98
S01011044,694,98,31,67,596,78,58,102,98,36,65,159
S01011045,815,112,52,60,703,68,130,169,140,63,65,68
S01011046,854,90,35,55,764,33,126,157,154,28,97,169
S01011047,988,76,31,45,912,25,170,234,162,92,66,163
S01011048,975,152,84,68,823,47,154,201,132,44,97,148
S01011049,680,99,51,48,581,43,116,118,144,21,45,94
S01011050,800,73,31,42,727,29,114,158,124,70,79,153
S01011051,937,149,77,72,788,23,110,199,184,42,97,133
S01011052,812,115,72,43,697,34,150,164,118,41,96,94
S01011053,656,90,34,56,566,50,100,102,126,33,79,76
S01011054,536,74,38,36,462,31,76,114,114,20,37,70
S01011055,566,61,25,36,505,19,62,126,80,42,66,110
S01011056,699,52,21,31,647,9,98,138,130,63,99,110
S01011057,579,64,29,35,515,17,60,98,104,46,68,122
S01011058,638,46,21,25,592,15,70,145,122,37,53,150
S01011059,635,54,24,30,581,4,62,129,128,61,89,108
S01011060,833,154,91,63,679,26,144,155,138,30,83,103
S01011061,843,142,67,75,701,69,108,134,174,46,69,101
S01011062,916,170,72,98,746,21,102,138,142,92,90,161
S01011063,1036,160,84,76,876,71,168,199,132,50,86,170
S01011064,1025,173,85,88,852,36,158,179,172,79,51,177
S01011065,706,64,27,37,642,39,116,100,134,46,109,98
S01011066,504,70,39,31,434,31,96,71,88,26,45,77
S01011067,575,121,74,47,454,24,96,127,74,28,45,60
S01011068,535,78,39,39,457,35,70,102,98,42,67,43
S01011069,578,80,43,37,498,42,80,95,80,37,51,113
S01011070,625,91,47,44,534,27,80,136,96,42,60,93
S01011071,843,94,52,42,749,14,142,92,144,30,117,210
S01011072,1000,84,39,45,916,64,108,242,192,53,78,179
S01011073,682,77,36,41,605,13,88,111,114,30,100,149
S01011074,607,94,37,57,513,19,92,115,112,33,58,84
S01011075,714,100,53,47,614,77,74,167,116,36,31,113
S01011076,740,143,86,57,597,25,76,143,104,62,78,109
S01011077,777,108,49,59,669,106,106,141,82,31,112,91
S01011078,1104,121,59,62,983,37,194,255,164,37,154,142
S01011079,1046,176,72,104,870,17,134,211,198,63,81,166
S01011080,967,172,74,98,795,37,154,139,162,42,109,152
S01011081,824,105,42,63,719,55,116,157,110,57,85,139
S01011082,495,145,95,50,350,17,52,47,74,10,60,90
S01011083,787,100,55,45,687,53,134,132,120,45,58,145
S01011084,774,81,43,38,693,31,124,118,146,36,81,157
S01011085,888,81,45,36,807,23,158,146,212,68,77,123
S01011086,641,69,47,22,572,0,114,109,106,52,65,126
S01011087,584,73,26,47,511,28,94,139,108,16,58,68
S01011088,981,173,91,82,808,57,116,172,146,60,110,147
S01011089,650,107,52,55,543,49,122,112,106,31,44,79
S01011090,715,67,36,31,648,12,114,122,164,31,79,126
S01011091,621,49,19,30,572,15,84,100,158,47,51,117
S01011092,465,45,4,41,420,66,20,149,62,37,48,38
S01011093,612,32,15,17,580,18,86,139,140,33,67,97
S01011094,486,37,16,21,449,12,50,141,116,22,51,57
S01011095,783,61,32,29,722,19,98,173,176,41,73,142
S01011096,557,50,14,36,507,16,48,148,104,15,72,104
S01011097,715,57,18,39,658,28,78,173,146,71,68,94
S01011098,749,105,49,56,644,9,106,186,186,20,48,89
S01011099,819,106,28,78,713,82,66,162,152,43,81,127
S01011100,458,68,37,31,390,6,84,81,68,30,32,89
S01011101,626,72,33,39,554,58,48,99,88,62,88,111
S01011102,642,125,33,92,517,73,82,128,134,10,25,65
S01011103,568,155,65,90,413,34,54,82,104,10,52,77
S01011104,583,127,60,67,456,23,94,68,100,25,46,100
S01011105,796,152,51,101,644,45,130,154,164,22,57,72
S01011106,988,47,11,36,941,114,34,480,118,79,70,46
S01011107,935,48,7,41,887,79,8,303,152,127,128,90
S01011108,543,56,30,26,487,28,36,96,104,31,80,112
S01011109,807,128,63,65,679,36,124,159,188,16,55,101
S01011110,702,110,22,88,592,35,52,168,126,41,56,114
S01011111,880,153,50,103,727,86,74,187,128,43,85,124
S01011112,874,56,13,43,818,50,24,354,168,33,77,112
S01011113,925,149,83,66,776,51,166,121,176,15,48,199
S01011114,713,60,27,33,653,18,86,118,170,6,105,150
S01011115,902,148,60,88,754,41,84,188,162,38,86,155
S01011116,661,47,22,25,614,28,90,157,128,35,47,129
S01011117,730,135,67,68,595,19,114,108,152,66,39,97
S01011118,880,145,81,64,735,33,118,207,124,41,75,137
S01011119,928,123,71,52,805,13,164,167,192,41,119,109
S01011120,669,54,38,16,615,2,182,93,128,20,50,140
S01011121,520,174,67,107,346,7,36,50,154,31,18,50
S01011122,647,99,35,64,548,40,82,97,126,26,77,100
S01011123,1121,148,85,63,973,66,146,228,178,56,120,179
S01011124,661,78,33,45,583,45,54,199,104,35,70,76
S01011125,492,75,13,62,417,70,28,78,86,5,70,80
S01011126,502,32,27,5,470,15,44,155,78,51,51,76
S01011127,536,2,1,1,534,18,2,280,64,88,64,18
S01011128,709,135,44,91,574,29,66,147,142,27,78,85
S01011129,973,50,33,17,923,9,86,402,164,70,86,106
S01011130,597,119,62,57,478,23,76,116,126,36,49,52
S01011131,637,121,45,76,516,17,68,102,162,5,51,111
S01011132,898,100,57,43,798,28,104,185,158,60,59,204
S01011133,445,55,34,21,390,9,68,75,58,27,44,109
S01011134,744,175,76,99,569,19,110,144,154,5,28,109
S01011135,740,97,54,43,643,56,104,130,134,20,57,142
S01011136,644,77,36,41,567,21,94,104,132,25,73,118
S01011137,502,38,13,25,464,50,34,133,72,38,50,87
S01011138,635,60,18,42,575,48,44,163,102,76,47,95
S01011139,764,55,19,36,709,24,20,305,134,88,66,72
S01011140,537,75,23,52,462,32,40,136,90,26,57,81
S01011141,558,60,26,34,498,43,38,110,106,62,48,91
S01011142,839,58,17,41,781,16,118,219,156,36,89,147
S01011143,950,93,61,32,857,42,150,225,154,31,99,156
S01011144,769,73,37,36,696,35,82,150,122,83,103,121
S01011145,653,57,29,28,596,15,96,144,120,40,52,129
S01011146,759,68,30,38,691,57,86,179,132,71,61,105
S01011147,995,155,63,92,840,28,108,168,196,56,133,151
S01011148,763,89,32,57,674,36,100,135,150,56,62,135
S01011149,679,67,21,46,612,22,44,202,104,85,48,107
S01011150,474,30,0,30,444,34,4,185,104,74,33,10
S01011151,578,46,11,35,532,21,28,200,106,37,73,67
S01011152,695,134,67,67,561,33,110,93,126,53,48,98
S01011153,848,221,87,134,627,16,122,157,168,40,57,67
S01011154,559,210,81,129,349,51,64,59,92,5,20,58
S01011155,643,177,89,88,466,23,96,121,82,20,32,92
S01011156,565,62,24,38,503,10,90,105,122,25,46,105
S01011157,575,94,42,52,481,11,106,109,130,0,34,91
S01011158,505,60,42,18,445,31,120,70,102,5,20,97
S01011159,545,149,80,69,396,32,84,62,82,40,25,71
S01011160,909,108,44,64,801,66,88,192,184,27,77,167
S01011161,636,68,29,39,568,61,86,147,104,38,56,76
S01011162,497,36,16,20,461,48,46,96,76,63,54,78
S01011163,786,113,38,75,673,49,90,137,132,15,67,183
S01011164,718,70,22,48,648,60,52,175,108,78,56,119
S01011165,748,124,52,72,624,76,96,150,124,30,38,110
S01011166,513,60,39,21,453,17,104,85,88,21,72,66
S01011167,640,57,25,32,583,4,126,95,156,30,64,108
S01011168,845,93,42,51,752,12,114,157,162,63,85,159
S01011169,963,57,11,46,906,27,46,334,174,96,120,109
S01011170,910,119,47,72,791,25,114,161,186,66,85,154
S01011171,876,138,72,66,738,17,186,116,118,51,84,166
S01011172,721,117,57,60,604,15,140,88,126,57,83,95
S01011173,516,61,45,16,455,15,128,76,56,38,59,83
S01011174,434,83,49,34,351,15,102,39,74,27,25,69
S01011175,532,115,68,47,417,28,82,62,64,46,67,68
S01011176,531,105,65,40,426,7,144,46,92,15,35,87
S01011177,838,150,87,63,688,29,162,99,150,59,87,102
S01011178,514,43,20,23,471,38,54,131,86,36,68,58
S01011179,589,93,36,57,496,43,70,77,86,5,77,138
S01011180,670,102,45,57,568,67,82,102,82,37,86,112
S01011181,453,46,11,35,407,8,76,62,106,11,56,88
S01011182,395,26,8,18,369,3,54,65,104,15,26,102
S01011183,571,50,24,26,521,16,68,122,96,11,87,121
S01011184,820,40,20,20,780,17,100,267,142,30,77,147
S01011185,680,74,51,23,606,10,128,102,116,15,71,164
S01011186,913,178,98,80,735,69,140,113,154,20,78,161
S01011187,665,65,29,36,600,10,102,99,124,15,38,212
S01011188,951,163,71,92,788,78,100,178,152,21,95,164
S01011189,767,110,39,71,657,51,86,130,164,20,65,141
S01011190,633,101,55,46,532,49,66,96,108,32,72,109
S01011191,546,71,32,39,475,58,60,104,94,20,59,80
S01011192,697,70,21,49,627,54,52,169,130,44,54,124
S01011193,703,81,16,65,622,78,34,121,106,46,128,109
S01011194,727,83,20,63,644,75,50,155,116,53,102,93
S01011195,781,84,20,64,697,94,48,209,128,36,55,127
S01011196,903,144,62,82,759,116,72,148,164,58,84,117
S01011197,871,93,23,70,778,97,62,164,134,67,105,149
S01011198,624,60,25,35,564,51,52,90,80,57,113,121
S01011199,781,105,29,76,676,64,60,128,156,45,83,140
S01011200,740,129,37,92,611,53,80,122,158,26,70,102
S01011201,586,90,52,38,496,15,58,97,114,21,58,133
S01011202,844,127,41,86,717,71,94,198,140,23,60,131
S01011203,806,125,64,61,681,58,90,172,110,26,69,156
S01011204,555,55,29,26,500,16,82,88,104,15,81,114
S01011205,716,24,1,23,692,49,6,323,86,35,102,91
S01011206,734,43,13,30,691,40,36,207,108,52,71,177
S01011207,757,108,47,61,649,35,70,179,106,36,59,164
S01011208,907,70,22,48,837,19,58,234,156,52,118,200
S01011209,633,88,37,51,545,53,78,137,102,28,41,106
S01011210,733,50,18,32,683,13,66,132,126,45,127,174
S01011211,702,35,13,22,667,32,54,160,118,36,151,116
S01011212,548,35,14,21,513,91,68,95,78,5,87,89
S01011213,1048,89,30,59,959,153,96,171,180,64,144,151
S01011214,852,80,34,46,772,108,106,192,98,77,46,145
S01011215,596,94,33,61,502,60,48,107,68,58,76,85
S01011216,482,111,30,81,371,54,40,100,58,20,64,35
S01011217,799,152,52,100,647,114,72,120,94,15,105,127
S01011218,696,84,23,61,612,109,40,162,70,52,95,84
S01011219,782,113,40,73,669,73,64,133,138,35,74,152
S01011220,889,160,51,109,729,82,104,145,134,33,78,153
S01011221,947,174,67,107,773,91,72,206,152,31,77,144
S01011222,662,105,56,49,557,48,84,103,126,20,77,99
S01011223,796,109,58,51,687,58,98,181,154,26,69,101
S01011224,681,159,73,86,522,49,98,70,100,6,83,116
S01011225,697,120,43,77,577,74,70,95,130,23,93,92
S01011226,971,150,100,50,821,41,192,162,132,40,85,169
S01011227,709,211,56,155,498,75,80,66,118,20,58,81
S01011228,768,249,116,133,519,72,80,88,128,0,55,96
S01011229,510,137,50,87,373,86,74,59,64,21,16,53
S01011230,886,283,81,202,603,105,70,126,112,40,48,102
S01011231,604,113,60,53,491,66,78,107,88,10,39,103
S01011232,874,279,54,225,595,45,84,104,204,11,65,82
S01011233,365,51,21,30,314,29,36,55,56,11,45,82
S01011234,1031,155,47,108,876,132,52,191,154,88,103,156
S01011235,384,90,22,68,294,53,42,38,52,16,44,49
S01011236,542,130,51,79,412,53,62,76,86,15,39,81
S01011237,763,106,36,70,657,82,84,161,82,36,93,119
S01011238,644,148,35,113,496,78,52,129,116,21,60,40
S01011239,689,268,90,178,421,44,60,92,110,30,29,56
S01011240,684,348,80,268,336,27,68,61,90,20,22,48
S01011241,997,282,110,172,715,45,108,111,148,45,100,158
S01011242,737,170,73,97,567,49,92,93,116,15,71,131
S01011243,862,336,114,222,526,125,68,93,134,6,33,67
S01011244,666,252,49,203,414,60,42,62,110,15,68,57
S01011245,846,203,63,140,643,95,112,102,128,16,67,123
S01011246,842,173,53,120,669,29,122,143,204,20,32,119
S01011247,790,91,47,44,699,17,174,129,152,36,55,136
S01011248,739,85,35,50,654,29,76,133,146,21,72,177
S01011249,723,83,28,55,640,19,112,145,106,5,111,142
S01011250,1083,113,21,92,970,185,76,256,152,51,81,169
S01011251,871,114,51,63,757,116,78,143,152,31,68,169
S01011252,825,94,30,64,731,105,54,161,108,74,74,155
S01011253,855,161,59,102,694,68,62,134,100,53,117,160
S01011254,955,55,23,32,900,31,92,183,158,41,144,251
S01011255,780,34,8,26,746,13,42,319,106,36,128,102
S01011256,497,25,8,17,472,24,22,224,58,52,45,47
S01011257,408,54,35,19,354,3,94,48,58,12,18,121
S01011258,565,52,33,19,513,31,78,97,82,25,55,145
S01011259,763,164,84,80,599,52,100,90,114,21,66,156
S01011260,718,114,61,53,604,20,126,95,110,21,77,155
S01011261,809,78,39,39,731,117,70,86,94,76,103,185
S01011262,495,74,32,42,421,47,48,57,86,49,44,90
S01011263,1063,106,36,70,957,102,68,325,162,58,103,139
S01011264,688,58,20,38,630,79,50,132,90,48,103,128
S01011265,1077,152,50,102,925,194,58,223,112,69,95,174
S01011266,908,104,58,46,804,69,122,145,130,39,111,188
S01011267,585,80,41,39,505,31,104,81,96,20,67,106
S01011268,375,73,38,35,302,10,50,59,76,10,22,75
S01011269,514,132,62,70,382,40,76,69,76,26,29,66
S01011270,680,158,51,107,522,63,50,93,116,26,69,105
S01011271,760,119,55,64,641,47,116,99,146,26,57,150
S01011272,728,169,57,112,559,77,90,73,112,21,66,120
S01011273,901,73,27,46,828,144,66,165,96,74,128,155
S01011274,888,138,33,105,750,143,66,160,124,42,90,125
S01011275,711,70,14,56,641,117,54,127,76,65,84,118
S01011276,978,110,40,70,868,111,102,152,128,68,112,195
S01011277,654,69,26,43,585,23,70,122,144,5,28,193
S01011278,494,72,16,56,422,33,32,96,124,10,44,83
S01011279,651,90,43,47,561,39,94,106,128,15,47,132
S01011280,590,29,16,13,561,9,96,79,112,21,74,170
S01011281,645,43,14,29,602,20,46,129,110,55,99,143
S01011282,918,67,29,38,851,34,50,289,144,77,96,161
S01011283,737,26,2,24,711,17,24,292,122,41,93,122
S01011284,615,14,1,13,601,21,14,307,78,57,50,74
S01011285,729,79,27,52,650,95,56,113,122,67,98,99
S01011286,720,93,35,58,627,78,50,110,96,61,111,121
S01011287,807,89,32,57,718,103,72,124,110,42,128,139
S01011288,757,80,39,41,677,94,88,127,104,43,80,141
S01011289,934,155,72,83,779,96,80,195,142,31,83,152
S01011290,1054,190,66,124,864,101,112,145,168,36,85,217
S01011291,815,162,56,106,653,86,94,151,144,15,63,100
S01011292,692,139,61,78,553,73,50,99,112,23,81,115
S01011293,736,122,61,61,614,96,78,132,82,25,62,139
S01011294,833,266,123,143,567,71,124,102,122,28,36,84
S01011295,946,143,63,80,803,39,174,157,174,32,61,166
S01011296,556,115,62,53,441,27,80,67,98,16,38,115
S01011297,839,63,32,31,776,80,50,178,84,68,78,238
S01011298,642,45,16,29,597,66,38,90,84,45,149,125
S01011299,489,46,22,24,443,0,68,89,86,34,58,108
S01011300,944,138,56,82,806,106,104,141,136,43,104,172
S01011301,705,89,41,48,616,18,100,122,146,43,60,127
S01011302,856,304,142,162,552,42,122,122,132,12,39,83
S01011303,1004,111,43,68,893,39,128,224,174,48,93,187
S01011304,708,74,31,43,634,99,56,106,82,50,90,151
S01011305,829,86,22,64,743,76,68,177,156,67,82,117
S01011306,590,89,40,49,501,94,88,76,108,30,32,73
S01011307,470,41,17,24,429,14,74,96,72,41,42,90
S01011308,432,48,18,30,384,2,76,70,74,20,57,85
S01011309,712,104,61,43,608,8,142,126,136,46,38,112
S01011310,706,122,62,60,584,39,124,121,124,36,61,79
S01011311,666,78,48,30,588,16,172,97,118,25,54,106
S01011312,1103,123,67,56,980,14,254,194,212,36,101,169
S01011313,735,163,74,89,572,27,96,175,96,26,47,105
S01011314,1097,159,62,97,938,58,142,263,162,71,100,142
S01011315,410,39,18,21,371,34,58,99,62,26,33,59
S01011316,748,79,39,40,669,96,88,144,102,41,81,117
S01011317,752,165,119,46,587,9,180,90,124,25,75,84
S01011318,919,255,152,103,664,33,222,92,136,28,56,97
S01011319,856,137,107,30,719,13,194,114,104,31,112,151
S01011320,522,171,92,79,351,13,90,60,68,21,44,55
S01011321,596,69,25,44,527,42,50,138,98,10,62,127
S01011322,634,67,28,39,567,28,48,145,88,58,72,128
S01011323,917,96,29,67,821,78,84,213,134,72,100,140
S01011324,449,73,29,44,376,22,50,68,70,34,47,85
S01011325,737,291,104,187,446,55,88,105,126,5,27,40
S01011326,747,349,151,198,398,49,110,67,122,11,9,30
S01011327,648,215,109,106,433,26,134,60,146,10,23,34
S01011328,697,148,78,70,549,30,146,125,98,33,42,75
S01011329,914,222,127,95,692,63,178,80,120,45,66,140
S01011330,754,91,60,31,663,21,118,150,112,65,56,141
S01011331,745,89,70,19,656,7,182,160,122,40,36,109
S01011332,863,76,50,26,787,24,216,127,180,46,34,160
S01011333,733,161,113,48,572,5,220,66,88,31,37,125
S01011334,706,73,41,32,633,13,96,121,150,45,92,116
S01011335,934,122,82,40,812,14,222,140,186,45,56,149
S01011336,617,86,39,47,531,55,70,158,76,33,43,96
S01011337,682,53,27,26,629,8,146,91,140,47,57,140
S01011338,660,60,19,41,600,82,54,141,106,37,48,132
S01011339,560,52,27,25,508,68,52,101,72,28,83,104
S01011340,694,89,41,48,605,66,86,77,88,51,102,135
S01011341,721,145,53,92,576,72,42,144,112,10,73,123
S01011342,702,121,48,73,581,46,84,112,120,21,76,122
S01011343,826,203,64,139,623,74,120,137,112,21,48,111
S01011344,883,129,56,73,754,139,92,132,136,36,76,143
S01011345,794,124,44,80,670,153,34,135,104,44,67,133
S01011346,678,107,53,54,571,63,88,132,132,10,31,115
S01011347,1043,259,100,159,784,63,128,194,156,38,50,155
S01011348,921,157,64,93,764,88,90,163,138,52,82,151
S01011349,923,91,17,74,832,19,66,251,148,56,107,185
S01011350,658,61,37,24,597,12,112,123,122,36,62,130
S01011351,696,156,52,104,540,62,64,115,116,37,57,89
S01011352,635,149,61,88,486,30,70,127,112,23,48,76
S01011353,610,86,36,50,524,46,54,99,100,21,39,165
S01011354,730,80,40,40,650,58,88,122,118,26,60,178
S01011355,927,153,81,72,774,45,142,139,158,46,109,135
S01011356,962,88,34,54,874,26,124,208,178,42,119,177
S01011357,852,90,50,40,762,38,140,112,118,42,137,175
S01011358,547,16,5,11,531,13,14,171,92,6,104,131
S01011359,737,146,69,77,591,26,128,97,136,26,76,102
S01011360,756,130,12,118,626,115,34,199,126,31,42,79
S01011361,537,223,35,188,314,54,32,64,82,20,21,41
S01011362,555,27,13,14,528,8,36,210,92,25,54,103
S01011363,870,180,70,110,690,43,102,140,144,51,52,158
S01011364,659,67,28,39,592,33,106,159,84,55,61,94
S01011365,648,15,7,8,633,34,30,244,70,82,68,105
S01011366,433,101,44,57,332,12,84,59,104,15,22,36
S01011367,840,150,68,82,690,76,98,161,130,31,62,132
S01011368,843,28,2,26,815,27,18,353,142,40,95,140
S01011369,811,150,55,95,661,48,104,158,86,16,107,142
S01011370,811,54,25,29,757,29,46,262,160,37,101,122
S01011371,925,256,72,184,669,101,74,153,156,31,56,98
S01011372,667,243,66,177,424,58,76,117,106,15,22,30
S01011373,674,165,47,118,509,74,42,104,114,50,19,106
S01011374,694,62,15,47,632,42,26,244,120,16,71,113
S01011375,645,113,31,82,532,31,78,117,76,37,66,127
S01011376,475,210,93,117,265,37,54,52,96,5,5,16
S01011377,594,81,37,44,513,17,68,126,100,15,42,145
S01011378,793,111,71,40,682,28,178,155,88,33,35,165
S01011379,902,65,25,40,837,11,80,223,140,46,90,247
S01011380,665,175,60,115,490,29,70,124,112,15,40,100
S01011381,617,120,43,77,497,23,74,102,116,32,45,105
S01011382,531,135,28,107,396,64,16,105,122,10,37,42
S01011383,686,213,62,151,473,96,74,102,106,10,28,57
S01011384,734,118,22,96,616,163,38,104,118,71,53,69
S01011385,957,162,73,89,795,133,76,128,150,30,84,194
S01011386,588,36,8,28,552,101,30,79,62,88,78,114
S01011387,810,151,48,103,659,104,50,131,86,44,92,152
S01011388,1083,109,23,86,974,65,34,388,196,57,93,141
S01011389,761,191,73,118,570,74,62,78,186,22,25,123
S01011390,815,109,51,58,706,55,82,141,92,37,99,200
S01011391,645,52,25,27,593,81,50,126,94,10,99,133
S01011392,680,83,25,58,597,52,50,139,102,35,88,131
S01011393,823,138,68,70,685,43,114,96,112,47,103,170
S01011394,613,53,29,24,560,20,10,251,50,62,92,75
S01011395,737,190,63,127,547,78,88,77,158,15,28,103
S01011396,762,206,98,108,556,70,74,70,100,32,71,139
S01011397,736,164,61,103,572,80,72,140,86,0,79,115
S01011398,775,121,52,69,654,98,48,105,76,73,107,147
S01011399,508,76,26,50,432,58,54,87,98,10,39,86
S01011400,668,161,46,115,507,54,48,95,166,10,25,109
S01011401,614,100,50,50,514,25,68,114,128,25,51,103
S01011402,954,198,135,63,756,52,220,128,132,25,41,158
S01011403,534,59,18,41,475,44,34,100,52,15,97,133
S01011404,924,213,88,125,711,55,116,156,116,10,74,184
S01011405,635,108,45,63,527,41,106,137,80,10,57,96
S01011406,643,87,54,33,556,31,94,120,102,5,64,140
S01011407,1105,173,84,89,932,51,140,194,180,48,95,224
S01011408,827,120,59,61,707,64,96,146,120,17,84,180
S01011409,839,113,41,72,726,142,54,163,118,45,89,115
S01011410,628,129,70,59,499,39,72,102,132,21,27,106
S01011411,678,87,64,23,591,33,82,112,80,53,70,161
S01011412,860,84,60,24,776,13,146,146,124,26,78,243
S01011413,560,46,6,40,514,16,34,166,96,11,52,139
S01011414,827,134,50,84,693,83,100,142,108,41,74,145
S01011415,866,164,57,107,702,29,78,185,140,36,70,164
S01011416,626,37,11,26,589,9,62,129,106,31,66,186
S01011417,818,128,75,53,690,34,120,175,128,11,93,129
S01011418,552,94,41,53,458,40,76,102,96,10,54,80
S01011419,558,85,37,48,473,44,64,93,94,15,39,124
S01011420,491,115,33,82,376,53,42,61,82,23,42,73
S01011421,615,46,3,43,569,54,14,263,112,46,32,48
S01011422,660,54,26,28,606,54,70,127,112,20,68,155
S01011423,570,62,19,43,508,64,54,127,40,59,84,80
S01011424,560,69,36,33,491,18,58,137,74,20,47,137
S01011425,901,84,35,49,817,80,98,159,104,84,138,154
S01011426,993,47,13,34,946,38,76,331,146,84,111,160
S01011427,679,106,39,67,573,36,60,111,100,41,81,144
S01011428,506,84,43,41,422,35,54,76,100,21,30,106
S01011429,626,52,19,33,574,19,38,138,102,25,89,163
S01011430,880,84,30,54,796,39,86,212,174,58,44,183
S01011431,1063,190,90,100,873,64,148,167,156,31,102,205
S01011432,1025,157,62,95,868,48,128,172,170,31,111,208
S01011433,909,101,33,68,808,146,50,181,122,61,127,121
S01011434,562,73,37,36,489,26,90,100,86,15,49,123
S01011435,927,92,41,51,835,31,84,171,166,57,116,210
S01011436,718,163,43,120,555,78,76,121,118,10,42,110
S01011437,731,130,45,85,601,91,78,99,128,21,46,138
S01011438,544,75,25,50,469,80,36,101,80,31,38,103
S01011439,889,122,57,65,767,54,100,178,140,43,61,191
S01011440,597,89,42,47,508,61,64,126,112,25,23,97
S01011441,763,103,33,70,660,66,76,133,126,25,54,180
S01011442,683,133,54,79,550,50,76,146,72,15,56,135
S01011443,622,109,55,54,513,49,78,81,94,40,67,104
S01011444,764,110,40,70,654,58,88,155,96,41,87,129
S01011445,548,90,30,60,458,37,44,131,96,37,50,63
S01011446,522,82,41,41,440,36,42,120,84,17,30,111
S01011447,924,91,37,54,833,147,48,202,142,62,87,145
S01011448,884,109,38,71,775,44,82,135,166,35,125,188
S01011449,530,129,56,73,401,41,56,91,82,16,25,90
S01011450,652,50,23,27,602,32,62,179,72,55,93,109
S01011451,727,22,3,19,705,16,16,182,62,90,184,155
S01011452,947,147,35,112,800,53,68,160,152,52,117,198
S01011453,728,94,48,46,634,41,88,98,84,82,94,147
S01011454,802,114,68,46,688,94,72,123,114,73,52,160
S01011455,746,105,52,53,641,74,78,105,106,26,65,187
S01011456,814,121,47,74,693,40,76,127,130,26,106,188
S01011457,917,105,33,72,812,107,72,140,140,28,158,167
S01011458,1114,54,18,36,1060,49,38,299,138,31,201,304
S01011459,1053,94,22,72,959,89,52,349,198,59,86,126
S01011460,756,75,34,41,681,72,38,155,110,95,104,107
S01011461,722,123,28,95,599,84,30,128,130,22,78,127
S01011462,897,154,62,92,743,32,86,166,126,42,77,214
S01011463,670,95,48,47,575,49,64,159,132,16,46,109
S01011464,571,62,6,56,509,15,4,199,94,31,89,77
S01011465,547,65,21,44,482,94,46,88,58,34,66,96
S01011466,592,150,51,99,442,68,50,107,110,5,31,71
S01011467,539,77,24,53,462,42,24,110,94,58,43,91
S01011468,915,49,4,45,866,42,8,413,124,78,117,84
S01011469,859,77,15,62,782,103,44,159,92,75,122,187
S01011470,1099,171,66,105,928,56,142,155,164,46,153,212
S01011471,869,197,115,82,672,51,142,88,144,20,54,173
S01011472,880,311,88,223,569,78,94,91,146,30,51,79
S01011473,662,269,136,133,393,38,114,47,86,11,20,77
S01011474,798,273,117,156,525,87,122,94,106,5,44,67
S01011475,605,250,119,131,355,79,68,68,64,16,10,50
S01011476,487,43,26,17,444,13,60,105,76,20,36,134
S01011477,851,51,24,27,800,40,152,163,128,36,78,203
S01011478,1060,129,57,72,931,16,112,278,156,58,108,203
S01011479,783,120,48,72,663,28,134,133,182,10,46,130
S01011480,1019,161,77,84,858,29,136,253,176,31,88,145
S01011481,812,87,31,56,725,41,68,275,132,31,65,113
S01011482,895,155,81,74,740,85,122,156,118,20,76,163
S01011483,531,57,13,44,474,23,48,112,110,21,56,104
S01011484,865,126,57,69,739,62,80,126,136,56,105,174
S01011485,965,91,42,49,874,120,92,105,114,45,183,215
S01011486,562,74,42,32,488,86,52,75,58,23,86,108
S01011487,1090,107,34,73,983,155,64,213,152,56,134,209
S01011488,697,62,31,31,635,116,84,120,96,66,60,93
S01011489,750,48,4,44,702,56,6,265,80,42,113,140
S01011490,956,179,57,122,777,79,100,192,210,23,84,89
S01011491,514,121,37,84,393,68,46,91,88,10,29,61
S01011492,760,190,43,147,570,120,28,125,164,24,47,62
S01011493,545,15,2,13,530,13,10,204,58,31,98,116
S01011494,729,107,64,43,622,28,96,142,124,33,59,140
S01011495,812,129,52,77,683,92,88,118,98,51,41,195
S01011496,649,118,29,89,531,110,26,137,116,11,60,71
S01011497,617,73,11,62,544,41,24,109,126,35,98,111
S01011498,672,30,5,25,642,16,18,197,86,21,106,198
S01011499,806,142,41,101,664,48,58,162,122,26,65,183
S01011500,512,66,25,41,446,27,44,103,80,26,49,117
S01011501,673,126,43,83,547,118,64,104,92,10,47,112
S01011502,755,63,34,29,692,70,90,159,108,37,46,182
S01011503,641,60,28,32,581,55,62,131,96,37,44,156
S01011504,578,68,40,28,510,22,64,96,78,25,86,139
S01011505,698,115,30,85,583,93,44,162,112,5,65,102
S01011506,503,79,45,34,424,24,94,76,92,10,50,78
S01011507,612,113,52,61,499,41,72,97,106,17,70,96
S01011508,962,196,21,175,766,58,56,246,176,22,79,129
S01011509,610,62,21,41,548,43,58,90,88,5,82,182
S01011510,1122,113,45,68,1009,134,86,227,108,80,173,201
S01011511,524,95,30,65,429,46,68,109,80,15,30,81
S01011512,951,209,55,154,742,244,40,174,144,42,37,61
S01011513,774,142,42,100,632,100,50,118,116,36,100,112
S01011514,954,77,35,42,877,54,70,134,94,90,218,217
S01011515,522,134,18,116,388,23,34,121,116,0,28,66
S01011516,887,90,11,79,797,18,46,265,168,30,112,158
S01011517,565,56,32,24,509,23,80,125,60,31,76,114
S01011518,661,115,65,50,546,56,106,78,64,30,66,146
S01011519,781,78,41,37,703,31,82,129,110,58,78,215
S01011520,596,101,54,47,495,77,36,71,94,51,50,116
S01011521,967,171,52,119,796,121,56,154,160,67,102,136
S01011522,891,222,83,139,669,64,78,169,140,31,70,117
S01011523,741,124,24,100,617,71,52,101,130,39,71,153
S01011524,890,127,38,89,763,31,60,182,178,25,62,225
S01011525,873,82,32,50,791,60,46,241,166,26,102,150
S01011526,1018,120,41,79,898,75,106,171,144,60,141,201
S01011527,704,56,33,23,648,34,126,114,100,6,75,193
S01011528,974,203,73,130,771,90,150,150,158,16,73,134
S01011529,529,139,54,85,390,103,56,80,76,5,33,37
S01011530,947,200,72,128,747,58,100,132,146,41,83,187
S01011531,1100,137,72,65,963,42,134,268,170,35,130,184
S01011532,652,42,6,36,610,41,30,231,92,57,67,92
S01011533,626,142,51,91,484,76,42,91,98,30,35,112
S01011534,766,115,47,68,651,80,72,158,116,47,79,99
S01011535,862,229,78,151,633,155,96,109,114,35,53,71
S01011536,674,62,19,43,612,15,56,120,110,41,64,206
S01011537,530,89,14,75,441,21,28,138,126,20,22,86
S01011538,655,52,21,31,603,10,64,138,120,22,67,182
S01011539,738,102,44,58,636,36,96,106,88,43,94,173
S01011540,1052,106,49,57,946,80,116,204,170,52,121,203
S01011541,937,99,34,65,838,119,46,169,152,72,123,157
S01011542,929,86,37,49,843,95,76,142,154,65,114,197
S01011543,810,88,27,61,722,122,34,145,104,68,67,182
S01011544,673,100,50,50,573,59,44,119,88,25,79,159
S01011545,572,75,47,28,497,38,68,87,86,11,62,145
S01011546,747,25,1,24,722,33,14,244,74,56,126,175
S01011547,609,40,3,37,569,42,12,196,74,79,69,97
S01011548,746,108,60,48,638,33,110,140,98,45,78,134
S01011549,801,62,28,34,739,26,100,151,138,15,118,191
S01011550,714,38,19,19,676,25,100,114,130,27,83,197
S01011551,548,55,24,31,493,35,70,93,78,21,89,107
S01011552,703,48,16,32,655,11,66,137,120,20,83,218
S01011553,857,32,2,30,825,24,10,273,96,76,177,169
S01011554,855,111,64,47,744,52,126,143,114,31,92,186
S01011555,552,71,25,46,481,55,30,77,76,15,82,146
S01011556,507,109,33,76,398,86,28,80,72,22,21,89
S01011557,750,74,32,42,676,81,52,101,134,41,112,155
S01011558,577,72,16,56,505,60,54,123,68,17,70,113
S01011559,620,70,20,50,550,56,50,122,68,20,75,159
S01011560,757,96,46,50,661,48,62,143,108,51,64,185
S01011561,834,69,30,39,765,90,76,87,64,65,155,228
S01011562,647,84,28,56,563,87,26,150,88,20,105,87
S01011563,762,59,20,39,703,94,52,164,86,16,132,159
S01011564,966,121,57,64,845,58,78,245,146,32,113,173
S01011565,952,77,35,42,875,107,56,180,144,67,88,233
S01011566,917,97,19,78,820,142,54,148,146,59,108,163
S01011567,965,176,91,85,789,57,126,150,106,25,79,246
S01011568,847,64,29,35,783,52,82,222,102,65,114,146
S01011569,958,126,60,66,832,47,92,193,156,11,127,206
S01011570,690,122,44,78,568,63,94,127,96,15,56,117
S01011571,649,218,68,150,431,60,88,59,108,5,47,64
S01011572,588,125,35,90,463,61,62,95,102,14,49,80
S01011573,1084,181,66,115,903,62,50,283,152,71,131,154
S01011574,795,60,29,31,735,62,46,233,90,45,92,167
S01011575,533,81,30,51,452,34,54,134,56,41,63,70
S01011576,779,171,52,119,608,108,68,82,76,56,71,147
S01011577,702,123,27,96,579,75,40,143,112,30,44,135
S01011578,826,116,27,89,710,119,36,148,106,15,89,197
S01011579,1089,91,49,42,998,23,136,215,126,78,102,318
S01011580,766,82,28,54,684,118,40,234,102,15,98,77
S01011581,789,269,126,143,520,62,100,106,84,17,50,101
S01011582,1072,151,47,104,921,43,128,152,190,36,120,252
S01011583,672,131,36,95,541,66,54,125,144,15,37,100
S01011584,708,115,43,72,593,52,70,118,114,26,56,157
S01011585,719,116,52,64,603,96,80,88,108,50,51,130
S01011586,556,77,31,46,479,60,38,80,76,16,51,158
S01011587,575,56,22,34,519,77,52,100,74,32,62,122
S01011588,792,76,37,39,716,109,58,130,86,15,138,180
S01011589,868,87,56,31,781,47,102,186,94,37,94,221
S01011590,689,91,42,49,598,36,64,121,92,44,103,138
S01011591,597,104,26,78,493,36,48,103,70,23,77,136
S01011592,705,134,44,90,571,127,66,99,130,18,49,82
S01011593,717,113,55,58,604,40,86,135,108,25,79,131
S01011594,438,97,43,54,341,25,54,61,70,0,46,85
S01011595,596,125,19,106,471,30,68,101,120,28,26,98
S01011596,980,202,65,137,778,84,90,100,200,41,63,200
S01011597,525,133,27,106,392,26,22,70,96,30,40,108
S01011598,785,382,61,321,403,116,28,63,120,7,26,43
S01011599,823,121,60,61,702,72,90,129,118,63,89,141
S01011600,737,168,81,87,569,65,94,112,140,10,30,118
S01011601,848,46,11,35,802,74,48,201,152,51,120,156
S01011602,614,88,35,53,526,51,48,122,78,37,56,134
S01011603,791,245,118,127,546,79,90,105,98,5,69,100
S01011604,690,94,42,52,596,84,70,133,74,47,76,112
S01011605,844,136,70,66,708,50,120,125,82,31,86,214
S01011606,1001,46,6,40,955,44,12,418,128,68,70,215
S01011607,569,56,7,49,513,24,30,120,104,20,57,158
S01011608,945,58,10,48,887,80,38,266,182,30,86,205
S01011609,970,217,49,168,753,157,52,139,130,46,102,127
S01011610,833,115,43,72,718,117,66,138,108,46,89,154
S01011611,626,74,22,52,552,42,36,104,98,30,79,163
S01011612,628,22,2,20,606,23,4,258,106,36,91,88
S01011613,940,58,28,30,882,45,138,158,170,36,88,247
S01011614,447,51,20,31,396,11,54,76,64,22,59,110
S01011615,728,79,28,51,649,96,58,133,92,35,98,137
S01011616,423,83,32,51,340,59,48,69,70,16,17,61
S01011617,840,135,54,81,705,68,110,87,130,33,119,158
S01011618,654,90,41,49,564,103,48,105,84,39,79,106
S01011619,1050,90,17,73,960,63,52,294,170,61,113,207
S01011620,1097,51,3,48,1046,51,34,400,220,95,101,145
S01011621,781,59,23,36,722,57,56,146,96,73,138,156
S01011622,649,37,9,28,612,10,32,251,100,52,77,90
S01011623,703,107,49,58,596,85,84,131,70,20,78,128
S01011624,722,70,18,52,652,57,44,183,142,49,86,91
S01011625,548,73,29,44,475,49,42,97,102,20,72,93
S01011626,811,54,10,44,757,30,18,229,112,57,110,201
S01011627,733,43,7,36,690,29,20,277,114,69,68,113
S01011628,1063,68,28,40,995,25,146,248,154,52,126,244
S01011629,629,54,26,28,575,59,66,95,76,37,124,118
S01011630,639,60,33,27,579,67,78,119,78,26,92,119
S01011631,628,70,12,58,558,106,28,97,64,50,91,122
S01011632,754,91,36,55,663,99,46,137,118,23,126,114
S01011633,736,94,43,51,642,78,98,142,102,20,87,115
S01011634,565,75,21,54,490,79,36,96,60,21,98,100
S01011635,683,72,22,50,611,58,42,147,112,48,89,115
S01011636,720,74,29,45,646,95,58,138,62,30,94,169
S01011637,686,103,35,68,583,62,62,110,80,16,108,145
S01011638,483,116,57,59,367,35,66,60,88,5,23,90
S01011639,590,80,39,41,510,97,56,77,68,26,69,117
S01011640,674,66,26,40,608,30,60,122,84,52,113,147
S01011641,476,42,27,15,434,10,56,99,84,6,67,112
S01011642,790,107,35,72,683,60,92,143,130,15,64,179
S01011643,586,66,33,33,520,10,52,181,92,41,53,91
S01011644,717,132,100,32,585,28,82,144,112,31,68,120
S01011645,537,86,47,39,451,41,104,97,76,21,29,83
S01011646,696,36,17,19,660,16,98,115,110,23,114,184
S01011647,878,59,14,45,819,50,52,216,144,41,114,202
S01011648,694,63,10,53,631,66,34,224,118,40,75,74
S01011649,502,86,37,49,416,78,42,85,102,20,39,50
S01011650,721,85,37,48,636,43,94,180,118,20,51,130
S01011651,926,182,65,117,744,66,130,167,118,41,64,158
S01011652,747,93,25,68,654,40,56,125,120,25,102,186
S01011653,899,82,41,41,817,65,74,124,114,77,153,210
S01011654,983,246,100,146,737,105,108,116,178,41,63,126
S01011655,846,237,89,148,609,132,76,62,138,23,44,134
S01011656,608,120,23,97,488,88,42,89,78,21,51,119
S01011657,514,150,34,116,364,67,18,71,90,15,31,72
S01011658,655,106,37,69,549,57,82,86,106,15,84,119
S01011659,787,112,52,60,675,109,90,93,94,44,64,181
S01011660,906,106,38,68,800,36,110,107,126,31,113,277
S01011661,516,88,26,62,428,41,80,89,70,20,37,91
S01011662,642,46,16,30,596,29,36,205,104,35,103,84
S01011663,961,164,21,143,797,122,40,186,126,39,108,176
S01011664,1044,99,46,53,945,78,116,167,124,55,167,238
S01011665,850,180,71,109,670,97,76,128,142,11,65,151
S01011666,853,218,90,128,635,73,106,88,130,39,41,158
S01011667,723,179,59,120,544,61,68,110,112,17,73,103
S01011668,1042,123,32,91,919,174,66,159,146,47,155,172
S01011669,628,97,48,49,531,14,122,99,114,6,62,114
S01011670,536,77,20,57,459,81,32,126,64,30,40,86
S01011671,659,113,60,53,546,41,96,81,118,26,66,118
S01011672,591,96,58,38,495,35,66,97,120,24,67,86
S01011673,661,76,32,44,585,66,54,123,102,15,85,140
S01011674,1002,113,51,62,889,48,98,281,200,31,63,168
S01011675,896,112,44,68,784,74,100,159,124,46,77,204
S01011676,699,109,43,66,590,84,76,94,74,32,75,155
S01011677,622,80,10,70,542,76,22,137,98,42,84,83
S01011678,464,86,30,56,378,43,54,58,70,36,56,61
S01011679,563,26,7,19,537,38,20,199,112,28,73,67
S01011680,1100,149,75,74,951,88,118,167,128,84,168,198
S01011681,847,86,38,48,761,72,78,192,120,56,75,168
S01011682,435,43,10,33,392,18,68,93,86,21,37,69
S01011683,745,92,28,64,653,29,66,122,118,38,133,147
S01011684,543,74,37,37,469,32,64,109,80,41,58,85
S01011685,802,44,12,32,758,27,40,252,116,50,127,146
S01011686,828,80,25,55,748,15,98,168,160,36,80,191
S01011687,864,126,58,68,738,80,82,163,140,26,113,134
S01011688,820,67,18,49,753,30,50,246,122,43,106,156
S01011689,667,37,12,25,630,14,54,181,132,35,60,154
S01011690,983,98,25,73,885,71,48,315,186,56,71,138
S01011691,624,35,13,22,589,42,44,213,84,43,72,91
S01011692,1074,134,63,71,940,98,114,200,130,56,112,230
S01011693,807,118,42,76,689,52,66,181,164,25,61,140
S01011694,535,41,6,35,494,37,12,211,86,37,60,51
S01011695,931,48,13,35,883,41,52,371,130,58,72,159
S01011696,1068,27,1,26,1041,75,18,431,176,123,86,132
S01011697,1029,92,34,58,937,79,54,340,160,69,92,143
S01011698,643,85,39,46,558,29,50,128,96,15,72,168
S01011699,911,108,38,70,803,36,112,192,130,27,97,209
S01011700,759,143,58,85,616,25,98,97,90,25,89,192
S01011701,1016,132,42,90,884,71,124,228,172,50,76,163
S01011702,733,113,56,57,620,14,98,94,150,58,72,134
S01011703,631,73,38,35,558,25,60,145,90,41,71,126
S01011704,747,59,17,42,688,41,54,224,82,66,100,121
S01011705,759,91,35,56,668,96,46,151,104,30,67,174
S01011706,987,164,84,80,823,41,122,154,142,47,110,207
S01011707,713,54,29,25,659,15,112,168,104,40,59,161
S01011708,919,185,82,103,734,53,84,124,150,25,98,200
S01011709,954,73,37,36,881,43,90,203,150,51,97,247
S01011710,647,55,21,34,592,88,46,160,96,41,78,83
S01011711,683,110,48,62,573,107,68,106,110,10,64,108
S01011712,530,138,38,100,392,55,52,67,114,5,22,77
S01011713,851,122,66,56,729,20,96,115,186,23,72,217
S01011714,566,26,2,24,540,30,16,265,60,36,61,72
S01011715,633,112,40,72,521,102,50,128,78,21,37,105
S01011716,917,81,14,67,836,52,52,264,132,47,138,151
S01011717,710,60,35,25,650,11,92,120,154,20,83,170
S01011718,800,48,5,43,752,42,22,352,122,46,78,90
S01011719,634,29,7,22,605,10,16,168,110,0,109,192
S01011720,529,37,9,28,492,10,80,97,102,5,56,142
S01011721,716,77,34,43,639,49,90,137,138,37,59,129
S01011722,721,108,59,49,613,60,70,107,112,38,82,144
S01011723,941,107,42,65,834,32,108,227,158,60,83,166
S01011724,733,50,4,46,683,64,8,236,96,66,113,100
S01011725,634,29,6,23,605,17,24,192,102,15,122,133
S01011726,552,39,5,34,513,17,24,203,100,15,72,82
S01011727,774,39,4,35,735,29,26,258,102,71,133,116
S01011728,929,106,36,70,823,97,94,142,142,45,68,235
S01011729,710,94,42,52,616,83,68,75,94,81,54,161
S01011730,844,160,64,96,684,18,130,104,202,5,26,199
S01011731,824,106,59,47,718,36,106,188,108,22,82,176
S01011732,785,38,17,21,747,10,94,142,150,21,91,239
S01011733,851,93,47,46,758,50,128,149,102,26,114,189
S01011734,751,106,51,55,645,36,110,113,92,25,71,198
S01011735,736,44,26,18,692,24,134,102,116,40,98,178
S01011736,770,93,38,55,677,89,46,190,102,65,52,133
S01011737,727,93,42,51,634,63,62,142,86,74,84,123
S01011738,1016,177,41,136,839,101,68,198,164,55,86,167
S01011739,502,70,34,36,432,22,58,88,80,15,46,123
S01011740,783,146,34,112,637,98,62,145,86,42,85,119
S01011741,657,104,33,71,553,77,74,92,66,15,76,153
S01011742,758,100,43,57,658,62,100,131,104,46,76,139
S01011743,797,138,62,76,659,86,102,106,132,43,64,126
S01011744,849,214,99,115,635,97,112,97,162,31,56,80
S01011745,711,191,139,52,520,46,122,104,114,5,34,95
S01011746,539,58,29,29,481,60,42,111,74,14,90,90
S01011747,992,120,36,84,872,177,78,165,102,37,122,191
S01011748,878,130,40,90,748,149,48,149,122,65,91,124
S01011749,769,168,12,156,601,159,22,121,124,48,70,57
S01011750,876,130,63,67,746,107,104,141,128,30,79,157
S01011751,972,253,50,203,719,173,28,187,186,16,33,96
S01011752,921,193,55,138,728,98,82,174,158,47,38,131
S01011753,777,119,47,72,658,54,108,121,162,35,44,134
S01011754,764,106,58,48,658,63,112,134,110,55,60,124
S01011755,939,197,38,159,742,99,54,168,150,49,57,165
S01011756,990,139,37,102,851,99,82,191,152,58,98,171
S01011757,730,123,59,64,607,67,48,165,110,46,60,111
S01011758,624,69,21,48,555,39,56,100,94,31,117,118
S01011759,836,83,43,40,753,54,110,180,110,53,76,170
S01011760,884,133,53,80,751,77,90,179,190,28,50,137
S01011761,720,64,19,45,656,106,24,194,104,55,87,86
S01011762,656,130,31,99,526,87,56,133,110,6,31,103
S01011763,773,113,52,61,660,45,66,159,140,15,68,167
S01011764,403,12,6,6,391,13,36,71,60,20,62,129
S01011765,974,64,15,49,910,46,70,218,190,20,110,256
S01011766,513,38,14,24,475,14,58,131,122,21,68,61
S01011767,848,190,81,109,658,71,108,86,162,17,62,152
S01011768,694,129,26,103,565,115,58,140,112,20,37,83
S01011769,607,140,52,88,467,33,110,112,98,15,33,66
S01011770,808,179,71,108,629,55,98,102,140,63,55,116
S01011771,667,26,11,15,641,27,40,176,136,45,62,155
S01011772,1102,55,26,29,1047,19,110,209,172,76,202,259
S01011773,596,24,6,18,572,25,12,233,78,20,72,132
S01011774,941,91,23,68,850,73,16,283,132,59,129,158
S01011775,667,34,5,29,633,28,28,270,72,45,101,89
S01011776,1097,15,3,12,1082,37,26,388,114,155,239,123
S01011777,645,72,18,54,573,35,44,252,98,40,43,61
S01011778,634,83,37,46,551,35,20,179,110,31,83,93
S01011779,793,85,43,42,708,11,96,218,126,31,103,123
S01011780,939,33,15,18,906,12,58,177,164,117,168,210
S01011781,584,41,20,21,543,17,56,117,76,52,106,119
S01011782,683,60,23,37,623,16,80,113,100,31,82,201
S01011783,575,27,11,16,548,14,64,130,96,11,59,174
S01011784,793,108,47,61,685,66,48,150,168,17,56,180
S01011785,873,117,77,40,756,69,92,157,176,40,69,153
S01011786,431,4,0,4,427,15,0,153,48,59,78,74
S01011787,1026,196,76,120,830,108,88,168,130,51,118,167
S01011788,697,20,9,11,677,5,38,218,106,58,160,92
S01011789,660,73,40,33,587,34,90,112,114,33,63,141
S01011790,998,101,27,74,897,84,84,205,174,86,90,174
S01011791,735,123,46,77,612,63,94,111,118,40,74,112
S01011792,888,286,157,129,602,34,128,143,128,25,28,116
S01011793,660,131,66,65,529,11,80,103,146,16,44,129
S01011794,884,152,51,101,732,76,100,215,140,30,62,109
S01011795,627,114,34,80,513,91,64,98,126,25,31,78
S01011796,774,146,56,90,628,97,50,127,106,51,82,115
S01011797,1012,67,36,31,945,9,136,202,150,30,160,258
S01011798,550,78,33,45,472,37,50,94,82,32,66,111
S01011799,918,63,31,32,855,53,130,154,140,52,90,236
S01011800,519,56,31,25,463,28,82,95,78,32,44,104
S01011801,608,75,17,58,533,67,40,129,92,58,71,76
S01011802,731,151,71,80,580,87,104,120,80,48,49,92
S01011803,593,63,26,37,530,57,54,89,88,49,57,136
S01011804,724,165,72,93,559,73,70,115,160,27,36,78
S01011805,534,136,49,87,398,16,66,87,92,10,39,88
S01011806,768,131,59,72,637,28,122,164,126,52,71,74
S01011807,1063,114,49,65,949,35,142,204,180,46,112,230
S01011808,623,103,52,51,520,21,86,123,90,35,64,101
S01011809,715,81,38,43,634,18,88,147,138,37,64,142
S01011810,940,124,49,75,816,16,124,179,182,60,98,157
S01011811,1052,117,57,60,935,24,152,210,152,115,73,209
S01011812,669,66,40,26,603,19,74,147,136,36,85,106
S01011813,748,66,28,38,682,19,94,150,154,53,84,128
S01011814,721,76,39,37,645,12,96,157,124,69,90,97
S01011815,814,82,28,54,732,45,84,186,96,74,144,103
S01011816,628,59,24,35,569,9,92,106,106,63,59,134
S01011817,724,77,35,42,647,12,74,170,128,45,90,128
S01011818,1091,155,65,90,936,70,142,235,158,47,93,191
S01011819,835,185,73,112,650,56,92,130,186,17,52,117
S01011820,720,105,61,44,615,26,94,131,118,54,69,123
S01011821,430,113,27,86,317,28,28,73,88,21,49,30
S01011822,712,226,77,149,486,56,54,115,140,10,22,89
S01011823,608,101,38,63,507,57,88,99,98,31,29,105
S01011824,703,106,43,63,597,45,48,159,148,60,43,94
S01011825,535,110,44,66,425,35,80,76,110,20,23,81
S01011826,652,123,49,74,529,32,68,155,134,5,49,86
S01011827,527,132,59,73,395,9,114,45,110,33,32,52
S01011828,904,133,62,71,771,5,124,160,198,76,79,129
S01011829,409,63,27,36,346,4,60,71,104,10,43,54
S01011830,572,107,46,61,465,37,88,88,118,42,21,71
S01011831,896,155,86,69,741,63,156,139,150,39,93,101
S01011832,834,140,70,70,694,43,146,136,164,20,62,123
S01011833,959,61,33,28,898,22,124,222,140,68,128,194
S01011834,496,22,11,11,474,12,56,153,82,66,44,61
S01011835,685,58,25,33,627,24,64,158,158,47,63,113
S01011836,756,76,35,41,680,18,124,145,176,15,52,150
S01011837,620,44,21,23,576,11,92,140,144,20,62,107
S01011838,805,64,38,26,741,7,130,162,144,41,90,167
S01011839,962,141,74,67,821,19,144,215,198,20,74,151
S01011840,1001,100,43,57,901,45,98,217,184,84,119,154
S01011841,950,126,72,54,824,84,120,211,138,57,82,132
S01011842,965,194,99,95,771,50,110,171,142,69,81,148
S01011843,980,100,44,56,880,21,138,222,212,66,89,132
S01011844,753,66,39,27,687,19,112,200,104,76,71,105
S01011845,857,125,66,59,732,73,112,203,126,55,52,111
S01011846,869,107,49,58,762,25,130,194,168,51,39,155
S01011847,429,35,14,21,394,5,66,126,94,30,33,40
S01011848,727,75,37,38,652,26,122,155,134,51,59,105
S01011849,813,106,35,71,707,45,78,197,148,36,83,120
S01011850,672,100,42,58,572,28,104,162,130,25,37,86
S01011851,870,100,44,56,770,22,116,184,150,82,62,154
S01011852,976,174,98,76,802,54,116,215,142,43,44,188
S01011853,708,75,25,50,633,48,90,152,132,47,50,114
S01011854,745,113,66,47,632,30,170,100,126,11,94,101
S01011855,848,99,56,43,749,44,136,169,112,27,91,170
S01011856,691,80,60,20,611,9,188,110,102,31,68,103
S01011857,689,87,47,40,602,14,112,173,102,27,59,115
S01011858,859,115,83,32,744,31,228,181,122,25,52,105
S01011859,839,196,127,69,643,8,198,131,126,17,52,111
S01011860,506,50,21,29,456,20,54,99,88,36,56,103
S01011861,732,111,43,68,621,34,136,107,134,55,68,87
S01011862,947,119,77,42,828,10,226,145,158,80,86,123
S01011863,734,103,56,47,631,23,128,109,98,40,79,154
S01011864,716,76,44,32,640,23,152,139,124,30,56,116
S01011865,601,124,70,54,477,16,90,105,70,48,53,95
S01011866,817,88,55,33,729,36,120,211,122,78,60,102
S01011867,961,167,82,85,794,62,98,216,140,64,93,121
S01011868,869,167,80,87,702,54,86,168,152,67,73,102
S01011869,758,191,73,118,567,27,86,134,164,25,30,101
S01011870,692,106,36,70,586,47,94,122,112,51,61,99
S01011871,1087,96,37,59,991,47,118,270,204,77,107,168
S01011872,914,72,25,47,842,19,120,217,194,92,64,136
S01011873,812,76,18,58,736,46,86,166,202,64,65,107
S01011874,657,73,30,43,584,28,80,126,142,30,98,80
S01011875,672,114,69,45,558,27,126,134,106,23,41,101
S01011876,939,111,37,74,828,25,112,222,164,83,80,142
S01011877,546,86,36,50,460,23,112,74,110,31,29,81
S01011878,947,68,36,32,879,44,150,210,166,54,121,134
S01011879,547,54,24,30,493,18,54,120,86,15,115,85
S01011880,593,48,24,24,545,5,80,178,116,25,52,89
S01011881,817,129,68,61,688,63,94,225,118,31,83,74
S01011882,941,153,114,39,788,47,154,185,160,26,32,184
S01011883,1026,102,53,49,924,43,126,226,242,61,92,134
S01011884,412,35,15,20,377,5,52,88,90,27,30,85
S01011885,689,45,23,22,644,11,74,218,152,77,35,77
S01011886,875,85,44,41,790,46,114,175,180,67,86,122
S01011887,594,52,35,17,542,38,56,130,82,30,78,128
S01011888,871,110,52,58,761,90,72,223,100,55,78,143
S01011889,892,172,107,65,720,29,126,189,150,50,69,107
S01011890,708,91,36,55,617,14,78,201,110,21,82,111
S01011891,741,177,78,99,564,84,56,137,106,16,60,105
S01011892,981,226,35,191,755,67,62,173,214,53,75,111
S01011893,929,210,70,140,719,64,110,170,244,21,48,62
S01011894,635,108,36,72,527,18,52,140,106,33,42,136
S01011895,632,99,52,47,533,4,148,123,126,22,36,74
S01011896,866,165,81,84,701,27,116,179,164,56,36,123
S01011897,1027,119,75,44,908,33,154,227,164,78,93,159
S01011898,675,38,17,21,637,16,70,186,110,47,119,89
S01011899,779,97,55,42,682,10,160,149,140,40,70,113
S01011900,735,57,32,25,678,32,120,149,100,40,90,147
S01011901,899,123,44,79,776,39,134,188,150,62,86,117
S01011902,1056,125,84,41,931,16,214,219,170,48,71,193
S01011903,798,90,68,22,708,6,168,171,142,52,28,141
S01011904,744,77,49,28,667,21,116,143,158,58,35,136
S01011905,775,37,25,12,738,27,78,204,112,37,112,168
S01011906,425,56,25,31,369,10,76,75,116,15,32,45
S01011907,745,101,36,65,644,33,80,168,164,15,41,143
S01011908,376,25,7,18,351,22,30,80,82,40,42,55
S01011909,1036,78,9,69,958,49,28,407,218,62,61,133
S01011910,910,201,65,136,709,148,60,139,148,52,47,115
S01011911,641,89,48,41,552,24,92,103,92,50,60,131
S01011912,727,107,49,58,620,91,74,123,90,46,64,132
S01011913,739,143,48,95,596,102,54,153,136,52,14,85
S01011914,865,102,34,68,763,149,42,200,114,109,79,70
S01011915,811,99,52,47,712,57,66,152,128,78,49,182
S01011916,592,61,29,32,531,52,54,116,64,41,86,118
S01011917,510,73,34,39,437,43,62,79,82,30,45,96
S01011918,786,158,38,120,628,130,40,176,88,47,60,87
S01011919,809,142,32,110,667,66,52,131,194,20,93,111
S01011920,622,106,41,65,516,66,64,79,108,21,51,127
S01011921,594,103,45,58,491,100,52,117,92,26,21,83
S01011922,768,120,37,83,648,82,70,157,130,26,61,122
S01011923,880,127,40,87,753,95,48,225,138,46,92,109
S01011924,454,69,27,42,385,43,52,137,54,27,0,72
S01011925,758,46,4,42,712,32,20,232,114,80,115,119
S01011926,656,97,36,61,559,68,62,138,124,31,56,80
S01011927,613,95,34,61,518,71,64,116,102,5,55,105
S01011928,702,117,47,70,585,50,86,94,154,26,42,133
S01011929,692,117,68,49,575,35,72,132,112,20,46,158
S01011930,638,100,45,55,538,87,72,103,114,27,45,90
S01011931,625,76,22,54,549,68,26,117,86,53,68,131
S01011932,621,102,12,90,519,55,28,145,166,20,37,68
S01011933,631,164,35,129,467,26,60,112,142,0,29,98
S01011934,1091,181,78,103,910,63,134,191,244,57,95,126
S01011935,793,238,61,177,555,31,50,118,202,10,10,134
S01011936,679,190,39,151,489,37,62,100,156,10,43,81
S01011937,667,214,66,148,453,48,62,55,192,0,16,80
S01011938,670,209,67,142,461,38,90,96,158,6,24,49
S01011939,710,261,27,234,449,47,36,83,204,5,26,48
S01011940,441,144,39,105,297,49,18,58,118,10,14,30
S01011941,682,261,28,233,421,52,16,67,222,5,0,59
S01011942,849,369,103,266,480,60,62,60,206,0,18,74
S01011943,1112,434,123,311,678,85,70,130,260,11,31,91
S01011944,444,41,23,18,403,6,78,82,96,15,46,80
S01011945,767,54,36,18,713,4,176,110,134,88,74,127
S01011946,789,138,73,65,651,43,154,129,116,57,56,96
S01011947,490,51,39,12,439,26,118,63,72,26,44,90
S01011948,1042,235,137,98,807,41,156,145,164,71,113,117
S01011949,825,113,80,33,712,30,242,159,114,21,29,117
S01011950,738,117,83,34,621,19,170,124,106,41,68,93
S01011951,678,88,64,24,590,45,108,152,112,15,42,116
S01011952,498,33,16,17,465,2,88,171,94,31,34,45
S01011953,754,95,63,32,659,34,98,163,134,41,94,95
S01011954,492,83,50,33,409,33,72,103,74,22,36,69
S01011955,959,180,97,83,779,46,154,144,148,49,58,180
S01011956,1033,77,39,38,956,31,114,340,142,82,88,159
S01011957,742,96,36,60,646,24,108,141,140,40,104,89
S01011958,1060,142,71,71,918,36,180,187,198,66,71,180
S01011959,854,92,44,48,762,27,120,181,160,36,83,155
S01011960,798,63,18,45,735,11,92,271,176,50,26,109
S01011961,734,82,33,49,652,49,68,166,160,60,66,83
S01011962,688,36,15,21,652,9,94,193,136,58,74,88
S01011963,522,70,36,34,452,21,72,151,90,21,53,44
S01011964,980,134,50,84,846,36,164,213,204,54,41,134
S01011965,797,139,87,52,658,34,158,120,106,40,79,121
S01011966,840,83,47,36,757,25,138,193,160,63,83,95
S01011967,997,100,40,60,897,45,138,230,192,76,60,156
S01011968,996,176,60,116,820,58,114,219,176,38,57,158
S01011969,1045,146,66,80,899,63,164,189,182,57,55,189
S01011970,990,142,55,87,848,103,90,203,152,90,69,141
S01011971,576,78,37,41,498,26,78,122,76,62,77,57
S01011972,1115,149,69,80,966,22,192,183,240,35,83,211
S01011973,621,68,35,33,553,18,102,134,128,48,23,100
S01011974,738,76,38,38,662,13,124,164,158,33,44,126
S01011975,452,46,22,24,406,20,88,73,92,13,37,83
S01011976,779,105,55,50,674,36,130,161,140,37,58,112
S01011977,1111,170,81,89,941,57,152,188,178,26,119,221
S01011978,693,145,90,55,548,34,128,145,102,25,27,87
S01011979,947,98,51,47,849,8,142,197,192,91,97,122
S01011980,401,52,22,30,349,0,64,89,94,20,26,56
S01011981,890,118,48,70,772,39,146,153,162,43,118,111
S01011982,940,112,34,78,828,29,152,164,196,71,77,139
S01011983,695,129,68,61,566,8,156,88,136,20,64,94
S01011984,676,125,73,52,551,65,62,121,94,38,78,93
S01011985,662,82,47,35,580,23,102,85,138,25,94,113
S01011986,664,127,45,82,537,70,62,139,86,43,38,99
S01011987,948,99,51,48,849,48,156,201,152,52,100,140
S01011988,620,92,56,36,528,3,142,82,136,6,69,90
S01011989,866,93,61,32,773,57,166,169,136,30,71,144
S01011990,750,121,79,42,629,16,188,134,110,40,14,127
S01011991,703,84,53,31,619,46,82,105,104,36,74,172
S01011992,962,178,93,85,784,31,204,169,126,49,66,139
S01011993,838,237,124,113,601,70,68,134,142,10,62,115
S01011994,676,61,47,14,615,4,210,50,136,15,73,127
S01011995,806,71,25,46,735,10,100,185,148,79,54,159
S01011996,555,92,50,42,463,23,56,91,98,39,73,83
S01011997,886,148,56,92,738,68,114,169,168,15,70,134
S01011998,545,43,22,21,502,16,112,153,82,41,48,50
S01011999,621,95,36,59,526,25,94,120,120,21,41,105
S01012000,454,44,21,23,410,14,74,115,106,25,17,59
S01012001,635,106,49,57,529,13,78,171,116,32,32,87
S01012002,539,71,46,25,468,21,104,98,80,15,46,104
S01012003,533,76,30,46,457,18,76,72,94,42,37,118
S01012004,846,133,84,49,713,20,132,177,164,26,72,122
S01012005,877,67,19,48,810,42,80,211,130,83,90,174
S01012006,624,80,28,52,544,11,84,131,150,42,47,79
S01012007,790,134,81,53,656,7,142,143,148,41,52,123
S01012008,901,142,53,89,759,67,152,184,150,52,39,115
S01012009,642,98,37,61,544,37,106,116,106,42,31,106
S01012010,1079,173,91,82,906,23,258,152,190,63,76,144
S01012011,1068,217,119,98,851,80,154,153,184,37,69,174
S01012012,626,112,77,35,514,10,146,87,132,5,26,108
S01012013,738,113,48,65,625,30,140,89,164,41,38,123
S01012014,813,176,77,99,637,31,94,127,138,57,72,118
S01012015,980,128,71,57,852,59,160,164,122,83,121,143
S01012016,780,104,47,57,676,14,132,136,176,41,56,121
S01012017,495,62,25,37,433,0,94,80,108,35,41,75
S01012018,843,103,41,62,740,33,152,139,158,69,92,97
S01012019,846,129,37,92,717,27,70,256,136,56,72,100
S01012020,698,175,88,87,523,28,68,144,106,30,54,93
S01012021,565,59,14,45,506,11,60,106,76,22,85,146
S01012022,660,79,23,56,581,53,62,163,130,21,51,101
S01012023,531,67,23,44,464,8,76,128,90,22,46,94
S01012024,868,87,28,59,781,42,84,261,168,31,75,120
S01012025,687,72,38,34,615,28,74,191,118,15,56,133
S01012026,648,30,5,25,618,26,28,244,44,46,114,116
S01012027,823,54,18,36,769,34,84,224,140,70,61,156
S01012028,932,74,35,39,858,18,132,184,156,74,80,214
S01012029,967,131,48,83,836,25,92,143,166,63,101,246
S01012030,641,62,17,45,579,3,54,155,90,31,105,141
S01012031,553,43,30,13,510,12,106,144,100,26,20,102
S01012032,347,34,15,19,313,11,56,58,58,11,39,80
S01012033,800,139,70,69,661,28,100,93,136,41,82,181
S01012034,825,151,61,90,674,66,90,164,136,57,59,102
S01012035,919,153,59,94,766,27,128,206,144,44,67,150
S01012036,846,127,51,76,719,20,134,145,114,31,69,206
S01012037,989,152,58,94,837,144,106,202,96,52,84,153
S01012038,932,110,25,85,822,225,44,132,76,105,101,139
S01012039,956,119,63,56,837,49,132,172,132,35,111,206
S01012040,691,52,21,31,639,40,52,95,102,45,152,153
S01012041,914,106,45,61,808,70,98,199,116,62,102,161
S01012042,917,142,79,63,775,77,114,134,94,47,100,209
S01012043,926,109,24,85,817,149,74,188,108,52,89,157
S01012044,892,232,108,124,660,75,116,145,104,36,33,151
S01012045,1060,309,76,233,751,97,76,150,192,34,76,126
S01012046,686,191,78,113,495,97,76,96,82,6,35,103
S01012047,932,301,143,158,631,87,106,137,148,15,58,80
S01012048,740,213,86,127,527,93,68,115,102,58,31,60
S01012049,660,157,47,110,503,39,80,130,106,5,19,124
S01012050,1019,116,25,91,903,84,64,277,154,42,111,171
S01012051,497,123,64,59,374,22,54,87,62,0,66,83
S01012052,866,239,97,142,627,42,114,125,124,15,62,145
S01012053,903,201,65,136,702,103,106,131,122,37,53,150
S01012054,829,214,36,178,615,158,36,132,150,26,42,71
S01012055,877,211,98,113,666,118,98,127,140,6,52,125
S01012056,776,120,72,48,656,31,98,119,136,20,92,160
S01012057,743,81,48,33,662,20,98,139,134,16,78,177
S01012058,728,102,47,55,626,24,124,109,116,20,80,153
S01012059,870,161,70,91,709,97,102,101,148,47,90,124
S01012060,857,154,86,68,703,71,100,149,126,43,60,154
S01012061,963,143,45,98,820,60,130,172,160,32,63,203
S01012062,846,77,29,48,769,22,68,194,150,39,126,170
S01012063,547,82,6,76,465,72,22,133,100,10,86,42
S01012064,653,85,16,69,568,122,14,171,84,42,32,103
S01012065,624,94,16,78,530,164,14,111,62,58,49,72
S01012066,852,145,22,123,707,141,26,167,108,53,85,127
S01012067,534,102,19,83,432,89,20,84,64,25,47,103
S01012068,538,132,38,94,406,78,28,72,58,25,69,76
S01012069,479,174,31,143,305,68,22,74,82,5,15,39
S01012070,710,288,91,197,422,87,42,62,106,26,17,82
S01012071,1057,443,87,356,614,133,64,127,188,11,18,73
S01012072,1107,471,110,361,636,103,78,120,210,26,26,73
S01012073,695,108,25,83,587,67,32,184,140,21,43,100
S01012074,715,145,35,110,570,30,52,182,126,31,43,106
S01012075,724,47,9,38,677,27,24,228,112,10,81,195
S01012076,722,178,76,102,544,49,84,143,130,5,51,82
S01012077,751,144,29,115,607,135,40,113,140,33,55,91
S01012078,871,122,17,105,749,70,38,212,128,52,84,165
S01012079,917,188,78,110,729,85,106,148,136,36,60,158
S01012080,809,109,25,84,700,214,20,166,104,61,42,93
S01012081,737,193,42,151,544,109,46,132,106,40,26,85
S01012082,620,152,45,107,468,93,70,79,74,11,41,100
S01012083,690,204,61,143,486,54,76,101,90,30,47,88
S01012084,577,54,32,22,523,24,72,114,96,15,56,146
S01012085,677,102,44,58,575,11,92,112,94,27,64,175
S01012086,918,175,60,115,743,120,100,159,130,25,51,158
S01012087,720,155,69,86,565,72,98,106,90,15,65,119
S01012088,740,75,15,60,665,44,44,240,90,53,71,123
S01012089,842,107,29,78,735,25,86,180,118,53,83,190
S01012090,884,63,32,31,821,22,136,144,174,32,90,223
S01012091,537,78,31,47,459,32,66,87,92,11,41,130
S01012092,506,54,18,36,452,11,76,87,84,20,47,127
S01012093,535,148,41,107,387,17,76,97,80,0,30,87
S01012094,751,76,37,39,675,14,128,149,118,15,72,179
S01012095,1061,106,24,82,955,80,48,222,120,61,177,247
S01012096,871,128,63,65,743,60,114,147,110,32,101,179
S01012097,695,59,33,26,636,56,74,148,128,58,68,104
S01012098,628,86,39,47,542,75,48,104,96,11,83,125
S01012099,787,122,54,68,665,91,86,93,80,38,101,176
S01012100,1089,170,90,80,919,104,144,178,156,63,91,183
S01012101,785,68,40,28,717,17,116,143,108,37,104,192
S01012102,670,122,26,96,548,149,36,117,96,26,43,81
S01012103,925,147,31,116,778,70,78,209,154,20,75,172
S01012104,924,70,28,42,854,41,46,287,138,66,116,160
S01012105,1115,165,69,96,950,47,112,228,178,63,96,226
S01012106,1101,182,45,137,919,41,96,302,182,35,89,174
S01012107,646,97,30,67,549,9,76,101,88,46,91,138
S01012108,908,424,229,195,484,41,172,58,126,0,26,61
S01012109,922,331,54,277,591,141,40,123,160,30,29,68
S01012110,700,288,110,178,412,42,76,83,130,10,12,59
S01012111,558,183,53,130,375,48,22,80,78,21,62,64
S01012112,731,226,130,96,505,27,122,62,120,15,48,111
S01012113,990,228,107,121,762,37,168,167,142,17,79,152
S01012114,820,114,52,62,706,51,106,168,118,30,59,174
S01012115,517,99,48,51,418,39,88,117,78,10,25,61
S01012116,591,108,51,57,483,31,98,116,76,10,75,77
S01012117,807,54,15,39,753,25,28,371,104,58,70,97
S01012118,661,35,1,34,626,11,32,187,90,77,100,129
S01012119,900,61,29,32,839,21,142,240,118,20,95,203
S01012120,583,87,28,59,496,46,54,111,84,20,94,87
S01012121,903,141,62,79,762,77,104,171,114,25,108,163
S01012122,764,89,41,48,675,30,96,92,84,21,87,265
S01012123,510,71,18,53,439,33,48,55,62,23,89,129
S01012124,503,109,16,93,394,27,42,68,128,0,57,72
S01012125,782,318,78,240,464,113,32,93,150,16,9,51
S01012126,753,191,16,175,562,31,24,147,166,31,64,99
S01012127,849,361,35,326,488,72,30,102,182,26,14,62
S01012128,510,118,17,101,392,94,12,75,154,0,16,41
S01012129,669,273,54,219,396,60,42,62,160,0,14,58
S01012130,1002,464,174,290,538,40,122,122,170,15,29,40
S01012131,962,382,66,316,580,94,70,80,186,20,31,99
S01012132,684,246,36,210,438,81,44,91,152,10,17,43
S01012133,750,234,26,208,516,61,26,133,144,17,43,92
S01012134,1090,297,136,161,793,57,148,128,220,31,67,142
S01012135,878,380,76,304,498,124,34,83,150,15,40,52
S01012136,835,325,28,297,510,81,22,103,158,32,30,84
S01012137,671,309,105,204,362,62,58,67,118,5,5,47
S01012138,904,209,81,128,695,32,96,144,160,37,70,156
S01012139,940,192,113,79,748,57,110,221,148,16,44,152
S01012140,519,38,20,18,481,7,80,125,76,5,59,129
S01012141,1014,102,60,42,912,34,140,261,126,26,109,216
S01012142,952,94,66,28,858,28,164,214,118,21,104,209
S01012143,869,114,80,34,755,21,152,120,102,10,106,244
S01012144,1046,130,90,40,916,31,154,250,134,36,81,230
S01012145,1019,91,61,30,928,30,136,238,122,50,132,220
S01012146,979,308,112,196,671,129,106,134,176,32,35,59
S01012147,753,191,65,126,562,128,74,77,116,25,28,114
S01012148,756,133,43,90,623,170,64,131,132,20,20,86
S01012149,800,106,24,82,694,62,54,143,128,54,89,164
S01012150,778,133,63,70,645,93,98,132,76,47,49,150
S01012151,760,198,84,114,562,66,98,132,68,25,75,98
S01012152,744,173,37,136,571,79,54,78,92,50,92,126
S01012153,538,205,28,177,333,73,10,74,84,20,21,51
S01012154,777,333,64,269,444,75,54,85,146,5,23,56
S01012155,546,237,46,191,309,31,26,40,106,15,24,67
S01012156,605,214,70,144,391,77,54,57,116,0,30,57
S01012157,989,212,63,149,777,80,80,230,148,41,66,132
S01012158,1068,170,36,134,898,76,54,244,240,41,97,146
S01012159,503,66,39,27,437,5,86,71,102,6,39,128
S01012160,662,75,39,36,587,26,100,130,128,16,42,145
S01012161,457,68,21,47,389,113,30,72,58,15,22,79
S01012162,870,140,24,116,730,147,24,188,130,41,103,97
S01012163,761,191,31,160,570,79,40,156,114,55,72,54
S01012164,1098,78,8,70,1020,78,24,422,184,48,117,147
S01012165,921,199,40,159,722,150,62,156,136,48,69,101
S01012166,604,112,22,90,492,115,32,91,102,0,19,133
S01012167,781,212,48,164,569,30,106,119,126,20,37,131
S01012168,848,125,66,59,723,30,140,148,118,30,103,154
S01012169,851,170,65,105,681,51,130,126,186,27,73,88
S01012170,975,271,132,139,704,57,166,119,146,58,23,135
S01012171,1000,171,74,97,829,80,128,182,140,26,95,178
S01012172,744,146,57,89,598,69,104,138,82,33,67,105
S01012173,647,91,62,29,556,15,134,64,82,26,73,162
S01012174,894,40,7,33,854,41,20,302,118,70,88,215
S01012175,818,145,34,111,673,46,70,162,160,30,62,143
S01012176,841,119,35,84,722,36,64,119,160,29,79,235
S01012177,617,47,22,25,570,30,66,89,98,25,87,175
S01012178,519,40,21,19,479,6,62,101,108,10,48,144
S01012179,604,126,75,51,478,47,92,59,92,20,64,104
S01012180,573,99,64,35,474,55,98,84,68,10,59,100
S01012181,757,190,94,96,567,38,92,81,96,35,85,140
S01012182,1049,115,12,103,934,42,46,258,212,46,135,195
S01012183,720,217,44,173,503,48,54,116,160,28,30,67
S01012184,502,133,8,125,369,21,20,69,164,10,23,62
S01012185,704,370,32,338,334,75,26,57,110,12,20,34
S01012186,694,134,70,64,560,58,104,125,112,22,30,109
S01012187,669,210,74,136,459,62,66,70,96,17,30,118
S01012188,523,85,49,36,438,22,84,68,110,16,28,110
S01012189,581,72,31,41,509,5,50,192,90,36,21,115
S01012190,556,40,10,30,516,27,28,238,96,37,28,62
S01012191,872,52,18,34,820,21,90,177,130,51,102,249
S01012192,505,32,16,16,473,5,76,98,60,16,78,140
S01012193,562,12,2,10,550,19,18,176,64,25,95,153
S01012194,561,22,4,18,539,12,26,166,44,47,89,155
S01012195,1118,90,46,44,1028,35,100,291,120,50,150,282
S01012196,573,50,16,34,523,32,8,147,76,41,88,131
S01012197,726,99,52,47,627,56,82,165,92,26,64,142
S01012198,859,162,59,103,697,63,54,200,144,40,62,134
S01012199,730,98,41,57,632,53,70,119,84,30,77,199
S01012200,647,86,39,47,561,74,66,118,84,15,82,122
S01012201,770,90,34,56,680,39,88,178,112,42,100,121
S01012202,598,56,22,34,542,67,84,128,66,15,59,123
S01012203,772,63,26,37,709,20,138,103,126,21,86,215
S01012204,789,30,9,21,759,13,42,143,134,31,128,268
S01012205,675,56,13,43,619,25,68,116,140,23,86,161
S01012206,846,62,25,37,784,37,64,154,114,81,101,233
S01012207,926,130,67,63,796,90,114,215,98,41,89,149
S01012208,1057,152,65,87,905,119,128,195,118,45,122,178
S01012209,737,104,49,55,633,63,78,126,108,30,116,112
S01012210,790,165,100,65,625,58,114,168,76,35,57,117
S01012211,905,146,63,83,759,40,96,226,134,46,57,160
S01012212,762,51,26,25,711,7,130,135,120,16,88,215
S01012213,808,61,27,34,747,18,118,148,166,26,40,231
S01012214,681,71,50,21,610,14,112,151,90,36,46,161
S01012215,843,61,25,36,782,13,116,179,132,26,82,234
S01012216,709,66,28,38,643,15,82,146,104,37,89,170
S01012217,560,110,22,88,450,86,40,79,72,31,54,88
S01012218,487,98,20,78,389,104,32,79,44,37,33,60
S01012219,846,164,76,88,682,71,150,101,100,32,69,159
S01012220,629,202,71,131,427,72,76,56,96,11,24,92
S01012221,628,155,82,73,473,46,100,82,84,15,51,95
S01012222,789,169,60,109,620,46,140,107,124,16,69,118
S01012223,722,160,79,81,562,99,98,91,68,24,70,112
S01012224,767,106,40,66,661,93,76,128,120,53,105,86
S01012225,1070,166,72,94,904,117,90,194,112,79,142,170
S01012226,731,67,26,41,664,47,94,143,80,46,91,163
S01012227,669,59,21,38,610,75,84,100,58,22,125,146
S01012228,693,41,20,21,652,38,58,148,100,43,98,167
S01012229,684,111,22,89,573,26,68,144,152,15,58,110
S01012230,911,106,41,65,805,32,88,270,178,30,85,122
S01012231,831,45,20,25,786,15,54,234,112,41,144,186
S01012232,868,60,26,34,808,11,82,244,102,76,108,185
S01012233,953,39,14,25,914,25,134,233,120,82,92,228
S01012234,1082,74,29,45,1008,44,72,288,132,77,125,270
S01012235,457,39,26,13,418,5,98,45,74,11,55,130
S01012236,610,99,42,57,511,26,84,141,78,30,46,106
S01012237,801,76,40,36,725,26,124,205,88,57,74,151
S01012238,604,142,54,88,462,29,70,136,84,15,50,78
S01012239,586,107,39,68,479,49,44,110,84,25,52,115
S01012240,842,149,78,71,693,31,108,154,122,50,84,144
S01012241,569,53,20,33,516,10,74,168,114,54,29,67
S01012242,800,61,39,22,739,17,110,205,102,35,126,144
S01012243,644,59,34,25,585,16,68,172,66,90,61,112
S01012244,911,58,23,35,853,11,110,267,168,118,36,143
S01012245,734,118,76,42,616,17,104,178,124,57,74,62
S01012246,813,58,34,24,755,36,64,216,132,143,81,83
S01012247,713,67,31,36,646,24,92,192,170,16,57,95
S01012248,818,82,33,49,736,22,90,195,152,54,96,127
S01012249,863,95,32,63,768,46,98,204,144,66,42,168
S01012250,671,86,33,53,585,13,106,146,154,47,46,73
S01012251,957,180,90,90,777,65,88,221,162,40,50,151
S01012252,713,128,55,73,585,47,64,193,110,43,46,82
S01012253,871,282,127,155,589,11,102,91,184,36,51,114
S01012254,858,148,68,80,710,23,108,213,144,50,64,108
S01012255,859,221,112,109,638,41,158,154,164,15,19,87
S01012256,867,45,22,23,822,44,108,243,130,76,73,148
S01012257,926,116,52,64,810,52,154,232,142,38,30,162
S01012258,759,50,32,18,709,25,124,206,126,70,74,84
S01012259,606,81,51,30,525,2,160,114,80,36,43,90
S01012260,857,113,76,37,744,34,112,223,118,45,82,130
S01012261,883,53,24,29,830,30,88,304,134,128,56,90
S01012262,792,101,33,68,691,11,100,171,160,59,74,116
S01012263,699,168,48,120,531,44,88,147,108,11,38,95
S01012264,472,81,34,47,391,30,74,102,68,30,25,62
S01012265,788,102,49,53,686,52,102,152,114,34,104,128
S01012266,1058,211,113,98,847,42,180,214,212,35,55,109
S01012267,682,98,36,62,584,18,116,173,150,31,23,73
S01012268,627,83,32,51,544,11,60,144,100,51,77,101
S01012269,999,164,97,67,835,30,158,192,158,54,107,136
S01012270,775,114,48,66,661,53,102,160,122,32,75,117
S01012271,1023,98,28,70,925,20,118,265,216,85,85,136
S01012272,718,89,41,48,629,39,78,160,122,50,76,104
S01012273,697,63,37,26,634,15,124,130,144,37,55,129
S01012274,916,147,40,107,769,22,84,220,232,55,46,110
S01012275,800,228,45,183,572,40,46,125,196,5,23,137
S01012276,915,203,62,141,712,33,74,182,192,53,46,132
S01012277,1045,169,42,127,876,62,90,254,206,70,61,133
S01012278,687,238,73,165,449,10,64,97,110,26,22,120
S01012279,774,186,35,151,588,82,60,126,156,30,62,72
S01012280,933,128,53,75,805,53,74,178,176,42,113,169
S01012281,704,173,63,110,531,22,76,117,132,27,31,126
S01012282,936,187,116,71,749,14,176,229,148,26,42,114
S01012283,848,123,50,73,725,49,70,194,124,32,93,163
S01012284,774,230,98,132,544,44,90,106,144,34,45,81
S01012285,537,86,47,39,451,6,98,77,144,10,17,99
S01012286,1049,158,47,111,891,89,124,178,216,30,92,162
S01012287,980,196,63,133,784,123,96,238,138,41,48,100
S01012288,769,161,52,109,608,86,80,128,114,25,59,116
S01012289,837,149,78,71,688,30,184,112,134,61,45,122
S01012290,585,132,79,53,453,22,70,155,74,40,34,58
S01012291,961,135,46,89,826,64,88,289,176,62,63,84
S01012292,717,120,74,46,597,23,182,148,82,74,17,71
S01012293,477,70,28,42,407,16,64,103,76,44,36,68
S01012294,870,101,34,67,769,59,84,199,154,36,79,158
S01012295,731,65,11,54,666,19,26,280,126,43,82,90
S01012296,888,66,21,45,822,52,52,310,142,87,91,88
S01012297,589,63,27,36,526,20,78,130,142,51,43,62
S01012298,810,130,69,61,680,12,104,207,150,30,39,138
S01012299,620,47,19,28,573,21,76,170,152,25,47,82
S01012300,648,103,54,49,545,21,82,160,102,26,52,102
S01012301,949,91,37,54,858,49,158,158,198,76,67,152
S01012302,556,65,17,48,491,11,68,98,134,47,74,59
S01012303,896,93,46,47,803,18,124,186,180,93,80,122
S01012304,983,108,45,63,875,46,176,193,178,81,78,123
S01012305,697,127,64,63,570,25,116,105,102,25,98,99
S01012306,594,150,90,60,444,25,88,116,78,38,43,56
S01012307,612,144,49,95,468,45,92,91,102,16,35,87
S01012308,842,75,41,34,767,18,102,234,124,47,80,162
S01012309,535,71,40,31,464,22,98,68,108,20,43,105
S01012310,879,131,52,79,748,36,182,107,204,47,63,109
S01012311,561,90,61,29,471,13,100,74,96,26,55,107
S01012312,997,122,47,75,875,22,160,133,202,52,111,195
S01012313,758,102,42,60,656,14,122,138,158,57,62,105
S01012314,851,106,57,49,745,63,118,189,122,44,87,122
S01012315,699,207,92,115,492,34,130,65,122,10,35,96
S01012316,612,122,59,63,490,61,104,88,116,25,27,69
S01012317,558,42,26,16,516,32,72,132,72,74,85,49
S01012318,792,81,30,51,711,35,80,174,146,47,72,157
S01012319,767,104,44,60,663,15,94,152,174,43,70,115
S01012320,687,68,43,25,619,24,86,152,84,54,81,138
S01012321,772,99,60,39,673,39,118,157,144,46,87,82
S01012322,985,125,62,63,860,43,200,176,208,35,90,108
S01012323,866,111,54,57,755,26,182,98,194,33,79,143
S01012324,789,108,47,61,681,15,144,120,166,52,72,112
S01012325,590,86,58,28,504,28,206,76,110,10,8,66
S01012326,540,172,77,95,368,19,72,59,92,15,44,67
S01012327,802,109,69,40,693,44,140,146,136,68,49,110
S01012328,544,124,75,49,420,21,146,43,92,21,33,64
S01012329,831,106,52,54,725,29,168,166,174,51,61,76
S01012330,582,85,46,39,497,21,128,117,120,10,18,83
S01012331,638,67,27,40,571,19,74,224,114,35,31,74
S01012332,988,113,42,71,875,15,184,190,192,75,84,135
S01012333,993,124,61,63,869,47,174,203,210,75,45,115
S01012334,816,93,45,48,723,59,178,156,116,21,76,117
S01012335,989,105,46,59,884,49,106,252,178,36,87,176
S01012336,603,75,46,29,528,30,136,106,88,25,52,91
S01012337,844,212,113,99,632,54,116,163,138,10,40,111
S01012338,695,195,82,113,500,32,126,60,114,36,54,78
S01012339,581,221,107,114,360,28,76,77,110,10,17,42
S01012340,1032,170,100,70,862,82,152,189,146,86,48,159
S01012341,941,94,28,66,847,3,150,208,218,47,93,128
S01012342,884,121,62,59,763,37,154,182,168,31,67,124
S01012343,977,120,39,81,857,31,168,193,238,65,40,122
S01012344,579,120,36,84,459,43,62,117,120,32,16,69
S01012345,700,98,44,54,602,24,108,171,130,10,64,95
S01012346,777,126,47,79,651,9,114,146,146,67,43,126
S01012347,774,127,85,42,647,32,112,174,140,46,38,105
S01012348,719,87,46,41,632,29,158,172,122,38,44,69
S01012349,899,110,62,48,789,63,142,197,154,15,62,156
S01012350,773,96,52,44,677,51,136,146,102,52,69,121
S01012351,850,114,61,53,736,57,92,230,132,43,53,129
S01012352,734,135,64,71,599,18,108,156,108,58,60,91
S01012353,744,261,108,153,483,36,86,96,144,20,25,76
S01012354,763,157,96,61,606,16,140,141,126,26,47,110
S01012355,849,110,42,68,739,22,116,114,182,41,105,159
S01012356,653,111,60,51,542,24,130,108,132,25,69,54
S01012357,812,74,37,37,738,11,154,112,212,46,61,142
S01012358,764,79,36,43,685,13,142,108,202,41,41,138
S01012359,785,124,51,73,661,98,92,128,140,60,47,96
S01012360,808,98,31,67,710,87,56,179,88,85,97,118
S01012361,641,83,34,49,558,83,60,101,112,58,67,77
S01012362,834,65,22,43,769,136,44,164,94,105,99,127
S01012363,962,322,110,212,640,64,124,155,170,5,38,84
S01012364,666,190,79,111,476,18,86,76,148,27,34,87
S01012365,923,142,58,84,781,36,172,188,178,15,70,122
S01012366,862,276,118,158,586,40,128,88,172,15,43,100
S01012367,916,118,61,57,798,48,176,124,172,40,72,166
S01012368,574,69,36,33,505,12,122,98,114,17,40,102
S01012369,872,97,45,52,775,18,150,199,136,43,99,130
S01012370,944,255,131,124,689,50,126,142,172,41,63,95
S01012371,881,235,82,153,646,60,130,160,150,27,37,82
S01012372,738,261,109,152,477,56,90,73,142,11,41,64
S01012373,981,182,63,119,799,18,168,179,190,46,87,111
S01012374,920,105,59,46,815,64,110,249,166,28,66,132
S01012375,928,138,71,67,790,91,114,191,160,35,52,147
S01012376,960,105,35,70,855,36,160,178,152,83,67,179
S01012377,690,107,35,72,583,29,126,109,114,30,47,128
S01012378,567,52,18,34,515,16,112,88,138,27,46,88
S01012379,520,62,32,30,458,17,82,75,118,47,63,56
S01012380,892,158,48,110,734,43,100,191,156,62,60,122
S01012381,844,222,136,86,622,73,130,109,116,46,51,97
S01012382,969,133,62,71,836,29,154,211,168,42,65,167
S01012383,825,164,84,80,661,33,154,148,172,31,31,92
S01012384,515,114,51,63,401,29,66,105,112,26,8,55
S01012385,689,125,28,97,564,14,84,138,142,15,74,97
S01012386,977,155,51,104,822,91,90,210,152,65,92,122
S01012387,930,111,50,61,819,44,138,183,188,80,67,119
S01012388,691,98,36,62,593,4,88,146,148,54,79,74
S01012389,882,88,25,63,794,39,74,221,106,94,125,135
S01012390,769,88,34,54,681,15,60,125,132,77,120,152
S01012391,1114,93,25,68,1021,30,90,347,150,189,121,94
S01012392,791,103,25,78,688,68,82,143,90,72,111,122
S01012393,899,104,41,63,795,35,84,169,172,73,86,176
S01012394,638,82,20,62,556,81,52,129,90,28,74,102
S01012395,607,103,50,53,504,29,70,96,110,30,74,95
S01012396,638,132,48,84,506,21,80,131,108,35,77,54
S01012397,833,166,74,92,667,26,158,94,154,62,65,108
S01012398,849,186,69,117,663,29,70,134,206,32,51,141
S01012399,621,98,48,50,523,43,72,143,112,30,44,79
S01012400,587,103,22,81,484,33,62,85,102,40,65,97
S01012401,770,198,36,162,572,45,80,121,130,30,53,113
S01012402,460,47,12,35,413,19,40,117,76,50,51,60
S01012403,1025,116,49,67,909,44,94,222,196,37,78,238
S01012404,968,166,58,108,802,41,92,195,172,36,85,181
S01012405,726,57,16,41,669,3,66,199,132,94,69,106
S01012406,624,82,36,46,542,19,62,133,98,46,79,105
S01012407,813,97,44,53,716,25,76,206,138,65,102,104
S01012408,652,65,23,42,587,19,78,120,86,72,120,92
S01012409,688,116,48,68,572,12,86,142,116,78,63,75
S01012410,1037,110,35,75,927,48,88,238,174,73,115,191
S01012411,957,131,33,98,826,50,76,198,162,69,124,147
S01012412,643,89,40,49,554,23,72,98,110,43,88,120
S01012413,960,121,65,56,839,14,162,221,168,60,85,129
S01012414,684,144,71,73,540,16,106,96,128,59,50,85
S01012415,566,41,19,22,525,6,92,99,50,58,94,126
S01012416,559,54,29,25,505,5,100,84,64,37,105,110
S01012417,631,101,53,48,530,27,132,110,98,25,40,98
S01012418,768,85,44,41,683,27,134,96,178,49,42,157
S01012419,769,70,43,27,699,20,132,129,132,64,85,137
S01012420,850,95,56,39,755,63,98,191,138,21,69,175
S01012421,712,97,53,44,615,33,124,96,126,36,58,142
S01012422,863,131,59,72,732,61,130,123,166,45,81,126
S01012423,814,85,44,41,729,19,120,108,162,60,86,174
S01012424,950,129,61,68,821,73,100,181,168,57,107,135
S01012425,626,129,62,67,497,69,74,132,70,31,30,91
S01012426,493,94,33,61,399,54,58,110,64,31,41,41
S01012427,674,100,42,58,574,65,70,132,116,62,51,78
S01012428,662,78,46,32,584,28,86,165,116,30,56,103
S01012429,558,122,65,57,436,51,82,85,92,21,32,73
S01012430,551,107,52,55,444,32,106,105,90,0,39,72
S01012431,899,168,109,59,731,40,152,122,118,32,120,147
S01012432,712,131,76,55,581,21,150,88,118,21,88,95
S01012433,501,118,54,64,383,28,76,60,96,20,30,73
S01012434,709,136,54,82,573,56,82,125,70,35,82,123
S01012435,637,129,46,83,508,47,60,86,118,42,75,80
S01012436,748,128,34,94,620,70,90,143,88,40,88,101
S01012437,733,117,58,59,616,24,90,133,128,46,82,113
S01012438,693,48,18,30,645,52,66,162,94,72,63,136
S01012439,765,126,58,68,639,67,86,146,140,57,44,99
S01012440,524,57,29,28,467,7,66,92,94,35,41,132
S01012441,890,90,49,41,800,21,128,141,230,45,80,155
S01012442,964,123,44,79,841,87,114,177,156,42,109,156
S01012443,746,79,41,38,667,23,86,175,140,30,71,142
S01012444,686,69,39,30,617,20,132,117,110,31,76,131
S01012445,548,20,7,13,528,21,50,183,54,53,53,114
S01012446,491,113,45,68,378,34,66,78,74,5,28,93
S01012447,860,76,40,36,784,27,146,186,126,27,87,185
S01012448,925,75,27,48,850,47,100,255,136,66,110,136
S01012449,571,69,29,40,502,52,66,67,106,20,67,124
S01012450,830,67,26,41,763,10,94,208,134,21,111,185
S01012451,868,114,84,30,754,27,230,143,114,52,53,135
S01012452,589,123,79,44,466,36,112,100,88,20,34,76
S01012453,821,49,34,15,772,6,148,214,148,62,70,124
S01012454,662,81,57,24,581,17,190,106,76,5,85,102
S01012455,612,47,31,16,565,0,136,170,90,26,61,82
S01012456,751,54,37,17,697,7,172,161,106,46,90,115
S01012457,840,72,48,24,768,8,236,121,178,30,27,168
S01012458,813,69,46,23,744,9,174,178,96,58,87,142
S01012459,735,43,26,17,692,27,74,178,104,27,124,158
S01012460,546,63,47,16,483,6,114,93,94,16,53,107
S01012461,545,82,37,45,463,60,82,90,80,10,39,102
S01012462,757,157,68,89,600,62,114,134,94,11,36,149
S01012463,578,80,24,56,498,34,62,116,94,22,49,121
S01012464,625,56,13,43,569,64,40,99,134,60,55,117
S01012465,701,55,22,33,646,74,78,101,132,41,71,149
S01012466,782,110,61,49,672,49,106,110,116,27,62,202
S01012467,699,89,44,45,610,69,86,126,108,38,63,120
S01012468,757,86,44,42,671,34,108,164,102,42,80,141
S01012469,769,87,60,27,682,7,140,181,134,37,52,131
S01012470,962,205,95,110,757,62,158,148,154,20,80,135
S01012471,805,79,51,28,726,13,190,134,134,20,82,153
S01012472,719,75,54,21,644,10,196,107,106,47,84,94
S01012473,554,34,16,18,520,4,102,130,82,22,44,136
S01012474,714,169,98,71,545,25,108,77,116,30,57,132
S01012475,630,90,54,36,540,16,136,111,118,5,54,100
S01012476,941,121,64,57,820,96,142,160,154,36,62,170
S01012477,674,60,28,32,614,21,106,129,122,30,69,137
S01012478,840,107,58,49,733,66,106,145,128,37,81,170
S01012479,688,45,24,21,643,26,68,166,110,42,68,163
S01012480,515,196,44,152,319,32,48,45,158,0,0,36
S01012481,775,207,50,157,568,26,66,124,170,16,30,136
S01012482,762,244,156,88,518,13,124,95,106,20,30,130
S01012483,881,354,116,238,527,44,106,76,176,11,34,80
S01012484,780,144,61,83,636,27,114,161,110,68,42,114
S01012485,790,133,59,74,657,53,136,130,164,31,43,100
S01012486,532,104,73,31,428,14,142,56,74,33,50,59
S01012487,612,128,37,91,484,22,80,97,114,30,50,91
S01012488,903,226,104,122,677,32,106,125,166,20,55,173
S01012489,1023,281,51,230,742,180,56,142,182,25,69,88
S01012490,978,362,103,259,616,81,82,136,176,10,41,90
S01012491,440,123,21,102,317,70,22,71,84,15,9,46
S01012492,772,293,82,211,479,56,66,73,174,11,26,73
S01012493,651,257,157,100,394,13,94,51,96,10,40,90
S01012494,861,120,64,56,741,69,132,140,124,25,94,157
S01012495,1024,197,80,117,827,92,112,148,144,32,91,208
S01012496,765,87,56,31,678,44,90,98,120,34,95,197
S01012497,487,85,34,51,402,33,60,49,78,21,32,129
S01012498,857,105,33,72,752,119,62,117,90,75,158,131
S01012499,700,64,19,45,636,131,52,112,108,47,80,106
S01012500,468,79,17,62,389,69,44,69,58,16,37,96
S01012501,619,83,30,53,536,104,20,116,92,36,102,66
S01012502,832,107,27,80,725,169,40,136,136,58,104,82
S01012503,637,131,56,75,506,80,60,74,66,35,57,134
S01012504,636,87,33,54,549,102,64,106,96,25,81,75
S01012505,1014,217,83,134,797,101,116,137,170,10,98,165
S01012506,478,98,48,50,380,22,82,73,76,5,42,80
S01012507,946,189,84,105,757,53,128,169,182,37,26,162
S01012508,762,179,68,111,583,41,92,167,132,15,23,113
S01012509,541,98,55,43,443,24,70,99,88,20,38,104
S01012510,877,110,39,71,767,35,98,247,152,42,64,129
S01012511,628,129,46,83,499,16,70,110,136,10,45,112
S01012512,677,87,30,57,590,56,68,184,78,47,59,98
S01012513,550,57,21,36,493,39,62,128,104,16,61,83
S01012514,986,84,13,71,902,88,38,339,170,57,64,146
S01012515,612,150,80,70,462,35,78,77,94,26,46,106
S01012516,668,85,46,39,583,63,110,167,94,15,53,81
S01012517,860,167,61,106,693,69,82,168,120,51,86,117
S01012518,559,113,53,60,446,10,86,95,100,20,48,87
S01012519,516,133,68,65,383,21,78,72,98,5,45,64
S01012520,783,97,70,27,686,12,132,124,144,47,68,159
S01012521,515,126,52,74,389,30,62,61,106,31,43,56
S01012522,860,84,48,36,776,10,156,128,142,56,91,193
S01012523,864,113,70,43,751,9,132,172,156,36,42,204
S01012524,864,218,139,79,646,13,162,103,156,25,62,125
S01012525,714,118,59,59,596,8,82,129,166,20,36,155
S01012526,775,83,61,22,692,14,152,160,120,25,53,168
S01012527,625,77,40,37,548,15,144,120,116,25,32,96
S01012528,823,95,35,60,728,46,94,171,106,41,103,167
S01012529,712,131,59,72,581,65,90,117,100,21,48,140
S01012530,874,126,87,39,748,19,170,118,138,51,80,172
S01012531,754,98,42,56,656,40,102,207,120,15,58,114
S01012532,788,94,50,44,694,25,114,180,156,30,57,132
S01012533,532,115,47,68,417,22,80,60,112,15,47,81
S01012534,569,129,64,65,440,32,68,90,96,25,57,72
S01012535,818,117,61,56,701,34,84,183,122,11,109,158
S01012536,750,80,33,47,670,50,88,104,114,41,92,181
S01012537,727,107,52,55,620,45,106,130,112,20,43,164
S01012538,1081,135,54,81,946,109,152,261,156,35,72,161
S01012539,701,100,50,50,601,39,94,146,98,20,60,144
S01012540,717,93,47,46,624,45,68,137,76,63,81,154
S01012541,1066,111,41,70,955,66,116,204,192,62,133,182
S01012542,870,102,57,45,768,26,160,210,134,41,57,140
S01012543,686,54,22,32,632,36,76,177,136,35,48,124
S01012544,810,88,31,57,722,58,100,195,132,83,45,109
S01012545,473,73,47,26,400,44,38,105,80,25,39,69
S01012546,807,65,32,33,742,55,86,200,126,45,44,186
S01012547,746,77,47,30,669,17,142,129,114,39,83,145
S01012548,830,138,76,62,692,12,138,167,140,29,63,143
S01012549,545,90,37,53,455,53,48,114,88,20,58,74
S01012550,824,87,52,35,737,51,106,163,126,41,94,156
S01012551,815,57,29,28,758,16,130,202,104,26,87,193
S01012552,905,53,32,21,852,20,122,199,158,25,97,231
S01012553,839,90,23,67,749,36,48,258,172,50,85,100
S01012554,458,41,14,27,417,5,72,91,88,31,27,103
S01012555,541,40,13,27,501,17,66,121,84,35,69,109
S01012556,545,38,26,12,507,2,86,76,108,15,58,162
S01012557,636,42,28,14,594,9,136,85,82,52,99,131
S01012558,577,106,34,72,471,44,54,121,96,5,45,106
S01012559,767,257,118,139,510,60,104,113,116,40,17,60
S01012560,562,98,62,36,464,38,110,116,68,45,43,44
S01012561,757,146,76,70,611,42,94,157,116,43,45,114
S01012562,747,217,75,142,530,76,78,122,180,11,21,42
S01012563,630,62,48,14,568,4,144,95,104,21,46,154
S01012564,824,112,73,39,712,17,160,162,128,41,61,143
S01012565,779,153,100,53,626,14,146,113,124,57,73,99
S01012566,716,252,88,164,464,48,98,84,140,15,17,62
S01012567,1010,267,90,177,743,82,118,145,204,26,39,129
S01012568,617,90,49,41,527,7,134,119,84,25,81,77
S01012569,738,81,51,30,657,8,158,85,104,46,72,184
S01012570,454,53,23,30,401,8,46,83,98,26,43,97
S01012571,807,115,52,63,692,44,74,141,176,44,84,129
S01012572,514,66,28,38,448,20,64,97,102,15,60,90
S01012573,821,53,22,31,768,10,102,183,200,76,82,115
S01012574,886,82,44,38,804,17,134,182,148,91,69,163
S01012575,655,79,33,46,576,35,106,133,116,32,42,112
S01012576,751,154,64,90,597,29,124,159,116,43,41,85
S01012577,768,94,39,55,674,47,110,214,122,21,45,115
S01012578,936,193,122,71,743,20,148,151,170,66,92,96
S01012579,718,68,24,44,650,62,62,154,112,77,45,138
S01012580,753,91,27,64,662,9,74,144,188,70,73,104
S01012581,747,113,53,60,634,87,44,138,146,38,87,94
S01012582,919,82,26,56,837,47,92,226,154,52,86,180
S01012583,689,112,40,72,577,38,88,144,138,10,70,89
S01012584,737,95,50,45,642,47,104,150,136,26,37,142
S01012585,833,168,70,98,665,87,80,130,118,30,95,125
S01012586,808,56,15,41,752,19,80,193,146,43,119,152
S01012587,862,57,24,33,805,16,86,174,164,55,116,194
S01012588,637,56,26,30,581,24,62,133,126,37,96,103
S01012589,688,68,32,36,620,41,82,100,116,35,98,148
S01012590,777,146,66,80,631,48,76,121,130,36,90,130
S01012591,792,148,64,84,644,58,156,147,90,43,53,97
S01012592,568,38,9,29,530,5,62,177,84,27,47,128
S01012593,823,68,24,44,755,27,70,226,164,27,69,172
S01012594,470,69,35,34,401,20,52,94,86,16,51,82
S01012595,616,99,40,59,517,47,78,67,108,20,53,144
S01012596,788,103,38,65,685,90,62,191,126,31,73,112
S01012597,472,30,14,16,442,15,24,190,90,22,54,47
S01012598,661,87,36,51,574,13,82,126,162,15,29,147
S01012599,660,136,58,78,524,34,84,90,126,36,40,114
S01012600,692,93,31,62,599,18,52,127,158,20,61,163
S01012601,889,78,31,47,811,35,72,210,176,35,112,171
S01012602,558,184,74,110,374,21,62,55,104,5,47,80
S01012603,650,151,50,101,499,17,100,74,106,10,47,145
S01012604,664,59,26,33,605,33,108,99,104,36,51,174
S01012605,515,75,39,36,440,43,88,91,80,10,44,84
S01012606,782,11,0,11,771,11,12,376,118,65,71,118
S01012607,737,74,24,50,663,27,80,145,148,22,83,158
S01012608,801,117,60,57,684,49,88,158,112,20,65,192
S01012609,834,125,48,77,709,88,102,162,118,30,56,153
S01012610,920,147,45,102,773,135,70,173,144,43,79,129
S01012611,804,102,46,56,702,35,88,109,158,20,93,199
S01012612,756,69,39,30,687,36,94,134,96,51,113,163
S01012613,668,71,27,44,597,59,62,117,134,15,77,133
S01012614,1001,133,56,77,868,67,120,188,202,10,80,201
S01012615,674,101,46,55,573,18,100,135,108,30,64,118
S01012616,928,87,52,35,841,44,132,207,154,40,94,170
S01012617,384,22,10,12,362,11,46,82,78,10,35,100
S01012618,529,45,18,27,484,30,34,100,102,10,54,154
S01012619,513,153,63,90,360,29,70,54,102,25,4,76
S01012620,746,81,48,33,665,9,148,133,128,26,65,156
S01012621,563,98,53,45,465,20,120,76,100,20,30,99
S01012622,732,124,45,79,608,37,100,168,106,36,51,110
S01012623,649,128,44,84,521,51,72,87,106,15,59,131
S01012624,715,121,55,66,594,54,80,128,130,25,74,103
S01012625,524,105,31,74,419,30,66,73,102,15,41,92
S01012626,478,60,25,35,418,18,76,71,96,20,40,97
S01012627,524,81,25,56,443,52,56,94,76,5,72,88
S01012628,925,56,19,37,869,9,94,310,126,57,141,132
S01012629,470,53,25,28,417,13,50,105,76,35,46,92
S01012630,823,287,146,141,536,25,134,46,176,11,51,93
S01012631,931,162,33,129,769,88,72,196,118,62,103,130
S01012632,726,74,18,56,652,28,88,151,140,52,70,123
S01012633,679,65,27,38,614,17,96,125,128,36,79,133
S01012634,685,136,60,76,549,46,100,110,124,25,57,87
S01012635,1077,81,30,51,996,55,160,284,164,36,97,200
S01012636,613,49,20,29,564,28,72,138,118,28,62,118
S01012637,848,113,49,64,735,84,84,194,108,40,81,144
S01012638,865,150,85,65,715,52,108,179,132,25,85,134
S01012639,844,108,62,46,736,49,84,196,118,26,116,147
S01012640,942,148,54,94,794,94,132,126,160,67,58,157
S01012641,987,193,118,75,794,78,142,174,142,35,60,163
S01012642,804,139,56,83,665,85,96,164,116,16,57,131
S01012643,470,48,24,24,422,55,48,92,80,20,30,97
S01012644,708,89,41,48,619,73,86,175,86,40,90,69
S01012645,781,152,72,80,629,31,86,164,114,47,68,119
S01012646,972,112,32,80,860,36,104,279,162,66,52,161
S01012647,733,43,5,38,690,41,14,312,148,47,51,77
S01012648,554,63,29,34,491,63,62,72,64,30,94,106
S01012649,641,73,30,43,568,51,82,134,68,30,70,133
S01012650,587,83,33,50,504,17,68,113,132,22,47,105
S01012651,649,142,62,80,507,75,74,126,98,23,31,80
S01012652,1045,98,47,51,947,26,120,183,208,67,90,253
S01012653,885,101,28,73,784,71,68,200,124,51,81,189
S01012654,767,105,25,80,662,33,92,182,106,31,102,116
S01012655,1032,132,47,85,900,78,126,146,194,47,107,202
S01012656,821,175,79,96,646,82,86,147,108,31,43,149
S01012657,542,113,50,63,429,50,80,103,70,6,49,71
S01012658,938,132,69,63,806,34,112,146,174,25,76,239
S01012659,1066,43,11,32,1023,42,58,439,132,78,97,177
S01012660,715,124,67,57,591,59,62,103,96,50,53,168
S01012661,739,90,34,56,649,30,88,105,128,20,83,195
S01012662,732,145,79,66,587,69,94,99,132,6,52,135
S01012663,691,70,32,38,621,41,140,112,100,10,49,169
S01012664,900,210,77,133,690,69,112,144,126,21,63,155
S01012665,717,122,45,77,595,117,90,108,108,38,52,82
S01012666,650,133,57,76,517,84,84,73,134,16,26,100
S01012667,580,107,39,68,473,60,72,80,74,21,61,105
S01012668,761,128,52,76,633,78,66,151,98,44,93,103
S01012669,722,53,32,21,669,22,114,144,132,20,60,177
S01012670,696,62,40,22,634,18,136,99,108,25,64,184
S01012671,898,113,50,63,785,73,88,209,140,10,95,170
S01012672,722,152,56,96,570,97,78,136,102,5,50,102
S01012673,582,60,24,36,522,91,52,69,102,10,58,140
S01012674,582,73,29,44,509,60,46,133,76,47,62,85
S01012675,766,121,38,83,645,84,84,110,136,31,45,155
S01012676,835,58,23,35,777,81,58,174,104,58,124,178
S01012677,583,79,32,47,504,36,62,112,110,27,57,100
S01012678,711,41,15,26,670,29,56,196,134,41,84,130
S01012679,791,124,55,69,667,43,116,146,150,42,36,134
S01012680,557,37,19,18,520,10,58,166,76,53,44,113
S01012681,705,104,47,57,601,45,88,139,110,40,81,98
S01012682,691,100,62,38,591,28,106,108,130,30,53,136
S01012683,749,99,24,75,650,67,60,163,130,32,57,141
S01012684,528,67,16,51,461,31,48,153,72,54,40,63
S01012685,779,98,40,58,681,54,72,150,132,60,86,127
S01012686,941,146,58,88,795,34,122,213,168,25,87,146
S01012687,538,60,42,18,478,6,156,75,58,49,50,84
S01012688,791,242,101,141,549,33,94,114,146,33,36,93
S01012689,481,30,19,11,451,26,62,65,92,43,63,100
S01012690,532,30,12,18,502,14,80,127,84,37,48,112
S01012691,766,71,32,39,695,33,98,192,74,61,93,144
S01012692,736,108,64,44,628,43,98,153,118,25,73,118
S01012693,905,39,15,24,866,33,82,234,132,78,119,188
S01012694,476,51,24,27,425,27,62,151,80,25,35,45
S01012695,830,52,19,33,778,28,86,180,146,87,85,166
S01012696,689,60,22,38,629,9,80,140,120,63,78,139
S01012697,509,34,14,20,475,22,84,109,80,37,67,76
S01012698,748,89,35,54,659,21,136,113,168,30,48,143
S01012699,1045,108,58,50,937,69,94,211,178,63,95,227
S01012700,818,75,30,45,743,27,108,165,92,58,115,178
S01012701,551,39,23,16,512,14,102,122,70,15,59,130
S01012702,588,76,29,47,512,16,54,135,114,41,50,102
S01012703,606,30,10,20,576,15,22,201,74,20,113,131
S01012704,772,104,38,66,668,78,60,211,84,32,78,125
S01012705,780,30,8,22,750,11,32,237,86,71,140,173
S01012706,687,94,41,53,593,53,52,156,104,10,78,140
S01012707,898,48,18,30,850,12,82,204,130,48,146,228
S01012708,723,108,43,65,615,70,80,135,122,10,84,114
S01012709,506,101,53,48,405,42,78,88,78,10,18,91
S01012710,697,151,65,86,546,59,86,106,120,13,42,120
S01012711,768,228,56,172,540,71,96,101,106,21,39,106
S01012712,857,71,53,18,786,29,148,169,98,58,110,174
S01012713,727,120,76,44,607,10,102,104,104,59,87,141
S01012714,598,66,38,28,532,6,136,120,82,26,34,128
S01012715,696,220,74,146,476,60,88,55,134,15,27,97
S01012716,802,114,53,61,688,18,160,100,144,37,69,160
S01012717,945,339,150,189,606,28,126,103,186,16,17,130
S01012718,942,207,74,133,735,48,114,131,204,35,58,145
S01012719,771,230,54,176,541,32,84,103,164,20,47,91
S01012720,506,194,22,172,312,16,34,47,136,5,36,38
S01012721,644,88,52,36,556,33,92,133,90,25,49,134
S01012722,742,219,55,164,523,71,96,122,82,6,49,97
S01012723,688,179,60,119,509,66,82,58,88,56,54,105
S01012724,728,209,84,125,519,56,88,86,136,35,31,87
S01012725,881,276,67,209,605,37,72,169,136,5,73,113
S01012726,641,94,54,40,547,45,122,83,58,56,79,104
S01012727,708,97,32,65,611,59,60,126,78,26,103,159
S01012728,814,107,22,85,707,157,50,151,74,102,66,107
S01012729,837,84,33,51,753,80,76,166,128,52,66,185
S01012730,556,98,18,80,458,45,60,140,94,21,19,79
S01012731,797,94,41,53,703,64,82,177,114,51,80,135
S01012732,678,70,17,53,608,66,102,138,98,20,69,115
S01012733,1087,45,2,43,1042,41,18,460,144,112,93,174
S01012734,640,12,1,11,628,17,8,296,84,82,69,72
S01012735,476,56,18,38,420,38,86,102,74,5,21,94
S01012736,959,86,26,60,873,62,64,242,152,64,116,173
S01012737,800,77,16,61,723,40,54,215,176,46,72,120
S01012738,612,71,24,47,541,30,68,107,92,36,77,131
S01012739,841,32,0,32,809,22,10,377,152,51,81,116
S01012740,890,43,5,38,847,51,14,394,146,55,80,107
S01012741,555,106,22,84,449,14,32,105,138,11,33,116
S01012742,689,42,22,20,647,35,98,104,138,22,61,189
S01012743,581,47,26,21,534,19,90,78,94,15,69,169
S01012744,675,58,12,46,617,4,54,161,160,25,55,158
S01012745,704,66,37,29,638,26,128,152,124,21,21,166
S01012746,772,67,19,48,705,28,58,189,154,26,89,161
S01012747,831,93,41,52,738,58,84,131,128,47,87,203
S01012748,829,132,49,83,697,135,52,113,110,48,66,173
S01012749,876,126,29,97,750,107,50,199,128,51,61,154
S01012750,788,102,22,80,686,100,52,139,122,48,77,148
S01012751,817,187,80,107,630,44,128,146,106,16,59,131
S01012752,832,118,26,92,714,95,58,172,146,35,49,159
S01012753,496,89,26,63,407,88,40,88,72,16,28,75
S01012754,538,98,41,57,440,28,62,74,90,5,48,133
S01012755,499,149,59,90,350,55,36,80,88,16,20,55
S01012756,496,125,79,46,371,15,102,40,80,0,29,105
S01012757,461,93,40,53,368,48,52,58,102,0,28,80
S01012758,608,97,37,60,511,53,56,83,86,40,56,137
S01012759,722,144,52,92,578,75,60,107,96,37,62,141
S01012760,959,145,50,95,814,162,62,166,124,46,67,187
S01012761,754,143,44,99,611,44,102,123,122,12,64,144
S01012762,708,86,42,44,622,47,110,88,108,29,67,173
S01012763,402,49,23,26,353,33,46,43,70,10,45,106
S01012764,764,128,52,76,636,74,76,104,100,51,86,145
S01012765,717,81,36,45,636,44,72,102,116,61,86,155
S01012766,904,82,24,58,822,100,76,175,134,71,92,174
S01012767,568,35,20,15,533,14,70,131,124,15,42,137
S01012768,726,39,15,24,687,24,102,147,168,30,53,163
S01012769,442,26,3,23,416,11,24,130,66,41,68,76
S01012770,839,160,72,88,679,63,94,151,142,30,70,129
S01012771,705,162,57,105,543,52,78,101,106,20,75,111
S01012772,685,78,30,48,607,90,74,81,88,43,88,143
S01012773,853,126,61,65,727,79,96,121,146,5,64,216
S01012774,825,160,36,124,665,53,52,121,206,26,77,130
S01012775,409,95,33,62,314,17,52,49,74,5,23,94
S01012776,738,131,41,90,607,50,66,121,154,16,42,158
S01012777,969,82,15,67,887,66,14,385,130,47,129,116
S01012778,732,70,19,51,662,84,26,257,114,20,52,109
S01012779,458,75,13,62,383,61,10,105,62,26,64,55
S01012780,731,134,48,86,597,136,54,116,106,25,62,98
S01012781,648,88,23,65,560,36,84,135,152,10,32,111
S01012782,614,131,41,90,483,90,74,98,92,5,12,112
S01012783,698,109,31,78,589,100,48,153,96,5,63,124
S01012784,745,182,56,126,563,69,54,133,146,11,51,99
S01012785,711,187,68,119,524,124,72,90,78,5,27,128
S01012786,692,247,55,192,445,85,38,84,134,22,18,64
S01012787,550,83,15,68,467,42,28,130,116,20,47,84
S01012788,615,83,27,56,532,57,38,112,90,11,84,140
S01012789,740,100,31,69,640,25,96,136,110,47,77,149
S01012790,587,114,41,73,473,33,44,131,136,25,43,61
S01012791,720,101,59,42,619,18,138,151,96,37,41,138
S01012792,842,264,95,169,578,47,114,112,170,5,30,100
S01012793,635,203,60,143,432,52,52,71,94,20,17,126
S01012794,590,223,54,169,367,17,72,59,138,5,10,66
S01012795,1029,120,50,70,909,124,118,137,132,20,136,242
S01012796,787,113,33,80,674,90,48,196,118,31,68,123
S01012797,690,54,10,44,636,75,40,136,140,16,92,137
S01012798,720,127,59,68,593,24,72,158,104,35,90,110
S01012799,778,175,86,89,603,24,112,140,124,36,48,119
S01012800,894,143,42,101,751,10,108,227,124,46,82,154
S01012801,426,130,64,66,296,11,96,29,84,20,26,30
S01012802,612,25,7,18,587,6,52,150,74,55,63,187
S01012803,675,54,26,28,621,29,62,110,114,15,86,205
S01012804,764,149,58,91,615,64,60,149,76,26,85,155
S01012805,912,110,46,64,802,72,86,165,130,32,117,200
S01012806,715,89,29,60,626,40,62,181,104,53,68,118
S01012807,587,42,15,27,545,14,72,130,78,35,88,128
S01012808,1059,172,95,77,887,32,128,265,142,50,55,215
S01012809,612,178,35,143,434,35,72,107,88,10,29,93
S01012810,836,273,98,175,563,72,66,91,132,11,81,110
S01012811,770,114,69,45,656,36,114,122,104,29,69,182
S01012812,666,87,28,59,579,35,42,123,122,25,70,162
S01012813,884,80,38,42,804,13,168,146,152,36,83,206
S01012814,836,77,17,60,759,45,42,262,152,56,83,119
S01012815,875,60,5,55,815,54,20,365,138,48,102,88
S01012816,583,59,9,50,524,43,32,201,84,35,45,84
S01012817,563,18,1,17,545,33,8,225,46,47,102,84
S01012818,840,24,6,18,816,37,42,254,98,64,127,194
S01012819,735,150,58,92,585,93,80,114,96,26,40,136
S01012820,1027,51,8,43,976,74,14,335,206,42,126,179
S01012821,772,43,5,38,729,55,10,250,114,54,150,96
S01012822,474,118,27,91,356,131,20,53,72,15,10,55
S01012823,847,42,3,39,805,32,24,235,130,73,189,122
S01012824,664,73,19,54,591,64,54,141,96,41,59,136
S01012825,475,130,37,93,345,36,56,81,100,0,23,49
S01012826,599,65,5,60,534,108,6,99,64,33,120,104
S01012827,702,36,2,34,666,39,10,319,88,45,102,63
S01012828,583,66,6,60,517,31,18,217,150,5,45,51
S01012829,865,103,37,66,762,138,66,142,114,84,54,164
S01012830,690,113,50,63,577,46,68,122,104,51,49,137
S01012831,630,155,85,70,475,26,102,97,80,15,22,133
S01012832,544,57,21,36,487,43,56,77,68,34,78,131
S01012833,714,102,30,72,612,108,82,100,108,27,43,144
S01012834,616,100,26,74,516,79,60,110,106,11,59,91
S01012835,804,153,60,93,651,63,90,119,172,5,68,134
S01012836,673,21,2,19,652,48,8,247,94,32,100,123
S01012837,735,232,37,195,503,138,30,122,72,10,58,73
S01012838,917,292,31,261,625,231,26,122,118,22,35,71
S01012839,666,85,21,64,581,31,64,147,134,0,30,175
S01012840,786,47,5,42,739,36,28,304,134,45,74,118
S01012841,589,56,17,39,533,24,56,141,142,10,42,118
S01012842,475,36,8,28,439,35,46,80,112,11,26,129
S01012843,979,82,45,37,897,20,120,217,150,105,105,180
S01012844,697,43,19,24,654,10,56,168,88,41,101,190
S01012845,685,80,30,50,605,39,70,111,96,45,95,149
S01012846,926,288,116,172,638,98,138,107,162,0,37,96
S01012847,547,93,54,39,454,29,48,117,72,10,76,102
S01012848,773,55,24,31,718,33,62,260,90,47,89,137
S01012849,683,131,33,98,552,67,54,170,150,15,21,75
S01012850,710,125,70,55,585,53,110,75,84,21,55,187
S01012851,803,127,73,54,676,43,106,91,154,20,97,165
S01012852,696,84,43,41,612,10,94,136,104,30,60,178
S01012853,772,93,56,37,679,19,152,107,102,16,69,214
S01012854,797,128,38,90,669,35,68,164,164,10,38,190
S01012855,642,97,10,87,545,21,28,163,124,22,40,147
S01012856,667,247,113,134,420,28,66,59,138,12,37,80
S01012857,807,258,113,145,549,54,132,97,108,16,38,104
S01012858,689,250,69,181,439,67,46,45,136,16,45,84
S01012859,1014,240,44,196,774,68,70,235,220,10,80,91
S01012860,808,157,103,54,651,43,100,99,96,31,106,176
S01012861,687,117,48,69,570,27,76,150,122,10,38,147
S01012862,588,236,80,156,352,53,44,69,88,6,18,74
S01012863,621,281,48,233,340,71,34,49,124,5,12,45
S01012864,775,271,47,224,504,98,50,109,134,10,30,73
S01012865,779,169,104,65,610,45,112,122,106,21,74,130
S01012866,749,159,61,98,590,43,60,164,126,10,40,147
S01012867,720,184,74,110,536,48,122,78,116,10,46,116
S01012868,554,174,53,121,380,32,70,48,96,11,30,93
S01012869,546,106,21,85,440,100,32,77,50,11,84,86
S01012870,915,170,75,95,745,25,132,164,166,15,55,188
S01012871,815,127,55,72,688,54,108,150,156,5,62,153
S01012872,726,95,29,66,631,86,52,144,120,36,69,124
S01012873,801,79,26,53,722,82,48,159,144,30,66,193
S01012874,777,172,59,113,605,92,62,123,84,30,54,160
S01012875,573,111,35,76,462,46,42,75,106,20,67,106
S01012876,801,133,61,72,668,76,104,120,92,40,68,168
S01012877,726,103,57,46,623,45,112,95,110,0,107,154
S01012878,925,87,32,55,838,24,94,160,158,56,120,226
S01012879,729,117,64,53,612,42,74,134,92,21,98,151
S01012880,892,103,62,41,789,34,136,158,112,15,127,207
S01012881,832,154,94,60,678,21,152,112,140,28,49,176
S01012882,603,108,32,76,495,82,64,84,84,15,60,106
S01012883,634,221,80,141,413,86,60,92,68,12,28,67
S01012884,531,145,84,61,386,42,60,82,72,23,26,81
S01012885,446,168,48,120,278,32,36,55,48,17,14,76
S01012886,766,70,40,30,696,24,106,144,116,27,75,204
S01012887,734,123,54,69,611,4,136,164,132,21,47,107
S01012888,808,80,49,31,728,24,130,171,108,37,69,189
S01012889,875,68,13,55,807,59,38,278,174,66,83,109
S01012890,717,92,30,62,625,95,44,110,102,53,108,113
S01012891,548,98,42,56,450,35,74,89,56,36,41,119
S01012892,1107,247,95,152,860,155,104,130,178,11,81,201
S01012893,746,143,60,83,603,123,82,96,112,34,42,114
S01012894,814,71,31,40,743,63,34,234,130,52,122,108
S01012895,522,45,13,32,477,15,30,133,82,26,87,104
S01012896,840,252,96,156,588,25,132,93,150,26,37,125
S01012897,607,61,18,43,546,24,44,185,116,36,64,77
S01012898,567,15,1,14,552,16,8,240,62,31,95,100
S01012899,529,184,58,126,345,9,62,67,98,20,24,65
S01012900,573,47,17,30,526,26,80,117,98,30,84,91
S01012901,689,144,40,104,545,42,70,115,106,43,74,95
S01012902,748,133,33,100,615,34,88,155,152,30,56,100
S01012903,811,170,48,122,641,45,96,152,122,30,65,131
S01012904,816,117,41,76,699,113,70,178,134,40,70,94
S01012905,622,103,24,79,519,88,38,95,66,15,86,131
S01012906,900,225,83,142,675,47,82,172,188,16,40,130
S01012907,858,199,89,110,659,59,144,164,116,16,32,128
S01012908,699,154,60,94,545,28,114,130,106,11,60,96
S01012909,610,173,87,86,437,44,80,98,76,30,28,81
S01012910,834,265,83,182,569,62,86,108,156,5,61,91
S01012911,728,119,60,59,609,22,126,94,110,41,59,157
S01012912,673,144,64,80,529,49,118,98,84,20,25,135
S01012913,882,165,91,74,717,70,114,140,124,23,108,138
S01012914,848,150,42,108,698,64,92,175,176,23,37,131
S01012915,1055,150,56,94,905,56,72,325,152,66,92,142
S01012916,651,142,52,90,509,24,122,108,76,18,34,127
S01012917,717,48,34,14,669,32,92,177,74,25,64,205
S01012918,490,124,46,78,366,22,62,84,66,20,50,62
S01012919,455,91,58,33,364,15,86,86,76,5,42,54
S01012920,571,72,38,34,499,7,140,76,76,25,39,136
S01012921,705,128,52,76,577,45,98,112,106,31,60,125
S01012922,1011,142,52,90,869,92,98,265,120,50,112,132
S01012923,706,98,38,60,608,51,78,162,82,15,72,148
S01012924,500,99,24,75,401,29,64,104,62,16,24,102
S01012925,482,37,14,23,445,26,80,83,62,10,56,128
S01012926,697,128,36,92,569,40,90,100,116,36,59,128
S01012927,772,108,32,76,664,52,98,137,112,43,89,133
S01012928,810,121,74,47,689,25,96,155,106,41,99,167
S01012929,749,112,57,55,637,37,138,113,80,20,90,159
S01012930,823,302,135,167,521,39,128,94,136,31,18,75
S01012931,883,176,75,101,707,73,98,182,156,22,60,116
S01012932,512,56,29,27,456,25,68,79,68,35,59,122
S01012933,803,123,57,66,680,43,80,97,120,36,125,179
S01012934,708,143,61,82,565,70,120,69,110,36,39,121
S01012935,887,108,67,41,779,35,98,164,108,67,135,172
S01012936,726,138,59,79,588,48,102,88,126,36,62,126
S01012937,692,115,40,75,577,26,62,124,110,32,90,133
S01012938,691,100,69,31,591,9,98,89,124,35,80,156
S01012939,651,30,13,17,621,8,56,168,60,50,127,152
S01012940,698,47,18,29,651,16,64,153,136,26,86,170
S01012941,789,29,6,23,760,11,36,179,110,102,149,173
S01012942,788,127,57,70,661,86,72,168,134,43,51,107
S01012943,751,64,27,37,687,39,60,238,108,50,68,124
S01012944,525,43,17,26,482,24,86,125,64,30,55,98
S01012945,724,27,3,24,697,17,38,233,102,41,139,127
S01012946,861,69,14,55,792,24,72,234,164,31,121,146
S01012947,453,12,4,8,441,2,32,82,80,25,104,116
S01012948,681,24,4,20,657,24,78,127,108,15,115,190
S01012949,667,68,21,47,599,8,86,76,144,27,70,188
S01012950,865,16,1,15,849,23,34,238,110,40,162,242
S01012951,914,21,3,18,893,22,16,403,132,86,94,140
S01012952,640,52,25,27,588,3,118,131,74,40,91,131
S01012953,685,72,15,57,613,48,74,151,118,20,51,151
S01012954,485,22,9,13,463,10,34,147,76,0,78,118
S01012955,899,88,19,69,811,25,82,255,130,31,108,180
S01012956,926,210,101,109,716,26,134,131,114,63,110,138
S01012957,633,128,56,72,505,20,82,107,74,32,70,120
S01012958,502,50,18,32,452,12,46,81,102,10,61,140
S01012959,572,55,10,45,517,30,26,129,98,16,71,147
S01012960,602,31,14,17,571,33,60,101,120,31,67,159
S01012961,521,38,12,26,483,25,38,129,86,33,54,118
S01012962,649,27,15,12,622,5,90,101,88,35,87,216
S01012963,812,32,6,26,780,21,50,280,112,50,97,170
S01012964,644,22,4,18,622,21,10,251,64,83,58,135
S01012965,645,50,4,46,595,46,22,177,64,61,99,126
S01012966,690,56,17,39,634,36,38,199,102,52,72,135
S01012967,493,46,9,37,447,18,38,65,64,41,104,117
S01012968,660,62,8,54,598,69,56,157,112,25,70,109
S01012969,688,106,48,58,582,28,82,100,112,66,78,116
S01012970,579,57,30,27,522,16,62,97,104,23,69,151
S01012971,833,45,12,33,788,100,38,152,100,62,121,215
S01012972,797,93,43,50,704,87,68,166,124,33,116,110
S01012973,790,102,63,39,688,24,84,180,112,58,75,155
S01012974,919,174,75,99,745,51,122,173,140,22,72,165
S01012975,618,85,57,28,533,63,68,106,74,38,48,136
S01012976,522,65,32,33,457,33,68,86,96,31,67,76
S01012977,719,73,21,52,646,82,46,127,98,53,69,171
S01012978,808,96,26,70,712,70,54,138,108,43,119,180
S01012979,640,36,11,25,604,29,36,154,88,55,104,138
S01012980,668,115,28,87,553,72,60,172,88,15,65,81
S01012981,748,129,32,97,619,48,56,110,138,48,81,138
S01012982,820,132,34,98,688,65,100,201,128,25,62,107
S01012983,745,98,49,49,647,24,110,87,134,61,85,146
S01012984,628,91,40,51,537,23,64,115,118,16,89,112
S01012985,783,97,50,47,686,30,102,154,96,16,91,197
S01012986,746,183,53,130,563,77,76,144,110,10,47,99
S01012987,733,145,77,68,588,24,98,152,112,17,51,134
S01012988,883,204,106,98,679,90,126,150,126,15,42,130
S01012989,920,128,53,75,792,49,136,179,128,36,84,180
S01012990,602,149,86,63,453,33,54,76,72,28,63,127
S01012991,811,101,50,51,710,89,110,180,106,12,78,135
S01012992,786,167,84,83,619,46,98,134,80,35,82,144
S01012993,689,185,76,109,504,65,78,103,110,11,50,87
S01012994,871,286,103,183,585,54,68,129,138,22,50,124
S01012995,795,76,22,54,719,55,78,151,150,27,59,199
S01012996,651,51,19,32,600,47,34,79,100,37,58,245
S01012997,487,66,39,27,421,43,54,81,66,25,49,103
S01012998,1054,91,34,57,963,77,88,265,154,40,122,217
S01012999,479,83,37,46,396,33,44,81,70,25,43,100
S01013000,642,131,53,78,511,38,106,102,86,29,39,111
S01013001,381,28,10,18,353,10,72,72,66,16,41,76
S01013002,492,48,21,27,444,15,84,82,84,52,47,80
S01013003,641,34,24,10,607,6,126,154,102,35,68,116
S01013004,671,52,25,27,619,37,94,154,108,37,98,91
S01013005,711,70,41,29,641,44,112,164,116,41,54,110
S01013006,611,39,13,26,572,15,98,124,106,52,55,122
S01013007,910,111,65,46,799,20,188,210,116,52,50,163
S01013008,777,85,44,41,692,39,122,186,120,72,49,104
S01013009,634,106,63,43,528,50,108,123,60,16,53,118
S01013010,592,68,36,32,524,9,86,95,86,92,40,116
S01013011,705,53,28,25,652,35,54,229,92,71,71,100
S01013012,654,106,50,56,548,43,68,106,96,42,83,110
S01013013,731,77,52,25,654,47,96,172,94,62,56,127
S01013014,732,112,60,52,620,32,112,195,96,15,46,124
S01013015,760,72,34,38,688,27,128,172,100,56,83,122
S01013016,604,42,15,27,562,23,86,121,118,45,50,119
S01013017,846,102,57,45,744,69,120,184,114,56,84,117
S01013018,953,90,40,50,863,20,140,252,138,46,96,171
S01013019,898,81,31,50,817,29,86,222,166,90,124,100
S01013020,466,89,61,28,377,21,64,81,70,6,40,95
S01013021,464,43,21,22,421,30,44,94,80,31,41,101
S01013022,430,46,10,36,384,73,34,121,64,15,27,50
S01013023,854,52,34,18,802,21,138,170,162,40,106,165
S01013024,527,67,41,26,460,13,78,109,86,55,46,73
S01013025,498,49,14,35,449,9,64,59,116,12,84,105
S01013026,956,116,26,90,840,54,82,250,170,28,102,154
S01013027,1026,128,60,68,898,119,98,187,100,60,120,214
S01013028,457,42,14,28,415,14,46,76,102,27,33,117
S01013029,577,96,45,51,481,32,88,115,66,15,41,124
S01013030,627,41,19,22,586,66,46,113,78,51,65,167
S01013031,635,118,31,87,517,82,48,112,58,16,74,127
S01013032,810,63,5,58,747,62,34,335,146,51,58,61
S01013033,669,65,13,52,604,44,32,215,150,32,67,64
S01013034,717,74,36,38,643,62,86,114,100,58,59,164
S01013035,676,96,34,62,580,58,58,154,98,10,73,129
S01013036,770,59,24,35,711,78,38,105,112,49,107,222
S01013037,714,53,13,40,661,21,76,146,144,20,83,171
S01013038,970,158,77,81,812,68,86,130,150,61,107,210
S01013039,527,20,6,14,507,9,24,100,82,36,106,150
S01013040,628,145,76,69,483,27,84,95,102,26,44,105
S01013041,587,83,28,55,504,18,48,117,120,35,65,101
S01013042,795,76,31,45,719,45,40,180,150,20,109,175
S01013043,704,82,37,45,622,42,56,129,88,48,100,159
S01013044,827,73,32,41,754,80,86,156,106,48,101,177
S01013045,713,77,30,47,636,53,46,183,74,50,80,150
S01013046,499,60,30,30,439,42,56,80,80,5,52,124
S01013047,931,70,21,49,861,7,50,342,168,70,94,130
S01013048,791,172,32,140,619,25,66,152,194,10,75,97
S01013049,803,109,37,72,694,16,110,137,136,35,96,164
S01013050,709,139,46,93,570,43,74,75,136,16,46,180
S01013051,931,129,67,62,802,95,120,151,154,26,102,154
S01013052,738,173,95,78,565,64,104,110,126,10,49,102
S01013053,615,167,62,105,448,59,68,98,86,15,42,80
S01013054,658,97,54,43,561,26,88,99,138,33,39,138
S01013055,688,137,68,69,551,48,72,117,118,0,75,121
S01013056,904,161,73,88,743,49,120,154,146,26,65,183
S01013057,870,109,29,80,761,153,66,145,104,84,91,118
S01013058,625,28,6,22,597,44,18,253,98,65,58,61
S01013059,779,177,105,72,602,32,164,124,132,35,34,81
S01013060,491,75,31,44,416,13,70,88,98,15,32,100
S01013061,794,98,59,39,696,12,192,155,140,25,58,114
S01013062,824,159,87,72,665,15,138,171,140,57,45,99
S01013063,805,138,76,62,667,12,104,157,140,68,69,117
S01013064,866,122,72,50,744,37,144,198,114,37,73,141
S01013065,864,148,53,95,716,61,114,137,162,54,35,153
S01013066,690,150,32,118,540,48,54,138,132,30,38,100
S01013067,808,143,13,130,665,34,12,56,274,5,10,274
S01013068,776,189,38,151,587,104,22,93,176,5,44,143
S01013069,733,131,15,116,602,29,18,89,202,5,36,223
S01013070,560,131,22,109,429,53,16,49,166,10,26,109
S01013071,750,115,12,103,635,16,8,39,264,5,29,274
S01013072,517,75,34,41,442,52,34,78,66,15,47,150
S01013073,747,119,21,98,628,119,26,162,182,5,47,87
S01013074,711,117,35,82,594,123,30,114,70,57,76,124
S01013075,866,270,108,162,596,61,100,92,100,21,96,126
S01013076,467,35,10,25,432,7,22,134,86,31,48,104
S01013077,717,83,34,49,634,98,68,120,94,70,52,132
S01013078,572,90,14,76,482,82,34,107,78,26,70,85
S01013079,1052,69,14,55,983,41,52,343,148,81,127,191
S01013080,856,116,68,48,740,25,106,157,140,42,81,189
S01013081,643,66,37,29,577,7,104,152,138,20,40,116
S01013082,830,137,72,65,693,6,116,151,170,20,55,175
S01013083,469,38,19,19,431,6,66,139,62,25,38,95
S01013084,759,55,41,14,704,24,164,171,100,40,54,151
S01013085,527,125,93,32,402,34,52,121,52,39,31,73
S01013086,854,201,63,138,653,22,88,127,208,45,41,122
S01013087,771,89,35,54,682,23,104,169,138,58,87,103
S01013088,927,80,43,37,847,7,206,221,140,42,89,142
S01013089,749,121,66,55,628,37,116,153,158,10,54,100
S01013090,789,92,24,68,697,12,50,131,248,40,32,184
S01013091,461,108,14,94,353,20,12,38,174,5,25,79
S01013092,893,179,56,123,714,51,60,214,212,21,61,95
S01013093,470,71,30,41,399,18,100,58,90,10,51,72
S01013094,602,38,22,16,564,6,106,149,82,52,77,92
S01013095,889,16,6,10,873,9,76,295,116,130,113,134
S01013096,469,72,33,39,397,42,46,98,92,6,50,63
S01013097,620,52,16,36,568,9,52,177,136,52,38,104
S01013098,708,8,2,6,700,3,16,313,30,163,123,52
S01013099,854,184,79,105,670,37,128,146,170,35,39,115
S01013100,620,71,45,26,549,7,142,127,92,92,48,41
S01013101,993,213,102,111,780,71,124,169,172,30,84,130
S01013102,603,116,87,29,487,12,96,114,98,52,42,73
S01013103,863,31,19,12,832,21,76,304,86,110,86,149
S01013104,984,100,63,37,884,29,150,232,136,58,107,172
S01013105,889,115,55,60,774,14,136,211,144,76,62,131
S01013106,811,112,50,62,699,39,120,165,86,56,84,149
S01013107,661,51,25,26,610,14,122,143,144,26,43,118
S01013108,596,74,31,43,522,20,74,125,100,38,76,89
S01013109,1037,100,48,52,937,28,120,226,160,71,116,216
S01013110,597,64,24,40,533,18,94,107,80,38,86,110
S01013111,447,62,32,30,385,5,74,104,46,26,60,70
S01013112,648,69,27,42,579,56,62,213,82,35,47,84
S01013113,812,122,76,46,690,35,126,154,132,48,56,139
S01013114,776,100,49,51,676,18,112,172,138,55,56,125
S01013115,563,162,78,84,401,12,84,72,124,6,40,63
S01013116,717,92,58,34,625,3,166,125,124,10,53,144
S01013117,602,88,34,54,514,42,42,168,114,21,45,82
S01013118,444,48,20,28,396,8,74,57,98,40,37,82
S01013119,744,93,37,56,651,37,130,103,156,41,61,123
S01013120,909,160,68,92,749,43,136,165,186,25,75,119
S01013121,340,42,20,22,298,11,36,79,60,40,17,55
S01013122,598,186,32,154,412,70,38,79,84,52,36,53
S01013123,767,210,47,163,557,113,54,136,90,21,76,67
S01013124,719,122,48,74,597,41,80,156,102,26,55,137
S01013125,762,160,72,88,602,51,102,115,92,20,72,150
S01013126,743,122,28,94,621,133,30,118,120,27,69,124
S01013127,853,137,34,103,716,205,74,115,76,23,82,141
S01013128,624,325,51,274,299,75,28,60,106,0,9,21
S01013129,1100,225,69,156,875,116,94,154,176,37,129,169
S01013130,710,146,31,115,564,103,26,111,106,80,48,90
S01013131,653,134,27,107,519,95,28,141,88,20,68,79
S01013132,587,163,61,102,424,94,30,72,86,10,58,74
S01013133,756,250,55,195,506,73,48,120,132,30,33,70
S01013134,840,142,65,77,698,70,78,165,104,40,98,143
S01013135,771,198,51,147,573,113,30,140,82,26,81,101
S01013136,928,122,62,60,806,27,146,137,106,38,143,209
S01013137,745,88,48,40,657,32,104,147,74,10,90,200
S01013138,704,141,33,108,563,173,32,109,96,32,50,71
S01013139,878,168,64,104,710,94,96,106,104,52,99,159
S01013140,816,119,54,65,697,73,106,128,124,20,105,141
S01013141,647,146,69,77,501,65,78,105,100,27,28,98
S01013142,863,292,138,154,571,102,128,67,122,16,43,93
S01013143,853,160,77,83,693,56,104,142,154,25,77,135
S01013144,894,151,84,67,743,42,144,134,144,26,64,189
S01013145,704,141,70,71,563,44,78,74,98,25,69,175
S01013146,455,60,35,25,395,18,52,91,70,28,61,75
S01013147,726,93,56,37,633,41,92,125,86,26,120,143
S01013148,757,152,60,92,605,36,118,150,132,10,66,93
S01013149,824,172,69,103,652,77,76,163,152,10,52,122
S01013150,846,138,68,70,708,65,126,118,132,21,62,184
S01013151,566,93,41,52,473,41,44,100,96,20,54,118
S01013152,910,119,59,60,791,56,100,166,110,56,105,198
S01013153,890,151,43,108,739,133,70,163,86,44,112,131
S01013154,979,154,50,104,825,153,100,142,136,28,89,177
S01013155,908,145,24,121,763,182,16,176,112,48,100,129
S01013156,865,104,26,78,761,156,56,118,100,50,110,171
S01013157,983,163,46,117,820,140,44,173,122,55,141,145
S01013158,555,37,18,19,518,13,52,116,78,37,71,151
S01013159,701,80,37,43,621,34,100,93,116,25,71,182
S01013160,728,32,17,15,696,25,94,181,104,30,97,165
S01013161,1021,198,72,126,823,77,98,220,158,40,77,153
S01013162,815,197,89,108,618,49,130,94,114,46,56,129
S01013163,702,27,12,15,675,40,74,135,96,30,85,215
S01013164,1064,211,68,143,853,69,96,173,96,82,115,222
S01013165,883,153,92,61,730,42,116,174,138,11,104,145
S01013166,642,234,50,184,408,104,34,78,82,21,14,75
S01013167,655,216,29,187,439,110,22,119,98,11,30,49
S01013168,891,162,69,93,729,89,120,124,90,17,122,167
S01013169,853,202,104,98,651,74,118,115,96,30,69,149
S01013170,528,122,50,72,406,48,46,70,74,37,45,86
S01013171,679,53,15,38,626,29,42,172,82,53,99,149
S01013172,749,94,34,60,655,53,86,173,118,10,60,155
S01013173,799,117,31,86,682,42,62,184,142,27,72,153
S01013174,793,48,19,29,745,17,44,219,118,47,106,194
S01013175,867,84,34,50,783,55,56,287,124,46,66,149
S01013176,745,206,81,125,539,26,104,99,130,16,37,127
S01013177,617,115,37,78,502,11,72,126,100,16,57,120
S01013178,719,130,48,82,589,21,90,102,146,45,48,137
S01013179,781,115,38,77,666,54,102,65,152,5,77,211
S01013180,434,32,8,24,402,19,28,99,80,20,29,127
S01013181,718,84,51,33,634,20,78,149,152,10,82,143
S01013182,743,165,90,75,578,59,92,78,96,31,90,132
S01013183,834,76,26,50,758,12,90,172,146,25,89,224
S01013184,572,121,22,99,451,102,26,97,82,10,78,56
S01013185,810,129,48,81,681,102,68,172,112,40,80,107
S01013186,673,92,28,64,581,97,42,154,82,15,68,123
S01013187,825,147,42,105,678,83,72,168,136,47,55,117
S01013188,885,71,29,42,814,39,100,158,144,45,111,217
S01013189,618,51,33,18,567,15,80,96,80,32,74,190
S01013190,805,144,69,75,661,37,76,179,116,45,77,131
S01013191,1055,67,36,31,988,30,68,302,162,40,155,231
S01013192,895,155,67,88,740,57,106,136,140,25,78,198
S01013193,649,169,52,117,480,60,74,117,114,5,22,88
S01013194,568,157,32,125,411,55,48,83,120,0,33,72
S01013195,977,354,113,241,623,41,72,150,212,10,24,114
S01013196,626,193,46,147,433,33,62,85,164,0,23,66
S01013197,555,101,64,37,454,20,82,87,68,25,36,136
S01013198,768,160,72,88,608,51,86,99,114,30,60,168
S01013199,897,247,138,109,650,30,98,134,158,10,40,180
S01013200,695,111,50,61,584,68,62,112,104,25,99,114
S01013201,741,195,47,148,546,84,44,96,86,39,88,109
S01013202,552,72,7,65,480,70,64,78,52,26,59,131
S01013203,717,159,46,113,558,64,48,144,114,40,58,90
S01013204,793,88,21,67,705,34,48,230,152,41,67,133
S01013205,629,66,17,49,563,89,34,72,70,77,86,135
S01013206,627,115,35,80,512,67,62,94,98,8,75,108
S01013207,766,174,56,118,592,69,76,100,142,27,55,123
S01013208,919,176,26,150,743,104,66,179,146,20,83,145
S01013209,819,194,73,121,625,66,100,102,162,20,68,107
S01013210,588,75,27,48,513,18,72,97,82,5,66,173
S01013211,859,145,48,97,714,54,74,162,184,21,46,173
S01013212,590,14,2,12,576,19,12,123,90,20,115,197
S01013213,555,21,5,16,534,9,36,131,92,5,107,154
S01013214,438,24,6,18,414,15,20,133,68,10,65,103
S01013215,762,156,21,135,606,56,68,145,162,10,50,115
S01013216,579,59,13,46,520,81,26,146,74,22,31,140
S01013217,676,65,20,45,611,64,54,141,112,27,63,150
S01013218,609,65,13,52,544,126,42,101,76,35,31,133
S01013219,527,52,11,41,475,71,40,66,96,21,62,119
S01013220,696,119,46,73,577,129,64,99,70,44,61,110
S01013221,907,104,32,72,803,100,104,156,122,52,114,155
S01013222,595,154,60,94,441,78,42,121,92,18,30,60
S01013223,1113,359,175,184,754,101,84,208,174,36,53,98
S01013224,814,139,38,101,675,50,52,141,148,26,110,148
S01013225,812,87,34,53,725,85,52,159,84,49,119,177
S01013226,512,50,8,42,462,21,36,144,108,28,55,70
S01013227,703,175,68,107,528,95,64,140,86,20,37,86
S01013228,693,239,47,192,454,72,40,88,138,25,12,79
S01013229,772,141,51,90,631,101,68,145,122,21,65,109
S01013230,654,120,67,53,534,50,110,110,110,15,35,104
S01013231,732,167,72,95,565,53,56,128,144,17,57,110
S01013232,691,132,69,63,559,23,92,101,96,26,57,164
S01013233,579,77,45,32,502,12,90,68,116,25,56,135
S01013234,383,14,7,7,369,13,24,108,72,11,24,117
S01013235,751,161,67,94,590,27,112,100,140,16,42,153
S01013236,864,94,42,52,770,30,164,142,138,25,63,208
S01013237,813,125,35,90,688,68,42,174,138,50,77,139
S01013238,767,183,66,117,584,82,62,124,106,35,74,101
S01013239,885,151,43,108,734,123,92,162,140,45,44,128
S01013240,534,97,23,74,437,58,50,104,76,10,59,80
S01013241,809,59,32,27,750,3,130,158,180,11,59,209
S01013242,590,50,36,14,540,9,78,104,92,20,102,135
S01013243,735,106,27,79,629,50,70,163,110,23,56,157
S01013244,752,138,70,68,614,97,106,97,74,20,71,149
S01013245,1009,98,44,54,911,52,96,266,150,65,93,189
S01013246,467,44,21,23,423,28,34,108,66,44,35,108
S01013247,741,117,29,88,624,114,58,136,110,15,80,111
S01013248,629,114,38,76,515,88,64,90,78,16,65,114
S01013249,460,52,16,36,408,49,60,84,80,10,47,78
S01013250,864,67,26,41,797,50,86,139,160,37,142,183
S01013251,780,99,29,70,681,99,44,218,92,84,60,84
S01013252,680,82,25,57,598,68,64,103,112,47,64,140
S01013253,708,91,35,56,617,49,102,137,126,37,47,119
S01013254,633,116,43,73,517,74,48,127,76,40,41,111
S01013255,840,88,37,51,752,77,100,127,110,39,107,192
S01013256,710,111,49,62,599,59,72,199,104,10,74,81
S01013257,803,193,104,89,610,41,98,124,126,30,54,137
S01013258,759,65,29,36,694,30,102,136,154,62,47,163
S01013259,841,91,37,54,750,97,110,162,132,33,36,180
S01013260,887,115,36,79,772,129,60,195,140,42,64,142
S01013261,812,105,44,61,707,98,56,161,132,60,63,137
S01013262,642,82,31,51,560,40,72,87,114,36,96,115
S01013263,557,25,14,11,532,25,46,159,90,55,75,82
S01013264,524,11,2,9,513,11,22,226,56,12,75,111
S01013265,675,10,2,8,665,19,14,195,86,76,143,132
S01013266,566,20,5,15,546,21,20,181,84,26,115,99
S01013267,544,75,27,48,469,60,42,110,84,30,42,101
S01013268,839,76,28,48,763,80,66,174,100,40,101,202
S01013269,949,77,17,60,872,50,60,296,192,25,97,152
S01013270,829,37,10,27,792,14,46,283,130,65,137,117
S01013271,597,33,21,12,564,16,98,123,138,30,53,106
S01013272,777,30,12,18,747,24,28,257,100,73,123,142
S01013273,939,20,6,14,919,24,26,422,86,116,105,140
S01013274,793,87,25,62,706,29,88,145,192,16,70,166
S01013275,671,42,12,30,629,42,44,176,144,42,93,88
S01013276,611,43,12,31,568,20,36,157,116,11,81,147
S01013277,889,83,40,43,806,83,78,136,160,64,97,188
S01013278,781,98,34,64,683,79,60,138,90,67,94,155
S01013279,740,82,26,56,658,102,54,131,104,61,87,119
S01013280,585,56,32,24,529,36,60,115,62,56,51,149
S01013281,963,109,61,48,854,74,90,180,120,73,160,157
S01013282,827,119,29,90,708,82,20,187,114,52,103,150
S01013283,642,106,11,95,536,55,24,116,200,10,56,75
S01013284,651,97,17,80,554,24,54,154,158,36,50,78
S01013285,656,60,18,42,596,26,44,160,144,10,78,134
S01013286,667,68,14,54,599,49,56,131,144,20,43,156
S01013287,784,44,14,30,740,18,40,193,120,41,113,215
S01013288,660,115,51,64,545,36,76,145,126,25,72,65
S01013289,760,65,28,37,695,36,102,209,110,59,60,119
S01013290,911,94,27,67,817,54,52,264,134,80,81,152
S01013291,724,38,5,33,686,52,24,240,104,57,93,116
S01013292,723,49,18,31,674,25,60,126,154,26,71,212
S01013293,714,49,16,33,665,17,52,163,136,40,93,164
S01013294,729,83,25,58,646,60,52,138,116,15,95,170
S01013295,746,94,16,78,652,42,56,125,148,42,59,180
S01013296,712,95,45,50,617,67,86,66,100,43,58,197
S01013297,688,107,51,56,581,30,72,147,96,27,49,160
S01013298,668,99,46,53,569,49,114,86,104,31,61,124
S01013299,1019,109,43,66,910,78,112,274,146,20,67,213
S01013300,552,90,37,53,462,23,88,83,110,5,53,100
S01013301,481,65,31,34,416,35,64,68,72,35,33,109
S01013302,614,79,25,54,535,21,68,118,130,26,67,105
S01013303,881,109,73,36,772,19,126,118,158,43,101,207
S01013304,929,155,32,123,774,91,72,134,152,58,114,153
S01013305,952,150,58,92,802,101,90,130,204,50,45,182
S01013306,920,245,48,197,675,158,42,106,188,20,83,78
S01013307,1047,136,36,100,911,90,54,231,166,66,120,184
S01013308,943,96,15,81,847,174,48,228,122,68,111,96
S01013309,618,52,11,41,566,25,34,158,114,48,95,92
S01013310,649,42,21,21,607,47,54,170,74,26,99,137
S01013311,801,71,25,46,730,89,58,134,130,47,122,150
S01013312,1042,192,46,146,850,74,84,194,180,64,124,130
S01013313,692,77,28,49,615,53,68,96,88,74,108,128
S01013314,670,96,43,53,574,76,98,104,100,36,65,95
S01013315,567,6,0,6,561,9,18,276,62,68,68,60
S01013316,663,66,39,27,597,27,98,103,108,65,41,155
S01013317,521,87,29,58,434,21,72,90,126,10,39,76
S01013318,612,52,13,39,560,21,40,193,134,32,50,90
S01013319,570,34,9,25,536,41,32,165,98,38,63,99
S01013320,1040,50,5,45,990,49,14,398,166,91,138,134
S01013321,423,95,36,59,328,28,50,70,100,5,28,47
S01013322,724,51,21,30,673,64,48,141,98,31,112,179
S01013323,947,136,37,99,811,90,72,192,126,26,94,211
S01013324,649,89,25,64,560,91,32,113,94,28,79,123
S01013325,905,75,21,54,830,176,50,205,100,35,126,138
S01013326,541,55,20,35,486,54,38,115,86,12,59,122
S01013327,697,57,25,32,640,87,30,121,120,41,76,165
S01013328,652,50,15,35,602,91,40,117,78,44,109,123
S01013329,538,71,35,36,467,42,46,99,84,28,51,117
S01013330,1051,95,6,89,956,73,42,336,226,36,109,134
S01013331,647,50,7,43,597,31,12,239,132,43,60,80
S01013332,673,91,45,46,582,54,66,138,92,42,60,130
S01013333,826,73,24,49,753,46,52,244,150,32,101,128
S01013334,784,63,13,50,721,88,44,198,110,53,105,123
S01013335,825,62,23,39,763,156,18,164,78,76,112,159
S01013336,863,103,22,81,760,94,34,156,102,51,145,178
S01013337,950,63,19,44,887,32,120,172,154,56,108,245
S01013338,588,10,2,8,578,18,12,190,60,89,148,61
S01013339,584,43,10,33,541,19,60,133,122,35,66,106
S01013340,805,54,14,40,751,23,120,142,196,25,62,183
S01013341,898,99,19,80,799,40,72,263,224,20,82,98
S01013342,644,103,36,67,541,59,70,99,86,37,67,123
S01013343,673,83,33,50,590,48,42,151,96,52,81,120
S01013344,792,128,64,64,664,69,98,118,98,30,117,134
S01013345,762,73,32,41,689,83,34,180,122,54,81,135
S01013346,881,23,4,19,858,61,30,277,114,92,128,156
S01013347,700,125,19,106,575,27,58,193,152,31,25,89
S01013348,470,29,9,20,441,15,8,180,82,40,58,58
S01013349,785,117,4,113,668,76,12,223,186,32,61,78
S01013350,662,84,42,42,578,56,50,115,104,22,59,172
S01013351,784,80,35,45,704,49,48,187,146,37,66,171
S01013352,897,78,32,46,819,75,82,167,142,59,97,197
S01013353,669,98,33,65,571,66,28,120,112,54,90,101
S01013354,727,84,34,50,643,34,96,168,152,46,34,113
S01013355,653,75,40,35,578,50,68,162,98,21,46,133
S01013356,754,90,20,70,664,103,72,175,108,23,67,116
S01013357,827,79,27,52,748,55,94,197,172,35,89,106
S01013358,811,141,85,56,670,56,88,177,136,15,64,134
S01013359,621,113,43,70,508,76,72,81,112,36,45,86
S01013360,687,83,35,48,604,48,84,118,122,26,57,149
S01013361,545,120,39,81,425,31,52,99,108,0,37,98
S01013362,494,76,46,30,418,66,56,65,62,27,61,81
S01013363,753,173,49,124,580,99,72,97,128,48,50,86
S01013364,903,93,37,56,810,38,86,217,158,46,124,141
S01013365,779,102,26,76,677,54,102,140,210,11,46,114
S01013366,888,70,20,50,818,44,60,285,156,33,76,164
S01013367,584,48,19,29,536,10,28,165,102,15,97,119
S01013368,719,57,26,31,662,42,80,141,114,32,78,175
S01013369,911,145,80,65,766,157,98,129,132,45,73,132
S01013370,582,132,31,101,450,60,66,117,92,32,31,52
S01013371,661,125,80,45,536,61,140,72,86,23,62,92
S01013372,1094,166,50,116,928,162,84,229,140,47,101,165
S01013373,925,168,55,113,757,112,134,154,144,26,57,130
S01013374,959,177,80,97,782,157,100,143,122,46,94,120
S01013375,574,81,37,44,493,60,88,112,82,22,40,89
S01013376,594,92,46,46,502,50,88,93,98,28,69,76
S01013377,772,138,69,69,634,59,126,128,140,16,56,109
S01013378,973,130,51,79,843,120,76,126,168,49,95,209
S01013379,826,70,26,44,756,56,90,111,182,26,93,198
S01013380,108,6,4,2,102,0,14,7,4,20,23,34
S01013381,489,60,30,30,429,25,70,109,66,21,34,104
S01013382,553,56,24,32,497,22,48,130,98,38,38,123
S01013383,679,147,72,75,532,51,98,126,122,15,23,97
S01013384,745,126,67,59,619,21,86,130,102,53,98,129
S01013385,480,62,24,38,418,20,60,91,110,35,26,76
S01013386,855,58,18,40,797,23,114,259,144,41,67,149
S01013387,612,79,46,33,533,79,72,123,80,36,54,89
S01013388,737,178,101,77,559,57,108,101,102,37,57,97
S01013389,757,118,34,84,639,64,66,152,144,21,63,129
S01013390,459,71,22,49,388,26,58,84,76,16,49,79
S01013391,435,42,29,13,393,14,44,92,74,16,60,93
S01013392,761,31,3,28,730,36,14,313,154,52,81,80
S01013393,713,116,56,60,597,56,64,202,100,15,70,90
S01013394,680,86,23,63,594,89,62,133,84,21,62,143
S01013395,728,144,31,113,584,180,20,169,100,37,27,51
S01013396,689,28,1,27,661,26,6,321,176,41,57,34
S01013397,858,109,42,67,749,55,84,153,166,55,70,166
S01013398,612,15,5,10,597,19,10,201,76,47,120,124
S01013399,1032,79,24,55,953,36,50,398,188,60,73,148
S01013400,637,117,24,93,520,61,62,125,120,10,31,111
S01013401,805,63,6,57,742,65,6,286,214,10,70,91
S01013402,1057,102,2,100,955,59,10,470,242,55,67,52
S01013403,889,65,7,58,824,48,10,410,162,70,61,63
S01013404,595,37,1,36,558,45,12,214,88,55,68,76
S01013405,663,120,57,63,543,31,108,111,130,22,45,96
S01013406,612,72,26,46,540,58,74,118,92,26,42,130
S01013407,534,97,37,60,437,54,64,107,96,22,19,75
S01013408,658,102,56,46,556,105,84,132,76,12,37,110
S01013409,1052,104,24,80,948,91,92,212,166,43,146,198
S01013410,687,83,14,69,604,130,26,146,114,67,59,62
S01013411,723,113,25,88,610,36,82,140,134,40,42,136
S01013412,797,134,41,93,663,50,58,161,130,20,99,145
S01013413,776,96,57,39,680,18,98,186,140,58,48,132
S01013414,825,259,124,135,566,82,102,120,132,15,42,73
S01013415,649,220,85,135,429,68,68,77,90,0,30,96
S01013416,576,110,37,73,466,39,54,118,90,5,40,120
S01013417,812,211,44,167,601,29,112,110,158,21,58,113
S01013418,642,62,23,39,580,45,56,116,110,52,64,137
S01013419,468,39,16,23,429,10,52,112,78,15,67,95
S01013420,565,98,30,68,467,50,54,93,100,30,30,110
S01013421,804,41,5,36,763,38,26,336,112,57,118,76
S01013422,724,70,39,31,654,49,74,139,138,53,54,147
S01013423,820,79,40,39,741,30,90,170,144,53,81,173
S01013424,494,38,15,23,456,23,44,130,64,30,69,96
S01013425,429,78,32,46,351,17,40,86,70,15,53,70
S01013426,826,116,53,63,710,94,100,142,118,27,75,154
S01013427,452,35,8,27,417,11,18,132,98,41,51,66
S01013428,944,93,29,64,851,87,56,188,156,56,130,178
S01013429,681,88,31,57,593,61,56,127,136,41,44,128
S01013430,693,46,20,26,647,48,76,169,136,40,54,124
S01013431,683,104,50,54,579,67,70,95,102,11,105,129
S01013432,703,76,25,51,627,30,62,138,140,68,59,130
S01013433,746,70,43,27,676,34,102,170,142,41,74,113
S01013434,534,46,23,23,488,9,38,166,94,30,65,86
S01013435,664,22,6,16,642,14,30,218,110,55,113,102
S01013436,884,83,38,45,801,62,94,239,92,64,108,142
S01013437,645,108,22,86,537,40,56,88,152,10,52,139
S01013438,575,111,51,60,464,65,44,108,112,31,16,88
S01013439,899,44,33,11,855,10,160,226,162,50,71,176
S01013440,1012,40,22,18,972,14,156,254,170,65,97,216
S01013441,745,75,31,44,670,4,108,202,154,51,37,114
S01013442,785,88,26,62,697,42,54,189,138,53,34,187
S01013443,635,111,41,70,524,31,72,140,124,37,66,54
S01013444,928,259,124,135,669,43,70,159,226,15,44,112
S01013445,624,72,59,13,552,5,70,193,72,50,42,120
S01013446,713,84,46,38,629,38,90,152,126,55,49,119
S01013447,645,18,3,15,627,16,8,255,66,118,97,67
S01013448,798,160,93,67,638,5,128,146,122,46,66,125
S01013449,640,74,31,43,566,16,78,170,108,35,43,116
S01013450,588,65,16,49,523,31,42,158,122,30,46,94
S01013451,871,30,5,25,841,27,30,260,136,62,116,210
S01013452,779,64,23,41,715,38,52,222,122,55,64,162
S01013453,772,106,46,60,666,107,56,138,148,28,95,94
S01013454,753,81,37,44,672,25,76,182,162,57,71,99
S01013455,560,87,29,58,473,13,84,119,126,40,26,65
S01013456,772,147,71,76,625,32,76,166,142,30,60,119
S01013457,909,96,47,49,813,87,110,142,148,70,94,162
S01013458,711,131,35,96,580,43,66,96,126,60,61,128
S01013459,797,206,96,110,591,39,56,139,160,21,60,116
S01013460,849,108,48,60,741,95,84,167,68,64,69,194
S01013461,1098,123,45,78,975,85,46,304,174,92,108,166
S01013462,830,87,17,70,743,37,52,206,200,36,65,147
S01013463,590,35,10,25,555,99,18,209,76,36,33,84
S01013464,698,95,56,39,603,20,108,110,156,10,65,134
S01013465,669,130,66,64,539,26,108,117,132,10,35,111
S01013466,295,24,11,13,271,3,36,51,52,35,18,76
S01013467,950,58,25,33,892,28,112,393,138,45,73,103
S01013468,597,156,67,89,441,47,60,72,82,10,69,101
S01013469,744,76,40,36,668,17,144,170,146,15,19,157
S01013470,742,99,34,65,643,102,60,107,108,60,81,125
S01013471,935,95,41,54,840,78,94,177,140,68,99,184
S01013472,624,25,1,24,599,11,24,271,78,35,103,77
S01013473,682,14,3,11,668,16,16,304,80,61,99,92
S01013474,639,44,13,31,595,29,36,243,100,52,63,72
S01013475,613,48,16,32,565,34,80,101,102,22,84,142
S01013476,626,65,26,39,561,28,118,119,88,15,48,145
S01013477,605,129,54,75,476,54,50,94,104,21,39,114
S01013478,851,122,27,95,729,53,28,213,136,47,117,135
S01013479,781,212,88,124,569,65,94,92,136,16,65,101
S01013480,671,99,68,31,572,30,102,111,100,35,56,138
S01013481,451,47,22,25,404,8,80,57,66,15,59,119
