,All people aged under 65 in households,1. Higher managerial administrative and professional occupations,1. Higher managerial administrative and professional occupations: 1.1 Large employers and higher managerial and administrative occupations,1. Higher managerial administrative and professional occupations: 1.2 Higher professional occupations,2. Lower managerial administrative and professional occupations,3. Intermediate occupations,4. Small employers and own account workers,5. Lower supervisory and technical occupations,6. Semi-routine occupations,7. Routine occupations,8. Never worked and long-term unemployed,8. Never worked and long-term unemployed: L14.1 Never worked,8. Never worked and long-term unemployed: L14.2 Long-term unemployed,L15 Full-time students
S92000003,4342234,537392,110284,427108,985458,458400,439688,445486,596954,576280,173900,90436,83464,128676
S01006506,728,175,20,155,198,57,74,70,68,63,13,9,4,10
S01006507,686,122,20,102,167,49,79,84,86,86,3,2,1,10
S01006508,588,123,20,103,154,97,61,67,41,34,3,2,1,8
S01006509,476,73,21,52,118,44,58,63,70,48,1,0,1,1
S01006510,460,89,24,65,127,46,47,38,57,40,12,8,4,4
S01006511,562,161,60,101,187,49,65,38,28,25,6,2,4,3
S01006512,447,170,31,139,128,8,69,22,29,14,3,0,3,4
S01006513,442,144,33,111,146,37,33,47,22,13,0,0,0,0
S01006514,805,361,82,279,230,68,66,40,11,26,2,2,0,1
S01006515,667,280,46,234,183,34,72,21,33,21,7,7,0,16
S01006516,380,147,38,109,113,15,67,13,12,3,0,0,0,10
S01006517,835,353,88,265,217,41,77,67,42,17,15,15,0,6
S01006518,501,222,74,148,135,25,60,26,28,0,0,0,0,5
S01006519,707,282,49,233,189,67,70,28,38,23,3,0,3,7
S01006520,692,387,80,307,183,19,28,33,22,7,13,0,13,0
S01006521,604,287,89,198,160,21,78,34,21,2,1,0,1,0
S01006522,488,252,43,209,128,27,31,23,17,7,0,0,0,3
S01006523,738,334,93,241,202,48,51,56,16,12,3,0,3,16
S01006524,551,255,81,174,122,27,67,31,18,20,9,3,6,2
S01006525,612,270,71,199,149,34,58,38,29,16,0,0,0,18
S01006526,730,62,12,50,138,80,36,97,111,82,21,8,13,103
S01006527,560,37,3,34,66,68,25,108,93,123,10,5,5,30
S01006528,801,85,6,79,143,64,40,111,114,115,20,16,4,109
S01006529,735,94,10,84,162,67,49,66,97,64,14,11,3,122
S01006530,631,45,8,37,102,80,42,97,77,109,25,22,3,54
S01006531,796,67,5,62,127,58,33,64,158,178,27,7,20,84
S01006532,530,161,23,138,181,47,55,21,17,13,0,0,0,35
S01006533,573,232,46,186,188,24,40,28,31,11,0,0,0,19
S01006534,773,293,78,215,237,56,53,59,37,15,5,1,4,18
S01006535,939,217,38,179,304,90,57,81,73,45,6,2,4,66
S01006536,927,226,36,190,325,91,43,72,63,46,8,1,7,53
S01006537,542,200,33,167,136,61,55,37,42,6,3,3,0,2
S01006538,435,153,32,121,119,29,39,66,19,6,2,0,2,2
S01006539,565,183,30,153,176,53,43,55,17,24,4,4,0,10
S01006540,790,265,48,217,233,90,46,63,44,22,3,3,0,24
S01006541,558,200,50,150,171,44,33,50,45,11,2,0,2,2
S01006542,714,278,55,223,230,58,40,35,32,30,5,5,0,6
S01006543,560,147,32,115,185,51,57,57,38,16,3,0,3,6
S01006544,888,368,71,297,230,34,111,72,33,16,2,0,2,22
S01006545,786,238,47,191,234,85,61,51,56,35,7,4,3,19
S01006546,494,172,34,138,204,42,21,21,10,18,4,4,0,2
S01006547,669,188,63,125,188,60,42,55,64,45,9,6,3,18
S01006548,503,157,30,127,181,40,61,18,31,6,5,5,0,4
S01006549,618,222,50,172,166,32,73,51,37,28,4,1,3,5
S01006550,674,230,45,185,190,67,51,60,39,23,2,0,2,12
S01006551,506,104,9,95,87,55,67,42,59,82,6,3,3,4
S01006552,732,198,34,164,222,86,77,65,54,26,3,1,2,1
S01006553,545,119,20,99,123,50,83,58,74,26,7,3,4,5
S01006554,548,91,5,86,152,52,43,58,61,72,10,3,7,9
S01006555,698,52,8,44,138,84,35,95,126,143,15,9,6,10
S01006556,649,33,9,24,125,71,62,84,94,153,15,5,10,12
S01006557,597,46,13,33,98,71,36,106,124,94,14,8,6,8
S01006558,531,205,23,182,153,43,26,41,21,19,0,0,0,23
S01006559,535,264,37,227,150,27,18,19,9,6,3,2,1,39
S01006560,824,350,46,304,239,62,63,41,33,15,1,1,0,20
S01006561,647,271,53,218,193,32,58,35,24,13,3,0,3,18
S01006562,549,180,22,158,144,41,35,39,71,29,6,5,1,4
S01006563,672,292,28,264,157,31,32,74,25,43,3,0,3,15
S01006564,869,126,9,117,210,62,61,85,112,79,45,28,17,89
S01006565,792,117,8,109,184,79,34,96,86,69,13,7,6,114
S01006566,690,167,8,159,183,88,23,54,48,31,6,4,2,90
S01006567,745,88,9,79,159,74,20,85,87,63,26,10,16,143
S01006568,897,241,8,233,259,77,24,63,68,39,11,2,9,115
S01006569,510,182,27,155,102,37,29,36,44,36,4,3,1,40
S01006570,685,245,52,193,192,43,43,60,39,14,8,1,7,41
S01006571,790,292,37,255,245,52,46,35,40,25,10,5,5,45
S01006572,750,370,98,272,207,26,76,41,22,4,0,0,0,4
S01006573,649,358,95,263,155,15,40,31,21,3,6,0,6,20
S01006574,862,415,92,323,220,31,58,45,54,8,10,1,9,21
S01006575,808,307,48,259,212,58,55,100,41,8,7,1,6,20
S01006576,644,250,46,204,173,61,38,39,28,18,1,1,0,36
S01006577,698,200,24,176,201,61,57,67,43,22,5,2,3,42
S01006578,980,214,10,204,291,108,21,84,82,71,15,5,10,94
S01006579,914,183,14,169,250,114,14,77,96,53,7,5,2,120
S01006580,655,199,19,180,202,69,30,57,49,22,0,0,0,27
S01006581,740,331,83,248,183,34,79,56,35,18,0,0,0,4
S01006582,766,181,5,176,180,71,35,43,112,39,5,0,5,100
S01006583,688,145,6,139,152,66,12,58,77,27,6,1,5,145
S01006584,603,160,12,148,171,38,27,44,35,24,0,0,0,104
S01006585,699,72,1,71,124,59,50,81,96,107,26,13,13,84
S01006586,889,136,7,129,178,84,32,77,113,74,9,7,2,186
S01006587,522,85,4,81,93,60,38,52,62,39,7,3,4,86
S01006588,586,85,2,83,126,55,12,56,67,41,5,2,3,139
S01006589,662,71,2,69,95,52,25,60,68,98,17,4,13,176
S01006590,609,144,9,135,152,66,27,42,61,36,7,6,1,74
S01006591,687,182,15,167,180,69,24,47,80,44,4,2,2,57
S01006592,653,166,18,148,194,67,39,60,54,28,0,0,0,45
S01006593,706,214,30,184,203,59,18,60,31,38,3,3,0,80
S01006594,424,101,19,82,81,79,24,45,21,27,1,0,1,45
S01006595,875,220,21,199,246,120,28,63,72,41,11,7,4,74
S01006596,633,186,12,174,186,55,45,56,50,26,2,0,2,27
S01006597,487,86,5,81,137,46,23,51,47,30,6,4,2,61
S01006598,846,338,59,279,228,66,67,79,27,21,1,0,1,19
S01006599,648,102,9,93,147,79,37,59,76,64,11,3,8,73
S01006600,841,244,34,210,190,89,69,62,90,50,5,4,1,42
S01006601,880,211,35,176,225,101,59,86,82,58,15,8,7,43
S01006602,685,289,67,222,176,41,57,34,44,19,1,0,1,24
S01006603,664,56,18,38,82,57,22,129,96,187,22,14,8,13
S01006604,548,31,0,31,109,60,72,62,97,110,5,0,5,2
S01006605,623,47,2,45,94,59,31,75,145,129,35,15,20,8
S01006606,597,100,17,83,175,55,68,60,57,62,12,5,7,8
S01006607,763,71,9,62,121,89,62,124,115,146,19,10,9,16
S01006608,613,107,15,92,133,56,99,86,43,63,7,0,7,19
S01006609,851,50,3,47,119,107,66,167,147,164,18,2,16,13
S01006610,348,29,14,15,47,47,8,65,77,67,8,8,0,0
S01006611,736,43,5,38,158,76,45,118,101,162,25,3,22,8
S01006612,715,91,7,84,202,96,66,48,87,105,16,12,4,4
S01006613,565,96,20,76,151,96,51,69,49,52,1,0,1,0
S01006614,656,127,23,104,218,73,43,78,61,44,6,0,6,6
S01006615,761,206,61,145,218,64,88,97,39,34,0,0,0,15
S01006616,753,113,23,90,187,88,53,122,87,84,3,0,3,16
S01006617,569,48,8,40,121,108,72,64,73,75,0,0,0,8
S01006618,428,84,25,59,92,57,30,72,54,39,0,0,0,0
S01006619,780,102,20,82,173,60,88,143,82,119,8,8,0,5
S01006620,717,92,17,75,174,100,46,94,87,110,7,3,4,7
S01006621,457,34,7,27,113,49,35,98,60,61,3,0,3,4
S01006622,641,93,17,76,168,113,87,70,56,53,1,1,0,0
S01006623,603,61,4,57,103,76,36,112,91,111,2,0,2,11
S01006624,717,61,6,55,111,77,37,114,110,134,19,10,9,54
S01006625,531,33,5,28,89,61,43,70,97,121,11,2,9,6
S01006626,591,14,6,8,68,54,30,76,143,166,11,8,3,29
S01006627,792,62,14,48,162,94,28,94,111,198,18,6,12,25
S01006628,1059,84,5,79,146,94,42,166,178,249,22,11,11,78
S01006629,666,28,11,17,79,47,41,94,141,179,27,11,16,30
S01006630,551,16,4,12,45,62,33,98,113,155,21,15,6,8
S01006631,747,38,6,32,114,70,25,109,163,193,23,19,4,12
S01006632,727,38,2,36,87,72,31,77,169,185,42,23,19,26
S01006633,632,21,5,16,50,55,30,77,126,214,39,26,13,20
S01006634,591,27,8,19,55,38,14,79,90,195,83,51,32,10
S01006635,560,40,0,40,74,40,21,98,102,157,12,5,7,16
S01006636,777,15,0,15,66,44,29,116,207,220,49,31,18,31
S01006637,628,109,12,97,121,64,30,51,76,88,14,9,5,75
S01006638,763,92,12,80,154,83,13,53,120,89,14,5,9,145
S01006639,792,77,16,61,145,67,32,74,98,95,29,19,10,175
S01006640,717,159,27,132,168,48,17,66,43,35,2,1,1,179
S01006641,980,143,9,134,180,81,35,92,127,91,23,15,8,208
S01006642,788,100,10,90,138,66,22,60,62,63,10,8,2,267
S01006643,709,92,10,82,114,64,27,38,58,39,10,5,5,267
S01006644,920,132,11,121,149,79,21,70,107,79,7,4,3,276
S01006645,619,51,11,40,119,57,18,71,114,115,21,12,9,53
S01006646,495,51,3,48,111,45,4,44,69,30,5,3,2,136
S01006647,583,44,2,42,118,70,30,55,87,82,15,5,10,82
S01006648,1052,96,7,89,208,104,32,151,132,107,21,6,15,201
S01006649,927,125,2,123,157,108,26,88,138,111,27,12,15,147
S01006650,818,83,5,78,171,56,46,74,96,69,13,7,6,210
S01006651,555,63,0,63,83,56,7,74,41,56,12,4,8,163
S01006652,511,70,1,69,100,43,25,47,42,39,13,4,9,132
S01006653,528,128,10,118,124,32,28,41,40,31,1,0,1,103
S01006654,771,75,5,70,123,93,48,75,132,131,24,13,11,70
S01006655,565,155,17,138,145,42,30,35,36,37,2,1,1,83
S01006656,899,157,2,155,192,113,26,75,105,73,25,3,22,133
S01006657,519,80,9,71,88,62,11,50,69,61,2,1,1,96
S01006658,977,75,1,74,124,77,37,138,140,136,29,10,19,221
S01006659,567,97,8,89,87,36,23,52,36,13,0,0,0,223
S01006660,520,27,1,26,41,25,36,65,80,94,29,16,13,123
S01006661,563,99,15,84,93,48,17,50,37,30,3,0,3,186
S01006662,581,22,2,20,82,41,26,67,103,72,21,16,5,147
S01006663,539,68,4,64,54,39,29,24,26,21,12,7,5,266
S01006664,474,78,1,77,64,10,9,41,56,18,4,3,1,194
S01006665,535,68,3,65,93,41,19,33,40,25,5,3,2,211
S01006666,700,25,0,25,73,49,57,106,138,157,54,30,24,41
S01006667,644,27,4,23,73,33,25,90,120,153,52,31,21,71
S01006668,682,80,2,78,140,70,14,42,74,28,7,3,4,227
S01006669,589,105,3,102,71,38,25,61,99,75,12,6,6,103
S01006670,434,41,6,35,99,59,19,32,55,56,5,1,4,68
S01006671,397,70,19,51,64,37,13,40,36,32,8,5,3,97
S01006672,658,48,0,48,94,37,21,65,123,151,29,18,11,90
S01006673,672,81,1,80,81,53,40,68,135,102,13,5,8,99
S01006674,736,39,7,32,84,74,61,108,121,170,35,15,20,44
S01006675,702,15,2,13,91,41,39,78,161,201,37,18,19,39
S01006676,645,69,0,69,63,43,29,72,113,172,33,14,19,51
S01006677,653,27,1,26,90,43,22,76,114,165,24,8,16,92
S01006678,1032,34,6,28,122,55,46,139,221,286,57,30,27,72
S01006679,527,46,7,39,147,56,32,65,74,77,4,0,4,26
S01006680,770,14,2,12,88,47,45,96,131,269,57,23,34,23
S01006681,580,32,7,25,147,58,26,100,101,88,12,1,11,16
S01006682,779,36,5,31,103,32,67,80,140,234,39,17,22,48
S01006683,832,57,1,56,120,78,30,87,161,189,20,5,15,90
S01006684,640,52,12,40,73,55,33,87,137,136,21,7,14,46
S01006685,654,41,4,37,152,70,23,64,97,150,30,7,23,27
S01006686,530,60,7,53,100,38,35,58,113,100,12,5,7,14
S01006687,689,63,6,57,124,73,28,110,137,106,16,9,7,32
S01006688,634,88,25,63,137,50,76,58,91,92,7,7,0,35
S01006689,574,151,18,133,169,55,55,35,27,13,0,0,0,69
S01006690,495,87,6,81,118,37,19,56,55,37,8,1,7,78
S01006691,493,128,5,123,85,22,36,35,55,28,1,1,0,103
S01006692,592,144,32,112,150,37,41,58,40,27,0,0,0,95
S01006693,900,127,14,113,185,96,51,111,81,155,21,14,7,73
S01006694,558,10,4,6,94,65,32,80,123,124,15,9,6,15
S01006695,546,86,18,68,80,33,44,76,82,125,10,7,3,10
S01006696,696,70,9,61,97,107,34,93,129,92,18,13,5,56
S01006697,757,50,2,48,117,71,60,132,138,145,11,4,7,33
S01006698,527,35,0,35,98,53,10,52,92,135,17,11,6,35
S01006699,387,43,7,36,78,32,29,27,56,95,2,0,2,25
S01006700,628,94,13,81,119,57,55,78,78,90,12,4,8,45
S01006701,634,19,3,16,91,70,36,115,152,120,26,13,13,5
S01006702,608,25,2,23,68,81,54,101,124,141,10,2,8,4
S01006703,581,35,4,31,87,44,33,58,163,140,11,5,6,10
S01006704,530,13,10,3,72,58,14,71,108,143,38,19,19,13
S01006705,576,42,13,29,77,58,49,90,111,135,9,2,7,5
S01006706,535,32,6,26,90,77,31,79,113,92,17,10,7,4
S01006707,605,32,4,28,92,46,38,86,140,124,31,10,21,16
S01006708,591,31,6,25,110,78,44,81,110,117,10,10,0,10
S01006709,750,41,14,27,110,83,82,98,130,157,26,15,11,23
S01006710,624,15,3,12,165,87,48,94,74,119,19,9,10,3
S01006711,732,44,18,26,138,102,76,90,108,145,21,13,8,8
S01006712,395,18,14,4,76,59,25,84,46,81,4,1,3,2
S01006713,766,46,11,35,121,90,53,91,131,224,4,4,0,6
S01006714,536,27,5,22,77,69,27,88,86,136,4,4,0,22
S01006715,572,23,0,23,70,36,33,80,94,169,45,29,16,22
S01006716,537,16,3,13,107,65,56,62,97,101,12,9,3,21
S01006717,772,30,7,23,105,90,55,109,134,201,34,18,16,14
S01006718,529,30,6,24,66,47,53,81,90,126,26,11,15,10
S01006719,811,52,6,46,139,75,58,125,122,202,21,12,9,17
S01006720,513,24,3,21,80,63,25,64,111,133,8,5,3,5
S01006721,758,23,2,21,154,55,54,91,122,208,41,17,24,10
S01006722,663,39,5,34,92,52,32,98,157,162,23,8,15,8
S01006723,546,33,7,26,105,68,44,78,84,121,13,9,4,0
S01006724,966,30,10,20,114,55,63,113,218,283,66,40,26,24
S01006725,592,30,16,14,70,49,39,87,113,171,20,9,11,13
S01006726,1338,27,2,25,121,95,60,184,226,438,151,74,77,36
S01006727,879,28,3,25,94,67,40,126,198,245,57,36,21,24
S01006728,651,54,9,45,120,58,32,72,154,117,27,18,9,17
S01006729,735,19,2,17,96,57,20,90,152,238,56,27,29,7
S01006730,619,38,4,34,120,71,33,72,133,137,7,4,3,8
S01006731,509,8,0,8,78,48,38,76,82,153,23,12,11,3
S01006732,831,253,70,183,224,60,135,71,31,32,16,15,1,9
S01006733,841,288,56,232,254,97,80,40,45,22,0,0,0,15
S01006734,839,307,54,253,241,47,90,65,36,44,4,0,4,5
S01006735,480,203,49,154,147,36,25,22,16,26,0,0,0,5
S01006736,1049,292,52,240,316,103,93,119,46,59,11,3,8,10
S01006737,555,163,52,111,125,46,80,69,32,35,0,0,0,5
S01006738,763,72,9,63,168,138,48,132,91,92,10,5,5,12
S01006739,538,62,12,50,170,57,32,58,73,66,10,4,6,10
S01006740,596,40,12,28,145,66,29,87,95,120,8,3,5,6
S01006741,445,38,4,34,72,67,31,65,73,98,1,1,0,0
S01006742,322,22,4,18,61,38,26,58,55,58,3,1,2,1
S01006743,418,42,5,37,89,75,32,54,49,58,0,0,0,19
S01006744,529,54,19,35,119,63,51,85,91,50,11,7,4,5
S01006745,641,49,11,38,120,80,44,76,117,140,8,7,1,7
S01006746,647,43,8,35,126,89,38,122,111,103,6,4,2,9
S01006747,546,102,17,85,150,77,26,67,62,48,4,4,0,10
S01006748,708,133,41,92,197,67,61,94,66,83,7,6,1,0
S01006749,745,74,10,64,190,68,45,101,138,122,7,5,2,0
S01006750,498,44,14,30,111,60,41,96,65,75,3,3,0,3
S01006751,381,47,23,24,82,20,38,70,71,45,8,8,0,0
S01006752,541,61,8,53,99,70,11,112,92,86,7,5,2,3
S01006753,679,150,34,116,153,63,71,107,46,77,4,3,1,8
S01006754,665,137,23,114,179,68,52,103,56,60,8,2,6,2
S01006755,664,127,17,110,198,73,78,65,61,41,10,0,10,11
S01006756,649,203,47,156,210,62,40,43,61,15,4,0,4,11
S01006757,648,95,19,76,216,97,53,95,32,51,5,0,5,4
S01006758,613,145,31,114,182,55,43,68,68,42,2,0,2,8
S01006759,514,111,29,82,160,48,42,62,26,61,2,2,0,2
S01006760,442,67,15,52,134,75,22,62,31,48,1,0,1,2
S01006761,558,109,31,78,165,66,56,53,42,65,2,0,2,0
S01006762,562,96,16,80,184,46,77,73,43,43,0,0,0,0
S01006763,841,141,25,116,263,87,75,119,65,65,5,2,3,21
S01006764,751,107,33,74,225,88,44,125,64,89,2,0,2,7
S01006765,547,84,13,71,165,71,43,78,49,48,7,3,4,2
S01006766,569,140,38,102,153,78,52,51,45,40,7,7,0,3
S01006767,580,97,22,75,142,69,40,98,75,58,1,0,1,0
S01006768,547,170,59,111,179,48,48,41,28,30,0,0,0,3
S01006769,819,127,28,99,187,99,66,152,110,73,3,3,0,2
S01006770,557,84,28,56,150,80,40,81,61,52,6,4,2,3
S01006771,437,99,18,81,132,22,41,50,56,26,0,0,0,11
S01006772,739,127,29,98,201,84,90,79,87,70,1,0,1,0
S01006773,600,78,10,68,180,81,91,86,57,18,0,0,0,9
S01006774,604,112,42,70,183,56,62,88,69,34,0,0,0,0
S01006775,513,58,14,44,120,77,32,58,90,67,5,1,4,6
S01006776,333,27,12,15,57,35,16,52,71,68,3,2,1,4
S01006777,549,80,16,64,161,73,60,72,39,53,0,0,0,11
S01006778,509,93,24,69,99,73,41,48,66,76,11,4,7,2
S01006779,465,36,6,30,87,47,38,52,87,90,8,2,6,20
S01006780,467,48,10,38,124,53,68,69,48,50,3,1,2,4
S01006781,513,101,29,72,120,73,65,61,40,50,3,1,2,0
S01006782,649,118,38,80,186,62,69,85,57,42,4,4,0,26
S01006783,466,59,10,49,121,71,38,76,40,54,7,3,4,0
S01006784,493,77,15,62,142,61,47,55,49,33,1,0,1,28
S01006785,553,117,37,80,176,60,56,75,47,19,0,0,0,3
S01006786,756,171,25,146,231,74,76,81,58,45,5,3,2,15
S01006787,520,97,23,74,117,78,48,69,53,46,1,1,0,11
S01006788,695,171,42,129,164,52,84,87,68,53,1,0,1,15
S01006789,429,71,18,53,69,28,70,72,68,45,5,0,5,1
S01006790,606,74,22,52,108,41,55,105,122,90,4,0,4,7
S01006791,421,40,5,35,95,20,80,89,44,44,9,4,5,0
S01006792,371,46,12,34,76,30,63,58,47,48,0,0,0,3
S01006793,376,35,17,18,96,10,65,68,36,60,0,0,0,6
S01006794,416,67,17,50,82,22,47,57,67,68,6,3,3,0
S01006795,585,188,42,146,108,48,79,69,37,43,6,0,6,7
S01006796,489,98,25,73,111,45,63,59,58,36,14,11,3,5
S01006797,536,132,43,89,144,24,103,45,39,39,7,0,7,3
S01006798,530,90,27,63,117,54,147,74,22,21,1,1,0,4
S01006799,685,98,19,79,180,60,78,121,68,78,1,0,1,1
S01006800,718,278,61,217,155,27,91,76,42,41,1,1,0,7
S01006801,722,168,39,129,166,64,127,81,54,59,3,0,3,0
S01006802,556,86,21,65,106,30,103,75,69,85,2,0,2,0
S01006803,520,50,14,36,131,57,27,107,49,88,5,3,2,6
S01006804,651,128,47,81,166,48,60,100,75,68,1,0,1,5
S01006805,972,146,42,104,240,62,145,115,130,125,6,0,6,3
S01006806,877,154,28,126,232,48,186,103,77,71,2,2,0,4
S01006807,552,53,7,46,119,52,95,73,70,77,11,0,11,2
S01006808,529,131,29,102,172,34,64,66,30,25,2,0,2,5
S01006809,654,68,32,36,157,37,92,96,85,100,12,1,11,7
S01006810,744,149,36,113,167,55,148,85,51,71,12,4,8,6
S01006811,955,210,54,156,246,95,118,106,87,70,22,12,10,1
S01006812,660,125,19,106,177,53,100,74,65,61,3,0,3,2
S01006813,674,98,21,77,158,46,96,109,67,84,15,3,12,1
S01006814,694,184,46,138,222,58,71,65,54,39,1,1,0,0
S01006815,457,49,17,32,84,36,38,70,82,82,13,2,11,3
S01006816,603,123,50,73,155,63,73,86,60,38,5,5,0,0
S01006817,563,105,20,85,124,57,74,63,61,69,3,0,3,7
S01006818,624,120,30,90,158,27,142,69,65,36,7,3,4,0
S01006819,757,204,49,155,225,30,143,54,44,42,8,6,2,7
S01006820,365,89,26,63,120,43,39,43,17,14,0,0,0,0
S01006821,493,117,23,94,114,39,110,42,30,32,4,1,3,5
S01006822,679,172,54,118,155,49,154,51,53,44,1,0,1,0
S01006823,572,165,26,139,179,71,24,74,34,23,2,1,1,0
S01006824,708,24,10,14,123,56,63,74,159,166,35,16,19,8
S01006825,676,78,13,65,169,70,44,129,85,91,7,5,2,3
S01006826,744,227,82,145,210,35,82,86,41,56,1,1,0,6
S01006827,714,121,27,94,170,89,27,94,99,98,13,3,10,3
S01006828,720,112,38,74,197,88,65,84,98,63,10,5,5,3
S01006829,413,144,34,110,110,31,41,45,21,21,0,0,0,0
S01006830,601,98,14,84,145,73,89,71,72,40,13,8,5,0
S01006831,428,92,26,66,154,34,30,56,45,17,0,0,0,0
S01006832,829,262,94,168,227,48,76,86,54,72,3,3,0,1
S01006833,343,114,29,85,115,19,49,20,20,6,0,0,0,0
S01006834,524,166,51,115,178,47,50,34,25,21,3,2,1,0
S01006835,593,117,30,87,173,38,87,76,60,35,4,4,0,3
S01006836,493,157,34,123,162,35,31,42,34,29,2,0,2,1
S01006837,508,123,24,99,152,37,74,66,25,29,2,2,0,0
S01006838,593,154,31,123,179,44,64,59,28,63,1,1,0,1
S01006839,847,126,26,100,247,98,80,109,75,98,8,1,7,6
S01006840,879,218,42,176,243,91,80,98,73,70,1,0,1,5
S01006841,846,159,18,141,293,99,65,102,57,58,6,0,6,7
S01006842,693,95,27,68,228,100,70,72,72,56,0,0,0,0
S01006843,759,125,32,93,200,136,69,98,77,51,0,0,0,3
S01006844,584,81,6,75,161,89,58,86,58,46,3,2,1,2
S01006845,873,165,47,118,300,83,71,118,88,42,6,3,3,0
S01006846,470,56,17,39,111,81,38,78,57,49,0,0,0,0
S01006847,602,116,27,89,189,69,70,80,37,37,4,0,4,0
S01006848,786,238,57,181,168,35,130,82,49,70,5,0,5,9
S01006849,950,187,42,145,243,142,85,94,81,95,9,7,2,14
S01006850,892,89,25,64,248,121,70,116,122,111,11,2,9,4
S01006851,672,77,35,42,156,72,74,92,98,87,14,12,2,2
S01006852,498,102,34,68,140,46,77,62,45,23,3,2,1,0
S01006853,753,291,89,202,176,18,130,62,14,53,4,1,3,5
S01006854,690,148,43,105,187,61,90,71,57,66,10,0,10,0
S01006855,670,234,60,174,189,31,137,35,16,27,0,0,0,1
S01006856,586,150,32,118,192,26,64,60,42,45,0,0,0,7
S01006857,843,188,42,146,216,31,223,65,45,66,9,4,5,0
S01006858,548,165,17,148,117,19,140,23,49,34,1,1,0,0
S01006859,927,319,104,215,277,49,106,58,83,30,0,0,0,5
S01006860,411,52,9,43,89,25,46,49,51,90,2,1,1,7
S01006861,587,250,48,202,175,56,39,47,13,2,0,0,0,5
S01006862,523,114,22,92,121,54,52,83,40,52,6,0,6,1
S01006863,552,67,21,46,125,59,76,99,61,65,0,0,0,0
S01006864,428,75,21,54,108,50,33,54,57,43,6,1,5,2
S01006865,750,211,58,153,185,39,92,68,72,78,1,1,0,4
S01006866,428,158,28,130,143,24,26,42,17,11,0,0,0,7
S01006867,549,232,63,169,154,23,65,32,26,11,1,1,0,5
S01006868,706,174,38,136,169,58,45,91,85,72,4,1,3,8
S01006869,423,90,18,72,77,36,61,50,57,49,3,0,3,0
S01006870,378,95,10,85,92,30,62,46,16,27,3,0,3,7
S01006871,597,149,47,102,185,52,54,40,55,48,10,0,10,4
S01006872,618,227,66,161,159,18,89,80,24,17,0,0,0,4
S01006873,685,214,41,173,150,24,134,51,56,45,7,3,4,4
S01006874,498,147,44,103,112,25,93,55,42,24,0,0,0,0
S01006875,525,77,15,62,110,28,94,64,74,65,4,0,4,9
S01006876,840,135,37,98,158,61,233,105,53,86,9,3,6,0
S01006877,812,180,36,144,208,57,212,65,49,34,4,2,2,3
S01006878,548,67,11,56,108,57,152,54,61,45,4,1,3,0
S01006879,603,115,32,83,116,23,148,100,32,53,9,1,8,7
S01006880,530,151,32,119,177,30,63,57,25,23,0,0,0,4
S01006881,492,131,44,87,84,27,108,55,47,34,6,1,5,0
S01006882,279,26,8,18,50,20,18,55,48,56,4,4,0,2
S01006883,363,63,10,53,104,40,39,32,35,46,4,0,4,0
S01006884,692,103,28,75,191,65,78,96,82,65,7,1,6,5
S01006885,400,113,30,83,124,27,52,42,15,27,0,0,0,0
S01006886,622,161,32,129,154,32,91,72,61,46,5,1,4,0
S01006887,533,144,36,108,129,34,92,56,24,52,0,0,0,2
S01006888,697,138,23,115,182,52,150,65,56,48,6,3,3,0
S01006889,704,55,19,36,149,40,30,117,108,172,14,3,11,19
S01006890,576,126,15,111,181,42,57,82,40,44,4,1,3,0
S01006891,772,151,28,123,218,55,70,106,83,84,5,1,4,0
S01006892,523,48,6,42,106,36,48,109,69,85,9,6,3,13
S01006893,466,43,15,28,108,46,47,73,57,78,7,7,0,7
S01006894,694,110,17,93,207,60,45,97,61,101,10,8,2,3
S01006895,448,49,8,41,93,52,35,66,68,70,10,6,4,5
S01006896,604,75,20,55,143,65,24,109,64,101,12,6,6,11
S01006897,610,111,35,76,132,58,42,119,79,69,0,0,0,0
S01006898,633,90,20,70,139,63,41,94,89,109,3,3,0,5
S01006899,549,139,45,94,184,67,19,73,16,50,1,1,0,0
S01006900,509,97,30,67,127,46,44,75,44,71,4,4,0,1
S01006901,478,33,9,24,125,49,32,59,65,106,3,2,1,6
S01006902,611,84,22,62,172,54,41,71,92,89,8,4,4,0
S01006903,656,67,15,52,128,73,44,76,103,144,12,9,3,9
S01006904,555,80,18,62,126,52,34,77,88,91,1,1,0,6
S01006905,640,140,41,99,157,51,78,66,80,64,2,2,0,2
S01006906,585,43,10,33,125,56,64,75,88,110,18,8,10,6
S01006907,503,38,7,31,127,47,51,64,46,116,12,10,2,2
S01006908,628,64,12,52,147,63,43,82,69,140,17,6,11,3
S01006909,709,193,57,136,232,76,68,75,39,26,0,0,0,0
S01006910,765,214,48,166,179,65,126,70,35,59,6,2,4,11
S01006911,662,202,34,168,206,66,21,65,59,39,4,0,4,0
S01006912,358,81,14,67,103,21,66,22,35,30,0,0,0,0
S01006913,531,137,37,100,174,45,38,47,42,41,0,0,0,7
S01006914,668,191,36,155,155,41,92,88,22,77,0,0,0,2
S01006915,736,163,29,134,180,53,120,107,49,57,6,6,0,1
S01006916,536,99,23,76,118,64,33,86,75,51,5,3,2,5
S01006917,978,314,58,256,298,87,94,83,56,34,4,0,4,8
S01006918,421,116,22,94,99,42,43,48,36,33,4,0,4,0
S01006919,386,94,16,78,106,40,55,37,24,26,1,0,1,3
S01006920,393,73,19,54,125,37,32,47,49,30,0,0,0,0
S01006921,797,178,35,143,287,71,52,114,49,40,6,3,3,0
S01006922,423,116,35,81,106,14,75,25,50,28,3,0,3,6
S01006923,591,168,44,124,134,36,104,66,45,33,5,1,4,0
S01006924,500,156,51,105,124,31,102,40,30,15,0,0,0,2
S01006925,419,80,22,58,125,50,34,44,31,48,0,0,0,7
S01006926,687,179,44,135,232,48,69,80,48,22,5,0,5,4
S01006927,990,252,34,218,312,137,80,101,53,45,6,0,6,4
S01006928,914,174,12,162,280,81,91,151,68,52,8,3,5,9
S01006929,782,366,112,254,206,82,53,30,29,14,1,1,0,1
S01006930,773,222,51,171,311,69,54,61,23,28,5,4,1,0
S01006931,340,103,15,88,97,29,62,22,16,11,0,0,0,0
S01006932,601,161,53,108,183,73,58,51,36,23,3,3,0,13
S01006933,548,150,8,142,174,58,33,50,32,51,0,0,0,0
S01006934,465,115,25,90,99,36,76,55,43,35,3,1,2,3
S01006935,559,151,42,109,173,61,45,42,47,35,0,0,0,5
S01006936,528,96,32,64,205,57,48,55,35,30,2,2,0,0
S01006937,624,129,27,102,218,64,48,61,66,22,9,3,6,7
S01006938,419,80,13,67,116,63,35,42,44,35,3,2,1,1
S01006939,524,148,50,98,139,65,36,41,47,45,0,0,0,3
S01006940,822,206,53,153,292,73,71,89,59,24,2,2,0,6
S01006941,538,93,15,78,172,71,26,74,59,41,2,0,2,0
S01006942,966,233,68,165,319,92,125,102,62,25,0,0,0,8
S01006943,673,247,49,198,244,42,52,39,31,15,3,0,3,0
S01006944,860,187,42,145,262,125,60,94,68,51,5,0,5,8
S01006945,449,136,37,99,139,43,37,47,30,15,2,0,2,0
S01006946,716,173,41,132,225,46,82,71,51,53,2,1,1,13
S01006947,829,195,25,170,220,112,57,111,45,78,4,3,1,7
S01006948,705,150,42,108,212,64,83,95,42,50,1,0,1,8
S01006949,590,174,38,136,164,47,86,60,32,19,2,2,0,6
S01006950,540,119,18,101,135,44,46,87,53,55,0,0,0,1
S01006951,407,73,15,58,93,53,34,93,24,33,4,3,1,0
S01006952,681,154,48,106,126,63,116,71,65,85,1,1,0,0
S01006953,719,205,71,134,197,58,96,86,40,37,0,0,0,0
S01006954,726,153,33,120,207,66,79,111,60,42,4,0,4,4
S01006955,555,69,18,51,144,80,44,94,62,53,4,3,1,5
S01006956,1055,216,45,171,365,89,86,150,69,66,8,1,7,6
S01006957,971,210,42,168,283,64,169,145,56,35,0,0,0,9
S01006958,618,132,23,109,210,53,55,66,49,47,1,0,1,5
S01006959,499,82,17,65,94,58,40,69,58,85,10,5,5,3
S01006960,947,297,103,194,266,57,96,122,57,41,2,0,2,9
S01006961,961,194,39,155,346,96,77,120,70,51,0,0,0,7
S01006962,647,117,16,101,185,55,48,107,69,65,1,0,1,0
S01006963,581,102,30,72,195,47,51,92,33,50,4,2,2,7
S01006964,674,94,28,66,180,67,43,113,81,90,4,0,4,2
S01006965,402,92,22,70,109,31,39,49,30,46,6,2,4,0
S01006966,509,38,2,36,127,68,47,59,65,89,9,0,9,7
S01006967,569,106,21,85,192,40,34,105,32,56,0,0,0,4
S01006968,429,41,5,36,100,48,40,67,67,61,1,0,1,4
S01006969,703,118,38,80,213,73,48,91,61,93,1,0,1,5
S01006970,633,145,47,98,209,88,28,112,38,8,0,0,0,5
S01006971,379,45,12,33,87,25,40,39,69,63,6,5,1,5
S01006972,466,106,29,77,107,40,110,38,38,27,0,0,0,0
S01006973,423,104,29,75,124,43,55,33,38,25,0,0,0,1
S01006974,925,241,57,184,279,88,83,131,70,31,2,0,2,0
S01006975,850,170,41,129,175,72,176,100,85,69,0,0,0,3
S01006976,394,76,28,48,123,18,76,41,21,27,4,0,4,8
S01006977,738,184,41,143,152,37,179,72,59,46,0,0,0,9
S01006978,718,158,32,126,181,42,98,96,62,65,7,2,5,9
S01006979,674,147,54,93,149,42,118,75,67,65,3,1,2,8
S01006980,738,162,44,118,208,45,100,74,69,53,18,9,9,9
S01006981,719,154,55,99,166,64,117,64,88,61,4,2,2,1
S01006982,819,152,51,101,194,75,117,107,87,80,5,3,2,2
S01006983,661,144,52,92,176,58,114,73,43,42,11,2,9,0
S01006984,621,200,13,187,164,40,87,54,46,23,3,1,2,4
S01006985,823,141,22,119,217,60,98,109,65,131,1,1,0,1
S01006986,603,136,28,108,154,50,45,94,45,63,4,4,0,12
S01006987,528,102,22,80,145,56,34,62,52,54,22,9,13,1
S01006988,570,111,33,78,144,63,93,50,51,45,4,2,2,9
S01006989,934,304,71,233,223,74,141,85,49,50,0,0,0,8
S01006990,864,231,53,178,250,59,115,104,55,42,8,0,8,0
S01006991,333,48,7,41,68,21,52,51,55,38,0,0,0,0
S01006992,528,99,28,71,169,34,101,48,34,37,0,0,0,6
S01006993,470,52,11,41,110,28,107,71,47,51,1,1,0,3
S01006994,497,101,20,81,121,27,105,65,20,58,0,0,0,0
S01006995,749,146,45,101,194,45,122,100,63,71,8,0,8,0
S01006996,683,93,29,64,159,24,102,104,65,128,2,1,1,6
S01006997,715,243,62,181,180,37,95,75,33,46,6,2,4,0
S01006998,944,148,40,108,255,72,169,114,82,91,6,1,5,7
S01006999,724,83,18,65,145,25,206,115,62,71,4,2,2,13
S01007000,746,135,32,103,192,69,108,98,51,84,6,2,4,3
S01007001,735,153,30,123,195,59,95,102,57,71,3,1,2,0
S01007002,535,66,15,51,110,50,85,54,67,91,12,10,2,0
S01007003,445,58,8,50,80,31,157,33,24,56,6,1,5,0
S01007004,619,101,16,85,106,59,161,63,52,67,0,0,0,10
S01007005,786,161,31,130,204,43,163,78,42,92,2,0,2,1
S01007006,737,111,26,85,146,35,122,90,106,121,3,0,3,3
S01007007,722,70,17,53,132,31,217,126,55,86,5,0,5,0
S01007008,796,102,32,70,118,46,82,147,132,154,13,9,4,2
S01007009,784,52,11,41,169,76,92,100,129,151,14,6,8,1
S01007010,543,77,17,60,118,46,66,61,82,87,3,1,2,3
S01007011,641,33,15,18,82,48,73,85,139,143,25,9,16,13
S01007012,559,18,10,8,61,40,24,78,127,157,44,20,24,10
S01007013,475,49,5,44,83,14,175,63,33,51,4,1,3,3
S01007014,890,105,32,73,197,58,190,162,108,59,3,1,2,8
S01007015,530,47,20,27,88,25,183,87,28,63,3,1,2,6
S01007016,536,75,13,62,100,34,109,75,62,74,7,1,6,0
S01007017,776,73,10,63,95,67,69,135,150,166,18,8,10,3
S01007018,761,71,26,45,145,76,96,142,108,121,2,0,2,0
S01007019,507,28,3,25,86,37,51,85,71,128,10,1,9,11
S01007020,565,53,24,29,97,31,43,132,90,95,19,10,9,5
S01007021,662,56,24,32,135,58,54,85,131,131,4,4,0,8
S01007022,397,29,11,18,70,12,57,66,62,89,10,7,3,2
S01007023,397,18,2,16,81,16,133,50,57,41,1,1,0,0
S01007024,821,43,7,36,159,31,246,108,113,95,16,11,5,10
S01007025,675,32,13,19,96,38,62,126,96,211,14,6,8,0
S01007026,615,35,11,24,118,43,112,99,91,111,4,3,1,2
S01007027,850,71,25,46,176,26,175,127,100,150,17,14,3,8
S01007028,589,46,13,33,131,42,146,65,77,66,11,9,2,5
S01007029,435,36,2,34,71,25,174,33,26,64,6,0,6,0
S01007030,658,27,14,13,132,28,109,94,99,162,7,5,2,0
S01007031,504,29,6,23,98,15,78,76,105,90,12,4,8,1
S01007032,750,43,11,32,144,55,69,91,176,141,26,12,14,5
S01007033,599,21,4,17,95,49,23,94,131,171,11,8,3,4
S01007034,503,35,12,23,107,34,45,67,94,99,15,5,10,7
S01007035,621,23,16,7,53,33,54,67,176,200,11,5,6,4
S01007036,724,78,28,50,174,38,118,123,92,82,3,3,0,16
S01007037,801,36,15,21,106,97,81,116,126,215,20,6,14,4
S01007038,655,24,9,15,114,51,73,78,146,148,14,3,11,7
S01007039,721,30,18,12,120,40,85,130,109,179,15,5,10,13
S01007040,507,35,16,19,53,36,58,72,112,117,15,8,7,9
S01007041,569,37,9,28,128,25,96,107,91,60,24,18,6,1
S01007042,581,60,11,49,83,48,94,108,67,102,19,9,10,0
S01007043,838,107,24,83,152,44,240,122,92,72,9,2,7,0
S01007044,500,42,9,33,90,25,144,74,60,52,3,1,2,10
S01007045,659,75,9,66,134,36,201,81,66,57,9,5,4,0
S01007046,472,21,0,21,100,24,87,83,74,80,3,3,0,0
S01007047,547,32,6,26,115,46,131,91,52,77,3,0,3,0
S01007048,713,71,18,53,128,37,181,102,86,91,13,12,1,4
S01007049,772,38,12,26,142,63,74,122,141,170,21,8,13,1
S01007050,502,67,25,42,84,24,99,82,63,74,8,8,0,1
S01007051,646,79,23,56,108,59,85,128,68,101,15,11,4,3
S01007052,481,43,16,27,76,48,76,91,59,82,4,1,3,2
S01007053,420,64,22,42,87,39,72,89,27,41,0,0,0,1
S01007054,746,62,17,45,126,40,93,139,104,158,18,3,15,6
S01007055,453,49,15,34,85,24,155,48,37,48,2,1,1,5
S01007056,544,69,14,55,125,35,152,50,62,33,6,5,1,12
S01007057,365,26,5,21,96,56,34,66,36,49,2,2,0,0
S01007058,386,25,5,20,75,49,49,75,40,66,1,0,1,6
S01007059,836,104,31,73,176,83,92,137,113,119,10,5,5,2
S01007060,518,19,4,15,72,43,32,110,85,122,27,6,21,8
S01007061,837,138,29,109,252,76,137,109,67,50,8,1,7,0
S01007062,566,113,34,79,102,26,155,81,42,43,2,2,0,2
S01007063,550,58,8,50,142,29,91,77,53,95,0,0,0,5
S01007064,546,78,9,69,105,50,131,67,44,64,5,5,0,2
S01007065,487,79,21,58,153,50,65,53,32,47,5,5,0,3
S01007066,565,85,24,61,137,18,102,86,39,78,5,2,3,15
S01007067,444,57,22,35,123,54,29,94,31,46,4,0,4,6
S01007068,567,91,30,61,117,51,86,89,52,57,16,10,6,8
S01007069,737,54,25,29,157,82,73,109,121,99,20,11,9,22
S01007070,411,12,2,10,87,48,38,68,79,69,9,2,7,1
S01007071,715,90,22,68,191,61,56,112,89,98,14,2,12,4
S01007072,581,61,33,28,143,62,82,98,69,56,5,0,5,5
S01007073,755,68,15,53,166,86,114,130,82,104,1,1,0,4
S01007074,569,36,9,27,83,52,59,91,120,111,14,5,9,3
S01007075,608,30,2,28,82,75,27,107,101,166,11,7,4,9
S01007076,691,40,9,31,119,56,62,136,111,150,12,12,0,5
S01007077,508,37,12,25,99,38,35,98,113,80,3,1,2,5
S01007078,654,59,33,26,84,51,76,128,71,139,35,14,21,11
S01007079,726,51,12,39,147,48,62,125,134,136,16,10,6,7
S01007080,596,29,18,11,104,72,47,107,110,87,27,2,25,13
S01007081,849,37,20,17,119,31,106,136,143,249,26,16,10,2
S01007082,488,19,0,19,83,14,43,111,92,110,13,6,7,3
S01007083,716,17,4,13,81,43,39,102,151,231,31,20,11,21
S01007084,415,35,13,22,94,47,48,71,68,49,1,1,0,2
S01007085,669,70,20,50,124,41,49,118,114,121,24,4,20,8
S01007086,1028,34,8,26,122,48,54,121,235,321,59,21,38,34
S01007087,744,44,3,41,62,39,61,101,161,224,40,28,12,12
S01007088,473,16,2,14,34,21,31,74,118,142,29,11,18,8
S01007089,442,61,34,27,112,29,69,92,43,34,2,0,2,0
S01007090,470,31,14,17,131,52,43,78,68,64,3,1,2,0
S01007091,802,69,25,44,139,62,56,159,111,176,19,8,11,11
S01007092,461,22,11,11,86,38,30,88,80,101,8,3,5,8
S01007093,763,101,23,78,184,79,87,152,78,76,3,1,2,3
S01007094,710,60,16,44,190,46,119,119,77,95,1,1,0,3
S01007095,467,77,24,53,109,22,102,60,51,39,7,5,2,0
S01007096,740,112,26,86,171,44,114,145,57,86,2,0,2,9
S01007097,427,70,22,48,78,17,86,75,47,53,1,0,1,0
S01007098,714,92,46,46,191,23,169,109,77,49,0,0,0,4
S01007099,769,58,26,32,205,43,186,123,67,81,6,2,4,0
S01007100,608,52,17,35,156,40,89,108,58,81,8,2,6,16
S01007101,672,31,5,26,107,30,52,94,133,200,23,13,10,2
S01007102,585,47,20,27,104,29,124,119,82,66,10,7,3,4
S01007103,695,52,21,31,140,32,133,135,91,108,2,2,0,2
S01007104,403,51,10,41,50,39,122,27,68,42,4,4,0,0
S01007105,422,42,5,37,105,30,65,70,41,62,6,4,2,1
S01007106,566,34,7,27,126,35,97,88,86,69,28,14,14,3
S01007107,591,70,34,36,140,33,133,92,40,67,1,0,1,15
S01007108,480,44,15,29,92,11,150,65,58,53,6,2,4,1
S01007109,684,24,15,9,101,40,78,80,110,218,22,12,10,11
S01007110,679,55,35,20,111,55,84,126,97,128,23,5,18,0
S01007111,421,25,10,15,79,24,60,89,65,63,9,6,3,7
S01007112,407,37,10,27,70,19,98,75,41,54,10,6,4,3
S01007113,377,60,20,40,86,17,70,64,47,31,2,1,1,0
S01007114,702,44,3,41,112,71,68,147,106,147,2,2,0,5
S01007115,528,58,28,30,123,25,60,113,57,73,9,9,0,10
S01007116,947,128,42,86,233,52,193,180,97,46,12,4,8,6
S01007117,388,59,36,23,81,14,74,73,41,43,0,0,0,3
S01007118,616,11,2,9,71,40,54,99,135,165,36,17,19,5
S01007119,719,19,8,11,89,28,60,154,120,197,29,11,18,23
S01007120,941,29,13,16,136,26,56,183,203,250,53,15,38,5
S01007121,364,9,4,5,52,24,41,42,72,110,7,1,6,7
S01007122,493,41,13,28,112,35,65,88,62,78,7,6,1,5
S01007123,492,18,12,6,75,42,32,81,58,163,10,7,3,13
S01007124,756,53,22,31,133,39,102,154,106,154,9,2,7,6
S01007125,731,50,9,41,82,30,62,76,168,233,16,10,6,14
S01007126,828,10,0,10,77,25,61,136,171,253,70,35,35,25
S01007127,913,44,24,20,74,40,67,130,201,298,44,7,37,15
S01007128,645,6,0,6,80,43,47,141,120,157,36,11,25,15
S01007129,829,263,35,228,282,86,84,35,39,34,6,3,3,0
S01007130,455,84,13,71,136,56,50,46,41,37,2,1,1,3
S01007131,610,85,31,54,203,85,56,72,48,51,5,2,3,5
S01007132,551,116,11,105,152,76,52,63,43,47,2,1,1,0
S01007133,568,115,13,102,132,55,125,59,34,46,1,1,0,1
S01007134,615,112,22,90,134,53,111,75,48,77,4,4,0,1
S01007135,473,108,24,84,133,47,106,25,24,27,1,1,0,2
S01007136,472,150,28,122,112,35,107,29,16,11,4,0,4,8
S01007137,732,192,47,145,258,45,98,70,43,24,2,0,2,0
S01007138,502,76,9,67,163,44,87,59,33,27,6,1,5,7
S01007139,625,78,25,53,135,70,110,85,90,50,7,0,7,0
S01007140,843,132,34,98,297,55,156,71,40,78,3,0,3,11
S01007141,589,103,33,70,146,56,115,50,58,55,1,1,0,5
S01007142,558,161,40,121,213,62,49,27,24,22,0,0,0,0
S01007143,653,118,35,83,226,63,63,100,46,36,1,0,1,0
S01007144,490,64,9,55,150,32,121,27,50,34,12,9,3,0
S01007145,624,91,20,71,192,87,94,36,56,52,13,10,3,3
S01007146,583,94,15,79,197,74,56,56,50,41,3,0,3,12
S01007147,536,59,10,49,186,74,36,57,62,40,15,7,8,7
S01007148,459,93,14,79,125,61,46,39,50,37,8,0,8,0
S01007149,391,44,8,36,128,66,28,55,30,39,1,1,0,0
S01007150,402,77,19,58,153,44,58,28,28,9,1,1,0,4
S01007151,725,144,31,113,235,95,78,70,76,25,2,0,2,0
S01007152,426,82,31,51,145,58,46,37,32,22,1,1,0,3
S01007153,473,52,16,36,167,81,51,45,31,38,2,2,0,6
S01007154,517,53,12,41,184,86,26,27,75,45,10,7,3,11
S01007155,459,65,15,50,163,66,46,41,40,33,2,1,1,3
S01007156,610,44,9,35,164,62,57,72,110,83,11,9,2,7
S01007157,569,18,3,15,127,85,47,100,97,83,4,1,3,8
S01007158,832,82,20,62,241,121,55,133,100,67,21,6,15,12
S01007159,680,30,9,21,142,92,63,72,112,141,18,4,14,10
S01007160,660,38,11,27,148,63,50,103,117,117,21,10,11,3
S01007161,565,56,18,38,148,79,59,70,72,60,19,14,5,2
S01007162,412,47,14,33,114,53,21,47,54,55,10,4,6,11
S01007163,635,93,23,70,170,113,50,57,82,60,5,5,0,5
S01007164,412,52,5,47,136,37,40,35,44,61,1,0,1,6
S01007165,635,112,25,87,215,59,81,53,48,41,11,5,6,15
S01007166,532,92,22,70,166,62,42,67,33,59,7,5,2,4
S01007167,619,105,31,74,197,63,74,60,45,55,5,1,4,15
S01007168,750,157,29,128,236,102,82,58,57,56,0,0,0,2
S01007169,602,111,19,92,189,56,48,71,60,54,8,3,5,5
S01007170,552,65,23,42,98,51,139,72,59,45,17,7,10,6
S01007171,665,74,16,58,125,44,156,60,119,73,9,1,8,5
S01007172,624,129,26,103,165,23,110,69,86,38,2,0,2,2
S01007173,816,69,13,56,246,138,84,96,109,60,6,3,3,8
S01007174,789,80,27,53,196,94,94,103,116,68,34,23,11,4
S01007175,465,59,30,29,129,43,35,33,95,66,0,0,0,5
S01007176,570,55,22,33,157,83,54,75,78,47,16,0,16,5
S01007177,508,23,7,16,101,55,30,50,118,96,26,6,20,9
S01007178,889,29,5,24,138,98,86,107,201,167,57,22,35,6
S01007179,708,108,29,79,233,67,69,86,61,82,0,0,0,2
S01007180,513,60,28,32,186,64,66,25,61,43,5,4,1,3
S01007181,579,88,23,65,183,65,112,56,33,22,12,2,10,8
S01007182,797,118,38,80,186,91,74,98,104,102,17,5,12,7
S01007183,799,82,33,49,181,67,69,106,145,125,15,7,8,9
S01007184,827,38,2,36,228,60,58,124,148,125,26,8,18,20
S01007185,685,33,8,25,111,80,61,69,94,173,52,27,25,12
S01007186,523,23,3,20,61,51,42,60,95,119,58,27,31,14
S01007187,622,42,13,29,132,55,56,74,114,118,13,1,12,18
S01007188,521,25,3,22,86,37,75,86,86,83,31,13,18,12
S01007189,551,27,6,21,108,65,46,71,105,84,36,22,14,9
S01007190,559,33,16,17,124,49,96,59,88,97,8,7,1,5
S01007191,511,26,0,26,81,40,53,50,114,113,22,5,17,12
S01007192,515,24,11,13,48,36,44,69,140,121,26,18,8,7
S01007193,664,22,10,12,84,28,94,88,141,176,29,10,19,2
S01007194,552,8,1,7,46,55,31,76,140,112,81,43,38,3
S01007195,479,22,6,16,77,20,53,48,113,106,35,16,19,5
S01007196,714,20,4,16,111,84,53,117,177,123,23,8,15,6
S01007197,590,13,0,13,82,37,41,95,129,133,51,17,34,9
S01007198,463,12,8,4,66,34,40,71,78,98,54,23,31,10
S01007199,718,33,14,19,56,55,27,101,164,153,101,55,46,28
S01007200,724,23,5,18,141,47,50,115,148,169,27,9,18,4
S01007201,573,40,9,31,121,52,51,83,63,139,19,4,15,5
S01007202,617,29,1,28,96,52,52,81,141,116,45,18,27,5
S01007203,548,25,5,20,117,50,52,93,95,97,12,4,8,7
S01007204,818,75,19,56,238,58,130,114,79,101,11,9,2,12
S01007205,555,70,13,57,122,38,108,55,84,71,2,2,0,5
S01007206,303,13,0,13,76,12,33,41,62,49,11,5,6,6
S01007207,724,59,16,43,186,61,79,123,100,93,15,3,12,8
S01007208,840,60,21,39,157,100,38,111,134,162,57,14,43,21
S01007209,584,38,6,32,164,60,74,48,71,92,31,18,13,6
S01007210,661,20,1,19,109,48,45,123,130,139,42,31,11,5
S01007211,797,25,11,14,177,56,61,122,161,136,42,22,20,17
S01007212,460,32,6,26,129,37,41,65,68,67,17,5,12,4
S01007213,655,76,9,67,208,61,60,83,93,60,6,2,4,8
S01007214,546,40,3,37,118,56,44,49,110,95,26,14,12,8
S01007215,616,48,4,44,121,59,43,104,80,110,31,15,16,20
S01007216,546,72,18,54,139,62,37,88,64,64,17,13,4,3
S01007217,775,64,24,40,139,62,61,114,157,134,34,11,23,10
S01007218,694,120,38,82,198,69,69,79,87,62,6,1,5,4
S01007219,653,31,20,11,141,49,78,89,102,132,28,14,14,3
S01007220,602,19,4,15,82,73,55,120,97,134,20,16,4,2
S01007221,566,96,18,78,162,53,64,88,37,47,6,6,0,13
S01007222,698,58,22,36,129,41,63,109,141,130,24,10,14,3
S01007223,439,94,29,65,119,31,38,61,43,44,9,6,3,0
S01007224,460,76,23,53,123,30,55,69,42,60,3,0,3,2
S01007225,735,107,31,76,191,54,133,97,70,63,15,11,4,5
S01007226,655,97,19,78,161,18,166,74,95,33,11,4,7,0
S01007227,757,96,23,73,175,56,106,100,104,100,13,7,6,7
S01007228,555,53,15,38,141,31,159,58,61,44,5,4,1,3
S01007229,925,95,35,60,224,66,209,106,94,109,21,10,11,1
S01007230,636,13,7,6,58,42,52,95,169,169,25,9,16,13
S01007231,554,23,7,16,70,40,28,83,126,128,47,20,27,9
S01007232,582,23,6,17,55,51,34,76,140,119,69,30,39,15
S01007233,655,64,7,57,130,61,74,86,83,127,27,17,10,3
S01007234,487,29,14,15,104,32,37,47,97,122,18,1,17,1
S01007235,587,43,18,25,131,41,58,78,93,114,24,4,20,5
S01007236,502,64,26,38,93,52,56,75,68,70,10,2,8,14
S01007237,552,51,25,26,133,55,67,81,93,56,11,0,11,5
S01007238,716,44,13,31,156,80,56,112,109,134,16,2,14,9
S01007239,599,129,47,82,146,63,76,79,39,60,3,2,1,4
S01007240,445,47,10,37,116,24,103,41,71,40,0,0,0,3
S01007241,507,87,26,61,84,50,118,68,53,44,3,0,3,0
S01007242,766,67,13,54,216,68,96,106,87,96,23,10,13,7
S01007243,459,61,18,43,151,42,71,54,28,40,12,4,8,0
S01007244,572,75,22,53,158,38,102,64,49,81,4,2,2,1
S01007245,515,26,6,20,126,48,128,64,70,46,4,2,2,3
S01007246,482,46,12,34,89,51,97,47,35,108,5,4,1,4
S01007247,541,69,15,54,136,33,85,53,87,73,3,2,1,2
S01007248,581,85,23,62,177,65,76,85,34,53,2,1,1,4
S01007249,294,37,14,23,72,49,40,19,30,36,10,6,4,1
S01007250,667,62,14,48,160,77,71,64,94,111,25,9,16,3
S01007251,399,26,5,21,89,38,51,30,75,83,2,1,1,5
S01007252,680,53,20,33,104,56,100,117,99,122,17,10,7,12
S01007253,586,73,25,48,162,62,64,88,49,72,7,0,7,9
S01007254,611,33,9,24,122,58,39,78,108,130,35,27,8,8
S01007255,688,25,6,19,102,48,36,97,144,174,59,19,40,3
S01007256,661,42,17,25,110,43,45,85,161,145,21,4,17,9
S01007257,504,20,2,18,70,27,54,54,122,102,36,16,20,19
S01007258,690,53,11,42,133,21,87,99,156,99,31,21,10,11
S01007259,657,33,4,29,111,42,50,95,124,166,31,14,17,5
S01007260,765,37,14,23,112,71,44,85,155,171,63,32,31,27
S01007261,583,91,36,55,151,47,69,65,51,96,13,4,9,0
S01007262,574,11,1,10,111,36,19,104,115,146,23,11,12,9
S01007263,599,31,6,25,106,69,36,86,100,132,16,4,12,23
S01007264,548,64,14,50,154,53,37,58,83,91,7,3,4,1
S01007265,880,49,18,31,169,97,69,116,145,197,24,9,15,14
S01007266,535,39,8,31,132,58,48,77,72,103,6,2,4,0
S01007267,427,72,8,64,86,15,109,43,52,36,5,1,4,9
S01007268,492,79,14,65,107,19,122,55,47,49,8,0,8,6
S01007269,411,71,19,52,120,38,50,52,27,39,3,2,1,11
S01007270,365,37,4,33,99,18,105,26,50,28,2,1,1,0
S01007271,762,82,12,70,184,77,115,117,70,91,17,6,11,9
S01007272,708,19,6,13,115,48,60,99,147,170,33,20,13,17
S01007273,534,50,24,26,129,44,52,74,75,84,13,2,11,13
S01007274,623,73,13,60,164,53,50,72,86,104,13,4,9,8
S01007275,413,60,3,57,110,32,46,34,48,77,5,4,1,1
S01007276,686,81,20,61,148,75,56,79,97,113,24,17,7,13
S01007277,571,101,27,74,176,47,62,57,72,47,4,0,4,5
S01007278,419,62,20,42,154,38,35,46,46,33,2,2,0,3
S01007279,446,97,24,73,95,4,136,27,49,33,5,1,4,0
S01007280,482,60,15,45,101,46,103,57,49,51,8,0,8,7
S01007281,775,94,35,59,162,89,162,110,90,61,5,0,5,2
S01007282,467,49,20,29,67,13,130,89,63,42,11,4,7,3
S01007283,680,146,29,117,172,36,106,82,58,70,4,2,2,6
S01007284,658,31,3,28,140,97,183,64,71,64,5,4,1,3
S01007285,634,35,2,33,138,38,234,59,93,33,4,1,3,0
S01007286,758,46,12,34,203,53,177,99,94,80,6,1,5,0
S01007287,439,33,6,27,78,26,162,53,50,20,15,1,14,2
S01007288,404,34,9,25,85,28,136,43,22,47,9,2,7,0
S01007289,651,69,25,44,205,71,100,81,86,34,0,0,0,5
S01007290,767,47,11,36,157,57,128,77,141,135,23,5,18,2
S01007291,491,36,4,32,109,54,46,68,63,86,16,6,10,13
S01007292,654,38,12,26,189,66,109,75,96,76,5,1,4,0
S01007293,717,27,3,24,121,30,62,97,178,167,33,15,18,2
S01007294,725,38,16,22,146,56,130,117,107,103,13,11,2,15
S01007295,419,18,1,17,63,24,31,61,92,92,31,26,5,7
S01007296,424,36,2,34,78,25,54,75,66,63,15,4,11,12
S01007297,734,106,15,91,209,56,124,80,70,66,13,6,7,10
S01007298,423,26,3,23,116,41,49,58,58,64,2,0,2,9
S01007299,668,46,12,34,138,42,84,130,89,103,15,5,10,21
S01007300,376,9,2,7,55,46,49,64,67,66,19,8,11,1
S01007301,541,105,25,80,136,31,105,50,47,58,4,0,4,5
S01007302,510,35,7,28,103,36,81,86,97,53,7,5,2,12
S01007303,699,84,22,62,185,44,161,85,79,41,11,9,2,9
S01007304,469,46,13,33,114,35,134,46,51,38,3,1,2,2
S01007305,598,107,26,81,134,28,134,73,54,63,5,3,2,0
S01007306,593,75,17,58,151,45,111,65,71,58,9,7,2,8
S01007307,630,98,23,75,165,56,172,55,49,31,4,3,1,0
S01007308,578,52,21,31,149,41,113,62,100,52,9,1,8,0
S01007309,496,67,19,48,137,35,96,31,68,56,2,0,2,4
S01007310,584,74,15,59,100,36,167,71,73,49,10,3,7,4
S01007311,588,38,13,25,104,23,132,84,101,99,7,3,4,0
S01007312,571,54,8,46,167,50,100,79,47,62,10,3,7,2
S01007313,727,93,17,76,246,46,179,48,44,67,4,4,0,0
S01007314,533,53,9,44,154,57,84,53,55,56,11,3,8,10
S01007315,756,116,44,72,223,92,77,75,73,86,14,4,10,0
S01007316,670,54,21,33,186,63,83,67,88,95,29,7,22,5
S01007317,574,55,15,40,196,63,52,56,58,74,18,3,15,2
S01007318,504,30,8,22,96,54,96,51,87,66,20,3,17,4
S01007319,555,54,13,41,162,51,99,59,35,71,15,4,11,9
S01007320,549,87,39,48,174,41,118,45,56,23,0,0,0,5
S01007321,423,62,23,39,108,15,114,29,54,38,3,1,2,0
S01007322,563,23,2,21,120,58,134,48,47,110,14,7,7,9
S01007323,343,9,4,5,70,36,88,47,25,66,0,0,0,2
S01007324,255,50,36,14,54,8,41,24,45,26,7,2,5,0
S01007325,628,33,12,21,130,49,197,66,91,55,5,3,2,2
S01007326,568,33,16,17,110,17,140,92,113,57,6,3,3,0
S01007327,595,40,3,37,107,35,89,87,102,113,13,4,9,9
S01007328,669,36,14,22,87,46,152,45,203,73,27,6,21,0
S01007329,553,31,15,16,127,30,161,59,65,60,16,8,8,4
S01007330,507,25,7,18,120,29,165,38,85,36,9,4,5,0
S01007331,796,35,2,33,156,75,237,74,102,101,14,7,7,2
S01007332,381,34,5,29,90,9,166,17,24,29,11,6,5,1
S01007333,586,57,11,46,156,51,107,41,86,68,14,6,8,6
S01007334,584,22,7,15,63,53,51,60,141,134,50,24,26,10
S01007335,632,6,0,6,107,68,54,100,105,152,36,26,10,4
S01007336,419,21,12,9,81,51,68,36,76,55,28,15,13,3
S01007337,450,23,15,8,80,57,70,62,76,66,11,3,8,5
S01007338,601,26,8,18,105,74,62,127,69,133,5,1,4,0
S01007339,421,24,4,20,134,40,73,63,42,43,2,1,1,0
S01007340,328,21,4,17,67,30,48,51,37,63,11,6,5,0
S01007341,490,41,14,27,87,49,99,49,60,80,24,16,8,1
S01007342,574,101,17,84,179,47,123,42,50,24,7,3,4,1
S01007343,464,40,10,30,69,26,176,59,55,36,0,0,0,3
S01007344,289,19,4,15,65,35,60,29,40,36,2,2,0,3
S01007345,488,6,4,2,64,68,63,59,99,83,40,17,23,6
S01007346,387,15,5,10,75,42,38,35,71,72,33,12,21,6
S01007347,435,22,14,8,72,38,48,31,91,96,25,10,15,12
S01007348,482,11,0,11,64,78,61,69,93,84,16,8,8,6
S01007349,387,12,7,5,70,63,36,45,75,57,21,14,7,8
S01007350,384,14,3,11,77,33,64,42,62,69,23,10,13,0
S01007351,414,21,2,19,88,23,133,53,51,36,5,2,3,4
S01007352,377,36,13,23,81,28,132,29,38,24,6,0,6,3
S01007353,463,52,21,31,119,50,95,47,40,54,6,2,4,0
S01007354,509,52,19,33,148,76,89,24,53,53,13,2,11,1
S01007355,661,65,13,52,186,28,173,51,88,51,16,7,9,3
S01007356,500,70,16,54,129,28,82,30,78,68,11,3,8,4
S01007357,561,66,17,49,150,35,122,56,64,61,7,0,7,0
S01007358,714,72,24,48,178,96,101,93,95,62,16,4,12,1
S01007359,624,36,18,18,134,70,63,57,125,104,35,10,25,0
S01007360,330,32,12,20,121,28,40,26,41,33,6,0,6,3
S01007361,679,69,23,46,181,75,130,61,80,58,15,4,11,10
S01007362,534,33,8,25,156,52,69,32,90,71,13,3,10,18
S01007363,446,27,8,19,106,62,52,55,48,80,13,3,10,3
S01007364,774,15,0,15,122,106,51,57,198,155,51,21,30,19
S01007365,368,16,0,16,62,28,47,41,84,76,11,8,3,3
S01007366,330,14,1,13,52,18,28,46,51,92,23,18,5,6
S01007367,424,43,9,34,59,36,59,43,81,75,26,11,15,2
S01007368,473,12,6,6,79,66,37,60,73,102,29,2,27,15
S01007369,662,25,13,12,154,64,87,47,159,88,31,10,21,7
S01007370,628,48,3,45,139,56,72,104,98,91,17,9,8,3
S01007371,600,39,8,31,147,66,89,57,104,73,20,7,13,5
S01007372,595,64,9,55,176,56,90,65,84,46,12,3,9,2
S01007373,440,80,20,60,126,43,85,50,27,23,5,3,2,1
S01007374,448,55,17,38,118,51,66,54,43,57,3,0,3,1
S01007375,346,79,44,35,92,29,52,25,30,33,5,1,4,1
S01007376,720,32,5,27,151,80,57,88,131,121,58,21,37,2
S01007377,539,79,19,60,226,59,55,42,35,29,4,2,2,10
S01007378,442,93,22,71,134,60,70,25,26,27,5,4,1,2
S01007379,366,14,1,13,67,52,16,67,64,67,17,2,15,2
S01007380,519,60,23,37,110,64,25,67,85,93,15,2,13,0
S01007381,360,151,82,69,103,25,36,9,11,20,0,0,0,5
S01007382,526,115,36,79,182,55,60,32,29,37,10,0,10,6
S01007383,563,117,28,89,188,55,69,47,52,27,8,7,1,0
S01007384,676,164,110,54,207,83,35,33,78,55,20,5,15,1
S01007385,592,78,18,60,184,73,63,43,69,58,13,4,9,11
S01007386,602,198,35,163,193,45,85,29,39,8,3,2,1,2
S01007387,643,215,52,163,226,28,69,44,25,31,2,2,0,3
S01007388,543,141,55,86,182,84,46,19,34,29,4,0,4,4
S01007389,577,21,2,19,246,88,20,47,108,29,16,2,14,2
S01007390,563,27,6,21,209,128,17,58,49,51,17,14,3,7
S01007391,455,85,25,60,174,65,42,39,26,19,2,0,2,3
S01007392,330,83,25,58,102,48,30,22,23,18,3,3,0,1
S01007393,460,162,36,126,119,35,64,19,33,23,3,2,1,2
S01007394,410,100,29,71,155,42,39,30,27,10,7,2,5,0
S01007395,602,35,7,28,149,86,64,72,101,53,26,11,15,16
S01007396,603,51,15,36,153,71,48,64,103,70,27,13,14,16
S01007397,710,152,35,117,222,71,69,57,64,45,14,6,8,16
S01007398,642,9,5,4,66,48,54,79,133,224,27,15,12,2
S01007399,579,32,6,26,117,36,38,54,106,108,81,35,46,7
S01007400,522,80,23,57,141,84,52,38,55,64,7,2,5,1
S01007401,549,56,12,44,191,77,52,48,59,47,16,11,5,3
S01007402,477,69,17,52,138,62,51,45,62,37,7,7,0,6
S01007403,793,69,30,39,454,109,39,27,43,42,8,6,2,2
S01007404,325,50,10,40,70,27,78,50,24,24,2,0,2,0
S01007405,564,130,24,106,191,62,105,18,22,28,8,5,3,0
S01007406,471,112,29,83,182,68,54,12,16,21,4,0,4,2
S01007407,551,112,33,79,170,54,70,49,45,39,10,9,1,2
S01007408,503,37,8,29,123,62,63,94,57,48,19,5,14,0
S01007409,554,56,8,48,100,72,52,93,89,75,13,8,5,4
S01007410,602,8,5,3,49,41,47,101,138,156,58,32,26,4
S01007411,754,33,13,20,99,85,63,76,124,182,75,46,29,17
S01007412,380,16,0,16,47,38,29,51,64,124,11,3,8,0
S01007413,845,82,22,60,220,113,75,142,98,91,16,9,7,8
S01007414,647,150,46,104,206,60,46,89,34,36,7,0,7,19
S01007415,727,28,4,24,76,55,41,100,147,236,33,10,23,11
S01007416,562,12,2,10,45,42,34,58,140,154,66,37,29,11
S01007417,881,132,25,107,300,129,73,99,55,64,19,2,17,10
S01007418,569,14,0,14,81,59,31,62,136,141,33,18,15,12
S01007419,808,17,3,14,78,109,53,73,178,210,66,29,37,24
S01007420,731,116,17,99,189,102,72,79,61,86,18,7,11,8
S01007421,576,103,10,93,149,43,53,49,84,75,15,10,5,5
S01007422,466,55,17,38,118,64,50,79,48,41,6,2,4,5
S01007423,657,98,27,71,213,62,43,79,77,64,12,7,5,9
S01007424,604,100,17,83,219,66,34,52,60,68,2,2,0,3
S01007425,718,91,16,75,202,51,45,109,89,98,21,7,14,12
S01007426,529,44,2,42,87,36,50,51,118,74,23,7,16,46
S01007427,501,32,13,19,82,47,37,66,80,108,37,2,35,12
S01007428,700,29,13,16,195,86,64,71,89,121,30,7,23,15
S01007429,619,61,5,56,177,54,56,62,95,86,24,6,18,4
S01007430,346,45,11,34,80,37,44,56,48,26,5,0,5,5
S01007431,469,66,20,46,153,50,45,55,60,35,5,0,5,0
S01007432,621,45,11,34,161,78,51,78,106,92,8,1,7,2
S01007433,641,105,30,75,153,45,84,51,91,93,16,3,13,3
S01007434,436,16,3,13,78,38,42,57,77,104,17,6,11,7
S01007435,554,52,15,37,108,73,52,67,66,103,22,9,13,11
S01007436,575,39,11,28,82,54,25,54,118,129,50,31,19,24
S01007437,374,33,3,30,79,43,31,31,71,51,29,15,14,6
S01007438,520,38,7,31,101,54,32,80,78,95,36,16,20,6
S01007439,542,53,11,42,130,56,56,75,73,80,13,1,12,6
S01007440,532,35,10,25,105,47,49,85,104,89,10,5,5,8
S01007441,459,62,20,42,130,56,33,72,64,38,0,0,0,4
S01007442,385,110,28,82,119,36,45,35,26,13,1,1,0,0
S01007443,623,181,30,151,170,38,67,56,41,49,9,4,5,12
S01007444,731,224,60,164,232,32,93,45,52,33,7,4,3,13
S01007445,505,174,42,132,196,35,42,21,23,11,2,0,2,1
S01007446,444,171,40,131,150,28,46,16,19,7,4,0,4,3
S01007447,381,118,27,91,113,8,70,33,13,21,2,1,1,3
S01007448,682,110,26,84,154,69,117,66,70,84,12,4,8,0
S01007449,813,57,17,40,127,67,56,88,170,156,77,30,47,15
S01007450,666,33,13,20,94,53,45,89,123,138,78,38,40,13
S01007451,499,46,12,34,102,61,44,49,103,85,4,1,3,5
S01007452,441,41,3,38,68,38,61,36,73,91,30,10,20,3
S01007453,612,102,30,72,240,59,60,82,43,19,7,4,3,0
S01007454,444,20,10,10,72,33,43,49,85,119,23,14,9,0
S01007455,740,19,7,12,128,77,19,74,178,161,78,45,33,6
S01007456,759,7,0,7,99,59,50,68,207,199,53,29,24,17
S01007457,910,63,17,46,161,81,79,150,126,158,69,24,45,23
S01007458,414,44,18,26,94,52,29,92,39,49,6,3,3,9
S01007459,465,29,4,25,110,69,46,81,50,66,10,4,6,4
S01007460,590,26,7,19,95,43,59,100,109,113,36,23,13,9
S01007461,587,14,6,8,55,45,41,75,134,133,83,50,33,7
S01007462,687,49,6,43,131,67,77,79,125,124,35,14,21,0
S01007463,893,25,9,16,52,59,71,72,249,220,132,66,66,13
S01007464,578,17,7,10,61,40,21,59,162,166,45,28,17,7
S01007465,692,15,5,10,36,45,28,56,143,218,141,84,57,10
S01007466,841,45,6,39,108,64,51,81,181,186,86,55,31,39
S01007467,774,55,13,42,161,82,43,115,135,125,37,18,19,21
S01007468,612,76,34,42,125,76,58,113,77,77,7,6,1,3
S01007469,529,28,18,10,61,49,27,91,122,102,41,20,21,8
S01007470,570,42,11,31,100,63,34,66,105,91,62,36,26,7
S01007471,424,33,10,23,79,39,18,56,69,90,36,7,29,4
S01007472,445,11,0,11,57,34,31,42,111,131,24,5,19,4
S01007473,362,14,5,9,73,44,12,48,71,81,16,10,6,3
S01007474,457,62,16,46,103,60,55,70,67,40,0,0,0,0
S01007475,513,84,22,62,147,55,36,77,54,44,13,3,10,3
S01007476,460,66,14,52,108,53,40,67,69,48,4,2,2,5
S01007477,449,89,7,82,116,63,46,56,29,40,8,2,6,2
S01007478,720,125,17,108,218,65,76,62,86,65,13,3,10,10
S01007479,517,39,1,38,124,95,19,80,74,74,8,6,2,4
S01007480,711,59,14,45,175,73,56,113,119,101,12,5,7,3
S01007481,527,76,29,47,139,56,87,69,51,46,0,0,0,3
S01007482,322,14,3,11,69,26,32,46,66,48,19,14,5,2
S01007483,652,17,2,15,88,47,109,103,87,169,25,10,15,7
S01007484,429,11,2,9,76,11,61,60,86,80,33,11,22,11
S01007485,424,0,0,0,28,11,25,51,120,126,53,23,30,10
S01007486,475,3,3,0,38,34,27,50,112,135,72,34,38,4
S01007487,724,15,0,15,107,49,74,101,141,161,62,39,23,14
S01007488,847,38,5,33,180,88,125,88,122,158,35,12,23,13
S01007489,653,44,15,29,97,73,106,64,96,136,24,12,12,13
S01007490,684,26,7,19,85,56,73,116,131,166,29,17,12,2
S01007491,1014,26,6,20,151,96,91,117,239,219,68,28,40,7
S01007492,529,26,11,15,99,55,54,74,92,106,21,8,13,2
S01007493,676,19,8,11,105,68,52,114,110,166,34,15,19,8
S01007494,408,33,5,28,73,21,120,34,87,24,13,9,4,3
S01007495,699,42,6,36,135,52,234,64,89,70,5,3,2,8
S01007496,732,42,18,24,184,45,235,55,98,59,9,4,5,5
S01007497,475,17,4,13,59,21,130,51,81,88,25,21,4,3
S01007498,621,34,4,30,96,59,111,80,102,117,18,16,2,4
S01007499,706,32,11,21,105,51,169,70,112,129,24,9,15,14
S01007500,455,17,1,16,46,28,111,66,102,63,22,4,18,0
S01007501,486,22,3,19,86,35,178,29,73,41,22,2,20,0
S01007502,416,17,4,13,83,11,132,59,51,57,4,2,2,2
S01007503,782,31,10,21,131,36,241,64,119,119,36,11,25,5
S01007504,512,37,4,33,96,29,171,43,60,56,16,7,9,4
S01007505,358,31,10,21,46,27,121,27,51,40,11,7,4,4
S01007506,355,26,5,21,80,14,149,35,30,21,0,0,0,0
S01007507,673,48,4,44,72,38,207,44,105,136,20,13,7,3
S01007508,531,27,2,25,92,26,148,55,88,79,16,8,8,0
S01007509,477,39,2,37,82,33,161,26,80,33,19,7,12,4
S01007510,709,42,0,42,130,31,218,79,121,60,25,10,15,3
S01007511,653,10,1,9,59,41,149,43,163,137,31,22,9,20
S01007512,392,18,2,16,85,10,156,25,59,26,8,1,7,5
S01007513,861,37,16,21,130,67,124,105,183,153,62,32,30,0
S01007514,412,25,6,19,58,49,63,65,67,60,18,8,10,7
S01007515,408,43,9,34,131,45,56,44,44,39,2,1,1,4
S01007516,508,26,3,23,60,18,72,67,141,101,21,7,14,2
S01007517,281,30,6,24,52,20,60,30,55,25,9,8,1,0
S01007518,642,14,2,12,84,33,102,100,101,157,44,21,23,7
S01007519,291,38,11,27,68,10,87,23,32,26,7,2,5,0
S01007520,724,56,15,41,122,50,157,55,147,97,30,14,16,10
S01007521,349,32,14,18,56,19,87,54,85,13,3,0,3,0
S01007522,632,56,12,44,115,38,134,91,96,71,27,12,15,4
S01007523,412,46,11,35,71,35,111,29,55,49,13,4,9,3
S01007524,692,68,9,59,112,45,204,65,90,87,21,11,10,0
S01007525,376,21,11,10,77,30,74,52,76,42,4,1,3,0
S01007526,531,28,12,16,111,45,88,55,105,83,16,8,8,0
S01007527,570,43,13,30,125,48,93,70,84,99,8,3,5,0
S01007528,559,30,1,29,93,40,97,73,109,82,24,16,8,11
S01007529,455,60,14,46,107,29,90,34,65,56,10,3,7,4
S01007530,403,43,8,35,86,16,142,42,45,16,6,6,0,7
S01007531,540,27,2,25,110,48,145,48,93,49,7,5,2,13
S01007532,490,33,10,23,105,28,140,74,47,48,10,7,3,5
S01007533,429,28,7,21,91,31,166,34,46,26,6,0,6,1
S01007534,706,48,21,27,85,41,153,66,144,141,27,17,10,1
S01007535,802,53,22,31,130,58,106,98,174,110,65,21,44,8
S01007536,727,46,7,39,103,62,115,109,145,130,17,11,6,0
S01007537,713,78,9,69,128,48,99,73,122,138,21,11,10,6
S01007538,734,60,9,51,154,40,214,77,84,94,8,4,4,3
S01007539,429,67,18,49,115,44,62,46,52,41,2,1,1,0
S01007540,610,30,13,17,111,62,90,72,86,130,23,9,14,6
S01007541,529,30,5,25,118,67,90,63,60,96,5,2,3,0
S01007542,708,37,11,26,123,42,102,76,137,155,34,3,31,2
S01007543,912,29,7,22,134,70,122,95,226,189,37,12,25,10
S01007544,649,93,11,82,146,48,229,40,49,34,4,4,0,6
S01007545,620,73,15,58,98,43,179,67,99,55,6,2,4,0
S01007546,454,59,11,48,95,48,107,58,46,40,1,0,1,0
S01007547,439,50,14,36,90,24,125,28,65,51,4,1,3,2
S01007548,563,31,4,27,140,46,104,68,79,65,25,6,19,5
S01007549,454,61,20,41,83,38,108,49,57,32,18,8,10,8
S01007550,637,91,16,75,132,54,110,64,87,90,8,5,3,1
S01007551,649,86,7,79,134,37,251,49,47,32,12,9,3,1
S01007552,782,25,11,14,79,47,88,141,153,178,55,23,32,16
S01007553,719,19,3,16,61,48,48,139,165,165,64,22,42,10
S01007554,332,7,3,4,14,13,20,33,89,113,33,27,6,10
S01007555,380,40,4,36,61,22,75,54,58,57,13,1,12,0
S01007556,347,22,4,18,43,19,51,46,77,67,22,8,14,0
S01007557,908,21,13,8,76,82,81,136,191,258,45,19,26,18
S01007558,332,18,2,16,72,17,106,28,30,52,9,6,3,0
S01007559,616,65,11,54,120,56,162,87,71,46,4,2,2,5
S01007560,682,76,24,52,122,58,103,84,101,122,14,5,9,2
S01007561,457,15,1,14,80,49,69,40,111,81,8,7,1,4
S01007562,690,69,16,53,153,49,143,62,134,68,6,2,4,6
S01007563,691,65,12,53,168,70,200,45,93,45,0,0,0,5
S01007564,604,79,7,72,136,39,170,32,83,50,14,5,9,1
S01007565,772,69,14,55,182,61,121,70,136,105,20,16,4,8
S01007566,594,62,11,51,117,38,170,32,114,54,2,1,1,5
S01007567,500,43,17,26,126,29,173,43,45,34,6,3,3,1
S01007568,533,67,37,30,128,49,108,63,53,56,3,0,3,6
S01007569,608,48,10,38,107,37,120,55,127,102,7,4,3,5
S01007570,552,87,28,59,144,39,75,49,70,58,27,9,18,3
S01007571,423,59,15,44,123,39,92,31,42,30,4,3,1,3
S01007572,722,64,12,52,141,85,104,72,68,129,49,19,30,10
S01007573,845,113,32,81,255,132,71,88,110,74,2,2,0,0
S01007574,838,22,7,15,155,65,59,97,201,189,38,14,24,12
S01007575,659,16,4,12,73,65,59,80,148,144,61,28,33,13
S01007576,626,19,1,18,49,34,33,58,160,142,130,53,77,1
S01007577,604,4,0,4,51,47,35,67,173,164,50,20,30,13
S01007578,588,11,7,4,36,49,48,85,156,153,40,26,14,10
S01007579,587,7,5,2,79,61,24,55,157,146,48,15,33,10
S01007580,720,19,14,5,84,30,29,103,168,203,59,25,34,25
S01007581,446,4,3,1,48,34,41,81,89,111,36,22,14,2
S01007582,558,13,0,13,72,46,57,80,127,122,35,18,17,6
S01007583,902,22,5,17,87,72,55,87,278,229,60,32,28,12
S01007584,530,35,5,30,64,43,45,52,121,117,44,30,14,9
S01007585,608,61,16,45,143,67,58,72,77,107,11,4,7,12
S01007586,733,24,8,16,114,54,51,52,202,182,47,13,34,7
S01007587,471,66,15,51,145,62,49,44,41,54,8,5,3,2
S01007588,640,124,21,103,220,53,81,42,69,43,5,5,0,3
S01007589,616,68,23,45,176,68,58,46,95,61,33,13,20,11
S01007590,481,117,27,90,170,58,51,35,29,17,1,1,0,3
S01007591,488,69,6,63,99,44,44,77,68,80,7,3,4,0
S01007592,582,38,9,29,72,67,25,59,161,122,23,6,17,15
S01007593,800,81,24,57,187,78,118,134,101,87,10,3,7,4
S01007594,657,57,14,43,164,70,117,78,76,86,5,2,3,4
S01007595,763,88,15,73,148,56,211,68,103,85,4,0,4,0
S01007596,394,37,15,22,91,32,96,41,46,43,7,6,1,1
S01007597,535,77,19,58,151,48,110,39,53,46,6,0,6,5
S01007598,493,60,20,40,116,36,91,58,44,65,10,3,7,13
S01007599,687,90,19,71,185,58,69,50,113,97,11,8,3,14
S01007600,796,156,32,124,230,57,105,71,69,89,9,2,7,10
S01007601,576,35,14,21,164,68,50,78,87,78,9,1,8,7
S01007602,588,56,13,43,153,89,55,72,71,82,2,0,2,8
S01007603,700,95,22,73,247,80,44,77,71,66,13,7,6,7
S01007604,698,90,34,56,226,86,67,102,69,53,2,1,1,3
S01007605,644,73,16,57,173,81,56,78,87,96,0,0,0,0
S01007606,493,41,20,21,139,62,43,59,92,40,3,1,2,14
S01007607,565,70,15,55,147,73,37,80,91,65,0,0,0,2
S01007608,591,38,5,33,216,81,51,68,70,67,0,0,0,0
S01007609,776,40,6,34,128,85,45,71,178,172,42,20,22,15
S01007610,368,26,8,18,83,44,31,39,76,53,12,8,4,4
S01007611,697,56,5,51,85,72,38,90,167,122,48,34,14,19
S01007612,884,33,1,32,165,82,89,92,169,142,77,29,48,35
S01007613,603,100,18,82,156,67,100,45,80,40,8,2,6,7
S01007614,660,158,45,113,254,71,57,21,59,38,0,0,0,2
S01007615,870,105,42,63,254,104,84,67,132,99,21,11,10,4
S01007616,602,26,3,23,137,78,60,67,99,97,19,12,7,19
S01007617,406,15,3,12,71,45,51,38,75,89,17,8,9,5
S01007618,462,4,3,1,83,30,43,46,101,135,13,3,10,7
S01007619,511,15,2,13,80,34,48,57,119,134,20,11,9,4
S01007620,434,26,2,24,105,57,61,58,85,42,0,0,0,0
S01007621,490,26,19,7,113,58,75,94,70,47,4,0,4,3
S01007622,453,33,8,25,107,44,45,60,87,68,9,6,3,0
S01007623,484,61,10,51,150,56,59,49,59,45,5,5,0,0
S01007624,584,56,15,41,96,73,44,102,111,101,1,1,0,0
S01007625,410,33,3,30,94,36,49,63,55,66,10,7,3,4
S01007626,591,46,5,41,139,59,57,111,101,67,3,0,3,8
S01007627,445,56,7,49,127,36,62,64,58,33,9,9,0,0
S01007628,518,38,7,31,160,69,84,68,33,63,3,3,0,0
S01007629,544,49,15,34,139,39,93,57,55,107,5,0,5,0
S01007630,665,55,11,44,186,55,175,48,99,40,1,0,1,6
S01007631,490,68,7,61,77,39,170,58,50,14,11,5,6,3
S01007632,757,66,24,42,128,50,98,105,131,158,19,14,5,2
S01007633,756,48,12,36,129,72,102,104,137,129,26,8,18,9
S01007634,453,57,13,44,106,34,79,33,86,46,12,0,12,0
S01007635,418,47,7,40,107,21,72,60,73,38,0,0,0,0
S01007636,596,43,18,25,108,62,66,61,130,110,13,7,6,3
S01007637,670,36,7,29,82,52,113,74,144,145,24,7,17,0
S01007638,596,46,10,36,119,39,65,91,106,116,12,7,5,2
S01007639,930,55,20,35,149,63,83,95,232,211,35,15,20,7
S01007640,597,40,4,36,73,45,186,90,87,67,8,3,5,1
S01007641,686,80,37,43,140,55,146,71,83,91,15,6,9,5
S01007642,565,89,18,71,148,49,90,65,62,52,5,1,4,5
S01007643,680,76,18,58,178,37,118,101,72,76,14,1,13,8
S01007644,621,76,18,58,144,25,82,81,118,71,18,7,11,6
S01007645,411,43,5,38,78,25,126,39,48,44,6,2,4,2
S01007646,462,46,13,33,106,38,124,43,57,43,4,3,1,1
S01007647,528,29,4,25,148,51,84,51,74,71,19,4,15,1
S01007648,655,39,11,28,137,101,72,71,90,131,6,1,5,8
S01007649,580,21,7,14,88,58,106,63,84,141,17,5,12,2
S01007650,716,60,10,50,150,69,174,65,71,105,17,5,12,5
S01007651,475,62,26,36,63,20,189,33,51,55,2,0,2,0
S01007652,451,22,5,17,95,36,97,63,52,73,11,6,5,2
S01007653,710,49,13,36,129,41,178,110,100,93,5,0,5,5
S01007654,847,35,11,24,124,35,187,80,169,188,24,11,13,5
S01007655,611,58,14,44,124,42,220,41,72,49,5,4,1,0
S01007656,673,39,14,25,107,45,207,62,123,80,10,2,8,0
S01007657,362,22,12,10,58,26,92,51,71,36,6,2,4,0
S01007658,383,29,3,26,92,19,108,44,48,35,5,0,5,3
S01007659,626,57,7,50,133,27,119,76,95,103,13,5,8,3
S01007660,747,14,7,7,82,48,68,119,219,157,37,19,18,3
S01007661,503,18,9,9,104,40,66,54,96,113,10,3,7,2
S01007662,653,38,12,26,138,49,64,91,138,111,12,8,4,12
S01007663,627,44,3,41,153,53,79,77,102,110,3,1,2,6
S01007664,453,25,6,19,73,21,39,72,117,99,5,4,1,2
S01007665,550,26,11,15,91,39,37,101,119,121,14,8,6,2
S01007666,390,36,2,34,108,57,30,54,28,74,2,2,0,1
S01007667,566,60,10,50,162,51,82,84,57,64,0,0,0,6
S01007668,861,38,11,27,99,75,69,94,206,246,31,11,20,3
S01007669,565,12,3,9,42,23,40,47,180,183,38,11,27,0
S01007670,644,29,4,25,63,58,36,108,150,116,70,27,43,14
S01007671,580,88,21,67,130,50,139,67,63,41,2,2,0,0
S01007672,597,95,28,67,181,48,75,70,76,52,0,0,0,0
S01007673,586,30,8,22,126,54,74,117,68,106,7,1,6,4
S01007674,641,22,4,18,79,43,51,112,161,137,36,16,20,0
S01007675,498,56,16,40,82,42,97,80,66,74,1,0,1,0
S01007676,552,60,18,42,98,23,179,54,63,67,4,2,2,4
S01007677,405,30,8,22,76,23,43,73,65,83,6,0,6,6
S01007678,571,19,11,8,85,52,50,70,129,143,18,12,6,5
S01007679,639,35,20,15,55,39,54,104,154,165,28,15,13,5
S01007680,722,34,14,20,140,62,95,139,114,136,1,0,1,1
S01007681,283,13,5,8,31,22,51,57,56,49,1,1,0,3
S01007682,702,183,23,160,193,70,88,51,52,17,7,2,5,41
S01007683,577,245,16,229,122,45,45,27,10,14,3,1,2,66
S01007684,565,174,13,161,213,36,30,34,27,24,6,2,4,21
S01007685,526,249,20,229,146,32,42,9,13,21,1,1,0,13
S01007686,528,143,9,134,142,61,43,33,20,14,12,11,1,60
S01007687,748,163,8,155,178,53,60,23,42,34,17,13,4,178
S01007688,964,155,8,147,179,85,41,35,76,52,20,15,5,321
S01007689,523,114,0,114,98,21,31,20,24,17,14,12,2,184
S01007690,778,84,13,71,140,24,16,28,59,31,19,12,7,377
S01007691,972,82,3,79,123,70,35,24,87,58,61,31,30,432
S01007692,884,90,6,84,119,36,24,51,62,33,18,14,4,451
S01007693,545,40,1,39,50,24,7,35,59,37,39,21,18,254
S01007694,937,56,5,51,80,88,40,52,127,53,54,34,20,387
S01007695,734,136,5,131,131,56,35,42,96,47,27,11,16,164
S01007696,747,37,3,34,62,39,26,34,67,63,71,47,24,348
S01007697,730,111,9,102,166,70,40,42,76,59,17,9,8,149
S01007698,1029,89,6,83,174,122,58,64,127,91,34,15,19,270
S01007699,768,66,4,62,105,58,36,56,122,68,37,19,18,220
S01007700,829,232,36,196,236,82,61,36,38,78,21,16,5,45
S01007701,474,30,6,24,68,29,10,16,51,77,57,26,31,136
S01007702,542,98,3,95,101,32,17,17,42,25,7,0,7,203
S01007703,645,96,11,85,157,68,32,50,95,46,22,8,14,79
S01007704,800,25,4,21,93,49,37,52,132,125,134,65,69,153
S01007705,538,21,4,17,46,28,11,32,53,28,9,5,4,310
S01007706,766,25,1,24,67,43,3,36,40,21,18,12,6,513
S01007707,841,156,9,147,180,58,46,62,39,29,14,11,3,257
S01007708,563,28,0,28,102,84,38,54,99,55,49,32,17,54
S01007709,450,50,3,47,66,41,17,49,72,53,40,17,23,62
S01007710,773,53,5,48,127,70,33,57,87,68,33,21,12,245
S01007711,857,41,6,35,90,71,30,70,133,129,19,10,9,274
S01007712,608,60,0,60,134,65,25,48,62,38,11,8,3,165
S01007713,420,36,6,30,51,42,56,35,57,67,32,14,18,44
S01007714,577,30,4,26,131,81,29,71,86,114,14,9,5,21
S01007715,451,28,0,28,69,48,15,32,98,70,43,21,22,48
S01007716,789,53,8,45,107,77,59,54,123,123,63,33,30,130
S01007717,875,13,4,9,105,84,84,54,191,146,88,36,52,110
S01007718,535,16,2,14,79,46,47,47,106,84,44,27,17,66
S01007719,748,32,4,28,115,100,51,97,129,124,49,19,30,51
S01007720,461,30,8,22,70,68,39,46,90,84,24,8,16,10
S01007721,590,18,3,15,118,64,54,99,87,87,33,5,28,30
S01007722,678,26,3,23,102,99,44,65,128,121,58,42,16,35
S01007723,695,26,4,22,94,58,39,84,133,146,83,65,18,32
S01007724,622,21,0,21,58,74,13,70,143,115,57,27,30,71
S01007725,656,31,0,31,78,81,19,53,119,146,80,42,38,49
S01007726,707,33,4,29,123,76,33,96,131,91,61,47,14,63
S01007727,914,22,4,18,139,94,66,69,162,149,89,60,29,124
S01007728,653,22,2,20,95,70,37,62,126,105,57,25,32,79
S01007729,735,26,2,24,122,70,32,65,130,118,62,23,39,110
S01007730,727,47,1,46,160,85,36,63,125,78,50,19,31,83
S01007731,678,41,5,36,172,64,33,79,104,95,36,17,19,54
S01007732,611,48,1,47,121,69,28,64,84,80,32,6,26,85
S01007733,750,127,26,101,183,99,123,58,90,40,21,17,4,9
S01007734,625,115,21,94,161,99,76,51,52,63,6,1,5,2
S01007735,671,104,18,86,161,96,94,67,60,69,17,11,6,3
S01007736,579,73,11,62,131,71,101,74,76,40,5,5,0,8
S01007737,836,94,10,84,194,108,70,85,139,82,30,17,13,34
S01007738,510,57,20,37,128,61,45,49,72,76,14,3,11,8
S01007739,343,24,6,18,57,38,35,51,61,67,9,1,8,1
S01007740,432,55,5,50,105,83,42,36,59,31,8,5,3,13
S01007741,490,54,20,34,90,75,34,22,78,97,21,9,12,19
S01007742,453,55,20,35,110,73,43,40,47,71,11,3,8,3
S01007743,771,56,14,42,130,91,49,89,145,137,54,27,27,20
S01007744,602,20,1,19,67,66,29,54,135,132,76,46,30,23
S01007745,550,11,3,8,68,64,51,81,119,112,33,11,22,11
S01007746,782,11,0,11,108,63,56,89,156,212,75,41,34,12
S01007747,434,10,1,9,52,35,39,66,110,76,46,22,24,0
S01007748,616,5,0,5,91,51,36,61,129,139,84,44,40,20
S01007749,579,78,20,58,167,92,65,79,39,29,27,15,12,3
S01007750,544,118,15,103,134,84,76,59,44,22,2,2,0,5
S01007751,498,146,21,125,132,54,64,20,32,36,12,6,6,2
S01007752,416,123,24,99,126,45,33,34,26,24,4,4,0,1
S01007753,464,4,1,3,67,36,38,62,94,127,30,16,14,6
S01007754,730,9,0,9,95,76,51,61,160,176,94,36,58,8
S01007755,705,6,0,6,78,70,38,54,175,173,102,48,54,9
S01007756,506,12,0,12,64,57,30,49,152,93,40,23,17,9
S01007757,579,74,16,58,227,89,58,45,57,27,0,0,0,2
S01007758,578,175,39,136,199,30,64,30,33,37,6,4,2,4
S01007759,709,74,12,62,177,91,65,82,105,65,32,13,19,18
S01007760,437,136,36,100,163,34,54,9,23,15,2,1,1,1
S01007761,665,171,19,152,250,58,57,47,34,28,13,3,10,7
S01007762,565,85,16,69,190,74,48,44,47,55,9,4,5,13
S01007763,306,16,1,15,88,32,33,31,42,45,13,3,10,6
S01007764,626,90,26,64,205,102,80,65,34,46,1,1,0,3
S01007765,486,66,7,59,170,92,39,56,34,19,7,1,6,3
S01007766,672,130,24,106,254,87,36,61,54,40,0,0,0,10
S01007767,660,128,37,91,217,80,75,60,45,35,14,10,4,6
S01007768,479,105,13,92,181,51,34,19,35,28,16,4,12,10
S01007769,506,114,31,83,198,42,59,16,38,30,8,6,2,1
S01007770,540,195,48,147,159,52,50,30,27,11,2,2,0,14
S01007771,358,101,21,80,117,36,30,40,7,17,8,2,6,2
S01007772,692,50,5,45,137,131,48,84,116,89,26,11,15,11
S01007773,562,69,16,53,178,106,69,54,44,34,8,3,5,0
S01007774,920,170,37,133,348,126,84,91,48,44,4,0,4,5
S01007775,741,180,36,144,219,92,52,69,76,46,2,1,1,5
S01007776,654,134,44,90,250,65,73,59,31,33,5,2,3,4
S01007777,938,225,46,179,355,99,90,66,56,40,4,0,4,3
S01007778,423,117,24,93,173,17,52,33,27,4,0,0,0,0
S01007779,602,37,22,15,140,92,67,81,80,96,6,2,4,3
S01007780,732,45,13,32,185,116,75,104,108,81,9,0,9,9
S01007781,830,60,23,37,206,112,61,121,118,136,16,4,12,0
S01007782,460,11,3,8,92,35,25,25,84,118,48,26,22,22
S01007783,598,4,0,4,33,63,27,52,115,157,126,66,60,21
S01007784,682,42,18,24,112,117,44,63,152,108,35,10,25,9
S01007785,536,6,0,6,60,57,21,39,150,104,76,36,40,23
S01007786,621,9,1,8,111,76,49,60,131,161,23,9,14,1
S01007787,579,11,4,7,73,55,49,70,141,127,50,24,26,3
S01007788,675,12,1,11,64,51,50,70,183,99,134,65,69,12
S01007789,599,14,0,14,96,58,29,51,133,157,47,29,18,14
S01007790,866,23,15,8,87,74,27,74,248,174,137,60,77,22
S01007791,435,51,18,33,126,38,52,34,69,59,5,0,5,1
S01007792,725,7,4,3,106,64,48,78,132,225,56,36,20,9
S01007793,780,17,2,15,73,74,40,86,198,155,116,46,70,21
S01007794,482,7,2,5,85,58,19,87,96,104,12,1,11,14
S01007795,531,12,4,8,66,60,25,88,118,143,13,8,5,6
S01007796,639,27,10,17,123,79,20,93,121,105,46,20,26,25
S01007797,444,10,3,7,50,38,17,61,80,125,51,25,26,12
S01007798,634,72,12,60,151,92,65,92,75,65,10,7,3,12
S01007799,611,72,5,67,186,66,65,92,47,66,13,11,2,4
S01007800,813,9,2,7,113,75,43,70,192,193,96,44,52,22
S01007801,723,6,4,2,92,57,21,65,184,185,106,61,45,7
S01007802,533,24,0,24,140,87,54,69,66,68,15,2,13,10
S01007803,921,30,4,26,61,92,36,120,203,227,123,79,44,29
S01007804,576,13,5,8,77,82,46,40,98,135,68,47,21,17
S01007805,493,14,0,14,46,72,18,41,121,98,65,37,28,18
S01007806,514,13,3,10,78,82,34,49,95,140,18,11,7,5
S01007807,635,72,12,60,186,97,69,67,70,60,11,4,7,3
S01007808,783,36,0,36,125,81,43,86,176,171,44,37,7,21
S01007809,699,95,32,63,184,106,79,70,89,65,9,9,0,2
S01007810,739,2,1,1,133,62,34,61,135,225,79,45,34,8
S01007811,783,24,2,22,107,72,31,55,193,209,86,56,30,6
S01007812,809,38,0,38,90,44,57,69,158,216,120,51,69,17
S01007813,710,9,0,9,54,124,27,64,156,178,78,31,47,20
S01007814,480,15,2,13,88,65,54,58,70,107,15,15,0,8
S01007815,694,68,33,35,192,88,56,104,104,71,0,0,0,11
S01007816,565,22,0,22,131,99,59,94,83,77,0,0,0,0
S01007817,319,19,11,8,76,30,29,35,48,79,1,0,1,2
S01007818,650,47,24,23,149,91,75,67,116,82,17,9,8,6
S01007819,604,23,2,21,167,67,63,64,65,123,24,12,12,8
S01007820,746,43,10,33,166,96,71,78,106,141,34,12,22,11
S01007821,432,28,3,25,107,47,46,44,88,61,8,8,0,3
S01007822,538,54,10,44,159,78,48,52,39,94,12,1,11,2
S01007823,546,76,21,55,160,91,44,82,52,31,7,7,0,3
S01007824,535,61,15,46,131,60,71,73,59,67,7,7,0,6
S01007825,761,87,11,76,219,93,107,72,96,67,9,6,3,11
S01007826,470,11,3,8,84,35,28,46,104,124,25,18,7,13
S01007827,546,50,9,41,158,60,31,71,83,49,30,17,13,14
S01007828,703,46,4,42,127,128,52,83,102,96,43,23,20,26
S01007829,346,26,7,19,82,65,34,27,33,54,10,9,1,15
S01007830,674,32,6,26,101,96,32,77,126,117,38,21,17,55
S01007831,688,35,5,30,131,90,44,65,124,88,68,37,31,43
S01007832,492,16,2,14,105,57,30,51,83,95,35,14,21,20
S01007833,409,11,1,10,104,50,36,41,59,67,19,9,10,22
S01007834,630,59,7,52,83,93,30,61,103,110,51,19,32,40
S01007835,536,73,3,70,163,49,34,55,69,70,13,10,3,10
S01007836,381,52,12,40,119,53,29,23,47,30,22,16,6,6
S01007837,566,64,25,39,184,92,70,66,33,47,2,2,0,8
S01007838,588,72,8,64,158,81,65,59,72,56,10,10,0,15
S01007839,310,25,0,25,65,29,31,27,44,59,10,6,4,20
S01007840,598,34,6,28,105,116,28,63,93,103,33,19,14,23
S01007841,591,19,3,16,105,85,34,32,127,116,42,19,23,31
S01007842,708,31,6,25,66,97,36,57,127,143,112,61,51,39
S01007843,597,34,1,33,99,120,20,68,99,73,40,19,21,44
S01007844,818,52,4,48,119,107,38,95,154,135,68,22,46,50
S01007845,778,21,10,11,111,112,35,63,156,158,116,70,46,6
S01007846,623,11,0,11,101,68,30,79,133,131,59,19,40,11
S01007847,769,30,6,24,130,91,42,90,139,180,62,24,38,5
S01007848,704,18,0,18,143,74,21,60,171,115,71,29,42,31
S01007849,824,19,4,15,78,103,46,94,172,204,84,44,40,24
S01007850,610,14,2,12,68,79,70,52,135,141,45,32,13,6
S01007851,622,38,14,24,118,95,61,58,122,116,7,2,5,7
S01007852,583,21,0,21,81,67,49,43,141,91,80,48,32,10
S01007853,474,7,0,7,55,60,20,32,109,89,77,41,36,25
S01007854,926,30,1,29,152,94,45,90,194,156,140,72,68,25
S01007855,421,19,2,17,70,46,27,37,88,75,42,12,30,17
S01007856,724,27,3,24,141,87,50,82,140,143,35,18,17,19
S01007857,418,6,2,4,68,50,23,11,99,110,34,22,12,17
S01007858,807,22,4,18,153,120,62,57,165,143,66,30,36,19
S01007859,452,3,2,1,67,55,42,49,77,123,33,17,16,3
S01007860,611,59,15,44,145,52,65,71,97,77,39,20,19,6
S01007861,574,6,0,6,101,78,34,23,131,162,34,14,20,5
S01007862,591,13,0,13,107,58,38,56,118,155,33,11,22,13
S01007863,792,4,0,4,94,89,36,92,164,171,114,80,34,28
S01007864,736,32,6,26,105,88,38,92,139,148,70,37,33,24
S01007865,674,121,17,104,179,76,58,119,67,36,13,8,5,5
S01007866,567,51,10,41,207,70,79,77,43,36,4,3,1,0
S01007867,410,71,9,62,125,52,55,34,22,39,3,0,3,9
S01007868,723,109,7,102,228,99,55,80,71,66,7,0,7,8
S01007869,794,208,20,188,194,90,70,68,77,54,9,9,0,24
S01007870,439,29,10,19,82,35,84,70,70,61,6,3,3,2
S01007871,549,12,3,9,38,24,59,70,134,133,74,43,31,5
S01007872,621,13,0,13,70,37,46,64,151,151,84,64,20,5
S01007873,516,16,0,16,84,62,51,112,70,91,30,17,13,0
S01007874,532,13,6,7,68,46,48,79,140,116,22,10,12,0
S01007875,440,28,1,27,80,41,37,71,87,86,8,6,2,2
S01007876,867,36,7,29,207,112,96,99,120,151,34,21,13,12
S01007877,614,19,4,15,81,69,68,65,100,169,33,20,13,10
S01007878,495,24,0,24,64,34,26,63,100,140,29,16,13,15
S01007879,661,2,0,2,66,39,40,95,168,196,52,33,19,3
S01007880,311,45,10,35,86,13,65,28,35,31,8,0,8,0
S01007881,451,17,3,14,82,26,62,51,70,104,35,16,19,4
S01007882,647,93,29,64,188,31,160,57,44,56,6,1,5,12
S01007883,879,51,14,37,226,110,120,105,109,128,16,3,13,14
S01007884,540,13,5,8,101,52,58,55,111,120,21,11,10,9
S01007885,603,24,0,24,74,36,53,90,116,133,72,27,45,5
S01007886,704,66,9,57,134,86,90,103,86,98,34,23,11,7
S01007887,477,55,15,40,122,38,135,49,25,33,11,8,3,9
S01007888,950,18,1,17,83,80,34,122,208,292,91,46,45,22
S01007889,409,12,4,8,57,47,22,61,95,105,7,3,4,3
S01007890,616,28,0,28,91,74,75,93,83,134,29,5,24,9
S01007891,704,33,9,24,143,89,65,122,117,115,16,9,7,4
S01007892,584,67,17,50,165,67,76,63,80,49,17,10,7,0
S01007893,813,90,13,77,260,52,143,88,84,71,21,16,5,4
S01007894,763,53,10,43,112,56,82,96,132,196,19,12,7,17
S01007895,408,43,11,32,85,51,57,44,65,44,14,4,10,5
S01007896,716,6,0,6,106,55,39,97,160,208,39,11,28,6
S01007897,368,38,5,33,91,27,120,30,32,20,10,6,4,0
S01007898,389,21,4,17,62,35,108,36,61,51,9,7,2,6
S01007899,290,15,5,10,61,27,112,19,13,37,5,0,5,1
S01007900,444,12,5,7,56,37,21,64,121,87,40,28,12,6
S01007901,588,20,7,13,63,58,53,84,91,147,66,31,35,6
S01007902,725,3,1,2,59,67,57,97,133,222,79,50,29,8
S01007903,486,23,6,17,61,55,59,94,62,107,24,9,15,1
S01007904,646,90,40,50,137,43,170,83,45,74,1,1,0,3
S01007905,586,5,0,5,36,43,25,80,144,151,96,41,55,6
S01007906,510,17,7,10,38,31,47,73,105,160,33,17,16,6
S01007907,405,21,6,15,43,24,17,61,77,124,38,18,20,0
S01007908,683,28,10,18,142,58,75,79,133,146,18,9,9,4
S01007909,478,22,4,18,49,31,48,80,71,141,26,14,12,10
S01007910,827,25,15,10,119,34,48,119,163,205,82,48,34,32
S01007911,638,23,6,17,114,73,53,88,126,138,9,5,4,14
S01007912,590,10,0,10,101,52,58,73,123,144,28,13,15,1
S01007913,492,1,0,1,72,28,43,71,103,128,40,22,18,6
S01007914,525,10,4,6,75,31,43,55,148,114,37,21,16,12
S01007915,703,18,8,10,99,89,72,109,142,119,41,11,30,14
S01007916,585,17,2,15,82,86,72,63,96,129,37,19,18,3
S01007917,676,16,10,6,134,50,55,83,118,187,26,17,9,7
S01007918,730,54,5,49,134,67,76,111,93,137,47,26,21,11
S01007919,644,95,26,69,207,59,59,84,69,64,3,1,2,4
S01007920,520,58,15,43,115,59,61,89,48,82,8,1,7,0
S01007921,752,27,4,23,60,51,67,107,159,232,48,20,28,1
S01007922,729,14,3,11,83,54,86,71,174,200,45,15,30,2
S01007923,819,36,12,24,166,84,107,116,111,181,17,10,7,1
S01007924,847,31,8,23,114,64,84,93,197,192,54,19,35,18
S01007925,398,69,23,46,93,21,141,39,19,13,3,3,0,0
S01007926,400,69,7,62,117,24,102,25,33,26,2,2,0,2
S01007927,527,95,21,74,135,38,162,28,43,20,6,3,3,0
S01007928,815,153,54,99,247,61,109,69,71,86,18,14,4,1
S01007929,670,118,27,91,177,57,191,50,24,43,5,2,3,5
S01007930,517,109,31,78,130,29,154,38,27,28,0,0,0,2
S01007931,882,209,56,153,242,68,68,73,89,100,19,15,4,14
S01007932,623,117,23,94,212,54,87,54,43,35,9,6,3,12
S01007933,772,114,26,88,203,78,79,54,101,97,32,14,18,14
S01007934,611,80,12,68,165,66,68,52,71,75,27,19,8,7
S01007935,652,80,10,70,161,76,69,55,73,90,43,20,23,5
S01007936,888,214,32,182,328,96,75,84,57,20,10,6,4,4
S01007937,922,180,31,149,275,96,108,88,78,83,9,8,1,5
S01007938,587,43,10,33,110,98,50,74,101,63,37,12,25,11
S01007939,723,14,0,14,106,101,56,62,189,135,53,21,32,7
S01007940,843,112,13,99,148,91,71,103,122,159,27,13,14,10
S01007941,542,67,29,38,161,79,55,59,49,62,10,7,3,0
S01007942,466,38,7,31,94,56,34,59,50,91,39,20,19,5
S01007943,493,67,16,51,117,61,49,52,45,80,16,7,9,6
S01007944,732,46,11,35,151,56,82,112,124,118,34,25,9,9
S01007945,681,64,17,47,150,77,81,56,99,104,41,16,25,9
S01007946,649,51,19,32,125,78,64,78,102,94,42,18,24,15
S01007947,608,105,35,70,112,65,65,55,72,89,44,16,28,1
S01007948,559,32,8,24,56,36,53,61,89,152,74,36,38,6
S01007949,589,69,11,58,156,63,50,105,74,56,13,6,7,3
S01007950,731,96,24,72,247,76,93,88,51,59,14,5,9,7
S01007951,625,62,12,50,126,74,61,93,84,84,22,9,13,19
S01007952,453,22,6,16,67,55,61,49,82,70,40,21,19,7
S01007953,797,25,5,20,142,74,90,101,175,155,18,1,17,17
S01007954,638,15,0,15,80,38,23,102,142,151,68,23,45,19
S01007955,753,16,5,11,65,76,57,106,169,189,65,32,33,10
S01007956,636,32,17,15,82,57,48,84,142,135,35,8,27,21
S01007957,706,27,5,22,128,90,55,100,140,113,39,27,12,14
S01007958,709,40,5,35,93,71,41,101,150,119,87,39,48,7
S01007959,541,37,17,20,130,46,45,126,64,82,9,3,6,2
S01007960,593,31,3,28,107,43,29,82,150,124,27,10,17,0
S01007961,569,59,7,52,95,66,226,45,56,16,5,5,0,1
S01007962,537,26,9,17,55,71,52,55,102,118,49,31,18,9
S01007963,909,9,1,8,43,75,57,89,191,232,191,102,89,22
S01007964,633,26,7,19,47,48,53,95,145,148,54,26,28,17
S01007965,481,9,4,5,74,38,32,55,96,113,56,21,35,8
S01007966,839,40,8,32,105,69,38,98,179,188,108,47,61,14
S01007967,582,4,0,4,58,60,40,32,155,124,100,47,53,9
S01007968,672,22,8,14,116,88,54,82,163,120,26,6,20,1
S01007969,660,19,4,15,102,106,49,76,150,107,42,21,21,9
S01007970,719,16,3,13,152,71,48,81,168,137,37,9,28,9
S01007971,728,24,12,12,108,82,49,106,143,160,42,21,21,14
S01007972,653,20,3,17,116,69,51,117,129,132,11,3,8,8
S01007973,663,58,21,37,204,111,33,103,70,72,12,9,3,0
S01007974,632,24,8,16,86,65,34,74,136,131,67,35,32,15
S01007975,507,13,3,10,105,49,52,72,97,76,32,16,16,11
S01007976,500,35,4,31,93,61,22,52,85,95,43,14,29,14
S01007977,545,62,17,45,139,58,37,85,103,42,13,6,7,6
S01007978,468,30,14,16,101,74,23,68,82,58,24,11,13,8
S01007979,695,109,20,89,228,77,71,78,74,36,10,2,8,12
S01007980,535,64,17,47,112,77,59,54,71,82,11,2,9,5
S01007981,400,23,8,15,134,59,37,45,49,46,5,1,4,2
S01007982,393,37,13,24,118,54,36,56,44,40,8,3,5,0
S01007983,554,22,4,18,75,64,45,75,123,103,37,9,28,10
S01007984,619,78,21,57,146,75,44,56,109,82,23,18,5,6
S01007985,754,37,13,24,97,56,43,105,160,174,63,22,41,19
S01007986,445,39,11,28,89,66,36,61,84,65,4,4,0,1
S01007987,646,86,11,75,154,109,49,60,83,65,32,5,27,8
S01007988,664,32,9,23,97,86,42,84,151,127,42,19,23,3
S01007989,657,18,10,8,111,42,53,92,161,131,39,21,18,10
S01007990,863,45,11,34,170,110,50,146,127,155,46,17,29,14
S01007991,904,211,44,167,350,100,76,51,60,37,15,4,11,4
S01007992,629,91,9,82,216,34,84,135,37,25,0,0,0,7
S01007993,703,85,15,70,184,105,64,94,99,60,8,6,2,4
S01007994,824,179,50,129,310,93,71,63,48,43,7,2,5,10
S01007995,831,127,25,102,261,132,45,109,84,64,6,1,5,3
S01007996,393,68,20,48,127,32,80,28,31,18,9,2,7,0
S01007997,529,92,19,73,195,71,67,39,22,21,20,11,9,2
S01007998,407,84,12,72,116,50,49,33,32,21,22,6,16,0
S01007999,569,5,3,2,73,50,58,52,157,129,37,11,26,8
S01008000,742,23,1,22,94,85,35,68,197,166,55,33,22,19
S01008001,758,15,3,12,64,61,39,83,181,203,94,41,53,18
S01008002,720,16,13,3,92,43,49,84,154,142,115,54,61,25
S01008003,549,39,9,30,104,67,56,67,104,80,15,5,10,17
S01008004,646,68,8,60,145,98,45,94,75,93,20,7,13,8
S01008005,552,66,6,60,126,73,47,55,92,62,22,15,7,9
S01008006,500,2,0,2,67,15,47,68,110,104,76,54,22,11
S01008007,406,7,0,7,42,27,12,52,87,113,60,25,35,6
S01008008,601,23,0,23,103,36,52,73,68,131,84,55,29,31
S01008009,720,42,8,34,97,106,42,86,135,125,62,40,22,25
S01008010,765,44,16,28,129,98,77,91,131,88,93,49,44,14
S01008011,447,15,1,14,85,69,27,29,76,70,63,31,32,13
S01008012,644,66,11,55,151,78,66,59,85,84,34,15,19,21
S01008013,471,46,13,33,114,75,49,43,55,61,21,13,8,7
S01008014,506,63,10,53,150,59,38,58,59,57,14,7,7,8
S01008015,620,31,2,29,118,74,25,73,123,121,48,22,26,7
S01008016,568,30,5,25,129,84,58,46,80,98,29,9,20,14
S01008017,633,144,47,97,221,73,61,42,42,39,8,5,3,3
S01008018,469,79,25,54,170,60,50,39,42,21,4,3,1,4
S01008019,594,142,28,114,192,40,87,40,56,31,5,4,1,1
S01008020,506,55,14,41,141,94,52,65,43,45,7,5,2,4
S01008021,431,86,18,68,117,40,91,38,46,6,6,0,6,1
S01008022,604,98,27,71,243,58,74,51,46,29,0,0,0,5
S01008023,682,163,37,126,211,60,85,75,50,27,6,0,6,5
S01008024,671,166,33,133,245,67,71,71,34,17,0,0,0,0
S01008025,577,62,12,50,124,103,56,90,62,70,5,3,2,5
S01008026,834,62,18,44,171,93,68,100,125,162,43,18,25,10
S01008027,442,22,1,21,93,50,12,76,63,98,24,13,11,4
S01008028,515,32,3,29,128,56,75,69,68,77,5,3,2,5
S01008029,655,101,11,90,145,65,138,48,100,42,8,4,4,8
S01008030,832,104,15,89,278,92,108,93,75,76,5,1,4,1
S01008031,727,69,11,58,141,92,67,80,129,104,40,23,17,5
S01008032,752,67,25,42,163,92,64,83,126,123,21,10,11,13
S01008033,741,282,62,220,228,48,104,41,25,13,0,0,0,0
S01008034,731,253,48,205,242,57,91,43,21,19,4,0,4,1
S01008035,516,97,21,76,192,82,47,39,35,17,7,5,2,0
S01008036,532,122,24,98,196,62,55,29,42,17,7,0,7,2
S01008037,856,87,15,72,175,132,105,86,170,86,11,8,3,4
S01008038,649,60,6,54,129,86,67,66,119,100,12,3,9,10
S01008039,774,105,30,75,204,85,62,104,122,69,12,4,8,11
S01008040,627,176,40,136,214,46,66,39,51,23,4,1,3,8
S01008041,503,136,17,119,166,27,50,31,42,37,5,1,4,9
S01008042,450,164,12,152,148,36,55,8,20,11,5,2,3,3
S01008043,717,291,61,230,212,57,96,24,19,6,10,6,4,2
S01008044,726,220,39,181,255,58,74,55,36,15,8,8,0,5
S01008045,713,236,18,218,197,53,87,41,30,35,32,18,14,2
S01008046,541,94,18,76,149,68,37,31,61,46,39,26,13,16
S01008047,510,200,22,178,140,37,74,21,19,12,2,1,1,5
S01008048,432,117,33,84,174,46,28,26,14,15,4,4,0,8
S01008049,626,206,29,177,217,67,87,27,9,9,0,0,0,4
S01008050,433,165,48,117,126,43,60,9,12,9,3,0,3,6
S01008051,717,231,42,189,274,71,51,23,27,27,3,3,0,10
S01008052,690,254,27,227,289,40,51,16,17,11,5,5,0,7
S01008053,430,116,18,98,186,42,52,11,20,3,0,0,0,0
S01008054,547,188,46,142,186,41,85,12,13,13,9,4,5,0
S01008055,846,369,79,290,264,60,85,27,25,8,2,2,0,6
S01008056,530,221,17,204,157,39,58,17,19,12,0,0,0,7
S01008057,723,233,54,179,263,66,90,24,35,1,1,0,1,10
S01008058,805,318,46,272,227,43,162,18,17,10,3,0,3,7
S01008059,557,147,13,134,198,65,61,23,32,23,2,0,2,6
S01008060,773,207,43,164,260,116,79,48,31,25,7,0,7,0
S01008061,628,149,26,123,250,52,72,24,52,20,6,4,2,3
S01008062,691,119,25,94,212,107,82,86,47,29,7,1,6,2
S01008063,734,195,21,174,274,67,97,42,35,11,5,5,0,8
S01008064,600,60,5,55,137,87,68,55,66,78,37,14,23,12
S01008065,843,300,53,247,336,59,74,16,14,24,6,4,2,14
S01008066,769,368,55,313,224,28,112,17,12,3,2,0,2,3
S01008067,482,205,15,190,138,39,47,14,18,11,1,1,0,9
S01008068,703,173,26,147,226,69,93,52,59,23,4,4,0,4
S01008069,748,87,11,76,259,115,69,72,76,58,10,3,7,2
S01008070,734,84,23,61,226,144,69,72,63,61,11,2,9,4
S01008071,583,98,5,93,237,75,66,43,28,32,2,1,1,2
S01008072,689,251,44,207,227,48,70,21,29,21,11,0,11,11
S01008073,357,153,13,140,93,23,57,11,4,16,0,0,0,0
S01008074,798,240,41,199,262,90,110,33,45,13,1,1,0,4
S01008075,435,156,24,132,130,35,71,3,9,19,7,3,4,5
S01008076,373,147,17,130,118,35,32,22,5,7,0,0,0,7
S01008077,635,279,44,235,187,54,70,18,10,5,9,2,7,3
S01008078,655,178,27,151,204,65,123,34,38,8,3,2,1,2
S01008079,682,235,46,189,209,45,110,10,44,18,11,4,7,0
S01008080,555,147,25,122,169,43,118,35,18,18,2,1,1,5
S01008081,488,177,37,140,138,23,64,38,30,11,4,4,0,3
S01008082,646,149,24,125,227,75,100,27,43,9,5,1,4,11
S01008083,577,173,38,135,185,61,68,21,51,15,0,0,0,3
S01008084,699,128,25,103,230,91,81,67,52,34,7,3,4,9
S01008085,855,182,20,162,317,79,130,52,55,22,9,3,6,9
S01008086,959,202,41,161,242,141,139,69,73,74,8,6,2,11
S01008087,643,164,39,125,183,84,63,56,42,24,14,9,5,13
S01008088,672,130,29,101,226,101,51,61,49,35,10,3,7,9
S01008089,523,92,28,64,182,61,60,52,45,29,2,1,1,0
S01008090,634,150,24,126,175,95,62,43,33,70,1,1,0,5
S01008091,300,65,9,56,94,28,45,7,28,25,6,4,2,2
S01008092,624,152,15,137,228,68,90,36,31,18,0,0,0,1
S01008093,605,95,29,66,197,96,92,56,31,29,6,4,2,3
S01008094,509,108,12,96,176,42,79,49,34,10,11,5,6,0
S01008095,550,73,17,56,176,76,67,54,39,54,9,0,9,2
S01008096,555,118,29,89,186,54,55,45,52,42,1,0,1,2
S01008097,428,98,42,56,133,58,60,15,22,33,8,0,8,1
S01008098,598,120,29,91,168,90,51,62,51,41,10,9,1,5
S01008099,437,62,11,51,104,61,55,52,45,49,7,2,5,2
S01008100,690,211,32,179,203,56,108,28,30,35,15,1,14,4
S01008101,713,143,16,127,215,95,65,79,58,43,9,1,8,6
S01008102,632,56,13,43,199,83,91,54,71,59,13,7,6,6
S01008103,474,55,12,43,122,68,47,36,75,41,25,13,12,5
S01008104,716,44,10,34,137,136,67,85,98,101,34,20,14,14
S01008105,909,74,22,52,190,130,103,61,153,127,56,28,28,15
S01008106,650,19,0,19,130,74,42,58,137,132,55,33,22,3
S01008107,878,172,41,131,246,73,200,92,55,25,5,0,5,10
S01008108,604,122,26,96,175,73,89,54,50,34,6,3,3,1
S01008109,799,108,30,78,213,133,98,85,88,55,12,6,6,7
S01008110,765,72,8,64,294,108,96,71,62,53,3,1,2,6
S01008111,655,177,49,128,197,92,70,53,42,22,0,0,0,2
S01008112,583,93,24,69,175,76,55,87,53,34,1,1,0,9
S01008113,682,129,23,106,230,101,72,61,61,24,0,0,0,4
S01008114,529,73,11,62,189,75,46,54,43,40,9,5,4,0
S01008115,826,96,22,74,191,161,106,111,72,72,13,5,8,4
S01008116,786,154,25,129,302,107,59,36,54,55,9,6,3,10
S01008117,595,150,34,116,215,63,65,34,35,17,16,11,5,0
S01008118,694,109,21,88,210,82,72,58,85,52,15,4,11,11
S01008119,551,32,5,27,67,63,48,62,130,109,27,14,13,13
S01008120,470,105,13,92,152,80,42,18,42,14,13,8,5,4
S01008121,481,172,32,140,151,40,46,21,30,16,3,1,2,2
S01008122,633,225,37,188,239,32,66,21,23,12,8,2,6,7
S01008123,682,272,38,234,211,52,87,17,27,9,0,0,0,7
S01008124,710,168,27,141,216,108,75,49,39,42,4,1,3,9
S01008125,719,195,64,131,226,89,69,33,33,66,3,3,0,5
S01008126,729,200,32,168,251,91,71,48,31,25,9,1,8,3
S01008127,393,115,36,79,129,54,30,21,15,22,6,0,6,1
S01008128,720,176,26,150,247,91,71,51,31,37,8,0,8,8
S01008129,754,70,20,50,205,96,65,66,122,76,45,19,26,9
S01008130,807,85,26,59,200,152,59,64,98,84,42,18,24,23
S01008131,649,39,5,34,159,108,55,63,100,83,29,13,16,13
S01008132,750,159,35,124,261,82,82,77,54,29,4,1,3,2
S01008133,459,95,17,78,105,36,46,48,56,52,17,11,6,4
S01008134,501,112,18,94,137,70,38,42,46,30,21,10,11,5
S01008135,1020,117,32,85,302,142,102,101,130,73,30,13,17,23
S01008136,700,71,17,54,140,103,65,69,124,90,28,21,7,10
S01008137,822,32,9,23,98,69,41,123,243,134,67,34,33,15
S01008138,776,32,9,23,115,69,32,80,195,169,69,34,35,15
S01008139,735,37,5,32,144,103,68,90,83,150,48,16,32,12
S01008140,420,40,6,34,82,35,29,41,69,91,33,23,10,0
S01008141,667,77,11,66,198,88,84,95,59,49,6,1,5,11
S01008142,723,119,43,76,241,82,58,99,41,63,5,4,1,15
S01008143,739,62,0,62,194,96,44,87,113,94,36,15,21,13
S01008144,517,76,16,60,159,57,80,43,56,43,0,0,0,3
S01008145,699,35,9,26,114,72,65,114,92,181,22,7,15,4
S01008146,392,35,13,22,57,11,45,54,71,101,17,8,9,1
S01008147,672,60,21,39,147,104,60,69,106,105,12,5,7,9
S01008148,649,58,4,54,182,116,63,74,60,68,16,11,5,12
S01008149,605,36,10,26,133,126,38,60,93,87,21,5,16,11
S01008150,752,49,17,32,174,152,45,72,120,119,18,8,10,3
S01008151,562,40,8,32,110,58,48,79,127,84,11,5,6,5
S01008152,797,59,12,47,200,108,68,79,143,84,41,21,20,15
S01008153,713,122,17,105,229,103,82,60,50,54,5,0,5,8
S01008154,623,124,38,86,185,90,68,39,38,58,15,3,12,6
S01008155,555,84,24,60,158,96,61,38,63,48,7,4,3,0
S01008156,758,71,17,54,179,66,134,63,110,104,28,14,14,3
S01008157,663,129,8,121,188,92,60,76,55,44,5,0,5,14
S01008158,654,76,16,60,207,100,79,75,56,53,6,0,6,2
S01008159,836,62,10,52,134,98,77,97,184,109,62,34,28,13
S01008160,818,66,12,54,135,82,66,111,180,114,48,11,37,16
S01008161,941,132,25,107,343,74,131,87,107,59,6,4,2,2
S01008162,802,126,19,107,236,54,96,75,105,99,6,1,5,5
S01008163,635,37,2,35,102,64,68,72,115,142,28,13,15,7
S01008164,570,28,2,26,89,78,76,53,112,107,16,5,11,11
S01008165,727,98,14,84,237,97,127,66,38,57,2,1,1,5
S01008166,476,10,2,8,83,26,44,76,115,105,7,6,1,10
S01008167,616,23,10,13,91,51,45,70,117,172,34,10,24,13
S01008168,718,31,7,24,117,80,40,97,176,141,29,16,13,7
S01008169,598,37,9,28,119,64,60,72,129,106,7,7,0,4
S01008170,499,142,26,116,125,63,68,25,31,40,4,2,2,1
S01008171,584,52,7,45,135,105,34,63,105,67,5,5,0,18
S01008172,443,36,14,22,120,71,60,34,63,52,4,1,3,3
S01008173,581,87,14,73,136,115,61,58,67,45,8,7,1,4
S01008174,455,56,6,50,115,93,67,42,30,46,0,0,0,6
S01008175,660,67,8,59,153,99,58,63,85,102,26,11,15,7
S01008176,607,166,37,129,173,51,77,52,35,32,4,2,2,17
S01008177,601,77,28,49,132,77,53,43,96,94,25,10,15,4
S01008178,497,61,14,47,133,94,59,46,44,45,13,7,6,2
S01008179,489,95,30,65,142,63,79,29,40,41,0,0,0,0
S01008180,452,88,10,78,154,61,52,40,48,5,1,1,0,3
S01008181,528,106,32,74,164,54,73,44,42,33,3,3,0,9
S01008182,786,95,11,84,170,110,46,84,132,85,29,10,19,35
S01008183,551,78,18,60,137,68,55,79,51,46,10,0,10,27
S01008184,586,65,23,42,162,93,51,33,66,71,15,4,11,30
S01008185,796,48,10,38,193,128,73,72,112,103,41,17,24,26
S01008186,501,41,4,37,165,65,39,63,41,49,17,8,9,21
S01008187,522,67,10,57,110,63,40,36,102,76,19,11,8,9
S01008188,721,51,8,43,139,58,54,71,134,143,27,19,8,44
S01008189,431,56,9,47,76,81,65,42,44,50,5,2,3,12
S01008190,730,36,3,33,123,82,70,69,154,147,31,8,23,18
S01008191,386,34,13,21,109,46,30,46,54,45,16,8,8,6
S01008192,672,60,7,53,163,83,62,61,101,108,23,11,12,11
S01008193,653,133,17,116,144,60,52,48,123,81,11,3,8,1
S01008194,502,85,16,69,101,43,57,39,79,75,18,6,12,5
S01008195,732,28,3,25,125,108,64,86,150,135,23,20,3,13
S01008196,718,22,7,15,93,102,80,98,111,149,53,26,27,10
S01008197,918,115,17,98,239,127,62,137,115,86,26,11,15,11
S01008198,546,14,1,13,94,74,42,83,123,98,15,8,7,3
S01008199,695,3,0,3,76,61,49,99,179,191,37,24,13,0
S01008200,464,29,1,28,49,61,56,46,95,98,22,19,3,8
S01008201,680,41,8,33,90,88,24,91,132,158,45,13,32,11
S01008202,437,26,10,16,111,87,30,29,71,67,9,9,0,7
S01008203,468,11,3,8,77,67,33,36,93,102,43,12,31,6
S01008204,574,55,12,43,170,51,73,56,68,78,21,16,5,2
S01008205,561,32,15,17,98,59,69,80,111,99,11,1,10,2
S01008206,516,22,6,16,83,66,35,79,78,119,31,16,15,3
S01008207,550,16,8,8,62,72,80,71,105,113,22,0,22,9
S01008208,746,74,16,58,185,105,78,89,94,94,15,0,15,12
S01008209,539,46,6,40,143,85,117,62,37,42,3,3,0,4
S01008210,781,64,8,56,191,102,112,99,95,94,21,8,13,3
S01008211,722,75,21,54,172,124,79,53,93,96,21,11,10,9
S01008212,539,69,11,58,167,67,75,64,55,33,3,0,3,6
S01008213,908,171,30,141,239,90,114,103,110,59,14,3,11,8
S01008214,511,46,21,25,134,75,59,68,59,54,16,8,8,0
S01008215,606,44,5,39,176,87,46,67,115,60,11,5,6,0
S01008216,463,54,11,43,118,79,67,42,49,41,4,1,3,9
S01008217,449,107,26,81,171,39,47,48,17,18,2,0,2,0
S01008218,994,174,26,148,331,120,164,52,64,77,2,0,2,10
S01008219,817,91,14,77,179,110,111,49,141,108,21,13,8,7
S01008220,597,28,4,24,93,14,52,95,140,135,33,28,5,7
S01008221,643,37,7,30,88,35,45,70,145,162,52,36,16,9
S01008222,480,23,7,16,97,37,47,70,88,93,18,8,10,7
S01008223,440,22,4,18,89,70,26,35,94,69,31,18,13,4
S01008224,784,66,9,57,171,153,77,125,105,77,6,5,1,4
S01008225,614,27,8,19,169,89,59,85,75,102,3,1,2,5
S01008226,578,16,0,16,82,78,63,43,145,129,17,11,6,5
S01008227,638,19,0,19,86,61,42,83,134,187,19,9,10,7
S01008228,510,48,10,38,142,72,94,42,57,45,10,5,5,0
S01008229,562,21,6,15,109,70,49,57,109,126,17,8,9,4
S01008230,778,78,17,61,208,126,103,74,96,72,17,8,9,4
S01008231,779,101,17,84,225,92,138,100,39,69,2,0,2,13
S01008232,673,87,11,76,165,88,76,56,81,77,38,15,23,5
S01008233,440,58,16,42,135,55,60,41,34,43,11,6,5,3
S01008234,280,7,0,7,58,37,37,25,61,48,3,3,0,4
S01008235,641,42,4,38,114,79,90,95,103,97,15,6,9,6
S01008236,686,94,21,73,160,78,109,72,88,61,15,1,14,9
S01008237,727,68,12,56,165,97,109,48,144,69,27,10,17,0
S01008238,585,26,2,24,116,75,51,92,71,121,27,9,18,6
S01008239,624,80,28,52,158,63,86,73,96,59,9,3,6,0
S01008240,689,172,20,152,241,70,102,40,40,24,0,0,0,0
S01008241,486,92,19,73,191,62,78,16,29,6,5,1,4,7
S01008242,635,117,22,95,171,71,94,49,68,49,14,13,1,2
S01008243,797,211,34,177,244,48,124,79,46,39,1,0,1,5
S01008244,425,90,16,74,140,26,75,24,41,25,4,2,2,0
S01008245,815,177,16,161,288,74,87,68,74,39,8,4,4,0
S01008246,829,266,34,232,247,60,97,42,71,35,4,0,4,7
S01008247,697,168,56,112,169,52,146,57,49,43,12,5,7,1
S01008248,736,149,15,134,178,69,105,69,77,69,9,8,1,11
S01008249,703,161,44,117,204,54,137,44,59,41,3,1,2,0
S01008250,843,242,45,197,261,55,149,30,68,23,5,3,2,10
S01008251,670,216,42,174,226,66,74,31,26,23,2,2,0,6
S01008252,637,146,22,124,205,69,92,39,38,33,8,0,8,7
S01008253,567,54,6,48,108,52,53,54,102,117,19,5,14,8
S01008254,781,59,8,51,180,74,62,127,108,136,35,22,13,0
S01008255,613,71,13,58,168,83,72,52,82,65,14,10,4,6
S01008256,721,47,5,42,119,59,96,93,156,115,17,8,9,19
S01008257,413,63,11,52,103,27,51,34,60,54,15,9,6,6
S01008258,667,110,22,88,216,91,72,30,75,68,3,2,1,2
S01008259,614,131,38,93,158,49,96,32,72,57,11,3,8,8
S01008260,671,37,8,29,132,68,51,91,161,100,28,17,11,3
S01008261,780,58,19,39,134,64,82,114,119,171,24,9,15,14
S01008262,526,132,19,113,110,27,84,58,71,36,8,7,1,0
S01008263,423,132,23,109,110,47,48,21,38,21,4,4,0,2
S01008264,608,93,11,82,156,75,62,57,100,45,17,7,10,3
S01008265,492,140,22,118,199,29,52,32,18,17,1,0,1,4
S01008266,431,149,35,114,146,19,60,18,23,15,1,1,0,0
S01008267,650,155,37,118,176,59,97,38,79,38,6,1,5,2
S01008268,603,230,34,196,200,43,71,20,16,13,6,0,6,4
S01008269,499,160,34,126,164,42,50,31,35,13,1,0,1,3
S01008270,510,159,27,132,197,26,65,8,24,17,10,1,9,4
S01008271,531,58,12,46,167,40,88,45,74,28,23,12,11,8
S01008272,820,189,33,156,281,44,105,71,73,49,6,0,6,2
S01008273,648,164,44,120,195,62,73,64,54,31,3,2,1,2
S01008274,559,78,13,65,73,53,55,95,107,59,30,9,21,9
S01008275,431,119,24,95,127,33,44,31,19,37,15,10,5,6
S01008276,487,159,38,121,140,44,59,21,45,17,2,2,0,0
S01008277,414,94,12,82,125,12,102,34,21,6,20,2,18,0
S01008278,602,207,35,172,185,28,76,22,50,29,5,3,2,0
S01008279,559,70,19,51,143,52,73,49,79,85,8,1,7,0
S01008280,754,148,22,126,208,50,151,57,70,56,11,3,8,3
S01008281,628,109,32,77,169,31,107,48,79,71,9,2,7,5
S01008282,559,86,16,70,150,43,126,65,42,37,6,1,5,4
S01008283,457,139,24,115,139,37,69,27,28,12,6,0,6,0
S01008284,776,163,42,121,196,82,104,71,79,63,18,6,12,0
S01008285,582,21,2,19,96,50,68,82,135,110,16,11,5,4
S01008286,591,64,15,49,115,42,66,84,93,118,6,4,2,3
S01008287,624,86,21,65,117,59,83,67,74,109,19,1,18,10
S01008288,684,126,27,99,195,35,94,46,80,94,14,5,9,0
S01008289,523,27,4,23,122,67,54,62,89,87,10,8,2,5
S01008290,744,126,35,91,225,51,87,53,95,60,34,15,19,13
S01008291,464,64,28,36,86,60,32,97,69,50,6,0,6,0
S01008292,767,105,15,90,129,81,65,63,127,143,40,17,23,14
S01008293,547,164,20,144,189,71,58,31,26,5,3,0,3,0
S01008294,841,224,49,175,237,56,94,87,60,65,10,6,4,8
S01008295,852,90,25,65,191,131,57,152,111,97,13,8,5,10
S01008296,531,60,14,46,98,53,68,71,75,63,29,14,15,14
S01008297,704,114,21,93,168,90,77,76,88,59,26,18,8,6
S01008298,642,56,7,49,160,79,80,95,77,68,26,23,3,1
S01008299,675,35,10,25,156,57,74,48,109,111,73,19,54,12
S01008300,699,39,17,22,161,98,86,71,134,73,33,23,10,4
S01008301,753,138,28,110,200,131,76,65,54,81,2,1,1,6
S01008302,583,145,24,121,188,51,94,37,18,41,5,1,4,4
S01008303,455,69,18,51,101,71,51,32,70,44,14,6,8,3
S01008304,393,96,16,80,103,33,33,54,41,27,3,3,0,3
S01008305,638,113,31,82,201,97,37,74,74,34,4,2,2,4
S01008306,519,49,4,45,160,78,62,61,49,60,0,0,0,0
S01008307,528,96,28,68,156,78,50,45,52,40,8,0,8,3
S01008308,419,69,27,42,150,48,32,68,30,9,9,6,3,4
S01008309,580,53,11,42,91,61,38,74,110,91,53,35,18,9
S01008310,738,63,11,52,190,90,68,106,84,91,37,13,24,9
S01008311,333,50,10,40,69,46,13,42,50,46,12,4,8,5
S01008312,353,45,6,39,101,53,14,25,53,32,20,17,3,10
S01008313,682,39,17,22,127,63,57,64,151,136,44,35,9,1
S01008314,528,18,3,15,92,65,32,58,146,78,23,9,14,16
S01008315,655,31,8,23,93,76,51,82,136,93,64,43,21,29
S01008316,574,42,5,37,64,49,30,44,91,151,95,65,30,8
S01008317,696,47,11,36,180,79,77,62,113,80,47,28,19,11
S01008318,781,132,46,86,244,75,109,60,83,55,16,12,4,7
S01008319,547,50,3,47,125,78,59,53,80,73,20,14,6,9
S01008320,434,55,16,39,131,47,31,58,48,36,23,20,3,5
S01008321,495,60,21,39,138,65,53,70,57,40,12,4,8,0
S01008322,887,83,21,62,183,145,77,105,140,104,33,10,23,17
S01008323,706,27,8,19,91,65,64,76,159,140,70,35,35,14
S01008324,585,64,14,50,98,64,46,60,97,107,24,11,13,25
S01008325,700,27,1,26,106,80,29,98,100,175,61,43,18,24
S01008326,860,31,9,22,121,121,61,91,188,168,49,25,24,30
S01008327,686,52,7,45,104,99,41,100,156,95,35,17,18,4
S01008328,643,166,18,148,221,109,74,25,25,12,7,7,0,4
S01008329,803,166,29,137,286,94,117,58,37,32,7,1,6,6
S01008330,782,140,54,86,258,88,120,42,79,41,14,4,10,0
S01008331,550,98,18,80,175,56,84,41,51,32,10,1,9,3
S01008332,683,185,32,153,248,46,102,27,47,15,5,2,3,8
S01008333,620,224,60,164,213,36,89,9,29,5,13,5,8,2
S01008334,561,140,27,113,177,62,78,36,48,6,11,5,6,3
S01008335,607,101,22,79,182,72,59,38,91,43,8,3,5,13
S01008336,558,87,14,73,147,78,86,27,66,37,26,14,12,4
S01008337,817,215,40,175,277,85,36,84,54,26,23,17,6,17
S01008338,844,296,43,253,289,53,98,36,47,14,4,0,4,7
S01008339,590,168,29,139,182,91,45,20,64,13,6,5,1,1
S01008340,760,183,17,166,246,78,109,40,65,20,9,0,9,10
S01008341,675,205,32,173,235,54,123,14,29,15,0,0,0,0
S01008342,734,222,39,183,234,44,74,43,41,45,22,15,7,9
S01008343,655,267,53,214,222,27,90,17,13,15,4,0,4,0
S01008344,692,270,53,217,211,28,140,13,15,7,8,1,7,0
S01008345,702,258,48,210,226,26,114,24,27,12,12,11,1,3
S01008346,843,290,86,204,281,51,135,34,23,24,3,2,1,2
S01008347,668,187,32,155,231,55,113,15,35,18,10,3,7,4
S01008348,534,187,40,147,169,47,60,17,30,8,10,0,10,6
S01008349,749,294,46,248,277,35,110,11,13,0,6,4,2,3
S01008350,400,111,26,85,157,28,75,12,7,1,6,1,5,3
S01008351,709,252,63,189,259,63,83,15,24,8,2,1,1,3
S01008352,539,229,24,205,163,34,77,14,13,2,3,3,0,4
S01008353,426,151,28,123,101,30,82,12,17,12,12,7,5,9
S01008354,561,167,26,141,143,28,122,36,28,25,10,8,2,2
S01008355,502,72,31,41,135,71,68,34,39,47,22,8,14,14
S01008356,532,122,26,96,162,54,57,42,52,26,4,1,3,13
S01008357,560,144,33,111,158,81,59,34,55,23,3,3,0,3
S01008358,516,70,18,52,146,65,78,57,40,40,16,5,11,4
S01008359,518,96,27,69,152,76,102,61,7,13,8,6,2,3
S01008360,677,218,52,166,223,81,89,17,30,14,3,1,2,2
S01008361,440,76,20,56,153,72,57,27,15,31,2,2,0,7
S01008362,855,163,14,149,342,118,88,49,42,35,10,5,5,8
S01008363,620,188,37,151,171,86,55,37,36,14,7,3,4,26
S01008364,605,168,35,133,180,59,92,24,55,13,5,1,4,9
S01008365,525,164,41,123,176,37,87,25,18,9,7,5,2,2
S01008366,687,97,9,88,203,100,55,25,95,62,24,15,9,26
S01008367,596,76,13,63,168,65,65,31,84,60,22,12,10,25
S01008368,542,99,9,90,206,71,54,24,30,44,4,1,3,10
S01008369,445,87,30,57,138,43,21,25,50,48,23,7,16,10
S01008370,580,137,26,111,167,90,83,18,56,5,16,12,4,8
S01008371,683,155,36,119,242,93,82,44,29,22,8,7,1,8
S01008372,682,160,45,115,210,92,51,86,28,34,13,2,11,8
S01008373,700,211,17,194,306,63,51,38,14,10,7,7,0,0
S01008374,580,118,15,103,251,83,40,26,35,21,0,0,0,6
S01008375,649,155,55,100,258,63,71,35,37,17,8,2,6,5
S01008376,474,184,52,132,111,45,42,27,35,15,12,1,11,3
S01008377,642,170,15,155,235,61,73,36,40,20,2,2,0,5
S01008378,796,234,59,175,272,83,98,36,50,7,12,11,1,4
S01008379,403,71,30,41,190,30,41,35,22,8,4,4,0,2
S01008380,570,152,17,135,240,71,43,23,26,10,5,3,2,0
S01008381,587,155,19,136,215,64,73,23,24,20,5,0,5,8
S01008382,528,160,34,126,180,58,54,29,20,18,3,2,1,6
S01008383,400,126,16,110,140,30,44,27,9,18,2,2,0,4
S01008384,821,164,16,148,225,117,76,83,104,47,1,1,0,4
S01008385,532,177,34,143,195,43,70,16,11,15,5,1,4,0
S01008386,667,107,17,90,211,108,53,72,52,43,7,5,2,14
S01008387,530,75,17,58,181,104,67,17,48,33,5,1,4,0
S01008388,603,85,8,77,208,80,75,34,69,49,0,0,0,3
S01008389,359,122,24,98,90,24,52,19,38,10,4,3,1,0
S01008390,486,167,26,141,165,25,62,23,29,12,1,1,0,2
S01008391,565,198,31,167,191,39,50,21,30,21,12,11,1,3
S01008392,799,306,64,242,304,50,68,30,26,2,9,4,5,4
S01008393,621,206,35,171,241,51,62,10,17,21,10,2,8,3
S01008394,740,372,90,282,230,31,52,15,7,25,1,1,0,7
S01008395,487,88,25,63,213,69,53,27,12,19,2,0,2,4
S01008396,415,83,13,70,151,56,68,12,24,18,3,1,2,0
S01008397,792,268,50,218,256,43,89,73,31,25,4,3,1,3
S01008398,446,139,21,118,138,58,50,23,23,9,5,0,5,1
S01008399,365,84,12,72,124,43,57,21,29,4,2,2,0,1
S01008400,560,151,23,128,176,65,62,14,55,10,18,17,1,9
S01008401,737,146,9,137,255,109,97,34,43,21,16,16,0,16
S01008402,819,307,55,252,246,48,161,14,28,10,2,2,0,3
S01008403,492,203,32,171,149,30,72,11,15,5,2,1,1,5
S01008404,701,250,29,221,237,60,86,14,32,10,12,6,6,0
S01008405,666,285,50,235,181,42,80,16,37,4,13,6,7,8
S01008406,692,222,24,198,230,50,101,15,36,11,17,15,2,10
S01008407,366,80,24,56,133,44,27,14,35,11,19,18,1,3
S01008408,587,128,19,109,186,60,69,29,30,66,11,10,1,8
S01008409,687,112,28,84,141,158,53,53,91,46,27,15,12,6
S01008410,435,117,28,89,96,54,72,16,33,21,23,20,3,3
S01008411,499,66,17,49,158,76,65,28,72,21,11,5,6,2
S01008412,585,117,38,79,187,45,76,55,62,13,18,15,3,12
S01008413,480,108,10,98,117,50,61,21,65,36,17,12,5,5
S01008414,396,99,23,76,142,35,63,14,28,8,0,0,0,7
S01008415,714,85,11,74,186,60,107,72,112,78,9,5,4,5
S01008416,817,77,15,62,180,124,82,80,104,97,63,36,27,10
S01008417,576,172,41,131,182,64,71,24,35,21,6,3,3,1
S01008418,539,155,11,144,165,58,67,23,41,17,2,0,2,11
S01008419,440,166,56,110,163,18,44,8,21,13,2,0,2,5
S01008420,382,138,10,128,112,29,29,35,16,17,2,0,2,4
S01008421,732,136,13,123,199,90,77,45,96,61,15,6,9,13
S01008422,495,186,32,154,202,23,44,5,10,21,0,0,0,4
S01008423,888,348,69,279,268,68,116,15,15,44,10,4,6,4
S01008424,587,234,56,178,189,30,72,27,11,12,3,3,0,9
S01008425,744,202,25,177,195,95,94,41,56,42,7,3,4,12
S01008426,426,39,5,34,85,67,27,50,84,70,0,0,0,4
S01008427,981,266,67,199,240,132,116,89,78,46,3,0,3,11
S01008428,509,64,13,51,107,76,64,36,67,63,14,7,7,18
S01008429,635,172,41,131,184,87,76,26,28,45,10,8,2,7
S01008430,507,143,30,113,148,51,43,25,58,31,2,0,2,6
S01008431,639,156,10,146,203,108,60,30,33,30,12,7,5,7
S01008432,503,119,6,113,148,84,65,42,31,5,6,1,5,3
S01008433,662,96,27,69,185,110,80,67,52,68,2,1,1,2
S01008434,675,137,15,122,233,111,75,49,34,25,4,1,3,7
S01008435,605,136,30,106,158,83,76,68,41,25,0,0,0,18
S01008436,692,190,18,172,229,73,75,38,46,24,9,6,3,8
S01008437,536,177,24,153,133,66,66,20,46,9,5,1,4,14
S01008438,386,94,12,82,166,39,51,2,17,13,0,0,0,4
S01008439,940,385,97,288,345,50,66,37,27,16,4,0,4,10
S01008440,747,341,48,293,242,52,57,16,19,12,7,0,7,1
S01008441,372,163,46,117,114,19,41,8,17,9,1,0,1,0
S01008442,599,228,56,172,205,47,72,18,20,6,3,1,2,0
S01008443,448,170,18,152,136,28,50,13,18,22,5,0,5,6
S01008444,551,196,90,106,145,49,63,29,31,24,8,2,6,6
S01008445,645,132,30,102,300,94,40,13,20,20,14,14,0,12
S01008446,603,247,53,194,209,48,58,18,15,8,0,0,0,0
S01008447,538,187,49,138,178,44,80,14,17,14,4,4,0,0
S01008448,605,131,29,102,143,92,106,30,50,28,2,1,1,23
S01008449,744,42,11,31,96,45,72,73,155,136,96,58,38,29
S01008450,529,16,4,12,54,35,32,42,164,141,25,15,10,20
S01008451,675,25,3,22,32,68,43,59,154,145,115,77,38,34
S01008452,604,11,5,6,53,44,47,61,165,138,39,26,13,46
S01008453,491,34,0,34,71,46,50,52,96,59,50,28,22,33
S01008454,905,15,1,14,105,105,41,66,205,189,156,137,19,23
S01008455,879,36,2,34,91,85,50,102,177,141,108,71,37,89
S01008456,885,24,1,23,106,79,42,108,181,183,108,57,51,54
S01008457,481,10,1,9,64,56,17,37,120,116,47,39,8,14
S01008458,892,52,3,49,178,118,77,98,143,146,49,22,27,31
S01008459,683,17,2,15,64,60,24,90,163,142,86,47,39,37
S01008460,763,13,3,10,53,83,13,71,174,203,126,87,39,27
S01008461,862,12,0,12,81,109,41,85,185,207,107,72,35,35
S01008462,483,12,5,7,31,56,15,40,121,121,77,36,41,10
S01008463,613,30,4,26,64,60,37,67,120,137,70,38,32,28
S01008464,715,45,7,38,133,115,37,100,115,116,36,28,8,18
S01008465,625,28,5,23,83,105,53,67,122,90,41,30,11,36
S01008466,644,31,1,30,79,80,41,78,142,120,17,5,12,56
S01008467,660,19,3,16,85,70,84,109,143,97,29,13,16,24
S01008468,546,21,2,19,48,88,42,79,100,89,47,42,5,32
S01008469,503,35,4,31,107,47,50,47,71,76,5,3,2,65
S01008470,639,24,2,22,47,55,36,61,113,203,70,50,20,30
S01008471,804,37,4,33,95,73,45,52,239,173,72,47,25,18
S01008472,640,25,2,23,100,62,62,68,97,109,47,35,12,70
S01008473,615,32,6,26,83,89,35,58,151,113,34,23,11,20
S01008474,625,28,1,27,63,78,28,87,156,114,38,16,22,33
S01008475,482,16,8,8,84,67,20,47,121,78,19,13,6,30
S01008476,538,40,4,36,91,78,36,54,82,109,34,21,13,14
S01008477,603,24,8,16,110,97,33,83,97,122,23,14,9,14
S01008478,639,53,8,45,135,81,43,48,97,86,46,27,19,50
S01008479,595,34,2,32,100,68,35,54,130,108,42,23,19,24
S01008480,564,46,3,43,115,72,10,44,87,77,49,38,11,64
S01008481,815,70,11,59,129,90,73,82,173,163,21,10,11,14
S01008482,459,31,8,23,90,71,27,35,83,80,20,10,10,22
S01008483,470,25,1,24,77,65,58,36,80,74,16,10,6,39
S01008484,613,61,12,49,123,68,92,71,100,69,16,6,10,13
S01008485,873,64,25,39,286,163,89,59,72,73,19,10,9,48
S01008486,622,60,11,49,163,73,80,47,96,55,20,9,11,28
S01008487,696,156,23,133,179,93,55,54,62,36,5,2,3,56
S01008488,636,87,8,79,140,88,47,58,68,65,8,4,4,75
S01008489,514,50,5,45,93,97,41,34,55,90,21,10,11,33
S01008490,769,106,17,89,180,118,45,66,97,89,21,7,14,47
S01008491,824,142,9,133,144,101,37,33,114,78,17,16,1,158
S01008492,909,110,7,103,228,139,42,60,118,75,46,38,8,91
S01008493,637,61,7,54,120,102,49,32,111,65,24,13,11,73
S01008494,622,50,2,48,129,105,37,50,72,80,36,25,11,63
S01008495,849,108,2,106,202,120,30,59,76,59,33,18,15,162
S01008496,918,159,9,150,220,131,39,68,65,61,30,8,22,145
S01008497,752,126,8,118,184,110,21,48,98,64,18,8,10,83
S01008498,721,116,8,108,162,89,26,81,95,44,27,16,11,81
S01008499,961,156,10,146,183,117,55,66,91,68,35,17,18,190
S01008500,396,44,1,43,59,67,23,21,47,47,33,23,10,55
S01008501,598,164,7,157,162,44,12,27,32,31,12,8,4,114
S01008502,624,107,6,101,165,103,16,24,55,15,18,15,3,121
S01008503,790,191,6,185,261,84,29,52,58,26,5,2,3,84
S01008504,1018,320,34,286,354,93,48,33,42,19,13,7,6,96
S01008505,649,205,29,176,238,44,39,25,27,20,12,1,11,39
S01008506,596,192,29,163,211,42,21,11,53,24,4,2,2,38
S01008507,714,201,12,189,261,73,29,30,36,15,4,4,0,65
S01008508,707,270,25,245,239,41,85,13,28,17,2,0,2,12
S01008509,769,268,45,223,265,83,46,29,36,6,5,3,2,31
S01008510,717,195,36,159,267,48,78,35,28,17,9,9,0,40
S01008511,703,292,42,250,193,40,102,19,25,20,2,0,2,10
S01008512,398,173,42,131,130,24,29,24,6,8,0,0,0,4
S01008513,534,239,54,185,135,43,62,8,29,9,2,2,0,7
S01008514,691,320,31,289,223,36,49,15,15,9,10,7,3,14
S01008515,670,270,38,232,222,48,58,18,27,15,3,0,3,9
S01008516,806,187,14,173,235,80,34,39,58,32,12,1,11,129
S01008517,713,176,17,159,230,76,25,19,22,13,8,6,2,144
S01008518,798,351,39,312,272,40,32,11,29,8,1,1,0,54
S01008519,680,357,38,319,209,26,51,6,22,3,0,0,0,6
S01008520,825,322,54,268,278,51,106,27,18,5,6,1,5,12
S01008521,749,380,51,329,221,53,58,16,18,2,1,1,0,0
S01008522,441,200,35,165,147,26,42,5,5,0,9,5,4,7
S01008523,841,361,98,263,327,46,49,15,22,6,4,2,2,11
S01008524,748,36,11,25,134,111,57,71,141,99,55,32,23,44
S01008525,600,24,2,22,123,64,35,65,144,90,36,16,20,19
S01008526,662,72,6,66,147,114,62,54,86,86,23,11,12,18
S01008527,640,63,15,48,174,93,43,70,100,73,9,4,5,15
S01008528,628,73,9,64,161,98,66,59,98,50,23,3,20,0
S01008529,577,60,19,41,128,90,41,66,105,63,9,4,5,15
S01008530,622,17,2,15,102,83,41,73,163,91,40,23,17,12
S01008531,603,48,11,37,91,106,42,54,110,101,47,39,8,4
S01008532,347,25,3,22,57,61,34,35,50,46,29,13,16,10
S01008533,516,46,6,40,245,153,21,13,14,13,11,10,1,0
S01008534,658,121,22,99,241,133,58,26,36,24,5,4,1,14
S01008535,580,173,32,141,200,53,63,12,27,44,5,1,4,3
S01008536,403,133,11,122,115,54,54,14,24,7,1,0,1,1
S01008537,520,170,27,143,199,42,51,23,21,11,1,0,1,2
S01008538,377,142,22,120,144,28,46,5,9,0,1,1,0,2
S01008539,671,252,39,213,220,57,65,21,25,24,2,0,2,5
S01008540,629,220,30,190,213,52,86,22,14,9,3,0,3,10
S01008541,748,201,27,174,286,110,55,17,37,25,5,2,3,12
S01008542,820,270,50,220,312,111,59,12,27,14,6,5,1,9
S01008543,675,196,28,168,231,59,94,54,14,24,0,0,0,3
S01008544,627,271,36,235,206,25,45,37,23,12,5,1,4,3
S01008545,751,286,48,238,259,58,88,20,19,8,12,9,3,1
S01008546,626,270,60,210,224,35,68,9,15,2,3,3,0,0
S01008547,926,131,17,114,253,128,122,90,101,67,16,13,3,18
S01008548,790,97,20,77,221,101,99,69,77,81,22,8,14,23
S01008549,778,92,18,74,219,104,108,82,90,46,24,16,8,13
S01008550,696,157,25,132,248,75,81,27,64,20,21,19,2,3
S01008551,759,138,19,119,203,117,129,38,71,40,9,6,3,14
S01008552,697,132,17,115,209,86,83,42,81,48,15,7,8,1
S01008553,405,64,8,56,87,56,49,20,56,46,19,16,3,8
S01008554,1004,85,12,73,88,68,89,84,189,225,165,115,50,11
S01008555,915,44,10,34,161,97,52,68,173,180,112,73,39,28
S01008556,656,19,5,14,95,66,41,64,110,143,99,68,31,19
S01008557,749,28,6,22,113,70,41,75,189,153,69,55,14,11
S01008558,744,44,10,34,109,77,63,90,153,125,59,42,17,24
S01008559,597,29,3,26,106,54,53,47,123,134,30,23,7,21
S01008560,577,21,4,17,110,52,48,58,105,116,51,44,7,16
S01008561,581,49,13,36,118,57,49,53,120,104,27,21,6,4
S01008562,557,29,4,25,71,74,34,42,130,112,50,27,23,15
S01008563,700,44,3,41,116,63,40,89,166,128,48,22,26,6
S01008564,438,23,4,19,69,64,45,66,80,74,9,4,5,8
S01008565,780,22,3,19,89,112,77,81,145,153,63,32,31,38
S01008566,915,39,10,29,153,84,79,110,188,183,73,53,20,6
S01008567,649,59,7,52,113,72,39,64,122,114,33,29,4,33
S01008568,711,69,7,62,180,98,88,52,124,62,28,19,9,10
S01008569,599,30,0,30,54,36,44,58,105,136,100,62,38,36
S01008570,868,39,4,35,104,66,97,89,173,188,82,48,34,30
S01008571,518,36,6,30,74,61,66,39,105,91,31,22,9,15
S01008572,671,68,10,58,132,58,82,59,105,109,26,20,6,32
S01008573,747,162,23,139,170,117,111,59,39,56,13,12,1,20
S01008574,682,163,26,137,181,83,95,62,46,33,5,2,3,14
S01008575,695,183,28,155,209,74,107,33,50,17,8,6,2,14
S01008576,656,117,7,110,157,74,105,32,75,52,8,5,3,36
S01008577,606,157,17,140,191,58,100,23,40,18,8,4,4,11
S01008578,596,270,52,218,176,35,71,2,16,0,3,3,0,23
S01008579,457,138,24,114,161,40,51,25,12,17,11,6,5,2
S01008580,445,109,12,97,85,71,38,29,45,32,11,1,10,25
S01008581,707,58,7,51,151,82,60,66,138,102,25,10,15,25
S01008582,862,105,9,96,167,111,94,67,94,153,43,23,20,28
S01008583,577,87,8,79,91,60,54,49,87,65,19,13,6,65
S01008584,722,99,12,87,110,68,52,47,122,102,30,17,13,92
S01008585,516,42,3,39,111,58,28,61,95,75,29,26,3,17
S01008586,658,51,2,49,129,65,55,71,86,110,64,42,22,27
S01008587,604,209,28,181,153,48,64,35,30,11,23,22,1,31
S01008588,637,241,13,228,180,47,37,20,26,21,2,2,0,63
S01008589,293,94,10,84,87,44,25,6,20,2,7,7,0,8
S01008590,553,163,23,140,186,47,21,13,27,13,9,6,3,74
S01008591,705,227,12,215,212,37,55,21,47,16,13,8,5,77
S01008592,637,131,13,118,161,31,63,47,55,55,14,8,6,80
S01008593,615,287,43,244,184,27,81,9,5,4,0,0,0,18
S01008594,797,374,39,335,175,51,62,4,31,13,11,9,2,76
S01008595,632,89,13,76,142,64,27,52,81,88,42,34,8,47
S01008596,704,84,2,82,123,96,35,49,92,77,48,37,11,100
S01008597,683,156,29,127,198,98,87,35,56,36,3,0,3,14
S01008598,725,110,3,107,150,57,16,17,56,17,17,10,7,285
S01008599,789,264,40,224,205,27,40,32,31,8,3,3,0,179
S01008600,697,197,25,172,135,36,70,28,25,19,14,7,7,173
S01008601,694,97,10,87,102,30,22,23,56,26,9,9,0,329
S01008602,509,97,11,86,93,32,35,19,29,25,22,15,7,157
S01008603,1063,169,9,160,178,73,43,32,62,33,35,16,19,438
S01008604,778,243,29,214,176,36,61,23,29,14,1,1,0,195
S01008605,658,216,32,184,127,56,26,17,28,14,3,3,0,171
S01008606,665,273,39,234,190,36,51,24,26,14,0,0,0,51
S01008607,455,277,48,229,115,10,20,3,11,6,6,4,2,7
S01008608,531,226,5,221,171,24,36,15,12,7,0,0,0,40
S01008609,696,256,28,228,225,37,83,15,33,3,7,2,5,37
S01008610,616,197,23,174,177,32,52,26,11,11,1,1,0,109
S01008611,1023,230,8,222,199,92,40,32,42,29,13,8,5,346
S01008612,748,146,5,141,121,49,28,28,50,18,16,11,5,292
S01008613,695,220,19,201,152,31,10,15,33,19,20,15,5,195
S01008614,625,146,16,130,77,23,26,10,18,18,7,4,3,300
S01008615,804,188,8,180,135,33,33,16,19,18,6,6,0,356
S01008616,710,123,1,122,126,15,32,5,34,12,9,3,6,354
S01008617,788,121,11,110,123,21,45,17,16,11,1,1,0,433
S01008618,714,130,20,110,79,22,24,14,41,4,9,3,6,391
S01008619,492,93,4,89,109,18,30,10,31,1,7,6,1,193
S01008620,784,143,10,133,129,24,15,31,25,27,4,1,3,386
S01008621,733,131,6,125,95,30,41,8,28,15,12,5,7,373
S01008622,483,137,10,127,104,32,24,13,6,15,1,0,1,151
S01008623,760,218,23,195,151,28,51,4,20,22,2,1,1,264
S01008624,459,190,24,166,133,24,72,13,4,8,1,0,1,14
S01008625,457,264,57,207,115,13,37,0,4,6,9,3,6,9
S01008626,795,349,40,309,233,53,61,29,19,5,7,7,0,39
S01008627,608,248,42,206,241,18,47,12,12,11,4,4,0,15
S01008628,514,166,10,156,164,36,36,6,27,11,4,4,0,64
S01008629,489,140,16,124,157,54,15,8,28,20,9,3,6,58
S01008630,480,90,13,77,131,34,29,4,29,17,14,7,7,132
S01008631,724,214,13,201,203,64,35,23,45,28,20,6,14,92
S01008632,624,166,16,150,251,40,35,18,44,10,7,1,6,53
S01008633,675,291,74,217,187,43,55,5,16,7,12,9,3,59
S01008634,638,235,38,197,158,24,77,10,17,12,2,2,0,103
S01008635,744,267,15,252,186,40,69,22,11,13,9,7,2,127
S01008636,733,226,34,192,194,45,49,16,27,15,5,3,2,156
S01008637,573,204,28,176,154,51,47,15,16,9,0,0,0,77
S01008638,659,139,11,128,152,45,52,28,37,28,13,8,5,165
S01008639,811,247,15,232,220,72,45,40,46,20,6,5,1,115
S01008640,748,236,8,228,160,43,37,13,46,19,7,3,4,187
S01008641,794,166,14,152,185,58,26,26,43,17,4,4,0,269
S01008642,870,273,16,257,247,59,36,14,42,29,2,0,2,168
S01008643,670,203,17,186,231,40,40,32,24,7,7,5,2,86
S01008644,685,130,18,112,199,59,27,21,38,17,21,13,8,173
S01008645,755,139,25,114,197,60,31,38,54,37,4,1,3,195
S01008646,742,184,19,165,206,67,39,31,69,24,11,4,7,111
S01008647,563,154,13,141,142,39,31,28,45,25,5,0,5,94
S01008648,564,116,10,106,109,67,24,48,45,37,10,6,4,108
S01008649,794,146,15,131,224,105,11,52,78,60,7,2,5,111
S01008650,699,168,15,153,157,90,20,45,71,29,7,7,0,112
S01008651,652,137,10,127,132,64,31,33,59,51,41,32,9,104
S01008652,538,86,4,82,91,64,22,38,98,50,24,13,11,65
S01008653,641,99,1,98,135,52,11,56,86,57,25,12,13,120
S01008654,900,159,13,146,218,94,36,37,85,67,29,14,15,175
S01008655,760,171,9,162,174,97,35,36,39,32,15,14,1,161
S01008656,606,66,2,64,136,67,25,33,94,53,30,16,14,102
S01008657,619,96,15,81,152,74,32,37,46,42,44,37,7,96
S01008658,816,141,14,127,161,88,32,60,79,61,44,20,24,150
S01008659,782,87,8,79,127,52,27,72,75,54,17,10,7,271
S01008660,906,197,19,178,168,60,32,38,48,37,54,31,23,272
S01008661,689,81,5,76,114,97,41,54,75,48,25,8,17,154
S01008662,501,78,1,77,78,28,10,31,43,20,18,11,7,195
S01008663,758,76,3,73,145,70,44,28,45,54,20,7,13,276
S01008664,670,154,9,145,126,51,29,24,52,42,19,9,10,173
S01008665,899,162,14,148,220,71,51,63,75,67,34,20,14,156
S01008666,728,138,5,133,147,39,29,35,45,6,10,5,5,279
S01008667,674,125,17,108,132,49,36,28,42,38,17,8,9,207
S01008668,531,86,2,84,85,51,18,15,35,8,13,12,1,220
S01008669,565,24,0,24,56,24,20,10,55,8,12,12,0,356
S01008670,716,48,4,44,91,43,26,18,37,10,10,8,2,433
S01008671,714,71,1,70,75,39,18,19,29,20,8,6,2,435
S01008672,627,112,12,100,73,42,19,12,44,31,5,5,0,289
S01008673,1016,144,14,130,165,55,46,17,75,36,23,14,9,455
S01008674,751,78,0,78,129,47,29,14,54,42,19,9,10,339
S01008675,647,98,22,76,147,47,27,30,63,40,23,10,13,172
S01008676,654,112,7,105,184,58,47,29,41,17,12,9,3,154
S01008677,691,89,5,84,146,50,46,30,46,28,9,7,2,247
S01008678,704,76,16,60,86,45,31,19,41,30,25,18,7,351
S01008679,789,65,8,57,127,40,38,36,74,53,31,20,11,325
S01008680,572,59,6,53,72,50,14,22,46,47,28,15,13,234
S01008681,866,95,7,88,87,47,34,36,55,56,28,18,10,428
S01008682,728,121,11,110,124,44,35,36,83,47,24,16,8,214
S01008683,981,66,6,60,139,69,40,73,150,124,103,60,43,217
S01008684,844,92,11,81,143,64,48,49,134,108,73,42,31,133
S01008685,689,91,5,86,131,79,45,43,82,46,30,11,19,142
S01008686,773,71,7,64,139,81,54,76,128,89,45,34,11,90
S01008687,612,108,18,90,157,74,29,26,59,53,16,9,7,90
S01008688,776,147,22,125,222,88,49,51,77,46,30,19,11,66
S01008689,761,101,15,86,240,85,41,70,81,66,16,8,8,61
S01008690,908,166,13,153,261,123,68,69,91,40,20,9,11,70
S01008691,985,135,27,108,306,145,58,90,104,54,29,12,17,64
S01008692,576,68,10,58,159,80,30,57,67,42,21,10,11,52
S01008693,364,31,1,30,86,43,73,50,41,27,8,1,7,5
S01008694,921,143,14,129,273,149,39,68,119,58,18,7,11,54
S01008695,643,127,11,116,243,87,51,21,48,19,22,10,12,25
S01008696,582,114,18,96,245,61,61,37,16,32,10,4,6,6
S01008697,839,213,28,185,247,98,108,53,54,42,9,5,4,15
S01008698,390,60,9,51,105,58,71,32,52,8,0,0,0,4
S01008699,695,79,18,61,136,107,76,46,110,73,51,33,18,17
S01008700,438,124,44,80,131,51,56,17,14,19,10,9,1,16
S01008701,375,22,0,22,28,42,19,12,109,73,55,21,34,15
S01008702,559,63,10,53,95,77,34,38,87,48,50,26,24,67
S01008703,892,53,0,53,82,61,92,66,155,217,123,88,35,43
S01008704,629,33,13,20,97,72,45,66,138,110,48,31,17,20
S01008705,419,13,0,13,52,30,30,54,72,116,40,27,13,12
S01008706,535,25,3,22,67,60,24,25,133,108,56,29,27,37
S01008707,808,15,1,14,64,100,69,68,194,171,96,78,18,31
S01008708,811,25,0,25,70,74,40,87,190,168,105,64,41,52
S01008709,699,20,0,20,68,54,70,97,170,139,66,42,24,15
S01008710,467,20,0,20,56,35,29,58,113,78,44,17,27,34
S01008711,580,9,0,9,86,37,31,78,127,143,52,37,15,17
S01008712,828,46,5,41,53,62,59,121,182,185,75,50,25,45
S01008713,579,12,3,9,37,65,38,57,169,100,82,47,35,19
S01008714,432,38,4,34,65,51,39,28,83,75,47,32,15,6
S01008715,580,33,8,25,94,69,38,66,102,142,27,21,6,9
S01008716,396,15,11,4,69,44,62,30,57,92,17,14,3,10
S01008717,411,12,0,12,67,70,54,27,103,53,16,6,10,9
S01008718,436,43,10,33,68,77,63,33,78,56,7,5,2,11
S01008719,911,48,5,43,129,121,179,96,162,108,51,40,11,17
S01008720,420,37,1,36,47,57,56,38,76,52,27,18,9,30
S01008721,747,123,16,107,202,105,116,89,42,54,8,0,8,8
S01008722,759,166,52,114,202,92,146,43,49,44,6,4,2,11
S01008723,527,121,20,101,134,94,81,45,27,22,3,3,0,0
S01008724,730,177,21,156,270,53,106,54,37,14,10,7,3,9
S01008725,622,150,19,131,204,60,74,28,39,40,18,9,9,9
S01008726,490,167,28,139,197,36,44,12,14,17,0,0,0,3
S01008727,881,265,44,221,293,69,82,45,49,27,17,14,3,34
S01008728,481,64,5,59,117,46,45,36,83,40,44,32,12,6
S01008729,654,212,41,171,217,32,87,18,43,31,8,7,1,6
S01008730,745,145,23,122,236,86,80,41,54,41,48,23,25,14
S01008731,295,31,9,22,82,35,26,28,54,22,13,5,8,4
S01008732,523,33,7,26,116,80,63,41,86,49,43,21,22,12
S01008733,685,105,14,91,161,118,43,48,95,91,9,1,8,15
S01008734,461,93,9,84,170,47,48,15,35,19,25,14,11,9
S01008735,786,186,36,150,280,55,117,44,75,20,9,5,4,0
S01008736,550,94,30,64,171,33,103,54,45,27,11,8,3,12
S01008737,590,108,22,86,191,74,84,38,42,36,9,5,4,8
S01008738,561,149,27,122,144,66,102,42,24,26,8,8,0,0
S01008739,457,55,13,42,102,75,74,42,56,45,6,0,6,2
S01008740,424,37,8,29,129,69,57,43,44,29,11,7,4,5
S01008741,722,100,26,74,181,100,103,76,92,47,18,8,10,5
S01008742,311,38,3,35,89,49,52,8,40,22,9,8,1,4
S01008743,747,55,5,50,178,83,57,70,121,116,37,24,13,30
S01008744,824,120,15,105,162,115,70,52,144,125,25,8,17,11
S01008745,372,87,6,81,100,59,23,16,42,22,11,8,3,12
S01008746,926,63,9,54,160,115,64,76,153,168,78,54,24,49
S01008747,380,67,10,57,133,39,50,32,29,17,4,4,0,9
S01008748,468,106,7,99,139,59,55,35,36,33,1,1,0,4
S01008749,752,103,13,90,230,69,146,60,63,59,20,17,3,2
S01008750,494,102,20,82,128,63,89,27,47,22,12,0,12,4
S01008751,484,50,10,40,103,86,55,40,50,61,30,10,20,9
S01008752,639,15,3,12,103,116,29,57,134,101,66,41,25,18
S01008753,433,15,0,15,86,63,32,37,82,80,27,7,20,11
S01008754,509,41,2,39,109,82,46,46,75,82,13,9,4,15
S01008755,822,42,6,36,149,115,58,98,138,128,65,34,31,29
S01008756,582,30,3,27,94,73,37,61,133,90,31,12,19,33
S01008757,510,12,1,11,41,64,49,37,120,123,60,33,27,4
S01008758,658,26,8,18,84,80,74,63,125,142,44,30,14,20
S01008759,463,23,3,20,66,67,40,37,113,70,37,27,10,10
S01008760,822,42,12,30,99,87,53,78,183,187,77,48,29,16
S01008761,666,61,4,57,160,73,71,61,77,105,25,16,9,33
S01008762,476,69,10,59,145,65,47,39,40,53,11,10,1,7
S01008763,813,161,19,142,283,111,82,31,68,62,12,2,10,3
S01008764,628,150,28,122,223,63,62,29,46,38,7,4,3,10
S01008765,761,163,21,142,241,78,89,49,70,44,14,10,4,13
S01008766,846,156,40,116,234,117,149,60,68,38,14,14,0,10
S01008767,456,49,12,37,136,85,49,33,37,53,3,0,3,11
S01008768,434,48,8,40,127,53,48,38,53,48,9,6,3,10
S01008769,641,172,21,151,228,81,34,36,28,16,18,8,10,28
S01008770,838,213,42,171,198,82,89,46,60,57,28,17,11,65
S01008771,721,169,17,152,194,66,59,38,112,28,19,15,4,36
S01008772,624,160,16,144,210,72,48,36,29,50,2,1,1,17
S01008773,889,147,26,121,247,124,65,67,120,80,24,9,15,15
S01008774,827,74,8,66,185,106,68,78,90,128,63,29,34,35
S01008775,420,72,7,65,121,47,54,44,34,28,11,7,4,9
S01008776,745,76,5,71,176,102,39,51,123,90,55,39,16,33
S01008777,838,85,7,78,171,72,52,104,165,115,50,24,26,24
S01008778,1051,195,14,181,326,115,68,68,127,63,49,26,23,40
S01008779,687,167,29,138,242,71,53,45,43,24,8,0,8,34
S01008780,570,97,6,91,187,58,51,32,53,49,11,10,1,32
S01008781,868,131,16,115,211,83,44,96,120,99,43,22,21,41
S01008782,722,151,11,140,208,89,43,44,82,54,14,7,7,37
S01008783,410,81,8,73,135,43,19,26,45,31,20,15,5,10
S01008784,428,74,14,60,125,45,33,38,66,22,15,11,4,10
S01008785,744,61,9,52,122,70,51,78,125,105,80,63,17,52
S01008786,838,139,22,117,268,88,39,90,56,72,49,31,18,37
S01008787,338,11,0,11,23,28,16,25,74,81,58,40,18,22
S01008788,657,127,19,108,206,70,22,72,71,47,9,6,3,33
S01008789,478,51,5,46,96,76,45,57,54,76,10,8,2,13
S01008790,572,62,7,55,124,64,48,39,68,72,49,33,16,46
S01008791,834,119,9,110,153,94,77,97,89,110,41,24,17,54
S01008792,703,112,19,93,193,90,48,50,95,62,36,28,8,17
S01008793,355,24,1,23,75,44,29,38,52,43,24,16,8,26
S01008794,651,76,5,71,151,92,42,54,119,77,23,5,18,17
S01008795,1047,141,15,126,249,123,85,85,138,118,33,22,11,75
S01008796,1004,73,5,68,220,120,74,81,162,126,85,60,25,63
S01008797,835,90,5,85,240,98,45,54,139,69,25,17,8,75
S01008798,686,78,7,71,169,84,32,72,116,58,30,10,20,47
S01008799,638,54,0,54,123,66,48,75,97,65,51,32,19,59
S01008800,997,115,13,102,299,91,79,98,123,112,15,6,9,65
S01008801,891,116,9,107,218,107,47,120,99,87,27,13,14,70
S01008802,892,102,8,94,203,85,58,86,133,102,33,15,18,90
S01008803,874,104,16,88,186,117,61,76,138,95,46,27,19,51
S01008804,507,48,12,36,108,68,23,52,51,63,27,22,5,67
S01008805,581,100,3,97,116,79,25,41,64,23,14,4,10,119
S01008806,983,182,19,163,289,103,70,79,75,58,23,12,11,104
S01008807,729,110,14,96,211,95,42,72,72,62,12,6,6,53
S01008808,579,152,5,147,152,44,70,31,50,35,14,8,6,31
S01008809,562,143,33,110,140,28,79,16,41,15,23,8,15,77
S01008810,692,162,17,145,224,61,34,39,33,55,13,8,5,71
S01008811,777,155,25,130,217,61,48,50,46,60,16,7,9,124
S01008812,438,104,4,100,123,31,23,20,41,28,1,0,1,67
S01008813,875,93,9,84,221,95,81,83,140,65,57,39,18,40
S01008814,766,122,13,109,183,98,76,79,79,50,16,7,9,63
S01008815,860,102,12,90,252,103,39,64,84,109,45,26,19,62
S01008816,450,84,10,74,125,64,21,27,45,36,31,25,6,17
S01008817,721,109,12,97,154,88,39,83,99,83,46,28,18,20
S01008818,726,131,6,125,220,84,75,63,67,42,26,23,3,18
S01008819,633,152,14,138,238,57,47,24,41,42,7,4,3,25
S01008820,1008,114,9,105,314,123,56,61,136,103,63,27,36,38
S01008821,653,210,31,179,223,41,58,32,41,28,17,8,9,3
S01008822,625,219,37,182,229,30,70,13,42,8,6,1,5,8
S01008823,511,192,43,149,170,28,72,10,15,12,6,3,3,6
S01008824,791,245,40,205,294,79,42,35,58,21,15,8,7,2
S01008825,508,185,35,150,156,56,48,19,20,21,1,1,0,2
S01008826,571,135,20,115,148,61,55,49,57,33,19,12,7,14
S01008827,587,294,38,256,190,21,49,19,6,1,4,1,3,3
S01008828,719,198,31,167,262,70,67,33,44,15,15,8,7,15
S01008829,577,151,25,126,147,40,59,35,43,53,16,16,0,33
S01008830,549,210,33,177,205,46,42,6,14,4,3,0,3,19
S01008831,562,193,25,168,157,60,95,15,15,7,5,1,4,15
S01008832,523,171,43,128,145,35,89,22,26,14,5,2,3,16
S01008833,761,315,39,276,231,46,32,30,31,24,9,9,0,43
S01008834,874,266,47,219,282,92,118,38,26,36,6,1,5,10
S01008835,639,164,46,118,204,86,40,58,41,30,4,4,0,12
S01008836,588,96,13,83,162,65,36,57,63,53,15,14,1,41
S01008837,956,274,36,238,279,122,58,43,58,60,26,16,10,36
S01008838,897,204,23,181,300,114,49,68,69,41,9,5,4,43
S01008839,923,253,27,226,278,121,71,40,52,52,5,4,1,51
S01008840,965,260,31,229,310,96,56,47,50,37,13,8,5,96
S01008841,515,102,7,95,142,67,62,25,55,24,7,7,0,31
S01008842,844,170,17,153,208,86,68,43,92,54,32,26,6,91
S01008843,828,228,20,208,233,76,72,45,76,23,12,9,3,63
S01008844,658,165,12,153,206,58,43,21,61,30,14,1,13,60
S01008845,804,212,21,191,213,40,37,21,43,23,8,3,5,207
S01008846,741,179,16,163,193,63,87,35,21,27,4,1,3,132
S01008847,533,164,25,139,129,31,38,18,24,10,0,0,0,119
S01008848,707,206,38,168,209,50,48,7,22,20,17,10,7,128
S01008849,641,195,23,172,194,31,49,15,35,18,2,2,0,102
S01008850,720,272,43,229,205,34,35,10,11,4,7,4,3,142
S01008851,849,255,36,219,276,59,66,31,45,37,13,2,11,67
S01008852,823,316,67,249,268,30,59,11,26,10,4,3,1,99
S01008853,649,224,24,200,161,50,40,34,22,9,16,7,9,93
S01008854,830,263,50,213,244,40,58,13,16,11,10,6,4,175
S01008855,980,330,45,285,354,62,62,26,40,6,14,8,6,86
S01008856,529,147,18,129,185,45,28,15,38,21,10,4,6,40
S01008857,690,235,25,210,217,53,44,31,50,16,9,2,7,35
S01008858,470,152,23,129,193,31,39,10,14,11,4,0,4,16
S01008859,913,280,39,241,312,85,81,46,40,17,9,3,6,43
S01008860,782,219,10,209,248,85,59,28,53,22,11,5,6,57
S01008861,642,251,33,218,245,16,81,4,11,3,6,0,6,25
S01008862,795,283,39,244,229,82,63,34,26,22,10,6,4,46
S01008863,640,217,39,178,244,61,40,11,31,19,1,1,0,16
S01008864,588,217,15,202,244,41,24,16,21,13,1,0,1,11
S01008865,725,265,19,246,214,79,25,22,74,16,2,1,1,28
S01008866,717,295,36,259,248,60,50,10,27,15,4,0,4,8
S01008867,666,295,52,243,248,36,56,10,9,3,1,0,1,8
S01008868,688,198,32,166,208,44,39,43,30,13,7,2,5,106
S01008869,826,282,22,260,268,72,64,28,24,16,9,0,9,63
S01008870,648,251,48,203,216,37,52,22,25,7,12,5,7,26
S01008871,937,298,56,242,304,51,53,19,41,19,11,6,5,141
S01008872,782,239,30,209,206,49,58,19,35,18,8,8,0,150
S01008873,592,213,51,162,210,48,60,2,16,19,5,1,4,19
S01008874,708,239,29,210,224,55,40,30,35,24,8,4,4,53
S01008875,687,151,25,126,201,80,45,76,60,22,5,2,3,47
S01008876,423,133,20,113,127,57,44,21,25,7,4,2,2,5
S01008877,453,155,27,128,143,50,45,18,22,12,3,0,3,5
S01008878,674,136,24,112,132,115,98,36,65,60,14,9,5,18
S01008879,657,143,17,126,161,92,60,26,66,71,29,11,18,9
S01008880,501,130,21,109,183,60,36,35,22,18,6,3,3,11
S01008881,365,141,37,104,113,28,41,6,7,6,16,9,7,7
S01008882,846,402,78,324,302,52,54,23,12,0,1,1,0,0
S01008883,670,332,81,251,196,35,68,8,10,6,6,4,2,9
S01008884,477,207,26,181,184,23,32,3,6,1,6,5,1,15
S01008885,732,355,59,296,209,43,82,9,22,4,7,5,2,1
S01008886,655,216,18,198,205,70,43,27,31,11,11,2,9,41
S01008887,607,176,20,156,214,50,54,29,36,29,4,4,0,15
S01008888,512,174,24,150,164,75,22,10,11,11,9,3,6,36
S01008889,437,100,22,78,136,43,68,27,22,23,11,6,5,7
S01008890,541,130,12,118,191,60,66,37,23,24,8,0,8,2
S01008891,579,172,40,132,194,73,76,24,22,13,1,0,1,4
S01008892,718,227,51,176,234,73,37,44,53,22,12,4,8,16
S01008893,720,276,30,246,271,45,75,8,16,11,7,4,3,11
S01008894,696,251,41,210,276,37,80,9,18,6,10,7,3,9
S01008895,560,214,35,179,194,33,70,21,14,7,1,1,0,6
S01008896,493,208,61,147,173,33,26,14,24,5,5,5,0,5
S01008897,523,215,19,196,117,57,57,22,30,4,14,13,1,7
S01008898,684,277,61,216,205,49,85,30,17,10,7,7,0,4
S01008899,694,30,3,27,76,67,60,75,153,163,45,23,22,25
S01008900,791,67,10,57,152,99,46,98,142,151,32,22,10,4
S01008901,686,52,12,40,124,72,69,63,105,137,39,17,22,25
S01008902,867,57,16,41,154,114,68,89,163,146,50,36,14,26
S01008903,737,31,9,22,152,88,64,106,150,115,28,24,4,3
S01008904,982,31,5,26,105,81,43,107,254,204,87,73,14,70
S01008905,1014,22,1,21,120,91,47,70,250,258,100,61,39,56
S01008906,776,18,5,13,87,83,59,77,195,148,73,38,35,36
S01008907,633,9,0,9,42,37,48,62,164,151,85,74,11,35
S01008908,818,75,9,66,112,88,61,97,109,156,85,67,18,35
S01008909,698,51,13,38,108,82,70,90,125,141,28,6,22,3
S01008910,420,44,7,37,76,40,41,46,50,89,20,20,0,14
S01008911,832,185,17,168,204,107,92,44,65,60,26,9,17,49
S01008912,670,148,21,127,192,85,83,52,49,48,11,6,5,2
S01008913,637,130,12,118,155,60,66,51,53,74,19,13,6,29
S01008914,667,78,14,64,132,105,75,55,77,124,14,11,3,7
S01008915,460,102,20,82,154,41,81,21,26,21,7,0,7,7
S01008916,834,31,6,25,132,118,53,63,204,166,53,24,29,14
S01008917,603,19,3,16,71,87,47,72,128,121,46,28,18,12
S01008918,559,4,0,4,34,34,38,65,147,143,72,46,26,22
S01008919,513,21,0,21,47,49,25,67,70,121,89,57,32,24
S01008920,1033,206,21,185,305,139,73,56,90,61,31,21,10,72
S01008921,660,18,1,17,68,56,37,94,171,132,74,29,45,10
S01008922,655,30,10,20,113,80,58,72,142,97,49,27,22,14
S01008923,621,27,3,24,67,84,62,58,113,152,43,17,26,15
S01008924,916,31,15,16,78,104,58,116,237,189,73,38,35,30
S01008925,661,20,4,16,88,105,52,73,137,109,53,28,25,24
S01008926,558,44,4,40,106,98,52,47,72,109,24,15,9,6
S01008927,778,72,11,61,177,157,58,62,92,112,16,8,8,32
S01008928,471,59,11,48,91,50,47,50,61,70,16,4,12,27
S01008929,711,11,5,6,62,32,25,61,162,190,138,80,58,30
S01008930,815,11,0,11,81,72,42,85,157,253,98,48,50,16
S01008931,680,4,0,4,119,48,27,60,163,181,73,47,26,5
S01008932,823,75,5,70,173,102,88,85,131,98,34,19,15,37
S01008933,648,27,5,22,77,65,29,64,134,134,102,61,41,16
S01008934,722,84,16,68,119,59,64,58,123,132,63,46,17,20
S01008935,682,123,23,100,180,147,60,60,49,48,9,3,6,6
S01008936,318,114,25,89,111,9,38,25,11,6,0,0,0,4
S01008937,639,127,21,106,181,91,68,51,51,49,11,6,5,10
S01008938,586,151,14,137,176,45,100,37,29,32,12,3,9,4
S01008939,580,102,21,81,167,100,90,36,47,21,14,1,13,3
S01008940,454,147,18,129,192,32,48,10,5,16,1,0,1,3
S01008941,691,257,58,199,265,47,67,5,18,20,3,0,3,9
S01008942,596,189,32,157,181,79,58,36,28,12,11,5,6,2
S01008943,609,233,56,177,207,51,81,7,11,5,11,5,6,3
S01008944,756,269,59,210,244,55,104,20,28,20,1,0,1,15
S01008945,637,216,33,183,228,49,98,14,12,8,7,4,3,5
S01008946,668,246,46,200,210,44,89,16,33,15,15,2,13,0
S01008947,761,323,62,261,191,80,85,33,23,19,4,0,4,3
S01008948,599,180,33,147,180,64,66,41,28,32,3,0,3,5
S01008949,738,75,25,50,174,101,86,57,110,128,4,3,1,3
S01008950,730,95,16,79,162,98,95,59,100,88,19,14,5,14
S01008951,658,52,14,38,119,115,45,75,108,97,32,28,4,15
S01008952,696,38,9,29,79,93,56,58,168,138,50,31,19,16
S01008953,707,59,11,48,161,97,83,54,106,101,26,12,14,20
S01008954,616,70,15,55,133,72,71,49,96,75,38,21,17,12
S01008955,539,129,37,92,143,86,74,35,48,23,0,0,0,1
S01008956,794,141,35,106,200,151,69,66,87,64,3,1,2,13
S01008957,849,141,44,97,204,100,71,72,133,71,32,16,16,25
S01008958,576,68,8,60,175,86,46,41,57,57,33,31,2,13
S01008959,725,97,8,89,164,146,69,55,84,91,13,13,0,6
S01008960,886,306,73,233,320,57,98,30,51,9,9,8,1,6
S01008961,613,103,17,86,205,81,59,38,68,32,17,13,4,10
S01008962,511,98,16,82,167,84,57,19,37,34,6,2,4,9
S01008963,587,136,26,110,215,65,54,46,39,25,3,2,1,4
S01008964,381,136,34,102,106,38,33,29,29,6,4,2,2,0
S01008965,519,153,22,131,182,35,90,24,23,5,4,4,0,3
S01008966,462,103,24,79,103,84,62,36,25,26,10,10,0,13
S01008967,792,226,23,203,265,82,108,28,42,27,12,11,1,2
S01008968,779,250,52,198,257,85,99,35,33,14,2,0,2,4
S01008969,838,198,27,171,240,135,76,58,76,35,14,11,3,6
S01008970,830,236,25,211,353,75,70,19,46,21,8,7,1,2
S01008971,585,217,22,195,217,42,52,28,19,9,1,0,1,0
S01008972,618,282,49,233,192,52,50,18,16,3,2,0,2,3
S01008973,566,157,29,128,183,82,58,17,35,27,5,0,5,2
S01008974,620,125,31,94,195,80,27,36,70,46,26,20,6,15
S01008975,428,95,4,91,88,69,33,19,58,31,10,2,8,25
S01008976,419,150,19,131,113,50,54,7,16,10,1,0,1,18
S01008977,479,116,26,90,170,61,46,22,25,16,9,1,8,14
S01008978,499,47,8,39,144,75,49,29,82,62,5,0,5,6
S01008979,695,92,6,86,184,120,62,45,89,58,21,14,7,24
S01008980,768,76,6,70,183,133,65,89,92,67,44,20,24,19
S01008981,494,116,20,96,143,59,65,29,46,28,4,0,4,4
S01008982,697,60,14,46,113,172,70,81,89,39,41,26,15,32
S01008983,623,38,4,34,129,104,43,97,83,92,21,18,3,16
S01008984,465,55,8,47,90,97,24,44,66,62,26,20,6,1
S01008985,566,61,5,56,127,105,51,54,84,64,10,5,5,10
S01008986,608,68,9,59,170,92,80,63,79,45,8,0,8,3
S01008987,628,64,11,53,160,160,106,36,64,32,6,0,6,0
S01008988,731,117,10,107,165,150,69,65,82,49,15,10,5,19
S01008989,615,109,7,102,175,123,44,43,52,56,6,1,5,7
S01008990,690,111,5,106,198,149,57,60,35,68,4,0,4,8
S01008991,881,171,25,146,300,110,90,85,60,37,3,3,0,25
S01008992,456,71,10,61,120,60,27,45,66,39,15,9,6,13
S01008993,874,214,69,145,253,107,102,67,63,40,14,5,9,14
S01008994,641,53,2,51,126,59,63,67,79,150,36,30,6,8
S01008995,752,224,45,179,271,64,69,31,54,25,13,7,6,1
S01008996,444,34,11,23,73,58,43,56,84,74,18,5,13,4
S01008997,871,177,30,147,206,96,122,71,90,77,22,7,15,10
S01008998,586,35,0,35,99,57,38,78,119,107,37,21,16,16
S01008999,642,89,11,78,173,78,61,49,76,102,14,6,8,0
S01009000,735,180,33,147,195,101,84,60,68,31,13,8,5,3
S01009001,744,211,38,173,209,107,77,63,45,30,0,0,0,2
S01009002,676,182,70,112,218,54,69,44,57,44,8,5,3,0
S01009003,838,230,16,214,349,60,77,35,50,18,2,2,0,17
S01009004,594,77,20,57,147,106,74,64,63,60,0,0,0,3
S01009005,614,83,9,74,158,95,50,104,56,50,10,2,8,8
S01009006,635,109,8,101,146,92,37,62,72,91,19,14,5,7
S01009007,590,42,4,38,137,118,33,61,100,74,15,6,9,10
S01009008,701,194,46,148,202,78,58,34,60,49,20,5,15,6
S01009009,377,12,1,11,62,62,29,48,71,68,21,13,8,4
S01009010,931,188,48,140,321,121,57,76,87,67,10,3,7,4
S01009011,820,188,45,143,309,113,70,51,41,36,4,0,4,8
S01009012,671,124,6,118,237,108,73,42,42,33,0,0,0,12
S01009013,796,158,32,126,273,95,49,60,86,59,6,0,6,10
S01009014,504,29,24,5,78,53,133,68,85,51,6,0,6,1
S01009015,488,25,12,13,138,50,88,48,61,58,20,1,19,0
S01009016,395,22,8,14,108,39,65,54,40,57,10,4,6,0
S01009017,501,26,2,24,109,56,84,59,76,65,26,14,12,0
S01009018,627,46,6,40,153,61,81,87,66,102,7,2,5,24
S01009019,434,25,5,20,102,59,44,76,49,69,6,3,3,4
S01009020,711,55,9,46,184,82,78,78,98,103,32,13,19,1
S01009021,555,43,18,25,136,26,128,57,82,73,10,8,2,0
S01009022,636,44,10,34,166,42,97,68,95,100,19,3,16,5
S01009023,666,58,15,43,128,50,170,62,106,67,13,2,11,12
S01009024,689,43,10,33,166,51,124,85,90,118,10,6,4,2
S01009025,705,44,12,32,158,48,131,104,124,72,16,7,9,8
S01009026,670,66,14,52,156,39,90,65,77,136,21,8,13,20
S01009027,578,54,25,29,145,44,111,66,80,57,20,4,16,1
S01009028,372,21,0,21,79,28,82,72,41,47,2,0,2,0
S01009029,476,58,4,54,122,29,88,43,44,69,20,4,16,3
S01009030,590,25,5,20,117,52,107,63,77,134,9,2,7,6
S01009031,588,18,10,8,162,70,71,71,97,89,10,3,7,0
S01009032,465,42,10,32,95,39,64,58,73,79,8,2,6,7
S01009033,594,43,17,26,153,38,100,61,102,87,7,1,6,3
S01009034,539,71,29,42,131,55,52,69,53,102,5,1,4,1
S01009035,745,75,19,56,178,98,111,91,82,103,7,0,7,0
S01009036,935,75,17,58,234,84,132,95,104,189,13,2,11,9
S01009037,766,67,20,47,179,111,105,96,75,119,10,3,7,4
S01009038,917,76,20,56,235,82,112,114,96,176,23,5,18,3
S01009039,564,27,7,20,104,44,73,76,105,107,18,7,11,10
S01009040,468,31,3,28,101,54,57,46,73,80,18,11,7,8
S01009041,619,103,31,72,132,59,78,83,58,84,14,5,9,8
S01009042,667,65,11,54,142,67,51,71,103,131,26,6,20,11
S01009043,490,58,2,56,75,47,50,53,97,95,15,2,13,0
S01009044,575,55,16,39,131,60,66,64,101,86,10,1,9,2
S01009045,512,44,5,39,103,44,68,72,72,95,7,5,2,7
S01009046,707,50,5,45,212,46,84,81,94,131,6,0,6,3
S01009047,678,46,7,39,180,72,86,87,111,94,2,0,2,0
S01009048,682,74,32,42,188,70,51,74,109,103,3,0,3,10
S01009049,478,40,1,39,149,40,67,57,66,57,0,0,0,2
S01009050,609,62,9,53,149,91,49,83,62,94,15,13,2,4
S01009051,671,27,1,26,126,79,81,94,95,154,10,3,7,5
S01009052,452,19,14,5,113,79,70,53,49,61,4,0,4,4
S01009053,476,6,1,5,59,54,26,42,94,136,57,14,43,2
S01009054,494,18,5,13,106,45,49,65,65,131,12,5,7,3
S01009055,661,70,19,51,147,69,107,75,69,106,14,4,10,4
S01009056,490,20,8,12,52,46,66,54,85,136,18,3,15,13
S01009057,458,23,2,21,70,36,37,41,106,106,33,8,25,6
S01009058,611,35,2,33,132,83,26,77,99,130,17,5,12,12
S01009059,800,125,32,93,184,86,88,90,90,99,36,17,19,2
S01009060,527,83,17,66,168,45,100,51,23,54,0,0,0,3
S01009061,706,46,10,36,141,92,41,78,118,159,25,10,15,6
S01009062,512,13,4,9,58,103,36,76,88,108,19,9,10,11
S01009063,599,74,15,59,134,74,66,72,64,113,0,0,0,2
S01009064,469,33,0,33,88,61,22,44,76,107,27,7,20,11
S01009065,563,26,0,26,60,61,53,70,102,129,52,23,29,10
S01009066,548,24,5,19,95,55,48,67,86,147,25,9,16,1
S01009067,817,109,40,69,223,109,124,103,68,71,10,7,3,0
S01009068,765,50,11,39,130,151,65,109,86,138,29,11,18,7
S01009069,575,68,9,59,191,67,72,79,41,55,1,0,1,1
S01009070,540,55,13,42,123,93,62,66,57,64,11,7,4,9
S01009071,425,46,16,30,111,47,75,42,24,44,23,15,8,13
S01009072,465,48,11,37,123,36,79,47,53,68,1,1,0,10
S01009073,483,18,10,8,62,35,60,62,103,109,28,7,21,6
S01009074,611,23,5,18,74,57,58,85,87,154,54,30,24,19
S01009075,444,24,6,18,62,51,49,61,69,108,17,6,11,3
S01009076,848,91,24,67,198,169,101,84,70,122,5,2,3,8
S01009077,529,50,17,33,140,62,38,74,65,75,22,19,3,3
S01009078,798,174,25,149,295,103,63,53,51,47,7,5,2,5
S01009079,681,26,10,16,93,77,50,84,135,190,24,9,15,2
S01009080,761,31,5,26,116,79,94,127,132,143,28,14,14,11
S01009081,514,36,20,16,147,50,60,61,64,87,6,6,0,3
S01009082,830,53,20,33,130,120,116,101,121,142,32,11,21,15
S01009083,663,40,8,32,150,89,32,92,96,124,28,21,7,12
S01009084,462,44,17,27,136,29,92,37,53,57,12,12,0,2
S01009085,821,106,26,80,240,129,69,98,52,109,14,4,10,4
S01009086,618,22,6,16,139,95,59,92,75,109,19,8,11,8
S01009087,484,28,2,26,78,40,36,47,135,101,16,8,8,3
S01009088,855,129,29,100,259,93,110,85,81,83,15,10,5,0
S01009089,920,226,68,158,310,88,122,93,40,33,4,1,3,4
S01009090,735,182,27,155,263,101,74,29,47,27,0,0,0,12
S01009091,698,215,41,174,274,47,62,57,21,14,3,0,3,5
S01009092,835,122,45,77,225,91,72,105,94,108,12,0,12,6
S01009093,689,21,2,19,146,80,53,87,123,145,23,3,20,11
S01009094,473,85,13,72,205,42,24,60,24,29,4,3,1,0
S01009095,625,107,14,93,186,75,77,50,68,51,11,10,1,0
S01009096,856,183,43,140,290,110,88,55,74,42,10,10,0,4
S01009097,815,139,29,110,320,99,60,86,66,44,1,0,1,0
S01009098,421,78,19,59,176,46,34,37,14,20,16,0,16,0
S01009099,570,53,13,40,138,50,47,80,79,91,28,25,3,4
S01009100,565,32,16,16,112,60,62,74,86,106,20,14,6,13
S01009101,799,26,11,15,114,90,67,101,186,186,24,7,17,5
S01009102,760,18,6,12,84,92,45,110,168,176,52,22,30,15
S01009103,456,55,11,44,143,60,30,55,55,42,13,7,6,3
S01009104,649,26,9,17,151,90,37,85,127,107,12,4,8,14
S01009105,685,65,21,44,228,101,73,71,62,65,11,6,5,9
S01009106,443,25,4,21,83,74,34,45,75,90,14,1,13,3
S01009107,740,138,34,104,193,101,36,99,77,78,14,11,3,4
S01009108,567,69,21,48,164,77,61,87,61,45,0,0,0,3
S01009109,590,81,14,67,198,74,48,65,66,49,0,0,0,9
S01009110,478,35,0,35,106,65,52,63,60,85,8,5,3,4
S01009111,776,94,28,66,205,132,82,82,70,100,4,3,1,7
S01009112,430,71,22,49,150,44,42,56,39,28,0,0,0,0
S01009113,712,107,27,80,248,82,86,86,43,58,1,0,1,1
S01009114,724,88,31,57,188,66,66,94,93,119,10,3,7,0
S01009115,522,47,3,44,170,62,39,72,60,58,4,1,3,10
S01009116,391,54,16,38,125,49,24,66,47,23,3,0,3,0
S01009117,756,61,8,53,163,118,49,106,89,125,40,12,28,5
S01009118,597,81,15,66,164,83,46,112,40,59,8,4,4,4
S01009119,638,27,0,27,81,58,57,101,116,151,44,24,20,3
S01009120,453,28,4,24,83,30,30,54,103,95,19,6,13,11
S01009121,669,35,1,34,124,73,45,91,125,147,20,3,17,9
S01009122,764,87,15,72,200,70,100,84,83,101,26,3,23,13
S01009123,525,100,31,69,169,56,39,53,27,75,4,1,3,2
S01009124,531,52,10,42,154,65,60,57,56,87,0,0,0,0
S01009125,514,38,10,28,117,44,47,71,71,102,23,11,12,1
S01009126,512,6,1,5,67,32,26,56,115,137,65,38,27,8
S01009127,582,17,4,13,83,52,36,80,130,113,54,9,45,17
S01009128,635,20,4,16,78,51,33,79,121,159,89,52,37,5
S01009129,430,5,4,1,52,48,16,45,128,108,28,15,13,0
S01009130,600,52,16,36,138,60,58,56,84,111,37,21,16,4
S01009131,385,14,2,12,51,47,21,52,75,93,25,15,10,7
S01009132,772,135,39,96,238,97,44,84,81,62,19,6,13,12
S01009133,488,11,6,5,66,39,34,74,95,141,27,11,16,1
S01009134,755,97,48,49,176,99,53,102,99,106,13,1,12,10
S01009135,544,61,5,56,151,69,41,83,51,59,26,18,8,3
S01009136,626,76,11,65,213,85,73,50,52,58,11,6,5,8
S01009137,604,126,44,82,249,59,57,50,42,19,0,0,0,2
S01009138,769,123,34,89,255,79,93,72,56,62,9,4,5,20
S01009139,372,22,0,22,66,53,23,28,67,60,40,16,24,13
S01009140,597,54,11,43,110,68,35,100,80,107,21,14,7,22
S01009141,661,43,7,36,118,85,49,101,112,108,38,16,22,7
S01009142,491,22,3,19,113,57,39,50,74,101,26,6,20,9
S01009143,472,14,5,9,78,57,33,43,90,117,28,13,15,12
S01009144,646,101,15,86,163,93,63,69,60,71,2,0,2,24
S01009145,807,30,13,17,173,84,66,118,154,140,33,18,15,9
S01009146,783,23,1,22,166,77,58,75,142,161,55,22,33,26
S01009147,701,42,2,40,77,79,61,76,154,162,43,25,18,7
S01009148,593,20,18,2,75,39,29,100,119,161,39,11,28,11
S01009149,663,69,10,59,182,108,61,104,72,54,9,6,3,4
S01009150,196,7,1,6,23,20,16,16,45,60,9,6,3,0
S01009151,585,93,19,74,175,58,66,42,69,70,5,1,4,7
S01009152,437,44,6,38,83,75,33,48,45,81,15,4,11,13
S01009153,398,48,1,47,104,60,40,35,45,44,9,1,8,13
S01009154,687,144,33,111,202,66,118,40,59,38,12,7,5,8
S01009155,455,140,27,113,152,27,37,35,36,23,2,0,2,3
S01009156,427,111,11,100,132,50,65,27,15,21,6,3,3,0
S01009157,676,65,10,55,123,69,87,99,108,117,5,2,3,3
S01009158,439,15,1,14,127,65,18,52,81,59,17,7,10,5
S01009159,446,6,0,6,33,39,36,60,103,112,48,29,19,9
S01009160,518,29,7,22,65,65,46,80,105,96,24,5,19,8
S01009161,502,7,1,6,54,57,33,63,109,133,41,5,36,5
S01009162,580,24,5,19,114,74,30,73,90,126,41,22,19,8
S01009163,361,43,7,36,83,33,15,51,68,51,15,7,8,2
S01009164,633,26,10,16,75,75,47,112,120,157,15,1,14,6
S01009165,623,23,2,21,108,52,48,88,109,141,49,22,27,5
S01009166,728,26,8,18,92,74,37,68,159,205,54,26,28,13
S01009167,487,14,5,9,51,56,59,54,96,105,36,18,18,16
S01009168,474,79,25,54,146,61,38,55,48,42,4,1,3,1
S01009169,454,18,5,13,81,51,44,104,77,58,16,7,9,5
S01009170,605,26,0,26,90,90,44,66,112,116,50,13,37,11
S01009171,603,36,11,25,114,50,63,92,88,106,47,11,36,7
S01009172,546,190,40,150,197,39,47,30,18,21,2,1,1,2
S01009173,650,169,42,127,181,58,68,86,30,49,1,0,1,8
S01009174,475,109,34,75,165,58,51,40,24,27,0,0,0,1
S01009175,816,202,50,152,278,96,86,85,21,38,6,0,6,4
S01009176,760,213,46,167,254,75,76,66,49,14,13,2,11,0
S01009177,749,24,5,19,115,110,93,109,107,128,44,24,20,19
S01009178,685,27,12,15,102,78,54,88,114,154,48,20,28,20
S01009179,621,29,2,27,137,80,46,48,143,108,20,1,19,10
S01009180,826,29,8,21,125,94,69,145,176,158,26,15,11,4
S01009181,704,25,12,13,93,67,86,89,141,165,23,15,8,15
S01009182,870,84,12,72,237,100,126,92,104,107,18,2,16,2
S01009183,690,76,15,61,246,90,74,88,56,51,4,0,4,5
S01009184,698,70,30,40,91,56,123,84,104,116,46,13,33,8
S01009185,773,61,10,51,111,68,109,104,155,127,35,20,15,3
S01009186,684,60,11,49,129,61,105,75,120,103,24,7,17,7
S01009187,424,72,15,57,126,35,65,40,38,45,3,3,0,0
S01009188,761,69,10,59,141,45,102,106,130,125,36,19,17,7
S01009189,663,40,5,35,88,36,52,83,151,168,44,26,18,1
S01009190,718,134,24,110,201,94,93,93,59,39,4,1,3,1
S01009191,738,177,50,127,265,82,67,69,38,31,4,1,3,5
S01009192,508,46,15,31,145,80,59,47,47,71,13,0,13,0
S01009193,300,38,15,23,123,30,17,46,16,27,3,3,0,0
S01009194,642,117,31,86,229,82,73,64,41,31,5,0,5,0
S01009195,766,162,34,128,295,89,42,67,49,49,9,2,7,4
S01009196,555,57,3,54,118,74,83,64,57,77,10,7,3,15
S01009197,916,185,26,159,358,91,84,66,55,66,4,0,4,7
S01009198,604,83,13,70,200,72,61,73,47,52,12,3,9,4
S01009199,535,91,20,71,194,56,49,50,49,32,13,8,5,1
S01009200,967,229,52,177,292,76,63,114,76,103,8,4,4,6
S01009201,577,26,6,20,116,49,50,84,108,111,25,2,23,8
S01009202,466,74,16,58,194,43,45,42,42,24,0,0,0,2
S01009203,518,13,1,12,68,43,57,74,91,118,49,20,29,5
S01009204,820,73,14,59,199,91,86,75,128,136,19,11,8,13
S01009205,640,93,25,68,201,105,47,66,42,84,1,0,1,1
S01009206,728,125,36,89,238,113,42,76,79,43,10,4,6,2
S01009207,586,95,19,76,195,78,29,81,56,48,1,0,1,3
S01009208,471,73,20,53,144,66,43,49,46,34,8,3,5,8
S01009209,443,80,20,60,173,46,31,29,42,36,1,0,1,5
S01009210,471,92,13,79,167,63,44,36,33,28,8,1,7,0
S01009211,558,48,12,36,105,61,62,89,86,87,13,6,7,7
S01009212,653,40,17,23,95,70,54,91,136,140,19,9,10,8
S01009213,714,28,9,19,119,65,71,101,127,166,26,14,12,11
S01009214,845,121,23,98,263,112,55,84,102,90,12,4,8,6
S01009215,762,47,7,40,160,67,70,79,141,137,44,19,25,17
S01009216,741,32,10,22,131,89,63,102,118,164,32,29,3,10
S01009217,549,17,0,17,82,58,52,66,131,98,36,21,15,9
S01009218,605,58,23,35,138,88,65,74,66,104,7,3,4,5
S01009219,489,12,4,8,86,53,44,76,85,99,29,7,22,5
S01009220,422,16,2,14,57,55,35,51,73,97,29,11,18,9
S01009221,469,9,2,7,62,56,31,68,76,134,33,14,19,0
S01009222,460,14,2,12,32,33,29,65,105,145,26,4,22,11
S01009223,440,18,0,18,73,55,33,63,82,104,8,5,3,4
S01009224,526,17,4,13,59,67,36,81,88,146,29,8,21,3
S01009225,413,13,3,10,55,42,17,71,83,119,8,2,6,5
S01009226,694,22,8,14,159,73,38,72,122,170,32,13,19,6
S01009227,405,14,8,6,84,59,29,67,68,69,10,1,9,5
S01009228,480,24,2,22,69,31,28,49,87,138,48,8,40,6
S01009229,445,33,4,29,119,34,42,68,65,62,9,9,0,13
S01009230,486,28,7,21,101,99,47,53,58,88,8,5,3,4
S01009231,785,75,18,57,208,85,72,135,75,107,22,1,21,6
S01009232,516,14,3,11,66,68,8,59,93,116,71,31,40,21
S01009233,412,22,4,18,78,23,33,70,64,111,10,2,8,1
S01009234,923,26,5,21,76,90,31,134,218,236,80,42,38,32
S01009235,786,25,2,23,125,98,41,103,127,177,73,17,56,17
S01009236,347,33,8,25,86,53,35,61,31,42,6,0,6,0
S01009237,666,63,30,33,217,87,70,125,74,22,6,3,3,2
S01009238,540,18,0,18,99,77,22,85,82,130,27,5,22,0
S01009239,728,21,9,12,139,89,31,150,121,130,34,11,23,13
S01009240,586,11,7,4,53,57,24,75,136,142,63,25,38,25
S01009241,734,27,8,19,98,78,43,66,138,208,62,23,39,14
S01009242,568,58,22,36,139,48,52,116,85,60,10,2,8,0
S01009243,908,60,9,51,151,103,85,172,173,131,22,6,16,11
S01009244,653,90,22,68,191,67,68,92,81,57,0,0,0,7
S01009245,678,75,16,59,214,97,50,75,84,72,11,8,3,0
S01009246,648,26,8,18,93,66,58,115,137,123,26,11,15,4
S01009247,862,54,20,34,148,76,33,158,151,197,39,3,36,6
S01009248,546,43,15,28,143,62,74,73,83,58,5,2,3,5
S01009249,683,37,15,22,89,72,75,77,129,170,31,14,17,3
S01009250,511,40,9,31,73,47,42,62,98,133,16,6,10,0
S01009251,465,58,6,52,116,41,44,59,55,64,24,5,19,4
S01009252,455,82,19,63,172,46,35,61,28,28,3,0,3,0
S01009253,335,7,2,5,49,41,37,61,61,65,9,1,8,5
S01009254,674,22,1,21,62,49,49,82,150,175,70,32,38,15
S01009255,553,52,23,29,86,54,34,77,110,103,30,7,23,7
S01009256,359,43,21,22,109,51,13,44,41,48,6,4,2,4
S01009257,534,76,20,56,98,62,59,40,97,78,18,8,10,6
S01009258,504,107,18,89,131,42,77,39,48,53,7,2,5,0
S01009259,775,167,53,114,253,66,89,61,61,67,3,1,2,8
S01009260,978,82,23,59,222,139,98,81,169,139,36,21,15,12
S01009261,580,47,8,39,84,56,37,70,122,126,28,5,23,10
S01009262,505,17,4,13,62,51,30,64,121,118,31,7,24,11
S01009263,764,151,17,134,256,69,66,72,77,58,12,6,6,3
S01009264,389,41,8,33,119,39,52,57,44,31,3,3,0,3
S01009265,638,33,7,26,152,55,23,101,131,95,36,5,31,12
S01009266,666,47,15,32,117,74,57,112,124,110,25,19,6,0
S01009267,652,64,5,59,146,65,56,95,121,81,16,7,9,8
S01009268,859,58,19,39,211,73,61,106,126,170,34,4,30,20
S01009269,783,26,8,18,104,127,30,83,150,197,55,21,34,11
S01009270,459,15,8,7,43,46,36,51,118,106,38,18,20,6
S01009271,773,65,15,50,253,118,82,87,62,98,8,3,5,0
S01009272,633,10,0,10,85,56,41,86,138,170,33,19,14,14
S01009273,356,92,37,55,110,36,30,47,22,16,0,0,0,3
S01009274,500,58,9,49,123,59,53,59,68,67,7,2,5,6
S01009275,499,72,29,43,119,56,103,37,40,61,10,5,5,1
S01009276,710,128,37,91,186,66,67,97,85,64,16,5,11,1
S01009277,443,95,23,72,113,54,109,23,21,12,10,0,10,6
S01009278,473,111,16,95,182,58,24,29,30,37,1,1,0,1
S01009279,483,59,21,38,115,46,76,48,43,79,15,8,7,2
S01009280,740,9,0,9,77,69,32,89,165,197,91,51,40,11
S01009281,680,44,12,32,91,72,25,92,114,192,44,20,24,6
S01009282,618,113,22,91,185,50,82,61,61,40,22,14,8,4
S01009283,403,78,26,52,102,52,32,41,43,47,8,2,6,0
S01009284,740,157,46,111,233,104,93,50,57,38,1,1,0,7
S01009285,816,76,13,63,211,163,59,99,102,88,11,4,7,7
S01009286,576,87,26,61,207,71,62,56,56,32,0,0,0,5
S01009287,545,123,18,105,195,67,74,11,41,33,0,0,0,1
S01009288,595,156,45,111,208,33,70,37,31,36,10,8,2,14
S01009289,647,149,29,120,188,75,70,54,51,41,13,3,10,6
S01009290,483,132,38,94,149,65,46,32,30,21,1,1,0,7
S01009291,830,129,26,103,264,133,85,87,60,66,0,0,0,6
S01009292,433,17,0,17,84,42,37,66,60,103,10,2,8,14
S01009293,624,83,23,60,191,64,84,41,73,67,10,2,8,11
S01009294,440,86,15,71,167,44,45,43,28,23,4,0,4,0
S01009295,525,88,18,70,127,73,56,79,46,56,0,0,0,0
S01009296,447,57,20,37,132,45,58,75,29,44,5,3,2,2
S01009297,739,191,50,141,266,91,43,42,46,43,9,3,6,8
S01009298,749,60,5,55,166,72,52,79,146,110,57,30,27,7
S01009299,817,150,24,126,228,109,95,62,82,66,13,8,5,12
S01009300,447,66,6,60,115,62,30,48,47,36,33,17,16,10
S01009301,803,82,11,71,140,107,56,78,109,124,90,36,54,17
S01009302,766,30,3,27,116,79,35,42,206,184,60,33,27,14
S01009303,577,117,37,80,227,49,28,55,54,33,14,4,10,0
S01009304,805,91,26,65,196,122,90,88,101,86,21,7,14,10
S01009305,590,72,13,59,179,87,34,55,87,57,16,5,11,3
S01009306,979,125,23,102,244,131,58,93,142,107,60,33,27,19
S01009307,863,133,24,109,267,103,67,95,84,57,31,12,19,26
S01009308,436,87,17,70,112,55,43,28,37,43,18,8,10,13
S01009309,646,133,26,107,195,81,54,51,61,33,32,7,25,6
S01009310,739,166,32,134,212,97,65,67,64,52,11,5,6,5
S01009311,658,21,0,21,131,66,40,91,118,145,44,24,20,2
S01009312,567,79,18,61,190,86,33,34,57,51,28,9,19,9
S01009313,437,7,1,6,110,64,23,52,64,88,24,17,7,5
S01009314,550,99,16,83,128,85,37,58,63,69,8,7,1,3
S01009315,518,35,11,24,86,79,59,62,52,107,35,21,14,3
S01009316,644,203,36,167,193,74,44,53,39,27,11,1,10,0
S01009317,698,122,25,97,244,97,70,76,47,32,1,0,1,9
S01009318,541,150,29,121,214,69,33,23,40,8,0,0,0,4
S01009319,624,158,33,125,214,68,51,47,44,41,1,1,0,0
S01009320,521,87,3,84,153,57,38,50,62,56,9,8,1,9
S01009321,521,105,25,80,175,61,30,45,46,51,0,0,0,8
S01009322,622,72,16,56,156,116,63,51,46,93,15,7,8,10
S01009323,465,20,3,17,131,57,52,36,71,68,19,8,11,11
S01009324,434,28,3,25,90,56,38,34,75,85,22,9,13,6
S01009325,663,128,21,107,233,84,58,65,42,44,7,5,2,2
S01009326,578,100,21,79,208,58,16,45,55,65,21,11,10,10
S01009327,415,82,13,69,110,61,31,27,43,48,6,0,6,7
S01009328,676,170,19,151,258,81,49,57,28,29,0,0,0,4
S01009329,429,54,4,50,160,80,32,42,26,19,13,4,9,3
S01009330,491,43,11,32,160,71,22,38,83,52,19,12,7,3
S01009331,556,168,17,151,180,85,34,37,24,28,0,0,0,0
S01009332,748,157,31,126,273,118,62,47,39,42,3,0,3,7
S01009333,620,35,9,26,109,119,50,72,93,102,23,16,7,17
S01009334,528,25,8,17,86,78,17,47,92,122,47,12,35,14
S01009335,661,29,6,23,109,79,28,75,105,189,38,16,22,9
S01009336,566,10,0,10,88,67,31,88,96,84,78,28,50,24
S01009337,666,23,0,23,107,85,40,79,124,132,64,26,38,12
S01009338,581,28,8,20,86,57,27,47,136,140,53,20,33,7
S01009339,755,10,7,3,114,74,34,135,153,144,84,24,60,7
S01009340,488,5,0,5,59,55,31,44,113,151,24,12,12,6
S01009341,483,19,6,13,59,73,47,72,80,94,35,9,26,4
S01009342,614,38,7,31,110,103,26,85,78,134,39,7,32,1
S01009343,509,24,3,21,132,65,22,52,115,79,11,8,3,9
S01009344,502,13,0,13,76,77,33,48,121,107,24,15,9,3
S01009345,825,38,0,38,207,99,53,108,154,129,28,9,19,9
S01009346,700,170,32,138,290,53,98,31,29,23,6,2,4,0
S01009347,669,234,56,178,254,45,67,35,16,9,6,0,6,3
S01009348,500,130,23,107,173,56,41,34,34,27,0,0,0,5
S01009349,816,187,26,161,293,114,49,55,36,65,9,1,8,8
S01009350,597,82,8,74,204,89,44,54,43,54,20,8,12,7
S01009351,515,114,29,85,188,65,34,37,30,34,2,2,0,11
S01009352,781,170,28,142,368,75,35,48,42,30,11,0,11,2
S01009353,383,70,11,59,143,44,42,39,19,14,7,0,7,5
S01009354,902,191,40,151,356,108,85,64,42,52,0,0,0,4
S01009355,702,108,22,86,170,120,70,112,77,40,0,0,0,5
S01009356,768,110,22,88,257,115,57,91,46,80,8,4,4,4
S01009357,458,132,33,99,137,58,39,40,24,20,2,0,2,6
S01009358,649,263,62,201,224,53,44,39,14,12,0,0,0,0
S01009359,736,168,24,144,270,97,76,28,63,20,7,0,7,7
S01009360,675,133,41,92,193,95,44,71,66,60,4,3,1,9
S01009361,615,90,10,80,173,81,50,55,80,67,12,12,0,7
S01009362,820,120,26,94,267,140,63,94,80,56,0,0,0,0
S01009363,679,42,11,31,125,101,41,116,114,112,22,10,12,6
S01009364,785,61,8,53,187,135,58,116,115,95,12,3,9,6
S01009365,461,35,3,32,113,79,28,49,54,84,14,9,5,5
S01009366,596,27,7,20,100,67,69,63,108,115,38,16,22,9
S01009367,522,32,5,27,103,69,31,80,96,85,17,4,13,9
S01009368,527,23,0,23,70,89,36,48,110,103,25,6,19,23
S01009369,491,25,0,25,103,72,37,74,64,91,18,13,5,7
S01009370,656,50,8,42,145,102,31,72,121,107,19,13,6,9
S01009371,444,31,8,23,106,52,15,62,82,70,18,9,9,8
S01009372,448,24,3,21,72,63,42,62,106,65,13,8,5,1
S01009373,682,26,2,24,118,91,33,82,165,123,39,19,20,5
S01009374,658,68,18,50,92,95,27,109,104,125,24,11,13,14
S01009375,690,30,7,23,124,56,27,101,164,139,36,8,28,13
S01009376,476,23,6,17,66,84,17,59,79,129,15,8,7,4
S01009377,953,76,6,70,289,126,45,119,148,106,41,9,32,3
S01009378,920,36,4,32,175,134,95,80,183,155,28,8,20,34
S01009379,954,142,23,119,256,149,73,118,91,73,31,9,22,21
S01009380,534,49,37,12,140,69,28,61,68,92,6,0,6,21
S01009381,573,99,26,73,156,90,58,51,49,48,14,4,10,8
S01009382,613,50,16,34,119,78,56,63,96,126,16,7,9,9
S01009383,701,43,3,40,136,100,58,67,123,112,46,15,31,16
S01009384,454,117,27,90,176,44,48,27,21,11,10,5,5,0
S01009385,438,87,16,71,115,60,43,53,39,28,13,7,6,0
S01009386,532,23,9,14,108,69,30,80,95,94,24,7,17,9
S01009387,502,47,10,37,72,76,34,51,107,83,26,6,20,6
S01009388,851,34,8,26,128,106,35,94,166,174,89,33,56,25
S01009389,704,117,22,95,204,94,69,64,64,64,18,4,14,10
S01009390,736,222,54,168,297,55,46,42,29,41,0,0,0,4
S01009391,671,125,35,90,257,108,53,48,46,33,0,0,0,1
S01009392,557,140,22,118,191,80,49,38,28,28,0,0,0,3
S01009393,601,112,12,100,224,89,76,30,34,32,4,0,4,0
S01009394,743,196,20,176,233,76,54,61,55,43,11,1,10,14
S01009395,496,161,33,128,150,52,43,35,24,27,4,0,4,0
S01009396,573,177,47,130,225,60,49,27,13,18,2,0,2,2
S01009397,570,144,30,114,173,66,61,45,59,13,7,0,7,2
S01009398,600,77,15,62,175,95,67,68,72,38,4,1,3,4
S01009399,563,101,25,76,173,72,32,42,68,50,15,2,13,10
S01009400,411,35,19,16,91,78,42,49,54,52,7,1,6,3
S01009401,493,124,30,94,120,88,30,61,44,22,1,0,1,3
S01009402,726,124,21,103,297,60,79,74,56,30,6,4,2,0
S01009403,489,81,19,62,156,89,32,55,46,25,4,4,0,1
S01009404,472,30,9,21,77,43,49,72,60,95,32,19,13,14
S01009405,328,32,11,21,108,37,60,46,23,20,2,0,2,0
S01009406,747,54,12,42,155,94,85,74,119,129,22,12,10,15
S01009407,408,35,7,28,120,34,62,41,47,67,2,0,2,0
S01009408,664,91,21,70,193,96,66,84,51,69,7,0,7,7
S01009409,503,23,7,16,71,52,39,78,94,108,32,12,20,6
S01009410,783,23,15,8,123,80,57,90,198,164,43,32,11,5
S01009411,760,21,6,15,110,67,86,104,147,179,42,13,29,4
S01009412,691,21,12,9,85,70,48,106,146,178,37,22,15,0
S01009413,807,44,12,32,149,84,92,124,104,178,23,7,16,9
S01009414,546,18,8,10,102,67,36,62,96,132,19,6,13,14
S01009415,660,47,22,25,96,92,74,84,89,116,59,38,21,3
S01009416,450,48,13,35,119,74,61,59,48,37,4,0,4,0
S01009417,279,23,4,19,75,30,64,25,29,25,2,1,1,6
S01009418,863,45,8,37,133,70,56,129,148,235,36,15,21,11
S01009419,494,20,10,10,74,67,28,57,99,130,15,11,4,4
S01009420,571,7,1,6,74,30,16,50,147,201,34,16,18,12
S01009421,620,19,6,13,71,57,43,93,110,170,49,20,29,8
S01009422,649,39,10,29,100,85,39,101,106,136,31,16,15,12
S01009423,890,132,18,114,290,112,80,104,53,100,9,0,9,10
S01009424,451,69,20,49,97,52,35,41,63,72,14,9,5,8
S01009425,553,34,11,23,118,65,45,63,91,90,36,11,25,11
S01009426,600,20,5,15,89,78,44,73,114,117,55,27,28,10
S01009427,463,23,6,17,50,69,38,45,84,96,53,31,22,5
S01009428,518,21,0,21,89,54,53,58,69,119,45,23,22,10
S01009429,537,18,3,15,83,51,21,71,94,151,40,30,10,8
S01009430,611,35,17,18,99,68,45,57,161,108,29,21,8,9
S01009431,524,13,0,13,109,37,63,80,57,113,41,28,13,11
S01009432,709,1,1,0,65,52,29,90,221,177,56,34,22,18
S01009433,720,28,3,25,55,85,44,68,172,173,84,41,43,11
S01009434,439,4,4,0,57,52,38,61,67,108,37,21,16,15
S01009435,679,16,2,14,77,46,48,96,147,174,64,35,29,11
S01009436,612,35,14,21,117,46,37,83,150,100,39,15,24,5
S01009437,543,33,13,20,81,52,82,64,95,118,13,5,8,5
S01009438,698,38,6,32,80,58,84,82,134,166,40,24,16,16
S01009439,785,14,3,11,125,51,47,105,155,217,52,29,23,19
S01009440,479,31,8,23,50,49,43,58,110,107,27,17,10,4
S01009441,727,20,4,16,92,73,45,87,172,171,52,23,29,15
S01009442,513,38,3,35,138,62,85,70,48,49,15,13,2,8
S01009443,557,45,10,35,143,44,90,80,67,67,13,2,11,8
S01009444,747,121,25,96,179,95,81,91,91,81,8,6,2,0
S01009445,654,18,7,11,100,58,68,95,124,169,14,8,6,8
S01009446,710,15,2,13,91,81,55,58,172,154,68,31,37,16
S01009447,401,25,7,18,68,55,25,43,74,80,26,13,13,5
S01009448,698,63,21,42,148,82,68,80,109,114,27,9,18,7
S01009449,431,19,10,9,74,61,37,35,89,92,17,15,2,7
S01009450,510,0,0,0,63,63,33,55,101,148,47,21,26,0
S01009451,877,11,3,8,114,85,104,107,164,201,84,47,37,7
S01009452,402,15,1,14,48,47,29,38,101,85,31,10,21,8
S01009453,802,21,10,11,117,91,45,134,124,217,45,19,26,8
S01009454,731,220,35,185,236,61,57,40,66,31,17,10,7,3
S01009455,651,172,33,139,243,59,86,23,25,38,0,0,0,5
S01009456,527,29,11,18,118,55,57,68,87,84,20,12,8,9
S01009457,466,58,14,44,130,37,91,41,53,47,5,0,5,4
S01009458,525,52,12,40,147,71,47,64,48,72,18,7,11,6
S01009459,701,45,11,34,189,63,72,77,100,88,44,11,33,23
S01009460,756,26,7,19,98,70,31,76,150,201,87,27,60,17
S01009461,544,151,34,117,193,59,44,22,27,45,1,1,0,2
S01009462,559,90,18,72,121,52,39,63,66,117,10,4,6,1
S01009463,505,50,12,38,114,57,67,57,62,80,10,2,8,8
S01009464,695,52,12,40,194,128,60,92,80,71,14,3,11,4
S01009465,477,36,12,24,150,45,44,63,70,49,17,8,9,3
S01009466,417,115,29,86,124,42,46,38,36,11,2,0,2,3
S01009467,607,115,24,91,226,61,55,32,37,63,11,3,8,7
S01009468,573,50,14,36,119,54,46,64,115,99,24,5,19,2
S01009469,619,100,22,78,192,76,41,66,76,49,11,1,10,8
S01009470,352,33,7,26,90,39,37,32,67,43,11,2,9,0
S01009471,449,37,6,31,85,36,19,43,68,101,42,17,25,18
S01009472,805,62,17,45,214,43,58,59,145,126,95,31,64,3
S01009473,777,32,3,29,109,64,47,130,141,138,84,24,60,32
S01009474,815,71,13,58,145,84,76,92,123,109,98,31,67,17
S01009475,524,112,35,77,155,61,90,34,31,31,3,3,0,7
S01009476,448,125,35,90,159,20,49,31,18,37,5,5,0,4
S01009477,567,101,7,94,196,52,57,44,54,45,9,3,6,9
S01009478,733,47,14,33,210,89,52,58,132,83,33,21,12,29
S01009479,631,100,22,78,150,46,57,78,75,70,34,11,23,21
S01009480,607,106,23,83,215,59,83,50,33,35,8,3,5,18
S01009481,745,67,16,51,183,99,56,64,141,103,17,11,6,15
S01009482,508,56,5,51,102,49,34,65,106,63,18,12,6,15
S01009483,647,73,1,72,218,63,65,61,77,54,22,5,17,14
S01009484,537,56,12,44,119,69,31,57,94,65,37,11,26,9
S01009485,595,38,2,36,88,43,62,73,112,120,39,12,27,20
S01009486,440,81,30,51,119,47,45,49,56,32,7,5,2,4
S01009487,592,21,9,12,113,73,43,85,106,108,28,20,8,15
S01009488,599,40,9,31,113,70,46,84,124,97,23,6,17,2
S01009489,621,52,12,40,62,54,48,87,116,143,48,26,22,11
S01009490,747,28,0,28,65,88,29,96,151,172,89,34,55,29
S01009491,501,32,1,31,81,63,49,47,86,109,26,13,13,8
S01009492,611,14,4,10,117,70,49,68,102,175,11,5,6,5
S01009493,580,176,19,157,211,46,59,35,18,33,2,1,1,0
S01009494,843,149,39,110,266,104,105,102,75,35,4,1,3,3
S01009495,750,117,28,89,213,109,85,85,71,62,8,1,7,0
S01009496,617,21,3,18,89,96,59,86,102,138,20,20,0,6
S01009497,769,47,6,41,183,103,56,112,141,111,11,5,6,5
S01009498,495,62,13,49,140,63,62,61,51,46,6,0,6,4
S01009499,640,78,23,55,115,76,54,75,100,107,30,14,16,5
S01009500,621,9,1,8,113,75,47,47,142,108,68,34,34,12
S01009501,513,16,4,12,69,47,41,71,115,102,49,15,34,3
S01009502,706,11,3,8,103,87,47,77,154,179,30,11,19,18
S01009503,613,17,4,13,120,90,58,68,118,114,21,12,9,7
S01009504,620,8,0,8,67,52,31,101,148,143,61,30,31,9
S01009505,738,23,2,21,73,86,20,79,164,164,118,58,60,11
S01009506,637,11,2,9,80,59,51,74,169,115,57,16,41,21
S01009507,791,49,25,24,172,113,60,108,122,126,32,15,17,9
S01009508,767,19,4,15,83,69,66,99,169,171,75,25,50,16
S01009509,856,32,7,25,134,78,80,109,191,167,46,27,19,19
S01009510,546,44,7,37,125,113,57,74,69,52,7,2,5,5
S01009511,420,62,20,42,126,46,60,50,42,25,9,0,9,0
S01009512,630,81,14,67,164,101,64,89,50,72,3,0,3,6
S01009513,456,62,18,44,169,57,31,37,46,41,4,1,3,9
S01009514,596,74,7,67,208,78,48,77,50,51,10,4,6,0
S01009515,548,31,5,26,59,74,40,91,90,118,37,19,18,8
S01009516,605,26,4,22,114,81,54,94,109,109,15,11,4,3
S01009517,952,157,25,132,299,135,77,108,104,61,10,0,10,1
S01009518,915,138,37,101,329,122,110,82,81,50,3,0,3,0
S01009519,429,28,7,21,85,48,61,51,53,81,22,12,10,0
S01009520,752,134,44,90,192,81,83,56,83,90,19,16,3,14
S01009521,671,17,3,14,93,62,72,79,118,177,39,22,17,14
S01009522,917,47,7,40,110,91,92,95,197,199,71,32,39,15
S01009523,485,27,0,27,83,45,24,37,119,110,32,13,19,8
S01009524,584,21,1,20,135,50,30,60,123,92,55,30,25,18
S01009525,426,22,4,18,86,34,33,46,70,87,38,25,13,10
S01009526,570,73,6,67,185,63,44,65,65,43,13,3,10,19
S01009527,515,54,7,47,100,74,32,50,75,83,27,9,18,20
S01009528,292,41,10,31,64,30,25,25,58,41,7,3,4,1
S01009529,417,65,24,41,122,36,65,32,52,34,4,0,4,7
S01009530,435,88,23,65,151,63,39,37,38,12,2,2,0,5
S01009531,609,14,0,14,75,65,34,85,139,136,45,20,25,16
S01009532,515,11,6,5,83,56,30,75,88,127,40,18,22,5
S01009533,656,19,10,9,96,91,45,68,140,139,34,14,20,24
S01009534,738,17,5,12,72,39,35,79,160,160,146,82,64,30
S01009535,576,6,0,6,68,34,59,80,110,132,75,44,31,12
S01009536,470,36,22,14,81,39,46,54,77,99,28,10,18,10
S01009537,417,38,1,37,78,46,39,49,63,67,27,4,23,10
S01009538,617,44,7,37,109,55,42,85,128,85,49,24,25,20
S01009539,690,28,12,16,135,103,65,112,95,133,8,2,6,11
S01009540,672,20,9,11,118,45,44,85,157,143,54,23,31,6
S01009541,606,47,21,26,139,60,81,75,85,106,8,0,8,5
S01009542,667,17,0,17,68,71,66,73,144,157,62,17,45,9
S01009543,378,26,8,18,70,35,45,49,54,84,9,1,8,6
S01009544,671,38,1,37,157,80,72,71,113,104,24,11,13,12
S01009545,634,17,13,4,121,74,71,69,116,112,50,26,24,4
S01009546,874,43,13,30,174,82,73,132,157,166,45,14,31,2
S01009547,634,54,14,40,110,39,67,77,120,110,34,23,11,23
S01009548,569,48,23,25,101,58,53,82,101,100,18,0,18,8
S01009549,650,50,20,30,137,63,69,85,116,103,20,4,16,7
S01009550,426,60,26,34,91,68,31,53,71,37,13,11,2,2
S01009551,448,22,9,13,79,51,45,60,106,59,25,12,13,1
S01009552,657,54,12,42,115,56,92,77,128,120,12,2,10,3
S01009553,711,31,10,21,81,40,38,138,150,150,73,24,49,10
S01009554,541,37,22,15,88,31,67,63,124,89,39,7,32,3
S01009555,590,37,11,26,119,63,94,59,81,86,44,17,27,7
S01009556,666,19,4,15,96,66,41,81,173,127,47,10,37,16
S01009557,588,20,6,14,68,42,38,62,162,126,68,16,52,2
S01009558,585,13,4,9,58,56,34,60,158,125,60,18,42,21
S01009559,750,13,0,13,83,70,50,102,193,169,65,34,31,5
S01009560,634,19,7,12,130,55,27,47,154,130,61,31,30,11
S01009561,441,19,0,19,93,37,33,53,100,65,32,12,20,9
S01009562,590,31,3,28,123,61,33,84,123,99,20,9,11,16
S01009563,598,30,11,19,99,67,44,83,104,131,32,18,14,8
S01009564,487,44,15,29,120,64,46,58,72,70,9,6,3,4
S01009565,504,23,4,19,92,62,24,56,93,124,23,12,11,7
S01009566,946,49,10,39,212,81,82,119,210,142,28,10,18,23
S01009567,727,36,4,32,109,105,53,108,140,119,40,11,29,17
S01009568,599,19,3,16,124,68,53,83,115,92,28,11,17,17
S01009569,622,26,2,24,122,80,24,69,143,125,26,13,13,7
S01009570,454,7,2,5,109,46,29,60,89,85,21,15,6,8
S01009571,616,3,0,3,99,51,36,86,143,92,86,46,40,20
S01009572,867,30,12,18,138,94,40,83,209,170,83,35,48,20
S01009573,638,19,1,18,59,60,21,99,146,145,71,28,43,18
S01009574,779,27,5,22,132,56,53,108,155,206,29,11,18,13
S01009575,430,21,8,13,88,73,26,77,63,59,19,7,12,4
S01009576,425,71,20,51,99,66,56,42,60,13,10,10,0,8
S01009577,584,77,22,55,190,42,72,70,67,54,12,12,0,0
S01009578,675,39,13,26,145,86,52,64,118,131,36,23,13,4
S01009579,910,111,45,66,243,88,74,133,110,101,45,22,23,5
S01009580,883,114,33,81,245,123,81,116,105,77,13,3,10,9
S01009581,453,23,6,17,93,65,36,49,73,77,23,3,20,14
S01009582,442,28,3,25,81,69,45,73,87,40,15,0,15,4
S01009583,698,28,1,27,126,94,55,77,159,100,44,20,24,15
S01009584,410,46,15,31,116,36,76,48,48,30,8,1,7,2
S01009585,864,28,11,17,145,112,65,125,209,143,25,5,20,12
S01009586,476,23,17,6,109,59,42,92,68,66,17,12,5,0
S01009587,496,38,12,26,83,52,29,81,105,72,30,16,14,6
S01009588,782,49,8,41,160,76,43,117,174,132,16,3,13,15
S01009589,806,25,14,11,145,87,51,153,148,141,38,20,18,18
S01009590,603,84,17,67,226,76,56,54,66,38,0,0,0,3
S01009591,531,73,12,61,156,59,56,54,87,36,2,0,2,8
S01009592,404,80,18,62,123,22,63,41,43,27,2,0,2,3
S01009593,501,121,35,86,136,58,55,67,40,18,6,5,1,0
S01009594,605,112,29,83,184,78,45,91,56,38,1,0,1,0
S01009595,483,97,43,54,170,57,51,49,39,14,6,0,6,0
S01009596,694,38,14,24,114,68,62,85,173,110,26,13,13,18
S01009597,826,17,1,16,100,84,70,117,197,144,67,24,43,30
S01009598,593,13,3,10,75,55,59,58,154,112,49,15,34,18
S01009599,767,43,15,28,127,119,47,101,166,113,34,16,18,17
S01009600,518,13,3,10,83,49,31,53,126,112,43,19,24,8
S01009601,612,14,6,8,99,71,38,124,125,96,41,16,25,4
S01009602,700,125,40,85,273,59,46,58,84,48,7,0,7,0
S01009603,485,72,28,44,139,55,65,37,67,29,17,14,3,4
S01009604,713,60,21,39,233,90,40,96,94,67,19,14,5,14
S01009605,633,49,14,35,108,80,48,108,109,80,43,29,14,8
S01009606,502,99,19,80,200,47,29,51,50,18,8,4,4,0
S01009607,414,77,36,41,155,30,50,34,23,35,5,0,5,5
S01009608,500,39,11,28,101,66,45,62,95,70,18,7,11,4
S01009609,664,73,19,54,175,71,64,74,95,80,15,6,9,17
S01009610,763,52,8,44,207,91,56,91,118,115,25,10,15,8
S01009611,410,81,25,56,79,59,72,42,52,20,1,1,0,4
S01009612,485,47,15,32,98,45,50,57,88,76,18,14,4,6
S01009613,402,36,8,28,153,31,88,37,46,11,0,0,0,0
S01009614,395,42,15,27,100,22,68,62,53,45,3,1,2,0
S01009615,277,23,6,17,76,42,28,34,34,31,2,1,1,7
S01009616,621,43,8,35,92,50,63,106,132,103,26,5,21,6
S01009617,629,65,11,54,145,65,57,115,86,85,9,2,7,2
S01009618,575,10,4,6,101,61,51,81,120,99,45,23,22,7
S01009619,501,24,1,23,76,45,41,86,112,68,34,21,13,15
S01009620,625,14,1,13,69,34,35,113,159,149,42,24,18,10
S01009621,614,24,8,16,87,66,61,89,118,102,67,28,39,0
S01009622,627,10,0,10,67,72,54,55,137,126,93,47,46,13
S01009623,387,10,1,9,25,41,29,64,90,83,29,18,11,16
S01009624,709,17,4,13,93,56,50,117,172,167,37,15,22,0
S01009625,722,14,6,8,64,60,39,102,189,162,69,30,39,23
S01009626,510,11,2,9,43,29,35,31,165,130,61,17,44,5
S01009627,677,20,2,18,98,50,56,85,145,181,38,17,21,4
S01009628,284,15,6,9,18,30,12,24,74,86,22,7,15,3
S01009629,933,26,8,18,103,88,72,143,197,186,104,64,40,14
S01009630,705,25,13,12,86,77,25,57,160,171,88,42,46,16
S01009631,569,6,0,6,48,29,32,65,158,156,67,41,26,8
S01009632,453,11,7,4,34,37,28,50,133,102,58,29,29,0
S01009633,671,8,1,7,36,48,50,70,151,192,94,43,51,22
S01009634,343,8,1,7,34,33,9,48,99,73,28,12,16,11
S01009635,705,36,4,32,105,69,43,95,148,161,44,19,25,4
S01009636,774,11,3,8,53,53,61,112,178,160,135,73,62,11
S01009637,600,36,2,34,86,49,35,96,146,110,29,20,9,13
S01009638,678,22,3,19,85,31,40,60,171,154,108,47,61,7
S01009639,580,68,13,55,186,76,58,71,61,38,22,16,6,0
S01009640,421,12,0,12,69,44,24,65,97,70,31,16,15,9
S01009641,556,25,2,23,102,69,49,60,99,85,61,35,26,6
S01009642,743,51,9,42,166,89,59,96,133,117,25,18,7,7
S01009643,545,51,19,32,172,70,36,77,79,50,0,0,0,10
S01009644,665,47,7,40,89,74,49,110,103,143,46,23,23,4
S01009645,514,19,5,14,81,66,49,101,88,74,27,18,9,9
S01009646,490,11,0,11,88,30,36,46,136,100,35,19,16,8
S01009647,443,12,0,12,46,35,45,48,95,92,57,25,32,13
S01009648,681,22,3,19,124,57,51,111,145,122,41,15,26,8
S01009649,874,44,18,26,214,80,53,112,184,125,58,30,28,4
S01009650,520,63,12,51,193,48,56,65,43,45,7,2,5,0
S01009651,670,99,4,95,195,42,124,67,60,64,18,8,10,1
S01009652,492,141,24,117,145,44,72,26,35,24,3,2,1,2
S01009653,413,82,31,51,143,28,48,41,39,26,2,2,0,4
S01009654,447,38,4,34,136,66,59,24,57,48,5,1,4,14
S01009655,709,14,2,12,92,37,38,87,190,203,42,22,20,6
S01009656,536,19,7,12,67,23,42,63,101,149,64,32,32,8
S01009657,639,52,5,47,133,45,84,101,104,77,31,9,22,12
S01009658,662,22,5,17,87,51,36,101,174,151,40,28,12,0
S01009659,399,22,3,19,83,35,34,43,68,78,35,12,23,1
S01009660,950,28,5,23,202,97,64,111,225,161,39,26,13,23
S01009661,640,104,25,79,185,34,166,41,37,42,13,5,8,18
S01009662,584,72,16,56,160,67,90,80,45,53,8,4,4,9
S01009663,544,89,21,68,201,54,42,59,44,37,11,0,11,7
S01009664,718,164,40,124,178,77,98,54,51,78,11,7,4,7
S01009665,523,80,30,50,110,44,54,34,65,103,19,8,11,14
S01009666,591,74,10,64,150,64,94,63,47,67,24,7,17,8
S01009667,407,67,22,45,138,36,62,39,43,21,1,1,0,0
S01009668,503,86,11,75,157,50,48,57,35,59,11,4,7,0
S01009669,353,58,8,50,89,36,57,45,38,30,0,0,0,0
S01009670,642,127,22,105,179,49,70,52,66,60,23,6,17,16
S01009671,513,64,17,47,171,69,64,44,60,28,11,3,8,2
S01009672,664,48,23,25,117,61,69,108,126,123,9,3,6,3
S01009673,628,73,21,52,176,56,86,46,62,102,11,10,1,16
S01009674,688,128,37,91,199,63,104,55,56,64,12,5,7,7
S01009675,701,122,35,87,211,69,90,63,55,79,9,3,6,3
S01009676,677,77,29,48,196,53,103,88,92,62,6,6,0,0
S01009677,484,102,15,87,101,31,134,39,42,26,4,0,4,5
S01009678,442,48,3,45,69,49,68,77,74,45,2,2,0,10
S01009679,716,57,10,47,172,73,71,68,98,140,27,16,11,10
S01009680,674,67,20,47,163,58,80,92,117,72,18,6,12,7
S01009681,502,42,10,32,124,45,44,82,64,88,7,3,4,6
S01009682,493,79,9,70,185,47,50,34,49,42,3,0,3,4
S01009683,564,125,29,96,179,60,46,50,56,28,8,4,4,12
S01009684,961,222,47,175,304,92,143,63,66,50,17,7,10,4
S01009685,515,40,11,29,109,35,64,87,82,85,10,0,10,3
S01009686,918,117,15,102,209,54,65,103,159,120,40,25,15,51
S01009687,605,59,8,51,176,72,71,66,46,95,15,5,10,5
S01009688,756,29,5,24,88,57,44,112,171,169,66,41,25,20
S01009689,503,70,14,56,125,34,37,53,74,61,24,8,16,25
S01009690,590,84,13,71,161,59,52,69,72,67,25,10,15,1
S01009691,466,92,25,67,164,50,53,30,37,25,6,0,6,9
S01009692,729,127,25,102,224,61,76,71,84,74,5,2,3,7
S01009693,501,85,22,63,162,79,45,64,42,14,6,2,4,4
S01009694,666,153,34,119,215,75,56,54,54,53,2,2,0,4
S01009695,463,89,36,53,152,39,74,31,23,42,9,5,4,4
S01009696,724,167,31,136,214,40,122,59,66,41,13,6,7,2
S01009697,542,129,14,115,132,35,104,53,37,30,5,0,5,17
S01009698,480,99,35,64,124,23,116,45,42,16,0,0,0,15
S01009699,303,48,13,35,70,26,44,45,36,28,4,4,0,2
S01009700,494,49,4,45,98,41,94,58,68,74,4,4,0,8
S01009701,242,48,11,37,65,9,43,33,16,21,3,0,3,4
S01009702,504,81,9,72,117,24,125,48,39,54,11,1,10,5
S01009703,425,48,13,35,100,48,64,54,53,52,3,3,0,3
S01009704,689,81,16,65,158,48,156,86,76,68,8,4,4,8
S01009705,575,26,2,24,99,31,101,99,105,86,14,4,10,14
S01009706,484,51,25,26,84,44,103,51,65,55,18,10,8,13
S01009707,400,67,18,49,117,39,59,43,37,26,2,2,0,10
S01009708,448,68,18,50,93,35,93,51,57,39,3,1,2,9
S01009709,592,77,14,63,129,36,80,83,69,85,22,4,18,11
S01009710,485,51,5,46,118,27,102,85,37,48,13,4,9,4
S01009711,601,50,10,40,89,47,159,58,101,66,20,11,9,11
S01009712,462,62,4,58,112,23,87,59,63,38,13,6,7,5
S01009713,608,102,21,81,114,31,135,73,64,62,12,1,11,15
S01009714,627,127,25,102,159,54,96,68,63,39,14,4,10,7
S01009715,487,101,19,82,103,24,101,39,69,28,12,1,11,10
S01009716,513,125,15,110,84,37,60,46,52,34,0,0,0,75
S01009717,589,33,2,31,77,23,44,49,92,65,21,6,15,185
S01009718,614,53,1,52,99,24,34,81,72,119,13,2,11,119
S01009719,586,49,10,39,88,42,61,72,81,109,13,6,7,71
S01009720,603,74,6,68,83,27,28,98,79,113,8,1,7,93
S01009721,557,21,0,21,22,9,10,15,11,8,4,2,2,457
S01009722,712,56,7,49,48,9,27,19,18,16,1,1,0,518
S01009723,545,42,2,40,33,14,9,17,6,19,2,1,1,403
S01009724,807,71,2,69,81,29,52,62,86,96,14,8,6,316
S01009725,605,44,4,40,29,11,10,29,21,9,14,7,7,438
S01009726,508,38,5,33,28,9,32,3,9,0,2,0,2,387
S01009727,741,182,46,136,159,28,84,51,79,54,15,2,13,89
S01009728,563,156,31,125,198,41,70,33,8,25,2,2,0,30
S01009729,421,127,14,113,129,36,40,30,14,14,2,2,0,29
S01009730,442,60,4,56,66,56,41,45,39,54,6,2,4,75
S01009731,364,103,11,92,91,34,39,9,12,7,0,0,0,69
S01009732,650,88,9,79,82,14,64,20,27,17,10,5,5,328
S01009733,389,108,20,88,91,20,63,24,29,48,2,0,2,4
S01009734,703,193,39,154,182,54,92,68,34,31,4,2,2,45
S01009735,507,196,34,162,144,27,73,8,2,5,1,1,0,51
S01009736,558,52,4,48,43,15,29,5,13,3,2,2,0,396
S01009737,676,22,8,14,267,125,40,59,66,84,2,0,2,11
S01009738,356,34,8,26,72,33,54,57,52,37,7,3,4,10
S01009739,732,159,108,51,326,62,34,49,32,54,4,0,4,12
S01009740,428,31,17,14,107,39,48,78,39,52,20,7,13,14
S01009741,562,12,8,4,382,86,6,18,27,24,3,0,3,4
S01009742,406,112,25,87,139,37,46,23,28,19,1,1,0,1
S01009743,717,148,27,121,194,59,105,85,51,56,9,0,9,10
S01009744,551,112,24,88,166,76,67,47,37,40,2,1,1,4
S01009745,876,169,44,125,276,110,91,88,96,34,1,0,1,11
S01009746,480,109,17,92,130,23,115,20,52,28,0,0,0,3
S01009747,541,67,14,53,142,68,49,50,59,69,26,3,23,11
S01009748,571,146,24,122,183,63,42,43,44,40,1,0,1,9
S01009749,755,183,34,149,217,60,65,74,57,80,11,5,6,8
S01009750,550,55,6,49,161,53,49,60,75,78,16,1,15,3
S01009751,672,65,12,53,125,94,50,67,120,119,18,7,11,14
S01009752,463,190,9,181,163,37,36,10,16,6,3,2,1,2
S01009753,498,127,12,115,154,47,72,12,47,29,6,3,3,4
S01009754,639,161,21,140,179,64,62,43,62,44,16,6,10,8
S01009755,559,175,32,143,166,58,34,43,29,37,14,12,2,3
S01009756,587,190,47,143,165,41,57,40,33,53,4,4,0,4
S01009757,534,196,17,179,172,35,52,31,29,6,6,1,5,7
S01009758,494,53,10,43,109,102,43,48,68,48,11,6,5,12
S01009759,869,11,2,9,53,53,52,71,246,226,115,65,50,42
S01009760,772,21,0,21,72,104,65,73,187,173,66,36,30,11
S01009761,798,64,10,54,151,105,88,108,133,112,34,23,11,3
S01009762,852,9,3,6,86,53,28,94,212,215,104,62,42,51
S01009763,723,177,40,137,196,69,153,22,43,37,16,9,7,10
S01009764,630,31,4,27,102,51,33,63,168,98,70,33,37,14
S01009765,868,36,0,36,167,129,110,126,143,88,51,29,22,18
S01009766,524,37,2,35,130,69,41,92,85,52,6,0,6,12
S01009767,444,8,3,5,60,49,32,41,90,99,57,40,17,8
S01009768,585,49,4,45,95,71,79,44,103,76,54,25,29,14
S01009769,591,47,7,40,158,56,65,63,116,58,16,6,10,12
S01009770,648,51,11,40,165,84,82,91,119,35,13,11,2,8
S01009771,833,71,19,52,199,104,157,99,95,74,26,17,9,8
S01009772,578,54,11,43,128,104,52,55,77,87,12,1,11,9
S01009773,618,95,9,86,159,36,143,60,58,21,13,12,1,33
S01009774,556,95,5,90,175,24,105,60,31,41,19,13,6,6
S01009775,666,30,10,20,60,49,20,97,173,127,64,43,21,46
S01009776,609,10,0,10,51,46,10,64,169,135,114,60,54,10
S01009777,432,13,0,13,48,56,30,48,108,78,28,14,14,23
S01009778,593,5,3,2,50,33,33,62,185,165,39,33,6,21
S01009779,427,3,2,1,28,42,24,43,106,112,41,14,27,28
S01009780,580,9,3,6,32,17,23,38,176,154,111,61,50,20
S01009781,460,1,0,1,45,52,14,31,143,117,50,28,22,7
S01009782,545,48,0,48,77,62,81,57,84,57,68,29,39,11
S01009783,679,13,0,13,95,59,28,64,184,141,87,56,31,8
S01009784,655,18,4,14,60,72,17,67,177,167,59,19,40,18
S01009785,671,10,5,5,45,73,29,46,162,193,99,83,16,14
S01009786,812,18,5,13,84,99,41,56,219,191,91,35,56,13
S01009787,715,16,10,6,77,79,38,64,172,152,113,65,48,4
S01009788,609,21,0,21,82,87,53,62,118,143,33,13,20,10
S01009789,709,28,8,20,77,85,56,86,176,142,46,23,23,13
S01009790,517,21,11,10,62,73,15,60,111,121,48,28,20,6
S01009791,553,17,3,14,67,42,46,44,117,111,96,51,45,13
S01009792,925,154,30,124,268,94,133,78,101,46,30,25,5,21
S01009793,710,59,15,44,164,126,81,96,81,69,12,4,8,22
S01009794,489,73,12,61,155,88,27,45,45,40,9,7,2,7
S01009795,803,144,42,102,270,115,102,53,60,42,13,3,10,4
S01009796,646,70,21,49,186,67,135,67,76,28,17,13,4,0
S01009797,683,82,10,72,216,88,77,80,61,50,23,16,7,6
S01009798,677,90,19,71,224,80,99,70,41,52,10,5,5,11
S01009799,711,9,0,9,37,85,45,54,202,173,92,49,43,14
S01009800,985,22,4,18,130,133,87,83,243,160,92,65,27,35
S01009801,766,11,1,10,107,111,26,77,164,180,74,47,27,16
S01009802,929,41,5,36,162,124,53,122,189,145,79,53,26,14
S01009803,663,7,4,3,87,77,46,45,149,138,70,39,31,44
S01009804,363,78,9,69,122,42,17,39,36,17,5,4,1,7
S01009805,835,74,7,67,91,109,27,40,196,164,97,58,39,37
S01009806,627,29,7,22,111,93,54,60,154,92,27,18,9,7
S01009807,875,29,5,24,113,130,45,126,188,109,106,74,32,29
S01009808,817,9,4,5,89,81,65,63,192,143,124,89,35,51
S01009809,590,43,4,39,113,66,30,62,135,100,28,19,9,13
S01009810,703,19,3,16,100,98,26,84,159,114,79,39,40,24
S01009811,820,25,9,16,132,108,61,65,181,148,89,70,19,11
S01009812,579,19,5,14,96,77,69,46,119,99,49,33,16,5
S01009813,657,7,0,7,60,68,51,53,138,88,162,117,45,30
S01009814,673,80,13,67,155,72,53,84,72,106,35,29,6,16
S01009815,615,39,11,28,157,102,26,56,76,101,42,33,9,16
S01009816,617,37,4,33,127,109,50,85,114,75,10,5,5,10
S01009817,511,32,9,23,110,69,28,61,92,75,37,22,15,7
S01009818,626,77,10,67,207,101,81,39,56,53,9,7,2,3
S01009819,456,55,8,47,101,80,69,29,49,55,6,0,6,12
S01009820,758,79,26,53,184,129,62,59,120,92,22,14,8,11
S01009821,545,82,16,66,160,65,49,28,60,78,17,10,7,6
S01009822,412,32,4,28,83,71,9,49,74,68,21,10,11,5
S01009823,570,21,8,13,57,60,32,65,138,110,60,46,14,27
S01009824,761,39,0,39,123,84,54,130,164,133,29,23,6,5
S01009825,856,47,17,30,142,120,43,82,156,199,49,29,20,18
S01009826,488,9,2,7,69,49,29,49,141,93,46,25,21,3
S01009827,707,14,4,10,90,64,47,80,180,183,34,19,15,15
S01009828,577,18,2,16,87,66,33,63,110,116,75,48,27,9
S01009829,820,55,11,44,141,144,49,81,141,140,56,30,26,13
S01009830,661,15,6,9,112,135,25,56,146,120,41,25,16,11
S01009831,702,31,4,27,131,137,28,77,129,125,25,15,10,19
S01009832,809,79,11,68,171,137,49,81,125,111,35,20,15,21
S01009833,473,22,2,20,156,57,39,39,58,76,14,3,11,12
S01009834,790,37,8,29,136,125,37,66,157,134,72,33,39,26
S01009835,446,11,5,6,48,56,25,25,118,110,35,23,12,18
S01009836,781,52,25,27,165,92,46,111,135,133,40,27,13,7
S01009837,490,8,5,3,68,65,19,55,121,93,46,33,13,15
S01009838,611,20,1,19,105,66,28,48,104,129,79,30,49,32
S01009839,902,34,5,29,112,134,22,77,205,169,116,63,53,33
S01009840,716,38,2,36,100,93,37,70,135,164,75,41,34,4
S01009841,691,22,7,15,101,85,35,72,130,123,96,67,29,27
S01009842,635,27,2,25,79,49,33,55,111,133,105,72,33,43
S01009843,562,12,0,12,56,54,3,83,82,137,127,87,40,8
S01009844,492,9,0,9,44,54,26,51,80,113,102,67,35,13
S01009845,722,30,8,22,59,68,33,72,148,134,143,90,53,35
S01009846,776,24,1,23,111,86,47,67,155,180,80,54,26,26
S01009847,544,11,2,9,64,70,16,52,121,134,51,34,17,25
S01009848,717,23,6,17,79,84,38,92,170,139,72,60,12,20
S01009849,517,38,2,36,111,58,14,49,112,91,27,14,13,17
S01009850,671,49,8,41,127,104,38,62,137,111,32,23,9,11
S01009851,580,29,2,27,100,66,39,69,124,98,43,18,25,12
S01009852,459,40,17,23,120,75,31,43,74,35,34,33,1,7
S01009853,692,43,9,34,126,135,65,43,119,110,40,17,23,11
S01009854,801,41,13,28,159,93,41,69,161,153,61,29,32,23
S01009855,467,55,5,50,121,77,33,56,59,39,6,2,4,21
S01009856,483,40,7,33,124,62,40,27,87,58,21,10,11,24
S01009857,724,81,4,77,186,88,62,53,121,100,25,19,6,8
S01009858,595,32,4,28,130,73,44,77,114,77,32,18,14,16
S01009859,849,32,3,29,109,85,27,51,181,197,144,104,40,23
S01009860,728,16,0,16,68,93,16,64,145,181,112,87,25,33
S01009861,923,25,0,25,124,70,47,75,174,224,151,102,49,33
S01009862,931,37,7,30,120,127,69,95,155,178,98,50,48,52
S01009863,733,49,9,40,105,102,53,60,159,85,77,57,20,43
S01009864,544,62,0,62,84,47,32,29,78,88,78,63,15,46
S01009865,403,27,1,26,66,56,49,45,62,48,35,18,17,15
S01009866,744,45,5,40,149,89,63,94,140,90,44,32,12,30
S01009867,878,143,13,130,212,162,73,50,76,71,32,19,13,59
S01009868,613,76,3,73,139,59,35,50,66,107,31,19,12,50
S01009869,503,45,4,41,99,66,36,63,60,40,23,14,9,71
S01009870,557,29,0,29,90,65,63,51,81,76,62,55,7,40
S01009871,740,88,9,79,104,80,119,42,118,78,54,35,19,57
S01009872,664,46,5,41,134,79,92,59,85,75,28,16,12,66
S01009873,712,168,17,151,162,61,130,33,63,45,37,18,19,13
S01009874,868,135,24,111,170,110,112,41,144,85,48,26,22,23
S01009875,674,51,7,44,98,73,77,41,87,69,122,96,26,56
S01009876,686,9,0,9,95,63,33,42,174,98,127,91,36,45
S01009877,713,213,24,189,209,28,122,27,45,31,29,17,12,9
S01009878,642,48,9,39,84,45,142,91,82,64,43,34,9,43
S01009879,766,302,65,237,186,29,133,32,32,25,11,4,7,16
S01009880,700,161,30,131,128,51,169,35,80,28,25,16,9,23
S01009881,509,22,1,21,82,47,92,56,62,54,52,43,9,42
S01009882,1063,184,12,172,264,94,102,63,130,40,76,50,26,110
S01009883,792,63,12,51,123,63,130,75,124,56,98,81,17,60
S01009884,772,71,4,67,170,67,125,88,93,67,62,46,16,29
S01009885,816,112,10,102,151,50,204,61,99,35,68,63,5,36
S01009886,714,102,0,102,124,55,106,46,105,53,82,73,9,41
S01009887,914,37,3,34,156,80,110,63,143,99,103,73,30,123
S01009888,674,59,7,52,104,39,111,61,95,83,67,48,19,55
S01009889,726,40,1,39,160,47,109,67,98,73,89,84,5,43
S01009890,500,23,1,22,55,42,41,51,97,93,70,37,33,28
S01009891,617,35,4,31,139,72,63,56,60,88,66,40,26,38
S01009892,694,32,10,22,110,58,25,87,136,140,79,59,20,27
S01009893,780,50,3,47,134,72,92,90,109,112,69,51,18,52
S01009894,688,24,4,20,93,81,57,70,131,123,54,33,21,55
S01009895,651,48,6,42,91,70,43,48,138,108,62,37,25,43
S01009896,858,23,1,22,104,78,111,70,188,140,107,83,24,37
S01009897,764,42,4,38,180,93,70,70,135,93,46,24,22,35
S01009898,506,14,1,13,49,55,102,47,113,54,62,35,27,10
S01009899,681,84,4,80,209,109,46,48,67,66,23,11,12,29
S01009900,784,133,11,122,312,102,38,29,99,39,17,5,12,15
S01009901,809,157,10,147,310,119,61,46,51,21,35,19,16,9
S01009902,669,55,0,55,140,69,72,55,112,82,63,37,26,21
S01009903,769,145,20,125,244,51,123,59,59,39,38,37,1,11
S01009904,665,120,16,104,237,82,59,28,49,36,25,23,2,29
S01009905,707,69,2,67,174,69,52,51,105,49,57,38,19,81
S01009906,628,99,9,90,130,76,43,61,85,64,28,22,6,42
S01009907,734,39,1,38,152,89,45,49,84,71,64,40,24,141
S01009908,959,196,17,179,342,59,94,68,103,30,33,27,6,34
S01009909,768,134,12,122,220,100,70,27,93,41,43,24,19,40
S01009910,511,75,16,59,163,77,35,20,60,42,20,14,6,19
S01009911,840,209,28,181,302,69,73,41,54,47,25,16,9,20
S01009912,723,239,30,209,175,38,141,52,37,21,10,9,1,10
S01009913,653,145,6,139,150,54,183,22,46,44,6,6,0,3
S01009914,792,233,36,197,233,39,195,20,24,16,25,23,2,7
S01009915,725,196,26,170,216,52,124,25,58,29,8,6,2,17
S01009916,847,123,12,111,191,34,293,60,90,22,34,27,7,0
S01009917,612,183,30,153,199,57,65,21,56,20,8,7,1,3
S01009918,615,170,20,150,196,40,91,22,56,22,9,1,8,9
S01009919,911,109,8,101,227,123,73,42,145,90,45,28,17,57
S01009920,748,183,15,168,235,99,40,60,53,47,14,7,7,17
S01009921,580,114,9,105,206,90,31,34,53,13,16,8,8,23
S01009922,928,211,19,192,309,119,60,54,79,27,26,20,6,43
S01009923,728,91,3,88,224,104,63,51,69,72,26,16,10,28
S01009924,914,164,23,141,256,154,64,54,91,64,26,21,5,41
S01009925,627,130,11,119,205,103,24,25,52,29,36,17,19,23
S01009926,683,117,12,105,211,73,68,28,82,45,34,29,5,25
S01009927,417,91,14,77,106,41,34,33,56,25,17,8,9,14
S01009928,733,263,32,231,240,71,81,25,21,14,10,3,7,8
S01009929,414,124,20,104,136,38,51,23,12,17,8,8,0,5
S01009930,781,140,14,126,256,97,75,49,82,37,27,0,27,18
S01009931,704,175,23,152,252,112,44,26,31,29,10,5,5,25
S01009932,548,104,13,91,186,76,44,35,37,30,12,8,4,24
S01009933,816,58,4,54,152,81,33,60,109,163,112,74,38,48
S01009934,812,180,33,147,244,73,69,64,82,40,31,23,8,29
S01009935,364,24,1,23,41,54,20,38,78,59,42,28,14,8
S01009936,531,54,5,49,143,61,32,38,60,92,24,10,14,27
S01009937,431,10,3,7,41,40,18,35,77,73,116,83,33,21
S01009938,666,55,3,52,94,67,58,66,109,135,60,42,18,22
S01009939,844,11,0,11,49,51,39,63,147,165,292,209,83,27
S01009940,700,8,2,6,68,82,35,60,206,151,79,50,29,11
S01009941,987,62,4,58,230,104,182,103,127,108,44,27,17,27
S01009942,854,9,0,9,118,70,46,46,183,256,103,78,25,23
S01009943,697,21,9,12,60,69,43,42,167,163,107,60,47,25
S01009944,651,45,3,42,135,95,50,54,139,88,25,15,10,20
S01009945,786,42,8,34,134,111,47,57,166,126,68,27,41,35
S01009946,682,41,19,22,131,109,54,63,120,105,45,35,10,14
S01009947,455,35,2,33,80,39,34,68,74,84,40,17,23,1
S01009948,645,22,2,20,103,66,40,44,131,131,64,40,24,44
S01009949,667,69,0,69,148,80,33,80,115,76,56,29,27,10
S01009950,619,210,36,174,212,41,70,20,32,19,10,5,5,5
S01009951,672,279,24,255,184,22,123,9,40,11,3,3,0,1
S01009952,587,181,36,145,181,50,56,24,51,29,15,12,3,0
S01009953,739,187,38,149,207,77,86,42,59,65,10,10,0,6
S01009954,559,113,30,83,121,57,153,22,35,29,16,10,6,13
S01009955,767,180,18,162,195,77,92,44,84,56,31,23,8,8
S01009956,620,65,12,53,140,93,71,75,90,51,27,14,13,8
S01009957,638,266,32,234,151,38,91,35,39,10,3,1,2,5
S01009958,793,195,16,179,269,80,102,37,67,28,9,3,6,6
S01009959,506,173,20,153,124,41,79,22,11,28,17,16,1,11
S01009960,683,177,31,146,224,75,100,25,32,30,14,14,0,6
S01009961,531,46,13,33,148,86,69,41,60,49,22,15,7,10
S01009962,837,117,12,105,206,156,53,86,103,61,35,23,12,20
S01009963,678,100,21,79,243,99,102,52,49,26,2,1,1,5
S01009964,824,179,32,147,239,84,118,44,75,56,21,15,6,8
S01009965,569,68,14,54,178,78,82,64,57,38,2,0,2,2
S01009966,665,94,32,62,183,90,62,71,75,61,21,6,15,8
S01009967,637,151,35,116,291,69,53,24,21,16,1,0,1,11
S01009968,500,24,12,12,123,109,70,48,53,63,8,8,0,2
S01009969,677,202,48,154,209,50,70,42,42,33,18,8,10,11
S01009970,798,10,1,9,63,113,33,58,185,205,106,53,53,25
S01009971,982,39,9,30,146,90,98,65,208,220,101,47,54,15
S01009972,679,52,7,45,163,76,85,71,91,82,44,35,9,15
S01009973,681,37,4,33,134,56,46,86,101,171,44,34,10,6
S01009974,547,7,0,7,26,81,34,43,132,136,80,43,37,8
S01009975,675,8,0,8,36,65,43,39,175,161,134,95,39,14
S01009976,442,3,0,3,37,30,14,49,97,150,57,43,14,5
S01009977,730,26,3,23,63,45,12,60,158,204,144,79,65,18
S01009978,958,26,11,15,107,87,42,90,236,224,113,70,43,33
S01009979,393,4,0,4,36,27,16,30,90,135,50,34,16,5
S01009980,496,5,1,4,56,26,18,30,120,140,90,58,32,11
S01009981,620,28,2,26,66,48,31,69,125,178,69,37,32,6
S01009982,965,32,2,30,144,107,88,73,186,213,93,63,30,29
S01009983,548,17,0,17,39,56,13,23,141,118,123,74,49,18
S01009984,701,27,4,23,76,69,67,94,118,167,69,34,35,14
S01009985,570,7,3,4,34,45,28,65,160,115,104,56,48,12
S01009986,463,11,0,11,41,59,10,21,106,116,99,58,41,0
S01009987,658,15,2,13,58,113,37,54,174,152,43,23,20,12
S01009988,373,4,0,4,37,37,11,24,92,104,57,33,24,7
S01009989,690,24,6,18,112,132,80,42,150,116,29,13,16,5
S01009990,600,30,7,23,119,105,25,60,110,116,22,9,13,13
S01009991,741,45,21,24,127,159,50,86,122,102,37,27,10,13
S01009992,557,4,0,4,63,63,28,65,163,76,81,47,34,14
S01009993,742,58,11,47,145,93,78,73,137,129,8,0,8,21
S01009994,668,34,8,26,141,98,74,73,120,100,25,17,8,3
S01009995,599,43,4,39,120,136,43,80,93,75,5,4,1,4
S01009996,682,59,19,40,132,95,50,75,98,127,36,19,17,10
S01009997,515,23,2,21,132,83,34,43,101,57,23,10,13,19
S01009998,493,72,27,45,135,44,117,47,24,37,12,11,1,5
S01009999,607,80,18,62,146,102,44,74,77,64,10,7,3,10
S01010000,567,19,0,19,148,78,47,49,116,87,16,3,13,7
S01010001,709,70,10,60,138,102,56,71,106,114,39,19,20,13
S01010002,696,40,3,37,137,142,61,89,122,75,23,12,11,7
S01010003,614,85,21,64,156,81,43,109,68,60,11,7,4,1
S01010004,595,84,20,64,220,40,93,36,67,34,14,8,6,7
S01010005,653,60,9,51,148,131,43,56,85,65,42,22,20,23
S01010006,733,88,10,78,212,113,20,52,94,95,40,16,24,19
S01010007,814,156,26,130,294,129,70,47,37,59,11,2,9,11
S01010008,561,85,14,71,184,82,40,28,67,43,16,7,9,16
S01010009,517,57,7,50,138,79,27,49,74,48,26,15,11,19
S01010010,865,181,43,138,267,83,109,45,92,66,14,9,5,8
S01010011,541,73,14,59,161,83,25,47,60,52,31,14,17,9
S01010012,705,68,6,62,164,92,103,59,78,88,27,24,3,26
S01010013,676,103,26,77,208,97,40,59,76,43,32,10,22,18
S01010014,889,146,29,117,314,115,79,66,75,49,27,18,9,18
S01010015,752,127,17,110,225,100,78,66,76,38,25,11,14,17
S01010016,548,13,4,9,102,70,38,68,135,83,28,15,13,11
S01010017,624,22,8,14,64,57,41,61,157,133,82,35,47,7
S01010018,744,38,6,32,142,121,43,70,126,141,49,31,18,14
S01010019,594,2,1,1,75,71,21,62,137,111,105,67,38,10
S01010020,578,21,8,13,82,91,45,59,126,130,19,14,5,5
S01010021,732,26,0,26,52,50,60,53,148,141,155,99,56,47
S01010022,843,47,4,43,125,102,47,71,162,162,96,48,48,31
S01010023,462,10,4,6,38,39,15,48,115,112,84,55,29,1
S01010024,639,38,2,36,104,63,17,48,168,102,65,43,22,34
S01010025,469,15,0,15,73,38,45,37,70,98,70,42,28,23
S01010026,807,64,11,53,165,68,40,50,141,140,87,58,29,52
S01010027,811,72,9,63,187,88,49,46,110,93,78,54,24,88
S01010028,501,40,0,40,83,46,23,44,90,89,52,26,26,34
S01010029,469,17,5,12,63,47,16,58,87,110,51,39,12,20
S01010030,745,162,16,146,175,78,21,70,78,87,20,9,11,54
S01010031,673,136,10,126,183,82,23,31,29,27,16,14,2,146
S01010032,514,86,4,82,130,68,14,29,49,13,34,27,7,91
S01010033,817,72,6,66,157,79,61,46,142,110,77,43,34,73
S01010034,659,54,11,43,103,60,19,56,112,133,90,66,24,32
S01010035,616,20,2,18,45,36,18,87,112,115,108,81,27,75
S01010036,796,82,5,77,126,78,30,35,76,32,22,14,8,315
S01010037,454,18,0,18,38,49,31,56,93,108,50,30,20,11
S01010038,833,43,1,42,113,61,40,55,206,152,79,52,27,84
S01010039,923,160,13,147,221,67,39,47,51,38,22,19,3,278
S01010040,681,90,9,81,177,82,49,48,89,65,26,18,8,55
S01010041,598,89,6,83,124,50,21,41,49,51,44,35,9,129
S01010042,1046,92,7,85,214,163,61,65,121,127,64,35,29,139
S01010043,683,44,3,41,97,80,26,66,123,120,93,50,43,34
S01010044,923,63,10,53,158,127,49,94,128,178,79,55,24,47
S01010045,454,8,2,6,33,31,12,25,124,124,84,59,25,13
S01010046,635,16,1,15,91,85,34,53,123,141,76,48,28,16
S01010047,659,9,4,5,49,60,44,50,154,186,92,60,32,15
S01010048,772,20,1,19,70,68,18,65,192,234,71,42,29,34
S01010049,723,12,4,8,32,41,36,51,204,224,103,64,39,20
S01010050,843,26,3,23,57,96,28,70,203,183,138,95,43,42
S01010051,542,6,2,4,43,53,28,37,97,143,103,70,33,32
S01010052,561,22,2,20,68,71,14,43,114,116,90,61,29,23
S01010053,760,28,5,23,64,77,39,76,179,159,85,69,16,53
S01010054,534,8,0,8,39,22,12,20,142,142,132,97,35,17
S01010055,835,34,6,28,135,93,32,63,177,167,86,41,45,48
S01010056,416,6,0,6,32,45,12,43,98,98,70,50,20,12
S01010057,345,15,4,11,52,39,14,38,70,62,39,32,7,16
S01010058,713,32,20,12,67,68,35,67,167,170,88,59,29,19
S01010059,541,33,2,31,97,69,32,45,103,102,30,12,18,30
S01010060,792,32,8,24,104,74,58,55,165,190,89,62,27,25
S01010061,462,12,0,12,104,72,40,40,84,65,21,6,15,24
S01010062,620,9,0,9,93,56,36,55,161,130,68,39,29,12
S01010063,809,29,8,21,88,83,40,85,178,175,103,59,44,28
S01010064,477,9,3,6,70,44,44,47,105,94,46,25,21,18
S01010065,684,8,2,6,80,50,38,62,150,208,76,55,21,12
S01010066,650,4,0,4,47,60,29,47,153,194,86,69,17,30
S01010067,546,4,1,3,34,38,22,35,146,154,102,59,43,11
S01010068,550,31,4,27,84,67,39,73,114,85,23,11,12,34
S01010069,738,34,12,22,169,134,109,53,125,99,6,3,3,9
S01010070,625,63,20,43,124,76,105,63,105,70,9,7,2,10
S01010071,636,28,11,17,144,84,93,66,85,106,21,9,12,9
S01010072,632,54,15,39,113,67,53,73,144,102,18,6,12,8
S01010073,577,39,11,28,135,64,62,82,90,78,11,7,4,16
S01010074,537,40,7,33,191,72,58,52,63,37,16,7,9,8
S01010075,431,15,8,7,54,55,33,31,101,115,20,10,10,7
S01010076,584,22,4,18,86,65,57,54,145,117,28,18,10,10
S01010077,508,8,2,6,86,54,44,44,130,88,41,34,7,13
S01010078,566,51,16,35,164,102,55,57,65,49,19,9,10,4
S01010079,741,160,44,116,228,56,138,59,29,40,9,3,6,22
S01010080,470,71,16,55,131,54,62,53,50,41,4,0,4,4
S01010081,514,73,11,62,128,66,127,35,19,40,12,11,1,14
S01010082,701,106,28,78,201,94,103,49,59,56,9,5,4,24
S01010083,552,18,0,18,81,74,35,57,115,115,41,24,17,16
S01010084,686,8,4,4,92,109,35,99,126,154,59,36,23,4
S01010085,603,55,19,36,159,89,71,92,60,66,11,3,8,0
S01010086,741,14,2,12,114,60,50,73,210,171,37,26,11,12
S01010087,418,71,23,48,109,46,70,29,48,41,4,2,2,0
S01010088,797,156,27,129,295,61,126,52,55,33,9,6,3,10
S01010089,530,27,4,23,84,72,59,61,79,79,33,8,25,36
S01010090,954,73,35,38,249,152,89,103,110,128,20,12,8,30
S01010091,811,62,11,51,244,99,86,88,108,85,20,9,11,19
S01010092,744,43,15,28,96,92,48,67,152,142,76,54,22,28
S01010093,747,68,30,38,170,112,81,105,86,76,25,13,12,24
S01010094,545,36,7,29,163,98,45,56,47,73,24,9,15,3
S01010095,559,58,6,52,135,90,65,53,60,81,14,4,10,3
S01010096,652,42,10,32,225,98,66,67,70,76,6,5,1,2
S01010097,603,61,13,48,115,85,67,57,101,85,28,21,7,4
S01010098,596,73,4,69,188,78,72,53,56,66,7,4,3,3
S01010099,544,55,6,49,156,89,65,68,66,38,5,3,2,2
S01010100,701,67,12,55,187,65,79,84,127,78,11,10,1,3
S01010101,586,42,13,29,157,67,91,53,87,75,8,1,7,6
S01010102,898,112,23,89,328,100,84,110,41,90,11,7,4,22
S01010103,927,59,3,56,252,106,162,146,86,97,6,6,0,13
S01010104,731,68,9,59,217,103,83,101,59,82,9,4,5,9
S01010105,391,10,4,6,39,31,10,26,110,100,56,30,26,9
S01010106,363,3,0,3,51,24,19,36,69,109,47,29,18,5
S01010107,712,11,0,11,72,62,52,74,167,151,64,31,33,59
S01010108,623,20,0,20,68,64,71,89,124,141,39,24,15,7
S01010109,690,47,4,43,100,70,52,66,108,145,62,48,14,40
S01010110,638,10,5,5,54,64,24,47,168,183,73,45,28,15
S01010111,886,11,1,10,107,62,25,75,192,247,139,92,47,28
S01010112,877,13,4,9,85,62,34,67,232,202,162,98,64,20
S01010113,502,14,7,7,33,47,24,24,120,119,102,68,34,19
S01010114,682,12,4,8,43,63,19,50,189,193,100,66,34,13
S01010115,593,15,0,15,112,65,50,83,117,89,49,26,23,13
S01010116,981,68,6,62,208,128,73,123,167,140,39,11,28,35
S01010117,618,78,13,65,155,70,73,64,73,78,14,6,8,13
S01010118,624,2,0,2,53,56,14,53,173,128,138,97,41,7
S01010119,517,9,0,9,57,31,22,47,141,142,54,30,24,14
S01010120,970,10,8,2,84,76,34,65,226,242,192,122,70,41
S01010121,604,4,0,4,51,58,33,48,194,112,88,57,31,16
S01010122,372,6,3,3,14,13,22,29,81,122,74,49,25,11
S01010123,667,20,4,16,52,71,26,23,185,190,88,74,14,12
S01010124,615,16,4,12,107,76,49,91,115,95,43,18,25,23
S01010125,522,17,6,11,57,48,42,52,114,114,69,43,26,9
S01010126,665,42,15,27,96,51,78,74,128,154,41,29,12,1
S01010127,487,22,4,18,51,65,22,39,112,117,47,30,17,12
S01010128,459,5,5,0,29,57,20,23,139,91,83,51,32,12
S01010129,655,5,0,5,71,51,20,45,152,164,120,62,58,27
S01010130,319,3,0,3,35,34,15,39,91,73,25,13,12,4
S01010131,756,64,15,49,188,98,118,97,68,95,20,3,17,8
S01010132,750,19,7,12,53,86,46,49,178,187,101,58,43,31
S01010133,540,5,0,5,70,51,39,67,147,110,41,23,18,10
S01010134,752,23,2,21,104,94,59,80,138,186,56,22,34,12
S01010135,582,11,4,7,83,48,28,52,139,171,46,32,14,4
S01010136,659,32,9,23,131,74,68,80,114,107,36,15,21,17
S01010137,652,27,6,21,121,83,37,74,146,109,38,26,12,17
S01010138,748,30,20,10,64,74,43,67,159,158,134,74,60,19
S01010139,782,21,2,19,97,109,55,104,142,168,67,36,31,19
S01010140,716,43,10,33,130,128,38,66,103,133,55,32,23,20
S01010141,675,20,5,15,59,58,40,48,164,162,105,78,27,19
S01010142,510,10,4,6,66,47,60,49,103,105,55,39,16,15
S01010143,531,10,2,8,74,59,46,46,137,114,33,22,11,12
S01010144,649,13,2,11,101,71,38,63,134,145,58,38,20,26
S01010145,653,24,2,22,99,80,55,60,142,128,55,29,26,10
S01010146,706,15,1,14,83,57,46,63,157,162,97,53,44,26
S01010147,873,11,8,3,69,103,38,65,223,179,169,101,68,16
S01010148,691,11,0,11,55,69,27,74,168,140,123,64,59,24
S01010149,460,22,0,22,102,68,60,45,65,73,19,11,8,6
S01010150,436,11,2,9,46,40,26,43,105,102,52,41,11,11
S01010151,400,14,1,13,45,54,21,14,98,89,50,27,23,15
S01010152,627,18,7,11,63,99,37,74,120,158,30,17,13,28
S01010153,647,39,20,19,119,59,47,72,131,127,32,17,15,21
S01010154,569,24,3,21,82,73,26,34,132,124,57,41,16,17
S01010155,494,18,4,14,72,72,25,71,104,94,35,20,15,3
S01010156,411,23,3,20,21,33,60,13,104,101,50,22,28,6
S01010157,453,11,2,9,54,46,20,32,110,105,75,39,36,0
S01010158,675,27,4,23,80,115,37,64,139,160,35,27,8,18
S01010159,515,15,1,14,82,44,44,58,132,109,25,19,6,6
S01010160,576,5,0,5,25,37,54,72,100,157,96,56,40,30
S01010161,591,25,8,17,81,43,60,61,154,125,40,33,7,2
S01010162,706,10,2,8,37,68,32,46,172,157,164,105,59,20
S01010163,524,11,5,6,46,67,20,31,113,150,65,44,21,21
S01010164,648,12,6,6,63,64,52,78,150,137,81,52,29,11
S01010165,542,0,0,0,52,44,12,31,158,112,119,99,20,14
S01010166,577,6,4,2,65,57,38,67,164,129,40,28,12,11
S01010167,581,8,2,6,35,82,38,42,123,163,74,41,33,16
S01010168,446,8,4,4,65,66,37,41,100,78,51,26,25,0
S01010169,781,11,0,11,140,54,47,61,201,145,106,70,36,16
S01010170,471,3,0,3,59,37,28,34,110,129,60,36,24,11
S01010171,902,11,3,8,62,74,51,101,200,190,201,139,62,12
S01010172,470,15,0,15,84,73,29,50,68,91,56,33,23,4
S01010173,579,22,4,18,79,71,58,70,121,109,45,34,11,4
S01010174,471,26,6,20,81,75,52,73,44,85,28,20,8,7
S01010175,402,16,5,11,64,71,31,26,59,109,26,16,10,0
S01010176,532,25,6,19,71,66,48,48,105,100,51,33,18,18
S01010177,695,16,7,9,61,82,32,55,147,155,121,83,38,26
S01010178,939,16,5,11,84,98,31,76,218,221,184,131,53,11
S01010179,719,7,0,7,51,84,24,53,153,232,89,71,18,26
S01010180,535,28,1,27,97,74,47,48,110,72,43,36,7,16
S01010181,522,7,0,7,61,48,28,30,123,100,120,71,49,5
S01010182,573,64,24,40,127,63,76,57,88,75,14,8,6,9
S01010183,353,13,0,13,38,39,11,47,96,69,31,21,10,9
S01010184,516,10,3,7,46,59,14,56,146,119,59,24,35,7
S01010185,531,4,0,4,59,30,28,61,154,122,57,23,34,16
S01010186,585,29,11,18,149,77,82,62,75,93,16,8,8,2
S01010187,574,32,9,23,131,91,49,78,79,85,12,5,7,17
S01010188,609,85,26,59,152,74,85,58,62,55,28,25,3,10
S01010189,951,115,14,101,279,139,112,120,61,106,10,9,1,9
S01010190,720,180,45,135,180,43,144,63,58,17,13,4,9,22
S01010191,707,102,5,97,214,81,83,75,67,73,8,4,4,4
S01010192,852,148,23,125,213,100,92,111,81,79,21,16,5,7
S01010193,636,85,19,66,174,76,104,77,79,25,8,6,2,8
S01010194,470,17,0,17,86,67,24,59,89,103,21,16,5,4
S01010195,444,20,5,15,44,72,33,36,83,120,34,26,8,2
S01010196,560,13,5,8,65,76,16,49,124,166,44,36,8,7
S01010197,564,5,0,5,75,58,18,43,146,174,38,24,14,7
S01010198,758,18,3,15,96,85,66,70,175,179,52,40,12,17
S01010199,440,19,0,19,45,44,18,29,88,115,77,53,24,5
S01010200,503,4,1,3,84,78,42,49,106,109,27,20,7,4
S01010201,519,22,18,4,60,63,37,68,100,132,31,12,19,6
S01010202,740,16,0,16,64,74,33,45,196,147,134,96,38,31
S01010203,624,65,19,46,123,82,50,82,93,89,25,22,3,15
S01010204,698,2,0,2,51,72,28,66,195,169,104,84,20,11
S01010205,557,23,2,21,85,48,32,51,103,128,63,42,21,24
S01010206,492,18,2,16,11,18,18,23,53,46,259,240,19,46
S01010207,726,18,5,13,76,13,53,39,108,101,263,236,27,55
S01010208,790,35,4,31,174,136,54,69,106,123,58,31,27,35
S01010209,721,52,5,47,102,94,25,90,137,121,89,42,47,11
S01010210,672,40,0,40,142,80,50,45,144,121,34,18,16,16
S01010211,667,12,4,8,80,94,25,69,158,137,82,51,31,10
S01010212,895,25,0,25,71,82,19,82,203,201,161,105,56,51
S01010213,678,21,8,13,80,99,14,89,175,153,41,30,11,6
S01010214,782,51,2,49,141,95,83,118,127,132,32,14,18,3
S01010215,628,8,2,6,46,84,26,70,150,134,87,45,42,23
S01010216,507,14,2,12,56,46,42,27,121,100,84,54,30,17
S01010217,769,22,8,14,69,57,9,66,160,169,176,112,64,41
S01010218,905,30,3,27,145,116,49,77,217,128,118,73,45,25
S01010219,458,13,6,7,44,44,12,35,113,67,77,56,21,53
S01010220,470,97,2,95,105,53,32,20,43,31,8,5,3,81
S01010221,380,9,3,6,33,33,9,41,106,67,68,53,15,14
S01010222,422,23,9,14,43,58,24,55,82,63,42,24,18,32
S01010223,459,25,6,19,57,41,28,53,90,88,50,42,8,27
S01010224,906,39,6,33,103,66,24,58,181,211,181,127,54,43
S01010225,728,27,1,26,133,73,15,46,139,120,123,105,18,52
S01010226,767,34,0,34,64,45,73,77,164,109,140,104,36,61
S01010227,662,37,4,33,45,17,30,48,117,117,202,174,28,49
S01010228,484,8,3,5,31,50,19,33,139,125,71,61,10,8
S01010229,900,38,4,34,142,78,48,98,186,199,80,65,15,31
S01010230,877,37,6,31,70,56,36,59,179,147,162,123,39,131
S01010231,860,47,0,47,93,112,38,48,247,135,98,57,41,42
S01010232,1024,46,10,36,78,102,49,57,207,229,177,122,55,79
S01010233,884,22,0,22,91,54,43,66,183,146,224,161,63,55
S01010234,787,103,7,96,191,89,48,40,108,77,34,22,12,97
S01010235,773,155,10,145,198,64,14,51,54,25,18,9,9,194
S01010236,654,76,13,63,171,74,44,71,82,43,29,24,5,64
S01010237,577,74,10,64,152,69,38,50,79,47,14,4,10,54
S01010238,730,66,5,61,154,95,53,55,86,62,47,25,22,112
S01010239,662,32,3,29,71,89,13,37,157,138,75,31,44,50
S01010240,617,51,5,46,136,93,9,43,109,94,34,25,9,48
S01010241,830,70,19,51,172,108,47,48,139,128,50,23,27,68
S01010242,745,42,0,42,101,93,41,40,130,142,92,61,31,64
S01010243,966,26,5,21,123,140,33,64,170,176,169,98,71,65
S01010244,639,23,2,21,70,62,22,52,114,116,119,78,41,61
S01010245,842,8,5,3,44,46,26,38,187,275,185,140,45,33
S01010246,764,11,0,11,84,58,30,84,185,174,92,60,32,46
S01010247,588,17,3,14,112,96,55,86,83,111,20,14,6,8
S01010248,741,128,6,122,235,60,49,50,69,42,11,4,7,97
S01010249,601,63,12,51,160,60,11,50,71,47,24,15,9,115
S01010250,717,111,13,98,191,63,34,41,60,44,18,17,1,155
S01010251,651,109,1,108,162,72,40,41,49,40,18,12,6,120
S01010252,563,81,0,81,175,66,48,23,53,58,22,19,3,37
S01010253,535,13,2,11,63,54,18,54,107,87,82,57,25,57
S01010254,866,53,7,46,151,126,33,49,174,140,67,57,10,73
S01010255,641,15,1,14,69,69,29,57,115,157,91,58,33,39
S01010256,751,20,0,20,103,86,42,42,193,130,90,47,43,45
S01010257,732,68,7,61,109,31,20,21,52,60,38,28,10,333
S01010258,719,105,12,93,115,40,9,17,22,19,11,6,5,381
S01010259,633,30,3,27,44,47,38,42,119,98,92,60,32,123
S01010260,922,139,7,132,160,89,45,67,70,52,45,34,11,255
S01010261,709,23,2,21,56,60,9,50,81,84,83,64,19,263
S01010262,569,22,4,18,47,35,24,46,94,105,58,40,18,138
S01010263,628,126,11,115,157,41,21,24,33,26,15,6,9,185
S01010264,710,138,9,129,147,63,25,30,56,40,24,14,10,187
S01010265,852,198,23,175,190,61,28,39,30,11,6,2,4,289
S01010266,490,78,9,69,95,28,34,29,31,28,21,15,6,146
S01010267,604,72,2,70,82,23,29,39,35,31,9,3,6,284
S01010268,670,79,5,74,137,56,49,33,64,41,29,24,5,182
S01010269,505,67,7,60,62,43,28,34,41,16,26,17,9,188
S01010270,811,71,9,62,149,64,39,65,87,105,45,25,20,186
S01010271,670,65,7,58,105,47,28,25,46,16,25,18,7,313
S01010272,915,99,5,94,152,86,41,51,129,74,128,86,42,155
S01010273,647,118,10,108,142,74,24,25,17,13,19,13,6,215
S01010274,518,121,9,112,92,40,25,19,29,13,4,3,1,175
S01010275,585,107,10,97,105,35,31,40,23,16,10,8,2,218
S01010276,971,273,30,243,267,78,52,47,35,23,26,14,12,170
S01010277,491,22,3,19,69,56,12,43,75,140,26,21,5,48
S01010278,585,29,3,26,95,52,39,69,126,88,52,34,18,35
S01010279,566,61,12,49,97,64,23,49,74,42,26,11,15,130
S01010280,756,127,13,114,166,101,30,40,61,58,15,11,4,158
S01010281,760,126,6,120,172,58,44,31,63,38,8,4,4,220
S01010282,873,126,8,118,193,64,31,66,79,108,44,30,14,162
S01010283,523,111,7,104,114,52,16,24,52,28,35,23,12,91
S01010284,962,183,3,180,263,105,37,41,41,40,34,21,13,218
S01010285,798,88,6,82,179,60,46,44,56,56,49,25,24,220
S01010286,721,126,9,117,127,58,41,45,58,56,19,18,1,191
S01010287,832,111,13,98,166,52,41,56,31,21,15,13,2,339
S01010288,785,156,18,138,173,51,81,20,41,9,7,4,3,247
S01010289,698,259,29,230,200,35,63,35,21,10,4,3,1,71
S01010290,527,70,8,62,128,50,23,35,26,25,21,19,2,149
S01010291,925,86,4,82,172,87,21,45,94,37,31,17,14,352
S01010292,850,137,8,129,187,61,40,42,47,37,21,11,10,278
S01010293,784,88,4,84,130,51,52,55,73,23,48,26,22,264
S01010294,661,55,1,54,112,37,21,51,32,32,16,16,0,305
S01010295,935,104,8,96,132,56,68,60,84,41,34,25,9,356
S01010296,628,71,2,69,98,42,34,52,75,65,31,25,6,160
S01010297,872,71,6,65,124,90,46,75,119,112,86,66,20,149
S01010298,649,88,9,79,124,74,32,44,80,52,31,20,11,124
S01010299,434,26,2,24,58,40,41,60,72,55,52,36,16,30
S01010300,786,77,15,62,142,87,29,30,106,83,45,41,4,187
S01010301,492,61,9,52,86,39,28,29,31,33,36,21,15,149
S01010302,534,21,1,20,48,45,29,74,67,58,139,99,40,53
S01010303,551,9,0,9,53,21,41,57,94,74,163,141,22,39
S01010304,485,39,1,38,74,39,16,46,85,45,64,36,28,77
S01010305,648,67,9,58,114,73,48,54,75,74,47,34,13,96
S01010306,719,118,10,108,181,60,25,40,73,30,38,17,21,154
S01010307,765,176,6,170,223,63,39,21,59,27,19,5,14,138
S01010308,905,213,17,196,230,51,40,31,76,38,28,18,10,198
S01010309,335,6,2,4,37,32,7,32,78,80,46,32,14,17
S01010310,671,17,4,13,56,53,22,87,138,124,111,76,35,63
S01010311,621,8,0,8,47,48,20,68,118,139,127,92,35,46
S01010312,768,2,1,1,67,59,26,63,192,175,155,101,54,29
S01010313,550,24,7,17,35,29,21,37,147,128,98,65,33,31
S01010314,830,35,4,31,146,87,35,38,155,122,103,66,37,109
S01010315,844,74,7,67,134,84,56,78,146,144,91,73,18,37
S01010316,485,40,3,37,63,46,12,27,124,76,60,54,6,37
S01010317,662,112,4,108,185,64,34,30,32,26,10,5,5,169
S01010318,464,23,1,22,71,54,29,28,108,54,44,10,34,53
S01010319,656,134,14,120,119,90,44,43,79,48,16,8,8,83
S01010320,602,86,4,82,124,55,18,25,73,62,53,36,17,106
S01010321,641,61,1,60,135,78,29,42,102,65,54,23,31,75
S01010322,926,265,11,254,264,63,58,34,51,29,10,6,4,152
S01010323,487,15,4,11,24,38,2,38,137,104,105,83,22,24
S01010324,527,5,0,5,65,56,33,38,120,146,51,31,20,13
S01010325,628,5,5,0,61,73,29,58,170,163,66,35,31,3
S01010326,890,14,0,14,63,67,44,74,234,167,199,128,71,28
S01010327,815,63,10,53,86,67,77,93,158,154,85,45,40,32
S01010328,776,39,6,33,139,90,79,83,128,135,45,22,23,38
S01010329,443,14,0,14,70,55,38,45,102,80,30,25,5,9
S01010330,570,11,0,11,46,50,35,60,139,134,89,49,40,6
S01010331,685,18,10,8,75,84,30,75,166,143,83,48,35,11
S01010332,610,0,0,0,79,52,24,74,173,106,86,62,24,16
S01010333,784,19,3,16,94,94,66,79,177,150,67,43,24,38
S01010334,777,28,3,25,130,115,42,71,188,144,49,36,13,10
S01010335,621,10,2,8,67,73,40,49,143,159,61,28,33,19
S01010336,588,15,0,15,35,59,27,39,148,123,106,61,45,36
S01010337,509,6,0,6,46,74,23,48,136,124,48,30,18,4
S01010338,660,4,0,4,61,68,36,66,134,166,107,78,29,18
S01010339,539,27,4,23,67,55,25,67,130,89,76,59,17,3
S01010340,641,29,7,22,79,85,44,67,162,82,77,31,46,16
S01010341,501,11,0,11,111,58,40,48,108,94,25,9,16,6
S01010342,564,35,8,27,125,58,51,88,94,91,8,2,6,14
S01010343,890,45,8,37,233,146,92,147,139,72,4,1,3,12
S01010344,569,9,1,8,47,58,26,59,138,138,83,33,50,11
S01010345,468,84,27,57,141,27,75,27,61,34,2,0,2,17
S01010346,864,129,26,103,205,118,81,84,145,77,14,11,3,11
S01010347,779,46,7,39,114,88,40,100,147,117,105,49,56,22
S01010348,769,34,2,32,125,113,43,102,180,115,43,21,22,14
S01010349,701,18,1,17,119,79,38,89,183,138,29,12,17,8
S01010350,794,18,9,9,100,94,27,72,205,150,107,58,49,21
S01010351,782,45,8,37,137,98,55,106,127,117,46,29,17,51
S01010352,382,18,1,17,49,43,15,33,81,79,49,26,23,15
S01010353,830,39,1,38,74,62,45,89,185,146,172,121,51,18
S01010354,626,35,10,25,85,62,31,63,157,94,66,36,30,33
S01010355,637,45,2,43,78,70,40,66,121,103,94,65,29,20
S01010356,649,55,4,51,139,66,47,83,94,85,56,22,34,24
S01010357,491,27,5,22,80,42,18,41,101,95,65,27,38,22
S01010358,677,23,9,14,62,64,31,58,167,152,93,42,51,27
S01010359,665,22,7,15,56,55,37,47,173,153,105,71,34,17
S01010360,533,21,0,21,91,50,24,61,93,102,66,35,31,25
S01010361,527,22,0,22,55,47,15,56,104,96,94,46,48,38
S01010362,651,33,5,28,51,72,8,57,119,136,121,73,48,54
S01010363,667,152,12,140,215,63,42,32,55,39,24,8,16,45
S01010364,777,200,35,165,268,86,96,56,35,23,6,6,0,7
S01010365,842,284,38,246,287,59,83,32,38,9,22,17,5,28
S01010366,886,256,21,235,271,61,68,32,63,42,18,3,15,75
S01010367,866,294,40,254,280,67,74,18,42,21,9,3,6,61
S01010368,570,249,41,208,158,40,41,19,25,5,1,0,1,32
S01010369,719,161,18,143,188,72,52,29,54,58,31,21,10,74
S01010370,686,216,29,187,193,43,76,39,7,26,4,3,1,82
S01010371,916,249,37,212,270,62,70,27,29,23,5,3,2,181
S01010372,470,133,27,106,151,50,38,21,22,21,1,1,0,33
S01010373,682,163,16,147,223,46,44,16,39,37,10,6,4,104
S01010374,859,259,23,236,242,44,65,33,24,16,7,3,4,169
S01010375,508,77,5,72,72,10,25,9,29,16,4,1,3,266
S01010376,680,87,6,81,164,25,35,21,23,17,20,17,3,288
S01010377,826,125,4,121,129,48,43,19,58,31,34,30,4,339
S01010378,708,133,11,122,81,30,37,9,18,1,25,7,18,374
S01010379,941,128,10,118,173,49,39,29,62,18,16,10,6,427
S01010380,863,203,31,172,266,61,49,16,50,35,14,3,11,169
S01010381,590,118,7,111,87,43,18,19,36,23,20,13,7,226
S01010382,786,137,8,129,178,71,40,46,63,34,23,12,11,194
S01010383,590,35,6,29,99,80,44,20,70,59,52,28,24,131
S01010384,750,176,21,155,189,48,38,33,30,46,16,9,7,174
S01010385,757,116,3,113,181,73,39,53,73,50,29,19,10,143
S01010386,778,66,7,59,161,72,49,45,117,79,55,34,21,134
S01010387,964,186,8,178,250,74,29,39,82,70,39,19,20,195
S01010388,863,74,1,73,187,119,56,69,113,101,50,17,33,94
S01010389,1005,275,35,240,279,70,46,35,45,41,17,8,9,197
S01010390,1026,182,14,168,288,128,51,58,92,79,39,11,28,109
S01010391,726,83,8,75,210,98,43,53,86,45,27,17,10,81
S01010392,677,217,21,196,219,55,43,13,16,19,9,3,6,86
S01010393,860,150,12,138,269,107,42,54,68,39,25,15,10,106
S01010394,648,85,5,80,128,61,47,31,101,88,71,41,30,36
S01010395,860,142,13,129,235,97,41,66,81,44,36,17,19,118
S01010396,875,186,6,180,198,85,45,45,95,71,35,17,18,115
S01010397,490,153,19,134,114,33,22,5,35,13,16,9,7,99
S01010398,932,265,41,224,294,76,54,45,39,25,13,7,6,121
S01010399,953,358,30,328,316,55,34,21,28,14,12,2,10,115
S01010400,963,332,26,306,309,49,64,27,45,19,17,14,3,101
S01010401,581,181,17,164,152,49,34,18,19,19,5,1,4,104
S01010402,909,381,36,345,262,58,64,19,29,21,8,1,7,67
S01010403,863,379,32,347,242,49,58,25,23,1,3,3,0,83
S01010404,648,218,24,194,214,33,83,24,19,26,5,4,1,26
S01010405,720,296,29,267,237,42,53,17,18,13,10,5,5,34
S01010406,762,211,21,190,187,47,69,23,41,25,11,4,7,148
S01010407,846,137,28,109,185,36,26,17,35,23,16,7,9,371
S01010408,440,118,18,100,97,61,47,20,28,43,14,12,2,12
S01010409,599,191,22,169,189,51,81,35,13,27,11,9,2,1
S01010410,515,202,32,170,146,48,55,19,10,15,9,4,5,11
S01010411,973,425,50,375,309,46,95,37,11,17,17,13,4,16
S01010412,682,215,37,178,234,49,46,22,34,28,4,3,1,50
S01010413,509,176,22,154,168,44,45,22,19,8,13,11,2,14
S01010414,863,263,24,239,309,98,51,35,40,31,6,4,2,30
S01010415,788,120,14,106,164,87,88,54,78,107,39,14,25,51
S01010416,554,180,27,153,177,53,43,27,31,26,2,0,2,15
S01010417,487,173,18,155,161,42,40,12,33,7,3,2,1,16
S01010418,966,364,25,339,328,58,75,30,50,16,17,10,7,28
S01010419,855,360,47,313,272,66,57,26,36,24,3,0,3,11
S01010420,552,187,21,166,183,19,53,36,30,32,10,7,3,2
S01010421,755,329,29,300,265,43,48,28,16,10,11,3,8,5
S01010422,891,240,38,202,334,52,74,36,77,45,17,7,10,16
S01010423,742,60,8,52,132,89,30,41,137,114,81,47,34,58
S01010424,698,51,3,48,124,96,32,59,123,112,68,36,32,33
S01010425,924,41,8,33,176,104,41,82,192,138,101,60,41,49
S01010426,656,53,9,44,155,70,41,65,111,74,62,35,27,25
S01010427,889,52,3,49,115,58,83,84,155,117,197,138,59,28
S01010428,590,185,30,155,215,58,31,32,24,21,10,8,2,14
S01010429,856,243,35,208,355,62,43,39,61,10,19,6,13,24
S01010430,742,19,5,14,77,87,55,41,148,156,98,63,35,61
S01010431,619,198,36,162,242,40,51,28,21,23,7,7,0,9
S01010432,805,28,10,18,112,115,28,74,183,121,87,65,22,57
S01010433,783,19,0,19,46,30,70,63,164,120,213,166,47,58
S01010434,566,21,3,18,68,49,22,67,107,103,82,52,30,47
S01010435,491,24,1,23,91,61,28,67,95,97,18,13,5,10
S01010436,699,38,1,37,104,101,47,56,111,108,94,52,42,40
S01010437,442,14,8,6,93,53,21,25,99,88,30,16,14,19
S01010438,818,26,2,24,146,69,51,92,190,125,88,64,24,31
S01010439,925,37,6,31,186,131,35,82,128,197,57,36,21,72
S01010440,554,38,10,28,87,69,26,54,91,88,89,67,22,12
S01010441,753,83,11,72,195,145,31,81,85,68,35,8,27,30
S01010442,717,22,2,20,137,98,34,84,143,117,61,34,27,21
S01010443,448,22,2,20,85,88,41,58,84,46,18,2,16,6
S01010444,547,32,3,29,62,83,44,47,110,116,49,25,24,4
S01010445,670,27,1,26,92,56,51,65,136,160,69,59,10,14
S01010446,698,52,8,44,178,75,107,88,88,87,14,9,5,9
S01010447,873,33,1,32,119,124,62,96,163,151,90,48,42,35
S01010448,716,86,28,58,169,101,75,75,104,84,21,13,8,1
S01010449,587,31,1,30,110,95,29,51,104,135,23,19,4,9
S01010450,596,39,8,31,139,74,33,60,117,83,39,24,15,12
S01010451,700,58,9,49,94,71,48,46,151,124,90,50,40,18
S01010452,586,29,4,25,149,96,35,76,84,80,29,15,14,8
S01010453,603,35,0,35,80,56,40,59,94,85,129,78,51,25
S01010454,596,36,4,32,102,80,48,77,91,121,23,17,6,18
S01010455,711,31,1,30,106,100,41,51,136,139,87,56,31,20
S01010456,402,26,3,23,88,56,27,52,63,60,22,14,8,8
S01010457,511,44,7,37,75,47,43,47,100,86,58,42,16,11
S01010458,576,19,6,13,111,83,34,64,127,59,51,38,13,28
S01010459,406,35,0,35,68,54,46,26,81,53,29,25,4,14
S01010460,636,212,32,180,181,37,78,34,28,43,8,7,1,15
S01010461,563,24,1,23,122,58,46,26,115,91,64,39,25,17
S01010462,872,8,2,6,53,23,45,48,133,175,312,226,86,75
S01010463,620,100,18,82,143,86,67,44,78,56,42,12,30,4
S01010464,409,37,10,27,115,66,32,45,62,32,16,8,8,4
S01010465,855,105,12,93,331,127,30,63,97,62,20,11,9,20
S01010466,807,178,32,146,261,81,63,40,57,28,27,14,13,72
S01010467,597,132,18,114,180,52,62,28,61,24,18,14,4,40
S01010468,832,194,15,179,239,108,89,16,78,51,15,11,4,42
S01010469,474,66,6,60,127,62,21,50,38,38,33,14,19,39
S01010470,552,33,9,24,160,88,62,53,71,54,22,11,11,9
S01010471,541,46,3,43,95,39,14,62,81,125,71,52,19,8
S01010472,481,118,13,105,118,56,19,38,42,32,18,6,12,40
S01010473,653,85,6,79,182,86,40,48,86,66,23,11,12,37
S01010474,738,88,8,80,171,77,43,59,94,68,50,33,17,88
S01010475,619,120,8,112,208,92,32,36,47,41,4,3,1,39
S01010476,775,137,8,129,196,96,61,58,78,72,26,15,11,51
S01010477,572,45,4,41,133,82,30,64,102,92,15,13,2,9
S01010478,822,30,6,24,154,113,52,69,163,165,60,44,16,16
S01010479,809,36,8,28,166,121,61,78,162,134,34,11,23,17
S01010480,472,63,24,39,78,78,51,39,80,47,27,23,4,9
S01010481,606,6,1,5,70,64,48,67,109,139,97,66,31,6
S01010482,609,48,20,28,124,112,43,49,121,80,27,19,8,5
S01010483,824,66,12,54,154,97,89,63,177,135,33,24,9,10
S01010484,465,24,4,20,78,65,40,63,92,67,29,20,9,7
S01010485,816,68,27,41,237,120,55,67,96,96,64,39,25,13
S01010486,789,72,16,56,210,121,137,73,90,67,18,13,5,1
S01010487,798,52,12,40,175,130,67,92,112,132,32,11,21,6
S01010488,773,29,5,24,52,88,28,52,219,162,134,79,55,9
S01010489,784,26,6,20,110,115,35,90,175,145,74,44,30,14
S01010490,698,22,0,22,43,91,35,63,162,143,110,63,47,29
S01010491,842,11,8,3,69,97,37,46,249,162,154,104,50,17
S01010492,491,11,5,6,30,47,14,44,118,118,93,71,22,16
S01010493,687,11,0,11,19,63,36,55,162,169,140,64,76,32
S01010494,598,25,9,16,68,54,41,72,124,123,69,42,27,22
S01010495,797,15,8,7,84,104,32,70,168,182,130,82,48,12
S01010496,731,10,0,10,66,71,29,63,142,168,164,128,36,18
S01010497,718,10,1,9,82,68,50,66,161,152,122,90,32,7
S01010498,767,12,2,10,43,78,27,63,165,226,129,82,47,24
S01010499,683,8,0,8,35,38,29,46,165,146,187,137,50,29
S01010500,1015,59,14,45,120,80,43,59,240,213,182,100,82,19
S01010501,808,22,5,17,103,104,46,95,168,177,87,56,31,6
S01010502,762,14,1,13,96,125,58,91,177,133,46,39,7,22
S01010503,543,4,0,4,62,74,23,51,136,120,63,48,15,10
S01010504,417,30,0,30,86,30,188,19,34,28,2,1,1,0
S01010505,454,31,2,29,100,8,143,32,83,42,10,3,7,5
S01010506,666,32,4,28,193,38,184,65,65,71,9,7,2,9
S01010507,673,41,12,29,151,40,121,96,129,69,22,7,15,4
S01010508,746,73,23,50,181,54,116,84,149,75,7,4,3,7
S01010509,777,54,8,46,209,56,166,117,121,42,12,2,10,0
S01010510,580,49,11,38,144,73,73,98,84,57,2,0,2,0
S01010511,754,29,7,22,138,45,51,151,153,171,13,7,6,3
S01010512,463,20,5,15,97,31,61,82,71,92,9,1,8,0
S01010513,623,74,29,45,136,36,113,122,76,57,6,3,3,3
S01010514,598,30,13,17,111,58,56,97,105,130,10,4,6,1
S01010515,659,22,8,14,102,41,43,124,128,182,15,4,11,2
S01010516,455,47,12,35,126,26,97,38,57,45,14,1,13,5
S01010517,753,73,21,52,167,61,63,90,123,118,45,16,29,13
S01010518,570,40,24,16,114,43,71,83,83,110,11,4,7,15
S01010519,658,37,10,27,141,46,45,76,124,133,53,18,35,3
S01010520,763,59,22,37,166,73,85,145,103,117,4,1,3,11
S01010521,626,31,6,25,176,32,77,99,103,97,6,3,3,5
S01010522,491,29,14,15,82,47,56,56,98,89,26,22,4,8
S01010523,584,15,0,15,86,46,43,63,156,152,23,7,16,0
S01010524,397,46,10,36,82,17,103,61,47,35,3,3,0,3
S01010525,473,56,19,37,103,47,121,48,64,30,4,1,3,0
S01010526,640,69,14,55,107,60,144,95,98,59,3,1,2,5
S01010527,701,24,10,14,166,62,57,128,120,112,15,8,7,17
S01010528,505,62,3,59,115,23,115,65,69,34,6,5,1,16
S01010529,561,73,11,62,160,22,98,68,58,77,4,0,4,1
S01010530,518,51,22,29,112,35,140,60,60,57,3,0,3,0
S01010531,817,90,29,61,166,75,191,110,93,86,2,2,0,4
S01010532,421,54,19,35,66,20,96,89,40,50,3,2,1,3
S01010533,404,54,21,33,106,11,76,48,61,41,7,2,5,0
S01010534,746,76,22,54,153,71,118,96,134,87,11,6,5,0
S01010535,559,57,18,39,159,40,113,79,46,51,1,1,0,13
S01010536,673,43,22,21,143,69,73,127,96,105,17,6,11,0
S01010537,556,41,9,32,106,49,84,108,78,76,11,3,8,3
S01010538,805,65,14,51,164,92,97,139,121,114,6,3,3,7
S01010539,862,74,22,52,246,92,123,133,101,74,13,2,11,6
S01010540,475,71,25,46,90,42,82,63,59,57,6,2,4,5
S01010541,665,57,14,43,188,67,114,89,67,76,3,1,2,4
S01010542,690,72,20,52,181,42,137,109,73,63,9,4,5,4
S01010543,485,41,14,27,119,39,155,24,59,48,0,0,0,0
S01010544,706,39,4,35,140,30,115,101,110,135,35,5,30,1
S01010545,568,73,19,54,143,42,99,42,57,91,17,5,12,4
S01010546,554,65,18,47,89,41,89,79,81,96,14,3,11,0
S01010547,604,64,27,37,124,46,138,113,58,43,10,4,6,8
S01010548,463,50,15,35,108,49,84,65,59,42,3,1,2,3
S01010549,812,95,19,76,296,62,46,130,92,72,4,2,2,15
S01010550,435,50,10,40,99,46,52,58,57,61,6,4,2,6
S01010551,612,115,23,92,139,35,149,54,41,68,8,0,8,3
S01010552,652,109,22,87,124,47,133,78,60,88,10,6,4,3
S01010553,530,79,28,51,118,62,123,58,61,19,2,2,0,8
S01010554,623,35,9,26,163,67,90,60,96,83,26,12,14,3
S01010555,790,84,21,63,180,72,81,84,122,123,31,9,22,13
S01010556,761,41,12,29,116,61,66,129,164,153,25,3,22,6
S01010557,496,54,15,39,98,30,30,70,98,91,21,10,11,4
S01010558,565,41,13,28,133,38,70,90,81,90,22,10,12,0
S01010559,499,114,17,97,183,33,59,38,39,23,6,1,5,4
S01010560,486,100,7,93,136,38,42,82,40,36,9,1,8,3
S01010561,536,105,18,87,147,60,77,38,49,51,5,0,5,4
S01010562,578,29,4,25,162,81,57,113,70,57,9,3,6,0
S01010563,452,44,15,29,97,30,52,55,53,96,20,0,20,5
S01010564,389,10,1,9,65,23,47,60,71,82,27,11,16,4
S01010565,522,49,17,32,124,38,39,93,90,68,14,5,9,7
S01010566,914,139,61,78,210,58,177,146,92,68,5,1,4,19
S01010567,870,160,47,113,296,55,165,80,49,61,4,0,4,0
S01010568,845,140,25,115,196,72,136,103,110,77,9,5,4,2
S01010569,608,100,21,79,126,45,137,66,68,59,7,6,1,0
S01010570,914,64,7,57,158,81,84,125,183,178,32,14,18,9
S01010571,687,69,14,55,168,111,54,102,83,92,5,2,3,3
S01010572,695,47,4,43,121,91,57,94,120,137,24,2,22,4
S01010573,472,36,20,16,90,26,34,86,98,95,3,1,2,4
S01010574,516,95,21,74,194,44,59,44,28,47,1,0,1,4
S01010575,529,82,30,52,174,88,45,38,57,35,8,1,7,2
S01010576,665,122,12,110,217,70,79,70,69,30,3,1,2,5
S01010577,798,23,7,16,125,66,79,115,180,172,26,23,3,12
S01010578,525,25,10,15,113,65,66,80,85,80,8,8,0,3
S01010579,615,54,11,43,175,68,67,116,76,55,2,1,1,2
S01010580,453,38,0,38,96,66,30,55,74,69,17,16,1,8
S01010581,485,43,12,31,152,47,39,73,48,64,12,8,4,7
S01010582,396,76,16,60,97,44,53,68,30,27,0,0,0,1
S01010583,832,73,15,58,301,133,56,105,78,79,2,0,2,5
S01010584,775,100,30,70,220,90,101,96,82,64,16,11,5,6
S01010585,826,115,38,77,235,120,87,129,84,44,11,2,9,1
S01010586,676,140,49,91,221,60,71,93,49,35,4,0,4,3
S01010587,548,64,11,53,185,58,68,70,57,35,4,4,0,7
S01010588,551,94,29,65,174,67,45,48,67,43,10,9,1,3
S01010589,561,32,3,29,94,80,33,64,126,97,25,21,4,10
S01010590,820,238,69,169,288,69,82,59,44,33,7,3,4,0
S01010591,746,66,13,53,240,84,59,114,67,66,34,10,24,16
S01010592,445,41,4,37,122,63,24,44,83,49,17,9,8,2
S01010593,545,106,29,77,198,49,80,47,35,29,1,1,0,0
S01010594,614,58,11,47,179,72,54,116,71,52,9,5,4,3
S01010595,814,133,22,111,258,70,67,104,74,80,14,1,13,14
S01010596,769,151,35,116,220,75,125,72,56,60,3,0,3,7
S01010597,625,65,19,46,225,60,71,79,61,41,16,13,3,7
S01010598,1011,178,35,143,343,109,79,101,102,70,16,14,2,13
S01010599,529,104,30,74,153,79,29,62,46,48,3,1,2,5
S01010600,685,113,28,85,248,60,92,55,65,43,7,6,1,2
S01010601,460,68,0,68,135,55,44,56,37,56,9,3,6,0
S01010602,459,61,16,45,123,33,55,70,64,49,3,3,0,1
S01010603,620,77,29,48,218,78,49,80,40,69,8,2,6,1
S01010604,405,87,13,74,149,33,49,46,20,10,8,5,3,3
S01010605,673,108,27,81,189,74,100,87,59,45,8,8,0,3
S01010606,649,32,12,20,105,51,90,110,89,139,14,4,10,19
S01010607,683,132,54,78,220,62,101,48,65,52,1,0,1,2
S01010608,600,41,7,34,62,59,38,70,150,104,60,10,50,16
S01010609,502,20,1,19,89,41,34,57,97,142,13,5,8,9
S01010610,461,98,17,81,144,49,54,40,34,31,1,0,1,10
S01010611,771,20,0,20,183,84,50,140,157,115,17,7,10,5
S01010612,654,29,2,27,143,80,50,110,107,129,6,2,4,0
S01010613,529,74,10,64,159,73,34,52,48,73,4,3,1,12
S01010614,454,1,1,0,72,53,21,67,109,105,18,7,11,8
S01010615,761,76,11,65,221,101,63,108,76,101,7,0,7,8
S01010616,671,79,14,65,201,81,57,97,76,68,3,3,0,9
S01010617,761,74,24,50,275,102,51,82,118,56,0,0,0,3
S01010618,668,58,12,46,181,103,83,69,80,83,3,0,3,8
S01010619,579,29,3,26,103,47,47,73,101,146,13,10,3,20
S01010620,577,45,5,40,86,57,21,67,130,104,47,27,20,20
S01010621,772,176,20,156,171,46,65,73,111,85,24,14,10,21
S01010622,557,14,0,14,118,41,29,68,132,119,29,3,26,7
S01010623,850,67,40,27,361,176,52,54,79,42,9,5,4,10
S01010624,470,41,2,39,121,42,25,56,63,98,20,1,19,4
S01010625,555,150,29,121,167,58,94,29,32,19,6,0,6,0
S01010626,575,155,29,126,189,41,70,29,37,49,5,1,4,0
S01010627,642,102,10,92,156,40,81,58,103,71,18,13,5,13
S01010628,735,117,18,99,206,71,67,70,91,94,5,1,4,14
S01010629,713,156,24,132,209,53,92,47,82,54,12,1,11,8
S01010630,492,33,5,28,90,59,62,50,91,71,34,22,12,2
S01010631,475,58,4,54,92,74,35,64,80,58,10,8,2,4
S01010632,713,37,6,31,125,60,84,101,145,129,22,6,16,10
S01010633,843,23,0,23,119,75,69,139,164,198,32,12,20,24
S01010634,550,26,7,19,71,48,63,84,110,137,7,2,5,4
S01010635,645,24,9,15,128,66,46,85,119,128,31,13,18,18
S01010636,650,78,20,58,157,60,85,56,102,97,10,6,4,5
S01010637,399,40,9,31,73,39,30,52,72,62,22,14,8,9
S01010638,552,51,8,43,114,35,81,61,83,117,6,1,5,4
S01010639,966,57,6,51,126,80,65,166,230,185,36,18,18,21
S01010640,710,78,13,65,139,37,90,99,143,83,25,11,14,16
S01010641,900,55,7,48,107,84,64,55,266,193,67,30,37,9
S01010642,862,19,9,10,88,51,60,131,195,224,81,38,43,13
S01010643,704,0,0,0,93,62,44,102,162,166,72,37,35,3
S01010644,595,11,0,11,60,29,19,50,172,174,66,31,35,14
S01010645,465,53,11,42,92,55,47,66,60,79,8,5,3,5
S01010646,560,78,23,55,170,78,49,62,57,58,4,2,2,4
S01010647,530,60,15,45,150,55,47,87,47,72,8,2,6,4
S01010648,548,55,11,44,126,84,57,53,77,77,15,5,10,4
S01010649,408,46,17,29,120,41,36,40,55,57,4,0,4,9
S01010650,407,28,1,27,108,44,64,15,75,52,15,7,8,6
S01010651,584,14,6,8,85,91,69,78,121,116,6,4,2,4
S01010652,625,65,16,49,200,70,55,68,77,62,24,9,15,4
S01010653,465,30,4,26,108,72,50,69,52,81,3,2,1,0
S01010654,664,11,3,8,139,86,65,68,165,106,14,7,7,10
S01010655,756,106,28,78,211,59,198,50,77,48,7,0,7,0
S01010656,392,40,10,30,83,24,73,44,66,55,5,1,4,2
S01010657,527,102,27,75,109,48,124,71,26,38,5,0,5,4
S01010658,593,117,21,96,160,45,90,65,57,56,3,0,3,0
S01010659,516,99,24,75,138,38,91,38,57,42,13,12,1,0
S01010660,470,32,3,29,126,39,90,57,51,69,4,4,0,2
S01010661,431,22,6,16,111,44,66,72,53,46,10,7,3,7
S01010662,633,92,17,75,142,61,137,69,59,61,8,7,1,4
S01010663,766,104,17,87,218,63,165,63,80,63,4,2,2,6
S01010664,667,120,25,95,173,63,171,55,38,39,5,1,4,3
S01010665,758,99,34,65,165,75,160,93,80,76,5,2,3,5
S01010666,741,88,28,60,174,48,128,121,112,60,5,1,4,5
S01010667,579,79,9,70,139,44,157,47,34,62,13,7,6,4
S01010668,841,57,23,34,192,52,196,159,83,87,8,3,5,7
S01010669,469,78,20,58,119,26,99,57,51,34,4,4,0,1
S01010670,562,53,17,36,123,50,119,60,79,66,12,3,9,0
S01010671,587,69,5,64,120,37,139,49,104,52,15,7,8,2
S01010672,536,27,9,18,77,62,101,71,101,80,12,1,11,5
S01010673,700,72,7,65,163,51,151,66,84,89,21,3,18,3
S01010674,808,78,6,72,188,50,204,74,112,76,9,0,9,17
S01010675,480,35,11,24,85,21,163,45,77,45,9,0,9,0
S01010676,671,80,18,62,168,69,139,70,66,70,4,3,1,5
S01010677,384,55,13,42,99,10,99,47,36,36,1,0,1,1
S01010678,484,30,6,24,115,25,119,62,44,81,8,5,3,0
S01010679,436,35,6,29,117,52,89,50,43,37,11,4,7,2
S01010680,501,34,1,33,124,45,77,43,65,88,23,4,19,2
S01010681,977,41,13,28,226,73,184,112,165,124,50,19,31,2
S01010682,810,83,9,74,197,91,202,57,55,111,13,8,5,1
S01010683,755,52,8,44,181,56,171,95,94,88,11,1,10,7
S01010684,557,45,11,34,141,48,162,50,68,43,0,0,0,0
S01010685,465,46,9,37,107,28,126,51,39,58,10,3,7,0
S01010686,545,35,5,30,116,22,145,83,67,68,7,1,6,2
S01010687,609,64,12,52,146,63,117,68,75,69,3,1,2,4
S01010688,515,52,9,43,151,43,148,32,42,42,2,0,2,3
S01010689,518,81,10,71,114,33,128,37,76,45,1,0,1,3
S01010690,502,22,5,17,109,54,129,62,49,54,21,4,17,2
S01010691,592,73,19,54,135,44,206,54,48,27,5,2,3,0
S01010692,620,54,3,51,124,47,122,104,117,49,0,0,0,3
S01010693,362,49,22,27,91,18,120,35,26,23,0,0,0,0
S01010694,389,50,6,44,77,24,80,59,37,55,5,0,5,2
S01010695,568,85,10,75,130,56,148,64,49,33,2,0,2,1
S01010696,788,112,15,97,152,80,113,88,97,125,12,8,4,9
S01010697,834,131,16,115,168,54,159,118,79,111,7,3,4,7
S01010698,611,57,9,48,107,44,128,67,98,94,12,7,5,4
S01010699,525,70,29,41,101,27,107,95,63,52,5,0,5,5
S01010700,498,78,11,67,144,30,94,53,51,43,2,0,2,3
S01010701,907,108,10,98,204,92,134,121,113,122,11,6,5,2
S01010702,754,93,18,75,171,57,149,107,78,88,6,1,5,5
S01010703,649,79,9,70,148,43,150,76,55,85,5,2,3,8
S01010704,502,50,8,42,92,67,56,65,62,102,5,5,0,3
S01010705,944,109,24,85,211,83,132,133,102,138,28,9,19,8
S01010706,586,28,10,18,103,50,75,92,116,100,17,9,8,5
S01010707,539,67,11,56,132,46,111,68,59,51,2,2,0,3
S01010708,437,30,0,30,96,48,73,60,59,54,17,7,10,0
S01010709,633,92,30,62,162,51,80,67,75,94,11,2,9,1
S01010710,644,24,0,24,107,75,70,80,91,153,33,22,11,11
S01010711,633,140,33,107,202,61,70,33,66,50,3,2,1,8
S01010712,643,39,13,26,113,60,66,94,92,155,12,5,7,12
S01010713,699,41,20,21,102,62,74,130,115,166,6,4,2,3
S01010714,585,27,7,20,92,69,35,83,125,125,21,9,12,8
S01010715,535,39,8,31,84,58,58,75,133,68,17,1,16,3
S01010716,677,82,15,67,138,63,54,71,100,142,19,7,12,8
S01010717,461,82,24,58,128,60,47,37,72,33,2,2,0,0
S01010718,819,75,7,68,231,77,103,95,109,95,29,17,12,5
S01010719,501,87,17,70,133,42,58,73,42,48,10,3,7,8
S01010720,512,136,31,105,142,19,71,67,42,35,0,0,0,0
S01010721,474,68,8,60,158,45,80,38,40,41,2,1,1,2
S01010722,670,86,29,57,201,47,90,66,80,81,12,6,6,7
S01010723,789,151,41,110,224,49,200,71,45,47,2,1,1,0
S01010724,739,111,39,72,203,52,157,64,73,64,15,4,11,0
S01010725,545,130,28,102,146,34,126,32,36,35,6,2,4,0
S01010726,674,98,36,62,191,76,124,72,52,54,7,0,7,0
S01010727,521,94,15,79,120,51,134,38,40,43,1,1,0,0
S01010728,419,81,31,50,135,58,59,46,18,16,5,1,4,1
S01010729,605,97,20,77,133,77,126,73,37,60,0,0,0,2
S01010730,707,99,17,82,206,51,177,71,43,53,3,2,1,4
S01010731,738,92,19,73,198,71,118,75,98,68,13,1,12,5
S01010732,743,45,2,43,74,47,62,112,157,178,54,36,18,14
S01010733,516,10,0,10,70,68,48,76,108,94,31,26,5,11
S01010734,809,44,13,31,121,60,83,54,168,218,56,45,11,5
S01010735,606,28,12,16,88,42,34,65,120,156,66,41,25,7
S01010736,396,52,12,40,112,26,39,58,67,41,1,1,0,0
S01010737,778,66,8,58,169,53,87,112,122,147,21,8,13,1
S01010738,425,12,1,11,66,40,37,70,89,93,16,16,0,2
S01010739,736,40,2,38,149,51,78,106,110,161,37,14,23,4
S01010740,430,8,2,6,56,46,16,54,99,103,47,21,26,1
S01010741,449,45,10,35,79,20,76,63,64,91,11,6,5,0
S01010742,599,52,14,38,80,40,24,107,136,117,40,27,13,3
S01010743,672,24,4,20,85,40,48,110,167,135,61,27,34,2
S01010744,859,51,12,39,216,44,70,143,163,145,20,6,14,7
S01010745,468,31,3,28,87,40,39,77,80,87,23,7,16,4
S01010746,842,88,28,60,171,82,156,133,103,91,17,12,5,1
S01010747,704,49,11,38,114,51,82,118,135,123,24,19,5,8
S01010748,497,59,13,46,89,33,99,52,61,88,11,6,5,5
S01010749,495,46,16,30,98,53,89,69,41,85,7,1,6,7
S01010750,448,44,6,38,96,27,87,48,62,61,23,13,10,0
S01010751,625,30,5,25,78,54,69,68,94,165,63,33,30,4
S01010752,656,27,0,27,127,46,78,111,97,147,19,7,12,4
S01010753,938,58,7,51,183,39,132,136,191,141,52,31,21,6
S01010754,534,41,15,26,128,39,56,61,89,93,25,23,2,2
S01010755,480,33,4,29,80,32,62,72,89,101,7,5,2,4
S01010756,514,52,6,46,128,63,99,47,70,43,12,7,5,0
S01010757,535,58,20,38,88,55,113,77,72,64,5,4,1,3
S01010758,500,49,20,29,90,39,118,57,70,54,6,1,5,17
S01010759,479,40,6,34,94,38,74,56,79,73,8,3,5,17
S01010760,367,68,30,38,84,34,48,47,28,43,8,2,6,7
S01010761,415,64,22,42,84,6,99,51,55,32,24,2,22,0
S01010762,453,48,18,30,124,38,109,40,62,24,8,4,4,0
S01010763,531,41,7,34,120,36,121,41,66,81,19,6,13,6
S01010764,415,25,6,19,96,20,123,54,54,38,1,0,1,4
S01010765,745,68,22,46,147,48,140,112,124,85,16,13,3,5
S01010766,580,24,10,14,135,51,113,59,85,96,15,2,13,2
S01010767,529,19,1,18,81,40,57,90,99,111,32,9,23,0
S01010768,400,17,0,17,74,51,46,72,58,57,23,14,9,2
S01010769,365,44,13,31,105,19,94,39,30,31,3,0,3,0
S01010770,709,52,19,33,141,69,138,114,71,95,29,14,15,0
S01010771,608,24,6,18,100,43,156,90,84,86,24,9,15,1
S01010772,529,33,7,26,98,36,120,60,77,85,12,4,8,8
S01010773,629,68,16,52,146,40,131,88,59,78,15,6,9,4
S01010774,576,45,15,30,116,38,134,57,85,46,50,21,29,5
S01010775,552,37,17,20,118,53,115,77,52,99,1,0,1,0
S01010776,429,20,5,15,109,40,53,56,60,70,18,5,13,3
S01010777,395,20,9,11,51,37,41,67,70,69,34,16,18,6
S01010778,450,17,3,14,53,26,24,46,105,100,68,47,21,11
S01010779,633,30,7,23,75,49,70,86,119,90,98,72,26,16
S01010780,435,27,2,25,89,38,20,55,101,82,23,8,15,0
S01010781,656,90,19,71,154,58,82,105,57,92,8,3,5,10
S01010782,479,35,2,33,99,28,75,76,63,62,41,13,28,0
S01010783,441,19,4,15,53,30,44,75,98,80,23,12,11,19
S01010784,638,12,2,10,77,57,45,81,149,149,58,18,40,10
S01010785,557,72,12,60,136,72,54,62,56,86,19,8,11,0
S01010786,583,40,6,34,152,78,62,86,64,87,5,3,2,9
S01010787,737,66,3,63,134,75,167,102,72,100,16,8,8,5
S01010788,527,58,7,51,106,41,107,72,76,62,5,1,4,0
S01010789,604,53,19,34,120,17,154,100,85,59,14,0,14,2
S01010790,524,55,10,45,97,28,126,81,59,68,10,6,4,0
S01010791,630,97,8,89,133,44,142,74,63,57,11,7,4,9
S01010792,528,50,3,47,82,48,25,100,112,82,21,9,12,8
S01010793,527,60,14,46,147,35,83,65,65,64,5,2,3,3
S01010794,474,61,10,51,112,41,68,90,46,45,10,1,9,1
S01010795,752,121,29,92,163,91,87,86,68,92,41,4,37,3
S01010796,675,109,20,89,162,48,138,97,55,52,7,6,1,7
S01010797,640,99,13,86,160,60,93,118,48,51,9,6,3,2
S01010798,526,78,15,63,137,31,81,67,54,72,3,1,2,3
S01010799,636,79,8,71,167,55,72,81,76,72,21,10,11,13
S01010800,592,23,9,14,96,61,37,98,141,111,21,11,10,4
S01010801,525,38,2,36,128,36,49,62,101,90,18,4,14,3
S01010802,457,54,15,39,116,46,43,74,58,49,15,1,14,2
S01010803,488,36,6,30,110,40,44,77,100,49,23,10,13,9
S01010804,450,78,10,68,108,50,39,75,32,55,11,5,6,2
S01010805,689,70,21,49,205,63,63,125,68,64,20,2,18,11
S01010806,775,49,8,41,150,66,39,107,135,147,65,46,19,17
S01010807,458,39,11,28,105,43,44,92,56,56,19,5,14,4
S01010808,469,84,14,70,124,44,21,60,77,53,5,1,4,1
S01010809,598,111,33,78,156,69,56,84,58,53,11,2,9,0
S01010810,344,41,9,32,90,15,65,61,27,34,9,4,5,2
S01010811,651,79,17,62,148,52,118,79,84,69,19,3,16,3
S01010812,404,17,14,3,73,31,123,33,77,45,5,2,3,0
S01010813,440,9,3,6,87,22,122,60,60,67,9,0,9,4
S01010814,491,40,7,33,114,32,146,46,48,54,11,2,9,0
S01010815,356,20,6,14,93,31,54,59,44,52,3,2,1,0
S01010816,445,173,65,108,119,22,70,18,20,2,8,3,5,13
S01010817,756,266,38,228,208,87,104,17,37,17,14,6,8,6
S01010818,788,265,50,215,214,59,83,36,56,34,21,10,11,20
S01010819,598,120,28,92,141,49,78,55,89,50,11,5,6,5
S01010820,426,139,38,101,107,46,52,28,34,17,2,1,1,1
S01010821,432,138,21,117,142,10,62,33,12,32,0,0,0,3
S01010822,601,211,35,176,171,33,93,20,29,20,12,8,4,12
S01010823,425,35,8,27,115,64,58,35,55,52,5,5,0,6
S01010824,715,140,29,111,247,100,66,55,61,38,4,2,2,4
S01010825,324,67,5,62,115,44,22,33,29,12,2,2,0,0
S01010826,636,136,21,115,186,83,77,39,75,30,3,2,1,7
S01010827,530,78,26,52,153,103,46,77,35,36,2,2,0,0
S01010828,1150,227,51,176,408,134,110,105,93,54,8,1,7,11
S01010829,709,156,40,116,197,88,75,44,96,43,6,6,0,4
S01010830,463,45,7,38,136,72,40,57,44,58,11,2,9,0
S01010831,576,112,38,74,196,56,53,63,47,21,17,9,8,11
S01010832,667,34,4,30,191,98,51,67,106,100,14,9,5,6
S01010833,789,226,20,206,249,60,93,80,36,39,2,2,0,4
S01010834,685,137,25,112,267,86,55,41,44,38,10,9,1,7
S01010835,474,106,27,79,175,65,41,36,22,21,3,0,3,5
S01010836,628,111,20,91,215,72,66,45,50,51,9,5,4,9
S01010837,495,30,11,19,118,106,46,57,82,41,4,4,0,11
S01010838,714,63,12,51,175,111,57,81,107,112,4,2,2,4
S01010839,572,82,28,54,161,74,50,57,68,62,6,1,5,12
S01010840,362,39,7,32,111,47,23,24,62,33,16,12,4,7
S01010841,602,77,16,61,205,95,23,60,72,47,19,14,5,4
S01010842,617,46,3,43,96,88,46,60,105,84,47,31,16,45
S01010843,446,28,8,20,107,75,28,44,88,59,11,7,4,6
S01010844,523,101,16,85,162,80,30,56,27,54,4,0,4,9
S01010845,479,41,5,36,139,53,32,75,67,55,7,4,3,10
S01010846,699,31,7,24,136,98,52,65,141,135,34,19,15,7
S01010847,592,78,25,53,184,72,29,100,56,55,10,8,2,8
S01010848,604,20,0,20,79,60,32,67,152,149,33,12,21,12
S01010849,837,24,6,18,104,72,63,94,165,215,70,53,17,30
S01010850,705,11,2,9,77,62,33,87,156,177,72,39,33,30
S01010851,734,19,2,17,98,92,23,49,198,176,61,25,36,18
S01010852,598,41,10,31,72,92,54,65,110,132,24,20,4,8
S01010853,739,51,17,34,109,111,53,80,141,169,17,12,5,8
S01010854,836,31,3,28,130,88,47,65,202,193,74,36,38,6
S01010855,458,2,0,2,37,56,45,41,133,105,23,20,3,16
S01010856,694,28,10,18,89,114,47,83,137,133,44,32,12,19
S01010857,786,70,18,52,175,133,45,95,124,98,31,20,11,15
S01010858,583,23,0,23,101,55,37,51,114,147,38,20,18,17
S01010859,611,26,4,22,72,80,32,54,149,139,52,35,17,7
S01010860,522,19,2,17,90,71,28,54,130,103,26,17,9,1
S01010861,524,25,5,20,95,74,26,37,103,116,39,21,18,9
S01010862,480,17,11,6,48,43,15,44,145,101,55,42,13,12
S01010863,596,108,34,74,191,89,38,32,60,51,10,6,4,17
S01010864,431,80,12,68,159,50,29,44,27,29,3,0,3,10
S01010865,461,122,25,97,160,52,40,17,20,25,7,6,1,18
S01010866,442,108,6,102,147,46,44,25,29,28,3,1,2,12
S01010867,473,87,20,67,139,50,75,23,55,35,2,2,0,7
S01010868,539,116,9,107,162,77,52,27,57,29,7,7,0,12
S01010869,618,118,28,90,211,78,71,46,41,37,13,8,5,3
S01010870,578,79,14,65,200,102,37,32,73,37,10,1,9,8
S01010871,688,112,13,99,191,82,91,61,68,45,16,4,12,22
S01010872,584,43,2,41,113,115,40,63,94,77,12,10,2,27
S01010873,348,13,1,12,63,51,9,40,68,59,35,16,19,10
S01010874,678,94,13,81,201,90,81,59,64,47,16,5,11,26
S01010875,452,54,9,45,128,62,36,26,53,61,17,11,6,15
S01010876,644,33,7,26,147,120,9,69,96,88,40,30,10,42
S01010877,813,84,16,68,188,156,54,66,114,89,39,23,16,23
S01010878,713,25,10,15,138,141,40,77,140,117,24,11,13,11
S01010879,702,44,19,25,151,104,62,80,99,134,21,11,10,7
S01010880,460,13,2,11,70,50,11,69,97,92,43,20,23,15
S01010881,437,21,5,16,133,64,40,45,55,65,6,3,3,8
S01010882,498,19,10,9,129,89,11,74,92,66,15,5,10,3
S01010883,757,85,33,52,211,102,46,98,99,80,29,14,15,7
S01010884,584,20,4,16,59,69,28,62,141,119,70,48,22,16
S01010885,810,34,12,22,131,100,27,70,156,133,118,60,58,41
S01010886,395,22,4,18,72,47,25,31,82,52,43,28,15,21
S01010887,617,9,0,9,95,70,42,55,117,138,73,38,35,18
S01010888,623,38,2,36,95,79,32,54,135,133,38,18,20,19
S01010889,432,22,0,22,56,49,22,29,97,104,45,33,12,8
S01010890,462,5,1,4,66,64,16,51,117,112,25,14,11,6
S01010891,269,6,0,6,18,24,16,17,60,67,36,34,2,25
S01010892,592,33,2,31,108,85,22,53,120,118,43,27,16,10
S01010893,379,17,4,13,45,42,14,33,94,83,33,25,8,18
S01010894,516,38,0,38,115,71,19,49,72,100,31,15,16,21
S01010895,334,7,2,5,46,49,14,16,71,85,42,32,10,4
S01010896,551,14,2,12,84,71,25,55,104,139,46,33,13,13
S01010897,731,24,7,17,86,80,33,81,128,212,83,37,46,4
S01010898,516,4,2,2,55,42,41,66,87,155,61,32,29,5
S01010899,528,35,15,20,103,64,30,63,107,94,21,12,9,11
S01010900,626,30,4,26,84,52,22,64,148,159,58,34,24,9
S01010901,407,4,4,0,39,24,19,47,118,113,36,28,8,7
S01010902,757,59,20,39,92,113,34,103,134,166,46,28,18,10
S01010903,634,7,3,4,64,53,37,56,144,165,85,51,34,23
S01010904,481,26,2,24,51,52,17,54,96,116,55,39,16,14
S01010905,590,48,10,38,116,87,20,57,114,89,46,39,7,13
S01010906,903,50,7,43,127,71,34,70,185,274,71,33,38,21
S01010907,505,66,20,46,144,85,48,47,40,71,3,1,2,1
S01010908,500,51,14,37,102,69,23,46,69,114,22,11,11,4
S01010909,565,69,33,36,159,69,51,48,67,82,8,5,3,12
S01010910,443,9,2,7,62,62,20,30,98,94,58,29,29,10
S01010911,371,9,4,5,62,47,12,26,85,98,23,13,10,9
S01010912,481,21,0,21,54,51,39,46,90,114,32,22,10,34
S01010913,562,35,9,26,150,79,56,51,67,89,17,13,4,18
S01010914,600,22,9,13,128,89,51,67,89,120,12,4,8,22
S01010915,671,62,24,38,135,55,46,92,129,121,15,9,6,16
S01010916,490,11,3,8,42,52,29,43,85,136,53,40,13,39
S01010917,562,30,7,23,95,77,21,85,102,106,39,27,12,7
S01010918,544,18,8,10,98,54,40,55,114,113,41,26,15,11
S01010919,647,27,5,22,87,59,27,89,136,180,42,24,18,0
S01010920,541,28,11,17,45,53,30,47,119,148,50,17,33,21
S01010921,541,10,0,10,60,58,30,65,129,152,31,24,7,6
S01010922,681,27,0,27,115,61,29,87,132,183,36,22,14,11
S01010923,728,21,2,19,106,102,39,68,157,186,47,23,24,2
S01010924,494,6,5,1,72,41,28,67,109,139,32,16,16,0
S01010925,684,12,0,12,103,83,43,51,137,197,45,14,31,13
S01010926,655,4,0,4,70,91,40,84,138,190,25,16,9,13
S01010927,484,11,5,6,90,40,32,42,114,113,36,24,12,6
S01010928,644,9,4,5,73,39,59,66,188,166,41,24,17,3
S01010929,581,6,2,4,42,53,20,80,147,186,35,18,17,12
S01010930,771,183,36,147,229,72,162,36,37,35,14,2,12,3
S01010931,339,69,26,43,72,25,74,29,33,28,5,1,4,4
S01010932,454,24,6,18,98,47,57,41,82,86,10,8,2,9
S01010933,684,187,33,154,214,52,98,34,46,45,6,2,4,2
S01010934,874,191,41,150,307,93,101,48,79,35,14,6,8,6
S01010935,435,93,9,84,105,61,59,31,42,40,2,2,0,2
S01010936,491,59,6,53,120,104,52,40,61,38,11,4,7,6
S01010937,613,66,23,43,169,115,62,73,52,68,6,0,6,2
S01010938,677,23,7,16,98,73,54,96,138,160,31,3,28,4
S01010939,453,45,3,42,106,68,41,76,56,48,8,4,4,5
S01010940,524,115,37,78,153,86,50,45,53,20,0,0,0,2
S01010941,707,148,35,113,209,112,71,86,39,30,5,0,5,7
S01010942,500,111,23,88,176,73,47,39,42,12,0,0,0,0
S01010943,556,35,6,29,141,66,53,61,80,73,39,14,25,8
S01010944,471,23,0,23,71,70,25,47,107,91,29,5,24,8
S01010945,455,26,3,23,106,54,29,51,69,105,11,2,9,4
S01010946,659,23,1,22,142,80,88,86,86,118,29,19,10,7
S01010947,444,15,3,12,82,67,35,57,113,58,12,3,9,5
S01010948,559,37,5,32,121,78,52,44,86,117,15,7,8,9
S01010949,796,152,27,125,244,122,96,61,74,44,0,0,0,3
S01010950,650,63,9,54,181,84,59,57,94,98,11,3,8,3
S01010951,519,28,4,24,121,86,33,68,68,99,5,2,3,11
S01010952,491,74,12,62,104,78,41,74,65,38,14,14,0,3
S01010953,487,43,16,27,96,79,42,57,94,73,1,0,1,2
S01010954,459,69,16,53,85,89,61,58,36,53,2,1,1,6
S01010955,947,176,53,123,357,136,83,56,66,43,17,1,16,13
S01010956,594,126,9,117,159,33,113,33,58,49,14,13,1,9
S01010957,473,98,19,79,127,58,71,59,45,10,4,4,0,1
S01010958,336,56,6,50,103,42,34,25,38,34,3,0,3,1
S01010959,477,75,15,60,145,64,44,32,64,35,16,5,11,2
S01010960,947,102,21,81,201,83,130,88,128,145,45,11,34,25
S01010961,446,40,2,38,95,72,38,43,64,74,18,6,12,2
S01010962,376,32,3,29,85,33,39,29,57,95,5,1,4,1
S01010963,803,142,35,107,174,109,113,69,88,91,15,4,11,2
S01010964,398,53,3,50,66,52,67,35,42,76,7,0,7,0
S01010965,453,20,12,8,64,48,29,55,60,127,36,20,16,14
S01010966,547,32,8,24,107,58,60,84,79,105,17,6,11,5
S01010967,593,26,4,22,85,74,55,80,107,142,20,13,7,4
S01010968,547,33,11,22,136,84,55,52,63,99,19,13,6,6
S01010969,405,53,9,44,107,62,62,32,40,37,5,1,4,7
S01010970,777,95,19,76,194,81,88,97,74,123,14,5,9,11
S01010971,921,110,29,81,230,140,109,100,110,89,29,12,17,4
S01010972,749,36,12,24,111,92,75,68,168,144,41,14,27,14
S01010973,383,21,3,18,63,60,47,43,60,78,8,1,7,3
S01010974,550,16,3,13,75,75,51,65,104,145,14,7,7,5
S01010975,409,11,2,9,53,51,53,69,68,70,29,14,15,5
S01010976,418,35,14,21,96,58,32,52,56,78,7,4,3,4
S01010977,584,61,11,50,115,81,61,66,97,88,8,5,3,7
S01010978,605,40,16,24,98,86,65,70,123,87,33,18,15,3
S01010979,704,44,6,38,118,80,69,77,138,138,30,9,21,10
S01010980,587,61,6,55,113,85,75,34,120,85,12,10,2,2
S01010981,579,44,11,33,83,81,58,75,88,107,30,24,6,13
S01010982,867,208,33,175,240,62,133,90,62,57,14,0,14,1
S01010983,595,89,12,77,136,73,80,61,62,78,14,10,4,2
S01010984,457,57,12,45,126,64,52,53,36,64,5,3,2,0
S01010985,521,34,3,31,103,70,44,90,81,88,11,6,5,0
S01010986,494,93,16,77,147,100,74,40,16,23,1,1,0,0
S01010987,616,132,37,95,235,93,87,38,19,11,1,1,0,0
S01010988,597,146,45,101,210,74,68,25,43,26,1,1,0,4
S01010989,904,140,14,126,339,135,107,91,59,27,4,2,2,2
S01010990,659,55,5,50,121,98,81,61,116,119,4,3,1,4
S01010991,449,69,11,58,124,50,59,33,54,48,6,0,6,6
S01010992,568,158,28,130,174,40,79,63,32,20,0,0,0,2
S01010993,540,67,12,55,180,86,59,39,43,55,8,2,6,3
S01010994,856,252,43,209,313,77,68,49,60,29,6,1,5,2
S01010995,618,68,14,54,202,85,76,74,70,39,4,4,0,0
S01010996,468,100,20,80,164,55,63,31,31,20,1,0,1,3
S01010997,452,139,29,110,146,43,70,24,9,17,0,0,0,4
S01010998,484,153,23,130,161,35,88,16,13,7,9,1,8,2
S01010999,631,176,47,129,195,63,63,52,42,30,5,5,0,5
S01011000,723,107,23,84,193,63,144,62,63,66,12,3,9,13
S01011001,514,18,0,18,125,64,69,58,69,95,12,10,2,4
S01011002,558,15,1,14,86,83,39,94,114,120,3,3,0,4
S01011003,572,17,8,9,82,84,65,108,99,95,6,1,5,16
S01011004,540,103,21,82,150,66,61,43,51,47,13,1,12,6
S01011005,530,18,0,18,104,69,38,85,96,101,15,12,3,4
S01011006,869,87,30,57,216,109,80,95,92,126,46,34,12,18
S01011007,559,12,2,10,64,58,46,98,81,175,17,12,5,8
S01011008,623,38,8,30,110,62,61,100,121,107,16,7,9,8
S01011009,458,17,12,5,80,59,29,80,88,88,15,7,8,2
S01011010,452,35,1,34,78,59,21,26,102,81,40,23,17,10
S01011011,608,27,7,20,88,109,29,60,140,94,50,30,20,11
S01011012,640,32,0,32,63,59,30,93,141,161,54,17,37,7
S01011013,616,26,4,22,92,69,52,87,112,167,9,5,4,2
S01011014,711,64,14,50,154,138,46,84,124,83,12,3,9,6
S01011015,372,16,3,13,90,39,54,33,68,57,15,2,13,0
S01011016,824,109,21,88,252,100,142,83,66,61,6,3,3,5
S01011017,658,150,26,124,152,63,147,60,38,32,7,0,7,9
S01011018,700,47,2,45,168,75,89,85,110,110,11,1,10,5
S01011019,897,135,32,103,227,71,136,77,107,112,27,8,19,5
S01011020,404,91,7,84,111,29,51,40,33,37,12,1,11,0
S01011021,716,26,8,18,128,62,78,115,136,125,46,30,16,0
S01011022,507,19,1,18,33,50,50,83,97,135,29,15,14,11
S01011023,698,52,12,40,108,84,97,87,113,111,41,28,13,5
S01011024,695,16,5,11,93,88,62,75,136,157,60,30,30,8
S01011025,619,18,2,16,83,86,37,87,117,149,29,9,20,13
S01011026,482,8,0,8,55,74,54,62,116,85,22,5,17,6
S01011027,789,20,4,16,63,98,57,75,185,208,75,37,38,8
S01011028,826,21,5,16,102,79,54,85,180,218,77,38,39,10
S01011029,521,28,5,23,83,58,52,59,89,118,29,21,8,5
S01011030,858,68,18,50,226,154,82,95,100,125,2,0,2,6
S01011031,583,30,5,25,68,58,38,73,133,135,29,13,16,19
S01011032,644,30,6,24,144,80,74,41,119,119,31,15,16,6
S01011033,545,61,7,54,126,78,59,59,69,85,3,2,1,5
S01011034,497,37,11,26,99,66,62,67,89,65,12,9,3,0
S01011035,606,40,20,20,93,60,68,64,120,116,42,22,20,3
S01011036,552,60,4,56,139,72,63,45,81,75,12,1,11,5
S01011037,849,35,11,24,151,90,94,116,147,152,62,43,19,2
S01011038,787,16,1,15,100,66,67,122,164,174,61,25,36,17
S01011039,635,40,1,39,134,95,74,75,75,111,28,19,9,3
S01011040,658,36,12,24,99,74,51,82,125,152,39,17,22,0
S01011041,686,37,1,36,100,63,70,54,157,126,67,25,42,12
S01011042,726,87,24,63,193,81,78,90,90,75,19,6,13,13
S01011043,577,54,12,42,102,64,35,74,69,145,27,11,16,7
S01011044,590,49,13,36,100,80,59,58,127,97,13,8,5,7
S01011045,645,57,13,44,102,78,132,92,103,60,15,5,10,6
S01011046,706,67,38,29,100,61,185,126,89,66,8,5,3,4
S01011047,795,88,44,44,176,31,132,163,109,93,3,2,1,0
S01011048,748,26,16,10,107,49,91,141,144,167,19,3,16,4
S01011049,514,29,7,22,61,24,43,84,159,105,3,0,3,6
S01011050,652,60,18,42,166,31,87,96,135,61,13,9,4,3
S01011051,740,69,20,49,156,41,134,109,115,110,6,3,3,0
S01011052,594,64,26,38,113,47,77,86,124,76,4,0,4,3
S01011053,531,15,2,13,88,49,35,93,112,110,23,5,18,6
S01011054,425,61,23,38,81,36,51,61,93,37,3,3,0,2
S01011055,484,41,11,30,76,38,83,78,96,65,7,2,5,0
S01011056,580,75,20,55,83,16,209,55,64,71,7,3,4,0
S01011057,477,14,7,7,78,36,130,69,49,100,1,1,0,0
S01011058,542,40,14,26,143,28,158,42,64,64,2,0,2,1
S01011059,545,50,22,28,111,38,127,67,73,66,13,0,13,0
S01011060,607,82,13,69,125,39,83,56,108,109,4,3,1,1
S01011061,686,24,5,19,71,55,60,114,161,174,24,11,13,3
S01011062,750,32,16,16,121,49,132,104,133,166,7,3,4,6
S01011063,797,50,7,43,110,61,67,152,166,155,36,20,16,0
S01011064,788,70,25,45,94,61,95,149,128,165,22,8,14,4
S01011065,578,65,23,42,100,37,123,76,108,55,12,4,8,2
S01011066,373,42,12,30,80,41,80,43,42,38,4,1,3,3
S01011067,410,42,9,33,43,31,76,83,62,55,17,6,11,1
S01011068,431,18,6,12,77,27,68,53,105,74,5,2,3,4
S01011069,452,32,14,18,109,18,65,67,79,67,12,3,9,3
S01011070,505,33,13,20,101,44,81,101,73,71,1,1,0,0
S01011071,641,47,16,31,163,35,118,96,99,67,8,2,6,8
S01011072,854,44,23,21,171,49,139,174,108,127,28,4,24,14
S01011073,555,42,15,27,110,45,67,113,90,83,4,1,3,1
S01011074,493,33,15,18,127,24,63,81,101,52,8,7,1,4
S01011075,582,9,8,1,49,37,67,105,125,166,19,3,16,5
S01011076,579,27,13,14,93,10,51,124,126,117,22,9,13,9
S01011077,628,8,0,8,77,31,24,96,159,187,29,13,16,17
S01011078,857,79,31,48,151,61,113,174,121,135,14,7,7,9
S01011079,849,38,26,12,159,41,83,229,110,175,10,1,9,4
S01011080,740,32,13,19,126,61,58,183,135,111,24,17,7,10
S01011081,676,38,13,25,93,54,65,142,144,122,14,9,5,4
S01011082,347,14,6,8,62,16,35,79,64,64,13,10,3,0
S01011083,609,38,19,19,115,57,76,109,112,89,10,0,10,3
S01011084,609,54,14,40,195,58,105,71,68,52,5,3,2,1
S01011085,701,80,28,52,237,79,74,68,82,75,2,2,0,4
S01011086,488,57,22,35,118,35,45,95,74,64,0,0,0,0
S01011087,461,21,10,11,91,44,50,74,89,81,8,8,0,3
S01011088,778,60,22,38,207,97,86,81,110,115,15,8,7,7
S01011089,494,24,6,18,83,37,41,69,97,104,33,7,26,6
S01011090,560,68,20,48,115,42,129,84,64,54,2,0,2,2
S01011091,520,74,26,48,109,38,103,81,52,58,5,2,3,0
S01011092,443,19,6,13,82,46,34,43,64,98,37,17,20,20
S01011093,510,54,20,34,138,30,114,77,59,32,1,0,1,5
S01011094,425,60,20,40,141,22,77,52,43,27,0,0,0,3
S01011095,660,96,40,56,193,47,138,75,47,46,10,2,8,8
S01011096,488,50,15,35,171,42,57,54,61,40,9,2,7,4
S01011097,622,93,26,67,146,42,109,85,79,59,8,1,7,1
S01011098,608,31,3,28,178,68,56,75,85,106,1,1,0,8
S01011099,740,21,15,6,127,53,52,104,172,160,39,12,27,12
S01011100,334,24,0,24,68,47,38,47,40,62,1,1,0,7
S01011101,543,14,9,5,70,29,25,95,128,165,13,2,11,4
S01011102,542,11,2,9,87,39,20,61,161,134,27,18,9,2
S01011103,450,30,11,19,72,27,21,75,91,107,20,11,9,7
S01011104,430,47,8,39,137,29,43,51,51,41,19,11,8,12
S01011105,630,36,15,21,118,58,52,84,110,148,16,10,6,8
S01011106,950,28,7,21,392,118,21,70,143,143,27,10,17,8
S01011107,920,44,17,27,300,59,56,132,150,135,23,6,17,21
S01011108,475,37,9,28,127,28,46,78,70,78,3,0,3,8
S01011109,632,37,7,30,95,63,61,119,125,124,8,4,4,0
S01011110,627,13,5,8,119,64,28,88,150,137,23,14,9,5
S01011111,767,10,2,8,123,61,50,106,171,197,39,37,2,10
S01011112,826,51,20,31,230,101,57,184,97,97,5,1,4,4
S01011113,685,41,12,29,140,46,68,116,130,127,10,5,5,7
S01011114,607,32,4,28,130,65,63,145,67,82,15,6,9,8
S01011115,764,16,8,8,101,63,74,165,131,177,26,5,21,11
S01011116,546,24,4,20,144,70,23,97,81,91,1,0,1,15
S01011117,553,97,11,86,161,34,59,70,70,42,6,5,1,14
S01011118,672,145,42,103,197,77,61,76,64,40,5,1,4,7
S01011119,700,147,49,98,240,73,50,43,71,61,6,6,0,9
S01011120,442,96,42,54,171,39,39,41,27,26,3,3,0,0
S01011121,417,40,4,36,64,52,29,60,78,80,7,4,3,7
S01011122,537,28,6,22,144,55,51,83,88,85,1,1,0,2
S01011123,899,46,22,24,153,75,45,159,156,246,16,4,12,3
S01011124,572,46,23,23,155,49,52,87,71,102,6,4,2,4
S01011125,456,12,2,10,64,32,32,87,108,97,16,10,6,8
S01011126,436,20,6,14,149,65,37,49,50,52,14,0,14,0
S01011127,531,11,4,7,310,138,18,9,21,6,14,14,0,4
S01011128,603,44,8,36,141,84,38,80,103,96,13,5,8,4
S01011129,860,301,247,54,245,44,70,86,65,49,0,0,0,0
S01011130,465,30,9,21,118,52,30,43,78,87,17,8,9,10
S01011131,526,59,36,23,173,65,26,57,82,47,7,2,5,10
S01011132,726,125,51,74,219,76,73,109,70,44,7,5,2,3
S01011133,344,34,16,18,55,35,31,60,68,56,0,0,0,5
S01011134,558,37,16,21,187,71,71,42,89,48,9,4,5,4
S01011135,593,16,1,15,115,60,52,114,79,129,15,3,12,13
S01011136,512,56,28,28,114,67,28,91,78,66,8,3,5,4
S01011137,447,30,23,7,109,54,50,62,63,52,20,4,16,7
S01011138,573,10,7,3,171,64,50,75,85,100,15,6,9,3
S01011139,722,26,14,12,369,149,52,41,46,28,8,3,5,3
S01011140,479,26,2,24,130,37,48,58,63,103,4,2,2,10
S01011141,502,12,6,6,144,29,34,71,94,103,13,4,9,2
S01011142,702,79,23,56,276,58,83,81,66,53,6,2,4,0
S01011143,748,91,47,44,245,41,64,119,110,67,3,0,3,8
S01011144,643,88,34,54,228,63,56,74,62,61,1,1,0,10
S01011145,529,77,38,39,221,25,50,55,44,46,6,4,2,5
S01011146,645,57,24,33,161,72,68,76,114,66,19,0,19,12
S01011147,830,55,11,44,259,108,78,108,132,83,5,0,5,2
S01011148,630,78,31,47,157,42,139,70,68,64,7,2,5,5
S01011149,618,66,18,48,271,125,80,28,19,17,6,0,6,6
S01011150,470,87,68,19,190,38,17,52,38,44,4,2,2,0
S01011151,539,40,26,14,240,110,37,30,32,41,8,1,7,1
S01011152,523,97,32,65,166,54,64,45,55,29,11,7,4,2
S01011153,648,59,9,50,163,56,89,82,92,77,24,11,13,6
S01011154,406,20,8,12,95,49,35,46,60,72,24,9,15,5
S01011155,466,66,13,53,112,35,61,53,59,46,29,5,24,5
S01011156,458,24,1,23,163,56,40,69,42,52,7,6,1,5
S01011157,432,33,12,21,139,66,42,62,62,23,3,0,3,2
S01011158,348,99,25,74,97,32,47,14,31,28,0,0,0,0
S01011159,380,19,5,14,75,56,18,61,63,75,11,1,10,2
S01011160,773,49,15,34,178,100,79,98,142,102,23,18,5,2
S01011161,531,20,7,13,80,35,43,93,113,123,16,1,15,8
S01011162,437,17,3,14,71,60,28,34,109,82,26,7,19,10
S01011163,656,17,14,3,90,61,54,111,158,139,23,2,21,3
S01011164,639,51,16,35,199,79,43,77,86,82,22,0,22,0
S01011165,604,16,1,15,99,52,59,89,129,125,26,13,13,9
S01011166,378,71,11,60,85,55,40,41,42,30,6,3,3,8
S01011167,498,114,37,77,125,30,99,38,46,43,3,1,2,0
S01011168,685,58,30,28,182,50,172,90,61,57,4,0,4,11
S01011169,902,120,50,70,325,105,47,107,93,80,21,4,17,4
S01011170,748,125,47,78,227,61,112,85,76,35,23,7,16,4
S01011171,625,69,19,50,138,29,162,62,88,64,10,1,9,3
S01011172,520,27,4,23,129,38,133,54,74,60,5,0,5,0
S01011173,352,38,5,33,71,17,127,27,45,23,2,1,1,2
S01011174,279,34,8,26,55,18,73,25,27,45,2,1,1,0
S01011175,381,26,4,22,59,31,69,60,65,62,9,5,4,0
S01011176,326,27,6,21,81,21,93,42,7,48,4,3,1,3
S01011177,597,55,19,36,141,35,130,72,91,65,6,3,3,2
S01011178,443,47,16,31,121,47,62,51,49,44,20,5,15,2
S01011179,481,20,6,14,64,38,42,80,76,133,15,11,4,13
S01011180,545,22,0,22,55,27,40,69,95,171,56,26,30,10
S01011181,366,43,8,35,74,36,123,25,36,25,1,1,0,3
S01011182,321,36,9,27,90,27,71,37,28,30,2,1,1,0
S01011183,473,52,17,35,86,37,66,69,81,48,31,11,20,3
S01011184,702,111,31,80,276,52,89,78,57,31,6,3,3,2
S01011185,515,40,7,33,159,49,49,72,72,58,13,8,5,3
S01011186,670,71,10,61,130,68,53,72,105,120,43,20,23,8
S01011187,540,50,17,33,168,53,43,101,64,53,2,0,2,6
S01011188,775,51,11,40,115,97,64,119,157,109,55,14,41,8
S01011189,641,60,20,40,154,103,66,105,72,59,17,4,13,5
S01011190,513,8,2,6,84,48,74,75,111,81,29,17,12,3
S01011191,454,28,12,16,61,35,25,77,92,106,24,4,20,6
S01011192,629,13,5,8,102,58,36,96,148,116,51,17,34,9
S01011193,657,20,7,13,74,76,21,79,162,163,46,25,21,16
S01011194,664,18,5,13,97,60,57,86,127,152,46,11,35,21
S01011195,715,20,4,16,113,84,46,89,149,133,57,15,42,24
S01011196,788,19,6,13,108,84,46,95,186,161,63,35,28,26
S01011197,786,47,9,38,106,90,65,90,129,168,71,35,36,20
S01011198,555,20,1,19,84,44,42,82,106,139,36,14,22,2
S01011199,691,24,3,21,137,89,52,74,170,97,37,11,26,11
S01011200,627,42,11,31,111,57,56,85,130,100,34,13,21,12
S01011201,478,37,8,29,124,71,40,68,59,65,10,8,2,4
S01011202,716,27,6,21,129,102,44,146,120,105,31,10,21,12
S01011203,656,59,9,50,108,78,56,104,130,93,18,7,11,10
S01011204,452,72,3,69,136,60,59,40,60,21,4,3,1,0
S01011205,709,99,21,78,195,98,77,102,77,44,11,0,11,6
S01011206,685,71,27,44,232,69,70,111,78,44,7,0,7,3
S01011207,651,89,20,69,147,70,43,91,118,65,21,15,6,7
S01011208,826,114,48,66,231,98,75,106,78,102,17,5,12,5
S01011209,535,43,6,37,84,85,30,61,95,86,43,19,24,8
S01011210,652,142,42,100,197,45,113,72,57,19,4,0,4,3
S01011211,644,111,28,83,185,81,45,77,69,51,13,5,8,12
S01011212,478,8,3,5,63,20,55,80,107,107,36,24,12,2
S01011213,920,46,9,37,109,67,63,150,188,192,84,39,45,21
S01011214,711,9,2,7,98,64,47,85,161,173,58,31,27,16
S01011215,511,3,0,3,79,40,32,48,122,100,78,34,44,9
S01011216,416,10,0,10,55,43,38,35,97,99,28,6,22,11
S01011217,683,18,4,14,98,68,52,69,145,115,110,45,65,8
S01011218,616,11,0,11,73,48,24,94,124,119,101,36,65,22
S01011219,667,23,0,23,96,61,57,67,129,153,76,25,51,5
S01011220,730,28,9,19,103,57,64,86,157,138,89,42,47,8
S01011221,798,26,5,21,105,102,39,139,160,173,40,21,19,14
S01011222,520,14,9,5,98,51,43,51,111,123,25,11,14,4
S01011223,642,35,4,31,153,109,48,88,87,91,28,11,17,3
S01011224,512,26,7,19,78,53,61,53,105,98,25,16,9,13
S01011225,584,35,10,25,98,53,34,62,122,111,60,29,31,9
S01011226,693,80,16,64,177,71,73,128,76,60,28,8,20,0
S01011227,584,47,5,42,147,60,37,77,81,80,50,24,26,5
S01011228,567,20,5,15,137,64,46,78,115,60,36,21,15,11
S01011229,393,16,5,11,80,29,34,59,63,62,39,13,26,11
S01011230,742,9,1,8,83,38,40,82,188,178,119,64,55,5
S01011231,476,16,1,15,71,27,25,64,109,119,45,29,16,0
S01011232,744,55,7,48,181,58,91,59,128,111,46,24,22,15
S01011233,306,26,0,26,60,39,15,37,44,43,37,18,19,5
S01011234,932,33,16,17,102,76,47,108,202,201,125,54,71,38
S01011235,324,14,1,13,39,30,27,30,73,70,28,18,10,13
S01011236,431,20,6,14,65,38,32,42,117,83,29,22,7,5
S01011237,654,23,1,22,119,56,38,107,115,116,62,29,33,18
S01011238,566,12,0,12,68,71,34,32,120,114,103,53,50,12
S01011239,540,18,6,12,86,57,52,55,99,86,69,19,50,18
S01011240,544,26,7,19,101,61,37,57,91,73,92,34,58,6
S01011241,778,73,18,55,178,62,87,107,106,101,55,29,26,9
S01011242,572,48,1,47,122,66,57,64,91,81,33,18,15,10
S01011243,688,24,4,20,110,57,47,62,122,122,128,52,76,16
S01011244,577,24,6,18,82,61,14,54,124,113,89,31,58,16
S01011245,679,28,11,17,80,50,33,106,154,143,78,33,45,7
S01011246,681,63,15,48,187,70,100,73,86,59,40,9,31,3
S01011247,566,105,24,81,183,64,41,63,43,50,9,2,7,8
S01011248,623,66,18,48,159,48,44,76,108,104,9,2,7,9
S01011249,584,67,14,53,132,97,51,111,38,72,9,3,6,7
S01011250,988,56,15,41,144,128,58,80,243,170,92,36,56,17
S01011251,750,18,6,12,148,45,58,97,174,160,34,18,16,16
S01011252,740,13,4,9,65,72,30,62,218,200,70,30,40,10
S01011253,737,16,2,14,62,67,24,104,220,185,50,33,17,9
S01011254,841,129,36,93,224,119,70,139,70,72,5,0,5,13
S01011255,730,151,29,122,251,70,59,128,48,20,1,1,0,2
S01011256,471,43,25,18,118,45,69,68,62,61,5,3,2,0
S01011257,275,42,10,32,113,18,19,32,24,23,0,0,0,4
S01011258,455,92,23,69,143,27,43,60,37,36,10,2,8,7
S01011259,566,38,11,27,131,66,64,44,96,82,32,19,13,13
S01011260,533,66,14,52,159,48,52,88,60,38,17,5,12,5
S01011261,701,18,7,11,75,54,67,113,171,128,55,29,26,20
S01011262,414,21,4,17,68,39,47,50,105,62,17,10,7,5
S01011263,963,76,15,61,218,125,49,141,185,118,45,19,26,6
S01011264,616,18,13,5,63,72,35,84,142,145,46,10,36,11
S01011265,967,23,6,17,86,116,79,74,233,194,123,51,72,39
S01011266,718,29,6,23,112,72,55,137,151,122,35,16,19,5
S01011267,441,45,0,45,119,47,34,68,59,54,12,1,11,3
S01011268,283,31,8,23,63,18,21,30,43,64,13,8,5,0
S01011269,379,24,9,15,57,41,24,53,47,93,30,7,23,10
S01011270,572,21,5,16,64,64,38,70,131,115,45,11,34,24
S01011271,603,31,3,28,90,58,40,85,111,125,48,13,35,15
S01011272,590,31,8,23,90,71,36,81,93,112,69,24,45,7
S01011273,811,10,2,8,91,98,46,99,160,174,113,70,43,20
S01011274,798,30,5,25,96,90,39,132,195,121,77,37,40,18
S01011275,643,11,6,5,83,39,33,77,164,120,91,40,51,25
S01011276,836,50,13,37,87,72,49,131,177,157,108,50,58,5
S01011277,561,49,10,39,159,80,52,73,75,58,6,1,5,9
S01011278,450,51,13,38,103,62,32,73,60,55,12,12,0,2
S01011279,518,49,20,29,161,84,36,62,66,43,14,14,0,3
S01011280,481,66,28,38,144,52,47,74,50,45,3,0,3,0
S01011281,582,65,20,45,227,68,56,79,57,22,0,0,0,8
S01011282,844,90,21,69,271,110,77,116,96,62,5,0,5,17
S01011283,712,102,14,88,205,84,58,122,64,70,3,1,2,4
S01011284,603,96,23,73,242,53,61,76,32,38,0,0,0,5
S01011285,646,16,0,16,80,88,38,85,178,104,55,8,47,2
S01011286,643,7,0,7,96,104,44,87,116,103,48,23,25,38
S01011287,714,24,10,14,121,78,43,83,174,131,39,19,20,21
S01011288,639,11,3,8,105,67,27,100,166,95,62,30,32,6
S01011289,790,20,4,16,127,83,59,117,174,143,53,19,34,14
S01011290,869,54,14,40,134,86,108,99,156,139,81,41,40,12
S01011291,666,37,8,29,109,85,36,83,122,131,46,6,40,17
S01011292,585,13,5,8,64,39,53,63,166,95,82,19,63,10
S01011293,596,12,2,10,105,45,34,110,100,131,33,18,15,26
S01011294,595,18,1,17,106,45,44,67,92,132,78,32,46,13
S01011295,722,77,4,73,213,93,75,87,61,67,37,14,23,12
S01011296,425,21,4,17,86,47,59,47,51,76,28,9,19,10
S01011297,751,19,3,16,114,85,60,93,171,150,53,20,33,6
S01011298,585,21,7,14,70,72,50,67,116,115,66,29,37,8
S01011299,398,57,17,40,94,16,134,40,21,32,4,4,0,0
S01011300,794,30,4,26,78,75,58,80,172,211,88,24,64,2
S01011301,571,72,23,49,151,75,55,70,59,71,16,5,11,2
S01011302,598,27,8,19,111,67,48,58,95,123,61,25,36,8
S01011303,833,97,20,77,220,105,83,134,106,73,15,6,9,0
S01011304,614,40,21,19,64,50,38,87,111,155,55,28,27,14
S01011305,743,61,4,57,111,65,85,122,125,113,54,11,43,7
S01011306,468,26,6,20,81,17,18,95,85,85,54,21,33,7
S01011307,379,30,13,17,102,51,103,36,37,19,1,1,0,0
S01011308,350,62,24,38,85,29,99,16,20,30,9,6,3,0
S01011309,511,129,40,89,200,40,62,33,20,23,3,1,2,1
S01011310,534,43,5,38,171,66,69,57,64,31,16,4,12,17
S01011311,460,79,15,64,156,36,85,36,43,14,3,0,3,8
S01011312,788,193,32,161,269,65,100,83,31,29,9,5,4,9
S01011313,566,83,17,66,162,76,80,59,53,36,13,3,10,4
S01011314,912,215,49,166,263,81,103,87,62,55,24,10,14,22
S01011315,339,43,10,33,65,21,37,54,42,50,19,3,16,8
S01011316,630,39,7,32,96,68,68,93,84,110,60,33,27,12
S01011317,460,87,26,61,140,49,85,24,25,44,5,0,5,1
S01011318,550,109,11,98,163,54,83,24,70,34,8,4,4,5
S01011319,566,135,30,105,202,47,56,32,65,26,3,2,1,0
S01011320,345,34,1,33,101,36,31,40,53,32,10,5,5,8
S01011321,522,52,6,46,155,72,43,69,76,45,4,1,3,6
S01011322,560,77,14,63,166,92,51,57,59,42,13,2,11,3
S01011323,810,80,8,72,157,88,71,119,156,85,43,8,35,11
S01011324,363,38,3,35,98,50,43,42,47,36,7,6,1,2
S01011325,561,35,6,29,98,61,76,72,93,87,26,8,18,13
S01011326,499,38,9,29,97,60,60,45,107,63,26,17,9,3
S01011327,418,26,8,18,87,50,69,40,70,60,16,5,11,0
S01011328,490,38,2,36,90,44,111,61,61,62,19,9,10,4
S01011329,613,64,6,58,158,67,64,64,87,67,14,3,11,28
S01011330,563,129,43,86,155,82,49,45,37,56,6,3,3,4
S01011331,510,128,38,90,162,45,55,39,48,26,7,4,3,0
S01011332,605,147,18,129,197,61,59,59,51,23,2,1,1,6
S01011333,422,107,12,95,168,23,61,24,21,15,3,0,3,0
S01011334,568,129,28,101,100,43,158,35,46,38,19,4,15,0
S01011335,644,171,43,128,220,62,85,33,26,37,5,0,5,5
S01011336,502,70,23,47,97,65,43,53,93,59,21,12,9,1
S01011337,521,141,28,113,172,43,91,16,27,24,3,0,3,4
S01011338,584,41,5,36,115,51,38,73,94,130,30,8,22,12
S01011339,484,16,2,14,62,45,34,82,135,69,40,33,7,1
S01011340,572,26,16,10,71,70,46,53,133,121,37,11,26,15
S01011341,628,53,17,36,122,69,41,92,101,91,34,22,12,25
S01011342,569,57,27,30,129,74,52,80,86,56,18,8,10,17
S01011343,661,20,2,18,97,62,54,96,136,122,68,39,29,6
S01011344,734,21,0,21,102,63,41,86,148,172,87,36,51,14
S01011345,706,12,4,8,88,41,47,66,206,166,69,19,50,11
S01011346,539,23,10,13,65,83,52,67,89,121,27,17,10,12
S01011347,811,66,21,45,144,90,82,111,163,103,47,19,28,5
S01011348,770,43,15,28,145,112,34,100,118,119,90,26,64,9
S01011349,845,94,28,66,216,121,107,111,77,104,12,0,12,3
S01011350,513,102,32,70,166,69,63,31,57,22,2,0,2,1
S01011351,585,22,9,13,77,72,40,82,138,109,41,14,27,4
S01011352,507,38,6,32,119,55,53,49,92,70,25,12,13,6
S01011353,504,40,12,28,68,67,43,69,77,106,23,14,9,11
S01011354,578,92,11,81,121,72,77,65,60,74,14,1,13,3
S01011355,717,57,28,29,144,90,81,95,111,115,18,7,11,6
S01011356,807,118,17,101,212,42,237,85,49,38,23,9,14,3
S01011357,668,64,14,50,174,96,70,91,62,96,11,4,7,4
S01011358,523,97,21,76,172,55,32,52,50,53,6,6,0,6
S01011359,548,33,8,25,91,69,36,68,80,122,41,16,25,8
S01011360,713,14,1,13,75,60,33,66,179,193,67,30,37,26
S01011361,472,13,1,12,29,32,22,39,110,138,83,45,38,6
S01011362,499,61,22,39,140,64,90,56,48,40,0,0,0,0
S01011363,691,63,23,40,177,77,85,60,91,83,44,27,17,11
S01011364,535,41,8,33,146,87,38,45,62,93,19,5,14,4
S01011365,613,67,33,34,248,76,46,67,37,70,2,0,2,0
S01011366,314,23,0,23,38,57,17,41,55,69,13,9,4,1
S01011367,682,34,1,33,128,72,48,86,153,139,18,10,8,4
S01011368,824,116,26,90,323,104,84,73,38,61,15,4,11,10
S01011369,649,17,0,17,136,61,46,97,119,117,47,15,32,9
S01011370,731,94,27,67,241,92,37,90,83,86,7,6,1,1
S01011371,784,28,3,25,145,96,41,89,141,152,83,29,54,9
S01011372,538,20,7,13,53,47,15,62,116,115,83,33,50,27
S01011373,579,22,6,16,83,59,52,36,127,109,57,18,39,34
S01011374,658,71,20,51,177,146,40,69,56,68,25,14,11,6
S01011375,546,71,28,43,128,81,41,59,65,69,27,1,26,5
S01011376,326,14,2,12,61,44,19,33,73,54,19,7,12,9
S01011377,484,126,22,104,167,65,58,22,18,20,4,4,0,4
S01011378,550,66,17,49,164,87,40,54,66,61,9,0,9,3
S01011379,792,164,28,136,304,99,61,64,42,53,4,0,4,1
S01011380,530,58,14,44,101,113,36,46,58,87,24,16,8,7
S01011381,500,49,13,36,144,86,49,41,48,58,17,3,14,8
S01011382,484,36,13,23,96,35,37,43,93,110,26,19,7,8
S01011383,563,11,0,11,81,69,13,47,131,141,63,36,27,7
S01011384,674,8,0,8,51,36,33,66,162,186,130,54,76,2
S01011385,811,13,3,10,86,69,52,81,159,245,98,43,55,8
S01011386,544,7,3,4,35,32,31,70,147,100,115,56,59,7
S01011387,696,31,7,24,67,50,28,86,164,186,81,39,42,3
S01011388,1026,121,50,71,316,112,80,132,131,106,20,13,7,8
S01011389,625,30,7,23,118,98,43,57,105,102,44,30,14,28
S01011390,663,29,17,12,92,71,27,94,117,195,30,11,19,8
S01011391,568,22,15,7,66,47,48,63,154,132,28,9,19,8
S01011392,596,17,9,8,66,50,40,93,112,148,62,13,49,8
S01011393,639,31,14,17,131,91,66,71,103,115,25,9,16,6
S01011394,574,150,44,106,175,70,43,61,25,40,7,3,4,3
S01011395,593,25,3,22,118,83,50,61,104,118,28,16,12,6
S01011396,579,41,21,20,133,84,46,34,92,98,43,27,16,8
S01011397,598,23,10,13,139,72,42,67,106,98,36,21,15,15
S01011398,667,16,0,16,104,60,46,80,102,164,91,40,51,4
S01011399,427,14,1,13,51,65,27,44,94,84,39,14,25,9
S01011400,571,66,17,49,150,98,38,43,78,66,32,13,19,0
S01011401,491,60,32,28,151,61,34,44,59,64,13,6,7,5
S01011402,608,56,19,37,112,93,56,100,87,65,30,15,15,9
S01011403,484,43,17,26,117,71,34,39,83,70,19,7,12,8
S01011404,730,50,10,40,158,94,48,65,130,130,42,20,22,13
S01011405,488,49,10,39,128,49,31,55,76,48,52,39,13,0
S01011406,496,12,2,10,115,45,40,58,92,107,16,0,16,11
S01011407,880,66,11,55,234,127,99,74,87,151,21,8,13,21
S01011408,668,13,5,8,96,79,45,68,160,160,41,23,18,6
S01011409,748,29,2,27,114,86,60,95,141,147,70,32,38,6
S01011410,486,13,2,11,68,82,29,80,99,88,24,15,9,3
S01011411,539,26,6,20,79,52,36,98,113,96,32,12,20,7
S01011412,654,102,44,58,221,77,71,83,44,42,8,5,3,6
S01011413,520,40,13,27,135,110,53,57,44,70,9,7,2,2
S01011414,680,32,6,26,113,97,40,97,96,133,65,44,21,7
S01011415,730,54,19,35,171,87,71,107,102,114,23,9,14,1
S01011416,547,61,18,43,150,89,52,92,34,65,4,2,2,0
S01011417,612,39,4,35,108,74,71,64,98,123,24,17,7,11
S01011418,444,11,3,8,66,39,30,79,103,82,19,13,6,15
S01011419,459,45,4,41,76,65,25,54,71,97,26,9,17,0
S01011420,418,7,1,6,50,40,37,18,78,128,45,23,22,15
S01011421,593,54,19,35,171,83,30,85,57,71,37,14,23,5
S01011422,556,28,6,22,79,62,47,61,109,140,26,13,13,4
S01011423,498,39,4,35,65,36,18,52,117,112,57,32,25,2
S01011424,461,14,6,8,76,43,26,70,86,128,14,10,4,4
S01011425,765,39,12,27,156,53,88,80,153,118,62,29,33,16
S01011426,898,145,35,110,299,68,131,92,68,82,7,2,5,6
S01011427,574,31,4,27,116,35,70,60,104,130,28,10,18,0
S01011428,400,33,6,27,56,24,37,64,56,99,30,15,15,1
S01011429,568,96,27,69,186,51,97,57,30,46,3,2,1,2
S01011430,769,72,11,61,172,96,87,97,110,118,12,4,8,5
S01011431,833,39,15,24,146,65,80,117,145,189,35,15,20,17
S01011432,834,25,15,10,141,108,45,99,156,211,42,13,29,7
S01011433,835,20,7,13,68,83,43,84,185,228,102,49,53,22
S01011434,443,21,8,13,95,60,31,56,87,78,11,8,3,4
S01011435,801,87,32,55,267,87,73,95,72,91,19,4,15,10
S01011436,604,14,0,14,82,63,56,69,127,129,54,16,38,10
S01011437,605,24,12,12,94,56,49,72,116,139,50,32,18,5
S01011438,485,5,5,0,39,51,16,50,137,133,52,34,18,2
S01011439,730,34,9,25,103,68,77,99,140,165,37,18,19,7
S01011440,501,19,6,13,47,62,26,60,124,142,19,6,13,2
S01011441,653,24,14,10,80,75,47,87,131,160,49,17,32,0
S01011442,546,12,3,9,70,54,56,88,107,135,20,10,10,4
S01011443,496,23,10,13,81,58,28,55,83,138,21,3,18,9
S01011444,637,19,4,15,63,55,59,83,129,164,59,32,27,6
S01011445,474,39,6,33,109,43,37,55,58,100,28,11,17,5
S01011446,435,24,6,18,75,54,94,49,49,72,12,6,6,6
S01011447,839,18,9,9,121,141,68,89,154,185,58,19,39,5
S01011448,756,60,13,47,189,78,102,85,124,89,19,5,14,10
S01011449,422,26,5,21,79,33,29,69,58,89,38,16,22,1
S01011450,572,77,19,58,164,53,99,63,35,59,12,10,2,10
S01011451,700,121,43,78,214,46,177,44,40,37,21,5,16,0
S01011452,848,99,32,67,192,97,113,106,107,115,15,0,15,4
S01011453,599,31,17,14,113,70,49,76,97,125,35,11,24,3
S01011454,664,19,6,13,112,69,50,110,120,164,16,4,12,4
S01011455,613,12,3,9,69,58,58,61,157,139,53,28,25,6
S01011456,676,19,7,12,88,100,71,105,105,145,39,24,15,4
S01011457,813,26,0,26,104,79,36,87,171,245,57,34,23,8
S01011458,1060,122,25,97,257,163,104,161,101,129,15,9,6,8
S01011459,982,86,16,70,272,164,72,106,119,146,15,4,11,2
S01011460,690,56,13,43,162,43,45,95,74,163,44,25,19,8
S01011461,666,17,7,10,78,93,53,84,139,152,41,17,24,9
S01011462,745,118,34,84,172,87,61,87,102,95,16,9,7,7
S01011463,561,37,4,33,127,68,68,60,82,103,8,3,5,8
S01011464,556,97,19,78,186,41,72,68,37,45,7,6,1,3
S01011465,480,12,0,12,37,30,50,48,111,122,66,38,28,4
S01011466,486,32,10,22,61,46,31,29,86,146,43,25,18,12
S01011467,489,49,13,36,113,60,42,49,73,68,35,17,18,0
S01011468,899,134,45,89,323,108,90,90,64,59,18,14,4,13
S01011469,798,32,6,26,129,89,71,78,160,149,68,29,39,22
S01011470,892,77,25,52,149,101,91,88,169,154,33,15,18,30
S01011471,625,68,33,35,157,76,30,55,106,99,12,3,9,22
S01011472,696,21,5,16,91,107,43,80,125,130,75,30,45,24
S01011473,417,9,0,9,48,88,15,46,101,84,16,8,8,10
S01011474,566,31,13,18,103,71,20,62,111,107,54,28,26,7
S01011475,421,13,1,12,57,59,22,36,98,78,39,16,23,19
S01011476,402,63,8,55,112,78,23,63,33,30,0,0,0,0
S01011477,689,121,29,92,229,143,47,55,38,51,4,4,0,1
S01011478,895,220,71,149,330,99,100,72,42,16,6,1,5,10
S01011479,607,83,22,61,215,86,63,58,44,49,8,7,1,1
S01011480,811,249,50,199,253,72,94,41,53,34,11,8,3,4
S01011481,714,91,9,82,217,83,55,97,63,88,19,13,6,1
S01011482,683,44,7,37,167,92,34,81,95,116,34,10,24,20
S01011483,467,55,13,42,174,57,39,39,48,43,7,4,3,5
S01011484,725,35,4,31,97,83,47,73,188,149,37,12,25,16
S01011485,814,29,12,17,129,99,17,84,166,170,104,54,50,16
S01011486,464,4,3,1,62,31,11,54,97,147,52,33,19,6
S01011487,983,46,11,35,115,126,72,96,238,215,69,47,22,6
S01011488,586,25,7,18,50,55,24,67,154,128,77,29,48,6
S01011489,740,92,43,49,199,101,66,83,78,98,19,8,11,4
S01011490,813,31,11,20,199,105,66,73,138,167,28,14,14,6
S01011491,438,12,0,12,66,42,12,60,78,93,66,45,21,9
S01011492,695,15,0,15,77,51,23,89,126,174,109,66,43,31
S01011493,527,86,31,55,160,62,46,84,31,58,0,0,0,0
S01011494,579,40,10,30,95,77,39,58,96,143,23,13,10,8
S01011495,668,22,3,19,106,84,31,80,147,137,53,23,30,8
S01011496,597,21,10,11,62,45,41,68,155,154,46,25,21,5
S01011497,583,69,20,49,169,62,79,73,50,59,19,8,11,3
S01011498,645,53,11,42,204,119,58,84,71,47,1,0,1,8
S01011499,704,48,16,32,172,146,70,93,71,80,17,6,11,7
S01011500,434,20,11,9,86,43,31,51,77,102,23,1,22,1
S01011501,565,26,3,23,41,40,30,58,107,196,66,32,34,1
S01011502,629,22,9,13,78,86,52,102,114,141,28,15,13,6
S01011503,551,21,8,13,96,50,41,60,96,146,35,11,24,6
S01011504,472,35,4,31,89,51,41,61,72,97,18,4,14,8
S01011505,629,26,1,25,97,65,40,82,118,138,47,12,35,16
S01011506,369,24,9,15,86,38,26,46,60,76,10,4,6,3
S01011507,497,29,12,17,94,50,42,65,74,94,45,29,16,4
S01011508,883,86,28,58,185,95,73,126,112,162,36,18,18,8
S01011509,529,32,10,22,75,59,40,91,108,92,29,18,11,3
S01011510,980,26,5,21,180,64,87,111,247,155,98,38,60,12
S01011511,433,5,0,5,50,53,17,39,109,113,37,13,24,10
S01011512,863,12,0,12,69,128,39,94,182,201,123,68,55,15
S01011513,684,21,4,17,87,64,27,97,140,164,80,50,30,4
S01011514,841,22,0,22,98,71,67,113,170,245,41,24,17,14
S01011515,475,20,4,16,97,86,51,72,56,76,14,8,6,3
S01011516,831,81,25,56,248,116,82,122,92,65,16,7,9,9
S01011517,463,31,11,20,70,78,29,67,78,86,15,2,13,9
S01011518,507,26,9,17,73,20,54,75,80,139,40,28,12,0
S01011519,663,16,3,13,121,55,35,87,144,178,27,20,7,0
S01011520,500,19,0,19,67,40,24,59,86,123,69,41,28,13
S01011521,856,45,25,20,140,113,46,75,178,151,96,46,50,12
S01011522,740,27,4,23,137,95,50,75,195,118,25,13,12,18
S01011523,663,21,4,17,88,49,53,91,139,193,24,12,12,5
S01011524,781,87,25,62,158,105,66,125,102,124,9,3,6,5
S01011525,795,87,25,62,189,74,57,107,118,143,17,13,4,3
S01011526,866,46,5,41,149,115,74,147,156,141,36,21,15,2
S01011527,536,69,45,24,120,45,60,73,71,77,21,6,15,0
S01011528,764,29,9,20,125,97,54,100,149,153,49,16,33,8
S01011529,428,19,8,11,60,48,20,23,99,101,44,20,24,14
S01011530,782,34,2,32,108,86,43,107,153,184,54,28,26,13
S01011531,900,122,20,102,264,125,94,86,78,99,24,6,18,8
S01011532,620,91,30,61,165,46,102,79,45,73,14,7,7,5
S01011533,534,21,13,8,44,58,45,61,121,126,53,32,21,5
S01011534,647,62,5,57,106,102,70,80,101,96,26,8,18,4
S01011535,689,21,2,19,82,75,25,76,132,183,80,44,36,15
S01011536,601,97,24,73,171,105,71,43,51,49,5,0,5,9
S01011537,493,60,14,46,130,115,36,42,40,53,11,10,1,6
S01011538,566,135,31,104,180,47,64,45,44,37,9,5,4,5
S01011539,610,26,7,19,111,58,41,54,138,127,46,17,29,9
S01011540,886,47,8,39,170,98,91,92,135,202,36,19,17,15
S01011541,856,16,5,11,97,64,74,98,212,231,51,15,36,13
S01011542,813,24,11,13,88,94,56,130,186,189,44,10,34,2
S01011543,745,9,2,7,69,68,66,116,177,177,53,21,32,10
S01011544,565,8,3,5,83,54,43,55,151,140,24,9,15,7
S01011545,456,6,0,6,41,51,33,92,84,129,16,6,10,4
S01011546,732,131,54,77,234,89,120,56,55,37,3,0,3,7
S01011547,592,80,18,62,192,66,82,52,47,57,13,6,7,3
S01011548,579,28,9,19,135,89,44,46,117,101,5,4,1,14
S01011549,658,78,22,56,180,81,68,85,68,82,16,2,14,0
S01011550,598,100,14,86,191,123,51,40,30,47,13,7,6,3
S01011551,453,38,11,27,110,52,41,58,70,61,23,7,16,0
S01011552,612,47,8,39,173,93,76,69,93,52,6,4,2,3
S01011553,841,169,17,152,285,53,179,52,44,42,7,0,7,10
S01011554,666,37,7,30,109,106,73,52,99,167,18,13,5,5
S01011555,497,9,1,8,58,71,28,62,108,131,27,14,13,3
S01011556,445,14,10,4,53,59,50,42,119,64,33,15,18,11
S01011557,659,9,4,5,122,85,51,77,152,135,26,14,12,2
S01011558,513,20,8,12,64,59,49,75,102,108,35,15,20,1
S01011559,543,16,4,12,83,33,53,83,106,118,36,22,14,15
S01011560,661,14,5,9,120,74,24,52,150,197,23,10,13,7
S01011561,715,0,0,0,106,65,44,81,180,200,34,13,21,5
S01011562,591,20,0,20,81,61,36,65,102,133,68,38,30,25
S01011563,685,25,8,17,108,78,45,57,132,170,57,32,25,13
S01011564,825,53,8,45,148,118,82,109,109,163,39,18,21,4
S01011565,861,29,13,16,131,127,73,115,139,197,33,11,22,17
S01011566,841,44,19,25,64,90,57,102,176,202,79,30,49,27
S01011567,738,25,5,20,83,117,78,91,157,158,22,17,5,7
S01011568,732,55,16,39,168,113,54,85,120,113,21,11,10,3
S01011569,799,74,23,51,161,90,39,122,131,145,27,17,10,10
S01011570,557,25,11,14,86,69,45,66,107,121,25,14,11,13
S01011571,504,16,0,16,83,55,27,55,124,98,29,13,16,17
S01011572,495,26,8,18,112,63,32,33,116,91,20,5,15,2
S01011573,968,100,22,78,239,124,121,105,101,134,32,8,24,12
S01011574,716,60,26,34,135,96,78,104,104,119,8,4,4,12
S01011575,454,21,4,17,97,34,30,57,78,80,45,13,32,12
S01011576,654,4,4,0,44,56,30,50,189,202,69,20,49,10
S01011577,644,50,12,38,122,94,59,56,118,101,32,19,13,12
S01011578,763,41,11,30,164,102,54,62,140,154,40,15,25,6
S01011579,905,160,40,120,330,102,120,74,61,46,9,5,4,3
S01011580,702,55,9,46,147,79,64,83,107,112,49,27,22,6
S01011581,565,43,5,38,71,70,37,55,104,126,50,31,19,9
S01011582,881,160,48,112,283,111,100,62,93,67,0,0,0,5
S01011583,593,29,6,23,133,60,33,76,117,104,26,10,16,15
S01011584,593,16,3,13,81,85,31,68,132,149,21,15,6,10
S01011585,590,22,7,15,87,98,51,51,115,121,40,22,18,5
S01011586,474,6,0,6,93,70,14,65,79,100,42,9,33,5
S01011587,498,12,0,12,92,45,34,85,100,101,20,9,11,9
S01011588,688,42,22,20,84,101,65,69,144,106,71,26,45,6
S01011589,688,22,7,15,131,68,49,85,178,135,19,13,6,1
S01011590,581,16,4,12,89,64,61,80,107,123,37,16,21,4
S01011591,524,11,0,11,68,39,39,61,74,166,58,27,31,8
S01011592,598,19,5,14,63,76,38,59,118,153,66,30,36,6
S01011593,579,63,24,39,133,86,44,57,72,98,19,8,11,7
S01011594,336,15,8,7,75,37,37,53,51,55,9,2,7,4
S01011595,509,63,8,55,150,71,57,36,38,74,9,1,8,11
S01011596,819,77,29,48,222,122,46,58,116,108,48,29,19,22
S01011597,475,49,12,37,140,55,35,57,76,48,6,4,2,9
S01011598,704,16,5,11,49,79,35,58,169,150,126,51,75,22
S01011599,675,24,1,23,141,104,37,60,98,161,39,21,18,11
S01011600,559,21,6,15,99,76,36,73,118,125,9,7,2,2
S01011601,792,93,22,71,217,95,73,107,78,112,17,14,3,0
S01011602,510,42,8,34,85,41,54,39,107,90,44,21,23,8
S01011603,587,8,2,6,90,76,30,64,140,121,43,22,21,15
S01011604,572,8,2,6,67,62,41,64,112,158,50,22,28,10
S01011605,649,12,1,11,107,88,72,89,122,123,29,12,17,7
S01011606,978,128,21,107,321,160,75,97,83,88,10,6,4,16
S01011607,524,66,14,52,149,47,61,71,59,54,14,0,14,3
S01011608,894,97,38,59,237,115,127,114,87,106,11,8,3,0
S01011609,863,19,0,19,82,64,64,109,172,208,113,62,51,32
S01011610,730,26,4,22,85,66,27,54,180,196,87,47,40,9
S01011611,569,43,20,23,169,66,47,93,57,68,18,10,8,8
S01011612,619,104,16,88,245,77,76,44,23,41,9,5,4,0
S01011613,777,107,24,83,243,92,113,90,41,82,9,0,9,0
S01011614,371,47,13,34,107,61,44,19,20,48,14,2,12,11
S01011615,644,42,17,25,90,72,55,79,128,120,42,17,25,16
S01011616,342,16,0,16,31,39,30,33,68,75,40,26,14,10
S01011617,684,33,16,17,84,76,64,74,129,170,44,28,16,10
S01011618,554,31,6,25,82,54,38,46,131,132,38,26,12,2
S01011619,982,122,34,88,320,144,63,94,120,100,16,6,10,3
S01011620,1054,142,24,118,291,168,105,143,64,127,2,1,1,12
S01011621,698,67,22,45,174,80,52,86,86,127,22,5,17,4
S01011622,607,106,25,81,194,68,95,54,34,50,1,1,0,5
S01011623,566,28,6,22,86,72,61,52,103,118,34,21,13,12
S01011624,662,62,22,40,183,71,65,86,66,101,26,5,21,2
S01011625,484,12,4,8,89,74,37,53,94,97,21,7,14,7
S01011626,768,115,41,74,201,130,90,68,56,75,17,0,17,16
S01011627,702,90,19,71,246,64,67,95,48,78,6,3,3,8
S01011628,892,116,32,84,240,138,119,97,71,99,5,1,4,7
S01011629,535,5,2,3,75,56,48,86,92,112,36,12,24,25
S01011630,537,32,12,20,53,71,60,53,73,135,57,11,46,3
S01011631,585,10,7,3,26,66,29,88,106,165,75,42,33,20
S01011632,677,13,0,13,78,59,56,47,152,222,40,23,17,10
S01011633,598,31,2,29,65,68,45,78,79,176,52,24,28,4
S01011634,495,24,2,22,64,63,10,69,107,101,45,30,15,12
S01011635,616,23,3,20,83,62,49,77,137,122,53,40,13,10
S01011636,622,20,6,14,54,86,46,90,138,133,44,25,19,11
S01011637,592,19,0,19,122,40,46,63,116,128,50,30,20,8
S01011638,366,14,2,12,78,45,33,38,68,72,14,6,8,4
S01011639,496,21,6,15,76,62,14,64,90,101,64,34,30,4
S01011640,583,23,7,16,87,45,44,108,95,143,32,9,23,6
S01011641,386,48,5,43,127,52,48,41,36,32,1,1,0,1
S01011642,667,84,16,68,145,88,52,80,91,87,36,9,27,4
S01011643,499,93,14,79,141,34,69,39,63,54,4,0,4,2
S01011644,534,55,6,49,146,75,49,64,84,55,5,0,5,1
S01011645,383,16,4,12,91,67,51,39,63,49,5,3,2,2
S01011646,577,101,27,74,179,93,44,63,49,48,0,0,0,0
S01011647,802,112,39,73,281,110,62,83,80,62,11,1,10,1
S01011648,651,76,11,65,166,85,55,82,76,67,43,23,20,1
S01011649,423,17,9,8,75,86,32,45,69,68,18,6,12,13
S01011650,595,87,23,64,153,81,68,46,76,66,17,13,4,1
S01011651,737,78,12,66,180,80,44,66,118,109,30,8,22,32
S01011652,661,80,23,57,174,95,44,58,98,74,25,7,18,13
S01011653,767,16,2,14,112,86,72,103,110,183,72,25,47,13
S01011654,785,81,15,66,130,101,74,58,125,120,74,35,39,22
S01011655,691,18,5,13,94,84,43,78,125,141,100,49,51,8
S01011656,546,17,3,14,59,50,28,66,86,155,73,29,44,12
S01011657,459,28,4,24,74,29,27,51,85,99,51,25,26,15
S01011658,543,19,3,16,50,27,64,72,111,127,54,20,34,19
S01011659,624,19,5,14,86,79,50,70,123,149,30,12,18,18
S01011660,757,85,23,62,178,113,74,81,100,101,13,7,6,12
S01011661,404,17,5,12,70,57,49,42,66,84,18,12,6,1
S01011662,595,65,9,56,199,55,99,49,67,55,1,0,1,5
S01011663,896,19,0,19,118,118,65,125,125,209,102,34,68,15
S01011664,871,19,10,9,87,71,70,103,194,259,67,52,15,1
S01011665,696,30,5,25,126,106,38,54,126,139,53,21,32,24
S01011666,661,35,8,27,97,92,25,58,113,138,87,23,64,16
S01011667,600,51,8,43,88,87,66,65,77,121,42,24,18,3
S01011668,947,11,4,7,92,78,38,132,224,276,78,44,34,18
S01011669,464,74,10,64,113,53,77,29,25,71,15,8,7,7
S01011670,485,12,0,12,72,60,39,42,120,110,27,14,13,3
S01011671,505,70,8,62,120,71,57,36,52,86,8,3,5,5
S01011672,467,54,10,44,79,31,44,40,80,89,42,25,17,8
S01011673,573,22,2,20,78,71,38,80,87,141,50,27,23,6
S01011674,857,58,10,48,180,145,43,93,132,161,45,19,26,0
S01011675,734,45,9,36,120,58,46,72,151,165,63,25,38,14
S01011676,578,16,0,16,59,62,24,97,88,186,45,18,27,1
S01011677,588,64,23,41,141,96,46,40,62,89,37,14,23,13
S01011678,375,13,1,12,45,26,30,50,51,109,46,34,12,5
S01011679,535,34,14,20,136,83,48,101,61,57,8,1,7,7
S01011680,905,39,9,30,82,128,75,87,167,236,77,40,37,14
S01011681,731,45,6,39,123,89,69,72,125,158,42,9,33,8
S01011682,363,39,8,31,77,23,99,36,28,46,13,2,11,2
S01011683,644,19,2,17,76,64,96,101,87,169,24,7,17,8
S01011684,440,31,10,21,88,40,59,51,56,94,19,15,4,2
S01011685,745,87,28,59,248,64,101,70,68,91,16,9,7,0
S01011686,709,88,19,69,225,77,76,82,66,91,0,0,0,4
S01011687,731,52,8,44,109,90,50,104,150,127,47,22,25,2
S01011688,739,118,32,86,170,89,117,69,68,72,29,19,10,7
S01011689,588,111,31,80,146,72,93,66,35,51,6,1,5,8
S01011690,904,111,26,85,222,108,144,91,97,88,40,25,15,3
S01011691,569,78,29,49,162,75,52,43,77,68,9,9,0,5
S01011692,894,26,7,19,127,115,56,98,178,225,55,26,29,14
S01011693,697,81,11,70,211,94,62,76,73,71,13,6,7,16
S01011694,517,79,14,65,154,59,50,42,51,53,26,15,11,3
S01011695,870,148,45,103,269,93,114,84,68,83,10,6,4,1
S01011696,1050,281,44,237,362,81,141,59,61,54,6,0,6,5
S01011697,942,158,27,131,275,102,104,76,104,89,25,7,18,9
S01011698,546,9,0,9,105,60,79,80,81,106,21,4,17,5
S01011699,758,108,41,67,215,109,104,74,72,57,10,5,5,9
S01011700,590,61,23,38,149,79,86,64,58,76,10,3,7,7
S01011701,861,172,32,140,258,119,94,71,78,51,15,9,6,3
S01011702,581,106,19,87,151,68,56,49,60,67,17,6,11,7
S01011703,526,113,21,92,146,44,119,44,19,31,10,2,8,0
S01011704,673,112,16,96,212,91,71,69,72,29,12,5,7,5
S01011705,668,48,16,32,116,74,77,67,105,123,44,18,26,14
S01011706,773,71,20,51,168,97,85,84,119,114,24,9,15,11
S01011707,562,72,18,54,201,72,57,58,58,27,8,0,8,9
S01011708,736,44,8,36,158,107,67,70,125,129,29,15,14,7
S01011709,812,90,25,65,235,81,78,78,114,99,26,6,20,11
S01011710,582,10,4,6,70,70,32,58,150,117,71,19,52,4
S01011711,567,11,2,9,79,82,39,62,105,138,43,16,27,8
S01011712,446,31,8,23,89,78,35,57,82,52,20,5,15,2
S01011713,688,58,13,45,168,108,80,63,110,92,9,4,5,0
S01011714,551,90,7,83,130,63,64,76,51,72,2,2,0,3
S01011715,533,24,0,24,89,61,32,67,104,97,44,25,19,15
S01011716,853,69,8,61,246,142,118,85,98,85,7,3,4,3
S01011717,583,52,13,39,155,66,88,51,73,89,6,2,4,3
S01011718,777,108,14,94,262,85,107,82,66,61,4,3,1,2
S01011719,611,99,36,63,201,76,98,55,33,38,0,0,0,11
S01011720,438,84,23,61,162,59,56,21,22,33,1,1,0,0
S01011721,587,29,4,25,109,130,34,74,92,100,13,3,10,6
S01011722,579,40,1,39,115,82,50,75,103,68,32,11,21,14
S01011723,791,69,10,59,168,133,80,94,107,126,11,2,9,3
S01011724,718,85,9,76,206,101,61,57,76,93,27,13,14,12
S01011725,606,119,35,84,199,56,73,39,46,65,4,1,3,5
S01011726,525,84,22,62,164,85,48,49,35,58,1,1,0,1
S01011727,744,144,43,101,291,90,113,41,32,23,3,0,3,7
S01011728,802,42,12,30,169,109,94,97,124,137,19,10,9,11
S01011729,590,35,5,30,100,83,31,87,83,120,37,5,32,14
S01011730,643,59,4,55,165,102,61,74,98,77,2,1,1,5
S01011731,659,29,8,21,143,92,91,55,115,119,15,7,8,0
S01011732,675,106,35,71,208,111,89,70,38,45,8,1,7,0
S01011733,679,36,11,25,131,128,60,74,113,117,16,3,13,4
S01011734,585,63,12,51,141,89,53,64,92,65,10,6,4,8
S01011735,577,76,27,49,169,86,75,37,59,60,11,1,10,4
S01011736,683,37,4,33,134,146,55,69,87,113,19,6,13,23
S01011737,617,34,10,24,137,103,67,41,58,81,73,41,32,23
S01011738,905,71,22,49,180,107,99,83,144,149,56,35,21,16
S01011739,403,16,5,11,48,66,19,54,104,70,15,5,10,11
S01011740,683,22,10,12,137,65,28,87,123,121,61,33,28,39
S01011741,544,25,8,17,62,82,29,75,77,141,38,18,20,15
S01011742,621,54,6,48,124,95,42,66,125,85,24,9,15,6
S01011743,643,35,1,34,117,126,55,93,87,105,11,6,5,14
S01011744,650,37,12,25,150,98,57,55,112,102,33,12,21,6
S01011745,449,15,5,10,75,66,35,71,73,92,13,7,6,9
S01011746,466,0,0,0,78,38,35,42,135,110,19,10,9,9
S01011747,877,15,3,12,93,122,49,107,196,193,87,19,68,15
S01011748,793,8,0,8,87,102,56,117,178,157,55,31,24,33
S01011749,733,17,3,14,74,67,28,69,160,175,116,71,45,27
S01011750,706,39,12,27,121,122,52,71,123,140,30,10,20,8
S01011751,889,33,11,22,96,105,53,97,198,183,87,28,59,37
S01011752,787,26,8,18,184,116,58,115,131,134,17,9,8,6
S01011753,619,51,12,39,153,92,51,74,98,77,22,10,12,1
S01011754,604,39,12,27,92,82,51,100,102,98,29,12,17,11
S01011755,842,41,14,27,167,126,53,85,168,155,36,15,21,11
S01011756,873,34,8,26,162,153,66,98,154,165,31,7,24,10
S01011757,620,12,0,12,116,113,43,75,98,109,38,15,23,16
S01011758,548,31,21,10,102,77,50,77,84,111,13,1,12,3
S01011759,677,57,6,51,80,124,53,86,116,124,21,7,14,16
S01011760,743,44,13,31,114,133,56,71,138,147,30,8,22,10
S01011761,675,43,8,35,120,78,61,62,114,173,17,4,13,7
S01011762,567,37,3,34,89,88,32,46,141,80,39,29,10,15
S01011763,649,31,12,19,136,87,71,91,89,111,23,9,14,10
S01011764,357,23,8,15,87,55,22,55,58,46,6,0,6,5
S01011765,899,117,28,89,277,138,122,70,64,96,9,7,2,6
S01011766,446,80,23,57,131,61,67,13,23,60,4,2,2,7
S01011767,666,26,6,20,123,76,64,65,138,111,49,19,30,14
S01011768,614,17,2,15,121,89,37,48,101,137,45,13,32,19
S01011769,449,29,2,27,62,87,45,40,85,68,23,12,11,10
S01011770,648,29,5,24,108,106,44,77,126,112,34,15,19,12
S01011771,622,133,25,108,191,79,69,62,45,30,10,7,3,3
S01011772,959,235,72,163,363,86,149,45,36,27,16,1,15,2
S01011773,573,104,29,75,182,65,64,78,59,16,3,3,0,2
S01011774,901,128,31,97,255,138,112,92,76,74,11,2,9,15
S01011775,629,177,64,113,206,71,67,51,40,14,3,3,0,0
S01011776,1054,270,66,204,365,94,128,62,70,59,6,0,6,0
S01011777,586,122,24,98,208,115,30,39,28,34,9,3,6,1
S01011778,573,146,43,103,220,57,61,29,32,12,14,0,14,2
S01011779,665,144,24,120,199,91,67,71,52,33,6,1,5,2
S01011780,860,234,75,159,236,63,152,66,52,43,14,5,9,0
S01011781,516,106,38,68,151,44,58,54,45,50,1,0,1,7
S01011782,583,110,36,74,184,84,70,59,37,31,7,1,6,1
S01011783,505,93,21,72,149,75,65,35,52,27,9,2,7,0
S01011784,697,24,3,21,136,96,71,76,124,133,17,6,11,20
S01011785,712,75,11,64,146,148,53,50,132,87,16,13,3,5
S01011786,421,92,29,63,153,44,50,34,18,11,8,0,8,11
S01011787,852,49,14,35,118,62,84,114,185,177,50,24,26,13
S01011788,654,215,81,134,164,45,183,10,20,12,1,0,1,4
S01011789,528,63,18,45,115,39,104,86,38,71,9,7,2,3
S01011790,899,70,10,60,191,82,117,71,152,139,50,34,16,27
S01011791,607,25,6,19,110,80,65,70,97,107,38,27,11,15
S01011792,612,44,13,31,151,62,85,49,72,115,29,16,13,5
S01011793,521,59,18,41,152,51,71,58,64,53,6,4,2,7
S01011794,742,26,13,13,114,111,91,61,141,157,36,20,16,5
S01011795,533,18,7,11,93,51,45,77,98,97,53,19,34,1
S01011796,669,13,0,13,123,60,53,86,127,134,55,30,25,18
S01011797,861,145,54,91,260,83,136,77,67,86,5,0,5,2
S01011798,466,23,4,19,81,35,61,65,77,88,26,12,14,10
S01011799,758,64,25,39,182,80,111,104,96,99,22,9,13,0
S01011800,412,24,6,18,51,39,40,96,61,94,6,0,6,1
S01011801,545,36,15,21,94,57,40,56,119,84,41,19,22,18
S01011802,558,36,16,20,86,52,56,75,105,99,38,9,29,11
S01011803,507,25,5,20,53,41,81,78,118,78,32,13,19,1
S01011804,587,25,8,17,147,37,85,77,90,109,9,5,4,8
S01011805,418,36,1,35,99,14,69,58,64,63,2,0,2,13
S01011806,596,56,17,39,131,29,118,76,97,79,7,0,7,3
S01011807,850,81,19,62,182,38,252,91,108,80,7,7,0,11
S01011808,495,29,7,22,135,33,73,63,82,67,9,4,5,4
S01011809,591,82,23,59,141,40,124,66,59,76,3,1,2,0
S01011810,759,69,14,55,146,62,166,108,69,136,3,2,1,0
S01011811,847,65,20,45,183,30,237,121,89,118,2,1,1,2
S01011812,556,82,11,71,163,28,138,52,49,40,4,1,3,0
S01011813,627,45,9,36,142,33,154,91,56,97,5,1,4,4
S01011814,583,55,16,39,158,19,148,39,77,86,1,0,1,0
S01011815,705,50,11,39,177,50,107,89,106,107,12,5,7,7
S01011816,519,68,34,34,184,41,93,58,33,41,0,0,0,1
S01011817,612,56,23,33,159,26,152,89,55,68,1,0,1,6
S01011818,884,75,29,46,226,69,115,110,150,128,5,2,3,6
S01011819,673,45,9,36,122,60,79,103,106,146,8,5,3,4
S01011820,569,53,8,45,150,50,61,89,64,90,9,4,5,3
S01011821,376,8,4,4,84,33,33,39,74,77,22,9,13,6
S01011822,574,40,7,33,98,45,62,102,131,76,17,11,6,3
S01011823,494,29,5,24,105,53,50,60,87,106,4,3,1,0
S01011824,621,18,4,14,127,50,54,104,103,149,16,10,6,0
S01011825,419,37,4,33,121,28,37,56,74,55,4,2,2,7
S01011826,544,52,22,30,97,50,70,68,107,97,3,2,1,0
S01011827,367,15,7,8,63,28,102,52,54,43,10,5,5,0
S01011828,715,61,17,44,132,34,208,78,123,59,11,10,1,9
S01011829,329,46,19,27,65,29,69,48,36,35,1,1,0,0
S01011830,440,20,5,15,68,41,156,60,44,37,13,4,9,1
S01011831,663,37,8,29,92,34,282,39,117,40,15,2,13,7
S01011832,622,34,7,27,127,32,226,60,89,47,7,2,5,0
S01011833,790,219,65,154,259,66,121,51,39,24,10,10,0,1
S01011834,432,146,39,107,131,34,52,25,19,20,5,2,3,0
S01011835,595,155,27,128,188,45,96,50,25,20,8,5,3,8
S01011836,598,158,33,125,185,59,91,32,58,12,3,0,3,0
S01011837,510,131,29,102,143,36,118,26,23,25,5,0,5,3
S01011838,635,186,39,147,188,80,69,42,35,29,0,0,0,6
S01011839,755,143,41,102,233,88,98,67,65,53,6,6,0,2
S01011840,861,161,49,112,245,73,89,95,109,76,13,6,7,0
S01011841,765,99,33,66,234,84,93,69,83,86,12,9,3,5
S01011842,756,83,15,68,179,58,72,105,130,108,13,1,12,8
S01011843,800,186,53,133,235,51,187,56,42,34,6,6,0,3
S01011844,604,248,42,206,174,31,71,22,29,25,1,0,1,3
S01011845,685,99,36,63,174,68,94,76,74,82,3,2,1,15
S01011846,697,169,35,134,213,63,101,41,44,52,9,9,0,5
S01011847,359,85,27,58,141,13,74,19,9,16,0,0,0,2
S01011848,578,101,15,86,175,36,121,26,66,45,2,1,1,6
S01011849,689,108,32,76,130,70,105,102,108,53,11,1,10,2
S01011850,538,80,28,52,157,61,149,36,30,19,5,1,4,1
S01011851,718,91,20,71,138,41,153,88,90,95,15,1,14,7
S01011852,765,92,16,76,152,71,112,85,103,117,22,12,10,11
S01011853,592,83,19,64,151,49,84,77,68,69,8,4,4,3
S01011854,510,69,10,59,137,32,70,75,56,61,1,0,1,9
S01011855,660,60,11,49,97,40,92,111,92,148,14,4,10,6
S01011856,461,107,27,80,179,51,67,24,17,9,3,0,3,4
S01011857,528,73,17,56,152,30,137,38,58,31,5,2,3,4
S01011858,556,104,19,85,160,40,103,47,50,43,2,0,2,7
S01011859,520,53,11,42,111,35,109,61,74,62,11,9,2,4
S01011860,416,54,14,40,115,31,82,52,31,34,13,7,6,4
S01011861,562,75,17,58,149,48,133,34,48,60,9,1,8,6
S01011862,657,131,41,90,219,30,95,58,73,31,11,2,9,9
S01011863,551,157,53,104,144,29,58,54,63,37,8,3,5,1
S01011864,535,87,27,60,181,53,72,47,52,40,0,0,0,3
S01011865,443,49,14,35,119,57,58,56,26,59,14,1,13,5
S01011866,648,72,7,65,139,56,101,75,88,107,8,1,7,2
S01011867,775,63,16,47,174,59,83,96,138,136,16,9,7,10
S01011868,706,91,16,75,165,66,107,82,109,63,22,12,10,1
S01011869,610,86,12,74,140,42,93,72,80,69,19,11,8,9
S01011870,572,49,10,39,119,48,76,67,91,111,9,7,2,2
S01011871,937,144,46,98,275,42,210,104,81,56,20,12,8,5
S01011872,771,165,28,137,202,56,203,47,51,34,8,0,8,5
S01011873,710,141,23,118,202,85,96,70,60,40,2,1,1,14
S01011874,558,58,15,43,153,81,80,75,64,36,6,2,4,5
S01011875,481,45,8,37,104,63,46,52,64,102,5,5,0,0
S01011876,791,149,37,112,260,53,139,61,74,49,6,4,2,0
S01011877,409,50,6,44,132,26,70,38,35,50,6,3,3,2
S01011878,762,163,45,118,231,58,124,66,70,41,7,0,7,2
S01011879,468,102,38,64,131,37,86,46,27,21,5,3,2,13
S01011880,485,125,40,85,122,24,92,40,48,32,2,1,1,0
S01011881,669,82,11,71,172,65,90,66,75,91,18,7,11,10
S01011882,681,74,16,58,146,98,92,79,83,93,12,7,5,4
S01011883,855,163,41,122,264,97,108,81,59,59,14,3,11,10
S01011884,348,71,12,59,88,38,75,21,21,30,4,0,4,0
S01011885,599,149,12,137,220,38,83,34,44,23,3,0,3,5
S01011886,721,147,20,127,184,59,84,82,81,65,6,3,3,13
S01011887,494,61,6,55,103,80,69,54,82,39,4,4,0,2
S01011888,760,34,6,28,168,110,50,106,126,124,34,13,21,8
S01011889,670,136,36,100,187,84,88,54,64,42,9,7,2,6
S01011890,590,123,30,93,138,75,47,67,47,80,8,5,3,5
S01011891,612,28,6,22,101,96,40,121,63,118,32,16,16,13
S01011892,879,131,25,106,278,108,80,72,95,89,6,2,4,20
S01011893,759,95,16,79,184,133,49,78,110,81,18,8,10,11
S01011894,546,46,9,37,122,85,55,38,108,74,4,0,4,14
S01011895,447,150,9,141,110,40,78,26,19,12,0,0,0,12
S01011896,674,134,13,121,197,109,54,61,55,55,2,0,2,7
S01011897,809,195,42,153,245,79,76,65,65,61,19,19,0,4
S01011898,587,183,25,158,206,73,67,19,26,13,0,0,0,0
S01011899,576,93,29,64,169,98,36,72,48,55,5,5,0,0
S01011900,581,175,18,157,173,84,48,37,45,14,4,4,0,1
S01011901,725,163,53,110,205,93,90,48,76,31,1,0,1,18
S01011902,772,177,22,155,273,101,81,41,58,32,0,0,0,9
S01011903,575,82,26,56,215,83,59,59,34,33,0,0,0,10
S01011904,578,111,25,86,215,79,50,44,54,20,3,1,2,2
S01011905,661,183,50,133,191,74,92,42,48,20,2,0,2,9
S01011906,330,37,8,29,129,43,29,36,24,26,2,0,2,4
S01011907,636,66,3,63,180,90,54,106,83,54,3,0,3,0
S01011908,342,52,15,37,109,50,28,44,41,14,2,1,1,2
S01011909,1003,125,27,98,296,146,89,144,120,68,5,2,3,10
S01011910,789,36,10,26,90,65,60,100,177,197,52,22,30,12
S01011911,497,25,12,13,98,75,49,73,63,97,13,9,4,4
S01011912,613,23,2,21,114,68,37,74,133,136,16,6,10,12
S01011913,640,22,1,21,89,77,41,81,135,158,35,14,21,2
S01011914,793,20,3,17,90,84,70,103,221,161,32,6,26,12
S01011915,694,36,8,28,99,66,50,93,139,176,17,11,6,18
S01011916,507,17,6,11,65,50,24,80,110,120,37,21,16,4
S01011917,418,7,1,6,69,37,23,56,107,104,6,1,5,9
S01011918,712,23,4,19,90,54,49,65,146,187,77,38,39,21
S01011919,721,43,10,33,123,89,51,80,136,131,33,21,12,35
S01011920,514,18,2,16,71,73,43,52,90,141,13,8,5,13
S01011921,493,18,1,17,57,60,27,51,116,115,28,9,19,21
S01011922,665,20,5,15,96,65,27,77,162,175,37,16,21,6
S01011923,797,22,5,17,127,97,46,105,163,178,46,28,18,13
S01011924,379,13,4,9,52,49,28,36,80,89,13,2,11,19
S01011925,736,126,45,81,217,75,96,92,48,62,15,9,6,5
S01011926,569,34,9,25,88,66,48,76,139,102,12,7,5,4
S01011927,522,14,5,9,87,91,48,47,120,89,18,9,9,8
S01011928,584,48,11,37,106,69,66,91,76,107,16,9,7,5
S01011929,559,15,3,12,103,99,25,83,112,105,15,13,2,2
S01011930,532,22,11,11,91,76,42,57,80,143,12,8,4,9
S01011931,577,14,2,12,91,42,28,73,112,151,55,41,14,11
S01011932,582,43,1,42,126,84,35,52,83,106,28,16,12,25
S01011933,541,26,4,22,97,64,41,72,81,113,19,11,8,28
S01011934,893,87,25,62,194,83,81,84,125,141,28,11,17,70
S01011935,674,41,7,34,99,65,52,82,109,147,25,10,15,54
S01011936,580,98,5,93,145,64,41,50,78,59,18,8,10,27
S01011937,544,73,6,67,102,63,40,58,85,74,20,14,6,29
S01011938,522,74,16,58,132,54,68,42,61,68,13,3,10,10
S01011939,649,48,9,39,137,67,39,79,114,88,34,12,22,43
S01011940,383,28,6,22,69,42,23,48,73,57,24,14,10,19
S01011941,638,59,7,52,114,76,36,64,152,93,13,5,8,31
S01011942,683,39,5,34,135,65,36,70,126,124,24,12,12,64
S01011943,928,56,4,52,150,102,62,101,191,159,53,24,29,54
S01011944,338,91,14,77,113,13,55,20,35,9,2,0,2,0
S01011945,557,208,53,155,174,47,71,27,15,6,1,0,1,8
S01011946,569,118,19,99,118,43,46,74,86,64,13,5,8,7
S01011947,344,45,1,44,107,47,27,60,34,24,0,0,0,0
S01011948,755,183,21,162,217,61,72,68,66,58,29,11,18,1
S01011949,514,106,32,74,194,52,57,34,39,27,5,2,3,0
S01011950,494,90,25,65,122,65,47,41,87,39,0,0,0,3
S01011951,506,63,11,52,161,65,61,44,43,54,6,3,3,9
S01011952,402,96,25,71,136,47,45,39,27,12,0,0,0,0
S01011953,597,161,33,128,171,67,81,50,29,28,7,0,7,3
S01011954,375,33,14,19,94,69,26,55,36,57,5,1,4,0
S01011955,716,71,6,65,168,81,111,79,84,101,18,9,9,3
S01011956,873,200,41,159,289,87,97,63,68,51,8,8,0,10
S01011957,605,121,33,88,147,68,99,66,50,41,11,5,6,2
S01011958,828,108,23,85,242,42,191,65,79,90,8,4,4,3
S01011959,681,102,37,65,190,54,152,49,63,59,5,1,4,7
S01011960,697,200,36,164,228,60,64,77,34,25,5,4,1,4
S01011961,640,110,23,87,185,70,53,86,52,75,1,0,1,8
S01011962,583,168,43,125,145,61,107,51,23,26,2,2,0,0
S01011963,422,80,19,61,115,60,21,41,52,45,7,1,6,1
S01011964,778,154,22,132,198,90,93,103,60,64,12,3,9,4
S01011965,560,128,37,91,138,83,43,69,48,36,10,4,6,5
S01011966,664,186,37,149,167,98,71,42,55,34,6,5,1,5
S01011967,831,201,35,166,226,59,193,44,59,39,10,9,1,0
S01011968,809,152,25,127,212,121,84,83,77,63,8,0,8,9
S01011969,813,64,15,49,182,77,72,106,134,158,18,4,14,2
S01011970,858,27,10,17,66,73,94,119,189,231,39,27,12,20
S01011971,467,96,34,62,101,43,63,53,39,63,9,1,8,0
S01011972,869,101,32,69,232,64,189,75,124,69,11,8,3,4
S01011973,487,79,29,50,128,25,81,45,68,51,7,5,2,3
S01011974,582,88,22,66,167,45,112,62,42,55,11,9,2,0
S01011975,354,56,6,50,85,19,67,47,43,26,7,2,5,4
S01011976,603,59,22,37,137,72,107,91,61,54,12,9,3,10
S01011977,881,99,16,83,218,48,136,106,112,130,20,9,11,12
S01011978,479,28,6,22,115,33,58,51,84,100,7,4,3,3
S01011979,757,106,23,83,234,57,155,47,76,70,0,0,0,12
S01011980,326,47,20,27,72,23,79,36,30,34,5,3,2,0
S01011981,707,103,21,82,126,46,171,129,87,40,0,0,0,5
S01011982,759,96,32,64,201,28,182,94,85,57,11,11,0,5
S01011983,473,54,3,51,76,42,113,92,51,33,6,4,2,6
S01011984,545,17,0,17,107,41,58,49,92,141,32,19,13,8
S01011985,522,39,8,31,140,40,123,53,54,59,12,7,5,2
S01011986,554,19,3,16,85,42,65,63,131,114,27,11,16,8
S01011987,758,45,17,28,177,99,104,63,165,91,11,6,5,3
S01011988,433,62,12,50,164,27,77,40,21,34,2,2,0,6
S01011989,658,60,16,44,155,94,103,88,59,93,6,3,3,0
S01011990,495,57,10,47,104,72,68,65,41,74,11,5,6,3
S01011991,561,32,12,20,116,42,91,66,99,83,32,11,21,0
S01011992,680,121,17,104,164,58,119,44,90,69,11,5,6,4
S01011993,642,31,12,19,99,74,52,96,112,124,38,15,23,16
S01011994,424,125,28,97,108,38,86,36,16,15,0,0,0,0
S01011995,679,111,25,86,191,38,162,62,49,64,2,2,0,0
S01011996,446,36,17,19,131,32,38,73,58,51,21,21,0,6
S01011997,726,84,16,68,179,46,108,94,82,102,13,6,7,18
S01011998,425,83,28,55,145,45,77,33,20,21,1,0,1,0
S01011999,496,52,7,45,108,52,110,61,43,56,8,0,8,6
S01012000,363,28,5,23,114,57,44,58,22,36,0,0,0,4
S01012001,506,60,26,34,99,49,77,79,45,89,3,0,3,5
S01012002,389,38,8,30,64,58,69,65,47,39,5,5,0,4
S01012003,424,26,7,19,121,52,53,42,40,79,11,0,11,0
S01012004,637,106,27,79,164,81,72,66,61,66,11,5,6,10
S01012005,776,141,38,103,246,91,85,68,75,60,6,3,3,4
S01012006,516,88,17,71,181,34,95,45,20,35,6,2,4,12
S01012007,578,69,10,59,164,47,97,69,91,34,2,1,1,5
S01012008,713,107,21,86,211,45,96,93,90,55,6,5,1,10
S01012009,505,75,14,61,108,18,95,57,67,67,13,7,6,5
S01012010,762,126,26,100,188,52,123,119,67,79,5,5,0,3
S01012011,804,52,8,44,184,49,111,111,185,76,19,6,13,17
S01012012,410,69,19,50,108,21,97,26,45,38,6,2,4,0
S01012013,553,64,14,50,92,36,166,69,70,51,5,1,4,0
S01012014,644,56,24,32,112,21,98,110,131,96,9,4,5,11
S01012015,748,63,24,39,154,64,132,118,102,82,16,6,10,17
S01012016,613,79,14,65,149,50,142,52,77,54,7,1,6,3
S01012017,389,65,7,58,93,8,123,32,36,24,8,6,2,0
S01012018,664,79,16,63,145,27,129,104,108,55,14,4,10,3
S01012019,737,123,12,111,284,80,65,60,61,41,17,4,13,6
S01012020,544,125,11,114,129,60,46,49,48,65,12,6,6,10
S01012021,487,128,27,101,105,50,48,42,58,43,13,7,6,0
S01012022,570,70,27,43,107,78,84,58,80,74,10,5,5,9
S01012023,433,115,32,83,112,32,110,30,7,14,6,1,5,7
S01012024,760,135,16,119,222,90,70,57,84,83,9,0,9,10
S01012025,576,61,9,52,136,81,63,91,71,67,2,0,2,4
S01012026,611,177,55,122,179,73,70,34,56,14,7,7,0,1
S01012027,724,151,38,113,208,91,107,54,50,47,8,2,6,8
S01012028,769,205,47,158,297,75,90,29,22,29,8,2,6,14
S01012029,825,143,54,89,209,69,149,95,77,67,8,8,0,8
S01012030,553,102,22,80,160,44,142,20,33,45,3,2,1,4
S01012031,409,121,20,101,150,31,53,18,18,12,6,4,2,0
S01012032,278,50,9,41,74,27,86,26,6,4,5,5,0,0
S01012033,625,83,15,68,202,80,47,52,58,76,25,7,18,2
S01012034,687,103,20,83,183,73,85,41,82,83,27,7,20,10
S01012035,735,142,24,118,225,69,73,63,83,50,16,9,7,14
S01012036,668,112,24,88,238,73,54,72,42,65,9,7,2,3
S01012037,826,33,9,24,130,122,31,84,158,179,65,18,47,24
S01012038,862,15,1,14,85,73,37,88,225,219,99,44,55,21
S01012039,772,21,8,13,101,86,73,127,133,172,47,28,19,12
S01012040,612,91,34,57,185,89,50,82,50,41,12,4,8,12
S01012041,751,51,15,36,178,85,58,74,127,113,36,3,33,29
S01012042,724,26,3,23,122,76,78,100,150,128,32,17,15,12
S01012043,826,40,13,27,125,96,39,91,172,179,72,47,25,12
S01012044,666,30,14,16,125,61,32,48,156,153,47,20,27,14
S01012045,909,75,29,46,154,114,55,110,140,149,87,34,53,25
S01012046,536,18,1,17,70,64,24,72,118,98,58,34,24,14
S01012047,688,28,9,19,123,79,64,82,113,130,56,31,25,13
S01012048,591,35,2,33,81,97,27,73,127,97,42,28,14,12
S01012049,540,49,15,34,108,89,55,60,72,76,16,9,7,15
S01012050,929,89,38,51,214,135,89,112,104,131,39,13,26,16
S01012051,375,56,4,52,118,56,34,25,30,29,17,9,8,10
S01012052,662,61,13,48,154,75,56,71,115,101,24,12,12,5
S01012053,732,34,3,31,131,83,35,126,151,120,39,19,20,13
S01012054,764,39,2,37,82,69,43,76,174,153,100,39,61,28
S01012055,688,31,4,27,120,80,52,88,125,148,32,10,22,12
S01012056,599,71,10,61,124,116,63,75,68,53,13,9,4,16
S01012057,597,94,22,72,187,102,53,61,37,47,13,3,10,3
S01012058,565,78,20,58,175,93,66,34,63,41,11,6,5,4
S01012059,711,36,7,29,92,103,68,77,147,134,42,17,25,12
S01012060,673,55,17,38,171,63,58,63,105,115,38,24,14,5
S01012061,789,147,46,101,256,87,60,69,68,62,27,9,18,13
S01012062,747,84,29,55,221,108,102,81,75,70,4,4,0,2
S01012063,519,41,5,36,123,67,43,70,104,53,9,7,2,9
S01012064,621,27,4,23,48,43,16,61,94,169,132,80,52,31
S01012065,593,9,4,5,29,32,10,47,136,173,136,104,32,21
S01012066,808,28,9,19,107,63,60,67,187,185,82,46,36,29
S01012067,493,7,0,7,54,29,16,45,136,104,90,49,41,12
S01012068,466,2,0,2,15,52,20,43,101,129,98,73,25,6
S01012069,428,17,8,9,64,47,22,26,113,78,49,24,25,12
S01012070,577,16,10,6,53,49,26,55,111,152,87,45,42,28
S01012071,905,52,2,50,128,100,47,98,158,198,85,49,36,39
S01012072,928,59,12,47,146,86,54,61,175,168,130,89,41,49
S01012073,645,75,12,63,208,63,41,61,94,47,35,16,19,21
S01012074,631,80,25,55,207,102,75,60,44,37,11,7,4,15
S01012075,692,137,44,93,213,81,84,83,38,50,1,1,0,5
S01012076,568,62,18,44,169,78,48,44,88,50,26,16,10,3
S01012077,686,41,4,37,123,70,17,55,167,146,42,19,23,25
S01012078,811,82,35,47,208,102,63,73,90,135,43,24,19,15
S01012079,724,42,16,26,93,108,64,73,142,163,34,13,21,5
S01012080,763,35,3,32,98,77,39,64,170,167,95,57,38,18
S01012081,650,18,1,17,98,70,35,66,126,140,80,41,39,17
S01012082,515,18,0,18,76,55,30,48,126,113,48,24,24,1
S01012083,554,19,7,12,102,82,21,59,118,112,38,6,32,3
S01012084,474,33,8,25,129,60,46,65,60,65,4,4,0,12
S01012085,539,87,23,64,127,70,40,59,72,70,8,4,4,6
S01012086,748,24,4,20,131,104,42,71,158,143,57,31,26,18
S01012087,552,33,15,18,128,89,26,51,84,112,21,5,16,8
S01012088,684,105,36,69,221,57,59,94,77,49,17,12,5,5
S01012089,707,94,19,75,272,114,59,69,47,37,14,12,2,1
S01012090,709,140,27,113,249,93,75,66,36,31,19,12,7,0
S01012091,440,50,21,29,123,65,33,46,61,51,8,6,2,3
S01012092,416,81,33,48,116,60,50,34,33,36,3,3,0,3
S01012093,419,65,15,50,117,60,40,47,39,43,5,3,2,3
S01012094,591,118,30,88,248,61,75,28,33,12,8,1,7,8
S01012095,986,84,28,56,248,107,87,132,112,146,43,24,19,27
S01012096,689,27,8,19,147,67,58,68,145,129,28,15,13,20
S01012097,580,16,2,14,85,66,31,64,129,138,51,22,29,0
S01012098,529,19,11,8,101,56,27,53,105,120,36,16,20,12
S01012099,648,22,15,7,86,66,29,81,149,172,29,7,22,14
S01012100,860,31,12,19,189,105,68,77,206,112,64,54,10,8
S01012101,632,121,11,110,205,56,45,80,78,36,6,5,1,5
S01012102,608,30,9,21,117,59,19,53,158,114,37,22,15,21
S01012103,818,60,15,45,197,145,63,88,133,104,22,1,21,6
S01012104,847,275,134,141,259,41,65,74,76,42,8,8,0,7
S01012105,934,183,52,131,294,111,79,74,102,67,11,5,6,13
S01012106,960,170,28,142,359,127,115,71,45,56,9,0,9,8
S01012107,541,124,28,96,196,45,87,28,28,11,17,6,11,5
S01012108,523,34,4,30,106,75,29,52,91,86,34,11,23,16
S01012109,830,43,5,38,152,97,48,100,146,111,92,46,46,41
S01012110,515,56,12,44,106,80,28,60,88,58,25,11,14,14
S01012111,481,25,12,13,66,61,32,38,93,88,56,27,29,22
S01012112,486,67,17,50,82,82,53,52,70,62,16,7,9,2
S01012113,728,78,14,64,167,126,76,67,96,87,15,1,14,16
S01012114,660,142,23,119,255,56,65,38,70,22,5,3,2,7
S01012115,383,21,8,13,69,54,17,46,81,71,15,12,3,9
S01012116,447,18,6,12,103,51,31,48,99,81,7,2,5,9
S01012117,766,117,49,68,276,106,65,99,45,49,0,0,0,9
S01012118,623,96,21,75,196,87,67,61,59,39,6,1,5,12
S01012119,733,90,21,69,227,86,83,76,65,85,9,4,5,12
S01012120,502,39,9,30,74,52,15,66,82,113,46,29,17,15
S01012121,739,28,6,22,157,92,36,99,147,99,66,39,27,15
S01012122,616,23,0,23,77,89,40,75,118,188,6,3,3,0
S01012123,443,50,11,39,93,57,49,49,72,56,13,3,10,4
S01012124,453,38,2,36,109,70,29,34,78,77,5,1,4,13
S01012125,679,20,6,14,131,66,29,58,149,114,70,23,47,42
S01012126,710,114,15,99,206,99,64,88,47,48,20,8,12,24
S01012127,786,55,13,42,114,113,56,54,125,98,90,52,38,81
S01012128,482,51,8,43,84,68,22,57,91,46,38,21,17,25
S01012129,577,37,6,31,116,91,32,64,87,75,61,40,21,14
S01012130,725,61,17,44,149,100,47,62,102,125,54,32,22,25
S01012131,832,35,1,34,131,120,36,87,140,138,83,48,35,62
S01012132,609,37,6,31,98,59,39,36,112,87,56,37,19,85
S01012133,699,83,17,66,177,61,50,64,117,75,41,23,18,31
S01012134,806,111,25,86,281,110,64,54,69,51,35,18,17,31
S01012135,775,31,10,21,80,108,32,71,199,136,74,46,28,44
S01012136,791,28,2,26,118,108,43,65,144,144,53,24,29,88
S01012137,514,8,1,7,132,68,18,50,86,62,46,23,23,44
S01012138,725,137,24,113,210,113,48,67,59,57,11,4,7,23
S01012139,722,116,28,88,149,106,64,66,93,97,23,13,10,8
S01012140,421,76,3,73,187,39,34,20,24,33,6,1,5,2
S01012141,824,134,36,98,264,164,76,88,59,37,2,1,1,0
S01012142,717,136,52,84,241,75,98,72,48,39,2,1,1,6
S01012143,636,171,26,145,213,51,95,36,42,17,5,2,3,6
S01012144,805,191,52,139,187,106,106,75,81,39,12,12,0,8
S01012145,809,232,41,191,275,105,63,49,55,24,6,2,4,0
S01012146,777,29,1,28,120,79,32,66,197,165,44,25,19,45
S01012147,625,18,8,10,84,92,18,70,145,113,66,36,30,19
S01012148,654,23,10,13,84,78,15,81,137,120,105,71,34,11
S01012149,709,76,10,66,159,72,89,80,110,74,35,30,5,14
S01012150,614,18,3,15,87,91,36,77,140,92,57,28,29,16
S01012151,574,19,9,10,119,54,32,54,128,126,34,17,17,8
S01012152,651,27,5,22,71,87,40,77,133,118,93,47,46,5
S01012153,499,21,1,20,80,62,34,71,86,83,42,28,14,20
S01012154,669,33,2,31,83,79,24,99,126,127,63,40,23,35
S01012155,467,11,1,10,100,45,31,51,71,86,38,16,22,34
S01012156,484,9,5,4,91,45,22,50,92,109,53,32,21,13
S01012157,846,52,12,40,223,100,47,90,137,151,22,8,14,24
S01012158,979,84,9,75,303,143,105,100,107,87,30,24,6,20
S01012159,379,40,7,33,88,58,37,66,42,46,2,0,2,0
S01012160,530,75,18,57,134,82,55,69,49,60,1,1,0,5
S01012161,405,15,4,11,83,24,15,34,100,103,28,19,9,3
S01012162,819,48,7,41,162,90,42,134,152,131,42,20,22,18
S01012163,693,64,4,60,128,104,39,70,113,100,56,28,28,19
S01012164,1067,130,38,92,354,144,92,143,97,92,15,14,1,0
S01012165,822,35,9,26,100,84,49,116,176,177,72,34,38,13
S01012166,549,6,1,5,95,65,42,94,115,103,18,7,11,11
S01012167,625,24,6,18,128,97,38,110,105,87,21,6,15,15
S01012168,656,59,22,37,190,118,50,82,77,68,7,7,0,5
S01012169,666,38,25,13,135,128,40,73,136,83,27,20,7,6
S01012170,692,49,10,39,124,119,46,111,130,95,14,7,7,4
S01012171,800,46,11,35,152,118,21,85,195,152,18,15,3,13
S01012172,578,17,5,12,88,103,37,53,112,120,39,29,10,9
S01012173,455,62,15,47,139,61,50,47,43,49,4,4,0,0
S01012174,864,145,33,112,280,108,94,66,77,83,5,0,5,6
S01012175,716,110,18,92,208,113,40,72,97,61,8,7,1,7
S01012176,748,60,22,38,180,116,71,120,90,91,6,1,5,14
S01012177,519,87,14,73,121,73,68,60,50,55,4,1,3,1
S01012178,442,56,9,47,101,82,42,64,33,62,2,0,2,0
S01012179,441,43,9,34,113,51,32,53,52,44,38,30,8,15
S01012180,407,37,6,31,113,54,46,40,53,50,10,8,2,4
S01012181,574,64,21,43,162,66,49,59,84,60,29,16,13,1
S01012182,986,165,37,128,295,128,91,145,94,41,11,6,5,16
S01012183,626,44,11,33,139,71,53,76,104,87,40,28,12,12
S01012184,470,98,14,84,123,68,33,31,44,48,6,0,6,19
S01012185,653,31,3,28,116,88,43,67,77,126,87,57,30,18
S01012186,525,51,31,20,117,67,36,52,74,88,32,10,22,8
S01012187,534,7,3,4,86,61,24,70,136,86,37,21,16,27
S01012188,395,34,14,20,120,83,21,28,50,52,2,2,0,5
S01012189,500,70,17,53,144,82,32,68,65,24,12,8,4,3
S01012190,517,106,22,84,159,74,32,43,50,44,1,1,0,8
S01012191,767,135,40,95,245,127,68,80,81,22,7,1,6,2
S01012192,416,66,25,41,151,46,60,33,24,25,7,4,3,4
S01012193,543,128,42,86,175,62,70,66,27,15,0,0,0,0
S01012194,534,122,17,105,196,91,24,45,24,23,7,1,6,2
S01012195,969,134,27,107,320,166,65,115,84,61,21,15,6,3
S01012196,543,110,34,76,185,68,44,19,58,50,7,7,0,2
S01012197,598,51,9,42,144,101,43,73,100,69,11,5,6,6
S01012198,750,82,26,56,222,110,42,62,89,100,19,15,4,24
S01012199,603,50,17,33,109,104,37,86,106,89,8,5,3,14
S01012200,542,49,12,37,127,83,44,52,95,78,10,2,8,4
S01012201,645,40,9,31,170,86,32,99,104,87,15,2,13,12
S01012202,493,62,16,46,139,69,26,74,69,49,0,0,0,5
S01012203,615,89,37,52,219,90,70,56,46,32,7,5,2,6
S01012204,740,98,26,72,255,136,57,99,50,37,3,1,2,5
S01012205,602,104,26,78,184,83,79,54,56,29,7,6,1,6
S01012206,753,87,20,67,236,89,68,86,107,70,8,1,7,2
S01012207,741,40,17,23,158,101,57,89,163,94,19,15,4,20
S01012208,861,41,4,37,212,130,78,115,138,109,22,6,16,16
S01012209,612,53,11,42,145,96,43,74,110,68,12,4,8,11
S01012210,569,30,8,22,122,108,44,99,69,74,10,9,1,13
S01012211,751,94,30,64,215,108,75,74,91,62,13,6,7,19
S01012212,608,125,38,87,233,101,18,55,51,22,3,0,3,0
S01012213,672,110,26,84,214,114,57,59,71,43,4,0,4,0
S01012214,530,101,29,72,211,84,47,26,43,14,2,0,2,2
S01012215,716,161,33,128,290,81,39,74,43,20,6,3,3,2
S01012216,606,170,44,126,177,73,77,36,35,27,8,5,3,3
S01012217,495,13,4,9,61,67,17,52,89,116,48,30,18,32
S01012218,434,8,0,8,75,23,18,54,97,92,48,22,26,19
S01012219,617,32,15,17,82,83,37,64,126,130,46,29,17,17
S01012220,476,7,0,7,54,55,32,58,103,102,62,32,30,3
S01012221,440,12,5,7,61,51,36,67,52,117,40,17,23,4
S01012222,592,15,8,7,88,79,28,95,92,145,28,18,10,22
S01012223,542,29,15,14,79,67,37,57,108,111,39,19,20,15
S01012224,661,48,12,36,109,95,43,85,118,109,33,26,7,21
S01012225,908,33,5,28,157,94,58,118,180,212,48,35,13,8
S01012226,610,34,13,21,129,106,42,93,102,96,5,1,4,3
S01012227,564,28,8,20,121,90,30,72,101,94,22,7,15,6
S01012228,603,66,12,54,110,100,48,74,72,101,15,7,8,17
S01012229,599,109,26,83,187,93,58,64,25,43,9,2,7,11
S01012230,787,181,41,140,241,156,69,57,48,21,6,1,5,8
S01012231,749,213,54,159,261,68,87,47,38,26,5,1,4,4
S01012232,766,198,30,168,274,91,52,58,49,41,3,0,3,0
S01012233,810,227,56,171,288,91,50,54,48,40,8,5,3,4
S01012234,976,275,77,198,362,77,99,56,49,54,1,1,0,3
S01012235,326,102,38,64,120,41,25,12,13,11,1,1,0,1
S01012236,491,86,22,64,135,81,25,58,42,53,5,2,3,6
S01012237,646,222,61,161,249,51,67,18,8,15,2,0,2,14
S01012238,487,80,24,56,129,48,47,51,38,73,15,7,8,6
S01012239,494,33,9,24,71,52,55,53,103,96,24,13,11,7
S01012240,646,104,14,90,159,52,53,80,79,82,29,11,18,8
S01012241,477,198,29,169,131,36,46,27,15,18,3,0,3,3
S01012242,659,194,25,169,240,65,65,42,18,21,1,0,1,13
S01012243,537,144,35,109,152,68,48,32,36,47,4,4,0,6
S01012244,786,277,46,231,248,35,134,25,36,23,6,1,5,2
S01012245,561,181,29,152,152,43,80,35,31,29,6,1,5,4
S01012246,718,230,49,181,247,44,86,35,45,26,5,0,5,0
S01012247,586,148,30,118,179,44,62,65,54,28,5,3,2,1
S01012248,700,171,36,135,157,50,161,55,56,24,17,10,7,9
S01012249,720,172,33,139,160,32,162,59,92,28,11,4,7,4
S01012250,542,88,29,59,156,53,132,21,53,30,4,0,4,5
S01012251,776,72,7,65,160,71,71,112,153,110,21,5,16,6
S01012252,600,62,15,47,133,57,86,57,95,80,25,5,20,5
S01012253,659,94,3,91,151,56,86,55,85,107,18,8,10,7
S01012254,691,96,16,80,221,42,83,85,93,57,9,5,4,5
S01012255,591,124,17,107,146,46,82,55,63,52,9,4,5,14
S01012256,745,161,44,117,243,97,62,40,59,60,16,2,14,7
S01012257,727,94,23,71,181,61,59,72,105,138,16,6,10,1
S01012258,607,207,25,182,243,49,50,18,18,18,3,0,3,1
S01012259,406,128,19,109,136,23,60,9,22,24,4,0,4,0
S01012260,664,142,39,103,156,50,109,57,69,67,14,5,9,0
S01012261,776,188,46,142,277,78,78,42,60,35,13,4,9,5
S01012262,663,158,39,119,152,56,158,45,56,27,10,1,9,1
S01012263,571,19,6,13,113,38,124,51,108,100,15,2,13,3
S01012264,371,90,12,78,106,25,47,16,50,34,3,0,3,0
S01012265,642,35,8,27,95,48,82,104,126,140,9,2,7,3
S01012266,781,98,19,79,207,94,116,82,86,72,22,8,14,4
S01012267,545,136,31,105,156,43,87,43,43,35,2,0,2,0
S01012268,537,93,15,78,135,16,166,22,54,39,8,2,6,4
S01012269,761,104,18,86,188,84,119,78,84,94,10,4,6,0
S01012270,631,54,23,31,143,69,84,53,107,97,17,12,5,7
S01012271,891,135,26,109,239,59,248,69,84,34,17,8,9,6
S01012272,606,144,29,115,203,63,67,37,59,23,9,1,8,1
S01012273,546,101,26,75,163,66,94,38,56,16,5,2,3,7
S01012274,802,88,18,70,205,89,97,77,105,103,24,15,9,14
S01012275,707,48,12,36,135,64,47,72,101,104,32,14,18,104
S01012276,779,87,25,62,220,81,86,82,96,91,19,9,10,17
S01012277,910,60,19,41,206,118,107,95,119,143,38,10,28,24
S01012278,540,47,16,31,109,55,68,41,79,69,16,7,9,56
S01012279,689,38,9,29,158,76,36,106,114,100,28,19,9,33
S01012280,805,41,6,35,143,105,67,84,145,149,53,11,42,18
S01012281,561,24,16,8,125,62,55,70,118,79,13,11,2,15
S01012282,666,115,33,82,194,70,98,50,59,48,15,4,11,17
S01012283,720,124,51,73,194,71,94,48,54,97,22,1,21,16
S01012284,597,56,13,43,88,56,58,47,106,92,60,25,35,34
S01012285,393,50,11,39,138,39,43,29,42,44,6,5,1,2
S01012286,883,49,8,41,134,64,75,100,159,178,45,15,30,79
S01012287,840,19,7,12,124,57,61,52,215,230,69,29,40,13
S01012288,640,21,9,12,66,58,59,48,138,164,60,21,39,26
S01012289,584,173,24,149,157,48,89,29,31,20,22,17,5,15
S01012290,435,54,13,41,102,43,60,31,58,72,10,6,4,5
S01012291,836,169,41,128,263,88,98,58,63,80,17,10,7,0
S01012292,475,150,31,119,136,37,85,18,36,9,2,2,0,2
S01012293,388,46,12,34,103,45,48,46,45,47,6,2,4,2
S01012294,760,52,19,33,187,125,73,75,106,114,22,14,8,6
S01012295,689,67,15,52,216,94,103,59,66,58,25,12,13,1
S01012296,821,167,39,128,290,59,112,90,60,33,2,2,0,8
S01012297,486,105,29,76,114,26,180,12,27,13,8,3,5,1
S01012298,635,127,22,105,182,49,125,38,55,54,5,0,5,0
S01012299,529,107,14,93,133,29,110,58,62,29,1,1,0,0
S01012300,515,39,16,23,105,21,103,57,104,61,15,8,7,10
S01012301,775,102,22,80,192,48,164,72,106,66,25,9,16,0
S01012302,474,66,16,50,108,17,104,58,69,43,9,1,8,0
S01012303,733,119,25,94,184,46,183,57,103,35,6,3,3,0
S01012304,778,109,22,87,187,55,160,50,89,112,9,0,9,7
S01012305,521,49,17,32,137,50,107,35,75,45,22,20,2,1
S01012306,424,22,15,7,75,17,62,56,100,74,16,5,11,2
S01012307,470,60,17,43,91,32,40,51,82,99,14,8,6,1
S01012308,705,50,21,29,137,57,102,97,128,131,1,1,0,2
S01012309,397,52,24,28,99,32,73,34,46,52,9,3,6,0
S01012310,657,79,13,66,167,27,203,29,88,51,9,3,6,4
S01012311,398,49,15,34,112,33,57,47,62,35,3,1,2,0
S01012312,794,70,11,59,189,59,207,71,118,60,10,6,4,10
S01012313,614,89,32,57,115,36,121,80,94,68,5,1,4,6
S01012314,680,37,12,25,86,36,108,76,145,165,27,12,15,0
S01012315,494,17,6,11,86,37,79,72,88,76,22,15,7,17
S01012316,464,18,13,5,67,29,60,64,102,107,15,2,13,2
S01012317,473,19,10,9,126,45,78,49,83,50,10,0,10,13
S01012318,689,18,10,8,114,29,77,110,142,171,26,22,4,2
S01012319,627,89,20,69,99,38,157,51,110,70,6,0,6,7
S01012320,559,22,12,10,95,25,86,70,138,90,33,21,12,0
S01012321,607,81,28,53,121,44,77,78,119,61,12,3,9,14
S01012322,753,94,26,68,189,70,198,59,68,60,15,6,9,0
S01012323,640,110,36,74,133,46,171,55,62,47,16,7,9,0
S01012324,609,86,35,51,124,30,166,62,67,70,4,3,1,0
S01012325,346,43,16,27,41,47,31,32,58,80,13,2,11,1
S01012326,395,16,2,14,55,42,55,54,86,57,29,4,25,1
S01012327,603,34,10,24,105,46,99,75,99,132,10,7,3,3
S01012328,340,52,19,33,77,30,48,30,41,53,9,1,8,0
S01012329,626,75,24,51,99,30,187,80,101,40,11,8,3,3
S01012330,418,56,26,30,102,33,57,50,50,61,0,0,0,9
S01012331,548,83,33,50,162,57,68,54,57,62,4,1,3,1
S01012332,778,102,21,81,173,40,206,107,91,46,12,3,9,1
S01012333,766,75,20,55,167,53,187,66,119,74,23,11,12,2
S01012334,600,25,5,20,105,48,84,97,117,107,17,4,13,0
S01012335,843,62,40,22,180,85,86,120,145,132,30,7,23,3
S01012336,423,9,4,5,70,35,54,68,81,95,7,4,3,4
S01012337,619,29,12,17,101,40,61,120,128,92,38,20,18,10
S01012338,486,49,8,41,129,30,71,59,78,51,13,3,10,6
S01012339,408,45,11,34,67,41,41,61,70,56,16,5,11,11
S01012340,797,69,28,41,184,71,108,118,126,104,17,10,7,0
S01012341,782,95,31,64,164,49,257,48,94,66,9,2,7,0
S01012342,689,67,25,42,160,67,147,63,91,87,3,3,0,4
S01012343,784,77,27,50,209,37,216,60,101,61,20,6,14,3
S01012344,487,18,3,15,87,58,54,47,93,105,17,10,7,8
S01012345,550,50,14,36,141,34,98,87,44,72,5,4,1,19
S01012346,614,91,13,78,115,28,179,40,69,69,8,5,3,15
S01012347,589,87,37,50,140,76,90,50,64,68,14,1,13,0
S01012348,529,96,30,66,156,68,75,37,28,55,8,5,3,6
S01012349,705,32,13,19,96,40,63,104,139,205,22,9,13,4
S01012350,589,58,30,28,96,39,92,58,111,115,14,2,12,6
S01012351,706,42,14,28,110,52,90,108,144,135,14,4,10,11
S01012352,572,57,22,35,115,33,107,64,90,90,10,4,6,6
S01012353,560,44,13,31,95,68,78,77,78,85,22,11,11,13
S01012354,529,26,3,23,112,29,109,61,60,116,10,3,7,6
S01012355,693,98,37,61,143,30,236,41,83,61,0,0,0,1
S01012356,475,46,10,36,99,49,95,61,55,66,4,2,2,0
S01012357,634,88,21,67,154,38,232,27,62,27,5,1,4,1
S01012358,595,77,14,63,100,17,239,26,39,85,12,7,5,0
S01012359,652,17,12,5,67,52,55,78,120,192,60,37,23,11
S01012360,721,22,3,19,65,62,43,59,228,169,65,41,24,8
S01012361,553,8,4,4,68,21,62,73,128,139,48,6,42,6
S01012362,766,15,8,7,94,42,69,77,166,219,72,39,33,12
S01012363,738,29,11,18,103,61,104,85,121,139,54,31,23,42
S01012364,505,22,8,14,107,55,69,57,79,92,15,7,8,9
S01012365,710,48,24,24,158,80,107,89,86,129,11,7,4,2
S01012366,623,37,13,24,122,55,63,59,108,153,22,11,11,4
S01012367,688,64,20,44,153,65,80,71,90,144,14,4,10,7
S01012368,424,65,24,41,114,42,62,35,42,56,4,1,3,4
S01012369,678,70,33,37,166,53,120,70,81,103,13,6,7,2
S01012370,703,67,18,49,108,64,96,51,95,193,11,3,8,18
S01012371,679,31,11,20,112,62,51,72,133,183,30,18,12,5
S01012372,537,19,2,17,85,46,61,51,107,123,35,19,16,10
S01012373,772,68,21,47,155,76,88,55,95,195,34,18,16,6
S01012374,757,33,18,15,126,71,123,78,153,160,6,4,2,7
S01012375,754,31,9,22,117,67,60,89,123,232,33,7,26,2
S01012376,788,159,40,119,193,63,174,59,56,68,10,0,10,6
S01012377,532,114,38,76,123,33,118,29,54,42,7,6,1,12
S01012378,449,50,5,45,99,21,140,39,54,40,5,3,2,1
S01012379,414,49,20,29,113,34,78,52,49,26,4,0,4,9
S01012380,756,33,13,20,179,94,111,95,100,125,15,3,12,4
S01012381,589,42,12,30,107,59,88,48,115,110,13,4,9,7
S01012382,767,73,29,44,210,118,138,74,62,78,7,7,0,7
S01012383,594,58,12,46,129,55,76,75,74,111,8,3,5,8
S01012384,404,44,14,30,102,41,40,41,58,65,10,5,5,3
S01012385,588,59,10,49,186,72,85,57,74,38,8,4,4,9
S01012386,844,57,9,48,95,97,78,79,175,207,50,21,29,6
S01012387,758,40,17,23,188,76,108,152,103,77,10,1,9,4
S01012388,576,83,25,58,180,34,69,77,60,67,0,0,0,6
S01012389,791,89,43,46,230,65,100,89,110,97,9,4,5,2
S01012390,667,91,21,70,173,45,66,79,105,108,0,0,0,0
S01012391,1000,123,47,76,310,111,108,137,99,97,8,5,3,7
S01012392,691,75,25,50,193,70,50,91,115,87,8,5,3,2
S01012393,770,73,21,52,216,49,91,106,88,137,8,5,3,2
S01012394,560,32,5,27,115,53,31,78,106,115,20,6,14,10
S01012395,481,28,7,21,113,50,56,57,88,85,4,0,4,0
S01012396,513,23,6,17,110,40,53,101,87,86,12,10,2,1
S01012397,614,67,15,52,172,49,48,81,97,89,5,4,1,6
S01012398,713,82,17,65,169,80,48,85,104,134,8,5,3,3
S01012399,505,34,8,26,89,54,27,74,106,114,3,2,1,4
S01012400,505,15,9,6,81,29,70,90,86,119,10,3,7,5
S01012401,657,33,7,26,124,49,57,114,118,138,17,7,10,7
S01012402,420,30,7,23,104,31,78,61,51,55,5,0,5,5
S01012403,884,85,26,59,214,91,142,109,110,125,4,4,0,4
S01012404,820,37,9,28,233,58,86,116,133,139,10,3,7,8
S01012405,642,93,37,56,177,51,90,95,56,76,1,1,0,3
S01012406,526,64,11,53,124,25,85,81,45,89,9,0,9,4
S01012407,694,88,8,80,149,53,126,95,83,88,10,3,7,2
S01012408,549,44,19,25,121,33,128,90,69,57,0,0,0,7
S01012409,563,50,22,28,125,21,93,55,82,127,8,6,2,2
S01012410,920,90,22,68,265,68,81,170,144,92,7,0,7,3
S01012411,852,56,15,41,149,80,81,169,137,158,13,9,4,9
S01012412,533,42,4,38,101,36,82,103,87,75,7,1,6,0
S01012413,735,45,9,36,217,24,84,123,116,117,3,3,0,6
S01012414,519,31,9,22,112,27,94,76,93,75,4,2,2,7
S01012415,460,6,0,6,71,16,202,44,53,62,1,1,0,5
S01012416,429,13,2,11,92,11,143,40,60,67,3,1,2,0
S01012417,448,18,3,15,83,25,91,58,103,57,10,6,4,3
S01012418,580,37,16,21,106,47,173,65,81,51,12,5,7,8
S01012419,589,42,15,27,75,28,228,85,67,41,23,4,19,0
S01012420,690,38,20,18,92,48,73,103,163,143,25,13,12,5
S01012421,540,27,4,23,118,33,122,75,67,85,11,6,5,2
S01012422,676,84,28,56,139,44,128,60,111,75,24,5,19,11
S01012423,648,59,13,46,152,49,135,67,71,96,14,3,11,5
S01012424,788,39,9,30,71,73,60,152,179,163,40,16,24,11
S01012425,485,3,1,2,44,31,29,56,121,147,40,29,11,14
S01012426,409,0,0,0,31,40,40,76,90,90,33,15,18,9
S01012427,562,12,0,12,62,25,28,65,158,159,39,21,18,14
S01012428,525,21,6,15,50,60,51,69,124,135,12,9,3,3
S01012429,413,19,3,16,74,46,37,55,98,65,14,9,5,5
S01012430,413,29,10,19,89,35,43,68,71,65,13,12,1,0
S01012431,638,66,16,50,147,44,116,75,94,64,25,14,11,7
S01012432,494,23,1,22,115,47,52,42,83,102,14,7,7,16
S01012433,372,11,0,11,62,35,38,56,72,79,17,10,7,2
S01012434,575,22,3,19,103,63,38,65,124,114,37,10,27,9
S01012435,541,21,2,19,80,72,49,69,114,110,22,4,18,4
S01012436,627,28,11,17,74,49,55,96,151,109,54,20,34,11
S01012437,588,27,13,14,92,68,61,108,91,111,25,18,7,5
S01012438,619,29,6,23,149,57,78,98,87,97,22,6,16,2
S01012439,629,31,6,25,138,55,62,95,90,98,39,16,23,21
S01012440,426,43,11,32,119,37,70,64,36,52,2,0,2,3
S01012441,728,84,11,73,163,32,188,86,93,68,14,7,7,0
S01012442,799,108,33,75,254,59,151,43,102,53,20,13,7,9
S01012443,625,68,23,45,159,64,132,76,55,46,21,6,15,4
S01012444,524,85,15,70,198,45,88,38,37,26,6,5,1,1
S01012445,490,161,24,137,149,22,53,28,29,34,9,6,3,5
S01012446,381,27,12,15,72,49,37,37,67,77,13,7,6,2
S01012447,688,88,19,69,238,86,77,83,61,50,4,1,3,1
S01012448,791,94,24,70,250,122,103,95,59,28,27,10,17,13
S01012449,481,58,9,49,102,67,47,57,57,87,6,1,5,0
S01012450,697,87,6,81,209,41,140,59,65,63,27,22,5,6
S01012451,560,149,27,122,218,49,63,16,41,14,10,5,5,0
S01012452,401,50,10,40,157,64,28,38,43,14,1,1,0,6
S01012453,646,186,58,128,278,17,94,17,37,17,0,0,0,0
S01012454,435,87,15,72,174,57,38,24,32,17,6,4,2,0
S01012455,458,153,20,133,144,40,65,20,8,17,6,0,6,5
S01012456,560,187,71,116,220,27,61,41,12,4,8,5,3,0
S01012457,555,167,43,124,214,42,56,28,27,13,3,0,3,5
S01012458,600,178,44,134,225,40,86,16,28,11,10,3,7,6
S01012459,628,106,22,84,208,78,90,44,50,49,3,0,3,0
S01012460,384,55,7,48,162,54,43,30,16,19,1,1,0,4
S01012461,426,36,1,35,131,44,44,33,55,64,13,11,2,6
S01012462,586,15,1,14,141,49,42,62,118,106,40,24,16,13
S01012463,489,25,4,21,92,37,50,52,103,88,42,13,29,0
S01012464,577,23,5,18,107,54,43,63,106,108,50,20,30,23
S01012465,610,17,5,12,112,51,55,83,137,120,22,5,17,13
S01012466,591,47,11,36,198,60,95,37,47,54,34,27,7,19
S01012467,564,23,2,21,152,88,64,61,88,64,3,0,3,21
S01012468,608,42,8,34,158,77,65,93,81,66,23,1,22,3
S01012469,577,172,37,135,226,55,62,27,22,12,0,0,0,1
S01012470,714,67,19,48,182,73,48,85,124,92,37,23,14,6
S01012471,569,160,38,122,194,47,91,34,25,14,0,0,0,4
S01012472,474,75,14,61,182,69,43,45,38,17,5,5,0,0
S01012473,436,102,22,80,129,38,37,54,37,31,3,0,3,5
S01012474,515,69,9,60,159,50,45,63,60,53,11,6,5,5
S01012475,437,71,15,56,143,51,27,71,45,25,3,0,3,1
S01012476,744,21,5,16,167,106,74,108,129,100,26,16,10,13
S01012477,549,84,20,64,173,76,48,55,46,57,5,3,2,5
S01012478,680,33,11,22,153,103,57,74,145,101,10,7,3,4
S01012479,605,101,16,85,171,69,66,93,56,48,1,1,0,0
S01012480,432,55,16,39,118,48,38,38,40,59,13,6,7,23
S01012481,660,58,9,49,164,77,57,71,104,65,27,17,10,37
S01012482,478,88,13,75,126,62,62,30,50,27,24,8,16,9
S01012483,682,50,9,41,157,32,52,93,137,93,38,20,18,30
S01012484,607,209,64,145,195,28,63,39,31,20,16,10,6,6
S01012485,598,156,34,122,208,61,85,30,28,16,9,7,2,5
S01012486,318,87,21,66,131,15,41,7,19,11,0,0,0,7
S01012487,505,41,2,39,133,51,59,57,68,79,16,3,13,1
S01012488,692,57,13,44,162,87,59,74,125,72,44,27,17,12
S01012489,918,31,4,27,117,64,55,119,185,217,101,61,40,29
S01012490,804,39,9,30,138,81,53,94,161,147,65,34,31,26
S01012491,394,4,1,3,25,28,23,31,100,117,57,27,30,9
S01012492,625,13,6,7,89,59,38,81,125,109,81,41,40,30
S01012493,403,53,6,47,116,38,32,38,51,56,13,8,5,6
S01012494,671,17,3,14,160,55,63,97,159,95,19,12,7,6
S01012495,833,25,9,16,126,107,57,96,172,175,48,21,27,27
S01012496,618,30,11,19,62,54,37,87,156,131,41,24,17,20
S01012497,392,7,5,2,33,29,27,92,81,93,25,20,5,5
S01012498,750,12,5,7,76,30,26,108,178,213,89,50,39,18
S01012499,641,30,12,18,59,78,53,66,125,162,42,26,16,26
S01012500,400,2,0,2,47,51,34,45,85,91,37,26,11,8
S01012501,563,9,2,7,56,21,2,70,167,143,82,51,31,13
S01012502,765,8,0,8,80,46,66,68,178,180,111,72,39,28
S01012503,513,18,1,17,53,32,36,80,133,104,50,21,29,7
S01012504,539,16,7,9,80,31,32,79,134,105,54,9,45,8
S01012505,814,35,22,13,134,98,85,97,152,144,62,28,34,7
S01012506,348,35,11,24,99,28,38,42,52,35,12,5,7,7
S01012507,745,50,10,40,149,113,74,74,139,102,38,19,19,6
S01012508,612,56,14,42,139,60,48,85,118,56,41,22,19,9
S01012509,420,47,4,43,117,43,84,48,42,30,9,7,2,0
S01012510,739,49,6,43,193,105,50,111,99,94,27,5,22,11
S01012511,517,43,6,37,142,73,29,66,105,47,6,5,1,6
S01012512,586,75,29,46,125,37,46,73,100,70,54,23,31,6
S01012513,474,77,25,52,148,65,37,45,69,27,5,3,2,1
S01012514,936,132,35,97,297,149,57,119,96,65,3,0,3,18
S01012515,455,26,10,16,76,49,50,49,104,76,17,7,10,8
S01012516,522,66,20,46,147,50,53,66,62,45,33,15,18,0
S01012517,726,70,19,51,186,67,72,82,130,77,26,16,10,16
S01012518,421,74,13,61,125,50,51,51,28,22,14,4,10,6
S01012519,369,33,9,24,67,53,62,54,33,50,12,4,8,5
S01012520,582,165,38,127,198,56,40,51,37,23,12,5,7,0
S01012521,403,61,8,53,123,49,51,31,37,36,12,8,4,3
S01012522,649,116,15,101,217,61,121,65,32,24,11,2,9,2
S01012523,658,108,16,92,215,91,66,65,37,64,10,3,7,2
S01012524,562,69,18,51,187,84,63,59,61,35,2,1,1,2
S01012525,565,74,19,55,199,75,44,64,53,43,8,2,6,5
S01012526,567,110,17,93,248,46,64,52,31,13,3,0,3,0
S01012527,457,56,9,47,130,45,71,47,60,40,7,4,3,1
S01012528,699,63,18,45,114,71,56,113,128,119,22,15,7,13
S01012529,575,65,16,49,159,51,51,84,68,73,14,9,5,10
S01012530,609,67,14,53,196,73,52,114,30,65,9,4,5,3
S01012531,620,113,23,90,147,79,58,70,51,78,12,9,3,12
S01012532,631,71,27,44,162,53,96,60,98,67,18,4,14,6
S01012533,403,41,13,28,122,48,46,54,42,25,14,7,7,11
S01012534,444,20,8,12,106,83,24,59,79,50,20,10,10,3
S01012535,672,31,10,21,134,63,72,108,124,126,5,2,3,9
S01012536,624,25,3,22,105,50,61,66,97,172,24,15,9,24
S01012537,570,21,7,14,81,36,51,89,107,127,27,8,19,31
S01012538,883,52,31,21,155,110,88,130,171,133,33,12,21,11
S01012539,560,35,15,20,111,33,114,79,98,75,8,2,6,7
S01012540,600,25,2,23,68,46,62,97,134,123,39,12,27,6
S01012541,899,85,15,70,178,72,209,94,146,86,18,6,12,11
S01012542,667,104,24,80,203,41,91,83,68,64,9,3,6,4
S01012543,590,114,14,100,161,58,121,40,49,39,6,0,6,2
S01012544,681,88,23,65,202,62,93,65,84,56,20,11,9,11
S01012545,390,26,14,12,87,26,49,52,61,69,17,0,17,3
S01012546,685,59,8,51,146,77,78,97,119,84,17,4,13,8
S01012547,559,114,19,95,148,60,70,50,53,24,31,20,11,9
S01012548,612,135,40,95,180,58,62,66,59,41,6,2,4,5
S01012549,463,27,2,25,99,55,25,50,83,95,29,14,15,0
S01012550,678,61,19,42,203,70,58,83,71,89,38,6,32,5
S01012551,663,92,19,73,244,88,74,74,43,35,12,4,8,1
S01012552,738,158,27,131,255,89,75,74,48,33,0,0,0,6
S01012553,775,155,18,137,256,115,64,65,76,38,6,3,3,0
S01012554,375,57,15,42,120,37,43,53,44,10,8,3,5,3
S01012555,473,76,18,58,168,59,36,62,44,17,4,2,2,7
S01012556,437,94,26,68,158,43,44,39,26,28,5,2,3,0
S01012557,472,106,14,92,149,47,32,44,36,43,12,12,0,3
S01012558,492,28,4,24,112,62,39,73,81,72,25,9,16,0
S01012559,550,30,11,19,116,60,41,92,102,74,27,10,17,8
S01012560,400,54,11,43,97,56,24,52,50,55,12,7,5,0
S01012561,595,70,17,53,194,64,47,64,75,54,20,11,9,7
S01012562,601,40,6,34,137,73,42,108,78,76,25,13,12,22
S01012563,431,115,29,86,174,32,58,17,22,6,0,0,0,7
S01012564,593,133,39,94,222,44,83,43,46,13,2,2,0,7
S01012565,541,143,27,116,177,46,64,40,41,26,2,2,0,2
S01012566,532,67,16,51,151,37,69,48,70,54,24,10,14,12
S01012567,814,91,27,64,187,81,94,105,111,87,48,19,29,10
S01012568,441,107,28,79,163,25,74,18,25,13,14,8,6,2
S01012569,526,181,28,153,149,30,114,13,21,11,5,0,5,2
S01012570,384,54,5,49,75,21,75,68,38,41,10,2,8,2
S01012571,685,49,5,44,136,42,160,81,97,99,14,5,9,7
S01012572,426,52,11,41,81,21,91,33,63,59,15,3,12,11
S01012573,708,164,29,135,165,29,198,61,49,34,8,6,2,0
S01012574,717,123,38,85,229,53,133,75,41,50,3,0,3,10
S01012575,524,92,14,78,127,46,77,47,90,38,4,1,3,3
S01012576,574,115,26,89,175,40,87,51,42,54,3,0,3,7
S01012577,624,73,13,60,146,42,128,64,75,80,11,3,8,5
S01012578,674,110,30,80,201,30,110,61,62,85,12,4,8,3
S01012579,633,108,23,85,117,38,116,63,89,61,33,5,28,8
S01012580,656,127,33,94,173,30,134,59,50,63,20,8,12,0
S01012581,650,27,2,25,96,84,58,77,106,123,69,25,44,10
S01012582,793,114,34,80,242,75,152,52,84,54,10,6,4,10
S01012583,572,52,18,34,105,40,62,77,106,108,20,10,10,2
S01012584,589,61,6,55,158,62,96,51,54,78,16,13,3,13
S01012585,684,38,13,25,147,43,71,101,87,149,41,10,31,7
S01012586,714,102,24,78,209,32,130,95,47,81,10,5,5,8
S01012587,751,108,25,83,228,56,173,77,32,69,3,3,0,5
S01012588,548,100,31,69,121,61,96,45,51,64,6,1,5,4
S01012589,573,26,8,18,97,60,46,94,81,145,21,15,6,3
S01012590,632,54,10,44,96,60,41,77,107,151,46,29,17,0
S01012591,571,23,8,15,78,63,25,58,122,144,56,29,27,2
S01012592,495,100,23,77,181,66,69,25,25,16,13,3,10,0
S01012593,732,121,19,102,244,81,56,77,53,92,8,2,6,0
S01012594,386,31,10,21,102,46,31,43,49,70,11,6,5,3
S01012595,504,35,6,29,116,43,65,70,70,86,16,6,10,3
S01012596,681,44,16,28,134,79,53,67,89,164,42,20,22,9
S01012597,436,52,0,52,127,45,43,70,35,45,19,12,7,0
S01012598,551,109,23,86,164,69,52,61,50,35,10,5,5,1
S01012599,519,101,23,78,146,64,50,39,34,57,21,10,11,7
S01012600,616,82,30,52,214,114,43,48,62,47,5,4,1,1
S01012601,782,126,19,107,256,109,68,87,61,66,9,4,5,0
S01012602,420,43,6,37,101,45,23,57,40,80,27,17,10,4
S01012603,509,23,6,17,114,62,41,42,74,116,31,13,18,6
S01012604,537,44,13,31,118,36,29,55,75,144,34,15,19,2
S01012605,390,29,10,19,82,45,32,56,67,63,11,4,7,5
S01012606,768,175,27,148,321,81,50,57,49,30,5,1,4,0
S01012607,635,58,9,49,187,62,74,62,85,69,35,9,26,3
S01012608,662,32,5,27,136,62,52,78,94,182,21,10,11,5
S01012609,687,15,3,12,112,72,39,84,137,185,39,16,23,4
S01012610,815,62,21,41,137,83,60,106,133,157,72,49,23,5
S01012611,667,85,12,73,192,68,57,71,85,97,9,6,3,3
S01012612,625,40,11,29,115,79,60,80,74,126,44,21,23,7
S01012613,579,32,4,28,126,57,45,58,96,129,25,10,15,11
S01012614,829,83,24,59,223,106,55,83,136,94,31,13,18,18
S01012615,525,131,32,99,161,42,69,30,40,36,13,6,7,3
S01012616,764,149,43,106,175,71,132,71,76,75,15,11,4,0
S01012617,325,41,15,26,100,29,70,36,16,25,4,4,0,4
S01012618,478,54,9,45,128,40,56,51,54,75,17,12,5,3
S01012619,390,35,7,28,76,48,42,39,46,62,35,23,12,7
S01012620,561,139,22,117,199,63,62,43,28,19,8,5,3,0
S01012621,405,66,20,46,132,49,44,23,41,40,10,1,9,0
S01012622,592,56,7,49,138,63,57,75,108,77,17,4,13,1
S01012623,531,42,8,34,89,54,50,63,115,95,23,14,9,0
S01012624,581,44,11,33,104,82,65,63,92,97,23,12,11,11
S01012625,425,18,3,15,104,50,49,59,57,70,18,16,2,0
S01012626,383,49,9,40,104,51,37,35,54,40,9,8,1,4
S01012627,443,66,18,48,89,55,42,40,57,61,31,15,16,2
S01012628,813,203,42,161,276,62,83,63,66,53,7,2,5,0
S01012629,388,98,38,60,136,52,45,27,17,10,3,2,1,0
S01012630,547,73,13,60,125,53,63,49,66,79,29,16,13,10
S01012631,824,52,11,41,222,68,49,82,136,151,57,35,22,7
S01012632,611,67,6,61,147,67,171,57,38,58,4,4,0,2
S01012633,557,94,23,71,138,16,148,64,59,21,17,9,8,0
S01012634,542,42,11,31,102,56,61,43,100,100,29,17,12,9
S01012635,897,129,23,106,279,79,111,99,110,69,19,1,18,2
S01012636,513,50,11,39,155,29,100,37,76,57,7,4,3,2
S01012637,722,30,5,25,62,87,68,86,143,201,43,17,26,2
S01012638,677,47,20,27,110,52,66,80,137,147,30,12,18,8
S01012639,693,50,10,40,117,55,82,72,129,163,25,11,14,0
S01012640,768,11,2,9,94,58,102,78,131,181,98,42,56,15
S01012641,724,34,18,16,135,62,81,105,144,124,32,9,23,7
S01012642,662,16,4,12,53,36,46,90,156,186,76,38,38,3
S01012643,390,4,0,4,75,37,19,49,72,105,25,11,14,4
S01012644,589,36,4,32,111,48,46,72,133,102,41,29,12,0
S01012645,635,79,19,60,139,67,94,63,63,107,22,7,15,1
S01012646,832,101,22,79,238,70,130,101,78,86,21,15,6,7
S01012647,715,112,24,88,202,82,70,65,70,94,14,4,10,6
S01012648,466,12,2,10,70,23,29,31,134,134,25,12,13,8
S01012649,528,67,19,48,94,46,55,62,94,83,19,12,7,8
S01012650,488,70,19,51,115,59,89,43,43,64,5,3,2,0
S01012651,519,13,1,12,56,48,38,65,97,138,50,30,20,14
S01012652,888,167,53,114,261,112,58,95,65,113,8,0,8,9
S01012653,800,44,9,35,160,56,104,74,135,158,64,35,29,5
S01012654,651,100,47,53,155,99,97,38,63,77,17,3,14,5
S01012655,856,53,26,27,151,99,139,71,144,146,50,39,11,3
S01012656,648,28,0,28,119,59,62,94,79,150,51,32,19,6
S01012657,418,21,0,21,73,70,30,38,74,90,16,7,9,6
S01012658,748,95,22,73,238,102,83,89,70,58,7,5,2,6
S01012659,995,162,32,130,399,103,88,102,58,58,13,0,13,12
S01012660,595,79,10,69,112,55,46,70,111,99,21,5,16,2
S01012661,604,83,21,62,128,80,81,81,60,68,18,8,10,5
S01012662,566,29,10,19,90,55,67,65,112,120,21,17,4,7
S01012663,535,58,14,44,149,71,63,52,54,72,15,4,11,1
S01012664,718,63,11,52,139,66,93,110,110,116,18,4,14,3
S01012665,585,8,2,6,80,52,58,69,134,118,55,33,22,11
S01012666,503,11,8,3,72,42,37,54,111,134,34,10,24,8
S01012667,467,20,2,18,50,46,61,53,101,81,50,16,34,5
S01012668,652,15,4,11,104,73,78,75,95,150,58,27,31,4
S01012669,577,61,20,41,171,96,40,62,59,88,0,0,0,0
S01012670,526,74,15,59,145,80,42,71,49,59,4,1,3,2
S01012671,758,23,2,21,112,70,66,133,148,174,31,7,24,1
S01012672,598,12,6,6,59,64,35,91,120,172,39,15,24,6
S01012673,511,9,0,9,48,50,31,63,140,131,32,7,25,7
S01012674,509,8,2,6,68,60,21,80,78,113,75,36,39,6
S01012675,658,16,2,14,94,66,39,59,164,161,45,22,23,14
S01012676,743,34,10,24,124,115,74,93,121,151,23,3,20,8
S01012677,489,18,7,11,79,60,48,69,82,109,24,16,8,0
S01012678,646,58,13,45,209,100,67,64,43,100,5,1,4,0
S01012679,618,60,10,50,123,57,77,84,92,109,13,5,8,3
S01012680,479,109,10,99,137,51,38,37,27,56,11,3,8,13
S01012681,581,42,9,33,146,48,119,55,51,93,27,6,21,0
S01012682,521,105,35,70,140,64,72,32,35,60,9,3,6,4
S01012683,683,69,14,55,113,75,61,94,133,101,30,15,15,7
S01012684,465,88,21,67,125,65,58,28,42,44,6,4,2,9
S01012685,674,48,9,39,141,65,62,87,111,119,29,8,21,12
S01012686,766,179,26,153,245,74,91,68,51,33,24,13,11,1
S01012687,346,123,23,100,120,29,37,20,9,5,0,0,0,3
S01012688,597,128,31,97,170,76,42,35,52,63,22,4,18,9
S01012689,399,110,34,76,129,19,56,36,22,27,0,0,0,0
S01012690,447,85,12,73,112,63,29,50,42,61,5,2,3,0
S01012691,639,211,52,159,239,31,77,30,26,14,8,6,2,3
S01012692,582,89,16,73,172,57,66,56,77,49,11,8,3,5
S01012693,812,271,54,217,279,74,82,44,39,20,3,1,2,0
S01012694,396,57,8,49,126,48,34,62,38,24,7,4,3,0
S01012695,719,108,18,90,168,67,159,43,61,94,15,9,6,4
S01012696,588,139,26,113,121,43,187,34,33,29,2,2,0,0
S01012697,419,100,22,78,115,27,92,24,18,34,5,2,3,4
S01012698,591,105,21,84,172,65,126,39,44,26,10,9,1,4
S01012699,888,178,37,141,202,85,196,73,71,54,18,17,1,11
S01012700,681,113,33,80,169,55,124,76,59,73,6,3,3,6
S01012701,422,79,14,65,117,61,62,49,22,27,0,0,0,5
S01012702,501,117,25,92,139,38,57,52,34,53,10,2,8,1
S01012703,577,96,25,71,170,65,71,61,57,41,12,3,9,4
S01012704,678,23,13,10,85,83,70,92,129,134,54,27,27,8
S01012705,738,172,39,133,240,78,88,78,41,40,1,0,1,0
S01012706,592,31,10,21,74,52,46,71,133,150,28,12,16,7
S01012707,792,174,31,143,300,74,94,66,39,25,13,4,9,7
S01012708,603,32,3,29,115,84,49,53,96,127,47,12,35,0
S01012709,384,39,7,32,74,64,24,50,60,54,17,7,10,2
S01012710,554,50,22,28,119,56,60,57,93,92,27,17,10,0
S01012711,623,40,16,24,93,78,46,57,106,142,53,25,28,8
S01012712,655,143,22,121,224,81,78,57,46,11,10,0,10,5
S01012713,542,84,26,58,199,63,66,41,45,42,2,1,1,0
S01012714,420,103,24,79,132,49,33,34,36,24,6,6,0,3
S01012715,531,66,15,51,132,70,49,56,52,72,23,5,18,11
S01012716,592,190,34,156,179,39,88,33,23,15,10,3,7,15
S01012717,677,97,12,85,179,91,66,51,71,77,41,17,24,4
S01012718,759,145,38,107,241,71,77,70,64,71,15,6,9,5
S01012719,640,93,16,77,156,64,60,43,114,63,18,5,13,29
S01012720,454,81,11,70,117,47,39,38,54,43,18,5,13,17
S01012721,502,44,9,35,140,56,37,57,70,86,9,4,5,3
S01012722,597,26,5,21,78,81,31,73,131,127,40,19,21,10
S01012723,553,20,7,13,76,67,56,58,101,113,47,35,12,15
S01012724,560,56,10,46,128,70,67,54,95,72,12,6,6,6
S01012725,737,103,23,80,184,103,75,61,80,91,27,13,14,13
S01012726,472,33,5,28,75,53,63,54,99,66,24,3,21,5
S01012727,603,11,0,11,115,43,32,83,120,132,60,33,27,7
S01012728,747,18,5,13,88,69,38,75,183,175,86,41,45,15
S01012729,728,104,16,88,164,97,65,117,87,70,18,10,8,6
S01012730,479,17,7,10,69,48,23,47,112,142,18,7,11,3
S01012731,669,31,4,27,115,68,51,62,125,186,29,19,10,2
S01012732,569,51,16,35,79,83,38,53,118,111,33,19,14,3
S01012733,1056,216,59,157,365,150,126,82,52,44,7,3,4,14
S01012734,629,182,36,146,234,41,64,54,42,12,0,0,0,0
S01012735,371,18,3,15,61,48,20,65,63,73,20,1,19,3
S01012736,864,88,13,75,224,104,77,107,143,101,18,14,4,2
S01012737,717,79,9,70,179,105,81,80,74,90,15,9,6,14
S01012738,524,10,0,10,91,48,52,71,109,118,22,11,11,3
S01012739,826,200,38,162,280,103,117,54,20,39,7,6,1,6
S01012740,872,152,43,109,288,83,132,69,64,57,15,0,15,12
S01012741,506,89,21,68,166,77,51,34,47,38,1,1,0,3
S01012742,571,104,26,78,188,70,72,48,43,35,7,7,0,4
S01012743,461,74,14,60,131,69,47,64,31,45,0,0,0,0
S01012744,613,132,29,103,173,84,63,56,51,48,6,0,6,0
S01012745,544,100,30,70,152,65,70,53,49,42,9,9,0,4
S01012746,694,94,19,75,187,90,82,72,76,72,12,11,1,9
S01012747,704,64,7,57,122,85,57,80,145,96,43,20,23,12
S01012748,720,14,3,11,78,55,48,83,149,178,96,55,41,19
S01012749,797,5,2,3,114,83,63,99,164,161,97,54,43,11
S01012750,713,24,6,18,61,64,32,72,194,178,70,23,47,18
S01012751,590,32,7,25,100,60,55,90,96,107,39,19,20,11
S01012752,734,60,21,39,139,79,76,81,122,124,34,12,22,19
S01012753,432,22,12,10,63,40,29,45,82,114,34,14,20,3
S01012754,438,28,4,24,83,44,49,45,52,101,23,8,15,13
S01012755,406,19,6,13,67,48,17,37,117,56,40,27,13,5
S01012756,317,19,12,7,67,31,31,40,69,45,15,15,0,0
S01012757,362,12,8,4,49,36,38,41,74,94,13,3,10,5
S01012758,516,41,7,34,128,63,77,42,87,53,22,6,16,3
S01012759,605,21,0,21,83,69,43,73,116,138,49,29,20,13
S01012760,839,41,24,17,146,83,47,81,162,198,68,18,50,13
S01012761,613,46,16,30,98,84,73,70,91,112,36,13,23,3
S01012762,548,39,11,28,91,95,56,78,82,88,10,0,10,9
S01012763,332,21,11,10,65,33,22,23,87,68,11,8,3,2
S01012764,637,44,16,28,91,97,45,79,93,153,29,18,11,6
S01012765,608,43,9,34,144,54,55,71,109,108,20,14,6,4
S01012766,812,63,26,37,120,88,62,131,149,159,33,5,28,7
S01012767,479,41,9,32,120,83,59,50,60,60,6,0,6,0
S01012768,619,60,5,55,151,122,47,98,75,58,8,3,5,0
S01012769,416,92,16,76,152,36,66,31,16,19,4,1,3,0
S01012770,678,30,5,25,166,113,67,91,92,85,24,13,11,10
S01012771,578,76,17,59,137,46,52,44,91,88,37,14,23,7
S01012772,585,3,0,3,66,50,58,70,160,124,50,18,32,4
S01012773,688,59,8,51,123,89,65,67,109,132,36,23,13,8
S01012774,728,52,16,36,159,87,71,70,113,131,37,16,21,8
S01012775,319,21,1,20,68,41,47,41,53,28,19,11,8,1
S01012776,624,24,0,24,91,58,40,74,119,162,48,16,32,8
S01012777,934,82,20,62,266,126,95,158,100,75,21,15,6,11
S01012778,683,42,12,30,145,98,40,73,104,105,54,29,25,22
S01012779,434,21,6,15,83,46,35,51,70,89,31,17,14,8
S01012780,628,29,7,22,80,64,37,59,151,120,74,44,30,14
S01012781,542,42,5,37,154,63,60,55,87,58,13,4,9,10
S01012782,512,8,0,8,43,69,25,56,133,129,42,26,16,7
S01012783,613,8,3,5,90,67,35,77,126,143,59,27,32,8
S01012784,638,27,5,22,101,105,39,70,129,124,29,13,16,14
S01012785,578,6,3,3,61,57,34,71,164,116,65,30,35,4
S01012786,601,12,2,10,69,69,33,68,132,104,84,36,48,30
S01012787,509,55,21,34,155,72,29,34,65,61,15,6,9,23
S01012788,554,25,5,20,76,63,37,91,66,144,45,27,18,7
S01012789,610,80,10,70,101,84,81,81,76,80,21,9,12,6
S01012790,509,133,17,116,144,65,46,33,23,43,6,4,2,16
S01012791,523,109,20,89,182,81,46,33,41,23,3,1,2,5
S01012792,640,59,13,46,166,100,53,50,84,89,22,8,14,17
S01012793,522,19,8,11,96,70,37,43,109,97,33,19,14,18
S01012794,472,94,11,83,158,48,40,31,41,42,12,1,11,6
S01012795,859,32,15,17,108,109,84,62,192,203,49,27,22,20
S01012796,711,49,6,43,155,103,60,66,129,100,38,18,20,11
S01012797,630,34,12,22,124,43,39,59,125,134,59,32,27,13
S01012798,587,214,62,152,153,32,91,24,30,28,6,2,4,9
S01012799,582,188,52,136,178,55,91,27,18,19,5,1,4,1
S01012800,739,221,36,185,261,55,93,20,46,23,10,3,7,10
S01012801,269,89,9,80,82,27,25,8,12,13,5,2,3,8
S01012802,546,221,52,169,139,42,87,35,10,10,1,1,0,1
S01012803,580,141,27,114,204,86,44,44,30,30,1,0,1,0
S01012804,636,60,2,58,143,87,59,70,119,70,18,8,10,10
S01012805,769,48,17,31,138,112,63,50,176,130,35,18,17,17
S01012806,628,85,21,64,197,83,43,49,78,74,16,2,14,3
S01012807,508,157,35,122,168,43,98,27,5,1,5,0,5,4
S01012808,829,211,51,160,230,91,105,48,76,44,16,9,7,8
S01012809,512,101,18,83,137,49,46,41,52,50,22,10,12,14
S01012810,679,70,19,51,116,103,65,51,126,116,16,7,9,16
S01012811,572,85,7,78,162,82,37,72,67,37,19,11,8,11
S01012812,588,80,23,57,141,66,59,66,82,82,9,6,3,3
S01012813,671,226,43,183,218,64,65,52,26,15,1,1,0,4
S01012814,780,88,5,83,246,107,82,74,97,72,12,0,12,2
S01012815,850,138,30,108,232,119,100,94,93,57,10,0,10,7
S01012816,545,53,17,36,150,74,71,52,60,58,27,14,13,0
S01012817,553,131,22,109,136,121,63,31,20,40,11,3,8,0
S01012818,783,113,14,99,262,101,100,90,55,40,15,7,8,7
S01012819,600,31,4,27,80,72,29,72,146,114,53,41,12,3
S01012820,1002,134,30,104,267,152,155,102,105,71,10,2,8,6
S01012821,754,114,21,93,208,97,104,83,60,53,35,27,8,0
S01012822,430,18,2,16,48,51,17,52,111,90,33,9,24,10
S01012823,821,90,24,66,182,80,89,161,111,76,32,12,20,0
S01012824,585,44,9,35,158,65,59,41,98,94,15,9,6,11
S01012825,386,30,5,25,60,44,26,34,68,80,29,7,22,15
S01012826,582,18,3,15,84,65,43,41,138,140,34,18,16,19
S01012827,688,88,29,59,208,86,76,80,38,94,18,11,7,0
S01012828,559,68,17,51,208,71,52,50,64,34,5,3,2,7
S01012829,753,38,0,38,86,89,57,62,165,188,66,45,21,2
S01012830,573,36,12,24,108,64,70,87,75,92,40,22,18,1
S01012831,449,17,10,7,87,53,40,45,65,106,20,15,5,16
S01012832,464,43,11,32,76,59,62,50,75,69,28,16,12,2
S01012833,600,29,0,29,58,66,26,57,159,124,72,39,33,9
S01012834,533,47,5,42,86,55,55,47,102,81,50,25,25,10
S01012835,655,73,13,60,177,92,48,63,85,95,20,9,11,2
S01012836,664,110,8,102,180,78,126,76,54,36,1,1,0,3
S01012837,674,9,4,5,49,85,47,65,177,142,91,37,54,9
S01012838,866,30,4,26,94,79,56,88,218,176,113,38,75,12
S01012839,587,55,17,38,156,77,71,83,74,69,2,2,0,0
S01012840,757,141,40,101,241,106,109,50,66,36,6,4,2,2
S01012841,513,73,20,53,132,66,62,81,58,37,0,0,0,4
S01012842,427,54,5,49,126,48,35,48,59,49,4,2,2,4
S01012843,807,209,27,182,281,75,103,29,52,36,16,9,7,6
S01012844,619,196,48,148,216,44,84,21,33,19,6,6,0,0
S01012845,589,154,34,120,184,29,69,40,39,36,38,21,17,0
S01012846,686,38,2,36,101,105,45,61,118,147,52,33,19,19
S01012847,446,44,5,39,111,54,67,58,51,49,8,5,3,4
S01012848,684,114,18,96,215,61,97,61,54,64,14,3,11,4
S01012849,598,63,16,47,141,67,31,70,98,95,23,10,13,10
S01012850,522,15,0,15,88,67,44,58,102,127,16,7,9,5
S01012851,620,73,13,60,142,86,71,62,87,81,10,7,3,8
S01012852,563,116,24,92,177,90,61,43,28,25,2,1,1,21
S01012853,574,70,23,47,185,49,97,57,54,48,6,0,6,8
S01012854,686,130,17,113,236,108,63,39,69,32,4,2,2,5
S01012855,597,95,19,76,191,71,61,50,76,36,15,9,6,2
S01012856,488,20,5,15,105,89,37,27,82,85,28,19,9,15
S01012857,570,23,7,16,104,87,35,74,121,84,39,28,11,3
S01012858,576,33,9,24,90,101,31,61,106,103,37,25,12,14
S01012859,900,46,6,40,170,123,75,84,152,167,35,20,15,48
S01012860,612,86,26,60,165,91,78,38,63,62,24,12,12,5
S01012861,569,74,16,58,149,77,105,33,68,45,12,5,7,6
S01012862,465,4,1,3,70,57,27,47,115,84,47,20,27,14
S01012863,548,23,2,21,99,78,9,56,86,106,78,31,47,13
S01012864,684,12,1,11,117,101,56,53,115,112,96,58,38,22
S01012865,566,61,7,54,118,93,65,46,84,61,30,22,8,8
S01012866,630,48,19,29,144,76,46,63,91,114,32,12,20,16
S01012867,528,5,3,2,64,61,28,68,115,150,31,23,8,6
S01012868,439,13,2,11,74,66,34,45,94,97,15,10,5,1
S01012869,492,9,0,9,30,42,19,69,119,124,67,29,38,13
S01012870,712,56,14,42,158,97,102,78,110,97,8,6,2,6
S01012871,661,46,12,34,181,102,89,55,92,66,26,14,12,4
S01012872,647,49,6,43,130,143,54,48,115,84,21,0,21,3
S01012873,721,55,14,41,158,181,52,63,82,97,22,16,6,11
S01012874,648,35,7,28,113,92,57,52,145,101,49,17,32,4
S01012875,493,22,0,22,97,66,48,58,59,83,37,13,24,23
S01012876,614,23,12,11,104,82,58,54,158,106,25,12,13,4
S01012877,551,8,2,6,80,120,42,82,91,107,21,4,17,0
S01012878,801,181,45,136,236,99,92,77,55,44,5,0,5,12
S01012879,588,118,8,110,157,88,62,44,54,45,14,3,11,6
S01012880,685,214,33,181,204,57,72,46,54,29,5,5,0,4
S01012881,582,127,26,101,181,62,75,34,55,32,14,6,8,2
S01012882,502,20,7,13,71,64,41,54,113,93,32,23,9,14
S01012883,494,20,1,19,69,52,33,36,104,121,56,21,35,3
S01012884,383,72,23,49,90,26,56,24,48,38,23,10,13,6
S01012885,365,2,1,1,35,57,25,27,90,77,45,25,20,7
S01012886,601,93,5,88,199,81,76,57,44,40,3,3,0,8
S01012887,544,133,34,99,151,86,43,43,42,34,11,6,5,1
S01012888,629,214,33,181,189,45,78,43,24,30,4,4,0,2
S01012889,824,110,29,81,247,82,106,93,99,71,12,12,0,4
S01012890,635,40,15,25,88,53,54,61,143,118,46,29,17,32
S01012891,430,21,4,17,58,47,58,38,91,96,12,5,7,9
S01012892,904,48,11,37,97,108,64,95,200,208,80,26,54,4
S01012893,604,10,1,9,61,73,36,79,164,109,62,31,31,10
S01012894,747,132,26,106,249,74,81,50,65,68,18,14,4,10
S01012895,476,89,17,72,135,41,92,24,44,43,7,2,5,1
S01012896,616,45,8,37,125,111,44,66,115,77,26,12,14,7
S01012897,542,94,17,77,158,70,48,53,67,43,2,2,0,7
S01012898,558,133,26,107,185,66,72,52,30,17,3,1,2,0
S01012899,419,22,5,17,76,61,33,40,72,84,26,7,19,5
S01012900,484,88,8,80,134,52,78,48,32,40,8,5,3,4
S01012901,573,49,13,36,129,122,37,56,71,89,14,2,12,6
S01012902,626,57,18,39,165,96,28,69,93,90,19,4,15,9
S01012903,671,35,4,31,158,103,54,72,108,107,20,5,15,14
S01012904,698,36,2,34,131,144,55,74,129,85,28,15,13,16
S01012905,558,19,2,17,109,101,36,44,123,87,25,8,17,14
S01012906,737,73,14,59,234,105,59,88,91,61,11,2,9,15
S01012907,634,28,7,21,141,117,59,76,84,95,14,7,7,20
S01012908,532,27,7,20,115,101,39,47,88,75,30,10,20,10
S01012909,448,25,6,19,115,84,27,52,65,64,16,9,7,0
S01012910,667,36,11,25,144,101,65,61,116,103,26,7,19,15
S01012911,548,56,13,43,138,67,51,84,84,48,6,4,2,14
S01012912,484,34,19,15,99,91,61,33,70,76,17,10,7,3
S01012913,677,74,13,61,145,96,53,89,98,91,23,7,16,8
S01012914,716,105,13,92,179,89,49,95,96,61,27,12,15,15
S01012915,928,142,45,97,269,111,91,119,77,78,30,5,25,11
S01012916,479,73,19,54,136,61,22,58,59,50,7,4,3,13
S01012917,590,117,13,104,201,61,70,50,54,24,3,3,0,10
S01012918,386,45,16,29,86,64,27,49,41,56,13,1,12,5
S01012919,310,21,10,11,71,61,24,46,60,16,8,0,8,3
S01012920,403,71,15,56,155,49,58,28,15,20,5,1,4,2
S01012921,544,43,15,28,124,89,24,53,95,84,23,3,20,9
S01012922,856,94,21,73,232,125,73,64,124,123,15,4,11,6
S01012923,593,77,17,60,139,86,62,36,94,79,5,4,1,15
S01012924,416,65,20,45,84,79,49,41,45,34,16,7,9,3
S01012925,393,58,19,39,165,37,37,23,26,32,5,0,5,10
S01012926,584,62,19,43,131,85,58,71,80,65,25,5,20,7
S01012927,642,63,6,57,171,74,69,72,78,87,14,9,5,14
S01012928,645,89,22,67,183,78,87,62,53,70,14,6,8,9
S01012929,544,76,20,56,124,95,53,59,68,62,4,0,4,3
S01012930,570,85,9,76,169,87,48,29,69,60,16,3,13,7
S01012931,710,78,19,59,184,125,55,58,87,88,26,15,11,9
S01012932,419,85,28,57,113,39,88,35,21,26,3,3,0,9
S01012933,648,67,22,45,139,102,60,70,104,72,30,17,13,4
S01012934,517,45,5,40,136,82,39,72,68,47,26,12,14,2
S01012935,726,99,28,71,181,146,49,53,91,79,27,4,23,1
S01012936,562,70,18,52,128,51,68,80,87,46,26,19,7,6
S01012937,584,119,26,93,143,79,26,53,77,50,28,15,13,9
S01012938,526,183,31,152,177,44,53,28,16,20,1,0,1,4
S01012939,579,143,20,123,190,78,52,42,50,6,4,0,4,14
S01012940,624,121,13,108,204,103,92,40,33,21,4,4,0,6
S01012941,747,220,56,164,258,81,83,47,22,25,8,1,7,3
S01012942,671,45,5,40,96,108,31,93,155,103,25,4,21,15
S01012943,666,123,36,87,220,106,64,58,54,32,7,1,6,2
S01012944,425,97,15,82,189,63,22,27,10,13,1,0,1,3
S01012945,682,169,64,105,250,65,90,54,30,17,3,0,3,4
S01012946,782,134,24,110,294,116,81,67,34,44,2,2,0,10
S01012947,420,124,16,108,146,32,72,21,6,13,3,0,3,3
S01012948,606,112,39,73,184,74,108,35,34,53,2,2,0,4
S01012949,575,97,17,80,193,73,79,37,48,38,6,6,0,4
S01012950,828,235,70,165,304,77,81,45,39,39,7,1,6,1
S01012951,894,267,60,207,355,71,114,40,32,15,0,0,0,0
S01012952,497,156,41,115,146,13,130,19,11,19,0,0,0,3
S01012953,604,94,24,70,169,141,61,20,50,59,10,9,1,0
S01012954,445,44,2,42,125,95,52,40,41,44,4,0,4,0
S01012955,800,212,53,159,277,106,68,61,31,29,8,2,6,8
S01012956,688,75,7,68,128,121,51,90,84,94,27,17,10,18
S01012957,500,44,12,32,97,75,60,53,70,73,20,5,15,8
S01012958,442,41,8,33,118,61,59,35,77,43,3,3,0,5
S01012959,540,77,24,53,133,109,51,36,70,50,7,6,1,7
S01012960,532,70,7,63,150,84,46,41,68,60,13,7,6,0
S01012961,466,82,23,59,144,51,82,25,40,40,2,0,2,0
S01012962,545,108,11,97,156,87,70,50,46,25,1,1,0,2
S01012963,762,192,42,150,242,79,91,67,54,35,2,2,0,0
S01012964,625,128,37,91,190,75,108,75,10,37,0,0,0,2
S01012965,616,135,16,119,152,69,55,53,65,53,15,2,13,19
S01012966,629,60,13,47,203,73,65,62,83,70,5,5,0,8
S01012967,448,24,2,22,90,64,32,54,80,92,2,2,0,10
S01012968,596,28,1,27,133,84,59,49,110,109,13,7,6,11
S01012969,553,35,3,32,123,72,34,52,88,123,17,5,12,9
S01012970,491,26,8,18,116,69,47,69,77,74,13,7,6,0
S01012971,774,49,13,36,118,85,65,87,149,152,56,23,33,13
S01012972,688,37,11,26,108,87,66,95,114,151,26,15,11,4
S01012973,640,64,23,41,150,72,57,81,119,82,13,2,11,2
S01012974,722,63,7,56,159,76,64,57,147,123,25,5,20,8
S01012975,495,25,15,10,60,68,33,65,114,109,21,12,9,0
S01012976,425,34,9,25,83,72,30,22,95,70,10,5,5,9
S01012977,653,21,3,18,105,56,44,80,166,144,28,5,23,9
S01012978,713,40,11,29,118,113,62,96,104,139,20,14,6,21
S01012979,588,47,8,39,135,69,68,70,95,88,9,5,4,7
S01012980,581,40,6,34,103,90,32,66,96,96,40,10,30,18
S01012981,665,44,17,27,140,88,49,73,108,124,16,3,13,23
S01012982,685,27,6,21,149,115,38,100,101,122,12,4,8,21
S01012983,593,88,16,72,171,94,51,46,58,69,6,0,6,10
S01012984,526,44,10,34,175,74,35,80,52,47,14,4,10,5
S01012985,640,40,10,30,171,81,58,109,71,97,12,10,2,1
S01012986,619,34,7,27,152,96,38,56,92,111,25,9,16,15
S01012987,560,39,4,35,125,79,63,54,74,106,16,11,5,4
S01012988,653,47,11,36,154,72,57,84,118,80,22,9,13,19
S01012989,735,57,9,48,196,117,56,92,99,95,11,4,7,12
S01012990,462,42,15,27,92,91,34,31,71,83,11,5,6,7
S01012991,658,50,5,45,132,122,54,70,83,120,18,1,17,9
S01012992,608,56,12,44,144,97,34,62,105,80,21,12,9,9
S01012993,543,23,1,22,123,99,47,65,79,72,25,13,12,10
S01012994,705,56,11,45,128,104,57,87,137,100,25,9,16,11
S01012995,697,84,21,63,173,128,53,87,70,92,3,0,3,7
S01012996,600,21,0,21,178,90,56,83,93,50,19,3,16,10
S01012997,385,39,5,34,101,59,10,44,72,40,19,7,12,1
S01012998,932,126,28,98,255,124,100,81,94,122,15,4,11,15
S01012999,390,35,12,23,73,49,29,64,49,78,9,1,8,4
S01013000,489,40,4,36,83,70,46,62,89,84,11,4,7,4
S01013001,304,99,34,65,70,9,69,24,21,6,1,0,1,5
S01013002,390,122,17,105,89,14,87,21,25,17,1,1,0,14
S01013003,490,230,34,196,152,22,43,16,14,12,0,0,0,1
S01013004,553,140,19,121,228,30,77,37,15,14,10,6,4,2
S01013005,558,146,26,120,189,30,95,35,35,18,3,0,3,7
S01013006,500,208,33,175,138,15,66,23,23,16,5,0,5,6
S01013007,657,196,45,151,223,32,76,57,46,19,6,1,5,2
S01013008,620,198,48,150,148,45,91,35,37,43,17,3,14,6
S01013009,455,67,4,63,149,56,76,32,47,24,1,0,1,3
S01013010,477,141,26,115,118,23,112,19,35,13,7,2,5,9
S01013011,624,146,27,119,192,46,113,40,53,28,5,0,5,1
S01013012,536,96,15,81,140,53,56,57,51,63,16,9,7,4
S01013013,596,135,39,96,182,56,95,24,53,42,6,3,3,3
S01013014,564,65,10,55,161,45,128,36,60,56,10,3,7,3
S01013015,602,131,30,101,172,47,130,49,28,32,7,2,5,6
S01013016,504,165,26,139,125,16,130,16,24,24,4,0,4,0
S01013017,676,170,46,124,169,56,84,60,70,51,15,3,12,1
S01013018,764,233,44,189,233,53,121,51,15,43,10,3,7,5
S01013019,783,246,54,192,260,83,109,28,32,12,2,0,2,11
S01013020,338,47,6,41,85,21,24,31,46,70,11,7,4,3
S01013021,389,35,1,34,97,40,47,41,63,59,3,3,0,4
S01013022,390,44,14,30,104,57,12,35,74,43,17,6,11,4
S01013023,678,192,47,145,294,38,56,28,35,29,6,3,3,0
S01013024,413,92,26,66,136,42,41,50,16,26,0,0,0,10
S01013025,419,73,25,48,116,21,124,30,21,29,5,2,3,0
S01013026,841,80,9,71,179,112,52,102,132,130,47,24,23,7
S01013027,864,42,17,25,80,49,68,80,168,275,88,37,51,14
S01013028,394,52,18,34,65,15,62,56,58,69,7,5,2,10
S01013029,432,24,8,16,70,31,19,54,86,127,14,8,6,7
S01013030,558,14,0,14,66,46,52,86,100,139,44,25,19,11
S01013031,555,4,1,3,45,57,49,87,113,173,17,3,14,10
S01013032,780,77,17,60,195,81,95,95,103,114,6,5,1,14
S01013033,629,29,4,25,128,71,63,92,81,134,18,7,11,13
S01013034,590,23,6,17,70,40,32,109,127,158,27,17,10,4
S01013035,576,6,2,4,72,28,34,102,109,192,30,18,12,3
S01013036,701,5,0,5,72,59,56,86,169,218,29,14,15,7
S01013037,623,76,28,48,194,78,63,83,56,52,15,8,7,6
S01013038,797,54,12,42,151,98,67,114,138,139,27,23,4,9
S01013039,496,111,25,86,159,62,36,52,39,26,2,2,0,9
S01013040,467,45,0,45,97,66,48,73,74,44,19,10,9,1
S01013041,502,51,16,35,133,79,52,59,49,59,14,9,5,6
S01013042,714,66,21,45,173,64,107,81,65,135,15,10,5,8
S01013043,605,20,9,11,92,58,52,66,111,147,56,27,29,3
S01013044,706,19,4,15,122,71,38,87,164,159,29,8,21,17
S01013045,626,62,7,55,125,78,68,82,96,85,14,7,7,16
S01013046,406,15,9,6,62,51,28,49,110,77,12,11,1,2
S01013047,865,148,42,106,287,98,74,86,83,82,3,3,0,4
S01013048,694,71,19,52,219,124,29,75,83,64,9,2,7,20
S01013049,664,109,10,99,222,91,48,69,81,31,8,3,5,5
S01013050,580,45,5,40,112,98,49,63,87,85,39,20,19,2
S01013051,755,47,6,41,119,106,73,79,120,156,47,22,25,8
S01013052,549,50,6,44,78,62,49,59,111,96,36,27,9,8
S01013053,491,29,6,23,54,66,46,56,95,105,34,22,12,6
S01013054,513,56,13,43,142,43,43,56,75,71,24,17,7,3
S01013055,549,30,8,22,107,41,67,62,99,111,22,9,13,10
S01013056,707,35,6,29,108,81,82,89,91,175,35,31,4,11
S01013057,777,34,8,26,87,76,57,92,157,173,87,41,46,14
S01013058,608,116,38,78,181,78,52,36,64,47,20,10,10,14
S01013059,519,143,31,112,143,54,43,23,32,46,21,9,12,14
S01013060,384,135,34,101,112,43,19,30,12,13,14,6,8,6
S01013061,549,155,29,126,206,46,36,30,32,20,1,1,0,23
S01013062,610,192,37,155,208,31,83,30,21,7,3,1,2,35
S01013063,624,283,41,242,174,39,49,11,10,10,9,3,6,39
S01013064,655,46,12,34,144,65,70,65,108,125,18,11,7,14
S01013065,699,44,17,27,138,87,55,80,96,118,41,26,15,40
S01013066,598,69,18,51,164,59,66,48,71,65,28,9,19,28
S01013067,787,61,4,57,130,29,26,59,58,50,30,15,15,344
S01013068,717,55,6,49,93,55,52,56,105,92,65,32,33,144
S01013069,697,55,17,38,85,45,29,45,67,56,36,18,18,279
S01013070,520,24,4,20,55,46,38,42,69,52,38,27,11,156
S01013071,728,32,8,24,99,40,22,46,57,76,22,15,7,334
S01013072,443,10,6,4,47,23,25,62,104,128,36,16,20,8
S01013073,700,21,5,16,146,55,18,51,146,131,63,35,28,69
S01013074,643,18,0,18,40,24,67,84,143,155,88,50,38,24
S01013075,659,31,6,25,83,33,43,47,128,176,74,40,34,44
S01013076,435,79,17,62,117,41,65,30,20,23,8,6,2,52
S01013077,599,32,10,22,76,66,24,65,110,130,72,32,40,24
S01013078,525,12,1,11,74,47,25,76,110,120,49,26,23,12
S01013079,978,241,19,222,309,86,78,51,95,55,20,1,19,43
S01013080,691,182,53,129,193,44,69,49,26,26,5,4,1,97
S01013081,507,154,16,138,127,49,51,34,45,28,5,5,0,14
S01013082,646,87,14,73,203,98,66,54,68,51,6,4,2,13
S01013083,377,105,22,83,139,41,37,21,8,17,0,0,0,9
S01013084,565,158,38,120,188,74,54,31,27,22,3,3,0,8
S01013085,372,75,29,46,80,37,39,25,39,51,21,18,3,5
S01013086,703,186,18,168,154,50,55,51,59,35,22,7,15,91
S01013087,625,252,69,183,179,32,75,11,10,6,18,3,15,42
S01013088,694,241,37,204,261,36,91,21,15,10,3,0,3,16
S01013089,576,81,14,67,150,58,50,43,57,79,17,8,9,41
S01013090,718,138,19,119,163,50,63,50,56,24,15,11,4,159
S01013091,437,56,7,49,108,42,16,23,21,36,11,10,1,124
S01013092,777,142,20,122,211,80,54,57,62,77,29,17,12,65
S01013093,338,103,35,68,85,22,70,27,13,12,0,0,0,6
S01013094,477,144,23,121,220,39,29,21,17,7,0,0,0,0
S01013095,809,398,126,272,254,40,65,21,19,7,0,0,0,5
S01013096,395,52,20,32,122,33,35,34,67,44,6,1,5,2
S01013097,544,169,32,137,196,15,72,33,17,30,5,2,3,7
S01013098,690,326,96,230,252,15,58,11,16,12,0,0,0,0
S01013099,654,161,21,140,239,31,74,49,46,32,9,4,5,13
S01013100,439,156,39,117,210,19,22,11,7,3,2,2,0,9
S01013101,770,105,24,81,167,79,65,94,115,91,39,18,21,15
S01013102,422,121,31,90,183,36,10,23,31,10,3,1,2,5
S01013103,774,211,58,153,342,64,65,54,25,8,5,1,4,0
S01013104,781,232,55,177,286,70,89,42,36,21,5,1,4,0
S01013105,707,230,54,176,278,47,69,18,25,32,2,2,0,6
S01013106,644,85,13,72,167,64,118,59,55,75,13,5,8,8
S01013107,512,135,30,105,169,49,85,21,19,29,0,0,0,5
S01013108,481,72,16,56,124,30,61,42,73,71,2,0,2,6
S01013109,868,198,42,156,187,60,228,56,81,41,9,1,8,8
S01013110,474,79,9,70,145,17,132,26,33,32,9,5,4,1
S01013111,351,60,7,53,137,23,76,18,22,10,0,0,0,5
S01013112,564,86,17,69,136,59,68,58,69,67,14,5,9,7
S01013113,602,39,19,20,120,46,94,74,108,104,11,5,6,6
S01013114,623,114,22,92,157,51,148,29,66,46,7,5,2,5
S01013115,406,46,7,39,86,37,86,41,59,39,9,2,7,3
S01013116,487,106,29,77,197,33,79,15,39,13,2,2,0,3
S01013117,530,45,6,39,146,50,70,91,71,43,2,2,0,12
S01013118,355,75,12,63,124,20,67,22,18,29,0,0,0,0
S01013119,581,95,28,67,158,26,147,34,55,57,7,3,4,2
S01013120,711,82,21,61,146,34,169,87,99,71,13,5,8,10
S01013121,288,17,5,12,41,15,81,41,46,30,17,9,8,0
S01013122,526,7,3,4,62,70,17,35,133,115,75,41,34,12
S01013123,661,30,10,20,133,107,21,68,129,90,65,28,37,18
S01013124,593,28,17,11,128,101,27,65,136,91,15,6,9,2
S01013125,593,50,24,26,130,87,70,40,91,84,36,27,9,5
S01013126,679,21,3,18,78,94,33,61,186,110,73,36,37,23
S01013127,746,10,3,7,93,92,33,59,179,168,95,54,41,17
S01013128,547,23,10,13,111,98,7,52,103,93,45,17,28,15
S01013129,942,52,21,31,233,157,42,117,142,121,66,41,25,12
S01013130,651,29,6,23,122,80,42,52,139,93,89,42,47,5
S01013131,595,44,12,32,93,75,30,62,125,122,26,5,21,18
S01013132,500,16,0,16,86,66,35,53,123,74,35,13,22,12
S01013133,657,40,7,33,135,83,31,57,137,96,64,27,37,14
S01013134,695,88,30,58,165,81,77,65,96,81,34,21,13,8
S01013135,681,21,2,19,90,93,50,58,154,146,53,32,21,16
S01013136,706,22,11,11,155,89,45,70,125,148,37,25,12,15
S01013137,594,7,2,5,93,80,64,66,123,149,12,3,9,0
S01013138,645,13,3,10,96,75,30,68,167,109,65,30,35,22
S01013139,718,19,13,6,96,111,44,72,163,147,54,33,21,12
S01013140,661,33,8,25,106,90,44,87,116,120,50,44,6,15
S01013141,491,14,10,4,75,79,32,37,96,106,45,33,12,7
S01013142,602,16,8,8,84,100,27,64,128,113,49,29,20,21
S01013143,671,38,6,32,146,101,40,59,127,121,27,13,14,12
S01013144,660,32,11,21,132,86,52,65,151,107,22,12,10,13
S01013145,546,48,11,37,114,71,48,84,84,73,20,15,5,4
S01013146,361,20,3,17,54,53,50,33,75,70,6,6,0,0
S01013147,580,53,10,43,104,93,79,61,102,66,11,9,2,11
S01013148,589,41,12,29,157,110,58,51,78,62,28,15,13,4
S01013149,688,63,17,46,175,113,29,63,93,105,29,22,7,18
S01013150,636,35,5,30,107,125,36,71,119,101,18,12,6,24
S01013151,471,59,12,47,134,71,56,53,32,48,13,7,6,5
S01013152,742,90,19,71,156,97,73,75,108,112,31,19,12,0
S01013153,778,32,13,19,108,105,49,73,198,137,61,45,16,15
S01013154,834,26,7,19,139,132,48,96,158,159,53,20,33,23
S01013155,867,28,7,21,84,97,54,54,276,152,99,45,54,23
S01013156,791,17,4,13,103,88,27,112,186,161,91,41,50,6
S01013157,895,30,4,26,92,108,31,129,204,152,121,55,66,28
S01013158,473,52,14,38,154,67,62,49,49,29,11,3,8,0
S01013159,566,59,25,34,149,78,88,44,75,66,0,0,0,7
S01013160,617,96,26,70,184,88,99,46,52,38,10,3,7,4
S01013161,858,49,0,49,183,151,83,94,124,130,38,24,14,6
S01013162,599,36,10,26,106,74,46,73,116,103,38,19,19,7
S01013163,615,56,16,40,141,98,60,117,62,71,7,2,5,3
S01013164,886,112,21,91,206,117,92,87,79,142,36,20,16,15
S01013165,683,83,14,69,164,110,70,81,72,83,16,9,7,4
S01013166,566,13,8,5,58,83,34,58,124,113,63,29,34,20
S01013167,602,13,4,9,59,75,37,49,128,122,103,34,69,16
S01013168,712,12,0,12,86,105,48,125,139,120,63,26,37,14
S01013169,639,16,2,14,123,91,45,97,127,103,35,27,8,2
S01013170,435,6,0,6,65,69,19,52,69,79,72,42,30,4
S01013171,611,95,20,75,170,98,53,47,46,73,29,13,16,0
S01013172,633,55,18,37,125,119,44,69,119,74,23,8,15,5
S01013173,706,72,27,45,171,106,60,56,120,94,22,10,12,5
S01013174,729,137,37,100,245,77,52,102,66,44,0,0,0,6
S01013175,766,128,15,113,240,112,51,87,69,58,12,6,6,9
S01013176,565,78,17,61,151,128,43,49,47,54,11,5,6,4
S01013177,510,54,16,38,160,82,26,50,48,75,5,4,1,10
S01013178,581,72,15,57,136,102,56,67,59,71,6,4,2,12
S01013179,643,47,14,33,162,92,67,68,119,65,15,11,4,8
S01013180,400,37,4,33,151,53,34,54,31,35,3,1,2,2
S01013181,585,40,13,27,153,87,37,121,60,78,6,4,2,3
S01013182,565,40,10,30,106,87,41,36,124,104,27,12,15,0
S01013183,721,100,18,82,239,111,41,87,83,52,6,0,6,2
S01013184,527,9,0,9,51,66,15,49,161,87,75,43,32,14
S01013185,687,25,9,16,153,96,36,83,134,118,38,8,30,4
S01013186,608,7,7,0,77,72,29,88,176,99,58,13,45,2
S01013187,713,34,4,30,137,93,45,78,159,95,61,24,37,11
S01013188,748,72,16,56,183,110,40,82,131,109,17,7,10,4
S01013189,499,57,6,51,148,50,60,54,61,58,11,2,9,0
S01013190,670,62,8,54,191,84,45,62,102,100,19,10,9,5
S01013191,949,171,35,136,328,114,69,104,90,67,6,3,3,0
S01013192,730,86,9,77,202,132,55,72,114,52,9,4,5,8
S01013193,538,48,16,32,126,95,41,62,74,75,9,6,3,8
S01013194,496,57,12,45,112,69,32,59,94,52,12,4,8,9
S01013195,793,66,3,63,210,134,46,70,132,98,15,6,9,22
S01013196,519,45,19,26,166,76,43,61,54,54,6,3,3,14
S01013197,414,61,23,38,130,51,18,47,59,29,11,4,7,8
S01013198,616,54,18,36,128,71,81,60,99,84,39,24,15,0
S01013199,661,105,17,88,184,78,88,40,90,58,14,5,9,4
S01013200,583,37,9,28,163,61,33,45,112,74,55,46,9,3
S01013201,641,37,6,31,63,67,34,41,179,129,83,44,39,8
S01013202,480,21,7,14,75,50,22,41,99,93,69,28,41,10
S01013203,624,35,5,30,105,55,29,90,132,119,54,31,23,5
S01013204,718,67,11,56,217,112,12,104,103,80,16,8,8,7
S01013205,564,13,4,9,47,41,44,64,130,127,94,69,25,4
S01013206,538,19,5,14,82,57,27,43,128,127,50,15,35,5
S01013207,632,30,10,20,121,100,74,54,124,92,26,18,8,11
S01013208,831,44,12,32,164,57,55,97,169,148,81,58,23,16
S01013209,648,24,1,23,158,78,78,78,95,100,33,19,14,4
S01013210,485,70,20,50,97,84,70,57,46,41,16,10,6,4
S01013211,732,64,20,44,117,125,48,102,135,111,26,14,12,4
S01013212,572,81,21,60,148,101,62,78,65,36,0,0,0,1
S01013213,516,77,18,59,137,80,73,67,54,25,3,0,3,0
S01013214,410,24,3,21,132,61,51,61,41,40,0,0,0,0
S01013215,685,30,9,21,145,107,53,104,115,105,18,2,16,8
S01013216,542,18,7,11,74,77,26,68,118,107,35,18,17,19
S01013217,599,39,4,35,92,93,42,60,133,104,31,12,19,5
S01013218,554,7,5,2,73,44,21,53,141,135,67,41,26,13
S01013219,477,16,0,16,79,41,25,53,130,96,22,9,13,15
S01013220,583,15,2,13,74,58,31,50,173,116,57,24,33,9
S01013221,771,50,14,36,96,86,83,105,176,122,40,24,16,13
S01013222,493,24,7,17,57,56,37,47,122,102,35,25,10,13
S01013223,851,57,10,47,180,119,71,96,128,107,80,46,34,13
S01013224,726,51,18,33,131,98,54,78,160,102,45,21,24,7
S01013225,716,32,6,26,129,69,30,106,153,149,35,23,12,13
S01013226,474,37,14,23,149,52,33,66,90,39,5,4,1,3
S01013227,577,17,3,14,107,56,24,118,114,87,37,23,14,17
S01013228,606,43,18,25,107,71,52,51,140,89,47,13,34,6
S01013229,655,32,3,29,107,112,32,95,117,114,41,19,22,5
S01013230,478,17,4,13,95,75,13,88,82,100,8,7,1,0
S01013231,603,27,6,21,138,79,36,70,131,97,20,12,8,5
S01013232,528,40,22,18,102,92,43,47,97,92,15,11,4,0
S01013233,445,35,11,24,102,77,44,56,84,36,5,0,5,6
S01013234,348,34,9,25,168,47,52,31,9,5,2,0,2,0
S01013235,588,52,7,45,130,71,57,85,115,68,9,8,1,1
S01013236,645,80,18,62,165,59,111,99,56,55,10,9,1,10
S01013237,732,73,30,43,189,119,69,64,110,58,22,16,6,28
S01013238,643,17,1,16,90,65,39,74,158,120,65,39,26,15
S01013239,761,20,0,20,140,49,29,109,165,160,80,50,30,9
S01013240,470,15,13,2,70,37,20,56,98,95,63,33,30,16
S01013241,658,95,31,64,242,116,50,68,44,36,7,6,1,0
S01013242,464,61,10,51,101,37,162,41,29,23,3,3,0,7
S01013243,637,45,10,35,88,67,40,66,143,155,31,20,11,2
S01013244,576,21,0,21,90,78,50,51,109,122,53,21,32,2
S01013245,865,105,30,75,172,86,126,119,110,128,16,5,11,3
S01013246,415,44,12,32,74,37,56,36,64,90,9,7,2,5
S01013247,656,21,3,18,83,74,58,57,168,154,35,22,13,6
S01013248,528,17,4,13,57,80,37,30,132,138,33,3,30,4
S01013249,390,12,0,12,74,45,32,42,63,92,26,12,14,4
S01013250,751,109,16,93,175,59,161,51,66,94,25,15,10,11
S01013251,708,28,12,16,106,86,26,65,131,184,66,27,39,16
S01013252,589,35,16,19,120,49,55,69,73,146,24,10,14,18
S01013253,579,56,12,44,109,63,49,73,96,105,25,7,18,3
S01013254,536,23,6,17,66,54,43,68,78,168,27,19,8,9
S01013255,704,45,20,25,135,66,77,114,126,118,16,8,8,7
S01013256,587,95,25,70,143,60,78,58,90,52,9,3,6,2
S01013257,593,45,15,30,140,58,73,57,89,104,12,1,11,15
S01013258,637,111,37,74,191,84,59,61,61,54,8,2,6,8
S01013259,693,47,9,38,145,101,54,72,104,150,14,4,10,6
S01013260,786,39,15,24,87,104,38,77,167,193,66,39,27,15
S01013261,708,28,4,24,69,78,53,99,136,186,43,17,26,16
S01013262,540,41,11,30,71,62,64,65,98,120,15,4,11,4
S01013263,505,164,30,134,171,43,49,31,22,12,9,0,9,4
S01013264,500,137,26,111,194,67,32,39,10,18,3,3,0,0
S01013265,653,198,29,169,223,80,83,15,15,35,0,0,0,4
S01013266,535,163,32,131,134,81,37,43,51,24,0,0,0,2
S01013267,473,48,17,31,108,77,33,26,103,41,26,17,9,11
S01013268,743,55,11,44,191,99,63,84,112,115,17,1,16,7
S01013269,879,181,39,142,332,120,70,61,46,59,2,0,2,8
S01013270,774,286,72,214,267,79,81,38,8,15,0,0,0,0
S01013271,486,192,51,141,163,59,20,30,6,13,0,0,0,3
S01013272,738,205,51,154,312,78,60,23,22,28,10,1,9,0
S01013273,904,286,45,241,278,106,102,63,29,40,0,0,0,0
S01013274,686,119,46,73,210,99,59,43,64,70,15,6,9,7
S01013275,618,105,30,75,173,81,106,30,57,49,16,16,0,1
S01013276,562,69,16,53,178,89,44,74,48,50,2,0,2,8
S01013277,778,46,17,29,150,93,52,110,143,148,25,14,11,11
S01013278,687,30,18,12,106,80,58,60,163,125,41,13,28,24
S01013279,670,40,9,31,104,86,36,78,138,134,40,31,9,14
S01013280,487,40,5,35,130,96,41,26,58,81,13,1,12,2
S01013281,808,39,7,32,132,94,76,92,167,169,19,15,4,20
S01013282,780,31,4,27,107,101,33,96,176,172,52,23,29,12
S01013283,608,76,3,73,104,95,37,57,126,88,14,8,6,11
S01013284,588,57,6,51,164,119,47,51,59,80,4,1,3,7
S01013285,592,77,8,69,176,119,23,70,72,51,2,0,2,2
S01013286,596,67,12,55,189,118,53,74,55,32,4,3,1,4
S01013287,736,173,25,148,283,110,56,55,38,13,2,0,2,6
S01013288,535,114,22,92,132,84,37,46,64,42,9,7,2,7
S01013289,641,136,26,110,197,74,111,33,48,39,1,1,0,2
S01013290,826,123,30,93,230,115,70,68,108,95,14,0,14,3
S01013291,696,94,22,72,165,100,75,71,72,107,12,0,12,0
S01013292,646,75,14,61,162,105,56,73,68,105,2,0,2,0
S01013293,635,126,13,113,159,114,77,42,58,51,0,0,0,8
S01013294,656,78,7,71,146,127,60,81,75,76,3,1,2,10
S01013295,678,77,12,65,146,130,74,90,85,65,9,8,1,2
S01013296,580,29,8,21,71,59,53,68,106,145,35,15,20,14
S01013297,563,61,18,43,94,81,62,62,87,102,8,6,2,6
S01013298,504,54,14,40,132,64,66,47,58,73,9,5,4,1
S01013299,875,68,23,45,215,131,57,102,125,135,33,15,18,9
S01013300,440,45,10,35,87,44,46,42,83,79,12,6,6,2
S01013301,392,27,14,13,56,50,30,72,63,77,14,7,7,3
S01013302,525,60,5,55,125,70,91,74,51,48,6,1,5,0
S01013303,672,86,25,61,172,66,46,74,87,126,5,3,2,10
S01013304,831,24,2,22,100,94,28,93,204,212,59,14,45,17
S01013305,817,38,19,19,120,124,38,77,169,230,16,6,10,5
S01013306,837,15,9,6,73,97,34,75,217,211,99,52,47,16
S01013307,960,27,10,17,87,68,43,130,220,275,94,38,56,16
S01013308,885,25,3,22,57,129,50,111,212,223,45,17,28,33
S01013309,575,131,23,108,175,86,28,34,56,54,10,8,2,1
S01013310,572,40,8,32,108,80,17,84,103,116,16,9,7,8
S01013311,725,35,7,28,127,115,66,73,154,123,19,10,9,13
S01013312,901,38,2,36,141,135,55,96,148,229,48,11,37,11
S01013313,594,32,12,20,108,61,35,63,127,132,30,22,8,6
S01013314,547,27,14,13,109,86,31,66,121,86,12,9,3,9
S01013315,551,154,37,117,199,46,66,29,17,36,0,0,0,4
S01013316,528,89,12,77,161,68,49,46,61,43,9,9,0,2
S01013317,428,42,8,34,112,81,34,38,54,61,6,1,5,0
S01013318,561,105,32,73,173,63,25,52,79,57,4,2,2,3
S01013319,532,106,25,81,154,82,40,62,53,22,13,7,6,0
S01013320,1019,201,28,173,333,124,85,101,81,72,12,6,6,10
S01013321,345,15,5,10,92,57,22,34,26,67,23,12,11,9
S01013322,659,67,20,47,144,109,45,77,91,111,6,0,6,9
S01013323,840,72,17,55,165,105,47,80,152,167,35,15,20,17
S01013324,588,26,10,16,109,60,24,63,140,112,45,18,27,9
S01013325,820,62,20,42,144,84,35,77,161,145,80,52,28,32
S01013326,487,29,5,24,46,49,32,37,129,126,23,13,10,16
S01013327,638,19,4,15,67,72,55,89,128,167,34,23,11,7
S01013328,602,27,7,20,74,79,45,80,146,131,13,8,5,7
S01013329,458,21,3,18,86,65,29,40,128,79,7,6,1,3
S01013330,1010,172,30,142,295,171,72,89,93,82,24,12,12,12
S01013331,628,98,15,83,169,87,66,62,68,66,7,3,4,5
S01013332,570,39,7,32,91,100,64,54,75,125,10,5,5,12
S01013333,749,90,12,78,209,104,76,93,56,108,8,4,4,5
S01013334,733,34,5,29,107,99,38,85,141,185,39,12,27,5
S01013335,781,17,6,11,81,86,70,81,184,180,63,27,36,19
S01013336,802,28,10,18,114,60,74,80,163,189,85,42,43,9
S01013337,801,86,32,54,186,76,96,106,92,139,14,6,8,6
S01013338,570,141,27,114,212,52,72,37,21,31,4,0,4,0
S01013339,523,117,22,95,157,58,34,61,51,33,5,0,5,7
S01013340,683,144,28,116,211,97,72,82,49,23,1,0,1,4
S01013341,813,172,45,127,312,75,93,38,62,50,9,0,9,2
S01013342,540,6,2,4,79,68,23,48,124,135,49,25,24,8
S01013343,600,35,7,28,105,106,44,58,97,143,6,2,4,6
S01013344,638,19,5,14,97,43,39,106,135,162,28,17,11,9
S01013345,686,26,2,24,97,63,42,101,106,200,34,9,25,17
S01013346,845,195,67,128,268,112,55,82,57,64,6,6,0,6
S01013347,633,78,11,67,188,114,51,54,62,64,10,3,7,12
S01013348,454,89,21,68,127,71,59,33,33,32,0,0,0,10
S01013349,769,132,23,109,172,100,29,66,91,125,29,23,6,25
S01013350,574,36,11,25,126,81,35,61,95,112,11,1,10,17
S01013351,699,61,13,48,116,115,55,116,109,97,22,13,9,8
S01013352,784,40,12,28,133,141,48,107,126,166,21,5,16,2
S01013353,605,20,1,19,95,84,59,99,89,130,26,12,14,3
S01013354,600,63,35,28,154,81,65,68,73,85,5,3,2,6
S01013355,547,66,10,56,114,45,52,57,98,106,9,3,6,0
S01013356,656,26,4,22,94,64,74,72,108,143,63,22,41,12
S01013357,709,72,30,42,165,85,64,83,79,130,25,10,15,6
S01013358,627,54,15,39,123,65,68,91,93,97,19,7,12,17
S01013359,511,13,5,8,67,45,31,56,92,158,36,29,7,13
S01013360,556,19,7,12,96,60,51,70,130,100,28,11,17,2
S01013361,451,15,11,4,61,75,12,53,108,109,15,7,8,3
S01013362,390,19,9,10,67,18,25,43,89,96,24,11,13,9
S01013363,633,30,10,20,59,82,31,61,153,145,51,24,27,21
S01013364,776,101,20,81,149,72,53,111,91,181,12,11,1,6
S01013365,660,61,11,50,142,126,84,77,51,109,7,2,5,3
S01013366,812,100,23,77,202,124,79,121,66,94,16,9,7,10
S01013367,536,95,35,60,145,58,74,51,47,64,2,2,0,0
S01013368,609,71,21,50,77,55,93,63,106,129,12,3,9,3
S01013369,740,27,3,24,97,110,26,90,163,189,38,23,15,0
S01013370,493,22,4,18,84,62,21,37,94,135,30,16,14,8
S01013371,449,38,17,21,81,54,23,62,89,81,20,9,11,1
S01013372,963,12,5,7,99,115,57,91,237,245,85,23,62,22
S01013373,739,37,15,22,106,84,43,78,160,156,56,24,32,19
S01013374,789,21,5,16,76,82,60,95,141,222,84,26,58,8
S01013375,458,22,4,18,37,58,31,58,102,124,23,12,11,3
S01013376,463,26,4,22,44,54,52,50,71,133,32,20,12,1
S01013377,585,21,6,15,104,59,28,74,113,157,28,18,10,1
S01013378,844,73,21,52,182,134,52,75,118,133,57,26,31,20
S01013379,702,39,5,34,130,77,51,81,143,152,27,19,8,2
S01013380,87,11,8,3,41,4,17,6,6,1,1,1,0,0
S01013381,392,20,3,17,68,37,36,65,50,95,18,9,9,3
S01013382,482,45,24,21,65,45,42,78,74,110,15,6,9,8
S01013383,512,27,3,24,94,54,32,82,91,92,29,14,15,11
S01013384,588,40,9,31,75,79,62,98,53,155,21,11,10,5
S01013385,394,28,8,20,104,63,26,39,50,73,4,2,2,7
S01013386,737,111,9,102,218,104,68,64,46,108,13,2,11,5
S01013387,501,35,12,23,57,62,41,69,75,127,31,6,25,4
S01013388,528,44,10,34,94,64,54,36,57,144,28,17,11,7
S01013389,659,30,7,23,126,57,43,109,107,139,25,7,18,23
S01013390,384,17,0,17,44,59,40,46,78,93,7,3,4,0
S01013391,359,34,17,17,81,26,60,32,66,46,6,1,5,8
S01013392,740,124,31,93,174,132,82,99,48,65,6,6,0,10
S01013393,593,64,17,47,75,47,55,84,100,125,38,10,28,5
S01013394,584,15,7,8,81,65,28,70,138,129,53,35,18,5
S01013395,673,22,2,20,64,39,24,65,167,182,103,60,43,7
S01013396,679,90,16,74,189,106,102,70,38,73,5,0,5,6
S01013397,730,65,11,54,115,85,91,76,96,154,44,25,19,4
S01013398,591,122,33,89,123,107,57,77,43,58,0,0,0,4
S01013399,951,101,29,72,294,122,76,110,135,91,10,5,5,12
S01013400,554,32,11,21,94,67,44,82,112,94,27,14,13,2
S01013401,787,125,29,96,287,94,65,55,68,60,25,14,11,8
S01013402,1044,243,41,202,349,130,52,81,73,97,10,4,6,9
S01013403,871,188,39,149,282,126,74,45,88,62,0,0,0,6
S01013404,579,109,17,92,174,56,34,54,65,70,15,11,4,2
S01013405,492,34,7,27,89,66,41,59,70,110,16,1,15,7
S01013406,506,14,8,6,72,52,15,53,111,151,36,13,23,2
S01013407,435,19,10,9,58,47,16,40,116,111,18,8,10,10
S01013408,519,19,1,18,76,77,32,63,81,130,36,16,20,5
S01013409,942,128,50,78,187,114,80,64,133,187,35,7,28,14
S01013410,642,17,13,4,56,80,39,71,152,157,59,17,42,11
S01013411,615,64,7,57,181,67,41,50,78,105,27,18,9,2
S01013412,701,61,22,39,174,101,49,71,66,135,28,11,17,16
S01013413,616,154,60,94,220,33,40,63,50,49,6,5,1,1
S01013414,611,50,10,40,183,62,41,50,86,98,31,10,21,10
S01013415,492,11,3,8,77,92,40,58,87,95,32,18,14,0
S01013416,485,16,1,15,77,52,21,22,115,135,38,22,16,9
S01013417,671,70,16,54,159,88,38,61,107,119,20,8,12,9
S01013418,563,55,17,38,125,79,49,55,76,105,19,7,12,0
S01013419,396,65,1,64,143,59,34,37,16,31,4,0,4,7
S01013420,474,38,10,28,129,82,21,38,71,75,18,5,13,2
S01013421,773,149,30,119,240,96,69,89,59,64,3,2,1,4
S01013422,607,22,0,22,134,83,45,80,110,99,15,8,7,19
S01013423,698,85,13,72,175,81,69,56,81,125,26,8,18,0
S01013424,436,80,22,58,133,47,58,35,44,37,0,0,0,2
S01013425,357,53,10,43,111,50,21,35,33,40,8,1,7,6
S01013426,678,41,22,19,77,92,68,60,109,193,36,22,14,2
S01013427,424,84,32,52,189,38,58,12,13,20,2,1,1,8
S01013428,854,47,10,37,153,97,78,93,115,209,51,23,28,11
S01013429,597,42,2,40,135,73,48,96,98,88,14,12,2,3
S01013430,602,54,11,43,108,77,59,90,83,110,21,10,11,0
S01013431,552,58,22,36,79,51,48,61,106,121,25,7,18,3
S01013432,618,75,18,57,119,72,83,59,68,107,21,0,21,14
S01013433,611,130,42,88,192,57,80,60,32,46,8,1,7,6
S01013434,473,104,15,89,166,21,116,24,17,22,2,2,0,1
S01013435,630,254,66,188,236,46,36,21,15,21,1,1,0,0
S01013436,770,152,28,124,163,86,67,80,94,108,12,7,5,8
S01013437,558,88,8,80,136,71,27,60,82,77,6,5,1,11
S01013438,475,46,16,30,107,70,60,55,54,60,16,8,8,7
S01013439,711,230,29,201,283,53,48,41,23,29,4,1,3,0
S01013440,836,331,35,296,278,76,61,35,28,21,0,0,0,6
S01013441,606,220,40,180,198,59,56,36,18,13,3,3,0,3
S01013442,693,152,18,134,212,75,53,64,62,67,8,4,4,0
S01013443,529,122,20,102,206,32,40,28,44,46,7,0,7,4
S01013444,743,158,22,136,177,68,73,71,90,65,29,10,19,12
S01013445,497,230,53,177,144,46,28,25,15,6,1,1,0,2
S01013446,573,82,19,63,138,81,34,51,93,84,4,1,3,6
S01013447,634,225,55,170,255,57,47,19,16,7,5,0,5,3
S01013448,581,180,50,130,206,52,53,43,22,11,8,7,1,6
S01013449,544,146,33,113,187,95,48,28,18,18,1,0,1,3
S01013450,529,126,16,110,166,97,26,45,29,35,5,2,3,0
S01013451,834,279,58,221,327,68,63,29,44,15,9,0,9,0
S01013452,702,198,48,150,267,41,50,65,31,34,4,4,0,12
S01013453,663,46,12,34,93,61,30,75,142,178,25,2,23,13
S01013454,638,149,25,124,195,49,71,59,48,57,6,4,2,4
S01013455,452,96,28,68,113,50,51,33,40,49,15,2,13,5
S01013456,619,70,14,56,144,59,68,77,71,109,13,8,5,8
S01013457,756,9,0,9,93,82,63,87,138,229,40,13,27,15
S01013458,609,64,15,49,136,68,65,46,90,110,22,6,16,8
S01013459,649,48,12,36,109,81,67,53,130,132,15,5,10,14
S01013460,703,32,11,21,176,106,52,53,116,144,21,13,8,3
S01013461,1002,124,23,101,208,128,72,94,132,200,41,17,24,3
S01013462,761,134,34,100,173,84,71,81,89,121,6,1,5,2
S01013463,569,49,7,42,90,110,40,57,117,70,27,10,17,9
S01013464,532,61,25,36,154,72,37,75,70,55,2,0,2,6
S01013465,497,38,9,29,100,97,48,56,71,66,15,8,7,6
S01013466,247,34,5,29,65,13,45,12,34,35,9,0,9,0
S01013467,818,168,30,138,231,97,68,99,79,65,6,5,1,5
S01013468,468,42,8,34,140,66,59,24,70,55,11,6,5,1
S01013469,563,80,26,54,117,81,55,83,70,67,5,5,0,5
S01013470,655,21,7,14,87,58,34,92,159,178,23,9,14,3
S01013471,810,38,18,20,125,114,57,124,152,163,28,12,16,9
S01013472,599,143,40,103,175,74,77,50,23,48,4,1,3,5
S01013473,661,174,38,136,194,86,91,44,34,33,0,0,0,5
S01013474,590,97,19,78,194,74,65,40,43,69,2,0,2,6
S01013475,529,48,2,46,159,72,61,53,80,39,17,12,5,0
S01013476,492,57,22,35,82,76,56,62,74,65,12,6,6,8
S01013477,496,24,6,18,70,69,53,65,62,129,16,1,15,8
S01013478,793,74,9,65,230,85,82,74,102,114,28,11,17,4
S01013479,602,34,2,32,98,67,35,75,110,147,29,9,20,7
S01013480,502,20,1,19,66,51,43,74,113,116,14,7,7,5
S01013481,345,37,11,26,86,37,51,36,50,44,4,2,2,0
