,All people aged 16 to 74 in employment,1. Managers directors and senior officials,11. Corporate managers and directors,12. Other managers and proprietors,2. Professional occupations,21. Science research engineering and technology professionals,22. Health professionals,23. Teaching and educational professionals,24. Business media and public service professionals,3. Associate professional and technical occupations,31. Science engineering and technology associate professionals,32. Health and social care associate professionals,33. Protective service occupations,34. Culture media and sports occupations,35. Business and public service associate professionals,4. Administrative and secretarial occupations,41. Administrative occupations,42. Secretarial and related occupations,5. Skilled trades occupations,51. Skilled agricultural and related trades,52. Skilled metal electrical and electronic trades,53. Skilled construction and building trades,54. Textiles printing and other skilled trades,6. Caring leisure and other service occupations,61. Caring personal service occupations,62. Leisure travel and related personal service occupations,7. Sales and customer service occupations,71. Sales occupations,72. Customer service occupations,8. Process plant and machine operatives,81. Process plant and machine operatives,82. Transport and mobile machine drivers and operatives,9. Elementary occupations,91. Elementary trades and related occupations,92. Elementary administration and service occupations
S92000003,2516895,210819,128634,82185,421639,93795,113625,105838,108381,318380,49106,41349,45147,39383,143395,286144,224343,61801,315177,37624,111935,103464,62154,244508,180236,64272,234367,183731,50636,193594,86701,106893,292267,46237,246030
S01006506,507,46,30,16,133,41,18,34,40,69,15,6,4,12,32,60,36,24,61,11,23,13,14,45,35,10,22,18,4,35,19,16,36,6,30
S01006507,461,43,25,18,83,26,23,17,17,40,6,2,2,6,24,57,30,27,58,4,17,25,12,44,31,13,43,39,4,34,13,21,59,2,57
S01006508,425,42,24,18,87,40,10,19,18,67,9,5,5,7,41,77,59,18,51,5,16,14,16,22,15,7,24,21,3,24,14,10,31,1,30
S01006509,305,28,22,6,43,12,10,12,9,39,9,3,3,3,21,46,33,13,44,4,19,13,8,35,20,15,26,25,1,26,8,18,18,2,16
S01006510,291,32,23,9,51,21,10,11,9,39,13,6,1,4,15,34,23,11,45,4,18,19,4,36,26,10,11,10,1,21,11,10,22,2,20
S01006511,348,37,24,13,97,35,22,24,16,57,18,4,4,3,28,36,25,11,36,1,13,12,10,22,15,7,20,19,1,15,8,7,28,2,26
S01006512,248,29,23,6,80,30,20,17,13,32,4,2,1,4,21,21,13,8,33,10,9,12,2,17,16,1,9,9,0,7,5,2,20,2,18
S01006513,275,26,20,6,84,21,25,15,23,45,15,1,3,5,21,30,20,10,30,0,10,13,7,12,10,2,24,21,3,13,7,6,11,0,11
S01006514,480,78,56,22,148,54,36,30,28,79,19,3,6,8,43,55,41,14,28,3,11,8,6,30,24,6,22,19,3,15,10,5,25,1,24
S01006515,370,48,28,20,148,59,23,27,39,52,7,3,5,9,28,37,22,15,23,5,8,7,3,17,13,4,14,12,2,7,5,2,24,3,21
S01006516,276,46,30,16,83,24,14,24,21,43,2,6,1,9,25,14,12,2,15,2,6,5,2,43,41,2,10,8,2,6,3,3,16,2,14
S01006517,511,66,52,14,171,47,36,33,55,65,13,3,2,10,37,45,34,11,36,8,14,8,6,28,17,11,32,30,2,31,25,6,37,3,34
S01006518,306,54,39,15,107,30,12,31,34,42,6,6,3,4,23,28,17,11,16,2,4,8,2,15,10,5,18,16,2,14,10,4,12,0,12
S01006519,429,58,41,17,136,38,39,24,35,57,10,3,2,6,36,54,35,19,21,1,13,5,2,41,38,3,15,13,2,18,14,4,29,1,28
S01006520,341,48,37,11,147,60,31,18,38,47,11,3,1,8,24,31,18,13,11,0,9,1,1,17,15,2,18,17,1,9,7,2,13,0,13
S01006521,338,80,55,25,123,49,22,16,36,46,10,2,4,5,25,29,18,11,18,2,11,1,4,11,7,4,6,5,1,12,11,1,13,0,13
S01006522,292,44,32,12,128,42,26,30,30,36,9,3,0,1,23,26,14,12,12,0,6,2,4,13,10,3,13,12,1,7,4,3,13,1,12
S01006523,454,71,54,17,163,49,40,37,37,74,13,3,3,10,45,42,28,14,28,2,15,6,5,23,18,5,23,19,4,15,11,4,15,0,15
S01006524,379,60,38,22,116,45,27,25,19,44,1,11,1,9,22,43,30,13,20,4,6,5,5,37,34,3,17,15,2,23,16,7,19,2,17
S01006525,370,54,42,12,121,44,24,28,25,58,17,4,3,8,26,37,21,16,22,2,9,5,6,19,17,2,15,13,2,12,5,7,32,1,31
S01006526,442,29,15,14,58,25,13,9,11,47,12,3,3,3,26,48,35,13,66,1,32,19,14,41,33,8,45,38,7,29,16,13,79,6,73
S01006527,315,13,9,4,32,13,8,3,8,31,11,2,4,5,9,31,22,9,40,4,15,16,5,46,36,10,28,27,1,38,14,24,56,6,50
S01006528,486,27,12,15,61,19,14,12,16,45,15,7,3,3,17,69,56,13,53,5,20,17,11,50,38,12,65,63,2,39,17,22,77,1,76
S01006529,472,24,14,10,92,39,18,11,24,64,19,6,5,11,23,56,44,12,65,3,32,14,16,38,30,8,49,46,3,20,6,14,64,5,59
S01006530,391,23,10,13,49,15,8,17,9,29,9,2,0,2,16,43,32,11,56,2,18,17,19,51,29,22,50,45,5,28,8,20,62,4,58
S01006531,433,18,7,11,46,16,7,15,8,35,10,6,2,3,14,50,44,6,48,2,14,17,15,57,45,12,39,34,5,38,9,29,102,9,93
S01006532,353,44,28,16,110,40,16,26,28,51,10,3,7,6,25,47,36,11,27,0,18,5,4,19,11,8,29,25,4,9,4,5,17,0,17
S01006533,401,56,30,26,146,37,32,24,53,74,12,5,6,6,45,35,25,10,25,1,13,8,3,13,7,6,19,18,1,13,7,6,20,0,20
S01006534,494,63,45,18,185,64,32,35,54,86,17,4,3,13,49,49,34,15,32,0,19,8,5,17,14,3,19,18,1,12,10,2,31,2,29
S01006535,679,55,39,16,222,81,35,44,62,122,28,5,8,12,69,77,60,17,59,1,27,18,13,25,16,9,40,32,8,25,20,5,54,2,52
S01006536,731,61,37,24,199,93,23,27,56,162,36,15,6,26,79,85,66,19,51,4,29,7,11,29,20,9,56,51,5,38,24,14,50,1,49
S01006537,358,42,30,12,109,41,16,26,26,55,11,1,2,9,32,45,30,15,26,0,15,7,4,28,19,9,20,15,5,14,11,3,19,0,19
S01006538,291,32,23,9,89,24,18,21,26,47,9,4,3,4,27,31,21,10,27,1,13,7,6,12,11,1,20,18,2,12,7,5,21,3,18
S01006539,370,47,31,16,118,32,26,19,41,77,16,4,8,10,39,39,32,7,22,1,14,5,2,17,13,4,25,22,3,10,4,6,15,2,13
S01006540,535,58,42,16,163,52,32,30,49,95,17,4,8,7,59,76,58,18,38,2,22,12,2,32,21,11,36,31,5,13,7,6,24,0,24
S01006541,366,49,29,20,106,35,20,13,38,66,13,3,4,5,41,60,42,18,24,0,16,7,1,21,19,2,10,7,3,11,9,2,19,0,19
S01006542,470,58,40,18,162,62,25,34,41,81,15,2,7,11,46,63,43,20,28,2,13,8,5,25,18,7,22,20,2,15,10,5,16,0,16
S01006543,371,50,35,15,110,30,25,28,27,54,17,5,1,4,27,63,38,25,35,1,12,15,7,19,15,4,12,10,2,15,9,6,13,2,11
S01006544,634,92,60,32,245,109,40,31,65,95,14,2,2,13,64,62,44,18,46,1,30,9,6,19,11,8,32,26,6,23,18,5,20,2,18
S01006545,558,63,43,20,170,64,28,32,46,107,23,8,5,13,58,66,49,17,38,4,16,13,5,24,14,10,31,22,9,28,17,11,31,3,28
S01006546,315,46,33,13,100,28,22,17,33,48,8,2,2,4,32,45,31,14,27,0,21,5,1,13,8,5,16,15,1,13,9,4,7,0,7
S01006547,415,72,42,30,103,31,24,25,23,42,5,6,1,4,26,52,43,9,19,7,4,3,5,30,16,14,25,22,3,29,17,12,43,4,39
S01006548,339,42,26,16,105,42,23,17,23,62,16,1,7,6,32,40,33,7,28,1,12,10,5,16,13,3,17,14,3,13,6,7,16,0,16
S01006549,398,62,39,23,131,37,28,28,38,52,7,2,4,3,36,45,29,16,33,2,16,11,4,15,9,6,27,23,4,18,11,7,15,0,15
S01006550,429,57,44,13,128,42,17,31,38,64,5,4,6,6,43,71,55,16,35,1,17,12,5,18,16,2,20,17,3,14,12,2,22,2,20
S01006551,315,22,15,7,58,16,18,8,16,29,8,4,2,4,11,38,31,7,35,1,18,12,4,36,26,10,17,16,1,26,9,17,54,2,52
S01006552,521,51,34,17,168,53,45,29,41,80,14,4,8,10,44,73,48,25,38,2,20,13,3,41,26,15,24,23,1,19,12,7,27,3,24
S01006553,348,38,23,15,76,18,23,13,22,51,15,3,7,3,23,44,26,18,33,2,14,13,4,36,28,8,21,20,1,22,11,11,27,1,26
S01006554,375,28,14,14,86,25,28,16,17,43,9,5,0,1,28,41,28,13,45,1,17,18,9,34,26,8,22,21,1,29,9,20,47,5,42
S01006555,455,32,19,13,81,14,44,8,15,48,14,8,1,2,23,57,50,7,46,0,27,6,13,44,37,7,28,27,1,45,16,29,74,3,71
S01006556,383,24,15,9,40,10,18,9,3,33,8,6,3,1,15,46,36,10,56,0,19,23,14,48,38,10,27,24,3,42,11,31,67,6,61
S01006557,359,22,15,7,33,9,11,4,9,29,9,5,1,4,10,48,40,8,46,2,21,12,11,60,51,9,25,22,3,33,15,18,63,8,55
S01006558,409,27,18,9,171,65,34,28,44,72,10,8,3,14,37,42,31,11,39,0,22,8,9,7,3,4,25,22,3,11,8,3,15,1,14
S01006559,325,40,31,9,143,45,35,26,37,59,10,3,1,6,39,28,23,5,12,0,3,7,2,8,6,2,22,22,0,4,4,0,9,1,8
S01006560,517,73,47,26,218,60,57,51,50,76,18,4,0,8,46,46,33,13,31,0,18,9,4,19,16,3,13,13,0,14,11,3,27,2,25
S01006561,398,44,33,11,172,46,54,35,37,54,17,2,5,8,22,35,29,6,21,0,9,9,3,18,16,2,21,17,4,12,7,5,21,1,20
S01006562,352,41,30,11,114,32,33,18,31,39,7,2,1,7,22,48,38,10,24,0,9,8,7,21,15,6,21,20,1,17,11,6,27,3,24
S01006563,408,26,16,10,176,56,64,26,30,48,8,7,2,5,26,41,28,13,34,0,16,7,11,18,13,5,22,18,4,21,14,7,22,0,22
S01006564,585,38,22,16,146,59,34,22,31,91,28,9,3,7,44,46,33,13,52,1,29,10,12,46,35,11,58,51,7,30,15,15,78,3,75
S01006565,608,41,22,19,143,55,29,18,41,94,31,9,2,7,45,65,49,16,56,2,30,12,12,35,19,16,67,55,12,27,10,17,80,10,70
S01006566,484,34,18,16,170,64,40,36,30,77,16,7,4,14,36,48,42,6,42,0,19,16,7,24,17,7,31,27,4,16,12,4,42,1,41
S01006567,500,24,14,10,106,37,22,25,22,92,26,8,3,13,42,51,34,17,52,1,26,8,17,34,28,6,44,40,4,28,17,11,69,3,66
S01006568,706,42,24,18,251,105,52,43,51,118,39,10,3,8,58,60,44,16,61,5,29,13,14,39,30,9,55,42,13,29,26,3,51,3,48
S01006569,351,31,23,8,119,48,28,20,23,52,13,8,0,5,26,29,19,10,28,1,17,6,4,24,16,8,20,19,1,12,8,4,36,3,33
S01006570,445,52,40,12,163,62,32,30,39,77,18,6,0,9,44,40,29,11,29,1,10,7,11,22,14,8,16,13,3,15,12,3,31,2,29
S01006571,525,59,38,21,191,73,35,35,48,92,13,7,3,9,60,54,39,15,35,0,24,4,7,20,12,8,28,23,5,12,10,2,34,1,33
S01006572,453,90,69,21,186,54,51,31,50,59,10,3,4,7,35,37,26,11,22,1,16,3,2,22,17,5,15,14,1,12,10,2,10,1,9
S01006573,390,72,56,16,166,56,37,24,49,44,7,2,1,7,27,37,25,12,19,0,11,2,6,12,8,4,12,12,0,14,11,3,14,0,14
S01006574,510,97,70,27,192,77,29,34,52,78,10,6,5,7,50,41,26,15,25,0,19,3,3,22,13,9,20,18,2,16,14,2,19,1,18
S01006575,531,78,42,36,207,75,31,37,64,72,18,1,1,4,48,51,36,15,36,0,21,6,9,17,9,8,30,27,3,17,14,3,23,2,21
S01006576,435,49,34,15,165,72,25,36,32,76,15,3,4,13,41,39,32,7,28,1,11,10,6,13,6,7,21,20,1,16,13,3,28,0,28
S01006577,510,44,25,19,182,82,29,31,40,87,8,7,8,6,58,60,42,18,40,2,29,3,6,24,16,8,35,30,5,15,10,5,23,1,22
S01006578,742,48,27,21,224,110,36,35,43,134,39,3,3,13,76,76,62,14,65,2,41,14,8,39,23,16,54,48,6,32,24,8,70,7,63
S01006579,709,48,25,23,210,99,40,24,47,121,25,7,3,12,74,77,63,14,61,6,37,3,15,38,24,14,47,37,10,38,29,9,69,5,64
S01006580,492,37,23,14,177,83,21,22,51,87,17,5,2,16,47,47,36,11,36,5,19,3,9,17,8,9,34,27,7,24,19,5,33,2,31
S01006581,478,65,45,20,177,55,29,37,56,74,12,4,5,10,43,48,28,20,26,1,19,3,3,20,14,6,28,24,4,21,11,10,19,0,19
S01006582,610,46,22,24,180,77,25,22,56,80,14,9,5,8,44,70,50,20,35,0,17,8,10,32,16,16,51,45,6,36,28,8,80,5,75
S01006583,507,23,14,9,157,85,13,16,43,82,21,6,4,5,46,54,44,10,33,0,16,6,11,27,18,9,52,48,4,17,13,4,62,0,62
S01006584,439,34,20,14,128,62,29,10,27,82,29,2,1,8,42,39,33,6,40,0,20,7,13,23,16,7,35,30,5,16,11,5,42,1,41
S01006585,469,26,15,11,91,49,10,13,19,55,18,4,2,8,23,50,42,8,50,1,19,14,16,38,24,14,50,44,6,30,16,14,79,4,75
S01006586,648,46,28,18,153,67,18,23,45,84,17,6,8,13,40,68,54,14,56,3,17,12,24,34,21,13,78,73,5,32,25,7,97,7,90
S01006587,370,30,13,17,73,40,8,9,16,46,12,4,0,4,26,44,38,6,41,2,15,10,14,33,24,9,38,37,1,17,10,7,48,1,47
S01006588,424,37,20,17,86,46,15,8,17,56,12,6,2,6,30,40,30,10,27,1,12,7,7,39,27,12,53,45,8,16,13,3,70,2,68
S01006589,438,22,13,9,71,40,6,10,15,55,20,5,1,7,22,35,29,6,53,2,19,10,22,32,17,15,57,54,3,25,17,8,88,3,85
S01006590,480,46,18,28,124,66,9,20,29,79,23,4,2,8,42,49,40,9,42,0,21,5,16,39,27,12,49,40,9,16,8,8,36,1,35
S01006591,530,39,21,18,153,84,21,17,31,72,15,6,2,5,44,67,52,15,49,2,28,6,13,37,23,14,45,42,3,19,10,9,49,5,44
S01006592,512,38,29,9,161,85,23,16,37,110,23,3,15,10,59,44,36,8,59,1,41,8,9,22,13,9,23,23,0,29,17,12,26,1,25
S01006593,550,36,29,7,178,87,19,20,52,110,31,5,7,6,61,43,36,7,53,2,25,10,16,24,17,7,38,34,4,31,21,10,37,3,34
S01006594,336,27,18,9,88,40,20,11,17,46,9,1,4,7,25,48,36,12,30,0,16,8,6,29,17,12,24,20,4,15,12,3,29,3,26
S01006595,685,55,32,23,214,118,23,23,50,128,38,5,3,13,69,93,75,18,45,0,22,15,8,29,21,8,52,48,4,29,19,10,40,4,36
S01006596,488,46,28,18,176,83,26,26,41,75,17,6,1,7,44,48,41,7,46,0,22,6,18,25,14,11,29,22,7,23,14,9,20,1,19
S01006597,408,20,13,7,111,46,17,16,32,72,21,5,0,6,40,43,32,11,46,0,17,11,18,29,20,9,28,27,1,20,14,6,39,0,39
S01006598,572,69,48,21,211,103,26,32,50,97,19,2,4,8,64,57,39,18,54,0,34,10,10,23,14,9,19,11,8,23,16,7,19,3,16
S01006599,450,36,14,22,88,32,16,16,24,56,17,4,6,3,26,59,45,14,56,3,26,13,14,31,23,8,44,38,6,32,15,17,48,5,43
S01006600,603,51,34,17,171,71,23,33,44,102,19,7,4,12,60,78,60,18,57,0,28,19,10,44,28,16,36,31,5,31,20,11,33,5,28
S01006601,644,47,34,13,186,77,42,22,45,98,31,6,4,10,47,91,76,15,70,1,29,20,20,33,22,11,48,42,6,23,13,10,48,2,46
S01006602,433,61,36,25,168,70,23,26,49,66,14,5,2,3,42,34,24,10,32,0,19,7,6,13,10,3,22,17,5,15,8,7,22,0,22
S01006603,391,14,4,10,21,8,7,2,4,36,10,5,4,1,16,59,44,15,63,4,22,18,19,43,29,14,40,36,4,37,12,25,78,10,68
S01006604,355,23,9,14,32,11,8,7,6,36,11,4,6,2,13,55,39,16,45,1,15,16,13,36,24,12,34,32,2,38,13,25,56,4,52
S01006605,364,11,7,4,33,15,11,5,2,33,12,1,2,4,14,41,32,9,55,1,17,15,22,40,31,9,28,23,5,55,22,33,68,5,63
S01006606,403,40,20,20,71,16,24,14,17,56,16,5,4,7,24,55,39,16,50,2,23,15,10,26,22,4,21,18,3,39,12,27,45,3,42
S01006607,493,19,9,10,49,17,14,11,7,45,14,1,3,4,23,79,61,18,73,7,22,29,15,46,32,14,48,44,4,55,26,29,79,11,68
S01006608,391,28,18,10,70,19,13,13,25,58,15,4,4,7,28,60,38,22,65,5,28,26,6,23,19,4,18,16,2,39,20,19,30,3,27
S01006609,530,26,16,10,41,9,10,9,13,49,16,3,5,9,16,79,61,18,84,3,34,30,17,57,37,20,42,36,6,58,23,35,94,10,84
S01006610,231,18,11,7,10,4,3,1,2,22,2,1,0,5,14,31,25,6,44,0,24,14,6,28,19,9,22,18,4,24,12,12,32,2,30
S01006611,437,18,11,7,37,9,16,4,8,47,14,8,4,6,15,68,53,15,55,0,22,19,14,46,32,14,53,45,8,45,25,20,68,6,62
S01006612,489,25,17,8,68,22,17,15,14,58,20,5,6,5,22,75,61,14,60,0,27,22,11,60,43,17,41,37,4,49,19,30,53,5,48
S01006613,402,30,21,9,52,22,11,6,13,72,19,5,3,6,39,88,66,22,54,1,31,18,4,26,15,11,29,27,2,28,9,19,23,2,21
S01006614,408,27,17,10,86,34,13,8,31,82,21,3,9,6,43,64,54,10,50,0,18,23,9,24,14,10,20,11,9,33,19,14,22,0,22
S01006615,453,53,30,23,80,32,17,7,24,80,27,4,4,2,43,75,52,23,49,0,26,15,8,32,14,18,25,23,2,36,21,15,23,1,22
S01006616,573,27,20,7,84,40,10,10,24,78,22,4,8,7,37,103,80,23,85,0,61,18,6,49,36,13,60,54,6,56,17,39,31,1,30
S01006617,398,40,27,13,44,19,10,6,9,57,17,6,3,8,23,70,46,24,49,0,27,19,3,33,25,8,31,27,4,43,23,20,31,4,27
S01006618,334,34,25,9,41,18,6,6,11,46,10,1,1,5,29,53,38,15,58,2,35,16,5,27,17,10,24,21,3,25,11,14,26,2,24
S01006619,533,32,23,9,74,22,11,19,22,69,14,7,0,7,41,72,50,22,83,4,43,25,11,50,31,19,48,38,10,45,17,28,60,2,58
S01006620,544,31,17,14,68,26,19,10,13,76,19,5,7,9,36,80,58,22,78,2,40,22,14,46,29,17,62,51,11,54,22,32,49,2,47
S01006621,314,20,9,11,35,18,10,4,3,44,15,1,2,1,25,40,32,8,50,2,23,17,8,29,19,10,30,24,6,31,13,18,35,1,34
S01006622,462,37,20,17,70,28,17,12,13,70,24,5,3,4,34,85,64,21,70,4,40,18,8,33,26,7,34,25,9,33,15,18,30,2,28
S01006623,418,21,8,13,46,20,7,10,9,47,20,3,1,3,20,52,46,6,64,2,30,23,9,40,27,13,39,29,10,46,19,27,63,8,55
S01006624,539,19,11,8,70,23,12,17,18,49,13,6,1,7,22,50,37,13,91,5,40,20,26,46,29,17,42,37,5,62,31,31,110,12,98
S01006625,369,19,14,5,32,18,7,1,6,36,10,8,2,3,13,45,35,10,62,3,20,19,20,43,35,8,30,30,0,36,14,22,66,7,59
S01006626,384,14,9,5,16,4,6,1,5,28,9,1,2,2,14,46,38,8,69,2,27,11,29,43,26,17,41,35,6,28,12,16,99,12,87
S01006627,564,30,18,12,65,14,19,12,20,63,15,8,2,7,31,62,52,10,86,0,29,19,38,55,34,21,34,25,9,63,35,28,106,19,87
S01006628,730,18,11,7,100,41,22,18,19,65,18,9,3,4,31,51,43,8,112,2,36,19,55,77,54,23,60,53,7,69,30,39,178,29,149
S01006629,360,16,10,6,19,10,4,1,4,26,10,3,3,0,10,31,22,9,56,3,24,14,15,47,33,14,30,25,5,44,21,23,91,11,80
S01006630,283,13,9,4,9,3,4,2,0,9,2,2,0,1,4,30,25,5,41,3,14,15,9,56,44,12,25,20,5,37,13,24,63,6,57
S01006631,489,25,17,8,45,12,15,9,9,39,13,7,7,0,12,52,44,8,67,1,30,22,14,57,42,15,43,37,6,48,22,26,113,16,97
S01006632,408,16,10,6,39,13,13,7,6,38,12,3,3,4,16,31,25,6,58,3,22,15,18,54,34,20,34,31,3,48,18,30,90,11,79
S01006633,308,7,3,4,11,6,0,1,4,23,9,2,1,4,7,31,27,4,43,1,13,10,19,23,18,5,34,33,1,47,17,30,89,6,83
S01006634,271,14,8,6,14,7,2,1,4,11,4,1,0,3,3,20,18,2,50,1,19,14,16,36,25,11,19,17,2,33,17,16,74,3,71
S01006635,327,7,5,2,31,11,8,5,7,21,7,1,0,4,9,33,27,6,53,2,24,13,14,46,26,20,28,25,3,47,23,24,61,6,55
S01006636,374,7,5,2,15,4,5,2,4,17,4,5,1,2,5,34,26,8,43,2,13,9,19,46,34,12,46,41,5,77,28,49,89,12,77
S01006637,427,30,16,14,90,34,18,15,23,58,12,5,3,8,30,48,42,6,42,0,22,13,7,31,15,16,43,36,7,21,8,13,64,10,54
S01006638,521,28,18,10,91,38,11,22,20,67,20,10,8,4,25,67,58,9,36,2,14,6,14,41,27,14,67,62,5,23,13,10,101,8,93
S01006639,524,29,13,16,80,27,15,18,20,76,16,12,3,11,34,53,38,15,47,2,23,14,8,46,23,23,69,62,7,38,18,20,86,8,78
S01006640,476,35,27,8,125,63,17,16,29,82,22,7,6,8,39,49,35,14,50,1,29,8,12,22,15,7,51,44,7,16,12,4,46,1,45
S01006641,675,23,13,10,155,72,30,30,23,96,38,8,8,6,36,80,59,21,64,3,39,8,14,54,34,20,72,61,11,34,17,17,97,12,85
S01006642,636,25,12,13,104,45,5,24,30,88,27,3,5,13,40,59,47,12,50,1,20,14,15,54,32,22,126,120,6,25,15,10,105,3,102
S01006643,497,23,17,6,103,38,20,21,24,77,19,6,2,13,37,60,47,13,33,0,16,9,8,34,22,12,77,75,2,19,12,7,71,1,70
S01006644,597,28,15,13,122,58,17,17,30,73,17,4,3,12,37,61,47,14,43,0,22,12,9,55,34,21,82,74,8,41,21,20,92,4,88
S01006645,347,19,14,5,44,14,13,5,12,37,18,5,2,0,12,36,30,6,40,2,12,10,16,38,29,9,46,43,3,25,10,15,62,1,61
S01006646,433,24,16,8,62,28,10,8,16,53,16,4,3,6,24,34,26,8,24,0,11,0,13,28,18,10,96,86,10,21,18,3,91,3,88
S01006647,344,28,16,12,35,15,5,7,8,47,11,2,2,7,25,42,35,7,29,1,9,8,11,36,25,11,45,40,5,26,14,12,56,4,52
S01006648,930,54,37,17,118,56,18,13,31,103,32,6,3,20,42,93,74,19,75,3,32,13,27,67,38,29,158,144,14,47,17,30,215,12,203
S01006649,622,17,11,6,132,62,22,20,28,79,24,7,6,10,32,75,60,15,58,0,28,16,14,50,30,20,73,63,10,41,17,24,97,8,89
S01006650,532,25,14,11,96,35,22,22,17,64,28,7,0,8,21,57,44,13,62,4,24,18,16,41,27,14,58,50,8,20,14,6,109,5,104
S01006651,336,15,5,10,62,28,6,9,19,41,14,6,0,5,16,36,29,7,35,2,15,4,14,17,14,3,39,34,5,25,16,9,66,6,60
S01006652,365,24,18,6,74,37,11,9,17,57,15,6,3,9,24,41,36,5,39,3,13,14,9,19,12,7,51,45,6,15,10,5,45,1,44
S01006653,356,24,14,10,123,51,33,22,17,58,20,7,5,7,19,26,19,7,26,1,17,5,3,28,21,7,28,22,6,11,8,3,32,3,29
S01006654,464,24,13,11,81,33,24,11,13,46,13,8,5,3,17,52,39,13,51,2,20,17,12,62,50,12,36,34,2,29,8,21,83,6,77
S01006655,378,37,28,9,142,49,44,27,22,52,17,5,4,4,22,39,28,11,24,3,14,2,5,22,17,5,24,20,4,13,8,5,25,3,22
S01006656,610,28,18,10,160,70,35,25,30,89,24,8,4,10,43,63,44,19,62,0,36,5,21,42,22,20,57,50,7,33,13,20,76,6,70
S01006657,326,17,10,7,63,18,13,15,17,29,13,1,2,3,10,40,33,7,31,3,15,5,8,34,28,6,36,31,5,22,7,15,54,4,50
S01006658,547,22,12,10,80,34,12,14,20,51,14,8,1,10,18,40,25,15,68,2,28,7,31,53,31,22,74,69,5,37,19,18,122,4,118
S01006659,330,20,14,6,81,33,19,20,9,44,18,5,0,3,18,37,27,10,29,1,11,9,8,25,18,7,35,34,1,10,4,6,49,0,49
S01006660,256,12,9,3,37,18,6,8,5,26,10,2,2,4,8,21,15,6,32,2,7,8,15,24,16,8,26,24,2,13,6,7,65,4,61
S01006661,334,16,11,5,80,34,8,23,15,39,13,5,0,5,16,46,36,10,26,0,10,9,7,19,15,4,43,34,9,12,6,6,53,3,50
S01006662,333,18,9,9,32,11,4,14,3,30,10,3,0,5,12,24,21,3,34,0,11,12,11,35,23,12,46,41,5,24,12,12,90,1,89
S01006663,286,19,8,11,58,24,7,19,8,34,7,2,1,2,22,33,24,9,25,0,15,6,4,14,8,6,36,35,1,7,2,5,60,1,59
S01006664,289,10,5,5,50,23,5,13,9,47,10,3,0,8,26,16,12,4,24,4,8,4,8,16,12,4,60,55,5,17,10,7,49,3,46
S01006665,367,29,11,18,65,22,9,16,18,34,9,3,2,7,13,38,28,10,36,3,15,7,11,18,12,6,54,48,6,10,6,4,83,1,82
S01006666,367,14,7,7,24,6,8,6,4,28,6,2,1,1,18,24,22,2,66,3,17,22,24,57,37,20,23,20,3,39,14,25,92,8,84
S01006667,341,13,9,4,28,10,9,5,4,30,10,5,1,4,10,27,21,6,41,2,14,9,16,36,28,8,33,29,4,57,25,32,76,5,71
S01006668,484,22,13,9,105,44,11,20,30,66,8,6,7,11,34,49,38,11,27,1,14,5,7,39,24,15,86,78,8,17,12,5,73,2,71
S01006669,419,21,12,9,85,27,8,37,13,38,9,11,0,7,11,38,28,10,38,2,19,4,13,50,28,22,42,39,3,27,8,19,80,6,74
S01006670,464,21,13,8,60,24,13,14,9,58,9,3,8,8,30,60,48,12,36,0,12,8,16,28,19,9,96,92,4,20,4,16,85,4,81
S01006671,604,33,28,5,67,21,6,26,14,47,10,9,3,6,19,41,26,15,22,0,11,3,8,53,31,22,146,137,9,16,10,6,179,6,173
S01006672,373,14,8,6,49,18,10,15,6,25,10,0,1,2,12,32,24,8,33,2,11,10,10,47,34,13,54,48,6,34,15,19,85,8,77
S01006673,433,21,8,13,72,21,11,25,15,37,7,3,1,4,22,38,31,7,52,1,19,15,17,54,34,20,39,37,2,27,9,18,93,6,87
S01006674,399,18,12,6,26,12,6,3,5,24,5,0,3,1,15,35,29,6,70,1,31,13,25,48,30,18,36,34,2,46,16,30,96,12,84
S01006675,333,8,4,4,25,6,6,8,5,10,5,3,0,0,2,23,19,4,44,0,14,15,15,36,21,15,25,24,1,46,16,30,116,14,102
S01006676,342,11,6,5,44,15,5,19,5,16,7,1,2,1,5,23,16,7,40,2,6,15,17,49,31,18,32,31,1,44,16,28,83,2,81
S01006677,365,20,12,8,22,7,8,3,4,37,13,7,0,4,13,30,25,5,51,0,13,20,18,45,37,8,44,38,6,39,15,24,77,3,74
S01006678,548,21,11,10,25,8,9,3,5,48,16,12,4,1,15,38,25,13,89,3,30,31,25,57,43,14,42,35,7,68,31,37,160,20,140
S01006679,381,22,16,6,63,20,12,14,17,39,10,8,0,1,20,57,43,14,45,2,13,16,14,37,31,6,33,30,3,38,23,15,47,1,46
S01006680,414,17,10,7,24,6,6,5,7,20,12,3,0,3,2,27,19,8,78,5,28,21,24,56,34,22,29,24,5,48,16,32,115,19,96
S01006681,415,22,12,10,52,19,11,10,12,72,19,4,9,5,35,51,41,10,49,2,23,16,8,31,26,5,41,36,5,43,16,27,54,8,46
S01006682,401,16,10,6,44,13,11,6,14,16,7,1,1,1,6,21,15,6,58,1,17,18,22,39,23,16,29,25,4,52,24,28,126,12,114
S01006683,453,14,10,4,51,20,12,7,12,33,6,8,2,5,12,35,27,8,50,4,16,15,15,67,51,16,47,40,7,43,21,22,113,7,106
S01006684,382,18,9,9,32,15,7,3,7,31,8,3,2,6,12,31,23,8,50,0,19,17,14,49,38,11,43,33,10,55,33,22,73,8,65
S01006685,407,25,13,12,43,14,8,13,8,45,19,7,2,3,14,50,41,9,51,3,16,25,7,40,33,7,33,29,4,35,12,23,85,4,81
S01006686,326,14,10,4,37,15,8,3,11,37,15,4,2,0,16,30,24,6,41,1,11,17,12,50,39,11,31,27,4,27,17,10,59,4,55
S01006687,438,15,8,7,63,25,18,11,9,57,14,14,6,3,20,47,34,13,56,1,24,21,10,51,40,11,44,34,10,42,21,21,63,5,58
S01006688,409,39,23,16,66,13,15,19,19,54,13,5,4,11,21,56,43,13,59,0,25,24,10,48,27,21,28,25,3,26,14,12,33,4,29
S01006689,388,41,31,10,141,43,39,25,34,47,13,0,3,2,29,52,44,8,34,0,24,4,6,20,12,8,23,20,3,14,5,9,16,1,15
S01006690,320,20,11,9,94,32,27,20,15,48,6,7,0,5,30,40,30,10,19,0,10,6,3,13,8,5,28,27,1,19,9,10,39,1,38
S01006691,332,16,11,5,103,39,27,23,14,39,16,2,3,3,15,47,35,12,28,1,11,9,7,19,11,8,19,13,6,15,7,8,46,2,44
S01006692,381,31,21,10,113,27,31,24,31,52,14,4,3,6,25,37,22,15,36,1,11,15,9,19,16,3,28,25,3,33,14,19,32,1,31
S01006693,565,41,21,20,111,30,23,28,30,55,22,8,3,5,17,68,45,23,82,4,38,18,22,45,34,11,53,41,12,33,19,14,77,4,73
S01006694,324,10,6,4,22,3,12,3,4,29,12,4,3,1,9,38,29,9,43,2,16,16,9,45,28,17,26,23,3,36,12,24,75,3,72
S01006695,361,22,16,6,45,13,14,9,9,21,5,3,0,2,11,48,36,12,56,1,26,19,10,41,31,10,34,28,6,35,10,25,59,2,57
S01006696,396,13,7,6,47,16,19,2,10,30,6,5,3,5,11,52,41,11,45,5,18,14,8,43,28,15,37,30,7,42,15,27,87,5,82
S01006697,473,24,19,5,56,12,24,7,13,35,11,3,4,6,11,59,38,21,65,1,28,26,10,61,42,19,40,34,6,50,23,27,83,5,78
S01006698,318,5,2,3,47,11,25,3,8,35,10,6,2,2,15,42,32,10,39,0,20,11,8,32,24,8,23,20,3,28,9,19,67,7,60
S01006699,268,19,12,7,43,15,11,5,12,33,8,6,0,2,17,35,27,8,28,0,10,11,7,25,18,7,13,11,2,22,5,17,50,3,47
S01006700,419,34,22,12,85,20,32,17,16,53,13,5,7,6,22,42,29,13,42,2,17,12,11,42,31,11,24,23,1,41,16,25,56,1,55
S01006701,331,14,5,9,23,4,12,5,2,23,6,3,1,1,12,35,26,9,59,3,23,18,15,30,19,11,43,37,6,36,19,17,68,2,66
S01006702,402,13,9,4,23,6,13,1,3,28,7,2,2,4,13,47,37,10,64,3,26,23,12,60,48,12,34,30,4,53,17,36,80,10,70
S01006703,321,12,8,4,30,5,17,6,2,27,8,3,3,3,10,31,25,6,38,2,14,13,9,48,39,9,30,29,1,45,12,33,60,4,56
S01006704,272,12,7,5,16,0,9,2,5,19,4,2,1,1,11,41,31,10,42,3,17,12,10,33,29,4,17,13,4,32,16,16,60,6,54
S01006705,355,18,13,5,18,4,5,2,7,20,6,4,2,0,8,43,39,4,61,2,19,27,13,42,35,7,28,26,2,62,24,38,63,4,59
S01006706,321,9,6,3,32,8,21,2,1,34,10,8,3,3,10,40,30,10,54,2,24,20,8,49,34,15,26,24,2,30,8,22,47,4,43
S01006707,331,15,7,8,35,9,21,4,1,27,9,3,4,5,6,41,32,9,43,4,18,14,7,43,30,13,23,21,2,34,9,25,70,6,64
S01006708,383,14,11,3,47,7,28,3,9,36,7,2,1,6,20,53,32,21,56,0,28,18,10,55,39,16,28,25,3,37,18,19,57,5,52
S01006709,412,21,13,8,25,7,9,1,8,28,10,3,1,2,12,62,48,14,57,3,23,22,9,60,45,15,44,40,4,52,25,27,63,5,58
S01006710,447,22,14,8,31,8,15,5,3,50,15,7,2,7,19,63,51,12,60,2,27,22,9,67,54,13,42,40,2,59,16,43,53,3,50
S01006711,473,20,14,6,43,9,17,5,12,52,15,7,2,7,21,64,50,14,64,1,23,29,11,54,42,12,57,48,9,50,17,33,69,8,61
S01006712,251,15,12,3,24,2,15,3,4,26,7,7,2,1,9,32,23,9,44,1,16,20,7,27,23,4,19,12,7,23,11,12,41,2,39
S01006713,466,14,9,5,30,8,9,5,8,46,17,7,2,3,17,59,43,16,67,5,34,16,12,59,41,18,42,34,8,61,13,48,88,4,84
S01006714,342,9,6,3,35,10,13,4,8,29,11,2,2,2,12,52,31,21,44,1,24,10,9,43,33,10,18,17,1,53,17,36,59,3,56
S01006715,266,8,5,3,25,8,6,5,6,15,6,2,1,2,4,16,11,5,30,0,15,8,7,39,29,10,21,19,2,33,11,22,79,8,71
S01006716,317,10,7,3,27,6,10,1,10,30,11,5,1,2,11,33,25,8,50,4,21,16,9,46,33,13,25,22,3,29,12,17,67,5,62
S01006717,479,16,13,3,33,4,17,4,8,36,12,6,4,2,12,61,48,13,84,4,30,29,21,65,48,17,47,42,5,53,19,34,84,6,78
S01006718,310,23,17,6,18,3,6,3,6,15,4,2,2,2,5,20,17,3,48,2,19,18,9,55,44,11,27,24,3,44,10,34,60,0,60
S01006719,459,23,14,9,44,14,17,7,6,45,12,11,1,3,18,45,39,6,64,2,27,27,8,58,36,22,35,27,8,50,16,34,95,3,92
S01006720,311,11,3,8,21,7,10,2,2,36,8,3,4,1,20,27,21,6,56,1,30,17,8,46,36,10,16,15,1,38,11,27,60,6,54
S01006721,450,21,12,9,36,9,15,5,7,38,15,4,3,2,14,47,37,10,59,1,26,22,10,49,38,11,36,35,1,77,31,46,87,13,74
S01006722,372,15,6,9,32,10,17,1,4,32,9,6,2,2,13,33,23,10,51,0,18,18,15,64,53,11,27,24,3,46,13,33,72,3,69
S01006723,325,20,10,10,32,5,10,2,15,28,12,1,0,1,14,45,35,10,42,2,14,14,12,39,25,14,25,22,3,31,15,16,63,6,57
S01006724,402,15,8,7,23,8,8,1,6,26,10,4,1,0,11,28,25,3,67,3,25,14,25,44,32,12,45,41,4,49,18,31,105,4,101
S01006725,334,21,14,7,18,5,5,2,6,22,8,1,2,5,6,32,22,10,51,0,19,15,17,48,29,19,43,40,3,42,14,28,57,5,52
S01006726,615,18,7,11,31,11,10,5,5,39,15,5,0,3,16,37,30,7,92,1,26,34,31,76,52,24,58,54,4,71,30,41,193,22,171
S01006727,413,10,5,5,14,6,4,2,2,27,7,2,2,3,13,40,33,7,70,2,26,21,21,46,31,15,38,37,1,48,21,27,120,6,114
S01006728,367,23,15,8,38,9,16,4,9,28,14,4,2,1,7,37,27,10,58,4,28,18,8,44,34,10,31,29,2,38,14,24,70,8,62
S01006729,360,12,8,4,24,5,9,4,6,31,11,3,4,2,11,30,20,10,59,4,23,13,19,52,41,11,22,19,3,33,9,24,97,6,91
S01006730,389,16,7,9,33,9,13,6,5,38,10,4,3,4,17,50,36,14,60,1,27,19,13,46,37,9,29,24,5,41,15,26,76,5,71
S01006731,291,16,5,11,14,3,5,0,6,30,11,5,5,1,8,36,29,7,57,4,25,20,8,34,22,12,22,14,8,39,6,33,43,4,39
S01006732,542,71,47,24,128,45,30,20,33,77,12,3,8,8,46,61,49,12,64,20,29,9,6,31,18,13,33,30,3,19,11,8,58,26,32
S01006733,465,54,36,18,151,58,36,20,37,73,21,2,5,4,41,71,52,19,30,1,16,10,3,25,14,11,22,19,3,25,14,11,14,0,14
S01006734,527,56,36,20,168,55,40,24,49,83,14,5,5,11,48,65,47,18,46,0,24,17,5,28,24,4,23,15,8,33,20,13,25,1,24
S01006735,288,35,27,8,89,37,18,19,15,48,7,1,4,5,31,39,24,15,20,1,6,12,1,12,12,0,16,15,1,17,10,7,12,1,11
S01006736,653,67,49,18,173,59,31,30,53,114,27,14,12,8,53,95,68,27,58,0,29,24,5,46,27,19,34,30,4,39,24,15,27,0,27
S01006737,338,50,32,18,74,19,21,15,19,41,9,1,2,5,24,47,33,14,45,3,28,9,5,18,15,3,18,16,2,20,12,8,25,1,24
S01006738,577,32,19,13,73,27,10,12,24,95,18,3,11,12,51,78,63,15,84,0,56,18,10,58,41,17,41,30,11,52,26,26,64,5,59
S01006739,410,27,17,10,65,34,13,6,12,61,19,4,3,6,29,65,52,13,62,1,28,22,11,36,19,17,26,15,11,32,14,18,36,3,33
S01006740,392,16,11,5,42,8,13,12,9,52,15,6,1,5,25,57,46,11,54,3,30,18,3,31,25,6,31,23,8,52,21,31,57,5,52
S01006741,317,13,9,4,34,10,11,4,9,23,4,2,2,2,13,48,36,12,44,3,17,17,7,29,24,5,23,18,5,45,21,24,58,11,47
S01006742,208,8,5,3,25,8,7,4,6,22,9,1,2,1,9,31,22,9,19,0,7,5,7,20,14,6,20,18,2,24,10,14,39,7,32
S01006743,321,20,14,6,49,12,21,9,7,37,11,4,2,3,17,44,39,5,46,0,29,14,3,29,17,12,41,31,10,26,13,13,29,4,25
S01006744,384,23,15,8,55,14,12,11,18,46,13,0,2,7,24,49,35,14,45,3,19,13,10,40,23,17,37,31,6,45,21,24,44,2,42
S01006745,408,22,12,10,43,11,10,8,14,45,15,3,6,3,18,48,37,11,58,0,21,22,15,40,32,8,35,29,6,52,18,34,65,3,62
S01006746,426,16,8,8,42,8,19,7,8,41,11,3,4,3,20,68,51,17,59,1,23,21,14,53,33,20,54,44,10,56,30,26,37,6,31
S01006747,410,25,18,7,73,22,20,19,12,71,17,3,8,10,33,64,43,21,55,4,27,16,8,40,28,12,27,24,3,24,13,11,31,1,30
S01006748,482,44,32,12,76,22,20,16,18,60,12,1,8,4,35,63,49,14,80,0,41,24,15,45,37,8,34,24,10,37,16,21,43,3,40
S01006749,513,29,14,15,53,18,16,3,16,60,24,3,6,3,24,75,59,16,70,2,35,22,11,53,35,18,45,39,6,57,26,31,71,5,66
S01006750,354,28,18,10,32,12,9,2,9,44,16,3,2,2,21,40,32,8,55,0,25,21,9,37,24,13,25,23,2,44,15,29,49,2,47
S01006751,250,21,15,6,28,7,9,4,8,29,13,2,1,2,11,28,23,5,30,1,17,7,5,29,22,7,26,22,4,25,9,16,34,0,34
S01006752,347,20,10,10,37,21,6,5,5,39,15,8,2,1,13,50,39,11,51,4,24,12,11,35,29,6,28,21,7,31,15,16,56,4,52
S01006753,498,42,25,17,90,35,24,8,23,73,20,7,3,10,33,61,50,11,64,5,29,17,13,29,18,11,39,33,6,49,20,29,51,2,49
S01006754,493,41,24,17,96,36,21,18,21,73,20,5,5,6,37,69,53,16,57,0,34,20,3,31,18,13,40,26,14,48,30,18,38,1,37
S01006755,440,42,25,17,85,33,16,13,23,77,19,4,4,6,44,58,49,9,64,11,29,13,11,22,13,9,23,16,7,35,23,12,34,6,28
S01006756,431,53,42,11,138,42,30,25,41,89,17,2,7,9,54,48,44,4,38,1,20,12,5,11,7,4,20,19,1,19,15,4,15,1,14
S01006757,499,34,21,13,85,28,22,17,18,103,24,7,9,10,53,77,51,26,74,0,47,16,11,26,19,7,34,25,9,33,18,15,33,0,33
S01006758,459,42,30,12,92,33,23,20,16,71,14,4,6,6,41,64,45,19,52,0,27,18,7,28,23,5,41,37,4,34,22,12,35,4,31
S01006759,352,21,15,6,63,25,13,10,15,57,18,3,8,3,25,64,46,18,45,4,26,13,2,26,19,7,29,22,7,27,6,21,20,1,19
S01006760,327,24,16,8,57,19,13,11,14,55,15,3,10,4,23,65,54,11,35,0,19,10,6,24,15,9,24,23,1,24,12,12,19,2,17
S01006761,439,33,26,7,63,17,15,15,16,74,22,6,10,5,31,72,53,19,45,0,19,18,8,23,21,2,46,36,10,47,24,23,36,2,34
S01006762,384,35,22,13,72,26,14,18,14,45,17,1,1,2,24,59,43,16,68,8,26,24,10,34,28,6,26,20,6,23,10,13,22,2,20
S01006763,569,50,38,12,102,37,21,20,24,94,31,5,10,1,47,94,80,14,68,1,38,15,14,41,26,15,46,36,10,36,16,20,38,2,36
S01006764,543,41,35,6,79,28,23,12,16,90,29,3,14,3,41,87,67,20,75,4,35,25,11,41,24,17,41,34,7,32,18,14,57,5,52
S01006765,404,27,21,6,55,24,10,12,9,75,19,4,13,8,31,63,48,15,51,0,24,20,7,33,24,9,38,34,4,29,9,20,33,0,33
S01006766,385,46,25,21,76,29,17,11,19,69,12,3,5,2,47,47,35,12,34,0,17,13,4,32,23,9,31,25,6,16,8,8,34,2,32
S01006767,424,24,18,6,57,26,12,7,12,65,26,3,5,10,21,63,50,13,60,1,27,19,13,37,24,13,46,43,3,28,15,13,44,4,40
S01006768,381,54,39,15,84,27,11,15,31,44,11,3,4,5,21,53,36,17,39,1,24,12,2,23,16,7,40,34,6,17,10,7,27,0,27
S01006769,568,35,23,12,80,25,14,20,21,83,32,4,9,4,34,77,60,17,85,3,50,26,6,59,47,12,52,49,3,49,21,28,48,3,45
S01006770,397,21,16,5,65,15,21,8,21,56,16,3,9,5,23,76,57,19,45,0,29,11,5,37,26,11,36,29,7,31,11,20,30,4,26
S01006771,289,28,17,11,45,9,7,15,14,51,13,1,5,3,29,47,33,14,38,1,22,7,8,17,13,4,31,28,3,13,7,6,19,0,19
S01006772,545,43,28,15,96,36,35,12,13,81,26,1,3,6,45,90,68,22,79,1,39,32,7,34,24,10,48,44,4,39,17,22,35,2,33
S01006773,398,31,22,9,57,14,16,11,16,63,19,5,8,5,26,68,52,16,53,0,28,16,9,26,23,3,39,32,7,39,18,21,22,2,20
S01006774,420,34,25,9,58,16,9,15,18,58,12,4,9,1,32,78,61,17,51,0,23,16,12,29,18,11,47,42,5,30,14,16,35,1,34
S01006775,373,25,16,9,48,16,16,5,11,57,15,4,9,2,27,59,41,18,39,0,21,9,9,26,16,10,29,26,3,48,26,22,42,5,37
S01006776,249,16,13,3,22,10,7,3,2,22,8,5,1,1,7,37,25,12,34,1,16,8,9,28,21,7,20,19,1,34,14,20,36,2,34
S01006777,388,25,12,13,62,17,13,19,13,46,17,2,2,3,22,68,48,20,52,0,32,18,2,33,27,6,36,31,5,25,10,15,41,1,40
S01006778,368,24,17,7,45,23,5,10,7,46,18,0,6,2,20,59,49,10,51,0,29,18,4,31,24,7,43,36,7,23,13,10,46,6,40
S01006779,311,19,12,7,28,8,6,7,7,29,7,5,1,2,14,45,35,10,37,2,14,12,9,34,29,5,28,28,0,43,16,27,48,0,48
S01006780,316,31,19,12,38,7,12,6,13,50,14,6,3,3,24,37,25,12,40,1,17,16,6,29,21,8,36,32,4,23,12,11,32,5,27
S01006781,361,29,15,14,57,18,13,16,10,36,6,5,2,1,22,64,46,18,49,1,26,13,9,27,16,11,30,26,4,23,10,13,46,0,46
S01006782,452,46,33,13,83,29,19,15,20,64,21,1,9,8,25,64,47,17,64,2,28,25,9,31,25,6,33,32,1,35,17,18,32,2,30
S01006783,320,19,12,7,42,15,9,9,9,42,11,5,2,3,21,48,28,20,44,2,19,15,8,25,18,7,39,37,2,33,13,20,28,1,27
S01006784,375,23,17,6,83,18,16,26,23,73,20,6,7,5,35,47,37,10,43,4,21,12,6,26,12,14,22,19,3,29,15,14,29,3,26
S01006785,381,37,26,11,63,22,8,19,14,56,20,2,6,2,26,59,43,16,39,0,25,10,4,28,19,9,39,30,9,21,12,9,39,2,37
S01006786,482,56,36,20,106,34,19,22,31,84,26,1,10,6,41,66,47,19,43,0,22,13,8,27,16,11,41,36,5,30,20,10,29,2,27
S01006787,361,34,21,13,55,22,6,10,17,41,10,8,4,2,17,63,46,17,48,2,24,17,5,27,20,7,29,27,2,33,13,20,31,3,28
S01006788,476,44,28,16,90,38,17,18,17,88,22,2,8,10,46,60,48,12,54,3,29,16,6,29,18,11,38,31,7,33,18,15,40,5,35
S01006789,310,44,16,28,30,6,10,5,9,33,9,3,4,5,12,25,17,8,49,10,11,14,14,42,27,15,29,28,1,30,15,15,28,3,25
S01006790,403,54,22,32,41,12,14,10,5,32,8,5,4,3,12,41,31,10,73,14,17,16,26,35,20,15,31,29,2,34,19,15,62,11,51
S01006791,274,31,10,21,34,13,8,7,6,27,2,4,4,8,9,16,8,8,84,46,12,13,13,25,13,12,11,11,0,15,8,7,31,11,20
S01006792,268,28,9,19,38,9,11,5,13,28,2,5,4,4,13,18,8,10,54,28,5,14,7,36,18,18,14,13,1,23,13,10,29,4,25
S01006793,315,63,16,47,25,6,9,7,3,23,4,2,5,5,7,22,11,11,62,12,9,18,23,29,10,19,22,20,2,18,9,9,51,6,45
S01006794,271,18,9,9,41,11,7,12,11,26,8,4,0,3,11,20,17,3,47,3,15,26,3,35,25,10,17,17,0,27,12,15,40,7,33
S01006795,335,46,20,26,89,22,20,24,23,35,5,2,5,8,15,35,24,11,37,5,16,12,4,35,27,8,10,9,1,20,15,5,28,2,26
S01006796,280,26,16,10,58,16,19,13,10,40,8,7,3,5,17,29,20,9,51,16,13,14,8,25,17,8,12,11,1,17,10,7,22,8,14
S01006797,347,53,24,29,74,21,15,19,19,42,8,3,5,9,17,28,21,7,58,14,15,16,13,36,25,11,5,5,0,23,15,8,28,11,17
S01006798,354,59,32,27,57,17,8,16,16,37,5,6,5,4,17,37,28,9,73,30,17,18,8,24,17,7,15,15,0,20,9,11,32,10,22
S01006799,445,28,16,12,51,16,13,11,11,60,10,12,9,7,22,46,27,19,74,11,23,28,12,56,42,14,40,37,3,41,18,23,49,8,41
S01006800,434,54,38,16,115,54,24,12,25,54,9,4,3,14,24,36,26,10,63,20,21,20,2,21,13,8,30,28,2,24,17,7,37,10,27
S01006801,476,46,35,11,102,33,21,35,13,53,8,2,7,5,31,56,32,24,91,28,37,17,9,33,22,11,20,15,5,41,21,20,34,16,18
S01006802,350,35,23,12,51,18,11,14,8,29,4,3,2,7,13,29,23,6,75,24,19,25,7,38,27,11,21,15,6,32,15,17,40,18,22
S01006803,342,25,13,12,33,8,10,7,8,38,9,3,8,3,15,30,26,4,71,5,33,19,14,49,36,13,24,20,4,34,10,24,38,6,32
S01006804,408,41,31,10,79,23,19,19,18,52,9,9,7,2,25,41,29,12,62,4,36,19,3,38,29,9,17,11,6,43,27,16,35,6,29
S01006805,617,52,24,28,98,32,23,20,23,72,17,9,13,8,25,56,39,17,104,28,34,32,10,70,47,23,40,36,4,64,40,24,61,16,45
S01006806,580,57,33,24,113,37,31,27,18,54,7,3,10,5,29,66,46,20,108,32,39,27,10,48,37,11,21,17,4,60,31,29,53,22,31
S01006807,343,29,15,14,58,15,18,11,14,48,10,8,7,10,13,40,27,13,52,15,16,13,8,32,23,9,14,14,0,33,17,16,37,14,23
S01006808,326,46,27,19,72,24,12,19,17,49,12,6,2,8,21,38,24,14,45,16,18,7,4,31,26,5,9,9,0,18,11,7,18,4,14
S01006809,374,41,22,19,39,5,11,15,8,48,13,8,4,2,21,37,31,6,50,8,18,18,6,37,26,11,22,21,1,46,17,29,54,14,40
S01006810,441,47,18,29,97,22,15,34,26,58,6,8,2,11,31,27,21,6,76,19,18,26,13,34,27,7,30,28,2,46,25,21,26,11,15
S01006811,581,62,39,23,135,51,26,41,17,79,19,5,4,15,36,55,37,18,87,26,32,23,6,34,27,7,21,16,5,52,35,17,56,12,44
S01006812,441,36,19,17,84,30,16,21,17,55,22,6,5,2,20,46,34,12,79,27,30,20,2,31,21,10,26,21,5,47,16,31,37,13,24
S01006813,417,39,22,17,45,21,7,9,8,54,14,3,3,5,29,37,31,6,82,10,31,26,15,38,27,11,31,30,1,49,22,27,42,7,35
S01006814,417,56,38,18,92,34,14,16,28,66,9,6,5,5,41,45,29,16,54,2,31,15,6,30,26,4,27,23,4,24,16,8,23,2,21
S01006815,290,21,16,5,22,6,2,6,8,37,13,2,3,2,17,30,22,8,46,7,15,16,8,31,25,6,28,24,4,27,10,17,48,11,37
S01006816,372,50,35,15,54,14,12,16,12,49,7,5,11,2,24,43,37,6,50,4,18,20,8,38,23,15,28,26,2,32,21,11,28,6,22
S01006817,365,29,19,10,75,27,16,14,18,40,6,5,4,4,21,25,20,5,61,20,25,10,6,28,21,7,16,15,1,31,16,15,60,35,25
S01006818,414,47,30,17,73,29,12,24,8,50,11,3,1,1,34,48,32,16,85,27,28,20,10,30,25,5,21,19,2,30,18,12,30,17,13
S01006819,492,64,44,20,106,41,15,21,29,77,19,10,4,4,40,47,33,14,82,41,18,16,7,36,29,7,11,9,2,28,9,19,41,10,31
S01006820,257,36,25,11,75,25,12,16,22,25,7,1,3,2,12,38,25,13,31,2,14,7,8,12,9,3,8,7,1,19,11,8,13,3,10
S01006821,358,60,30,30,72,24,11,17,20,43,11,3,5,2,22,43,29,14,51,20,18,10,3,19,14,5,15,15,0,34,15,19,21,3,18
S01006822,451,64,44,20,83,30,21,19,13,59,10,4,3,7,35,40,23,17,79,27,19,19,14,35,23,12,30,26,4,29,12,17,32,9,23
S01006823,369,26,17,9,109,39,21,22,27,58,11,5,8,6,28,52,35,17,43,2,18,12,11,19,17,2,22,21,1,18,11,7,22,2,20
S01006824,414,21,16,5,36,3,12,7,14,43,11,6,2,2,22,39,27,12,76,8,23,28,17,51,44,7,29,28,1,46,21,25,73,10,63
S01006825,475,23,18,5,71,16,19,24,12,60,19,6,3,3,29,71,48,23,62,4,33,20,5,54,42,12,37,34,3,44,21,23,53,5,48
S01006826,492,59,34,25,106,30,21,31,24,70,15,9,9,8,29,55,40,15,55,3,27,16,9,33,26,7,41,37,4,33,22,11,40,7,33
S01006827,459,38,19,19,84,30,9,27,18,53,21,8,1,3,20,59,44,15,59,3,33,15,8,45,36,9,28,26,2,29,14,15,64,10,54
S01006828,504,52,26,26,81,24,17,22,18,56,19,5,6,1,25,75,58,17,89,10,43,23,13,40,34,6,35,31,4,28,18,10,48,5,43
S01006829,238,24,17,7,67,29,13,13,12,51,8,5,10,1,27,20,14,6,25,0,16,7,2,15,11,4,9,8,1,14,8,6,13,3,10
S01006830,403,23,15,8,60,16,22,11,11,52,16,2,6,3,25,55,37,18,59,4,25,22,8,35,27,8,55,48,7,26,12,14,38,5,33
S01006831,267,28,14,14,60,18,15,16,11,39,9,4,6,5,15,40,30,10,27,1,10,8,8,17,14,3,26,20,6,15,10,5,15,0,15
S01006832,526,84,56,28,122,38,22,32,30,69,17,11,3,5,33,63,52,11,53,3,30,8,12,44,31,13,25,24,1,30,18,12,36,6,30
S01006833,219,28,19,9,72,20,20,19,13,35,8,4,0,2,21,23,17,6,19,2,9,4,4,6,5,1,12,12,0,9,6,3,15,1,14
S01006834,305,52,28,24,78,21,20,14,23,58,9,5,11,4,29,30,24,6,24,1,12,8,3,12,9,3,16,14,2,13,7,6,22,2,20
S01006835,403,51,33,18,84,22,17,22,23,62,23,5,4,5,25,25,20,5,61,5,32,10,14,37,25,12,32,30,2,22,13,9,29,2,27
S01006836,295,31,22,9,76,25,15,14,22,49,9,1,6,4,29,33,23,10,31,7,10,6,8,18,13,5,25,19,6,13,10,3,19,2,17
S01006837,312,31,21,10,68,27,12,12,17,41,8,4,5,5,19,38,30,8,43,1,24,12,6,21,16,5,18,18,0,19,10,9,33,4,29
S01006838,370,28,21,7,85,31,11,22,21,51,13,2,7,3,26,44,37,7,56,1,23,25,7,26,18,8,27,25,2,21,14,7,32,2,30
S01006839,588,40,26,14,98,27,17,30,24,91,20,11,9,11,40,90,73,17,80,4,41,20,15,52,41,11,60,53,7,31,14,17,46,4,42
S01006840,559,56,34,22,125,34,30,22,39,96,19,4,9,9,55,84,53,31,68,3,35,23,7,36,25,11,34,29,5,35,18,17,25,1,24
S01006841,556,44,27,17,126,37,35,34,20,90,22,7,6,9,46,84,61,23,53,0,33,15,5,37,30,7,48,45,3,35,8,27,39,5,34
S01006842,497,38,25,13,75,29,22,10,14,70,19,6,6,4,35,96,69,27,64,2,36,19,7,29,22,7,47,43,4,38,21,17,40,2,38
S01006843,514,37,26,11,66,20,13,13,20,68,20,4,6,3,35,107,80,27,67,2,34,25,6,41,24,17,56,47,9,41,22,19,31,0,31
S01006844,454,26,16,10,52,25,10,8,9,69,15,5,5,7,37,79,67,12,63,4,34,14,11,46,32,14,40,36,4,39,20,19,40,1,39
S01006845,605,57,38,19,99,27,19,23,30,85,14,5,10,6,50,99,75,24,84,2,54,17,11,43,36,7,58,56,2,39,20,19,41,3,38
S01006846,345,21,15,6,45,7,18,9,11,35,9,1,2,3,20,51,40,11,68,3,35,18,12,29,19,10,39,36,3,27,11,16,30,2,28
S01006847,413,37,24,13,64,27,13,9,15,63,19,6,5,3,30,63,49,14,58,2,32,17,7,37,22,15,41,39,2,24,15,9,26,2,24
S01006848,486,81,48,33,113,49,21,19,24,55,8,3,0,7,37,46,31,15,50,8,23,14,5,20,17,3,19,16,3,50,20,30,52,6,46
S01006849,583,63,45,18,110,45,20,15,30,100,28,3,6,5,58,84,66,18,74,1,41,21,11,44,32,12,28,23,5,41,19,22,39,4,35
S01006850,602,45,31,14,71,18,19,12,22,78,22,8,12,5,31,80,66,14,94,3,37,27,27,55,45,10,79,73,6,46,11,35,54,4,50
S01006851,424,27,18,9,43,13,9,8,13,58,10,4,6,5,33,70,55,15,56,6,32,15,3,34,26,8,39,35,4,44,23,21,53,5,48
S01006852,339,44,27,17,54,18,15,12,9,51,14,3,2,6,26,49,29,20,50,8,22,7,13,16,10,6,30,27,3,25,16,9,20,2,18
S01006853,473,74,41,33,146,49,33,33,31,52,5,2,1,8,36,43,28,15,59,10,19,15,15,31,24,7,12,12,0,33,14,19,23,4,19
S01006854,434,48,37,11,89,26,22,19,22,58,9,3,1,3,42,48,38,10,65,7,25,23,10,32,23,9,34,29,5,34,16,18,26,4,22
S01006855,427,72,48,24,100,35,25,16,24,64,13,1,4,10,36,48,35,13,66,33,11,18,4,25,16,9,14,12,2,10,3,7,28,12,16
S01006856,373,54,38,16,88,25,25,20,18,45,8,4,4,5,24,37,23,14,65,19,22,16,8,27,18,9,20,14,6,17,7,10,20,5,15
S01006857,580,71,36,35,118,31,24,32,31,70,15,6,5,9,35,65,44,21,128,54,38,29,7,35,26,9,19,19,0,29,14,15,45,17,28
S01006858,354,33,18,15,93,29,24,24,16,46,8,4,2,2,30,37,31,6,66,24,18,15,9,20,15,5,7,7,0,27,10,17,25,4,21
S01006859,569,86,62,24,143,42,20,39,42,91,25,7,6,10,43,64,39,25,52,6,17,22,7,47,31,16,25,25,0,30,23,7,31,5,26
S01006860,291,14,11,3,36,12,11,6,7,23,2,2,3,3,13,22,17,5,45,6,13,21,5,38,30,8,35,33,2,29,8,21,49,5,44
S01006861,319,40,29,11,90,36,10,12,32,54,10,3,6,6,29,36,31,5,23,1,10,10,2,17,10,7,20,17,3,15,11,4,24,6,18
S01006862,365,32,16,16,65,22,11,11,21,46,2,5,4,8,27,39,24,15,54,6,23,17,8,37,29,8,33,30,3,28,13,15,31,3,28
S01006863,346,25,18,7,49,7,18,9,15,37,11,4,3,2,17,39,27,12,71,6,27,32,6,26,23,3,27,26,1,26,12,14,46,11,35
S01006864,230,22,12,10,37,11,8,6,12,35,7,6,7,1,14,23,18,5,30,1,13,12,4,28,17,11,20,18,2,17,12,5,18,2,16
S01006865,502,69,42,27,111,42,19,22,28,61,11,2,3,7,38,33,22,11,78,14,15,31,18,35,23,12,34,32,2,32,18,14,49,7,42
S01006866,255,18,13,5,61,16,14,19,12,55,9,9,3,9,25,29,26,3,29,4,8,10,7,20,15,5,13,13,0,8,6,2,22,4,18
S01006867,330,46,32,14,108,38,21,27,22,54,11,7,1,7,28,31,22,9,33,3,8,15,7,21,14,7,11,11,0,6,4,2,20,1,19
S01006868,443,34,24,10,80,26,18,25,11,56,11,8,5,5,27,39,27,12,68,12,28,21,7,37,27,10,35,32,3,37,21,16,57,6,51
S01006869,262,23,12,11,47,16,10,6,15,32,7,0,4,4,17,29,23,6,37,11,8,15,3,20,13,7,14,13,1,29,14,15,31,2,29
S01006870,243,25,13,12,52,13,20,10,9,30,7,2,2,5,14,22,18,4,37,6,13,15,3,21,16,5,25,23,2,15,7,8,16,3,13
S01006871,338,37,29,8,78,28,19,15,16,57,11,6,8,3,29,31,27,4,47,3,18,23,3,32,22,10,17,15,2,16,10,6,23,4,19
S01006872,373,51,35,16,113,38,31,18,26,45,7,2,4,8,24,37,28,9,58,24,15,15,4,15,13,2,12,11,1,13,9,4,29,8,21
S01006873,402,53,32,21,100,31,32,11,26,56,3,8,1,10,34,29,17,12,73,25,24,16,8,26,22,4,19,16,3,12,4,8,34,12,22
S01006874,336,39,28,11,70,26,13,11,20,30,12,4,1,4,9,29,25,4,66,28,13,21,4,34,25,9,19,19,0,25,16,9,24,7,17
S01006875,319,22,10,12,62,11,18,18,15,28,10,4,1,3,10,22,12,10,73,18,21,25,9,25,18,7,18,16,2,34,15,19,35,5,30
S01006876,538,53,32,21,93,25,20,25,23,50,13,3,1,6,27,49,32,17,113,38,29,31,15,50,37,13,34,31,3,43,23,20,53,16,37
S01006877,532,45,24,21,114,33,27,25,29,75,11,2,11,13,38,51,32,19,117,52,30,25,10,41,29,12,27,25,2,27,15,12,35,8,27
S01006878,380,38,21,17,51,12,17,13,9,42,6,6,4,11,15,21,18,3,106,56,8,27,15,34,25,9,15,12,3,31,15,16,42,18,24
S01006879,426,47,31,16,78,23,16,22,17,37,4,3,4,7,19,33,24,9,102,50,13,27,12,40,22,18,20,19,1,27,16,11,42,14,28
S01006880,353,47,26,21,85,27,14,18,26,60,10,5,4,9,32,41,27,14,45,17,19,6,3,22,13,9,19,16,3,25,18,7,9,3,6
S01006881,327,49,33,16,60,21,12,12,15,37,6,0,5,6,20,36,26,10,60,23,14,17,6,20,19,1,16,16,0,21,11,10,28,11,17
S01006882,179,8,6,2,19,1,11,4,3,22,6,4,3,0,9,20,11,9,27,2,7,16,2,23,16,7,10,9,1,30,15,15,20,2,18
S01006883,240,23,15,8,45,14,12,14,5,27,10,3,3,1,10,25,16,9,41,7,11,17,6,21,13,8,20,17,3,14,6,8,24,7,17
S01006884,458,40,26,14,72,21,15,24,12,60,19,5,2,8,26,52,38,14,65,5,29,25,6,52,42,10,26,25,1,41,25,16,50,9,41
S01006885,271,33,20,13,57,19,12,16,10,35,8,0,6,3,18,30,20,10,49,17,10,15,7,21,14,7,15,15,0,18,8,10,13,5,8
S01006886,406,50,33,17,103,31,25,28,19,55,10,10,0,7,28,30,20,10,63,16,19,15,13,31,22,9,20,17,3,24,12,12,30,5,25
S01006887,315,43,30,13,71,16,20,17,18,39,8,4,3,7,17,35,22,13,47,10,17,16,4,21,14,7,14,11,3,22,12,10,23,7,16
S01006888,437,40,23,17,95,36,17,24,18,65,9,11,1,6,38,45,34,11,87,29,33,19,6,37,34,3,13,10,3,21,12,9,34,10,24
S01006889,411,23,15,8,32,13,6,3,10,39,17,7,0,5,10,37,31,6,68,1,29,23,15,41,33,8,45,39,6,56,22,34,70,11,59
S01006890,359,38,27,11,76,28,15,15,18,59,15,2,4,3,35,54,40,14,48,2,21,15,10,25,16,9,17,16,1,18,10,8,24,6,18
S01006891,518,52,38,14,95,37,19,19,20,62,17,8,4,4,29,49,44,5,79,6,41,18,14,44,34,10,37,34,3,37,16,21,63,9,54
S01006892,329,16,12,4,45,11,19,5,10,38,14,7,3,1,13,40,32,8,56,5,26,17,8,33,29,4,25,24,1,38,15,23,38,5,33
S01006893,272,28,20,8,27,6,7,7,7,21,7,1,0,4,9,30,25,5,39,1,18,13,7,31,26,5,36,34,2,25,8,17,35,2,33
S01006894,477,27,19,8,79,23,25,15,16,80,19,14,7,5,35,61,50,11,86,3,38,39,6,34,26,8,37,35,2,28,12,16,45,8,37
S01006895,310,23,18,5,34,15,7,6,6,30,13,2,0,5,10,37,31,6,71,8,30,19,14,26,19,7,17,17,0,24,16,8,48,13,35
S01006896,447,30,22,8,66,18,15,15,18,59,18,7,8,4,22,58,46,12,74,3,32,32,7,40,28,12,38,33,5,26,12,14,56,10,46
S01006897,428,28,19,9,63,23,11,8,21,62,21,5,5,4,27,52,40,12,77,4,42,25,6,30,23,7,47,43,4,31,18,13,38,6,32
S01006898,430,31,21,10,69,20,10,25,14,53,16,8,4,3,22,70,59,11,59,1,32,21,5,29,18,11,30,26,4,43,17,26,46,8,38
S01006899,385,31,23,8,71,21,19,11,20,75,18,6,8,6,37,60,49,11,42,1,23,13,5,22,14,8,31,28,3,26,10,16,27,4,23
S01006900,373,30,24,6,52,24,10,7,11,42,12,3,5,4,18,48,37,11,65,1,38,21,5,33,25,8,41,32,9,39,16,23,23,1,22
S01006901,345,24,13,11,32,8,5,12,7,46,15,7,3,2,19,40,30,10,63,0,14,34,15,31,24,7,37,33,4,34,13,21,38,7,31
S01006902,371,24,17,7,46,13,13,10,10,57,8,9,6,5,29,41,32,9,60,1,28,24,7,30,25,5,44,42,2,26,10,16,43,9,34
S01006903,425,24,15,9,61,16,18,15,12,41,12,6,4,6,13,49,37,12,74,5,24,33,12,41,37,4,37,36,1,29,9,20,69,9,60
S01006904,361,33,23,10,56,13,9,12,22,40,17,5,3,2,13,32,28,4,64,3,28,19,14,38,27,11,37,32,5,23,10,13,38,6,32
S01006905,438,49,33,16,85,19,22,23,21,48,9,4,3,9,23,46,30,16,64,3,29,22,10,33,26,7,38,37,1,29,9,20,46,9,37
S01006906,385,17,12,5,29,12,5,7,5,44,19,5,3,4,13,34,24,10,65,4,24,30,7,55,37,18,42,37,5,31,13,18,68,11,57
S01006907,375,34,21,13,36,6,6,8,16,41,3,7,1,6,24,50,40,10,74,1,37,15,21,24,17,7,33,31,2,29,14,15,54,20,34
S01006908,446,29,21,8,61,13,11,25,12,43,14,5,2,2,20,46,39,7,90,3,32,35,20,46,30,16,47,41,6,29,10,19,55,24,31
S01006909,443,54,33,21,99,34,25,20,20,77,13,4,16,4,40,57,45,12,69,9,28,23,9,24,16,8,19,15,4,27,14,13,17,1,16
S01006910,526,63,46,17,134,37,29,27,41,79,16,11,7,11,34,54,41,13,83,18,37,23,5,33,18,15,30,25,5,29,10,19,21,6,15
S01006911,388,39,31,8,112,38,22,17,35,77,15,5,11,3,43,36,27,9,39,1,23,12,3,23,17,6,23,20,3,19,12,7,20,2,18
S01006912,273,34,17,17,56,16,7,14,19,38,12,4,2,3,17,20,11,9,50,21,12,13,4,17,13,4,16,16,0,8,5,3,34,11,23
S01006913,321,36,27,9,72,28,12,11,21,48,10,4,2,5,27,47,41,6,43,11,17,10,5,17,12,5,22,20,2,19,11,8,17,4,13
S01006914,452,42,29,13,103,33,14,27,29,67,9,2,9,12,35,35,27,8,77,19,33,17,8,27,21,6,21,18,3,27,15,12,53,21,32
S01006915,474,42,27,15,100,35,20,21,24,68,17,3,8,10,30,56,38,18,83,20,32,26,5,32,23,9,21,18,3,32,16,16,40,8,32
S01006916,297,24,17,7,57,18,18,10,11,49,9,5,11,3,21,33,26,7,42,1,24,13,4,17,15,2,23,17,6,27,17,10,25,5,20
S01006917,552,72,50,22,145,55,40,14,36,110,18,7,12,7,66,77,64,13,57,2,30,20,5,19,13,6,25,17,8,25,15,10,22,4,18
S01006918,259,24,18,6,60,20,14,14,12,48,8,3,6,4,27,33,25,8,33,1,22,10,0,24,14,10,8,4,4,13,9,4,16,1,15
S01006919,259,24,14,10,56,17,11,18,10,34,11,5,1,6,11,36,22,14,41,1,17,17,6,19,14,5,17,16,1,16,8,8,16,2,14
S01006920,263,25,20,5,45,19,8,12,6,37,12,3,4,4,14,39,31,8,31,3,14,10,4,30,20,10,20,16,4,16,7,9,20,2,18
S01006921,466,43,31,12,103,28,22,27,26,94,18,10,15,6,45,57,48,9,45,1,27,12,5,26,20,6,36,24,12,32,14,18,30,2,28
S01006922,269,43,30,13,53,21,15,3,14,32,12,1,1,5,13,20,13,7,36,11,8,14,3,13,12,1,20,15,5,25,11,14,27,9,18
S01006923,395,54,43,11,79,24,18,15,22,51,11,12,3,6,19,43,32,11,56,7,20,23,6,30,17,13,30,26,4,29,9,20,23,1,22
S01006924,338,55,34,21,70,19,13,24,14,46,11,2,1,5,27,26,22,4,59,27,20,6,6,27,22,5,13,10,3,22,11,11,20,8,12
S01006925,276,26,19,7,53,17,12,8,16,42,15,1,2,3,21,42,29,13,41,1,18,18,4,18,16,2,22,22,0,15,7,8,17,5,12
S01006926,426,45,37,8,89,36,15,14,24,73,19,0,9,1,44,71,56,15,48,0,29,9,10,24,19,5,24,21,3,31,13,18,21,2,19
S01006927,614,52,35,17,166,60,30,28,48,131,29,1,17,11,73,89,74,15,62,2,34,19,7,29,14,15,31,20,11,35,27,8,19,3,16
S01006928,623,52,32,20,120,42,31,22,25,93,18,8,12,8,47,69,58,11,104,12,61,22,9,43,28,15,28,23,5,50,25,25,64,8,56
S01006929,467,76,62,14,144,44,30,24,46,69,12,2,5,7,43,60,39,21,25,4,13,8,0,23,17,6,39,35,4,10,8,2,21,1,20
S01006930,529,67,50,17,129,41,30,27,31,95,17,6,9,11,52,80,54,26,45,2,29,9,5,20,15,5,41,38,3,30,18,12,22,2,20
S01006931,219,28,15,13,55,13,16,12,14,32,7,2,2,4,17,24,16,8,24,7,11,5,1,13,7,6,18,16,2,8,3,5,17,6,11
S01006932,339,38,28,10,73,23,19,12,19,62,14,1,2,3,42,50,40,10,28,2,12,10,4,26,17,9,18,16,2,23,14,9,21,2,19
S01006933,388,22,12,10,100,35,18,24,23,54,12,5,2,5,30,57,39,18,31,1,15,15,0,35,27,8,37,34,3,23,13,10,29,0,29
S01006934,313,32,29,3,81,28,19,20,14,38,9,3,5,4,17,32,21,11,49,12,22,9,6,20,13,7,11,9,2,25,11,14,25,9,16
S01006935,392,35,23,12,101,16,27,32,26,61,12,7,6,5,31,58,43,15,41,2,17,17,5,21,17,4,28,26,2,17,9,8,30,5,25
S01006936,339,26,19,7,74,23,17,18,16,64,14,1,6,5,38,55,40,15,26,0,14,10,2,29,19,10,29,26,3,19,7,12,17,4,13
S01006937,441,33,24,9,75,21,15,15,24,78,20,4,4,6,44,68,50,18,58,3,27,16,12,43,37,6,34,30,4,26,13,13,26,3,23
S01006938,300,18,15,3,64,17,16,15,16,49,15,5,4,3,22,43,31,12,36,2,16,14,4,26,17,9,27,23,4,12,3,9,25,5,20
S01006939,365,36,30,6,75,23,13,16,23,51,16,2,6,9,18,57,42,15,32,0,17,8,7,31,25,6,34,27,7,23,13,10,26,1,25
S01006940,551,45,26,19,138,47,34,20,37,83,27,6,3,3,44,79,62,17,58,2,21,24,11,38,28,10,41,35,6,27,11,16,42,0,42
S01006941,336,23,15,8,59,19,15,9,16,45,7,7,4,3,24,60,41,19,39,1,25,9,4,27,18,9,27,25,2,28,15,13,28,6,22
S01006942,606,70,50,20,127,41,34,18,34,98,31,1,7,8,51,92,66,26,54,3,29,14,8,55,37,18,47,42,5,22,12,10,41,5,36
S01006943,360,53,43,10,112,45,21,19,27,76,6,1,11,6,52,29,26,3,22,0,17,2,3,26,17,9,14,14,0,12,9,3,16,1,15
S01006944,537,49,37,12,121,54,24,17,26,100,20,9,8,9,54,90,71,19,56,2,32,15,7,33,18,15,25,21,4,31,21,10,32,6,26
S01006945,297,33,27,6,79,26,12,14,27,43,14,1,3,7,18,46,28,18,26,3,13,7,3,20,14,6,15,15,0,16,6,10,19,2,17
S01006946,490,55,39,16,109,34,22,25,28,102,31,9,5,7,50,58,47,11,50,3,29,16,2,38,27,11,20,20,0,29,19,10,29,2,27
S01006947,529,47,35,12,105,36,27,16,26,96,23,5,13,7,48,75,51,24,55,5,35,10,5,37,30,7,40,32,8,38,22,16,36,2,34
S01006948,481,60,39,21,84,25,19,19,21,63,11,5,3,4,40,64,51,13,67,15,31,14,7,41,36,5,27,26,1,34,17,17,41,9,32
S01006949,378,53,32,21,100,34,25,20,21,62,13,6,4,6,33,33,30,3,47,15,12,17,3,24,19,5,21,17,4,18,13,5,20,5,15
S01006950,330,34,24,10,78,26,15,11,26,70,20,2,8,5,35,32,21,11,37,1,22,12,2,20,11,9,16,10,6,24,17,7,19,5,14
S01006951,292,23,14,9,42,9,12,7,14,39,11,7,3,3,15,48,37,11,37,1,22,10,4,23,17,6,18,15,3,31,18,13,31,2,29
S01006952,473,48,32,16,67,22,10,12,23,60,13,6,4,6,31,65,55,10,76,17,32,21,6,35,29,6,32,29,3,55,18,37,35,4,31
S01006953,481,59,36,23,96,33,20,13,30,85,20,2,4,10,49,62,47,15,52,4,27,12,9,28,21,7,33,29,4,30,15,15,36,4,32
S01006954,491,54,36,18,95,27,28,18,22,67,18,4,4,5,36,73,54,19,67,3,41,18,5,36,23,13,29,24,5,36,17,19,34,2,32
S01006955,351,31,25,6,62,18,19,12,13,54,17,2,13,1,21,35,28,7,50,0,29,18,3,38,27,11,26,20,6,25,8,17,30,1,29
S01006956,653,64,39,25,146,43,38,29,36,125,38,8,10,8,61,70,52,18,80,1,42,22,15,43,27,16,45,38,7,45,28,17,35,3,32
S01006957,619,71,42,29,149,47,38,37,27,81,15,7,6,5,48,93,63,30,83,16,41,20,6,36,27,9,34,30,4,46,25,21,26,5,21
S01006958,444,36,27,9,105,21,24,32,28,64,20,6,3,1,34,44,36,8,59,3,35,15,6,33,27,6,31,26,5,37,15,22,35,5,30
S01006959,320,30,20,10,50,13,11,14,12,38,7,11,3,3,14,34,27,7,42,0,15,13,14,32,23,9,25,18,7,36,15,21,33,7,26
S01006960,556,78,65,13,119,33,29,27,30,87,19,4,15,4,45,61,44,17,59,6,26,17,10,43,29,14,47,35,12,29,15,14,33,1,32
S01006961,564,57,43,14,129,36,33,31,29,121,30,6,10,7,68,62,51,11,59,3,35,17,4,34,24,10,44,38,6,30,17,13,28,5,23
S01006962,482,31,22,9,91,27,15,23,26,71,23,8,5,8,27,60,38,22,70,6,29,26,9,37,29,8,36,30,6,43,18,25,43,4,39
S01006963,378,32,21,11,60,10,11,22,17,65,17,5,8,1,34,45,29,16,51,1,24,19,7,41,29,12,38,35,3,26,15,11,20,0,20
S01006964,484,26,16,10,70,17,15,22,16,71,26,7,4,9,25,59,48,11,91,2,33,44,12,39,28,11,39,35,4,47,22,25,42,8,34
S01006965,261,26,19,7,59,14,15,21,9,36,10,1,3,4,18,25,17,8,46,4,20,17,5,21,16,5,17,16,1,16,10,6,15,1,14
S01006966,324,16,11,5,37,7,13,6,11,26,6,5,4,2,9,39,33,6,57,6,21,17,13,33,24,9,43,41,2,25,11,14,48,7,41
S01006967,385,32,21,11,72,21,13,20,18,49,14,5,6,5,19,48,37,11,55,4,24,19,8,37,21,16,33,32,1,30,14,16,29,1,28
S01006968,308,14,12,2,39,9,8,9,13,32,13,4,3,1,11,36,26,10,59,5,21,29,4,24,16,8,42,40,2,25,7,18,37,4,33
S01006969,506,45,25,20,76,19,16,21,20,60,20,7,7,3,23,67,50,17,80,1,37,33,9,43,29,14,38,36,2,49,18,31,48,3,45
S01006970,413,46,32,14,84,23,20,22,19,56,15,4,6,3,28,72,49,23,53,1,27,13,12,34,26,8,26,25,1,19,15,4,23,2,21
S01006971,256,23,16,7,29,3,13,7,6,32,9,1,0,1,21,28,15,13,40,1,15,17,7,23,18,5,18,16,2,28,13,15,35,8,27
S01006972,309,36,24,12,58,17,13,13,15,38,9,1,3,5,20,45,35,10,47,20,13,12,2,16,11,5,17,16,1,23,12,11,29,10,19
S01006973,305,43,32,11,63,16,15,19,13,51,7,5,8,3,28,37,30,7,35,3,12,15,5,16,14,2,9,8,1,16,9,7,35,4,31
S01006974,594,66,43,23,143,45,38,27,33,87,20,4,9,7,47,72,57,15,73,6,30,27,10,52,45,7,32,26,6,37,25,12,32,1,31
S01006975,584,65,46,19,105,33,22,34,16,64,8,3,6,5,42,66,42,24,116,27,43,32,14,51,41,10,25,24,1,45,20,25,47,16,31
S01006976,276,38,24,14,51,19,8,11,13,34,9,3,8,2,12,29,20,9,48,21,16,9,2,18,12,6,19,15,4,16,7,9,23,3,20
S01006977,484,53,28,25,79,23,16,22,18,64,14,5,5,7,33,45,29,16,92,27,30,27,8,39,27,12,32,28,4,33,23,10,47,18,29
S01006978,471,49,29,20,89,33,22,16,18,58,9,3,2,5,39,47,35,12,90,27,31,24,8,29,25,4,28,24,4,40,20,20,41,19,22
S01006979,439,48,30,18,89,30,22,21,16,52,11,7,7,1,26,40,31,9,88,16,38,26,8,31,28,3,25,25,0,30,10,20,36,9,27
S01006980,483,52,40,12,92,38,18,17,19,60,11,2,9,8,30,60,46,14,82,19,32,24,7,41,27,14,26,25,1,36,12,24,34,12,22
S01006981,487,58,44,14,93,22,21,27,23,64,14,6,5,5,34,49,33,16,74,24,20,22,8,30,24,6,23,21,2,40,11,29,56,18,38
S01006982,509,45,32,13,86,23,27,19,17,76,17,6,13,2,38,66,48,18,74,12,30,22,10,34,24,10,35,31,4,56,24,32,37,4,33
S01006983,426,46,34,12,71,19,23,17,12,70,23,2,6,5,34,51,39,12,74,14,24,29,7,33,27,6,21,18,3,31,18,13,29,4,25
S01006984,425,39,20,19,106,33,29,14,30,72,21,1,3,9,38,45,29,16,72,13,26,25,8,29,23,6,16,15,1,23,12,11,23,6,17
S01006985,555,48,28,20,93,23,17,25,28,64,14,10,5,8,27,62,51,11,97,9,43,30,15,55,44,11,32,31,1,50,16,34,54,12,42
S01006986,364,25,18,7,79,23,18,12,26,49,8,5,2,2,32,47,35,12,57,4,23,23,7,30,22,8,22,19,3,27,11,16,28,5,23
S01006987,333,31,15,16,69,20,16,14,19,50,11,3,8,3,25,36,27,9,41,2,14,12,13,25,14,11,25,20,5,17,8,9,39,6,33
S01006988,345,34,20,14,73,20,17,15,21,47,5,4,11,3,24,35,31,4,61,19,23,15,4,27,21,6,18,15,3,18,7,11,32,4,28
S01006989,588,73,53,20,131,38,27,31,35,82,14,9,6,6,47,62,43,19,91,19,30,35,7,38,27,11,39,35,4,39,22,17,33,8,25
S01006990,519,69,48,21,126,44,22,33,27,81,18,8,8,2,45,76,56,20,74,16,34,14,10,28,22,6,21,21,0,26,18,8,18,1,17
S01006991,206,12,7,5,27,13,4,5,5,21,6,2,2,3,8,18,16,2,43,12,8,18,5,21,16,5,15,14,1,19,8,11,30,9,21
S01006992,356,37,24,13,79,19,19,20,21,46,14,2,4,8,18,36,28,8,65,27,16,15,7,18,15,3,18,18,0,23,8,15,34,13,21
S01006993,313,17,15,2,33,9,5,8,11,55,8,6,8,6,27,32,23,9,85,37,27,14,7,25,20,5,11,10,1,20,13,7,35,10,25
S01006994,349,19,13,6,64,19,15,12,18,55,8,5,4,9,29,39,29,10,62,16,23,14,9,15,10,5,20,19,1,29,15,14,46,22,24
S01006995,504,49,31,18,83,27,19,19,18,60,10,9,4,5,32,52,39,13,108,41,31,24,12,33,24,9,26,22,4,42,25,17,51,22,29
S01006996,427,41,27,14,44,20,9,5,10,52,17,3,2,6,24,51,37,14,91,4,35,42,10,33,25,8,24,23,1,40,15,25,51,11,40
S01006997,466,59,43,16,94,31,29,22,12,77,17,6,3,12,39,51,40,11,66,19,22,14,11,34,25,9,21,18,3,33,18,15,31,6,25
S01006998,643,58,35,23,128,37,27,24,40,96,24,6,10,9,47,70,51,19,131,35,45,35,16,43,38,5,29,27,2,36,15,21,52,18,34
S01006999,508,34,19,15,65,14,20,14,17,53,14,9,3,8,19,47,33,14,156,69,45,29,13,33,24,9,19,16,3,39,13,26,62,26,36
S01007000,505,50,32,18,90,25,16,21,28,61,16,7,8,4,26,45,32,13,96,14,32,40,10,51,42,9,29,28,1,39,12,27,44,9,35
S01007001,465,53,28,25,84,24,18,19,23,62,12,8,6,8,28,50,40,10,74,7,27,23,17,38,27,11,28,25,3,29,14,15,47,12,35
S01007002,302,27,9,18,53,6,26,12,9,30,3,1,7,0,19,32,24,8,59,22,15,18,4,28,23,5,11,9,2,24,14,10,38,11,27
S01007003,301,20,14,6,46,11,10,12,13,24,6,2,1,1,14,25,21,4,79,45,17,16,1,22,13,9,16,14,2,21,6,15,48,23,25
S01007004,411,23,12,11,79,18,18,19,24,41,10,4,7,6,14,37,26,11,107,51,26,24,6,37,27,10,19,19,0,31,15,16,37,13,24
S01007005,517,44,28,16,119,32,26,37,24,60,11,8,3,4,34,48,31,17,107,40,28,32,7,35,26,9,21,18,3,42,21,21,41,17,24
S01007006,453,36,19,17,58,13,14,17,14,41,4,4,1,10,22,35,26,9,113,35,20,44,14,45,37,8,30,28,2,48,20,28,47,23,24
S01007007,448,46,25,21,55,18,12,14,11,43,8,5,5,6,19,33,24,9,143,57,36,30,20,22,20,2,24,22,2,40,18,22,42,15,27
S01007008,506,29,20,9,56,11,17,17,11,43,8,10,1,3,21,44,31,13,105,7,36,46,16,67,52,15,35,33,2,56,28,28,71,22,49
S01007009,517,35,24,11,68,8,19,28,13,59,11,11,9,7,21,50,42,8,90,5,28,32,25,52,33,19,48,41,7,46,19,27,69,15,54
S01007010,355,34,23,11,58,9,11,18,20,28,4,9,1,2,12,42,28,14,58,3,18,27,10,42,33,9,21,20,1,34,20,14,38,12,26
S01007011,405,31,15,16,33,3,12,7,11,26,9,5,2,1,9,35,24,11,86,3,26,38,19,51,39,12,36,34,2,52,26,26,55,9,46
S01007012,302,11,10,1,14,4,3,5,2,14,6,1,1,0,6,26,22,4,57,3,18,28,8,42,34,8,33,31,2,47,20,27,58,13,45
S01007013,316,33,19,14,47,19,8,13,7,29,8,1,2,5,13,33,20,13,74,35,22,14,3,26,19,7,12,12,0,30,10,20,32,20,12
S01007014,578,63,33,30,83,20,22,22,19,62,15,7,10,6,24,61,45,16,128,41,43,27,17,47,33,14,38,38,0,47,27,20,49,21,28
S01007015,355,41,25,16,35,5,15,7,8,32,10,5,0,2,15,35,20,15,93,48,21,17,7,28,26,2,17,17,0,40,19,21,34,13,21
S01007016,350,38,24,14,45,14,9,11,11,37,7,3,2,6,19,28,18,10,76,28,20,23,5,31,28,3,10,8,2,39,26,13,46,22,24
S01007017,494,20,14,6,43,10,16,7,10,37,10,5,2,4,16,45,34,11,107,6,30,49,22,55,41,14,30,26,4,68,43,25,89,30,59
S01007018,478,34,19,15,46,7,15,11,13,47,19,4,5,2,17,63,49,14,73,4,30,23,16,63,50,13,30,27,3,55,32,23,67,27,40
S01007019,332,16,8,8,35,6,14,11,4,20,7,2,2,1,8,32,28,4,70,7,25,22,16,22,18,4,29,29,0,43,21,22,65,37,28
S01007020,385,36,18,18,50,8,11,12,19,25,10,1,1,5,8,33,21,12,77,3,27,25,22,27,22,5,32,28,4,56,32,24,49,14,35
S01007021,438,23,19,4,46,6,13,14,13,28,10,3,2,4,9,52,37,15,81,7,24,31,19,51,40,11,31,27,4,65,34,31,61,25,36
S01007022,217,20,11,9,17,1,8,5,3,24,7,4,2,3,8,20,18,2,40,7,17,13,3,28,21,7,17,17,0,18,8,10,33,14,19
S01007023,231,24,11,13,19,2,10,5,2,23,6,5,2,3,7,16,8,8,60,17,19,15,9,24,19,5,11,11,0,29,14,15,25,7,18
S01007024,519,38,22,16,64,18,16,19,11,47,13,6,3,6,19,54,38,16,119,46,28,31,14,60,53,7,22,21,1,45,23,22,70,24,46
S01007025,401,19,9,10,29,6,5,9,9,37,1,16,3,7,10,26,20,6,70,7,20,29,14,62,44,18,32,30,2,58,21,37,68,26,42
S01007026,386,33,13,20,45,6,8,20,11,33,10,9,2,1,11,29,20,9,81,12,26,29,14,34,24,10,24,24,0,55,24,31,52,15,37
S01007027,499,39,17,22,59,10,16,14,19,58,15,14,2,11,16,34,26,8,104,24,28,29,23,72,61,11,33,32,1,50,24,26,50,8,42
S01007028,386,34,12,22,59,8,17,15,19,27,5,1,1,2,18,39,31,8,89,45,18,16,10,41,33,8,23,21,2,33,20,13,41,17,24
S01007029,291,15,12,3,33,7,14,9,3,21,4,5,0,2,10,21,14,7,102,54,22,20,6,20,15,5,17,17,0,18,10,8,44,25,19
S01007030,395,32,24,8,31,3,4,11,13,23,7,8,0,1,7,24,20,4,85,7,21,38,19,52,41,11,29,27,2,57,30,27,62,20,42
S01007031,295,17,11,6,33,5,9,9,10,28,3,4,2,6,13,17,14,3,75,23,17,24,11,30,23,7,26,26,0,34,17,17,35,16,19
S01007032,437,35,10,25,57,3,19,22,13,52,6,13,7,8,18,32,21,11,78,7,25,31,15,65,53,12,27,21,6,41,20,21,50,21,29
S01007033,356,15,9,6,23,4,5,10,4,31,10,10,3,2,6,29,19,10,75,5,22,32,16,70,65,5,24,22,2,44,17,27,45,10,35
S01007034,302,17,12,5,35,4,14,8,9,44,11,8,6,3,16,20,15,5,43,3,13,16,11,54,42,12,24,23,1,28,20,8,37,9,28
S01007035,347,21,12,9,13,1,6,2,4,20,4,7,1,1,7,10,6,4,67,4,12,32,19,77,67,10,27,24,3,35,15,20,77,24,53
S01007036,433,47,25,22,67,7,24,25,11,44,6,6,7,5,20,29,20,9,80,16,27,24,13,55,44,11,24,22,2,39,17,22,48,13,35
S01007037,504,22,17,5,28,3,19,4,2,41,6,6,10,2,17,40,28,12,112,26,33,35,18,68,56,12,45,41,4,64,31,33,84,21,63
S01007038,392,28,14,14,35,4,10,13,8,31,15,3,2,3,8,35,24,11,90,12,29,26,23,49,44,5,27,27,0,52,34,18,45,15,30
S01007039,402,22,13,9,33,2,15,7,9,40,10,4,3,1,22,40,28,12,89,7,34,32,16,59,54,5,18,17,1,45,20,25,56,9,47
S01007040,299,14,8,6,23,4,2,9,8,14,4,3,0,1,6,22,14,8,62,10,22,21,9,62,54,8,25,24,1,37,20,17,40,15,25
S01007041,370,23,9,14,33,8,10,9,6,37,6,6,3,3,19,33,22,11,79,17,17,29,16,51,41,10,26,26,0,36,17,19,52,10,42
S01007042,344,23,14,9,36,15,7,9,5,24,10,7,2,0,5,32,21,11,82,13,35,25,9,35,29,6,26,22,4,52,20,32,34,12,22
S01007043,580,43,20,23,90,18,29,26,17,60,9,10,7,9,25,45,32,13,149,67,37,38,7,47,35,12,28,26,2,47,26,21,71,39,32
S01007044,310,22,10,12,36,4,11,15,6,37,10,3,2,2,20,25,13,12,88,45,15,15,13,36,26,10,16,11,5,26,15,11,24,3,21
S01007045,425,38,17,21,62,17,19,17,9,40,7,4,6,5,18,38,19,19,118,60,23,21,14,46,40,6,15,11,4,35,13,22,33,12,21
S01007046,322,23,10,13,39,3,10,18,8,29,8,5,2,5,9,32,23,9,68,22,25,12,9,26,22,4,28,27,1,39,22,17,38,8,30
S01007047,359,30,17,13,45,9,18,9,9,40,15,5,2,5,13,34,21,13,106,46,37,21,2,21,21,0,20,16,4,25,16,9,38,21,17
S01007048,505,17,11,6,53,16,7,16,14,57,18,7,9,10,13,41,35,6,155,71,41,30,13,50,42,8,28,26,2,60,27,33,44,21,23
S01007049,462,29,13,16,38,8,4,15,11,34,8,6,3,4,13,43,27,16,101,3,43,41,14,46,43,3,28,26,2,62,35,27,81,29,52
S01007050,318,30,17,13,32,10,6,11,5,37,8,6,4,3,16,25,19,6,78,10,21,38,9,24,20,4,15,15,0,37,20,17,40,11,29
S01007051,422,26,14,12,49,10,13,13,13,46,16,3,12,3,12,41,38,3,106,13,47,36,10,46,32,14,32,28,4,28,11,17,48,4,44
S01007052,303,24,12,12,32,6,9,8,9,29,6,2,6,3,12,34,27,7,68,12,28,23,5,24,16,8,16,15,1,43,14,29,33,11,22
S01007053,263,25,18,7,38,16,8,11,3,27,10,5,3,4,5,23,15,8,73,26,23,19,5,19,14,5,16,14,2,26,15,11,16,4,12
S01007054,475,26,19,7,47,9,14,14,10,50,12,13,7,3,15,37,29,8,113,8,48,38,19,44,39,5,32,31,1,58,29,29,68,23,45
S01007055,307,27,16,11,44,10,14,11,9,26,5,5,2,3,11,28,19,9,84,42,31,9,2,21,17,4,18,15,3,23,8,15,36,21,15
S01007056,352,35,19,16,57,14,15,14,14,43,11,1,7,5,19,32,25,7,85,37,27,16,5,31,25,6,21,19,2,16,6,10,32,11,21
S01007057,237,18,13,5,30,3,6,14,7,34,10,3,8,1,12,33,25,8,49,5,27,11,6,20,15,5,12,12,0,18,7,11,23,4,19
S01007058,257,12,10,2,22,4,4,4,10,30,12,5,5,0,8,31,22,9,57,3,25,21,8,19,18,1,23,23,0,33,15,18,30,5,25
S01007059,485,36,25,11,59,13,19,16,11,79,20,9,13,2,35,48,37,11,93,9,50,26,8,52,42,10,29,29,0,37,17,20,52,9,43
S01007060,280,19,17,2,13,3,4,1,5,19,6,5,2,3,3,21,18,3,53,5,21,18,9,36,28,8,39,37,2,34,17,17,46,4,42
S01007061,554,63,36,27,103,31,22,27,23,77,21,5,8,9,34,66,49,17,119,45,29,31,14,33,24,9,25,22,3,32,24,8,36,14,22
S01007062,405,48,27,21,72,22,19,15,16,41,10,7,3,4,17,46,27,19,104,50,29,18,7,28,22,6,12,11,1,36,13,23,18,11,7
S01007063,349,19,10,9,50,10,17,14,9,34,13,7,2,2,10,33,27,6,75,3,40,27,5,38,31,7,19,17,2,43,23,20,38,6,32
S01007064,379,41,21,20,60,15,12,14,19,44,11,2,6,6,19,37,27,10,84,31,25,23,5,30,26,4,15,15,0,34,21,13,34,8,26
S01007065,319,36,24,12,60,16,18,12,14,43,10,4,2,3,24,27,24,3,59,14,27,10,8,22,17,5,17,16,1,32,18,14,23,5,18
S01007066,370,44,25,19,55,13,17,12,13,37,9,2,4,2,20,31,18,13,98,31,42,16,9,28,22,6,14,13,1,29,16,13,34,9,25
S01007067,319,26,18,8,42,13,8,13,8,49,14,3,9,3,20,43,32,11,52,6,33,10,3,25,19,6,22,20,2,41,21,20,19,5,14
S01007068,359,41,28,13,50,12,10,14,14,48,18,1,7,2,20,29,23,6,51,4,27,13,7,34,25,9,18,15,3,45,24,21,43,7,36
S01007069,411,35,18,17,28,7,9,6,6,61,17,2,24,3,15,41,33,8,62,3,28,20,11,37,29,8,34,31,3,63,41,22,50,13,37
S01007070,264,11,7,4,22,2,10,5,5,28,8,5,7,0,8,29,25,4,50,9,20,15,6,33,22,11,19,19,0,25,9,16,47,13,34
S01007071,481,33,19,14,66,25,13,15,13,66,18,12,4,3,29,45,32,13,80,7,33,25,15,54,48,6,34,31,3,42,27,15,61,12,49
S01007072,381,47,32,15,30,7,5,9,9,44,15,3,9,1,16,52,43,9,78,12,37,12,17,23,18,5,33,32,1,34,23,11,40,6,34
S01007073,500,44,26,18,47,11,14,12,10,76,18,9,17,3,29,53,40,13,88,12,41,19,16,43,33,10,40,39,1,53,23,30,56,6,50
S01007074,362,12,8,4,36,10,12,9,5,29,7,6,4,1,11,31,19,12,73,6,36,17,14,47,41,6,35,34,1,33,19,14,66,12,54
S01007075,377,15,8,7,24,9,7,5,3,27,9,5,8,0,5,40,35,5,67,6,33,17,11,31,27,4,43,41,2,45,25,20,85,25,60
S01007076,414,18,13,5,27,4,7,3,13,41,16,4,9,2,10,47,33,14,57,3,26,18,10,44,30,14,44,44,0,61,29,32,75,23,52
S01007077,357,16,9,7,37,10,14,10,3,32,11,4,4,1,12,45,39,6,56,2,31,14,9,35,29,6,30,26,4,49,29,20,57,11,46
S01007078,394,31,16,15,32,7,6,12,7,35,12,3,8,2,10,36,28,8,56,4,15,19,18,43,34,9,34,31,3,54,28,26,73,8,65
S01007079,449,30,16,14,53,10,7,22,14,34,11,6,5,2,10,33,26,7,86,8,41,19,18,54,42,12,22,22,0,63,35,28,74,18,56
S01007080,349,23,18,5,20,4,4,5,7,38,19,4,7,1,7,38,35,3,60,4,21,16,19,39,35,4,31,31,0,47,33,14,53,9,44
S01007081,464,28,21,7,26,7,6,8,5,31,8,9,5,2,7,29,24,5,125,17,39,30,39,31,28,3,50,48,2,62,38,24,82,33,49
S01007082,275,11,6,5,20,6,8,2,4,28,9,3,5,1,10,13,10,3,51,4,16,14,17,27,21,6,18,18,0,41,22,19,66,27,39
S01007083,393,13,6,7,12,2,2,2,6,30,8,6,1,3,12,28,24,4,87,14,17,17,39,28,23,5,40,39,1,67,40,27,88,30,58
S01007084,290,22,14,8,29,6,8,7,8,33,13,6,4,2,8,38,31,7,64,7,33,10,14,23,20,3,17,16,1,25,19,6,39,12,27
S01007085,444,31,19,12,45,7,9,16,13,53,18,2,4,6,23,30,26,4,74,5,31,14,24,42,24,18,26,22,4,57,46,11,86,29,57
S01007086,570,21,9,12,26,3,9,5,9,50,15,8,6,3,18,25,18,7,97,10,39,15,33,50,34,16,50,46,4,96,65,31,155,65,90
S01007087,447,15,9,6,32,8,7,6,11,26,8,6,3,2,7,18,14,4,74,3,33,22,16,44,34,10,39,36,3,98,61,37,101,38,63
S01007088,228,8,5,3,15,4,1,4,6,10,3,1,2,0,4,15,12,3,55,6,17,12,20,27,21,6,16,14,2,38,21,17,44,14,30
S01007089,274,31,23,8,34,6,11,6,11,36,7,6,5,1,17,32,23,9,49,6,24,14,5,22,18,4,24,24,0,24,15,9,22,4,18
S01007090,332,25,15,10,26,7,9,4,6,41,16,6,4,1,14,50,43,7,65,5,36,17,7,37,28,9,23,23,0,31,23,8,34,10,24
S01007091,416,24,17,7,36,9,14,7,6,49,19,8,4,3,15,44,38,6,68,7,35,15,11,49,28,21,49,44,5,48,31,17,49,8,41
S01007092,289,13,7,6,21,3,10,3,5,28,10,5,2,0,11,25,21,4,54,3,21,23,7,35,24,11,29,28,1,35,22,13,49,4,45
S01007093,537,29,21,8,74,21,11,24,18,65,23,9,8,2,23,82,64,18,93,14,53,18,8,43,36,7,33,30,3,54,33,21,64,10,54
S01007094,484,35,22,13,38,10,9,10,9,72,23,10,6,6,27,53,43,10,94,26,28,26,14,46,30,16,35,34,1,59,31,28,52,11,41
S01007095,291,31,20,11,48,13,12,18,5,34,7,2,6,5,14,24,21,3,68,21,29,13,5,22,18,4,11,10,1,24,11,13,29,9,20
S01007096,464,37,22,15,82,27,23,14,18,55,13,10,8,2,22,56,48,8,93,16,49,20,8,34,20,14,25,25,0,51,27,24,31,8,23
S01007097,281,23,12,11,40,9,7,13,11,31,13,4,1,1,12,32,22,10,64,15,29,14,6,26,21,5,18,17,1,26,16,10,21,5,16
S01007098,447,58,31,27,57,11,20,16,10,63,16,4,8,4,31,51,33,18,94,30,40,20,4,37,26,11,22,22,0,41,28,13,24,6,18
S01007099,487,54,29,25,47,9,12,15,11,63,22,11,4,4,22,52,38,14,116,27,51,30,8,47,28,19,32,31,1,41,30,11,35,10,25
S01007100,389,30,18,12,56,10,11,22,13,44,15,5,5,2,17,34,26,8,70,15,37,12,6,36,33,3,23,21,2,46,19,27,50,19,31
S01007101,393,23,12,11,27,4,13,6,4,43,12,9,8,2,12,24,19,5,77,6,29,27,15,50,41,9,28,25,3,60,20,40,61,16,45
S01007102,367,30,13,17,44,12,11,18,3,36,8,4,5,8,11,33,25,8,83,24,22,33,4,31,24,7,16,15,1,52,23,29,42,10,32
S01007103,418,22,19,3,35,8,6,17,4,45,17,9,1,2,16,41,28,13,99,32,33,27,7,52,37,15,24,20,4,44,30,14,56,14,42
S01007104,240,29,17,12,25,5,7,4,9,20,8,1,3,1,7,17,7,10,62,25,16,13,8,22,18,4,6,6,0,22,13,9,37,11,26
S01007105,246,11,6,5,33,14,6,8,5,35,7,6,4,3,15,21,15,6,54,12,26,11,5,20,18,2,28,26,2,27,19,8,17,5,12
S01007106,333,15,7,8,34,7,6,18,3,42,15,4,1,5,17,34,25,9,77,11,40,12,14,28,25,3,16,16,0,35,18,17,52,7,45
S01007107,358,41,19,22,33,8,6,11,8,45,16,6,3,1,19,37,23,14,77,25,25,17,10,28,21,7,16,16,0,35,15,20,46,15,31
S01007108,301,28,21,7,29,4,5,10,10,33,10,8,1,7,7,23,18,5,87,48,20,10,9,27,25,2,17,16,1,26,14,12,31,13,18
S01007109,376,32,15,17,16,2,2,7,5,26,8,6,3,1,8,30,22,8,75,6,29,17,23,41,32,9,18,16,2,64,34,30,74,30,44
S01007110,369,38,25,13,25,7,3,8,7,42,15,5,4,1,17,34,22,12,84,10,41,23,10,33,29,4,24,24,0,43,20,23,46,11,35
S01007111,254,18,11,7,21,5,4,7,5,22,3,3,5,2,9,28,19,9,57,8,29,10,10,24,18,6,26,25,1,26,15,11,32,12,20
S01007112,284,26,11,15,32,5,6,12,9,26,9,4,1,0,12,33,21,12,68,16,31,14,7,21,16,5,19,19,0,31,17,14,28,8,20
S01007113,257,30,16,14,46,8,8,17,13,25,8,4,0,4,9,19,14,5,44,9,17,14,4,16,10,6,17,13,4,32,25,7,28,8,20
S01007114,454,19,12,7,45,18,13,10,4,48,23,8,2,1,14,40,33,7,96,14,46,20,16,52,38,14,38,34,4,55,28,27,61,17,44
S01007115,316,20,15,5,25,4,3,12,6,41,12,3,1,5,20,34,25,9,62,7,34,14,7,26,21,5,29,29,0,43,30,13,36,5,31
S01007116,533,48,31,17,79,18,16,32,13,55,19,8,1,1,26,62,43,19,109,42,40,14,13,42,34,8,43,41,2,60,38,22,35,7,28
S01007117,246,19,13,6,31,7,6,11,7,32,9,5,2,1,15,25,18,7,51,19,27,3,2,22,18,4,24,21,3,20,12,8,22,9,13
S01007118,334,11,6,5,18,5,3,7,3,27,12,3,5,1,6,22,15,7,65,11,32,15,7,37,33,4,33,30,3,52,40,12,69,27,42
S01007119,394,19,11,8,14,7,4,3,0,29,7,11,2,2,7,24,20,4,98,21,37,17,23,37,30,7,36,35,1,60,35,25,77,21,56
S01007120,539,17,13,4,25,8,2,12,3,44,15,10,0,3,16,31,24,7,98,12,33,19,34,52,39,13,39,37,2,116,95,21,117,55,62
S01007121,210,7,2,5,10,0,4,1,5,17,5,3,0,0,9,13,9,4,38,8,16,10,4,11,7,4,15,13,2,45,32,13,54,24,30
S01007122,299,11,11,0,41,9,14,14,4,38,18,5,0,1,14,29,23,6,58,12,24,15,7,29,22,7,24,22,2,33,20,13,36,16,20
S01007123,310,17,8,9,19,4,5,10,0,28,13,3,2,0,10,24,18,6,57,11,19,15,12,25,19,6,25,23,2,51,33,18,64,22,42
S01007124,473,28,19,9,45,11,9,14,11,36,12,10,2,3,9,44,33,11,104,15,50,29,10,41,25,16,41,37,4,64,43,21,70,22,48
S01007125,382,17,10,7,30,13,1,10,6,23,9,4,2,4,4,19,14,5,82,9,32,23,18,32,26,6,32,30,2,66,44,22,81,35,46
S01007126,407,5,3,2,14,4,2,4,4,23,12,3,0,1,7,14,12,2,80,9,30,15,26,30,18,12,22,20,2,86,64,22,133,80,53
S01007127,541,14,11,3,31,5,7,10,9,28,12,5,2,2,7,18,16,2,101,18,25,26,32,40,31,9,23,21,2,127,94,33,159,91,68
S01007128,355,10,4,6,23,7,3,8,5,39,14,8,2,4,11,13,12,1,73,9,32,10,22,32,26,6,36,31,5,59,43,16,70,24,46
S01007129,503,69,42,27,170,29,53,49,39,80,8,10,12,8,42,58,48,10,37,7,9,12,9,26,23,3,25,18,7,15,5,10,23,2,21
S01007130,312,23,16,7,74,21,28,15,10,49,11,7,10,6,15,39,25,14,33,3,12,14,4,19,15,4,32,27,5,19,7,12,24,3,21
S01007131,401,35,26,9,92,6,33,33,20,61,8,9,12,4,28,47,41,6,56,1,22,24,9,28,24,4,32,22,10,19,12,7,31,2,29
S01007132,362,23,13,10,78,13,22,27,16,50,9,9,9,2,21,57,39,18,40,3,14,17,6,25,19,6,40,34,6,25,5,20,24,2,22
S01007133,371,31,18,13,81,17,34,14,16,41,4,8,7,2,20,39,26,13,66,25,18,17,6,26,20,6,25,20,5,34,14,20,28,8,20
S01007134,391,37,21,16,80,7,28,22,23,37,7,6,4,5,15,45,27,18,70,17,22,27,4,33,30,3,21,18,3,33,13,20,35,6,29
S01007135,281,32,17,15,83,15,25,28,15,40,8,8,6,3,15,31,23,8,29,12,4,8,5,16,9,7,11,8,3,13,2,11,26,8,18
S01007136,280,43,22,21,82,13,35,16,18,45,5,6,11,6,17,34,26,8,35,17,4,9,5,10,6,4,9,7,2,7,4,3,15,6,9
S01007137,418,56,30,26,113,21,33,35,24,73,7,9,16,6,35,45,34,11,28,0,12,12,4,34,25,9,26,17,9,28,14,14,15,4,11
S01007138,320,36,26,10,68,9,23,22,14,48,7,13,2,5,21,39,27,12,44,5,18,19,2,19,15,4,15,11,4,30,12,18,21,2,19
S01007139,384,39,25,14,64,9,24,16,15,41,7,5,14,1,14,46,32,14,72,13,20,26,13,35,27,8,26,19,7,31,13,18,30,5,25
S01007140,496,54,32,22,104,18,37,30,19,85,10,12,15,9,39,50,34,16,68,20,13,17,18,31,27,4,26,20,6,33,7,26,45,21,24
S01007141,357,41,30,11,69,8,32,21,8,47,9,6,6,6,20,37,28,9,69,22,21,20,6,25,21,4,16,11,5,29,8,21,24,6,18
S01007142,305,39,33,6,76,14,23,21,18,65,8,6,16,6,29,33,27,6,16,3,6,4,3,26,18,8,28,21,7,11,4,7,11,0,11
S01007143,368,35,28,7,90,12,34,27,17,64,8,4,16,3,33,44,36,8,51,3,24,20,4,31,22,9,18,11,7,18,11,7,17,3,14
S01007144,372,43,24,19,60,15,22,14,9,38,3,9,7,4,15,30,19,11,72,27,16,18,11,35,32,3,17,12,5,28,8,20,49,22,27
S01007145,392,30,19,11,89,10,24,36,19,54,8,11,11,2,22,45,35,10,51,7,15,18,11,37,24,13,36,28,8,22,9,13,28,3,25
S01007146,329,35,18,17,78,8,20,27,23,44,7,7,10,5,15,40,26,14,34,5,10,10,9,22,13,9,27,21,6,27,9,18,22,2,20
S01007147,348,26,18,8,67,10,21,21,15,51,5,10,10,7,19,50,39,11,42,1,18,14,9,28,22,6,37,30,7,21,10,11,26,3,23
S01007148,272,25,22,3,59,13,16,13,17,39,4,5,4,3,23,37,28,9,28,0,12,6,10,25,14,11,23,19,4,20,11,9,16,3,13
S01007149,257,23,17,6,36,8,10,11,7,43,4,8,12,4,15,43,35,8,29,1,18,4,6,24,17,7,18,14,4,14,7,7,27,2,25
S01007150,280,27,15,12,68,6,19,24,19,43,6,8,9,4,16,32,21,11,27,2,12,6,7,23,16,7,24,20,4,14,8,6,22,0,22
S01007151,442,39,27,12,114,26,34,30,24,65,9,10,18,6,22,46,37,9,54,3,28,17,6,37,28,9,35,28,7,16,7,9,36,4,32
S01007152,266,26,18,8,64,8,19,17,20,47,4,10,11,3,19,31,24,7,29,2,15,8,4,21,18,3,24,19,5,10,5,5,14,1,13
S01007153,293,32,15,17,59,7,19,18,15,44,5,6,6,1,26,44,38,6,35,2,9,16,8,21,18,3,20,14,6,20,10,10,18,1,17
S01007154,328,22,11,11,60,4,19,23,14,58,3,9,12,8,26,37,33,4,41,3,23,10,5,35,27,8,30,23,7,20,10,10,25,2,23
S01007155,289,30,15,15,66,10,26,21,9,42,7,5,10,7,13,37,28,9,32,2,15,9,6,25,22,3,22,18,4,13,6,7,22,3,19
S01007156,358,17,12,5,50,7,13,17,13,52,9,10,7,8,18,44,35,9,61,8,26,24,3,32,24,8,32,27,5,33,16,17,37,9,28
S01007157,338,21,12,9,36,2,13,14,7,42,9,10,12,2,9,41,34,7,56,7,17,20,12,43,39,4,25,20,5,34,18,16,40,9,31
S01007158,503,40,28,12,75,15,24,23,13,79,10,14,16,6,33,66,48,18,60,8,30,14,8,47,39,8,45,33,12,49,29,20,42,3,39
S01007159,396,28,9,19,41,7,17,9,8,38,7,7,4,6,14,40,37,3,62,8,20,25,9,49,39,10,40,30,10,43,14,29,55,7,48
S01007160,356,18,10,8,45,4,18,14,9,44,9,16,6,4,9,44,37,7,55,6,22,12,15,53,40,13,28,20,8,38,16,22,31,4,27
S01007161,322,29,20,9,48,10,11,18,9,49,7,13,7,5,17,38,26,12,51,4,22,19,6,41,30,11,19,14,5,20,12,8,27,3,24
S01007162,237,17,11,6,44,5,12,12,15,39,4,8,10,5,12,20,18,2,28,2,12,6,8,24,15,9,26,20,6,11,5,6,28,5,23
S01007163,388,35,24,11,70,8,16,34,12,63,12,13,10,7,21,43,33,10,39,6,12,16,5,44,30,14,27,21,6,25,11,14,42,10,32
S01007164,260,12,10,2,56,4,16,22,14,45,4,9,6,8,18,28,20,8,38,2,12,18,6,24,22,2,23,21,2,15,7,8,19,4,15
S01007165,384,41,25,16,94,11,25,38,20,62,9,8,12,10,23,41,32,9,65,9,25,22,9,19,14,5,20,17,3,21,6,15,21,4,17
S01007166,303,19,12,7,69,10,14,30,15,52,5,7,11,8,21,40,29,11,36,3,21,9,3,20,17,3,23,21,2,17,7,10,27,2,25
S01007167,399,39,26,13,71,15,15,31,10,65,14,9,11,8,23,61,47,14,40,4,18,12,6,33,27,6,29,26,3,22,11,11,39,4,35
S01007168,500,43,25,18,118,30,29,39,20,68,10,12,13,6,27,70,52,18,50,4,20,18,8,43,27,16,42,33,9,25,10,15,41,1,40
S01007169,367,32,23,9,71,12,14,28,17,51,8,9,6,0,28,48,35,13,38,0,19,13,6,35,27,8,41,34,7,30,17,13,21,2,19
S01007170,352,41,20,21,55,8,21,17,9,38,3,13,5,3,14,32,25,7,82,30,26,16,10,21,15,6,20,15,5,27,16,11,36,11,25
S01007171,504,54,27,27,42,11,10,11,10,98,6,19,52,4,17,31,23,8,92,32,28,24,8,24,20,4,34,32,2,45,19,26,84,61,23
S01007172,362,48,29,19,75,19,12,17,27,43,9,7,8,4,15,31,14,17,54,15,21,9,9,32,28,4,18,16,2,27,23,4,34,14,20
S01007173,488,27,20,7,60,15,19,12,14,93,14,20,27,6,26,64,53,11,74,4,31,26,13,44,36,8,47,42,5,47,21,26,32,7,25
S01007174,423,42,28,14,48,8,9,14,17,58,9,10,13,6,20,54,45,9,69,3,29,24,13,35,30,5,26,24,2,46,28,18,45,9,36
S01007175,268,17,10,7,25,4,6,9,6,54,4,13,24,0,13,23,16,7,50,4,25,11,10,25,21,4,14,13,1,23,7,16,37,5,32
S01007176,319,15,10,5,34,5,12,12,5,72,5,7,46,4,10,31,24,7,37,2,19,7,9,36,27,9,29,25,4,32,14,18,33,3,30
S01007177,252,16,10,6,17,4,3,5,5,34,6,10,4,2,12,23,17,6,36,6,14,8,8,33,25,8,30,28,2,23,10,13,40,9,31
S01007178,453,31,16,15,27,6,10,11,0,44,8,14,6,2,14,43,33,10,66,2,23,22,19,75,48,27,31,29,2,64,31,33,72,24,48
S01007179,488,51,30,21,95,16,25,38,16,74,10,12,13,12,27,60,44,16,59,4,27,14,14,41,33,8,35,31,4,45,25,20,28,4,24
S01007180,309,33,21,12,57,7,15,19,16,44,11,6,7,6,14,48,35,13,38,4,14,13,7,21,17,4,24,22,2,16,11,5,28,6,22
S01007181,349,48,24,24,66,10,31,14,11,65,12,16,11,6,20,41,34,7,43,3,16,18,6,25,17,8,21,20,1,22,16,6,18,2,16
S01007182,501,42,28,14,87,21,23,23,20,69,8,17,21,8,15,55,42,13,63,6,27,22,8,41,25,16,43,36,7,55,36,19,46,13,33
S01007183,488,32,18,14,56,14,12,16,14,57,8,16,8,12,13,58,48,10,93,6,37,31,19,62,42,20,28,25,3,47,30,17,55,18,37
S01007184,485,24,14,10,55,9,19,23,4,56,6,19,9,3,19,63,39,24,79,8,35,23,13,44,33,11,41,34,7,52,32,20,71,20,51
S01007185,337,20,9,11,27,5,6,9,7,40,8,15,10,0,7,37,29,8,51,6,16,15,14,50,40,10,23,19,4,26,17,9,63,26,37
S01007186,256,13,3,10,15,3,3,5,4,26,3,9,5,1,8,22,17,5,40,3,10,12,15,34,24,10,20,17,3,35,24,11,51,12,39
S01007187,367,41,20,21,28,4,7,9,8,43,11,7,4,4,17,29,23,6,62,6,17,22,17,41,23,18,31,27,4,31,21,10,61,22,39
S01007188,321,26,12,14,26,8,7,9,2,39,9,10,6,0,14,23,16,7,64,4,25,22,13,31,24,7,23,21,2,45,25,20,44,12,32
S01007189,300,17,7,10,19,3,4,5,7,42,3,12,8,4,15,28,20,8,53,4,15,17,17,40,31,9,28,23,5,28,8,20,45,10,35
S01007190,346,19,13,6,29,4,9,9,7,53,12,21,8,5,7,29,26,3,67,10,27,19,11,40,29,11,27,21,6,31,17,14,51,11,40
S01007191,301,19,11,8,22,5,5,4,8,25,5,6,7,0,7,21,19,2,50,2,19,15,14,35,29,6,24,21,3,42,24,18,63,16,47
S01007192,269,15,10,5,22,4,6,4,8,16,2,6,0,2,6,16,14,2,45,0,16,19,10,35,23,12,39,36,3,28,9,19,53,11,42
S01007193,337,13,7,6,25,3,12,6,4,31,5,9,6,1,10,23,19,4,70,1,24,30,15,42,29,13,22,20,2,37,18,19,74,17,57
S01007194,223,11,8,3,9,1,2,2,4,22,3,11,3,1,4,13,10,3,33,3,9,9,12,32,27,5,26,24,2,27,11,16,50,20,30
S01007195,220,18,7,11,15,3,4,3,5,24,3,9,3,2,7,13,9,4,35,4,13,10,8,24,19,5,26,24,2,21,11,10,44,12,32
S01007196,315,12,8,4,23,3,10,7,3,44,5,14,11,5,9,31,27,4,58,4,19,23,12,34,27,7,33,32,1,35,23,12,45,5,40
S01007197,241,9,4,5,19,2,8,4,5,19,2,10,2,0,5,19,14,5,52,3,21,15,13,21,14,7,17,16,1,30,15,15,55,12,43
S01007198,211,17,12,5,14,1,4,6,3,26,6,5,7,2,6,15,13,2,36,7,9,11,9,23,18,5,22,20,2,19,10,9,39,7,32
S01007199,297,12,7,5,18,3,5,7,3,17,2,7,4,1,3,29,23,6,47,4,12,19,12,28,20,8,36,33,3,42,29,13,68,14,54
S01007200,440,24,17,7,36,8,10,7,11,50,13,19,7,2,9,47,36,11,87,5,34,32,16,42,29,13,45,42,3,49,23,26,60,14,46
S01007201,321,24,16,8,36,3,11,11,11,37,5,13,7,4,8,40,29,11,56,4,26,20,6,28,20,8,22,21,1,45,22,23,33,11,22
S01007202,333,14,9,5,23,6,7,6,4,42,7,16,4,2,13,28,20,8,66,7,24,22,13,40,32,8,37,28,9,39,23,16,44,9,35
S01007203,318,22,11,11,26,3,12,9,2,45,5,15,4,7,14,36,32,4,48,4,20,19,5,25,20,5,39,34,5,31,19,12,46,14,32
S01007204,511,56,29,27,79,11,25,23,20,67,7,17,1,16,26,50,39,11,98,21,33,31,13,35,25,10,27,22,5,47,24,23,52,14,38
S01007205,332,27,13,14,59,14,17,18,10,42,7,8,5,7,15,37,22,15,55,12,25,14,4,23,17,6,22,17,5,29,12,17,38,16,22
S01007206,179,7,3,4,24,1,6,11,6,26,8,6,1,1,10,15,12,3,35,6,14,7,8,10,7,3,19,19,0,23,10,13,20,8,12
S01007207,451,37,19,18,53,17,18,8,10,54,14,12,5,1,22,58,45,13,76,6,39,21,10,40,30,10,45,40,5,39,21,18,49,9,40
S01007208,438,32,21,11,46,14,10,10,12,44,14,7,4,3,16,46,40,6,81,2,36,17,26,54,38,16,34,27,7,35,16,19,66,13,53
S01007209,359,31,14,17,54,15,8,20,11,46,15,13,4,3,11,34,24,10,49,4,13,14,18,42,25,17,33,26,7,26,13,13,44,6,38
S01007210,372,24,14,10,31,4,7,12,8,38,15,8,3,1,11,31,25,6,64,4,24,23,13,36,22,14,38,33,5,47,28,19,63,13,50
S01007211,411,25,17,8,35,4,13,12,6,53,11,16,3,6,17,30,26,4,65,4,29,21,11,46,35,11,39,32,7,49,23,26,69,8,61
S01007212,275,18,11,7,25,5,11,6,3,49,14,7,1,5,22,34,27,7,44,3,23,11,7,30,19,11,21,19,2,26,15,11,28,7,21
S01007213,393,33,18,15,79,11,25,25,18,45,13,5,5,5,17,29,23,6,49,1,29,13,6,43,30,13,24,23,1,38,29,9,53,14,39
S01007214,321,22,15,7,38,9,10,10,9,32,10,5,3,0,14,33,26,7,48,4,21,13,10,33,22,11,26,24,2,32,13,19,57,16,41
S01007215,371,18,10,8,39,9,11,12,7,60,13,12,3,5,27,31,21,10,58,5,23,17,13,45,34,11,29,24,5,47,23,24,44,8,36
S01007216,349,30,13,17,50,9,16,10,15,55,15,16,6,3,15,36,29,7,50,4,20,17,9,39,28,11,29,26,3,29,17,12,31,3,28
S01007217,437,24,13,11,42,9,12,12,9,47,16,10,1,5,15,40,33,7,63,4,29,20,10,45,35,10,48,44,4,46,21,25,82,10,72
S01007218,429,36,26,10,80,20,22,17,21,60,18,14,4,5,19,47,37,10,61,3,27,24,7,36,29,7,29,25,4,46,23,23,34,3,31
S01007219,379,31,23,8,30,7,9,9,5,49,12,13,4,1,19,42,32,10,68,5,33,16,14,48,36,12,26,24,2,34,17,17,51,10,41
S01007220,337,13,5,8,24,7,8,5,4,41,18,8,2,2,11,30,19,11,49,2,20,19,8,34,26,8,40,38,2,45,18,27,61,10,51
S01007221,303,28,20,8,74,24,16,24,10,53,13,10,5,4,21,39,26,13,43,2,22,15,4,17,9,8,16,15,1,24,15,9,9,2,7
S01007222,389,37,21,16,36,11,8,7,10,42,15,7,2,3,15,33,24,9,61,7,23,16,15,38,28,10,44,35,9,40,24,16,58,9,49
S01007223,267,29,17,12,52,10,18,12,12,46,16,9,5,1,15,24,19,5,38,3,24,5,6,22,12,10,15,13,2,25,14,11,16,3,13
S01007224,274,30,22,8,52,11,20,14,7,31,14,5,1,2,9,24,14,10,35,5,10,10,10,30,18,12,15,9,6,27,17,10,30,8,22
S01007225,473,58,26,32,77,14,18,25,20,65,10,18,5,7,25,40,23,17,80,31,27,15,7,39,28,11,18,18,0,42,25,17,54,19,35
S01007226,424,41,23,18,73,19,25,17,12,54,7,11,10,9,17,39,24,15,93,40,29,18,6,31,27,4,21,20,1,25,9,16,47,20,27
S01007227,452,39,27,12,63,17,21,13,12,59,7,18,9,3,22,43,30,13,71,6,26,24,15,46,36,10,36,26,10,44,18,26,51,18,33
S01007228,324,31,21,10,55,12,18,12,13,29,6,5,3,4,11,34,25,9,78,33,18,18,9,26,19,7,13,10,3,24,14,10,34,15,19
S01007229,601,69,35,34,81,12,26,25,18,72,12,22,6,9,23,54,38,16,123,53,34,27,9,60,43,17,35,26,9,49,25,24,58,30,28
S01007230,314,18,8,10,15,2,6,4,3,18,1,10,2,2,3,26,22,4,59,4,22,22,11,34,26,8,24,19,5,39,20,19,81,35,46
S01007231,272,13,11,2,15,4,4,2,5,16,2,2,3,0,9,20,18,2,65,7,21,22,15,26,20,6,19,19,0,39,26,13,59,25,34
S01007232,300,13,7,6,16,2,5,4,5,19,3,6,3,1,6,33,24,9,50,7,17,14,12,42,29,13,25,21,4,45,23,22,57,19,38
S01007233,387,26,11,15,53,7,21,8,17,35,11,9,6,2,7,32,26,6,76,12,24,27,13,31,23,8,31,26,5,49,36,13,54,18,36
S01007234,270,22,12,10,27,6,12,3,6,33,6,15,1,3,8,13,12,1,36,3,9,16,8,35,25,10,23,22,1,43,22,21,38,13,25
S01007235,360,25,13,12,35,5,13,11,6,40,18,5,0,3,14,31,22,9,65,7,18,23,17,31,20,11,46,41,5,45,28,17,42,8,34
S01007236,312,23,12,11,36,6,17,8,5,39,14,11,3,3,8,36,31,5,44,4,15,10,15,38,25,13,29,22,7,37,19,18,30,5,25
S01007237,358,22,16,6,42,5,18,11,8,41,5,7,6,3,20,51,38,13,55,6,18,23,8,39,29,10,28,26,2,49,23,26,31,8,23
S01007238,459,37,21,16,56,8,18,18,12,52,5,18,4,5,20,50,39,11,64,4,27,23,10,44,35,9,38,34,4,55,30,25,63,14,49
S01007239,358,43,25,18,72,16,23,19,14,48,11,8,5,4,20,46,35,11,49,3,26,15,5,26,20,6,22,19,3,32,18,14,20,6,14
S01007240,291,31,17,14,29,6,7,6,10,30,6,5,4,3,12,29,19,10,57,25,15,11,6,38,32,6,21,17,4,25,13,12,31,14,17
S01007241,343,32,15,17,60,14,15,17,14,45,3,8,10,5,19,33,24,9,75,29,17,14,15,29,22,7,14,13,1,18,8,10,37,17,20
S01007242,466,32,17,15,70,8,24,19,19,75,13,14,13,5,30,51,40,11,75,7,37,20,11,42,32,10,38,29,9,30,13,17,53,15,38
S01007243,290,32,22,10,59,5,17,24,13,43,3,9,9,4,18,31,24,7,44,4,17,15,8,21,13,8,15,12,3,23,12,11,22,7,15
S01007244,352,40,25,15,50,10,12,21,7,47,7,8,3,7,22,38,30,8,60,16,16,21,7,31,24,7,15,13,2,35,14,21,36,16,20
S01007245,349,27,9,18,39,6,13,12,8,41,4,16,6,2,13,40,31,9,67,17,20,22,8,33,24,9,28,16,12,35,10,25,39,16,23
S01007246,304,27,15,12,41,5,10,13,13,27,4,5,5,1,12,37,27,10,73,18,21,24,10,19,16,3,16,14,2,33,13,20,31,15,16
S01007247,337,39,14,25,65,13,22,16,14,35,3,8,4,4,16,27,18,9,58,22,15,15,6,36,24,12,12,11,1,28,13,15,37,17,20
S01007248,354,47,32,15,63,9,20,16,18,51,7,2,15,3,24,50,42,8,45,10,12,18,5,23,16,7,31,26,5,24,16,8,20,0,20
S01007249,177,17,12,5,31,7,6,9,9,29,5,6,5,1,12,30,23,7,16,0,7,5,4,11,11,0,17,15,2,13,7,6,13,3,10
S01007250,456,31,15,16,47,8,13,11,15,73,12,23,15,7,16,51,43,8,77,11,26,27,13,45,30,15,44,36,8,41,14,27,47,13,34
S01007251,232,20,10,10,18,1,6,6,5,29,3,7,6,2,11,31,24,7,36,4,16,11,5,23,16,7,23,18,5,20,10,10,32,11,21
S01007252,399,20,11,9,40,4,10,16,10,39,5,8,5,5,16,56,41,15,88,12,27,30,19,37,23,14,30,30,0,38,24,14,51,12,39
S01007253,380,29,23,6,59,5,22,15,17,61,6,18,12,6,19,47,40,7,54,2,25,12,15,28,19,9,24,17,7,39,16,23,39,5,34
S01007254,343,19,12,7,35,6,10,12,7,28,4,8,6,3,7,42,39,3,61,2,23,19,17,36,27,9,36,30,6,26,14,12,60,17,43
S01007255,338,14,8,6,28,5,8,10,5,29,4,5,7,0,13,27,22,5,59,3,27,18,11,40,37,3,31,28,3,36,24,12,74,26,48
S01007256,391,19,11,8,37,1,17,8,11,42,5,11,5,4,17,28,22,6,84,5,26,29,24,33,23,10,34,28,6,49,26,23,65,13,52
S01007257,281,20,15,5,16,3,3,2,8,26,3,6,6,4,7,20,18,2,52,6,16,15,15,20,15,5,33,27,6,40,22,18,54,16,38
S01007258,381,31,21,10,45,3,21,13,8,46,10,7,4,6,19,38,29,9,57,6,17,25,9,35,30,5,32,28,4,43,27,16,54,13,41
S01007259,379,20,8,12,25,10,3,5,7,36,5,16,4,2,9,39,30,9,69,9,16,32,12,41,29,12,36,30,6,46,24,22,67,12,55
S01007260,409,16,10,6,26,4,13,5,4,39,8,12,4,6,9,39,30,9,78,11,19,26,22,43,33,10,31,25,6,57,32,25,80,25,55
S01007261,374,43,29,14,48,9,13,12,14,56,10,11,12,4,19,32,29,3,54,3,21,22,8,34,26,8,36,28,8,33,22,11,38,12,26
S01007262,343,16,13,3,31,5,9,5,12,24,5,10,4,0,5,31,21,10,51,3,19,18,11,40,33,7,29,26,3,62,43,19,59,15,44
S01007263,369,17,11,6,25,3,10,7,5,38,3,14,4,2,15,40,33,7,51,5,21,14,11,43,38,5,40,30,10,61,33,28,54,13,41
S01007264,350,25,18,7,49,9,18,8,14,39,9,6,8,6,10,28,24,4,57,1,22,19,15,32,27,5,33,31,2,39,20,19,48,9,39
S01007265,519,38,23,15,44,7,12,11,14,48,10,11,3,6,18,61,50,11,78,7,31,30,10,57,37,20,52,43,9,59,31,28,82,25,57
S01007266,367,17,13,4,62,12,27,9,14,45,6,12,3,6,18,35,23,12,62,3,15,29,15,33,23,10,32,23,9,39,11,28,42,17,25
S01007267,290,18,11,7,63,12,18,20,13,31,5,7,2,8,9,26,21,5,73,36,19,12,6,21,14,7,11,9,2,20,5,15,27,8,19
S01007268,312,35,18,17,58,6,21,14,17,41,4,7,1,11,18,30,22,8,65,30,14,17,4,22,19,3,11,10,1,21,5,16,29,13,16
S01007269,241,34,21,13,45,5,14,19,7,26,5,8,3,3,7,22,17,5,40,8,11,13,8,22,13,9,14,12,2,19,9,10,19,6,13
S01007270,264,21,9,12,40,2,10,13,15,33,1,11,3,4,14,24,13,11,72,34,9,19,10,21,17,4,11,9,2,20,5,15,22,10,12
S01007271,487,46,20,26,69,12,17,30,10,54,7,16,10,4,17,49,35,14,92,5,35,40,12,46,36,10,31,25,6,53,31,22,47,12,35
S01007272,360,15,7,8,25,6,11,5,3,42,11,14,4,1,12,30,28,2,66,7,17,27,15,44,34,10,23,20,3,52,28,24,63,21,42
S01007273,319,23,15,8,43,2,10,17,14,32,7,8,4,1,12,46,36,10,41,3,14,14,10,31,25,6,18,15,3,34,21,13,51,12,39
S01007274,390,31,13,18,64,16,13,17,18,52,8,15,6,7,16,33,24,9,58,5,24,22,7,42,27,15,26,19,7,40,21,19,44,9,35
S01007275,248,22,9,13,62,11,17,14,20,35,7,13,3,5,7,20,18,2,28,4,9,10,5,19,16,3,20,15,5,22,12,10,20,5,15
S01007276,387,28,17,11,59,9,19,16,15,45,7,16,8,3,11,48,40,8,62,3,27,25,7,39,26,13,36,29,7,39,22,17,31,6,25
S01007277,358,27,16,11,85,7,30,36,12,57,7,14,9,5,22,32,24,8,44,6,10,20,8,36,28,8,24,22,2,17,10,7,36,6,30
S01007278,262,32,22,10,54,12,11,21,10,35,5,5,6,7,12,31,23,8,36,4,9,17,6,17,16,1,17,12,5,21,12,9,19,4,15
S01007279,304,32,16,16,57,7,12,23,15,30,2,8,4,8,8,22,9,13,86,55,7,18,6,16,10,6,9,8,1,12,4,8,40,23,17
S01007280,281,19,6,13,51,8,13,17,13,33,5,7,2,6,13,25,20,5,73,44,10,13,6,22,12,10,11,8,3,13,4,9,34,18,16
S01007281,501,49,28,21,57,9,14,15,19,72,8,13,15,4,32,53,44,9,100,46,29,15,10,45,37,8,26,23,3,34,12,22,65,30,35
S01007282,295,20,12,8,40,11,8,10,11,26,5,3,2,7,9,18,11,7,83,62,10,9,2,33,22,11,11,11,0,24,13,11,40,22,18
S01007283,389,51,24,27,84,21,17,22,24,41,7,6,5,7,16,35,22,13,58,15,14,12,17,26,19,7,17,13,4,32,18,14,45,15,30
S01007284,406,37,13,24,52,6,15,22,9,53,5,7,11,15,15,37,26,11,96,44,19,20,13,46,35,11,13,12,1,30,12,18,42,10,32
S01007285,432,68,18,50,44,11,14,10,9,42,3,5,4,14,16,28,20,8,107,38,17,33,19,47,29,18,15,12,3,30,16,14,51,21,30
S01007286,490,63,22,41,65,6,12,37,10,45,6,7,3,9,20,41,25,16,103,23,22,36,22,42,29,13,34,31,3,34,14,20,63,15,48
S01007287,343,57,10,47,34,6,4,13,11,38,0,6,1,19,12,17,14,3,95,49,7,14,25,31,11,20,11,7,4,24,5,19,36,9,27
S01007288,302,51,14,37,39,10,7,14,8,25,1,7,2,7,8,21,17,4,60,33,4,17,6,35,15,20,10,10,0,20,6,14,41,15,26
S01007289,447,56,23,33,79,4,16,39,20,56,6,9,6,9,26,53,34,19,53,12,16,18,7,46,27,19,29,24,5,33,9,24,42,5,37
S01007290,359,32,14,18,46,3,15,18,10,38,3,7,5,4,19,33,25,8,52,3,13,27,9,45,36,9,29,27,2,37,15,22,47,1,46
S01007291,313,37,15,22,40,4,19,9,8,30,4,5,4,6,11,32,21,11,42,2,12,18,10,23,16,7,36,35,1,32,10,22,41,3,38
S01007292,423,35,25,10,45,2,18,11,14,53,4,6,10,12,21,44,30,14,74,5,27,34,8,46,33,13,39,37,2,38,15,23,49,6,43
S01007293,406,21,13,8,26,6,7,6,7,23,2,5,8,1,7,25,16,9,70,8,9,34,19,54,43,11,67,66,1,32,15,17,88,14,74
S01007294,477,26,16,10,50,4,21,14,11,38,7,8,5,4,14,46,35,11,89,7,22,44,16,59,41,18,43,40,3,49,16,33,77,12,65
S01007295,227,16,9,7,15,2,5,4,4,16,2,3,3,3,5,17,11,6,44,7,12,15,10,30,21,9,20,19,1,25,8,17,44,10,34
S01007296,319,39,11,28,38,8,10,10,10,34,7,2,2,4,19,18,10,8,56,6,24,15,11,28,14,14,31,25,6,33,7,26,42,9,33
S01007297,542,82,31,51,103,20,32,30,21,66,13,3,14,15,21,41,25,16,82,8,25,24,25,36,25,11,44,41,3,18,12,6,70,7,63
S01007298,279,23,10,13,29,3,10,8,8,24,3,3,1,5,12,26,21,5,48,4,17,18,9,31,23,8,32,29,3,26,10,16,40,3,37
S01007299,483,51,19,32,48,11,13,9,15,30,4,4,4,3,15,40,26,14,88,6,33,32,17,41,29,12,44,42,2,52,28,24,89,7,82
S01007300,250,25,11,14,16,4,5,4,3,16,3,2,5,2,4,20,16,4,51,8,10,18,15,33,18,15,26,25,1,21,6,15,42,8,34
S01007301,386,63,22,41,68,8,21,22,17,35,2,6,4,6,17,46,35,11,62,20,17,17,8,29,18,11,26,24,2,23,13,10,34,6,28
S01007302,318,24,12,12,22,5,4,7,6,24,3,4,5,5,7,32,20,12,64,20,12,18,14,35,28,7,42,38,4,33,10,23,42,3,39
S01007303,457,59,23,36,70,16,18,21,15,56,6,9,8,14,19,42,29,13,84,15,24,25,20,45,24,21,32,30,2,32,14,18,37,4,33
S01007304,326,53,22,31,31,9,6,8,8,38,3,5,3,11,16,29,17,12,78,39,8,19,12,26,16,10,8,6,2,25,12,13,38,12,26
S01007305,393,43,23,20,85,12,30,21,22,33,7,7,4,6,9,38,24,14,62,18,22,15,7,35,27,8,24,21,3,35,18,17,38,13,25
S01007306,367,36,18,18,64,15,14,16,19,44,9,9,9,4,13,39,33,6,61,13,16,20,12,41,31,10,22,20,2,28,9,19,32,8,24
S01007307,424,62,29,33,72,16,22,18,16,48,5,10,7,13,13,39,33,6,72,28,18,21,5,37,23,14,26,25,1,28,13,15,40,11,29
S01007308,412,59,15,44,46,11,13,13,9,43,8,4,5,7,19,39,21,18,77,22,14,26,15,37,13,24,22,19,3,24,10,14,65,8,57
S01007309,344,63,18,45,47,7,15,13,12,41,7,6,6,9,13,29,16,13,62,19,11,20,12,26,12,14,13,10,3,30,11,19,33,8,25
S01007310,349,45,15,30,72,11,26,25,10,33,4,8,4,2,15,28,13,15,79,31,16,21,11,23,15,8,18,17,1,27,9,18,24,9,15
S01007311,447,60,23,37,34,6,8,8,12,26,1,3,9,3,10,36,26,10,85,15,22,22,26,52,24,28,50,46,4,34,11,23,70,15,55
S01007312,344,41,19,22,56,9,12,19,16,36,5,5,3,2,21,43,32,11,64,16,11,25,12,30,22,8,18,17,1,33,18,15,23,4,19
S01007313,509,63,23,40,98,12,26,30,30,79,11,14,4,25,25,47,33,14,107,45,23,27,12,28,22,6,16,16,0,24,7,17,47,20,27
S01007314,371,29,13,16,76,11,31,22,12,46,4,5,7,11,19,44,37,7,64,17,15,25,7,36,33,3,14,13,1,17,10,7,45,13,32
S01007315,503,42,23,19,92,9,36,19,28,48,7,7,10,1,23,76,65,11,76,8,25,32,11,54,43,11,20,19,1,42,19,23,53,19,34
S01007316,392,35,15,20,55,7,19,17,12,33,4,8,2,4,15,45,40,5,48,7,14,17,10,52,47,5,27,24,3,25,14,11,72,19,53
S01007317,354,33,21,12,63,6,30,14,13,28,4,4,3,6,11,40,32,8,61,13,20,21,7,49,42,7,17,16,1,23,11,12,40,12,28
S01007318,295,16,6,10,43,9,15,10,9,22,4,4,0,4,10,38,28,10,48,10,11,20,7,39,32,7,13,12,1,28,12,16,48,15,33
S01007319,373,35,23,12,68,10,26,19,13,38,13,6,1,1,17,33,29,4,67,14,10,24,19,36,29,7,21,21,0,29,9,20,46,9,37
S01007320,373,66,23,43,61,13,15,18,15,53,3,9,1,19,21,42,33,9,65,24,16,17,8,22,17,5,14,9,5,17,10,7,33,20,13
S01007321,310,49,17,32,48,13,9,20,6,29,7,4,0,10,8,28,22,6,55,22,12,14,7,25,17,8,11,11,0,23,7,16,42,20,22
S01007322,363,43,12,31,34,5,15,9,5,35,7,7,5,4,12,50,41,9,80,27,21,16,16,24,18,6,18,17,1,33,7,26,46,19,27
S01007323,255,24,9,15,25,4,4,12,5,20,4,2,7,1,6,34,27,7,46,17,6,13,10,12,11,1,18,17,1,33,6,27,43,14,29
S01007324,168,25,3,22,25,2,9,8,6,15,0,7,3,2,3,12,7,5,33,13,3,6,11,17,11,6,6,5,1,14,8,6,21,5,16
S01007325,389,42,17,25,56,4,15,20,17,37,2,7,7,7,14,37,23,14,77,37,18,9,13,35,22,13,16,13,3,38,21,17,51,21,30
S01007326,385,37,21,16,33,3,17,10,3,24,4,5,1,3,11,38,27,11,101,48,12,25,16,40,29,11,12,11,1,46,29,17,54,20,34
S01007327,367,40,10,30,43,10,9,20,4,29,5,6,9,3,6,26,23,3,66,7,12,39,8,43,29,14,24,21,3,39,26,13,57,17,40
S01007328,417,27,12,15,39,4,14,17,4,27,2,5,8,4,8,35,23,12,90,21,18,30,21,43,25,18,30,26,4,57,39,18,69,18,51
S01007329,340,41,14,27,41,3,5,20,13,28,2,6,2,3,15,19,13,6,96,61,8,16,11,26,19,7,11,9,2,31,18,13,47,16,31
S01007330,339,54,17,37,39,3,18,10,8,33,6,6,9,2,10,31,24,7,73,43,7,12,11,38,21,17,17,12,5,22,9,13,32,11,21
S01007331,511,48,9,39,54,9,13,18,14,41,6,6,13,0,16,50,43,7,127,56,22,38,11,48,36,12,29,25,4,41,19,22,73,37,36
S01007332,239,21,9,12,41,3,12,15,11,16,1,8,2,2,3,15,12,3,81,54,13,7,7,13,9,4,6,5,1,9,1,8,37,17,20
S01007333,363,36,14,22,63,5,17,24,17,34,6,10,5,0,13,45,33,12,67,7,28,19,13,40,21,19,17,14,3,33,17,16,28,7,21
S01007334,275,16,9,7,13,2,4,1,6,23,4,7,6,0,6,24,21,3,54,9,16,15,14,36,21,15,25,23,2,28,12,16,56,11,45
S01007335,340,13,6,7,16,0,10,6,0,30,5,6,7,5,7,44,33,11,64,7,23,26,8,45,33,12,31,29,2,35,20,15,62,11,51
S01007336,227,19,10,9,25,5,9,10,1,24,6,1,4,6,7,25,22,3,40,9,15,10,6,18,16,2,16,14,2,17,9,8,43,12,31
S01007337,260,29,13,16,16,1,6,8,1,28,5,6,6,2,9,35,28,7,47,12,9,15,11,36,26,10,19,18,1,14,10,4,36,5,31
S01007338,362,23,11,12,24,2,7,9,6,26,3,7,8,5,3,54,44,10,70,13,33,13,11,33,24,9,33,30,3,38,14,24,61,14,47
S01007339,278,32,14,18,49,2,14,23,10,25,3,7,1,2,12,33,27,6,42,10,14,14,4,34,25,9,20,17,3,21,9,12,22,5,17
S01007340,183,16,3,13,21,2,8,4,7,17,1,5,2,2,7,13,9,4,34,4,12,15,3,30,23,7,15,8,7,8,3,5,29,7,22
S01007341,272,35,9,26,33,1,10,15,7,28,2,6,7,3,10,23,16,7,48,9,11,17,11,33,25,8,23,10,13,22,7,15,27,6,21
S01007342,369,57,24,33,85,11,29,27,18,39,4,7,5,6,17,37,26,11,45,7,11,17,10,39,22,17,20,18,2,22,10,12,25,2,23
S01007343,319,36,8,28,41,3,15,16,7,21,0,2,2,4,13,24,19,5,85,53,13,9,10,33,23,10,25,18,7,13,2,11,41,20,21
S01007344,184,16,4,12,23,1,4,9,9,26,3,8,3,3,9,24,17,7,27,3,6,11,7,25,18,7,17,10,7,15,6,9,11,4,7
S01007345,225,11,5,6,13,1,6,6,0,17,1,4,6,2,4,14,10,4,45,6,12,17,10,40,31,9,29,18,11,19,10,9,37,7,30
S01007346,215,13,4,9,24,3,8,3,10,20,3,1,5,4,7,13,8,5,40,1,6,17,16,34,23,11,27,11,16,9,4,5,35,8,27
S01007347,228,21,14,7,17,1,3,9,4,18,1,4,4,2,7,17,11,6,47,7,11,20,9,31,23,8,28,20,8,11,3,8,38,6,32
S01007348,244,10,2,8,18,1,10,4,3,17,0,3,8,1,5,14,12,2,62,12,14,25,11,32,27,5,29,16,13,17,7,10,45,7,38
S01007349,182,17,9,8,17,0,8,7,2,10,0,4,2,1,3,16,12,4,27,7,6,8,6,32,27,5,31,19,12,11,2,9,21,8,13
S01007350,243,39,6,33,19,1,5,7,6,25,4,6,3,5,7,18,13,5,38,2,11,15,10,23,19,4,24,15,9,28,11,17,29,4,25
S01007351,264,42,9,33,25,1,11,8,5,28,2,3,4,6,13,26,17,9,66,19,11,31,5,25,16,9,9,8,1,8,4,4,35,14,21
S01007352,243,43,10,33,28,6,8,8,6,39,4,3,4,8,20,13,9,4,61,33,7,15,6,15,9,6,6,4,2,12,5,7,26,12,14
S01007353,264,29,17,12,50,7,9,21,13,33,5,3,7,10,8,27,20,7,45,12,9,21,3,24,21,3,18,12,6,9,3,6,29,3,26
S01007354,313,36,16,20,63,10,16,22,15,49,4,2,16,13,14,29,24,5,40,8,6,20,6,39,32,7,17,10,7,20,4,16,20,1,19
S01007355,431,64,23,41,73,18,19,24,12,58,6,6,4,19,23,29,15,14,78,20,20,20,18,31,22,9,22,19,3,27,8,19,49,11,38
S01007356,289,43,14,29,55,7,16,15,17,40,4,10,4,5,17,26,15,11,28,6,4,12,6,38,33,5,12,8,4,21,12,9,26,8,18
S01007357,369,60,27,33,56,11,12,10,23,30,2,4,4,5,15,23,16,7,70,17,17,21,15,28,25,3,30,26,4,26,9,17,46,21,25
S01007358,506,65,16,49,65,11,19,13,22,81,12,9,17,18,25,33,23,10,80,7,27,27,19,47,24,23,22,20,2,26,11,15,87,6,81
S01007359,329,26,9,17,33,5,10,12,6,29,2,5,7,3,12,24,20,4,49,7,13,14,15,56,48,8,33,23,10,32,9,23,47,10,37
S01007360,220,40,17,23,33,4,12,8,9,27,3,5,1,5,13,19,15,4,26,3,7,11,5,29,20,9,16,13,3,11,4,7,19,1,18
S01007361,435,48,17,31,65,9,17,27,12,60,6,16,7,13,18,44,34,10,63,7,11,31,14,55,38,17,37,29,8,25,8,17,38,4,34
S01007362,326,35,13,22,56,8,18,17,13,28,2,8,8,2,8,34,27,7,42,6,14,14,8,43,39,4,36,22,14,15,5,10,37,9,28
S01007363,253,21,9,12,40,5,16,11,8,24,2,5,5,2,10,30,22,8,37,1,16,17,3,38,30,8,23,13,10,19,4,15,21,6,15
S01007364,343,25,12,13,18,1,12,2,3,20,1,5,6,1,7,30,24,6,50,5,7,16,22,64,54,10,51,37,14,24,8,16,61,6,55
S01007365,202,9,4,5,21,4,5,9,3,23,2,2,4,3,12,16,12,4,32,1,11,17,3,44,36,8,12,10,2,9,5,4,36,8,28
S01007366,149,11,2,9,19,1,5,7,6,11,1,3,3,1,3,12,10,2,22,4,4,8,6,16,13,3,12,9,3,14,5,9,32,3,29
S01007367,250,18,6,12,17,1,5,3,8,21,3,1,4,4,9,23,16,7,40,3,11,14,12,41,30,11,36,26,10,22,7,15,32,5,27
S01007368,200,17,8,9,9,0,3,4,2,17,3,5,2,2,5,21,16,5,26,1,5,15,5,36,25,11,29,17,12,13,5,8,32,6,26
S01007369,360,23,10,13,41,1,18,16,6,37,7,5,8,4,13,35,29,6,64,6,14,32,12,55,47,8,42,25,17,27,8,19,36,9,27
S01007370,378,29,13,16,36,8,11,10,7,47,4,8,8,5,22,37,29,8,63,1,12,27,23,46,35,11,48,31,17,12,4,8,60,11,49
S01007371,335,24,10,14,33,6,9,12,6,52,4,11,9,9,19,40,26,14,51,4,16,22,9,33,26,7,43,31,12,15,3,12,44,4,40
S01007372,365,45,14,31,60,4,18,25,13,38,3,10,9,3,13,38,31,7,45,4,12,22,7,40,31,9,29,22,7,26,11,15,44,4,40
S01007373,259,31,17,14,54,10,14,11,19,32,4,1,8,12,7,31,25,6,40,4,21,13,2,24,20,4,7,5,2,22,12,10,18,4,14
S01007374,269,24,13,11,46,11,11,13,11,44,2,1,18,7,16,28,21,7,35,5,16,8,6,25,21,4,16,13,3,20,13,7,31,7,24
S01007375,204,36,24,12,33,7,10,6,10,31,1,1,9,7,13,20,15,5,24,6,4,9,5,19,16,3,9,5,4,11,6,5,21,3,18
S01007376,360,18,5,13,25,5,10,4,6,48,5,6,22,5,10,48,36,12,54,3,22,17,12,49,39,10,29,26,3,17,8,9,72,6,66
S01007377,339,28,15,13,60,20,19,9,12,82,2,4,39,7,30,39,23,16,46,3,18,17,8,23,16,7,12,9,3,17,7,10,32,1,31
S01007378,1164,71,66,5,54,11,14,16,13,905,1,5,881,4,14,23,16,7,39,8,14,12,5,24,16,8,13,9,4,17,4,13,18,2,16
S01007379,208,5,1,4,11,1,3,1,6,27,3,1,14,1,8,25,20,5,34,3,11,11,9,26,19,7,11,10,1,14,2,12,55,5,50
S01007380,290,19,14,5,30,7,10,9,4,41,3,2,21,4,11,33,26,7,39,5,16,9,9,35,24,11,18,14,4,19,6,13,56,6,50
S01007381,197,48,40,8,61,10,17,21,13,23,1,2,7,4,9,19,14,5,11,1,6,2,2,12,8,4,5,5,0,6,3,3,12,0,12
S01007382,325,48,31,17,77,14,19,22,22,60,6,5,22,8,19,41,30,11,30,0,10,11,9,26,19,7,13,9,4,13,7,6,17,2,15
S01007383,346,57,39,18,79,15,27,16,21,59,7,4,21,7,20,33,24,9,30,3,14,7,6,29,19,10,16,14,2,13,2,11,30,3,27
S01007384,384,55,46,9,53,7,19,15,12,82,8,6,30,6,32,55,42,13,28,2,13,6,7,42,36,6,25,22,3,13,5,8,31,2,29
S01007385,362,36,16,20,64,18,14,18,14,60,7,2,17,2,32,41,32,9,49,1,20,19,9,46,32,14,24,19,5,10,4,6,32,4,28
S01007386,354,64,41,23,113,20,23,33,37,51,1,5,14,11,20,46,35,11,17,1,10,4,2,24,14,10,15,13,2,10,8,2,14,0,14
S01007387,365,65,43,22,107,21,25,33,28,69,2,5,17,5,40,23,16,7,26,7,7,6,6,19,14,5,25,19,6,14,5,9,17,1,16
S01007388,342,36,26,10,70,13,19,23,15,72,10,6,31,5,20,50,40,10,28,1,14,8,5,32,28,4,17,15,2,11,4,7,26,0,26
S01007389,258,12,7,5,10,1,1,3,5,106,5,2,87,2,10,16,11,5,18,1,5,7,5,41,33,8,26,23,3,8,4,4,21,0,21
S01007390,258,14,8,6,12,5,1,2,4,86,0,7,70,1,8,32,25,7,19,2,3,6,8,39,26,13,28,26,2,4,1,3,24,1,23
S01007391,282,26,15,11,48,13,15,7,13,67,11,3,28,5,20,40,28,12,23,2,12,2,7,20,12,8,17,13,4,11,6,5,30,4,26
S01007392,203,25,15,10,50,13,18,12,7,39,4,4,16,4,11,23,17,6,27,0,12,6,9,6,2,4,12,11,1,8,3,5,13,2,11
S01007393,247,51,34,17,76,8,27,17,24,27,0,5,9,4,9,29,21,8,17,2,3,7,5,18,12,6,9,8,1,10,5,5,10,0,10
S01007394,242,32,19,13,71,11,23,17,20,38,4,4,10,2,18,30,18,12,26,4,8,9,5,16,12,4,12,10,2,3,1,2,14,0,14
S01007395,388,24,16,8,38,7,9,10,12,65,5,1,29,3,27,45,38,7,62,7,19,24,12,59,40,19,36,25,11,21,8,13,38,5,33
S01007396,377,29,17,12,46,11,15,10,10,72,8,7,27,4,26,38,29,9,52,5,16,20,11,46,31,15,25,21,4,22,9,13,47,5,42
S01007397,435,48,28,20,99,13,34,30,22,71,5,6,26,7,27,47,34,13,52,3,21,18,10,42,32,10,21,17,4,25,7,18,30,1,29
S01007398,287,12,8,4,16,6,2,7,1,23,0,4,11,2,6,19,14,5,37,2,14,13,8,50,38,12,28,22,6,22,8,14,80,10,70
S01007399,249,14,8,6,22,4,9,4,5,29,1,8,12,1,7,19,14,5,37,3,6,20,8,31,26,5,27,23,4,20,3,17,50,5,45
S01007400,330,37,21,16,57,14,14,18,11,52,5,5,20,9,13,38,28,10,34,3,13,12,6,35,29,6,29,27,2,16,5,11,32,2,30
S01007401,349,26,9,17,45,8,11,13,13,75,4,8,32,6,25,46,32,14,47,2,26,11,8,31,21,10,39,35,4,11,0,11,29,1,28
S01007402,310,29,21,8,49,11,10,19,9,55,6,8,18,5,18,40,31,9,32,2,10,11,9,33,27,6,22,19,3,25,6,19,25,0,25
S01007403,408,26,17,9,47,8,15,14,10,172,6,5,143,3,15,31,22,9,22,4,9,5,4,38,28,10,28,26,2,12,6,6,32,2,30
S01007404,223,35,9,26,39,11,11,10,7,21,1,1,9,3,7,19,12,7,46,19,12,11,4,14,9,5,10,10,0,13,6,7,26,13,13
S01007405,356,58,31,27,96,19,21,27,29,63,6,6,20,7,24,39,24,15,29,14,7,7,1,19,12,7,18,14,4,12,6,6,22,3,19
S01007406,293,46,25,21,83,12,14,33,24,49,4,7,19,4,15,29,21,8,26,5,11,7,3,25,18,7,11,8,3,10,4,6,14,1,13
S01007407,340,46,34,12,74,17,18,20,19,58,6,3,14,10,25,43,35,8,40,5,17,9,9,20,12,8,17,14,3,20,9,11,22,1,21
S01007408,281,17,15,2,35,10,13,5,7,48,4,1,20,4,19,35,27,8,56,10,21,20,5,29,26,3,20,13,7,15,7,8,26,4,22
S01007409,373,32,22,10,46,9,12,9,16,34,8,6,11,2,7,47,43,4,47,0,25,17,5,43,29,14,29,22,7,47,24,23,48,11,37
S01007410,258,12,10,2,12,1,7,3,1,16,4,2,7,1,2,23,22,1,41,3,15,12,11,38,25,13,31,28,3,35,18,17,50,11,39
S01007411,346,27,20,7,28,6,5,6,11,22,2,7,3,2,8,39,30,9,45,0,18,17,10,35,22,13,44,30,14,47,15,32,59,9,50
S01007412,206,10,5,5,21,7,7,5,2,18,3,0,1,5,9,27,22,5,30,2,11,11,6,17,12,5,22,19,3,26,17,9,35,10,25
S01007413,528,44,25,19,72,18,19,15,20,77,11,10,15,3,38,75,53,22,71,2,40,22,7,51,41,10,52,40,12,49,24,25,37,6,31
S01007414,398,42,36,6,92,24,20,25,23,76,11,10,22,4,29,46,34,12,31,1,10,11,9,31,26,5,33,29,4,22,12,10,25,3,22
S01007415,367,18,12,6,23,2,7,6,8,36,4,8,10,3,11,25,16,9,42,2,14,20,6,42,30,12,40,33,7,65,32,33,76,15,61
S01007416,197,8,4,4,12,2,5,4,1,7,1,1,0,1,4,14,12,2,28,0,9,9,10,24,17,7,29,23,6,32,13,19,43,9,34
S01007417,549,63,49,14,98,26,20,28,24,108,15,8,32,3,50,70,58,12,50,6,26,9,9,32,27,5,51,34,17,42,20,22,35,4,31
S01007418,297,17,13,4,21,4,8,3,6,24,4,2,2,2,14,32,25,7,32,0,12,14,6,30,22,8,33,30,3,44,27,17,64,8,56
S01007419,360,9,4,5,25,4,4,13,4,32,6,2,7,4,13,26,21,5,42,2,17,13,10,51,42,9,49,34,15,48,22,26,78,14,64
S01007420,563,63,44,19,77,25,20,19,13,80,6,8,29,7,30,56,48,8,105,8,33,47,17,32,27,5,39,26,13,45,28,17,66,11,55
S01007421,351,33,20,13,97,23,17,23,34,50,11,2,8,4,25,31,27,4,35,1,13,14,7,28,23,5,21,14,7,20,8,12,36,6,30
S01007422,278,26,17,9,52,6,16,14,16,34,7,1,4,6,16,26,19,7,39,3,12,16,8,31,27,4,25,20,5,19,12,7,26,5,21
S01007423,409,49,36,13,91,16,22,35,18,74,14,5,17,10,28,36,32,4,47,3,18,18,8,38,25,13,25,21,4,21,10,11,28,2,26
S01007424,405,30,20,10,90,14,19,29,28,65,9,6,18,4,28,48,36,12,49,2,19,19,9,31,29,2,36,34,2,26,17,9,30,2,28
S01007425,421,40,33,7,73,15,19,22,17,49,9,7,6,5,22,40,31,9,56,5,28,16,7,38,33,5,45,40,5,38,11,27,42,3,39
S01007426,289,18,10,8,47,11,7,16,13,28,4,8,3,6,7,28,23,5,36,2,14,14,6,31,23,8,31,27,4,27,14,13,43,6,37
S01007427,265,22,14,8,20,5,8,3,4,29,3,3,8,3,12,22,19,3,39,2,14,11,12,33,28,5,33,28,5,31,14,17,36,5,31
S01007428,415,38,21,17,51,6,11,27,7,48,5,10,9,5,19,47,37,10,59,2,27,19,11,41,31,10,32,23,9,45,24,21,54,10,44
S01007429,383,33,20,13,66,8,11,27,20,46,5,3,12,10,16,39,29,10,53,2,27,16,8,35,25,10,32,25,7,32,15,17,47,11,36
S01007430,220,25,16,9,32,6,8,9,9,26,2,4,2,6,12,16,14,2,25,2,6,10,7,19,13,6,26,20,6,22,11,11,29,6,23
S01007431,300,29,24,5,46,8,11,16,11,47,4,6,12,6,19,43,33,10,28,2,16,6,4,25,17,8,34,28,6,12,9,3,36,3,33
S01007432,390,28,21,7,49,14,8,14,13,50,8,8,20,2,12,43,32,11,50,5,14,21,10,41,32,9,30,25,5,53,28,25,46,10,36
S01007433,365,41,32,9,62,13,12,18,19,46,4,8,12,8,14,25,17,8,54,14,15,20,5,33,30,3,37,27,10,27,13,14,40,10,30
S01007434,221,14,7,7,16,3,5,5,3,16,1,2,7,1,5,20,18,2,39,1,11,14,13,26,22,4,28,26,2,29,7,22,33,6,27
S01007435,341,20,13,7,44,7,9,17,11,41,7,6,7,6,15,38,28,10,51,4,21,18,8,41,33,8,37,29,8,33,23,10,36,5,31
S01007436,298,24,10,14,35,4,7,11,13,23,5,2,7,0,9,29,24,5,34,2,6,10,16,30,18,12,33,26,7,27,15,12,63,22,41
S01007437,201,17,9,8,36,4,8,12,12,23,7,1,6,3,6,22,14,8,23,2,11,5,5,22,20,2,22,17,5,18,10,8,18,1,17
S01007438,304,17,10,7,35,5,10,9,11,31,8,5,1,7,10,34,26,8,48,2,17,17,12,28,21,7,38,33,5,36,19,17,37,15,22
S01007439,325,16,14,2,50,16,6,16,12,42,10,10,4,3,15,34,32,2,48,1,16,15,16,39,30,9,30,21,9,29,17,12,37,7,30
S01007440,306,19,13,6,27,3,8,10,6,30,5,4,6,1,14,37,26,11,55,5,22,19,9,40,34,6,23,21,2,39,21,18,36,7,29
S01007441,290,32,23,9,55,11,12,22,10,42,6,7,8,1,20,37,31,6,37,2,22,8,5,16,13,3,31,26,5,22,12,10,18,2,16
S01007442,249,28,23,5,65,10,14,24,17,38,4,9,8,3,14,19,14,5,24,1,13,3,7,24,18,6,26,20,6,13,8,5,12,2,10
S01007443,350,46,30,16,93,13,22,31,27,32,3,1,4,6,18,32,26,6,43,4,12,19,8,33,28,5,21,17,4,13,3,10,37,5,32
S01007444,408,63,42,21,130,25,31,43,31,57,5,4,3,7,38,44,31,13,35,4,13,12,6,26,17,9,18,11,7,13,9,4,22,2,20
S01007445,287,44,38,6,109,25,28,30,26,35,0,4,2,8,21,27,17,10,21,4,5,7,5,20,15,5,14,12,2,9,7,2,8,1,7
S01007446,249,47,32,15,89,15,19,31,24,38,3,6,3,6,20,14,7,7,10,2,2,4,2,13,11,2,18,15,3,7,4,3,13,2,11
S01007447,236,35,24,11,74,21,20,16,17,26,2,5,0,5,14,20,13,7,29,7,4,13,5,13,10,3,13,12,1,9,4,5,17,2,15
S01007448,422,41,26,15,70,13,19,24,14,56,6,7,10,9,24,44,32,12,67,17,20,22,8,28,21,7,37,32,5,40,12,28,39,9,30
S01007449,440,24,19,5,49,17,11,15,6,44,4,10,10,1,19,39,27,12,52,1,27,18,6,64,44,20,51,44,7,57,25,32,60,7,53
S01007450,300,25,17,8,24,10,4,9,1,24,4,3,5,5,7,37,34,3,39,4,10,15,10,34,23,11,41,36,5,29,12,17,47,14,33
S01007451,304,18,11,7,33,6,15,7,5,31,6,5,6,0,14,46,36,10,30,1,13,12,4,34,27,7,43,31,12,31,12,19,38,11,27
S01007452,215,17,12,5,27,9,7,7,4,17,4,4,1,0,8,18,11,7,21,5,5,8,3,22,17,5,26,20,6,30,14,16,37,13,24
S01007453,345,47,31,16,69,20,20,17,12,75,12,6,14,3,40,37,32,5,38,0,14,10,14,18,14,4,22,18,4,22,15,7,17,1,16
S01007454,251,16,9,7,12,2,2,4,4,32,5,7,8,3,9,22,19,3,30,6,14,8,2,34,29,5,21,18,3,48,20,28,36,8,28
S01007455,365,26,18,8,25,5,5,8,7,32,5,8,10,0,9,28,25,3,44,6,15,17,6,58,51,7,53,40,13,42,21,21,57,17,40
S01007456,367,9,3,6,25,7,8,6,4,28,6,10,6,1,5,29,25,4,44,1,15,19,9,49,44,5,54,49,5,51,17,34,78,19,59
S01007457,479,33,19,14,50,6,18,12,14,55,6,5,17,3,24,45,35,10,78,4,29,31,14,50,41,9,47,39,8,47,22,25,74,11,63
S01007458,278,17,11,6,39,5,9,11,14,37,6,2,13,2,14,44,34,10,46,2,27,10,7,30,27,3,23,18,5,25,5,20,17,4,13
S01007459,292,19,8,11,42,8,5,17,12,37,7,3,7,5,15,45,35,10,47,2,20,13,12,29,25,4,22,19,3,25,5,20,26,3,23
S01007460,325,27,15,12,24,6,7,6,5,31,3,6,6,2,14,37,25,12,55,5,23,17,10,45,33,12,32,27,5,40,20,20,34,4,30
S01007461,253,13,8,5,19,2,4,9,4,12,2,2,2,2,4,18,11,7,32,4,6,18,4,42,33,9,31,24,7,32,20,12,54,8,46
S01007462,431,28,17,11,53,16,10,17,10,49,4,9,5,7,24,54,49,5,65,2,30,18,15,58,49,9,40,27,13,33,18,15,51,6,45
S01007463,324,21,10,11,21,6,4,6,5,13,0,4,4,1,4,27,22,5,44,6,14,10,14,29,17,12,47,37,10,44,18,26,78,9,69
S01007464,242,8,5,3,9,1,3,2,3,19,0,5,6,1,7,16,11,5,25,1,6,13,5,33,27,6,29,21,8,31,18,13,72,16,56
S01007465,233,10,8,2,9,4,2,1,2,14,3,4,1,0,6,13,12,1,18,0,6,6,6,41,32,9,34,29,5,44,17,27,50,7,43
S01007466,403,21,11,10,39,7,13,11,8,28,3,5,4,0,16,42,37,5,32,2,11,14,5,48,40,8,70,60,10,43,21,22,80,19,61
S01007467,429,32,21,11,47,8,15,13,11,55,6,11,10,8,20,51,36,15,70,6,35,16,13,36,28,8,41,36,5,32,18,14,65,13,52
S01007468,410,34,23,11,53,11,13,17,12,45,5,8,10,4,18,45,31,14,56,2,29,17,8,45,36,9,44,36,8,39,21,18,49,9,40
S01007469,278,16,9,7,22,5,7,3,7,26,1,2,5,4,14,37,32,5,37,1,14,12,10,41,30,11,24,16,8,32,17,15,43,5,38
S01007470,271,20,16,4,25,5,6,9,5,32,8,5,3,7,9,28,22,6,37,4,9,12,12,33,26,7,30,25,5,28,14,14,38,4,34
S01007471,250,10,7,3,22,6,1,4,11,37,7,5,10,4,11,35,28,7,30,0,14,12,4,31,22,9,33,25,8,20,10,10,32,9,23
S01007472,223,6,3,3,18,4,7,4,3,15,3,5,1,2,4,23,20,3,41,3,16,18,4,32,25,7,21,17,4,27,15,12,40,7,33
S01007473,207,6,6,0,12,2,4,2,4,24,4,5,7,3,5,26,19,7,32,4,8,13,7,23,21,2,29,26,3,29,16,13,26,9,17
S01007474,296,27,18,9,41,14,7,9,11,44,10,4,13,4,13,47,35,12,31,1,8,16,6,28,20,8,26,23,3,23,15,8,29,4,25
S01007475,313,22,16,6,58,9,7,25,17,51,13,10,7,2,19,45,36,9,38,1,17,14,6,22,16,6,23,18,5,25,12,13,29,5,24
S01007476,292,22,16,6,45,13,5,13,14,38,9,5,6,3,15,42,29,13,35,3,16,9,7,31,24,7,26,19,7,22,13,9,31,3,28
S01007477,273,27,19,8,60,8,11,23,18,39,2,5,8,5,19,37,28,9,32,2,16,8,6,22,17,5,17,12,5,17,12,5,22,5,17
S01007478,444,37,28,9,108,30,25,35,18,75,12,11,10,10,32,49,43,6,39,1,16,15,7,37,28,9,38,29,9,31,20,11,30,4,26
S01007479,307,21,17,4,40,11,8,13,8,43,7,3,10,3,20,41,34,7,46,2,19,15,10,32,28,4,29,15,14,32,22,10,23,7,16
S01007480,453,34,25,9,49,14,9,11,15,68,13,8,12,7,28,52,45,7,59,2,33,16,8,39,33,6,50,34,16,54,29,25,48,11,37
S01007481,345,32,21,11,57,2,23,19,13,36,5,9,6,1,15,35,24,11,58,5,18,17,18,42,29,13,27,22,5,28,6,22,30,5,25
S01007482,183,14,6,8,11,2,1,4,4,16,2,2,7,0,5,18,16,2,23,3,3,7,10,27,23,4,23,18,5,11,1,10,40,12,28
S01007483,368,23,10,13,36,2,12,14,8,21,2,5,9,1,4,29,23,6,61,7,13,27,14,62,43,19,35,31,4,46,11,35,55,9,46
S01007484,228,25,8,17,24,1,11,5,7,23,2,9,3,2,7,13,8,5,44,5,5,18,16,30,20,10,15,14,1,23,6,17,31,5,26
S01007485,167,6,3,3,6,1,2,2,1,8,5,0,0,0,3,10,6,4,26,2,3,13,8,30,25,5,26,25,1,16,6,10,39,12,27
S01007486,142,5,1,4,4,1,2,1,0,3,1,1,0,0,1,13,10,3,15,5,4,2,4,20,17,3,24,19,5,21,3,18,37,11,26
S01007487,382,30,13,17,28,3,7,9,9,29,6,4,10,2,7,23,13,10,59,3,14,26,16,52,33,19,55,53,2,39,12,27,67,26,41
S01007488,488,33,15,18,55,3,18,22,12,49,5,15,14,2,13,63,51,12,70,7,17,30,16,63,46,17,49,45,4,43,10,33,63,11,52
S01007489,393,34,11,23,28,2,8,12,6,29,4,3,10,2,10,48,38,10,56,11,16,17,12,62,42,20,42,36,6,34,9,25,60,9,51
S01007490,360,24,11,13,22,3,11,6,2,22,1,4,6,3,8,33,25,8,47,6,10,19,12,48,35,13,39,32,7,54,21,33,71,10,61
S01007491,510,24,16,8,42,4,11,16,11,46,11,13,14,1,7,48,34,14,79,4,18,37,20,82,62,20,40,35,5,64,24,40,85,15,70
S01007492,330,20,13,7,30,1,8,9,12,23,3,5,5,3,7,31,23,8,46,3,8,20,15,51,34,17,33,30,3,39,17,22,57,10,47
S01007493,396,31,24,7,22,3,8,6,5,31,5,6,6,3,11,28,22,6,60,1,13,16,30,53,41,12,55,48,7,55,13,42,61,16,45
S01007494,240,14,5,9,23,4,6,6,7,24,2,5,4,1,12,27,19,8,68,47,6,10,5,29,25,4,12,12,0,17,3,14,26,12,14
S01007495,433,26,14,12,44,8,18,14,4,31,4,6,9,1,11,39,27,12,126,70,18,28,10,49,36,13,32,30,2,29,8,21,57,24,33
S01007496,448,52,14,38,66,8,21,22,15,37,9,6,3,5,14,38,23,15,102,42,17,21,22,33,24,9,29,27,2,30,10,20,61,16,45
S01007497,259,18,8,10,16,0,7,5,4,14,1,4,4,4,1,20,13,7,61,29,8,18,6,31,24,7,16,16,0,36,13,23,47,18,29
S01007498,362,30,6,24,29,3,11,12,3,27,8,5,5,4,5,36,26,10,70,19,17,18,16,48,34,14,32,26,6,37,10,27,53,11,42
S01007499,410,33,19,14,34,2,17,13,2,31,5,5,4,7,10,27,18,9,95,40,16,25,14,49,35,14,16,13,3,53,16,37,72,28,44
S01007500,238,16,1,15,28,2,10,11,5,10,0,2,3,1,4,22,15,7,61,40,6,9,6,30,19,11,12,11,1,19,6,13,40,15,25
S01007501,265,28,6,22,36,4,13,15,4,12,2,3,3,2,2,16,10,6,84,57,8,8,11,25,21,4,11,10,1,20,10,10,33,17,16
S01007502,248,26,10,16,26,3,5,14,4,23,5,6,6,2,4,20,14,6,56,42,3,7,4,25,18,7,15,15,0,23,9,14,34,15,19
S01007503,439,43,15,28,54,6,17,21,10,24,2,8,3,6,5,38,27,11,114,63,21,23,7,41,35,6,22,20,2,51,14,37,52,24,28
S01007504,326,33,7,26,38,3,9,17,9,23,3,6,4,6,4,21,13,8,84,50,8,20,6,34,26,8,20,18,2,31,12,19,42,20,22
S01007505,208,30,8,22,25,5,10,6,4,21,3,2,2,6,8,24,16,8,44,28,5,5,6,22,22,0,5,5,0,13,5,8,24,9,15
S01007506,225,24,10,14,34,3,11,12,8,21,4,3,3,4,7,17,11,6,63,47,5,8,3,14,10,4,10,9,1,11,6,5,31,21,10
S01007507,399,36,15,21,40,3,13,14,10,23,0,6,4,5,8,30,21,9,79,8,17,39,15,50,45,5,40,34,6,36,11,25,65,33,32
S01007508,332,24,7,17,34,0,11,14,9,11,1,1,2,3,4,30,19,11,92,46,10,25,11,40,31,9,12,9,3,30,12,18,59,38,21
S01007509,289,23,6,17,45,7,13,15,10,20,3,4,3,4,6,20,10,10,67,40,11,9,7,37,28,9,12,12,0,15,7,8,50,29,21
S01007510,389,36,15,21,38,3,17,10,8,22,3,5,2,4,8,32,20,12,106,66,15,13,12,55,39,16,15,14,1,28,6,22,57,31,26
S01007511,303,28,8,20,20,2,4,9,5,21,0,8,4,5,4,13,9,4,56,14,9,21,12,44,37,7,18,17,1,34,11,23,69,44,25
S01007512,229,21,5,16,24,1,8,7,8,24,4,6,2,5,7,18,10,8,59,36,5,15,3,24,13,11,9,7,2,9,6,3,41,30,11
S01007513,449,26,14,12,41,9,7,14,11,32,4,12,6,2,8,35,24,11,84,9,25,36,14,77,61,16,28,27,1,52,31,21,74,26,48
S01007514,256,28,8,20,26,4,12,5,5,13,1,4,5,1,2,22,14,8,63,6,17,12,28,32,24,8,15,14,1,25,18,7,32,10,22
S01007515,237,28,13,15,45,3,8,27,7,31,3,12,8,4,4,22,18,4,33,4,5,21,3,33,27,6,9,9,0,11,5,6,25,10,15
S01007516,270,16,5,11,17,4,6,5,2,14,1,7,2,1,3,22,17,5,58,12,11,27,8,44,35,9,20,18,2,39,22,17,40,17,23
S01007517,174,12,6,6,23,3,2,14,4,17,1,7,2,1,6,15,9,6,32,9,8,12,3,26,22,4,15,14,1,8,6,2,26,12,14
S01007518,362,15,6,9,23,2,10,5,6,29,9,5,5,2,8,35,12,23,74,10,15,30,19,62,50,12,20,18,2,47,21,26,57,21,36
S01007519,196,33,11,22,27,7,9,6,5,20,3,2,1,3,11,15,10,5,46,26,8,7,5,21,14,7,9,9,0,8,4,4,17,9,8
S01007520,399,48,17,31,42,11,17,10,4,19,2,3,5,6,3,30,21,9,96,23,23,27,23,43,32,11,29,28,1,30,14,16,62,33,29
S01007521,220,27,10,17,22,3,5,5,9,12,1,0,0,4,7,18,9,9,48,28,2,5,13,24,14,10,10,10,0,16,11,5,43,27,16
S01007522,402,42,15,27,51,4,15,16,16,37,0,7,11,5,14,31,24,7,69,17,8,26,18,46,32,14,31,31,0,28,17,11,67,21,46
S01007523,254,21,7,14,37,3,14,12,8,24,0,2,1,8,13,23,14,9,57,23,6,18,10,23,18,5,15,14,1,16,10,6,38,20,18
S01007524,470,55,15,40,54,5,16,20,13,27,2,2,3,8,12,43,31,12,118,55,25,19,19,36,25,11,27,26,1,32,24,8,78,37,41
S01007525,234,18,8,10,20,4,6,6,4,16,5,2,5,2,2,18,14,4,55,22,6,12,15,35,24,11,15,14,1,29,22,7,28,14,14
S01007526,285,37,12,25,24,1,8,9,6,27,4,2,7,8,6,17,15,2,55,12,12,12,19,32,18,14,22,21,1,28,20,8,43,12,31
S01007527,365,26,8,18,43,4,12,16,11,38,5,7,6,10,10,32,22,10,89,20,23,28,18,35,25,10,35,34,1,25,10,15,42,10,32
S01007528,363,22,8,14,37,5,19,9,4,27,4,4,4,5,10,26,18,8,93,28,10,29,26,45,32,13,32,30,2,26,20,6,55,22,33
S01007529,274,34,10,24,45,5,9,22,9,35,1,1,10,7,16,31,21,10,44,10,20,8,6,27,16,11,17,16,1,20,14,6,21,4,17
S01007530,262,19,8,11,38,5,8,17,8,27,5,5,2,9,6,26,20,6,61,25,10,17,9,20,14,6,17,16,1,19,13,6,35,22,13
S01007531,327,26,10,16,44,4,16,16,8,36,4,5,5,14,8,24,20,4,83,38,16,12,17,34,19,15,19,16,3,12,3,9,49,36,13
S01007532,284,23,8,15,29,3,8,11,7,15,0,4,0,5,6,31,19,12,81,32,16,19,14,25,20,5,23,22,1,19,7,12,38,25,13
S01007533,275,27,11,16,25,4,5,12,4,26,1,5,7,6,7,22,12,10,79,40,13,16,10,28,19,9,22,19,3,20,9,11,26,12,14
S01007534,412,33,21,12,50,6,15,17,12,28,2,5,8,5,8,27,19,8,76,13,14,27,22,47,34,13,42,39,3,49,18,31,60,20,40
S01007535,449,34,17,17,59,1,19,34,5,16,0,2,4,0,10,59,45,14,69,12,21,21,15,59,46,13,52,49,3,54,30,24,47,7,40
S01007536,450,27,11,16,50,10,16,17,7,29,4,7,4,5,9,50,32,18,89,9,23,30,27,55,42,13,47,47,0,61,27,34,42,15,27
S01007537,440,38,11,27,62,7,18,20,17,35,2,9,6,4,14,49,38,11,67,15,7,25,20,50,32,18,27,25,2,48,20,28,64,18,46
S01007538,448,41,15,26,68,11,21,22,14,36,3,7,3,14,9,38,26,12,99,48,15,21,15,49,36,13,22,21,1,35,12,23,60,28,32
S01007539,278,23,12,11,53,8,14,19,12,36,5,9,9,3,10,32,26,6,39,3,16,16,4,38,30,8,9,7,2,24,9,15,24,8,16
S01007540,357,24,13,11,29,9,9,8,3,29,6,3,6,1,13,40,34,6,59,9,14,26,10,40,28,12,42,39,3,43,16,27,51,17,34
S01007541,329,25,16,9,41,2,17,14,8,37,6,5,9,2,15,34,25,9,62,12,25,22,3,39,30,9,20,18,2,31,14,17,40,14,26
S01007542,405,28,14,14,41,3,21,7,10,25,0,4,7,1,13,40,30,10,69,4,23,32,10,57,43,14,36,30,6,47,30,17,62,20,42
S01007543,516,33,19,14,33,4,11,12,6,24,3,7,2,6,6,41,30,11,85,10,23,34,18,80,66,14,74,71,3,73,30,43,73,17,56
S01007544,410,55,22,33,76,15,29,10,22,44,5,9,1,9,20,30,23,7,86,57,8,11,10,36,27,9,22,21,1,23,8,15,38,17,21
S01007545,382,46,23,23,56,13,15,21,7,26,1,5,4,6,10,53,42,11,81,47,14,19,1,28,25,3,21,19,2,24,14,10,47,27,20
S01007546,284,28,15,13,49,10,16,18,5,23,2,7,2,5,7,38,30,8,60,24,9,23,4,21,14,7,12,12,0,19,6,13,34,12,22
S01007547,302,30,11,19,50,12,15,11,12,31,2,1,2,9,17,23,17,6,70,38,6,18,8,26,22,4,15,12,3,17,9,8,40,24,16
S01007548,333,28,10,18,52,7,11,12,22,26,4,5,5,5,7,34,23,11,64,19,18,13,14,42,36,6,22,16,6,37,10,27,28,6,22
S01007549,247,29,17,12,41,9,11,9,12,25,3,1,4,11,6,25,16,9,38,18,9,7,4,24,17,7,23,20,3,18,8,10,24,12,12
S01007550,361,42,16,26,68,16,17,17,18,37,2,9,4,9,13,29,18,11,55,25,17,5,8,26,19,7,15,14,1,41,22,19,48,24,24
S01007551,433,49,19,30,74,18,16,21,19,41,5,11,3,11,11,36,29,7,115,75,7,14,19,36,26,10,14,12,2,21,10,11,47,26,21
S01007552,384,24,11,13,19,2,5,7,5,28,5,7,2,1,13,27,23,4,71,17,16,22,16,46,38,8,28,25,3,79,57,22,62,26,36
S01007553,316,13,6,7,23,6,6,5,6,23,4,10,2,2,5,26,23,3,41,4,12,13,12,42,34,8,21,18,3,80,60,20,47,19,28
S01007554,133,5,2,3,7,1,2,3,1,3,0,1,2,0,0,9,9,0,21,5,5,7,4,20,16,4,9,9,0,43,32,11,16,9,7
S01007555,237,16,10,6,38,2,6,13,17,21,3,2,6,7,3,20,14,6,46,9,20,13,4,27,27,0,8,8,0,32,17,15,29,15,14
S01007556,201,12,5,7,15,1,3,6,5,15,1,3,3,0,8,12,8,4,35,3,10,17,5,32,22,10,22,18,4,33,18,15,25,7,18
S01007557,457,22,17,5,22,5,4,6,7,32,2,5,13,1,11,37,23,14,67,3,22,29,13,54,47,7,46,43,3,97,67,30,80,27,53
S01007558,189,28,9,19,22,5,7,5,5,19,6,1,1,3,8,17,17,0,46,23,11,7,5,14,13,1,11,10,1,16,7,9,16,12,4
S01007559,382,33,14,19,65,8,21,18,18,43,4,3,4,13,19,30,22,8,86,51,9,17,9,29,22,7,24,23,1,18,6,12,54,30,24
S01007560,410,43,18,25,48,3,11,23,11,44,5,3,9,7,20,46,30,16,61,7,14,25,15,40,31,9,30,26,4,46,12,34,52,14,38
S01007561,279,17,7,10,31,5,8,10,8,23,1,5,6,1,10,30,24,6,45,11,7,18,9,43,39,4,19,18,1,29,10,19,42,17,25
S01007562,394,38,14,24,61,17,19,17,8,41,10,8,4,7,12,31,23,8,75,32,14,22,7,40,33,7,17,16,1,26,11,15,65,38,27
S01007563,392,37,17,20,77,2,33,24,18,45,3,4,6,19,13,37,23,14,68,30,9,21,8,33,24,9,22,20,2,27,10,17,46,27,19
S01007564,379,29,11,18,65,10,23,13,19,46,5,8,5,7,21,34,29,5,79,52,10,10,7,28,22,6,28,24,4,25,10,15,45,21,24
S01007565,446,35,15,20,72,9,23,22,18,38,3,6,10,3,16,38,24,14,87,28,24,19,16,56,42,14,38,33,5,41,15,26,41,14,27
S01007566,349,30,14,16,40,6,21,10,3,30,7,3,3,3,14,33,27,6,79,36,20,17,6,39,27,12,22,21,1,35,17,18,41,17,24
S01007567,318,27,17,10,48,5,19,17,7,35,1,7,6,4,17,32,20,12,76,35,14,20,7,31,27,4,16,15,1,24,11,13,29,8,21
S01007568,342,44,19,25,62,7,21,23,11,36,3,7,6,5,15,36,28,8,46,23,9,9,5,29,18,11,20,15,5,35,10,25,34,8,26
S01007569,395,33,11,22,47,4,19,8,16,34,3,8,4,5,14,28,17,11,94,40,20,20,14,34,30,4,32,29,3,38,15,23,55,27,28
S01007570,340,34,25,9,68,9,26,22,11,39,9,6,7,7,10,26,18,8,49,11,21,12,5,40,38,2,22,17,5,24,6,18,38,5,33
S01007571,287,41,21,20,56,8,22,14,12,30,3,2,5,4,16,25,17,8,50,33,2,9,6,20,15,5,16,13,3,19,7,12,30,16,14
S01007572,421,43,20,23,50,3,23,15,9,43,9,8,13,2,11,51,34,17,68,10,21,31,6,47,40,7,34,29,5,33,16,17,52,12,40
S01007573,534,52,37,15,103,11,47,32,13,88,5,9,40,7,27,45,33,12,63,3,27,22,11,54,44,10,42,33,9,40,23,17,47,11,36
S01007574,465,27,15,12,24,1,17,3,3,35,5,4,6,4,16,50,40,10,53,4,19,24,6,75,59,16,55,48,7,50,23,27,96,16,80
S01007575,336,15,5,10,21,3,11,3,4,28,9,9,1,2,7,25,19,6,40,3,9,19,9,44,35,9,45,40,5,49,20,29,69,17,52
S01007576,228,7,3,4,10,2,7,0,1,14,3,3,3,2,3,17,12,5,30,4,9,8,9,30,25,5,35,33,2,28,17,11,57,8,49
S01007577,251,9,4,5,11,2,6,0,3,10,0,3,2,2,3,21,19,2,37,6,9,17,5,36,29,7,36,33,3,26,19,7,65,9,56
S01007578,278,14,7,7,6,1,1,1,3,9,2,1,5,0,1,19,14,5,50,4,14,20,12,34,27,7,33,29,4,45,23,22,68,9,59
S01007579,281,11,4,7,17,4,5,3,5,27,5,9,4,4,5,22,13,9,33,3,7,11,12,45,39,6,45,39,6,33,17,16,48,10,38
S01007580,334,22,13,9,11,1,6,2,2,13,2,4,3,3,1,24,17,7,49,8,14,16,11,49,44,5,45,42,3,55,35,20,66,8,58
S01007581,218,9,6,3,9,1,5,2,1,8,1,2,2,2,1,16,13,3,43,4,6,25,8,31,22,9,36,31,5,27,12,15,39,6,33
S01007582,300,12,4,8,15,1,6,1,7,18,6,3,6,2,1,28,19,9,40,4,5,21,10,55,47,8,43,41,2,41,16,25,48,13,35
S01007583,416,12,6,6,22,4,10,4,4,17,3,2,2,4,6,33,24,9,55,6,15,24,10,64,46,18,61,52,9,55,27,28,97,16,81
S01007584,292,15,9,6,25,5,7,7,6,20,3,2,8,1,6,26,25,1,30,3,12,14,1,32,26,6,43,35,8,44,19,25,57,13,44
S01007585,409,25,14,11,59,9,18,17,15,30,6,2,5,5,12,60,50,10,58,8,20,24,6,56,46,10,33,28,5,36,18,18,52,9,43
S01007586,373,20,4,16,32,6,16,5,5,37,1,10,9,8,9,30,25,5,45,0,12,23,10,51,40,11,57,52,5,37,16,21,64,9,55
S01007587,324,25,8,17,67,5,24,22,16,47,8,7,12,5,15,29,24,5,46,5,12,19,10,42,35,7,17,15,2,16,9,7,35,7,28
S01007588,399,41,20,21,116,14,33,41,28,48,3,3,9,7,26,33,23,10,34,2,15,11,6,32,30,2,36,32,4,17,9,8,42,6,36
S01007589,422,34,16,18,88,13,27,28,20,53,12,8,13,4,16,45,34,11,34,3,12,13,6,49,40,9,30,24,6,27,16,11,62,14,48
S01007590,284,33,18,15,79,11,31,27,10,43,9,3,7,4,20,33,25,8,28,3,5,14,6,27,23,4,12,11,1,15,10,5,14,2,12
S01007591,318,16,7,9,64,7,25,17,15,30,4,6,7,3,10,32,20,12,36,2,11,13,10,38,29,9,22,16,6,32,17,15,48,10,38
S01007592,328,12,6,6,39,1,20,6,12,30,4,4,13,2,7,24,15,9,41,0,12,21,8,57,50,7,43,37,6,29,17,12,53,6,47
S01007593,497,42,24,18,78,9,29,23,17,57,10,7,11,8,21,44,33,11,72,11,30,17,14,69,53,16,58,53,5,33,21,12,44,7,37
S01007594,434,46,28,18,60,7,20,20,13,46,8,2,10,3,23,52,38,14,62,15,24,20,3,46,35,11,39,32,7,40,20,20,43,7,36
S01007595,561,42,16,26,86,14,36,17,19,70,7,33,5,9,16,41,30,11,114,52,20,29,13,59,49,10,35,33,2,51,22,29,63,30,33
S01007596,239,30,15,15,27,3,11,8,5,24,1,4,4,4,11,21,16,5,47,20,8,11,8,30,22,8,10,8,2,18,7,11,32,9,23
S01007597,327,30,20,10,57,7,22,14,14,47,7,4,11,5,20,32,22,10,65,29,19,11,6,25,19,6,25,22,3,20,6,14,26,7,19
S01007598,332,31,18,13,56,6,27,14,9,36,5,9,3,1,18,35,23,12,58,19,20,15,4,38,30,8,21,16,5,28,8,20,29,9,20
S01007599,429,31,18,13,86,9,47,18,12,47,7,8,11,5,16,41,33,8,44,10,9,12,13,56,48,8,52,45,7,30,15,15,42,8,34
S01007600,517,54,34,20,158,14,88,33,23,47,6,6,8,5,22,54,41,13,58,6,18,18,16,36,26,10,31,23,8,34,15,19,45,8,37
S01007601,401,28,19,9,72,4,42,16,10,46,11,10,10,0,15,44,34,10,46,4,18,21,3,47,33,14,46,40,6,35,16,19,37,7,30
S01007602,367,18,10,8,75,8,32,20,15,32,6,0,8,2,16,55,44,11,52,4,22,14,12,41,33,8,24,19,5,32,16,16,38,4,34
S01007603,484,39,27,12,106,9,49,30,18,77,10,5,21,7,34,65,49,16,47,1,20,21,5,34,24,10,43,38,5,42,23,19,31,7,24
S01007604,456,32,25,7,89,9,39,29,12,58,9,7,17,1,24,71,55,16,62,4,25,18,15,45,36,9,41,34,7,24,13,11,34,4,30
S01007605,457,35,21,14,81,6,39,21,15,49,6,5,16,1,21,60,47,13,51,6,25,13,7,56,44,12,46,38,8,40,14,26,39,6,33
S01007606,309,20,11,9,63,4,31,16,12,38,6,7,6,6,13,38,28,10,40,4,18,13,5,29,27,2,16,15,1,27,20,7,38,7,31
S01007607,388,25,13,12,72,4,36,17,15,45,7,3,14,2,19,52,35,17,53,4,20,16,13,41,32,9,32,27,5,37,15,22,31,2,29
S01007608,406,22,14,8,76,6,35,27,8,52,6,4,14,3,25,51,40,11,39,6,18,11,4,48,37,11,38,30,8,37,17,20,43,6,37
S01007609,424,27,14,13,38,6,17,8,7,36,7,5,11,3,10,43,32,11,44,5,8,23,8,76,60,16,48,40,8,43,19,24,69,5,64
S01007610,217,13,10,3,39,2,17,12,8,22,3,7,3,3,6,15,10,5,29,4,9,12,4,30,25,5,19,15,4,22,10,12,28,4,24
S01007611,386,20,17,3,49,4,28,9,8,24,1,5,2,5,11,33,27,6,48,2,16,17,13,59,50,9,39,32,7,48,26,22,66,12,54
S01007612,530,23,8,15,60,9,19,20,12,57,14,13,6,10,14,53,39,14,57,9,14,15,19,45,37,8,70,56,14,56,22,34,109,15,94
S01007613,392,48,18,30,97,14,32,32,19,43,8,8,11,2,14,35,24,11,40,5,15,12,8,25,17,8,44,37,7,20,12,8,40,8,32
S01007614,423,54,33,21,123,15,40,48,20,73,7,10,19,7,30,52,40,12,35,10,9,12,4,24,22,2,23,20,3,12,9,3,27,3,24
S01007615,530,58,26,32,91,7,34,33,17,66,8,11,12,3,32,55,46,9,58,4,22,18,14,61,53,8,46,38,8,34,19,15,61,9,52
S01007616,367,25,10,15,43,8,20,10,5,40,6,9,7,0,18,42,37,5,51,2,15,20,14,53,37,16,43,37,6,22,8,14,48,7,41
S01007617,249,9,5,4,22,2,13,6,1,15,4,1,2,1,7,28,24,4,28,2,11,10,5,33,25,8,37,35,2,37,17,20,40,9,31
S01007618,263,9,7,2,21,1,13,5,2,14,2,4,3,0,5,25,20,5,38,0,13,16,9,36,32,4,32,28,4,37,19,18,51,12,39
S01007619,297,9,6,3,18,3,9,1,5,16,3,3,1,4,5,29,22,7,45,0,18,21,6,32,28,4,37,36,1,44,19,25,67,11,56
S01007620,314,17,7,10,42,5,19,15,3,39,2,8,11,3,15,46,42,4,42,7,12,17,6,44,34,10,26,19,7,35,21,14,23,4,19
S01007621,328,19,10,9,35,1,17,11,6,28,5,6,8,1,8,49,42,7,54,4,23,22,5,27,22,5,28,25,3,39,23,16,49,10,39
S01007622,275,18,8,10,27,3,10,8,6,30,8,2,8,5,7,38,26,12,37,6,13,12,6,34,28,6,21,19,2,42,25,17,28,3,25
S01007623,319,25,20,5,63,6,20,26,11,41,3,3,12,6,17,32,28,4,42,0,21,19,2,39,28,11,21,20,1,21,11,10,35,2,33
S01007624,394,26,11,15,51,7,24,12,8,45,6,5,19,2,13,54,39,15,49,5,23,15,6,45,37,8,41,36,5,49,26,23,34,6,28
S01007625,278,27,15,12,41,7,17,12,5,24,3,2,8,1,10,31,22,9,36,3,18,9,6,26,24,2,26,23,3,41,18,23,26,5,21
S01007626,397,26,16,10,56,9,29,10,8,49,7,5,21,1,15,53,39,14,48,5,20,16,7,36,29,7,33,25,8,61,36,25,35,5,30
S01007627,295,29,17,12,46,5,17,12,12,48,2,7,8,6,25,34,24,10,42,4,17,16,5,31,24,7,27,24,3,23,17,6,15,5,10
S01007628,330,23,10,13,44,4,18,16,6,46,8,4,11,7,16,43,39,4,55,7,27,14,7,32,25,7,29,25,4,23,7,16,35,7,28
S01007629,359,36,15,21,46,2,22,8,14,52,4,12,11,7,18,37,30,7,54,10,23,14,7,26,18,8,27,22,5,42,15,27,39,16,23
S01007630,463,40,25,15,79,13,33,20,13,45,7,3,13,2,20,48,31,17,104,42,27,25,10,44,36,8,25,21,4,27,14,13,51,22,29
S01007631,311,34,18,16,54,9,21,16,8,27,2,2,5,8,10,36,24,12,65,28,12,23,2,27,24,3,14,11,3,26,14,12,28,16,12
S01007632,462,49,28,21,55,7,24,15,9,38,4,6,9,6,13,38,28,10,70,10,19,31,10,48,32,16,47,42,5,63,26,37,54,20,34
S01007633,454,28,20,8,56,5,18,20,13,38,10,5,5,4,14,43,31,12,76,6,19,35,16,56,48,8,45,41,4,52,28,24,60,27,33
S01007634,290,16,8,8,59,8,24,18,9,25,6,6,5,2,6,28,19,9,53,28,6,14,5,21,19,2,14,14,0,33,14,19,41,16,25
S01007635,268,28,14,14,46,6,14,13,13,23,2,3,6,2,10,23,15,8,43,14,14,11,4,29,21,8,20,17,3,26,10,16,30,6,24
S01007636,360,31,16,15,41,2,16,14,9,32,6,5,7,3,11,37,29,8,44,6,13,15,10,38,32,6,36,31,5,45,33,12,56,15,41
S01007637,404,22,13,9,30,4,15,6,5,24,7,1,4,1,11,38,29,9,80,8,23,34,15,50,38,12,28,24,4,58,29,29,74,25,49
S01007638,361,24,12,12,41,6,16,13,6,33,6,1,5,4,17,38,30,8,58,5,13,26,14,37,27,10,35,33,2,48,21,27,47,15,32
S01007639,512,33,26,7,46,11,14,14,7,30,5,6,6,1,12,51,37,14,71,6,26,24,15,59,49,10,55,49,6,89,47,42,78,20,58
S01007640,362,14,8,6,43,8,15,17,3,23,3,4,0,6,10,42,33,9,107,58,18,23,8,27,16,11,21,18,3,30,15,15,55,27,28
S01007641,404,48,27,21,51,9,10,18,14,31,3,3,6,4,15,42,31,11,71,21,18,20,12,36,26,10,32,31,1,36,15,21,57,21,36
S01007642,361,58,13,45,58,5,12,18,23,35,5,9,3,4,14,24,19,5,44,7,13,10,14,28,19,9,22,14,8,34,17,17,58,16,42
S01007643,430,71,31,40,64,5,22,20,17,41,6,8,4,3,20,21,17,4,67,11,15,20,21,49,39,10,32,28,4,32,14,18,53,7,46
S01007644,344,46,24,22,49,5,17,14,13,21,1,7,1,5,7,29,19,10,63,4,12,21,26,34,26,8,23,21,2,26,8,18,53,10,43
S01007645,270,34,18,16,37,11,10,8,8,24,4,2,6,4,8,27,21,6,58,34,11,7,6,16,14,2,19,18,1,24,10,14,31,18,13
S01007646,295,35,14,21,31,7,13,6,5,28,0,2,1,6,19,38,21,17,69,41,8,12,8,25,18,7,13,12,1,16,5,11,40,24,16
S01007647,335,31,17,14,48,7,12,19,10,42,5,10,6,10,11,42,37,5,46,2,13,28,3,25,19,6,26,24,2,35,16,19,40,14,26
S01007648,436,34,16,18,44,9,15,11,9,44,11,4,6,9,14,61,50,11,64,10,12,26,16,51,41,10,25,23,2,45,27,18,68,21,47
S01007649,379,23,13,10,30,4,13,6,7,23,6,0,7,6,4,38,28,10,75,11,15,35,14,48,36,12,18,17,1,50,25,25,74,25,49
S01007650,486,43,24,19,52,16,14,13,9,57,10,8,9,7,23,51,42,9,78,41,14,16,7,32,25,7,34,31,3,51,20,31,88,41,47
S01007651,307,23,14,9,32,5,9,9,9,22,1,1,2,8,10,30,22,8,90,63,11,10,6,27,21,6,21,19,2,23,8,15,39,20,19
S01007652,251,26,14,12,23,3,5,8,7,21,3,3,1,2,12,24,17,7,54,13,18,14,9,22,22,0,25,23,2,21,4,17,35,14,21
S01007653,465,30,17,13,42,5,13,13,11,38,6,4,8,4,16,39,22,17,113,44,29,33,7,51,41,10,43,41,2,49,20,29,60,27,33
S01007654,502,45,19,26,37,8,12,14,3,34,6,8,5,5,10,36,19,17,92,23,16,41,12,49,46,3,46,45,1,74,39,35,89,37,52
S01007655,396,42,20,22,49,6,16,13,14,27,3,7,4,2,11,36,19,17,117,85,13,16,3,26,21,5,18,17,1,34,15,19,47,28,19
S01007656,409,23,14,9,44,4,14,17,9,33,3,7,6,6,11,32,22,10,114,51,25,25,13,38,33,5,27,22,5,42,24,18,56,33,23
S01007657,238,22,9,13,31,3,15,8,5,21,2,2,5,4,8,21,12,9,51,21,9,17,4,24,17,7,22,21,1,19,9,10,27,10,17
S01007658,245,23,9,14,38,4,13,10,11,19,5,4,2,1,7,22,16,6,58,22,18,12,6,20,15,5,14,14,0,23,18,5,28,10,18
S01007659,359,23,11,12,57,13,15,17,12,25,8,1,6,3,7,39,33,6,66,30,11,15,10,45,37,8,21,20,1,49,35,14,34,13,21
S01007660,393,13,9,4,13,1,8,3,1,27,5,6,5,4,7,22,17,5,65,5,23,19,18,55,37,18,46,43,3,90,72,18,62,15,47
S01007661,327,24,8,16,34,2,13,13,6,22,4,5,4,3,6,46,37,9,54,1,18,14,21,32,27,5,24,23,1,47,32,15,44,9,35
S01007662,382,26,13,13,36,5,15,11,5,43,10,5,8,2,18,42,29,13,52,5,14,21,12,42,36,6,28,28,0,63,44,19,50,13,37
S01007663,396,34,12,22,50,11,18,16,5,43,7,4,11,6,15,45,32,13,64,4,26,24,10,36,30,6,33,30,3,47,27,20,44,8,36
S01007664,267,21,6,15,15,4,9,0,2,24,5,2,5,2,10,17,11,6,46,4,17,13,12,24,16,8,25,23,2,47,35,12,48,15,33
S01007665,317,25,15,10,23,5,6,5,7,19,7,1,4,0,7,36,30,6,52,4,19,13,16,32,19,13,41,39,2,47,34,13,42,10,32
S01007666,243,17,11,6,41,5,15,9,12,25,7,3,4,3,8,31,23,8,32,1,15,12,4,27,23,4,19,17,2,22,15,7,29,5,24
S01007667,377,19,11,8,50,10,14,15,11,66,16,5,17,8,20,49,35,14,53,5,25,19,4,46,37,9,26,20,6,50,34,16,18,5,13
S01007668,469,16,9,7,27,5,10,9,3,36,7,5,8,1,15,39,31,8,67,6,19,23,19,62,54,8,49,44,5,97,56,41,76,14,62
S01007669,259,8,6,2,16,2,6,5,3,13,4,0,4,2,3,12,12,0,39,7,11,10,11,37,26,11,19,17,2,71,48,23,44,11,33
S01007670,302,14,8,6,23,5,9,6,3,12,3,0,4,1,4,25,17,8,47,7,15,11,14,37,33,4,31,29,2,54,41,13,59,19,40
S01007671,390,49,30,19,70,14,25,9,22,40,6,11,7,1,15,33,27,6,76,28,23,16,9,23,16,7,28,28,0,41,22,19,30,16,14
S01007672,381,29,18,11,70,9,27,17,17,59,12,7,14,4,22,41,30,11,50,12,21,11,6,39,32,7,27,26,1,31,22,9,35,8,27
S01007673,395,25,18,7,37,6,9,11,11,42,8,9,8,3,14,53,40,13,69,5,29,21,14,25,20,5,44,38,6,52,34,18,48,8,40
S01007674,358,13,10,3,18,3,6,5,4,16,4,1,5,0,6,35,27,8,69,5,21,26,17,40,32,8,41,38,3,69,44,25,57,15,42
S01007675,308,33,21,12,31,7,12,6,6,30,7,1,2,1,19,32,27,5,52,19,14,14,5,19,13,6,39,33,6,42,23,19,30,11,19
S01007676,384,42,26,16,38,11,10,14,3,32,2,3,4,4,19,36,24,12,95,49,13,25,8,22,18,4,39,35,4,37,18,19,43,17,26
S01007677,251,25,15,10,23,5,7,4,7,17,0,3,2,1,11,27,22,5,44,6,20,7,11,27,20,7,30,27,3,36,13,23,22,7,15
S01007678,345,22,13,9,13,2,4,3,4,18,0,7,2,3,6,33,27,6,55,9,22,19,5,33,21,12,56,54,2,50,22,28,65,10,55
S01007679,313,14,10,4,18,1,8,5,4,22,3,0,5,4,10,22,17,5,38,4,9,14,11,32,22,10,46,42,4,65,32,33,56,9,47
S01007680,501,45,27,18,45,5,18,14,8,42,3,3,11,4,21,53,40,13,78,4,32,21,21,29,15,14,74,71,3,72,25,47,63,13,50
S01007681,218,22,6,16,10,1,5,2,2,12,1,0,3,1,7,25,23,2,40,5,10,14,11,17,13,4,22,21,1,31,15,16,39,8,31
S01007682,451,49,27,22,167,35,59,42,31,61,12,12,6,9,22,42,28,14,40,4,13,12,11,21,10,11,27,19,8,17,8,9,27,3,24
S01007683,329,20,13,7,143,19,80,23,21,44,5,9,13,2,15,37,27,10,17,0,7,4,6,18,10,8,17,14,3,8,4,4,25,0,25
S01007684,352,39,17,22,129,19,45,47,18,59,12,12,3,5,27,30,23,7,16,1,7,6,2,21,16,5,28,22,6,8,5,3,22,1,21
S01007685,370,34,19,15,162,20,54,48,40,41,4,5,3,8,21,34,24,10,19,4,0,6,9,24,14,10,23,23,0,8,2,6,25,0,25
S01007686,331,26,11,15,131,22,25,53,31,44,12,5,2,8,17,38,25,13,21,0,8,7,6,16,9,7,25,14,11,4,3,1,26,3,23
S01007687,426,27,17,10,146,32,34,46,34,76,13,6,1,28,28,41,35,6,27,2,7,9,9,16,10,6,42,32,10,11,4,7,40,2,38
S01007688,498,27,13,14,144,44,38,29,33,66,11,14,8,18,15,57,46,11,27,3,9,8,7,38,25,13,67,47,20,10,5,5,62,5,57
S01007689,292,12,3,9,97,34,19,25,19,50,8,10,1,16,15,14,10,4,10,1,3,4,2,13,11,2,38,27,11,12,6,6,46,5,41
S01007690,362,15,9,6,89,23,26,22,18,52,8,13,0,15,16,28,19,9,19,1,4,6,8,26,13,13,60,52,8,8,5,3,65,3,62
S01007691,740,34,18,16,118,26,29,19,44,71,16,13,1,23,18,57,46,11,32,2,11,7,12,72,40,32,188,166,22,12,3,9,156,5,151
S01007692,377,18,11,7,98,21,27,32,18,54,14,5,3,27,5,28,21,7,21,0,4,10,7,24,12,12,59,51,8,19,6,13,56,1,55
S01007693,293,6,2,4,53,19,10,13,11,22,4,2,2,4,10,21,16,5,16,0,8,1,7,22,18,4,60,49,11,9,4,5,84,2,82
S01007694,433,19,11,8,70,20,26,11,13,39,6,3,2,9,19,39,36,3,27,2,7,7,11,53,42,11,78,60,18,22,13,9,86,2,84
S01007695,404,20,6,14,123,30,38,27,28,53,17,6,5,8,17,39,34,5,27,0,7,9,11,42,33,9,38,33,5,14,6,8,48,3,45
S01007696,271,17,8,9,49,17,11,12,9,26,4,8,1,6,7,27,20,7,18,0,7,4,7,22,16,6,57,46,11,15,6,9,40,3,37
S01007697,421,31,14,17,118,38,35,30,15,60,11,14,4,10,21,43,37,6,35,3,11,10,11,24,16,8,44,29,15,14,5,9,52,8,44
S01007698,529,25,13,12,93,18,28,28,19,66,9,14,8,21,14,59,43,16,36,3,10,7,16,49,35,14,89,68,21,33,21,12,79,7,72
S01007699,372,14,9,5,73,20,17,24,12,43,7,6,6,5,19,31,28,3,30,0,7,9,14,29,23,6,60,43,17,23,10,13,69,5,64
S01007700,513,48,30,18,194,30,61,59,44,76,13,13,6,15,29,45,35,10,32,4,14,7,7,30,22,8,34,22,12,14,5,9,40,8,32
S01007701,194,9,5,4,31,3,11,10,7,18,5,1,0,4,8,20,13,7,11,1,4,1,5,11,8,3,37,26,11,9,4,5,48,2,46
S01007702,360,13,9,4,81,23,27,16,15,50,6,4,2,19,19,29,24,5,14,2,4,2,6,22,12,10,79,72,7,9,7,2,63,4,59
S01007703,368,22,15,7,80,26,19,18,17,52,12,9,4,14,13,45,36,9,31,0,13,8,10,39,33,6,42,31,11,11,7,4,46,4,42
S01007704,307,12,9,3,34,9,8,8,9,28,6,6,0,6,10,25,21,4,21,1,5,5,10,30,22,8,63,47,16,26,16,10,68,3,65
S01007705,292,9,4,5,31,21,6,2,2,29,7,4,1,8,9,15,13,2,18,1,4,6,7,21,14,7,73,64,9,9,9,0,87,2,85
S01007706,328,11,6,5,32,17,5,5,5,35,7,4,2,10,12,30,25,5,18,1,3,3,11,23,17,6,97,76,21,8,6,2,74,1,73
S01007707,470,39,22,17,184,43,62,53,26,67,10,5,17,12,23,29,21,8,30,0,11,10,9,26,18,8,40,30,10,17,10,7,38,2,36
S01007708,320,14,8,6,48,14,12,10,12,33,10,7,2,4,10,43,37,6,30,3,14,5,8,33,22,11,48,39,9,26,9,17,45,4,41
S01007709,238,12,9,3,42,14,9,8,11,23,3,5,3,5,7,24,19,5,23,2,4,10,7,29,19,10,34,25,9,18,12,6,33,4,29
S01007710,385,20,10,10,59,19,13,19,8,43,8,3,2,15,15,37,32,5,31,0,6,6,19,36,25,11,70,50,20,19,7,12,70,4,66
S01007711,451,19,14,5,36,15,10,8,3,41,8,8,5,6,14,43,36,7,27,0,6,8,13,50,35,15,96,76,20,27,13,14,112,5,107
S01007712,319,13,7,6,77,24,19,16,18,47,6,13,6,9,13,28,22,6,28,1,8,5,14,22,18,4,51,34,17,15,7,8,38,5,33
S01007713,213,21,7,14,30,10,8,4,8,15,3,4,1,2,5,25,18,7,24,4,6,6,8,17,14,3,34,27,7,18,9,9,29,1,28
S01007714,342,21,11,10,35,5,13,9,8,38,10,6,3,4,15,45,34,11,51,1,14,22,14,20,18,2,52,38,14,20,14,6,60,12,48
S01007715,206,4,2,2,22,3,7,4,8,16,4,2,3,2,5,20,19,1,20,1,4,6,9,24,17,7,37,25,12,17,11,6,46,5,41
S01007716,385,16,9,7,49,15,19,8,7,41,11,7,6,11,6,30,21,9,41,2,12,15,12,51,40,11,48,31,17,35,18,17,74,15,59
S01007717,383,15,9,6,30,5,11,8,6,29,3,9,2,3,12,50,44,6,58,1,16,24,17,38,29,9,53,35,18,43,26,17,67,3,64
S01007718,284,5,1,4,27,6,7,8,6,29,7,5,3,7,7,25,19,6,41,1,14,14,12,40,28,12,38,29,9,37,27,10,42,3,39
S01007719,427,25,13,12,57,8,23,16,10,40,6,7,9,6,12,51,44,7,51,1,12,20,18,60,43,17,52,36,16,34,14,20,57,6,51
S01007720,263,7,5,2,21,2,6,8,5,38,5,13,3,0,17,45,35,10,39,1,12,18,8,33,26,7,24,17,7,19,9,10,37,6,31
S01007721,346,13,7,6,41,10,18,9,4,55,12,14,7,6,16,32,24,8,39,9,9,12,9,40,29,11,37,26,11,40,26,14,49,6,43
S01007722,332,12,6,6,34,9,9,7,9,30,4,10,2,1,13,44,33,11,48,2,12,16,18,43,31,12,42,20,22,32,21,11,47,5,42
S01007723,344,15,6,9,31,6,10,9,6,29,7,8,5,2,7,36,32,4,44,1,11,17,15,45,33,12,40,28,12,30,13,17,74,7,67
S01007724,291,12,6,6,17,5,5,4,3,12,4,1,0,1,6,24,19,5,33,1,10,5,17,34,23,11,62,36,26,38,19,19,59,8,51
S01007725,345,16,11,5,26,6,11,5,4,34,9,6,5,4,10,38,32,6,40,2,13,16,9,39,32,7,43,23,20,38,19,19,71,9,62
S01007726,352,22,14,8,24,4,4,8,8,36,8,9,3,6,10,42,36,6,46,1,9,13,23,42,31,11,57,40,17,21,12,9,62,5,57
S01007727,412,25,15,10,42,12,11,5,14,35,6,9,2,6,12,46,41,5,32,2,9,10,11,56,45,11,57,41,16,41,21,20,78,6,72
S01007728,349,15,12,3,46,16,14,10,6,34,2,9,1,5,17,39,34,5,39,1,7,9,22,45,30,15,38,32,6,32,15,17,61,9,52
S01007729,391,20,16,4,43,12,12,5,14,41,5,12,5,9,10,37,32,5,42,4,4,19,15,38,27,11,59,41,18,36,20,16,75,10,65
S01007730,443,20,12,8,73,17,20,20,16,50,6,13,6,12,13,54,42,12,39,6,11,10,12,48,36,12,50,41,9,40,26,14,69,13,56
S01007731,431,26,13,13,78,18,17,23,20,49,9,11,4,8,17,45,40,5,38,3,12,13,10,47,26,21,60,45,15,37,26,11,51,5,46
S01007732,340,22,12,10,60,14,28,11,7,46,8,3,9,6,20,30,25,5,33,0,13,10,10,30,20,10,52,37,15,18,13,5,49,9,40
S01007733,447,47,29,18,117,21,28,44,24,62,13,5,4,13,27,53,42,11,39,0,20,12,7,24,19,5,51,36,15,20,9,11,34,2,32
S01007734,407,51,25,26,84,16,19,32,17,64,15,12,9,3,25,48,40,8,37,2,22,6,7,40,30,10,37,26,11,23,8,15,23,1,22
S01007735,423,37,24,13,88,14,24,29,21,47,4,9,5,10,19,63,48,15,54,3,22,17,12,27,22,5,55,43,12,28,16,12,24,1,23
S01007736,396,49,18,31,64,12,15,19,18,48,9,11,3,4,21,41,31,10,44,1,28,9,6,31,22,9,69,60,9,26,9,17,24,1,23
S01007737,477,39,15,24,83,11,25,20,27,68,10,13,9,11,25,69,52,17,35,1,13,9,12,40,27,13,61,43,18,37,17,20,45,3,42
S01007738,305,23,16,7,62,16,23,12,11,29,3,6,5,3,12,47,32,15,27,0,10,11,6,33,26,7,29,23,6,15,8,7,40,3,37
S01007739,211,16,11,5,23,3,9,4,7,33,6,7,3,0,17,25,20,5,35,1,11,18,5,21,12,9,22,20,2,23,11,12,13,0,13
S01007740,257,20,13,7,38,8,12,11,7,30,1,4,3,4,18,46,42,4,24,1,14,6,3,25,18,7,37,24,13,20,7,13,17,1,16
S01007741,271,23,17,6,35,9,10,9,7,27,4,5,4,2,12,46,37,9,25,0,7,13,5,31,25,6,30,21,9,19,3,16,35,5,30
S01007742,269,28,20,8,34,4,7,14,9,29,4,7,3,5,10,39,25,14,31,0,13,13,5,26,21,5,30,25,5,25,7,18,27,6,21
S01007743,405,26,15,11,43,12,13,10,8,34,7,12,3,5,7,55,45,10,63,1,21,29,12,45,33,12,53,40,13,33,21,12,53,4,49
S01007744,264,8,4,4,17,6,7,0,4,26,6,7,2,2,9,25,20,5,25,2,7,10,6,40,35,5,29,21,8,43,21,22,51,6,45
S01007745,312,9,7,2,20,1,8,6,5,20,4,7,2,1,6,37,35,2,39,2,13,15,9,38,34,4,48,34,14,48,26,22,53,8,45
S01007746,395,19,11,8,17,4,5,5,3,34,9,10,1,2,12,31,28,3,41,2,19,10,10,53,39,14,62,50,12,58,25,33,80,5,75
S01007747,208,6,3,3,17,4,5,5,3,16,1,9,2,1,3,23,18,5,29,2,6,7,14,22,17,5,32,23,9,28,11,17,35,4,31
S01007748,259,9,5,4,11,1,7,2,1,16,3,2,1,2,8,25,20,5,32,1,10,12,9,38,29,9,43,34,9,31,17,14,54,7,47
S01007749,337,23,14,9,54,6,23,15,10,44,10,11,5,5,13,50,39,11,45,2,18,16,9,36,29,7,42,28,14,19,7,12,24,1,23
S01007750,348,34,20,14,81,16,18,19,28,50,4,6,6,9,25,53,45,8,33,3,13,12,5,21,11,10,34,24,10,11,8,3,31,1,30
S01007751,277,40,26,14,91,13,16,29,33,40,5,6,10,4,15,31,25,6,22,0,9,7,6,12,10,2,18,15,3,13,5,8,10,4,6
S01007752,266,34,26,8,95,12,27,31,25,39,6,5,6,4,18,25,21,4,22,2,9,6,5,16,13,3,13,11,2,7,2,5,15,2,13
S01007753,224,9,4,5,6,0,5,0,1,20,2,8,2,1,7,23,19,4,24,2,5,14,3,24,19,5,33,27,6,32,16,16,53,7,46
S01007754,305,8,3,5,21,3,9,4,5,21,3,2,1,3,12,33,31,2,40,0,16,10,14,37,28,9,55,49,6,36,19,17,54,5,49
S01007755,286,14,5,9,14,3,5,2,4,24,4,8,4,3,5,34,27,7,32,0,11,10,11,32,21,11,41,32,9,40,14,26,55,5,50
S01007756,227,4,3,1,16,5,10,0,1,18,8,5,0,2,3,25,14,11,27,1,9,9,8,35,27,8,34,24,10,35,18,17,33,2,31
S01007757,347,38,21,17,81,14,22,25,20,47,6,11,8,5,17,45,33,12,33,1,14,12,6,35,29,6,26,19,7,21,7,14,21,1,20
S01007758,358,60,39,21,114,15,22,42,35,49,5,9,6,7,22,28,21,7,31,2,15,10,4,29,20,9,19,16,3,13,6,7,15,1,14
S01007759,451,30,14,16,97,19,24,31,23,56,6,15,6,7,22,51,31,20,45,3,11,18,13,61,49,12,49,35,14,28,16,12,34,2,32
S01007760,249,39,19,20,86,10,30,20,26,39,1,3,5,4,26,27,22,5,13,0,3,8,2,12,7,5,15,10,5,9,3,6,9,0,9
S01007761,443,45,23,22,147,19,36,55,37,70,12,7,7,18,26,42,28,14,34,1,14,11,8,22,14,8,35,25,10,19,7,12,29,2,27
S01007762,369,43,25,18,95,25,20,32,18,56,10,11,10,5,20,44,38,6,32,2,7,12,11,28,20,8,31,28,3,13,7,6,27,1,26
S01007763,178,14,8,6,25,1,8,5,11,25,2,6,3,3,11,24,20,4,20,0,10,7,3,14,10,4,16,11,5,20,12,8,20,6,14
S01007764,412,41,22,19,88,10,23,32,23,56,10,8,12,7,19,55,43,12,43,1,22,15,5,30,29,1,51,39,12,22,9,13,26,4,22
S01007765,294,18,13,5,64,9,10,23,22,53,6,9,14,2,22,48,41,7,37,1,16,17,3,15,14,1,28,20,8,16,6,10,15,0,15
S01007766,410,33,18,15,100,23,29,36,12,59,12,9,8,5,25,57,43,14,44,3,23,14,4,27,19,8,42,26,16,19,11,8,29,1,28
S01007767,432,40,30,10,91,19,26,25,21,61,10,9,8,6,28,59,43,16,37,2,17,11,7,35,29,6,39,30,9,38,14,24,32,2,30
S01007768,292,32,19,13,94,9,29,30,26,56,13,6,6,4,27,27,22,5,22,0,5,12,5,19,15,4,23,19,4,6,4,2,13,1,12
S01007769,315,43,25,18,82,13,22,33,14,53,4,6,7,6,30,39,29,10,17,1,8,6,2,19,12,7,27,22,5,15,8,7,20,2,18
S01007770,341,48,31,17,114,23,21,36,34,42,9,5,8,6,14,35,22,13,21,2,11,1,7,22,16,6,27,23,4,16,8,8,16,0,16
S01007771,208,26,17,9,63,11,18,19,15,29,5,2,4,5,13,26,19,7,19,0,8,8,3,15,12,3,13,6,7,5,2,3,12,0,12
S01007772,412,21,6,15,55,10,12,18,15,35,3,4,5,10,13,66,52,14,58,2,22,22,12,51,43,8,40,31,9,32,17,15,54,6,48
S01007773,380,24,17,7,58,8,13,22,15,69,11,12,15,5,26,73,55,18,38,1,16,18,3,27,21,6,36,30,6,24,10,14,31,1,30
S01007774,562,61,46,15,162,23,43,51,45,104,13,6,30,7,48,63,53,10,43,1,19,19,4,37,25,12,36,28,8,22,8,14,34,3,31
S01007775,457,43,31,12,116,28,35,30,23,80,13,9,18,6,34,64,48,16,33,1,14,13,5,32,26,6,36,24,12,29,21,8,24,2,22
S01007776,392,60,48,12,97,22,28,28,19,65,8,6,12,5,34,44,34,10,38,1,15,13,9,20,14,6,24,19,5,20,13,7,24,0,24
S01007777,554,53,36,17,152,24,47,41,40,94,11,11,20,10,42,77,60,17,51,3,21,19,8,31,24,7,44,29,15,26,13,13,26,4,22
S01007778,262,36,22,14,87,12,27,26,22,53,4,5,12,5,27,24,15,9,26,3,12,8,3,10,9,1,14,12,2,7,6,1,5,0,5
S01007779,404,32,20,12,40,3,15,14,8,35,8,6,9,4,8,61,48,13,65,2,27,20,16,47,36,11,39,28,11,53,27,26,32,1,31
S01007780,472,33,25,8,59,10,19,14,16,64,15,11,5,4,29,64,51,13,66,2,37,21,6,45,31,14,48,34,14,57,30,27,36,4,32
S01007781,536,44,29,15,71,20,27,14,10,70,15,18,8,6,23,64,49,15,64,0,26,23,15,56,44,12,49,39,10,59,37,22,59,7,52
S01007782,190,11,9,2,21,7,7,6,1,18,7,5,2,0,4,9,8,1,27,3,4,16,4,21,18,3,26,22,4,21,8,13,36,7,29
S01007783,219,10,3,7,8,3,1,2,2,14,2,4,2,0,6,24,21,3,20,3,3,9,5,34,24,10,18,17,1,32,11,21,59,10,49
S01007784,369,15,10,5,36,14,11,9,2,43,7,14,7,0,15,56,42,14,49,2,16,20,11,38,31,7,33,24,9,43,23,20,56,7,49
S01007785,197,8,6,2,13,2,6,3,2,19,1,10,1,1,6,18,15,3,20,1,9,6,4,35,27,8,28,26,2,22,13,9,34,7,27
S01007786,316,15,11,4,15,4,6,2,3,28,5,10,5,2,6,35,26,9,35,2,15,11,7,43,35,8,43,33,10,34,13,21,68,11,57
S01007787,277,7,3,4,19,3,12,3,1,19,6,6,1,2,4,16,10,6,34,1,9,15,9,45,36,9,46,33,13,39,23,16,52,6,46
S01007788,198,4,3,1,10,2,5,1,2,8,1,2,1,2,2,20,15,5,32,2,5,15,10,38,29,9,30,22,8,14,7,7,42,3,39
S01007789,239,6,3,3,12,4,4,3,1,17,4,5,2,0,6,21,17,4,31,0,11,14,6,42,36,6,34,28,6,28,16,12,48,4,44
S01007790,291,9,4,5,14,3,7,1,3,23,3,8,1,6,5,11,7,4,31,3,4,16,8,39,31,8,44,33,11,37,21,16,83,9,74
S01007791,289,23,12,11,51,12,16,11,12,40,3,6,12,4,15,41,35,6,35,1,15,14,5,21,16,5,25,21,4,29,11,18,24,0,24
S01007792,367,14,10,4,22,2,9,6,5,26,4,10,2,0,10,34,23,11,51,1,25,18,7,45,37,8,45,36,9,56,25,31,74,3,71
S01007793,307,10,5,5,16,5,6,4,1,21,4,5,1,2,9,22,21,1,31,0,14,7,10,48,35,13,52,42,10,40,24,16,67,6,61
S01007794,237,9,6,3,10,2,6,1,1,22,2,12,1,2,5,29,19,10,35,0,11,12,12,31,20,11,29,22,7,30,14,16,42,6,36
S01007795,269,6,3,3,14,3,8,0,3,19,3,3,1,1,11,28,23,5,33,0,14,10,9,43,31,12,38,33,5,37,21,16,51,7,44
S01007796,298,15,6,9,31,2,16,7,6,29,6,5,6,0,12,38,31,7,42,2,18,16,6,37,30,7,39,31,8,19,9,10,48,8,40
S01007797,188,7,6,1,6,2,2,1,1,19,3,4,2,2,8,16,16,0,14,4,3,4,3,34,25,9,24,17,7,24,11,13,44,3,41
S01007798,380,29,18,11,44,8,19,9,8,43,8,6,6,3,20,63,45,18,45,2,21,13,9,32,27,5,61,45,16,29,13,16,34,8,26
S01007799,342,25,18,7,58,11,22,16,9,54,9,5,10,5,25,33,22,11,49,2,15,23,9,32,24,8,33,26,7,30,11,19,28,1,27
S01007800,326,16,6,10,12,2,7,1,2,32,3,12,2,5,10,30,24,6,32,2,8,6,16,54,43,11,30,27,3,34,12,22,86,14,72
S01007801,282,14,7,7,10,0,4,3,3,19,2,5,2,6,4,14,10,4,27,2,9,8,8,48,34,14,43,41,2,30,12,18,77,7,70
S01007802,335,9,5,4,39,7,13,3,16,35,4,10,7,0,14,56,46,10,45,4,14,16,11,45,42,3,44,37,7,34,15,19,28,4,24
S01007803,325,12,6,6,16,4,4,3,5,24,5,10,2,1,6,30,27,3,38,2,10,17,9,51,37,14,45,34,11,38,19,19,71,7,64
S01007804,208,9,5,4,15,3,5,5,2,18,3,4,3,1,7,24,20,4,20,1,5,7,7,33,25,8,29,22,7,22,12,10,38,3,35
S01007805,201,8,7,1,16,4,6,5,1,16,0,5,2,2,7,26,23,3,16,1,6,4,5,32,27,5,34,26,8,14,6,8,39,4,35
S01007806,281,12,6,6,18,6,6,3,3,27,7,10,0,4,6,29,24,5,31,0,12,16,3,33,29,4,31,20,11,44,22,22,56,6,50
S01007807,369,28,22,6,57,11,23,13,10,44,6,11,10,3,14,51,40,11,45,1,20,18,6,42,29,13,43,30,13,27,9,18,32,1,31
S01007808,379,13,8,5,29,7,15,3,4,43,8,9,10,2,14,49,42,7,46,4,12,21,9,38,33,5,47,34,13,34,11,23,80,6,74
S01007809,467,32,18,14,88,16,38,18,16,70,11,23,7,4,25,73,50,23,52,3,29,14,6,30,20,10,50,38,12,39,20,19,33,8,25
S01007810,302,13,9,4,15,2,8,3,2,23,2,8,2,2,9,29,22,7,37,0,10,17,10,44,32,12,38,32,6,35,12,23,68,14,54
S01007811,360,10,6,4,27,6,16,2,3,20,5,5,2,2,6,32,24,8,42,4,12,15,11,45,40,5,55,43,12,46,25,21,83,8,75
S01007812,291,14,6,8,16,4,7,4,1,22,0,9,3,1,9,20,17,3,31,1,13,8,9,38,30,8,39,27,12,38,12,26,73,10,63
S01007813,285,9,8,1,15,3,9,2,1,20,3,7,3,4,3,31,25,6,36,2,9,10,15,39,32,7,40,32,8,32,14,18,63,9,54
S01007814,258,11,9,2,23,4,12,5,2,40,9,10,7,5,9,27,21,6,34,0,14,12,8,18,14,4,36,28,8,25,10,15,44,5,39
S01007815,474,38,23,15,56,4,22,16,14,67,14,14,4,8,27,74,61,13,60,2,25,24,9,51,42,9,50,36,14,43,20,23,35,2,33
S01007816,359,13,9,4,41,6,20,11,4,34,8,7,3,1,15,64,52,12,65,2,24,28,11,43,33,10,27,23,4,35,14,21,37,5,32
S01007817,197,9,8,1,20,4,14,2,0,16,2,3,0,1,10,16,13,3,24,2,8,10,4,30,23,7,24,17,7,22,3,19,36,5,31
S01007818,395,30,20,10,59,14,22,8,15,42,10,5,4,7,16,48,36,12,52,3,22,20,7,47,40,7,40,24,16,37,9,28,40,7,33
S01007819,395,14,9,5,56,11,26,13,6,33,11,4,4,2,12,51,40,11,63,0,21,32,10,44,35,9,48,34,14,41,16,25,45,4,41
S01007820,420,30,21,9,42,5,18,6,13,52,9,18,4,4,17,47,39,8,50,4,16,20,10,51,39,12,50,43,7,51,23,28,47,3,44
S01007821,281,17,10,7,38,4,13,10,11,32,4,10,1,6,11,35,22,13,30,1,13,10,6,24,19,5,39,30,9,30,20,10,36,7,29
S01007822,344,24,14,10,60,13,25,16,6,45,11,9,9,6,10,40,32,8,47,2,21,18,6,40,37,3,27,19,8,28,12,16,33,4,29
S01007823,377,27,18,9,73,19,26,21,7,45,7,13,8,5,12,55,45,10,60,1,27,24,8,39,36,3,35,23,12,15,7,8,28,2,26
S01007824,353,36,21,15,60,12,17,20,11,40,6,7,5,4,18,42,34,8,39,0,16,12,11,28,22,6,39,27,12,29,12,17,40,5,35
S01007825,481,35,21,14,94,16,25,24,29,51,13,15,8,2,13,53,44,9,66,2,27,28,9,48,43,5,62,49,13,40,16,24,32,1,31
S01007826,203,9,3,6,18,1,6,5,6,18,4,4,2,3,5,19,16,3,24,0,7,10,7,31,25,6,25,17,8,20,8,12,39,8,31
S01007827,332,23,18,5,58,17,19,14,8,37,9,6,0,4,18,55,41,14,34,0,15,13,6,39,27,12,37,23,14,25,14,11,24,2,22
S01007828,414,18,11,7,66,16,23,18,9,53,18,10,6,4,15,47,38,9,51,6,12,16,17,51,36,15,39,23,16,30,15,15,59,4,55
S01007829,221,17,13,4,32,6,7,11,8,20,4,4,3,2,7,25,20,5,25,1,9,12,3,24,19,5,26,18,8,24,12,12,28,5,23
S01007830,364,13,9,4,44,10,15,14,5,43,10,10,3,13,7,43,36,7,36,1,12,11,12,44,38,6,48,39,9,31,17,14,62,6,56
S01007831,300,16,8,8,39,10,15,6,8,34,8,11,3,2,10,48,36,12,32,0,11,13,8,29,23,6,34,19,15,26,16,10,42,5,37
S01007832,258,12,9,3,34,3,16,9,6,28,9,4,5,3,7,34,29,5,31,0,12,13,6,31,20,11,27,20,7,21,9,12,40,11,29
S01007833,230,14,9,5,27,4,13,4,6,24,2,9,4,2,7,30,26,4,36,1,16,13,6,29,23,6,18,16,2,17,8,9,35,2,33
S01007834,320,11,6,5,62,17,25,8,12,29,2,6,2,5,14,47,40,7,37,2,9,17,9,36,30,6,29,20,9,30,19,11,39,6,33
S01007835,321,15,9,6,68,13,20,16,19,43,9,13,2,3,16,30,22,8,44,3,10,21,10,35,28,7,30,20,10,17,9,8,39,8,31
S01007836,230,19,12,7,50,9,18,12,11,36,9,8,5,2,12,36,31,5,21,0,5,15,1,20,13,7,20,16,4,14,5,9,14,0,14
S01007837,370,28,17,11,64,7,29,16,12,62,11,14,9,5,23,47,36,11,62,2,32,22,6,24,19,5,34,26,8,23,8,15,26,3,23
S01007838,382,32,20,12,73,10,26,18,19,40,9,5,11,4,11,62,48,14,47,0,22,22,3,32,24,8,44,32,12,22,9,13,30,1,29
S01007839,252,14,5,9,77,10,54,9,4,22,5,4,3,3,7,31,24,7,28,1,9,15,3,21,12,9,19,16,3,19,9,10,21,2,19
S01007840,344,12,6,6,42,9,12,10,11,33,5,5,8,2,13,45,33,12,41,2,18,14,7,39,31,8,46,29,17,32,17,15,54,3,51
S01007841,316,6,4,2,34,7,17,4,6,34,4,6,5,6,13,35,29,6,40,0,20,13,7,37,34,3,35,25,10,36,15,21,59,6,53
S01007842,293,8,4,4,32,5,13,4,10,19,0,5,2,6,6,33,21,12,21,0,6,11,4,46,37,9,50,35,15,30,11,19,54,14,40
S01007843,295,6,3,3,41,11,24,3,3,30,8,7,4,1,10,40,32,8,34,1,14,8,11,37,32,5,40,26,14,15,5,10,52,6,46
S01007844,415,20,13,7,59,13,33,7,6,41,11,11,4,5,10,46,31,15,47,0,18,21,8,66,53,13,39,28,11,28,9,19,69,4,65
S01007845,330,17,7,10,28,2,14,6,6,25,8,9,1,1,6,32,26,6,30,4,9,13,4,53,43,10,40,30,10,27,13,14,78,6,72
S01007846,292,12,8,4,22,2,13,2,5,30,6,9,2,3,10,41,30,11,36,6,19,10,1,42,31,11,34,30,4,24,10,14,51,8,43
S01007847,383,13,7,6,31,3,14,6,8,26,12,5,0,1,8,37,29,8,40,3,13,14,10,56,42,14,57,33,24,37,17,20,86,5,81
S01007848,290,9,4,5,30,3,17,3,7,33,9,7,1,7,9,32,26,6,31,1,11,9,10,39,29,10,39,31,8,26,13,13,51,3,48
S01007849,375,9,3,6,21,4,10,4,3,31,5,6,5,1,14,45,28,17,38,2,15,14,7,57,42,15,55,41,14,47,28,19,72,8,64
S01007850,296,15,8,7,15,3,7,3,2,15,3,5,2,0,5,36,33,3,44,2,16,17,9,47,31,16,30,21,9,39,23,16,55,6,49
S01007851,351,23,14,9,44,4,17,13,10,34,8,9,4,4,9,40,26,14,47,2,17,23,5,37,29,8,38,26,12,42,21,21,46,1,45
S01007852,250,1,1,0,27,6,12,4,5,18,7,4,0,0,7,23,17,6,23,1,7,11,4,40,34,6,44,31,13,28,16,12,46,4,42
S01007853,188,8,2,6,21,5,4,7,5,11,6,2,0,1,2,23,18,5,20,4,5,3,8,30,24,6,23,18,5,18,8,10,34,7,27
S01007854,371,24,17,7,45,6,25,7,7,34,9,15,5,3,2,37,27,10,49,3,17,19,10,51,36,15,51,36,15,21,14,7,59,3,56
S01007855,212,10,7,3,21,4,7,3,7,24,5,6,3,4,6,17,17,0,37,1,12,10,14,25,15,10,23,17,6,9,3,6,46,2,44
S01007856,390,19,12,7,55,7,26,9,13,37,11,8,4,4,10,41,30,11,53,0,18,23,12,40,29,11,58,41,17,37,13,24,50,7,43
S01007857,190,4,2,2,14,1,8,2,3,20,1,9,2,2,6,19,16,3,17,5,3,7,2,29,26,3,30,25,5,20,9,11,37,4,33
S01007858,400,16,11,5,29,6,14,4,5,40,9,12,2,4,13,47,39,8,29,3,7,11,8,57,51,6,59,45,14,50,21,29,73,10,63
S01007859,180,16,8,8,10,0,7,2,1,10,1,2,4,0,3,16,13,3,22,0,10,9,3,20,18,2,27,19,8,23,9,14,36,6,30
S01007860,289,27,19,8,36,8,12,4,12,39,7,4,4,4,20,32,30,2,32,4,9,17,2,38,32,6,22,18,4,22,10,12,41,2,39
S01007861,274,10,6,4,15,2,8,2,3,23,3,5,4,3,8,26,23,3,27,1,9,11,6,36,26,10,42,29,13,41,11,30,54,8,46
S01007862,301,16,9,7,17,2,12,0,3,20,3,8,1,2,6,26,21,5,31,0,15,12,4,47,40,7,34,27,7,43,16,27,67,7,60
S01007863,304,9,2,7,15,3,2,3,7,29,3,9,1,5,11,30,25,5,44,1,10,20,13,45,36,9,31,21,10,37,15,22,64,8,56
S01007864,390,11,6,5,37,9,16,7,5,42,8,11,4,2,17,42,34,8,45,2,19,15,9,60,48,12,52,39,13,35,20,15,66,19,47
S01007865,397,31,22,9,106,22,43,24,17,60,7,13,12,3,25,37,28,9,56,5,23,21,7,26,17,9,36,22,14,26,15,11,19,1,18
S01007866,376,29,21,8,57,12,19,16,10,63,10,5,18,3,27,52,43,9,62,4,32,22,4,24,16,8,40,27,13,27,14,13,22,1,21
S01007867,239,26,11,15,66,10,22,16,18,37,7,4,5,1,20,26,17,9,27,6,12,8,1,19,13,6,15,10,5,4,2,2,19,6,13
S01007868,473,22,16,6,100,23,43,21,13,67,18,9,10,5,25,62,45,17,70,3,25,30,12,45,38,7,45,35,10,30,9,21,32,0,32
S01007869,490,38,20,18,171,43,57,37,34,70,12,10,9,12,27,46,33,13,36,2,16,14,4,38,27,11,36,26,10,23,10,13,32,3,29
S01007870,274,22,10,12,27,2,10,7,8,23,6,4,4,1,8,22,17,5,46,12,22,10,2,48,38,10,21,20,1,35,17,18,30,12,18
S01007871,209,10,5,5,13,3,3,5,2,3,0,1,1,1,0,7,6,1,33,3,9,14,7,50,44,6,19,19,0,20,11,9,54,12,42
S01007872,222,11,7,4,17,4,7,4,2,9,2,3,0,2,2,13,12,1,26,7,6,8,5,65,59,6,20,20,0,22,10,12,39,11,28
S01007873,307,12,6,6,24,5,12,4,3,27,4,7,7,2,7,28,22,6,49,4,20,17,8,65,47,18,19,17,2,26,12,14,57,15,42
S01007874,293,10,4,6,20,2,10,4,4,24,5,3,6,1,9,30,24,6,50,2,20,19,9,53,45,8,23,23,0,36,14,22,47,7,40
S01007875,257,17,8,9,35,1,19,10,5,30,6,6,2,4,12,29,18,11,25,2,11,9,3,28,24,4,25,24,1,26,10,16,42,9,33
S01007876,468,30,14,16,65,10,23,21,11,67,10,9,19,5,24,55,36,19,72,8,24,25,15,63,46,17,42,40,2,27,10,17,47,15,32
S01007877,326,16,9,7,28,3,19,3,3,23,5,4,3,1,10,23,23,0,53,3,25,14,11,61,52,9,33,31,2,40,7,33,49,10,39
S01007878,249,16,11,5,26,5,13,6,2,14,0,3,2,0,9,14,12,2,30,6,9,8,7,66,47,19,20,19,1,31,4,27,32,11,21
S01007879,273,10,5,5,17,0,15,0,2,13,0,4,2,3,4,19,15,4,40,4,22,7,7,69,52,17,21,18,3,43,21,22,41,10,31
S01007880,197,20,13,7,30,5,11,11,3,32,2,3,4,2,21,18,15,3,41,17,11,4,9,17,12,5,5,5,0,15,4,11,19,6,13
S01007881,216,15,7,8,24,4,11,7,2,15,0,3,2,0,10,20,18,2,41,19,9,8,5,32,19,13,17,17,0,25,10,15,27,10,17
S01007882,421,51,34,17,86,13,32,29,12,38,5,5,6,5,17,39,33,6,95,55,14,15,11,26,22,4,21,19,2,24,7,17,41,20,21
S01007883,537,47,32,15,79,7,21,35,16,51,9,8,6,8,20,65,52,13,84,12,29,38,5,63,58,5,43,40,3,52,25,27,53,14,39
S01007884,301,14,10,4,25,1,15,3,6,25,2,7,7,1,8,42,33,9,48,3,17,23,5,50,39,11,23,22,1,39,21,18,35,11,24
S01007885,268,11,6,5,24,3,13,2,6,26,4,4,2,7,9,16,13,3,37,6,10,15,6,42,30,12,19,15,4,35,21,14,58,30,28
S01007886,394,23,17,6,52,11,26,5,10,37,7,8,5,4,13,50,38,12,67,4,24,33,6,64,49,15,23,16,7,38,19,19,40,10,30
S01007887,307,31,20,11,48,3,16,19,10,34,7,3,7,3,14,28,21,7,80,38,19,17,6,28,18,10,17,14,3,16,8,8,25,9,16
S01007888,418,10,5,5,22,1,14,5,2,20,3,6,1,1,9,23,20,3,73,6,20,28,19,72,57,15,52,47,5,51,21,30,95,26,69
S01007889,218,8,2,6,11,2,4,4,1,19,4,4,4,1,6,19,12,7,32,4,10,14,4,34,24,10,24,22,2,33,16,17,38,6,32
S01007890,346,18,9,9,31,6,12,6,7,30,6,1,7,3,13,28,19,9,58,7,24,17,10,39,32,7,48,46,2,40,15,25,54,21,33
S01007891,418,32,22,10,40,2,22,9,7,50,8,7,14,3,18,48,32,16,72,2,30,27,13,64,44,20,28,26,2,39,16,23,45,14,31
S01007892,378,28,19,9,62,10,21,17,14,48,4,5,9,6,24,47,38,9,63,16,16,22,9,32,23,9,34,25,9,26,11,15,38,7,31
S01007893,487,47,30,17,104,19,49,13,23,47,6,7,9,6,19,50,37,13,82,9,26,38,9,52,37,15,37,33,4,37,12,25,31,6,25
S01007894,450,16,8,8,59,5,28,12,14,33,5,4,10,2,12,46,35,11,82,3,31,42,6,56,41,15,35,29,6,57,22,35,66,11,55
S01007895,240,29,16,13,32,4,10,8,10,30,5,4,1,1,19,23,18,5,28,1,9,17,1,30,27,3,20,19,1,23,13,10,25,7,18
S01007896,331,12,9,3,28,6,15,3,4,30,2,6,5,4,13,25,20,5,49,8,14,21,6,61,41,20,27,23,4,58,20,38,41,16,25
S01007897,230,20,12,8,40,7,17,4,12,28,2,3,4,2,17,20,13,7,55,33,9,11,2,17,13,4,9,8,1,18,7,11,23,13,10
S01007898,233,21,12,9,27,8,7,8,4,19,0,4,7,1,7,20,14,6,61,27,14,10,10,34,26,8,8,7,1,22,7,15,21,14,7
S01007899,199,18,12,6,23,3,9,8,3,12,2,1,4,0,5,24,18,6,53,36,7,8,2,20,18,2,9,9,0,26,7,19,14,6,8
S01007900,214,7,6,1,18,2,8,2,6,12,4,3,1,1,3,16,11,5,30,2,14,12,2,45,39,6,14,12,2,44,22,22,28,9,19
S01007901,291,11,7,4,19,2,9,4,4,16,3,4,3,1,5,31,25,6,48,3,21,19,5,48,41,7,22,16,6,52,22,30,44,9,35
S01007902,323,7,3,4,18,3,8,5,2,21,1,2,12,3,3,32,26,6,59,4,20,22,13,52,41,11,28,24,4,63,19,44,43,12,31
S01007903,228,18,9,9,12,2,4,4,2,20,1,3,8,2,6,32,27,5,42,1,18,19,4,30,23,7,15,13,2,38,18,20,21,2,19
S01007904,398,32,20,12,78,15,27,22,14,48,5,8,9,11,15,36,28,8,93,48,22,16,7,29,22,7,16,14,2,39,17,22,27,14,13
S01007905,232,7,5,2,10,2,2,3,3,11,3,2,1,1,4,11,9,2,28,1,6,17,4,39,32,7,25,25,0,59,30,29,42,14,28
S01007906,261,11,6,5,14,2,7,2,3,18,4,4,0,2,8,19,15,4,44,7,20,11,6,38,31,7,20,18,2,59,37,22,38,12,26
S01007907,218,10,6,4,18,4,7,3,4,10,2,2,2,0,4,23,19,4,27,3,13,8,3,32,20,12,16,14,2,48,18,30,34,9,25
S01007908,380,32,17,15,38,5,14,11,8,29,0,8,6,1,14,28,23,5,63,8,24,20,11,60,51,9,24,23,1,61,25,36,45,12,33
S01007909,241,8,6,2,14,2,4,4,4,21,2,7,5,2,5,23,20,3,33,4,15,9,5,41,30,11,15,15,0,46,21,25,40,13,27
S01007910,351,22,12,10,29,4,15,2,8,21,3,3,3,2,10,30,24,6,64,10,23,16,15,60,52,8,22,20,2,41,14,27,62,18,44
S01007911,355,26,11,15,32,0,11,8,13,38,3,8,11,1,15,46,36,10,46,4,20,16,6,54,43,11,26,22,4,49,20,29,38,10,28
S01007912,348,16,11,5,29,3,11,10,5,31,2,11,11,1,6,32,29,3,44,3,16,16,9,76,67,9,24,23,1,57,23,34,39,12,27
S01007913,237,8,4,4,15,0,5,4,6,13,3,2,1,1,6,24,17,7,38,4,14,13,7,27,23,4,21,18,3,43,19,24,48,16,32
S01007914,239,7,2,5,20,0,13,5,2,16,3,5,2,1,5,24,19,5,31,2,12,12,5,37,32,5,22,20,2,35,9,26,47,9,38
S01007915,374,14,8,6,34,4,16,9,5,23,2,7,5,2,7,42,32,10,61,8,23,24,6,83,69,14,29,29,0,40,15,25,48,16,32
S01007916,302,8,5,3,34,4,12,9,9,31,3,10,5,3,10,36,30,6,37,2,17,14,4,48,41,7,30,27,3,30,13,17,48,8,40
S01007917,369,20,16,4,25,4,7,9,5,26,2,7,5,3,9,37,29,8,51,1,20,23,7,71,56,15,21,20,1,62,23,39,56,12,44
S01007918,413,21,9,12,51,6,18,14,13,42,4,10,12,2,14,59,44,15,60,4,25,22,9,61,49,12,22,18,4,48,14,34,49,17,32
S01007919,383,36,25,11,85,8,27,30,20,58,4,17,13,4,20,53,40,13,49,2,25,15,7,24,16,8,28,23,5,31,12,19,19,5,14
S01007920,314,29,19,10,48,11,13,10,14,46,7,6,5,2,26,46,36,10,50,2,21,18,9,30,19,11,12,9,3,32,15,17,21,6,15
S01007921,358,8,5,3,22,2,9,7,4,21,5,8,1,1,6,25,20,5,69,7,21,27,14,76,57,19,24,22,2,45,13,32,68,21,47
S01007922,332,12,5,7,24,2,15,4,3,24,6,8,2,1,7,30,26,4,54,7,19,20,8,56,40,16,25,21,4,47,19,28,60,13,47
S01007923,495,38,22,16,64,6,29,20,9,42,3,7,10,3,19,46,39,7,92,7,33,38,14,68,54,14,45,38,7,51,22,29,49,11,38
S01007924,379,21,11,10,35,3,19,8,5,29,5,4,6,4,10,31,25,6,59,7,21,25,6,60,48,12,34,31,3,42,13,29,68,22,46
S01007925,253,32,22,10,44,12,15,9,8,30,0,4,3,6,17,16,12,4,81,42,22,11,6,11,8,3,10,7,3,15,7,8,14,8,6
S01007926,267,33,18,15,45,14,9,9,13,39,3,5,2,7,22,33,23,10,50,26,11,9,4,20,19,1,19,17,2,14,10,4,14,6,8
S01007927,358,45,22,23,68,13,22,14,19,58,9,7,11,8,23,32,25,7,82,36,19,16,11,30,18,12,18,13,5,11,4,7,14,6,8
S01007928,473,68,51,17,88,11,30,21,26,76,5,8,12,9,42,46,33,13,68,7,23,26,12,41,31,10,26,24,2,33,14,19,27,4,23
S01007929,417,56,30,26,85,21,25,16,23,57,7,4,9,13,24,28,20,8,89,43,19,18,9,33,22,11,25,22,3,19,9,10,25,10,15
S01007930,344,50,35,15,71,11,15,18,27,36,2,2,5,9,18,27,22,5,74,29,17,17,11,21,13,8,24,23,1,19,6,13,22,9,13
S01007931,509,63,42,21,138,31,29,29,49,77,9,15,7,10,36,57,41,16,47,9,15,15,8,24,20,4,33,29,4,33,13,20,37,10,27
S01007932,385,46,32,14,92,13,17,31,31,58,10,6,9,6,27,41,35,6,32,5,14,11,2,37,27,10,31,23,8,24,16,8,24,2,22
S01007933,397,40,25,15,71,14,20,19,18,55,7,5,12,3,28,37,31,6,52,2,17,23,10,40,27,13,36,28,8,22,12,10,44,4,40
S01007934,320,23,15,8,42,13,11,10,8,49,6,8,11,4,20,44,39,5,36,2,16,14,4,27,18,9,38,31,7,21,8,13,40,10,30
S01007935,368,26,14,12,65,12,16,12,25,46,3,3,11,6,23,49,42,7,83,11,27,27,18,29,21,8,30,21,9,14,9,5,26,7,19
S01007936,545,64,44,20,135,31,35,36,33,87,7,9,18,5,48,76,61,15,56,4,25,17,10,27,22,5,42,34,8,29,15,14,29,1,28
S01007937,567,53,32,21,110,22,40,18,30,95,11,12,21,8,43,75,56,19,60,5,18,20,17,47,36,11,58,47,11,35,14,21,34,6,28
S01007938,334,22,14,8,36,10,13,7,6,39,10,2,8,2,17,49,44,5,56,8,23,15,10,40,30,10,38,30,8,18,8,10,36,7,29
S01007939,348,17,13,4,24,3,9,5,7,40,2,7,10,5,16,38,29,9,50,5,20,14,11,51,43,8,41,37,4,45,19,26,42,7,35
S01007940,457,35,19,16,62,10,19,15,18,50,6,2,9,4,29,54,42,12,76,8,29,27,12,42,37,5,29,22,7,48,22,26,61,24,37
S01007941,348,37,21,16,53,9,17,18,9,35,4,2,11,4,14,45,35,10,54,5,29,14,6,36,28,8,34,28,6,29,11,18,25,3,22
S01007942,236,14,10,4,29,9,10,4,6,31,7,3,3,2,16,33,29,4,37,1,15,17,4,23,20,3,17,13,4,28,17,11,24,9,15
S01007943,281,18,10,8,42,7,16,9,10,38,5,3,6,7,17,36,25,11,46,4,21,12,9,17,13,4,30,25,5,23,8,15,31,10,21
S01007944,410,33,22,11,49,15,14,12,8,43,8,7,8,3,17,35,26,9,67,7,18,27,15,44,36,8,41,38,3,51,30,21,47,16,31
S01007945,342,32,18,14,58,7,25,15,11,37,5,5,5,7,15,31,24,7,56,8,26,16,6,29,23,6,26,22,4,32,11,21,41,7,34
S01007946,343,26,16,10,48,7,17,12,12,46,7,2,7,5,25,41,35,6,39,5,15,11,8,32,27,5,33,31,2,31,17,14,47,10,37
S01007947,331,30,20,10,60,10,25,13,12,33,3,3,10,5,12,39,26,13,55,3,25,18,9,26,19,7,30,23,7,20,9,11,38,11,27
S01007948,223,12,9,3,14,2,2,2,8,20,2,5,0,3,10,17,15,2,43,7,10,15,11,31,27,4,15,14,1,30,12,18,41,14,27
S01007949,366,21,16,5,53,7,14,17,15,52,13,4,5,2,28,55,40,15,54,3,30,18,3,38,32,6,36,29,7,32,19,13,25,5,20
S01007950,452,46,31,15,83,13,37,17,16,58,5,5,15,8,25,64,54,10,75,6,40,20,9,35,22,13,38,29,9,31,12,19,22,4,18
S01007951,363,28,18,10,60,6,26,14,14,40,7,3,9,3,18,43,35,8,59,1,26,24,8,36,28,8,31,22,9,26,13,13,40,13,27
S01007952,252,28,11,17,19,6,4,6,3,28,2,1,7,4,14,27,24,3,42,5,10,19,8,28,23,5,30,27,3,31,12,19,19,1,18
S01007953,434,24,13,11,42,9,18,6,9,41,10,8,8,0,15,41,29,12,74,14,25,26,9,58,46,12,36,29,7,62,31,31,56,15,41
S01007954,280,10,2,8,20,4,7,5,4,24,5,4,4,1,10,19,13,6,44,5,14,10,15,46,33,13,29,25,4,46,24,22,42,5,37
S01007955,370,13,5,8,15,2,9,1,3,30,8,5,7,3,7,32,25,7,60,7,22,18,13,61,49,12,44,40,4,64,33,31,51,11,40
S01007956,319,18,13,5,22,3,11,4,4,21,2,3,5,2,9,25,20,5,36,2,12,12,10,58,41,17,36,29,7,44,22,22,59,11,48
S01007957,397,22,14,8,30,9,5,11,5,38,4,7,12,1,14,37,33,4,62,3,19,24,16,43,29,14,63,52,11,50,29,21,52,10,42
S01007958,341,21,14,7,28,4,19,2,3,22,0,5,8,1,8,35,26,9,55,4,21,22,8,55,35,20,32,25,7,43,28,15,50,11,39
S01007959,391,34,24,10,48,4,22,12,10,40,7,7,6,3,17,45,36,9,70,5,32,23,10,37,33,4,33,28,5,37,21,16,47,9,38
S01007960,329,17,13,4,27,6,10,3,8,29,4,5,7,1,12,35,31,4,49,5,17,20,7,48,36,12,34,28,6,38,19,19,52,7,45
S01007961,447,40,27,13,54,10,18,12,14,49,6,4,4,9,26,42,31,11,115,51,23,24,17,22,16,6,31,25,6,34,11,23,60,34,26
S01007962,245,13,6,7,13,1,4,6,2,21,5,1,4,1,10,26,24,2,36,1,15,13,7,37,24,13,30,20,10,35,18,17,34,7,27
S01007963,249,14,5,9,17,4,6,5,2,16,4,2,3,0,7,17,16,1,31,5,9,10,7,36,25,11,37,34,3,30,11,19,51,13,38
S01007964,299,14,11,3,22,3,8,9,2,20,1,5,4,3,7,21,18,3,59,5,21,20,13,38,29,9,37,28,9,22,11,11,66,3,63
S01007965,237,11,7,4,12,2,7,2,1,17,4,4,3,0,6,30,24,6,28,2,9,13,4,36,29,7,31,25,6,30,16,14,42,6,36
S01007966,328,20,14,6,26,5,8,5,8,20,3,1,4,1,11,27,22,5,45,2,17,17,9,51,45,6,39,32,7,41,21,20,59,6,53
S01007967,237,8,7,1,9,1,6,1,1,20,4,3,1,3,9,20,12,8,23,3,7,7,6,50,44,6,30,28,2,22,9,13,55,9,46
S01007968,373,10,7,3,29,4,12,4,9,33,6,6,8,3,10,44,39,5,58,2,27,21,8,50,41,9,40,37,3,45,25,20,64,8,56
S01007969,363,19,14,5,29,5,14,6,4,37,5,4,6,7,15,51,44,7,45,2,19,20,4,54,44,10,44,40,4,24,10,14,60,6,54
S01007970,397,27,18,9,36,2,17,12,5,41,6,6,6,3,20,33,25,8,72,1,27,30,14,50,33,17,39,31,8,49,23,26,50,10,40
S01007971,385,17,12,5,38,4,18,12,4,37,4,3,9,8,13,40,29,11,47,1,22,14,10,38,30,8,46,41,5,53,25,28,69,10,59
S01007972,397,13,10,3,30,5,10,6,9,34,5,6,6,3,14,37,34,3,73,2,33,25,13,56,47,9,55,50,5,42,21,21,57,7,50
S01007973,469,33,25,8,72,14,29,12,17,60,9,7,11,6,27,66,56,10,72,3,39,22,8,43,31,12,38,32,6,42,25,17,43,6,37
S01007974,332,19,14,5,31,8,13,5,5,27,4,4,7,1,11,34,30,4,43,4,12,15,12,38,30,8,32,26,6,47,24,23,61,9,52
S01007975,279,10,6,4,23,3,13,3,4,24,1,2,4,5,12,30,23,7,51,5,13,19,14,38,29,9,40,33,7,26,12,14,37,6,31
S01007976,301,12,6,6,35,9,8,6,12,37,4,5,9,6,13,39,26,13,45,4,18,13,10,36,28,8,31,27,4,24,11,13,42,15,27
S01007977,374,28,22,6,68,17,21,20,10,46,5,6,10,9,16,40,35,5,49,3,22,17,7,43,32,11,40,33,7,33,17,16,27,1,26
S01007978,308,19,9,10,43,8,18,5,12,42,4,5,13,2,18,25,19,6,45,2,20,18,5,29,23,6,47,30,17,18,9,9,40,8,32
S01007979,439,35,19,16,113,20,24,40,29,71,10,7,12,7,35,44,36,8,48,3,25,12,8,41,29,12,29,22,7,26,16,10,32,4,28
S01007980,339,38,20,18,48,9,9,20,10,39,4,3,9,3,20,41,33,8,44,3,17,14,10,37,25,12,24,22,2,26,15,11,42,7,35
S01007981,252,28,15,13,41,4,15,10,12,31,3,2,8,2,16,36,31,5,32,1,13,14,4,20,15,5,25,24,1,22,12,10,17,0,17
S01007982,249,22,13,9,39,6,9,16,8,35,5,3,9,4,14,35,28,7,35,2,21,7,5,18,13,5,31,27,4,9,4,5,25,0,25
S01007983,281,11,7,4,19,3,7,4,5,22,4,4,8,3,3,33,26,7,46,0,24,12,10,32,30,2,32,29,3,33,14,19,53,8,45
S01007984,357,29,25,4,60,12,22,16,10,36,5,9,4,3,15,42,35,7,37,9,7,12,9,42,36,6,33,28,5,35,16,19,43,9,34
S01007985,352,22,13,9,24,2,12,3,7,18,3,1,8,2,4,37,31,6,51,4,19,23,5,44,32,12,45,39,6,44,20,24,67,6,61
S01007986,255,15,11,4,28,6,13,2,7,28,3,6,5,1,13,28,19,9,27,0,10,13,4,40,29,11,19,16,3,31,20,11,39,4,35
S01007987,387,24,11,13,59,12,20,12,15,41,3,4,12,6,16,53,45,8,56,2,26,23,5,40,28,12,33,24,9,29,15,14,52,7,45
S01007988,334,13,6,7,27,5,5,12,5,34,6,7,7,2,12,41,36,5,51,3,18,21,9,49,36,13,34,26,8,33,17,16,52,7,45
S01007989,324,24,13,11,17,1,9,4,3,27,4,7,7,1,8,37,30,7,52,5,21,15,11,46,38,8,31,25,6,37,20,17,53,5,48
S01007990,449,31,21,10,38,8,16,8,6,43,7,6,8,4,18,64,49,15,52,1,29,12,10,62,46,16,59,46,13,39,12,27,61,9,52
S01007991,567,65,44,21,133,31,48,24,30,104,13,13,27,4,47,74,61,13,59,3,24,18,14,28,22,6,53,42,11,24,15,9,27,5,22
S01007992,384,41,31,10,86,11,33,23,19,62,8,4,14,10,26,42,30,12,49,1,21,16,11,24,20,4,32,25,7,17,9,8,31,8,23
S01007993,474,28,22,6,93,15,33,28,17,57,6,6,16,8,21,56,46,10,65,2,25,25,13,58,49,9,48,34,14,38,24,14,31,5,26
S01007994,486,62,41,21,109,22,32,29,26,109,16,6,30,15,42,53,40,13,50,2,27,14,7,31,23,8,23,15,8,24,16,8,25,1,24
S01007995,517,43,29,14,109,22,29,37,21,92,13,7,28,4,40,65,54,11,55,2,32,11,10,41,29,12,41,35,6,30,20,10,41,6,35
S01007996,240,23,16,7,58,7,16,19,16,42,5,5,9,3,20,22,19,3,34,4,9,7,14,17,9,8,14,9,5,14,6,8,16,3,13
S01007997,337,32,23,9,87,8,19,30,30,53,5,6,6,5,31,44,35,9,40,2,19,7,12,15,8,7,28,23,5,17,11,6,21,2,19
S01007998,263,35,19,16,63,12,17,21,13,50,8,4,9,6,23,21,15,6,24,3,11,7,3,17,13,4,22,16,6,13,7,6,18,3,15
S01007999,318,10,8,2,16,0,7,5,4,23,3,5,4,2,9,18,15,3,63,5,18,33,7,52,39,13,43,37,6,34,17,17,59,11,48
S01008000,349,18,11,7,23,9,6,6,2,29,4,3,9,2,11,28,20,8,33,7,8,12,6,72,66,6,30,24,6,39,21,18,77,13,64
S01008001,286,12,5,7,11,2,5,1,3,14,1,4,3,2,4,25,21,4,33,2,16,7,8,49,36,13,43,37,6,32,14,18,67,13,54
S01008002,283,13,5,8,7,2,2,2,1,26,3,1,3,3,16,21,18,3,49,11,12,13,13,40,36,4,27,21,6,44,25,19,56,13,43
S01008003,284,15,10,5,32,7,10,12,3,34,4,6,5,2,17,30,24,6,43,2,13,15,13,33,27,6,27,24,3,34,18,16,36,0,36
S01008004,329,21,10,11,52,15,18,12,7,45,6,5,7,5,22,38,28,10,44,5,20,10,9,32,28,4,33,25,8,32,16,16,32,9,23
S01008005,297,23,13,10,65,14,17,18,16,39,4,7,5,6,17,33,32,1,28,4,12,10,2,40,31,9,33,23,10,18,5,13,18,3,15
S01008006,173,7,3,4,8,2,2,2,2,14,2,3,3,0,6,10,7,3,26,4,5,10,7,22,14,8,21,16,5,26,16,10,39,9,30
S01008007,168,3,2,1,12,2,5,1,4,13,1,4,2,1,5,13,12,1,15,0,5,3,7,29,22,7,21,15,6,29,17,12,33,8,25
S01008008,252,18,7,11,18,5,4,5,4,33,5,4,3,6,15,25,17,8,23,3,6,6,8,34,24,10,22,16,6,24,8,16,55,10,45
S01008009,302,21,13,8,43,6,15,10,12,31,3,8,5,4,11,25,21,4,36,3,11,15,7,32,22,10,42,33,9,31,21,10,41,11,30
S01008010,392,35,25,10,37,7,16,7,7,56,7,5,11,4,29,44,40,4,62,7,18,20,17,39,30,9,41,35,6,24,13,11,54,12,42
S01008011,248,25,15,10,35,8,13,6,8,27,5,3,9,2,8,23,21,2,26,1,9,11,5,32,21,11,26,19,7,18,10,8,36,8,28
S01008012,416,42,25,17,63,12,18,15,18,51,3,2,12,4,30,44,39,5,52,2,16,20,14,44,29,15,50,33,17,27,11,16,43,6,37
S01008013,315,28,14,14,51,6,21,13,11,49,4,8,19,6,12,45,40,5,29,0,12,11,6,28,22,6,23,16,7,22,12,10,40,10,30
S01008014,321,24,17,7,68,9,28,18,13,46,7,11,8,4,16,34,29,5,29,3,12,7,7,34,27,7,29,23,6,33,18,15,24,4,20
S01008015,348,21,15,6,47,7,14,13,13,32,7,6,5,1,13,34,27,7,38,2,13,13,10,36,33,3,45,35,10,40,18,22,55,5,50
S01008016,353,16,13,3,51,9,21,10,11,26,8,4,2,1,11,46,35,11,60,6,26,18,10,46,32,14,25,19,6,28,12,16,55,6,49
S01008017,407,41,36,5,113,13,35,39,26,54,7,5,8,10,24,43,36,7,41,2,17,19,3,34,26,8,36,28,8,17,5,12,28,4,24
S01008018,308,26,16,10,79,8,25,28,18,44,6,4,9,10,15,31,26,5,37,1,20,12,4,18,13,5,42,28,14,10,5,5,21,4,17
S01008019,367,43,27,16,112,17,29,39,27,53,1,4,8,6,34,29,19,10,40,5,20,9,6,20,15,5,27,22,5,16,6,10,27,2,25
S01008020,351,25,17,8,59,11,15,21,12,51,9,6,14,5,17,39,31,8,54,1,24,20,9,21,16,5,38,28,10,25,10,15,39,9,30
S01008021,276,28,16,12,79,10,30,21,18,43,6,9,10,2,16,38,25,13,26,0,12,11,3,17,13,4,22,18,4,10,4,6,13,1,12
S01008022,371,41,32,9,82,12,26,28,16,64,9,9,10,4,32,44,37,7,30,2,18,7,3,26,17,9,28,22,6,26,15,11,30,4,26
S01008023,402,49,28,21,80,15,20,22,23,58,4,2,11,4,37,52,40,12,47,0,23,12,12,28,20,8,47,41,6,19,10,9,22,5,17
S01008024,415,48,37,11,102,20,38,27,17,94,11,9,23,6,45,55,43,12,37,3,17,11,6,26,19,7,25,22,3,13,10,3,15,1,14
S01008025,393,28,17,11,57,9,24,10,14,38,4,5,12,5,12,49,38,11,56,1,26,18,11,47,38,9,34,28,6,34,16,18,50,7,43
S01008026,484,31,23,8,59,11,23,14,11,51,6,6,9,3,27,49,38,11,77,4,35,31,7,59,45,14,37,34,3,48,26,22,73,13,60
S01008027,263,24,15,9,28,4,18,3,3,21,8,3,2,0,8,32,25,7,39,2,12,17,8,31,25,6,28,22,6,23,12,11,37,5,32
S01008028,315,21,12,9,45,6,18,15,6,31,4,1,9,1,16,38,29,9,54,7,31,11,5,39,31,8,21,16,5,28,9,19,38,3,35
S01008029,436,51,24,27,83,15,27,22,19,47,8,7,9,6,17,43,35,8,85,25,23,21,16,39,24,15,28,21,7,18,8,10,42,15,27
S01008030,518,44,30,14,111,24,28,32,27,83,13,9,7,8,46,58,50,8,68,4,29,25,10,47,37,10,41,32,9,34,15,19,32,9,23
S01008031,403,29,23,6,54,8,17,15,14,45,8,9,6,9,13,49,40,9,53,5,22,21,5,46,39,7,43,36,7,41,18,23,43,10,33
S01008032,441,28,20,8,55,10,15,16,14,46,7,7,13,3,16,63,57,6,57,2,23,22,10,49,34,15,39,32,7,51,20,31,53,4,49
S01008033,453,68,51,17,130,17,36,39,38,74,8,4,7,12,43,52,37,15,33,12,10,8,3,25,19,6,33,27,6,14,4,10,24,1,23
S01008034,444,56,41,15,147,22,44,50,31,67,8,7,5,9,38,46,38,8,34,4,9,13,8,26,13,13,42,30,12,10,3,7,16,2,14
S01008035,312,20,15,5,79,11,19,23,26,54,10,10,5,7,22,60,48,12,27,1,13,8,5,14,7,7,29,18,11,18,6,12,11,1,10
S01008036,336,27,20,7,95,20,31,25,19,46,8,1,10,6,21,35,21,14,37,0,17,15,5,27,20,7,32,23,9,10,3,7,27,0,27
S01008037,478,23,15,8,65,15,20,13,17,60,6,10,5,7,32,66,50,16,70,18,13,24,15,59,47,12,51,40,11,27,7,20,57,7,50
S01008038,370,23,9,14,48,15,12,14,7,42,10,4,4,5,19,40,29,11,53,4,20,20,9,40,28,12,44,35,9,25,5,20,55,10,45
S01008039,424,40,22,18,62,13,11,23,15,48,7,4,4,6,27,45,35,10,51,4,18,19,10,44,35,9,56,50,6,21,6,15,57,5,52
S01008040,356,35,26,9,92,17,25,27,23,54,7,4,4,11,28,39,30,9,30,6,10,8,6,36,28,8,32,16,16,16,7,9,22,2,20
S01008041,304,27,18,9,95,17,28,28,22,58,5,4,1,20,28,36,27,9,21,1,7,10,3,22,14,8,18,16,2,9,2,7,18,0,18
S01008042,254,35,24,11,93,12,28,24,29,45,2,3,1,14,25,28,19,9,13,1,4,4,4,11,3,8,13,11,2,11,4,7,5,0,5
S01008043,437,57,42,15,169,33,48,40,48,86,13,9,8,23,33,34,20,14,22,3,8,8,3,18,11,7,21,15,6,20,8,12,10,1,9
S01008044,468,59,39,20,149,18,38,64,29,97,8,9,8,20,52,36,25,11,26,1,11,7,7,29,15,14,34,28,6,19,8,11,19,2,17
S01008045,421,52,26,26,150,33,43,33,41,66,4,5,3,18,36,35,22,13,34,12,10,8,4,16,9,7,32,27,5,14,6,8,22,1,21
S01008046,311,32,22,10,65,11,21,17,16,38,5,3,4,9,17,47,38,9,35,5,14,11,5,20,15,5,32,29,3,13,6,7,29,4,25
S01008047,305,23,17,6,114,13,28,45,28,44,4,2,3,11,24,33,21,12,23,3,10,9,1,20,12,8,21,20,1,12,6,6,15,2,13
S01008048,241,40,28,12,66,13,15,20,18,28,1,0,6,4,17,31,25,6,22,1,7,9,5,19,16,3,15,14,1,7,4,3,13,1,12
S01008049,370,37,24,13,126,25,32,33,36,66,12,7,8,15,24,56,45,11,22,0,9,11,2,20,14,6,17,14,3,13,3,10,13,1,12
S01008050,261,38,25,13,85,16,26,25,18,47,2,7,5,5,28,31,27,4,7,1,1,3,2,14,11,3,28,22,6,3,1,2,8,1,7
S01008051,429,41,31,10,169,36,46,50,37,66,11,1,12,8,34,47,34,13,23,0,12,5,6,24,17,7,30,24,6,16,6,10,13,0,13
S01008052,431,60,43,17,177,34,47,45,51,77,13,9,9,13,33,39,28,11,13,1,6,6,0,23,17,6,26,19,7,8,2,6,8,2,6
S01008053,249,26,18,8,106,26,26,27,27,35,5,4,3,9,14,28,20,8,15,0,9,3,3,9,5,4,11,6,5,11,3,8,8,1,7
S01008054,341,68,44,24,124,12,35,31,46,48,6,4,1,11,26,27,20,7,11,0,1,5,5,19,12,7,22,17,5,7,1,6,15,1,14
S01008055,488,77,51,26,201,40,46,55,60,75,4,8,7,12,44,42,33,9,20,3,8,1,8,13,11,2,35,32,3,8,3,5,17,2,15
S01008056,314,43,29,14,133,19,39,44,31,46,8,1,2,13,22,23,18,5,21,1,12,3,5,12,10,2,21,19,2,5,1,4,10,0,10
S01008057,437,66,43,23,161,29,34,58,40,59,6,7,12,5,29,45,35,10,26,1,12,9,4,25,15,10,24,20,4,14,4,10,17,0,17
S01008058,488,91,58,33,158,22,54,40,42,67,3,1,2,9,52,40,26,14,31,2,8,11,10,27,18,9,39,33,6,9,5,4,26,0,26
S01008059,347,32,18,14,94,31,19,32,12,53,11,3,5,8,26,57,43,14,21,1,8,8,4,26,17,9,23,15,8,20,5,15,21,0,21
S01008060,463,47,37,10,139,28,40,38,33,69,3,11,18,5,32,57,43,14,43,1,21,13,8,37,25,12,38,27,11,10,4,6,23,1,22
S01008061,380,48,33,15,94,19,26,31,18,72,10,7,10,8,37,54,40,14,18,2,9,5,2,35,22,13,27,23,4,11,5,6,21,1,20
S01008062,428,29,17,12,107,19,29,34,25,57,10,7,15,3,22,73,57,16,42,4,26,9,3,36,26,10,40,33,7,20,4,16,24,1,23
S01008063,448,42,32,10,145,28,50,47,20,72,4,7,6,11,44,52,40,12,31,2,17,6,6,33,24,9,36,23,13,17,6,11,20,1,19
S01008064,315,22,12,10,52,9,17,11,15,36,4,9,3,3,17,40,26,14,40,7,20,7,6,44,34,10,28,20,8,14,0,14,39,2,37
S01008065,484,57,39,18,188,27,58,58,45,73,7,4,9,16,37,57,35,22,26,2,10,7,7,21,15,6,35,27,8,7,2,5,20,1,19
S01008066,423,79,51,28,190,28,76,40,46,57,2,3,2,18,32,27,19,8,14,2,2,7,3,10,4,6,19,16,3,10,3,7,17,2,15
S01008067,307,38,28,10,124,14,49,26,35,45,6,4,0,9,26,28,22,6,29,3,6,13,7,9,9,0,12,11,1,10,3,7,12,0,12
S01008068,467,55,42,13,137,24,44,35,34,64,10,8,8,6,32,57,48,9,44,1,19,15,9,30,20,10,36,28,8,22,10,12,22,0,22
S01008069,485,36,25,11,82,17,26,22,17,81,11,9,10,12,39,92,70,22,57,2,30,19,6,30,19,11,44,31,13,22,7,15,41,1,40
S01008070,476,21,18,3,73,17,19,23,14,81,13,16,13,5,34,71,56,15,64,1,40,18,5,61,44,17,50,37,13,21,9,12,34,3,31
S01008071,380,32,22,10,105,17,29,37,22,61,9,9,11,9,23,54,38,16,42,1,24,11,6,33,21,12,29,22,7,13,3,10,11,0,11
S01008072,402,78,54,24,163,28,55,39,41,57,6,2,4,11,34,39,28,11,17,1,7,7,2,12,6,6,20,17,3,7,4,3,9,1,8
S01008073,235,38,25,13,85,19,22,25,19,43,3,3,8,6,23,13,8,5,21,2,7,6,6,9,7,2,12,12,0,2,1,1,12,0,12
S01008074,497,44,30,14,181,40,51,44,46,73,1,7,9,16,40,60,45,15,43,0,21,15,7,28,22,6,37,32,5,11,5,6,20,1,19
S01008075,230,29,19,10,91,16,23,22,30,34,3,3,2,5,21,28,18,10,7,1,2,4,0,12,9,3,17,16,1,3,2,1,9,0,9
S01008076,228,32,18,14,86,14,20,22,30,38,5,2,0,11,20,28,19,9,8,0,5,3,0,11,6,5,13,9,4,6,2,4,6,0,6
S01008077,348,61,38,23,148,24,51,25,48,45,0,6,3,11,25,26,22,4,16,0,7,5,4,14,9,5,22,17,5,8,4,4,8,0,8
S01008078,373,59,38,21,111,27,20,33,31,48,2,8,6,3,29,49,35,14,23,2,9,6,6,23,19,4,29,25,4,6,2,4,25,0,25
S01008079,390,63,34,29,152,27,36,41,48,45,9,4,5,6,21,32,23,9,26,1,11,6,8,22,14,8,32,24,8,8,5,3,10,0,10
S01008080,336,34,26,8,110,24,25,29,32,55,5,8,7,10,25,43,32,11,26,1,9,7,9,22,16,6,19,17,2,20,9,11,7,0,7
S01008081,276,45,28,17,94,23,18,27,26,38,5,3,6,6,18,28,21,7,17,2,7,2,6,15,10,5,23,20,3,11,5,6,5,0,5
S01008082,407,51,29,22,119,15,33,44,27,62,10,6,12,5,29,51,44,7,29,0,15,5,9,24,18,6,41,35,6,12,2,10,18,2,16
S01008083,341,40,30,10,105,18,32,34,21,61,5,5,9,15,27,43,35,8,21,0,9,7,5,22,15,7,26,22,4,8,4,4,15,0,15
S01008084,418,48,36,12,105,19,26,34,26,51,2,8,7,8,26,51,38,13,47,3,19,16,9,41,31,10,32,28,4,19,9,10,24,7,17
S01008085,533,61,42,19,155,33,37,49,36,88,11,10,15,13,39,61,39,22,48,14,15,8,11,32,18,14,33,24,9,25,7,18,30,6,24
S01008086,577,55,38,17,142,36,35,42,29,95,8,10,14,16,47,66,51,15,68,8,23,25,12,44,33,11,35,28,7,32,10,22,40,4,36
S01008087,372,34,24,10,102,22,22,35,23,60,6,5,8,7,34,53,43,10,31,0,14,13,4,15,7,8,36,28,8,22,7,15,19,1,18
S01008088,422,38,24,14,88,21,16,23,28,70,5,9,10,10,36,70,58,12,36,3,11,15,7,28,17,11,50,37,13,23,7,16,19,1,18
S01008089,310,39,29,10,66,10,15,27,14,54,5,6,7,6,30,46,37,9,27,0,9,13,5,18,12,6,33,28,5,15,8,7,12,0,12
S01008090,379,32,19,13,78,18,13,25,22,65,5,8,10,6,36,53,43,10,41,0,21,18,2,30,22,8,35,27,8,16,5,11,29,2,27
S01008091,191,16,13,3,44,10,10,11,13,29,7,2,1,5,14,23,14,9,14,1,8,3,2,19,14,5,21,13,8,16,4,12,9,0,9
S01008092,396,47,32,15,96,21,18,34,23,66,7,9,9,7,34,56,44,12,28,0,11,11,6,25,20,5,45,35,10,11,3,8,22,1,21
S01008093,360,35,26,9,87,16,19,36,16,53,8,5,5,9,26,45,35,10,43,0,22,13,8,17,12,5,49,36,13,21,7,14,10,4,6
S01008094,316,46,28,18,85,15,12,34,24,39,2,8,1,7,21,34,27,7,37,1,18,14,4,18,10,8,27,24,3,11,4,7,19,1,18
S01008095,352,19,11,8,63,9,17,16,21,61,11,5,5,5,35,53,43,10,33,0,14,11,8,30,23,7,36,26,10,20,6,14,37,2,35
S01008096,337,39,26,13,84,11,15,32,26,51,5,9,8,3,26,51,38,13,26,0,14,7,5,23,19,4,29,27,2,17,6,11,17,2,15
S01008097,273,24,14,10,62,8,12,25,17,38,6,10,2,4,16,43,28,15,29,0,10,14,5,18,12,6,35,30,5,10,2,8,14,1,13
S01008098,379,31,27,4,91,19,16,34,22,55,9,7,5,12,22,59,53,6,42,1,15,17,9,29,18,11,34,25,9,16,4,12,22,1,21
S01008099,269,14,10,4,41,7,10,6,18,35,6,6,2,3,18,44,35,9,36,0,18,14,4,35,26,9,27,22,5,22,8,14,15,1,14
S01008100,399,50,31,19,121,24,24,35,38,63,6,6,4,7,40,56,47,9,29,1,12,8,8,19,15,4,21,19,2,16,9,7,24,2,22
S01008101,425,36,26,10,108,18,18,42,30,65,5,9,10,3,38,53,45,8,50,5,18,12,15,33,18,15,35,26,9,23,6,17,22,0,22
S01008102,380,30,18,12,62,8,10,25,19,58,5,6,7,8,32,48,38,10,58,3,30,16,9,35,29,6,41,31,10,21,6,15,27,1,26
S01008103,292,27,17,10,53,7,14,14,18,41,3,10,4,2,22,35,29,6,32,3,12,10,7,35,23,12,20,16,4,16,2,14,33,1,32
S01008104,405,16,11,5,45,10,14,13,8,34,4,5,3,1,21,64,53,11,64,5,27,23,9,65,50,15,37,28,9,23,4,19,57,4,53
S01008105,464,32,18,14,49,7,18,17,7,59,10,10,2,8,29,55,43,12,62,2,26,24,10,59,42,17,64,49,15,35,8,27,49,6,43
S01008106,314,13,7,6,34,7,9,10,8,33,3,7,2,3,18,44,30,14,40,3,15,16,6,44,34,10,34,28,6,29,8,21,43,3,40
S01008107,487,59,31,28,109,19,30,38,22,75,8,7,14,2,44,50,38,12,57,1,21,18,17,32,23,9,44,31,13,24,7,17,37,5,32
S01008108,394,37,23,14,80,15,23,23,19,44,4,5,4,3,28,55,42,13,48,2,26,14,6,37,28,9,39,29,10,24,7,17,30,3,27
S01008109,485,41,27,14,83,9,25,26,23,63,5,8,13,5,32,82,65,17,57,0,31,21,5,52,38,14,54,42,12,26,12,14,27,2,25
S01008110,484,41,21,20,89,12,30,34,13,75,11,11,12,9,32,58,48,10,61,2,18,20,21,45,35,10,48,36,12,33,6,27,34,5,29
S01008111,434,42,28,14,108,24,27,33,24,67,11,7,9,6,34,59,43,16,38,0,16,16,6,27,21,6,47,32,15,16,4,12,30,6,24
S01008112,385,28,20,8,79,15,25,25,14,45,7,7,4,7,20,63,47,16,39,0,21,8,10,34,22,12,53,46,7,22,5,17,22,2,20
S01008113,447,41,27,14,98,15,21,29,33,60,7,6,9,8,30,67,49,18,45,1,20,17,7,29,22,7,51,38,13,24,5,19,32,0,32
S01008114,337,28,22,6,59,14,13,16,16,49,6,8,3,6,26,47,39,8,43,2,22,11,8,21,15,6,39,31,8,27,7,20,24,3,21
S01008115,516,43,28,15,74,15,14,25,20,54,8,13,6,6,21,100,84,16,68,2,30,26,10,36,25,11,68,45,23,29,10,19,44,2,42
S01008116,472,49,36,13,122,25,36,34,27,71,9,10,16,7,29,68,57,11,31,1,14,8,8,42,37,5,38,29,9,21,9,12,30,4,26
S01008117,373,36,25,11,98,20,32,29,17,59,5,9,8,8,29,59,41,18,28,1,10,11,6,28,21,7,37,31,6,11,6,5,17,0,17
S01008118,386,31,22,9,92,11,38,21,22,57,3,11,9,9,25,52,39,13,41,1,22,7,11,28,22,6,30,21,9,22,7,15,33,3,30
S01008119,278,11,9,2,30,7,14,6,3,17,2,2,2,1,10,23,18,5,44,2,19,11,12,40,29,11,36,28,8,32,10,22,45,5,40
S01008120,272,26,18,8,79,11,23,23,22,32,4,3,3,4,18,38,26,12,32,1,14,8,9,24,20,4,18,17,1,8,2,6,15,1,14
S01008121,305,34,25,9,117,27,31,31,28,34,3,8,3,5,15,42,34,8,17,2,5,8,2,20,17,3,23,18,5,7,4,3,11,2,9
S01008122,346,51,45,6,128,16,39,27,46,69,7,9,5,12,36,32,22,10,18,1,10,4,3,13,6,7,19,16,3,5,1,4,11,0,11
S01008123,437,56,43,13,164,22,52,42,48,82,8,12,8,14,40,40,29,11,26,1,8,11,6,20,16,4,25,19,6,6,3,3,18,1,17
S01008124,433,50,32,18,117,22,30,39,26,64,6,6,14,5,33,63,48,15,38,0,23,13,2,27,19,8,38,33,5,15,1,14,21,1,20
S01008125,455,52,35,17,105,18,31,31,25,81,11,7,13,10,40,62,39,23,42,0,16,17,9,33,24,9,41,28,13,17,7,10,22,3,19
S01008126,459,43,32,11,123,25,30,35,33,85,4,9,10,9,53,74,55,19,37,2,18,11,6,31,24,7,36,23,13,18,7,11,12,0,12
S01008127,251,25,17,8,86,16,22,20,28,39,1,2,10,2,24,38,30,8,15,0,8,5,2,19,17,2,13,10,3,10,4,6,6,0,6
S01008128,442,34,20,14,100,20,30,25,25,62,10,5,9,11,27,68,52,16,45,3,17,18,7,39,29,10,39,37,2,22,7,15,33,4,29
S01008129,433,35,21,14,80,10,35,21,14,46,4,11,4,9,18,59,44,15,58,5,21,19,13,50,38,12,44,34,10,28,15,13,33,3,30
S01008130,468,43,29,14,64,8,23,19,14,79,15,18,9,11,26,55,43,12,49,6,18,14,11,60,39,21,43,27,16,36,11,25,39,3,36
S01008131,350,22,11,11,51,11,16,12,12,55,4,11,9,7,24,54,48,6,30,1,11,8,10,30,25,5,37,31,6,34,9,25,37,5,32
S01008132,469,49,32,17,119,18,36,29,36,73,9,13,13,12,26,76,58,18,45,2,22,17,4,31,23,8,34,25,9,17,7,10,25,3,22
S01008133,248,22,15,7,55,9,16,18,12,29,4,3,1,8,13,26,24,2,28,2,8,8,10,24,21,3,26,19,7,17,9,8,21,1,20
S01008134,325,25,13,12,70,13,21,19,17,67,3,6,14,5,39,34,27,7,32,1,11,16,4,33,28,5,34,24,10,13,5,8,17,5,12
S01008135,597,49,32,17,116,25,46,27,18,82,9,11,11,5,46,74,61,13,83,6,37,27,13,70,61,9,47,35,12,36,15,21,40,1,39
S01008136,434,27,20,7,63,11,17,12,23,57,9,7,11,5,25,62,48,14,45,4,18,17,6,45,39,6,42,31,11,42,16,26,51,15,36
S01008137,323,18,9,9,28,7,14,4,3,16,4,3,1,1,7,15,12,3,40,0,15,17,8,46,39,7,58,42,16,35,17,18,67,11,56
S01008138,329,17,13,4,24,3,14,2,5,19,0,5,1,0,13,31,28,3,50,4,16,19,11,59,47,12,38,29,9,30,11,19,61,12,49
S01008139,363,19,10,9,54,7,21,17,9,34,1,4,4,4,21,53,42,11,45,1,24,17,3,48,41,7,37,32,5,29,11,18,44,4,40
S01008140,204,14,10,4,30,12,7,10,1,21,3,0,5,1,12,25,22,3,24,1,13,6,4,27,19,8,23,17,6,12,6,6,28,2,26
S01008141,425,21,14,7,87,14,29,27,17,61,8,7,10,2,34,58,42,16,59,1,26,23,9,41,30,11,35,26,9,30,10,20,33,3,30
S01008142,445,40,22,18,78,16,29,18,15,65,10,12,8,3,32,65,50,15,55,3,25,15,12,37,28,9,49,37,12,27,3,24,29,2,27
S01008143,390,20,13,7,70,7,31,17,15,39,5,7,2,6,19,53,37,16,52,6,17,20,9,52,46,6,32,22,10,31,8,23,41,4,37
S01008144,308,22,14,8,56,9,18,19,10,46,3,3,11,8,21,45,35,10,39,8,15,14,2,32,24,8,36,31,5,21,6,15,11,3,8
S01008145,383,21,14,7,38,7,16,7,8,47,8,18,8,4,9,27,24,3,48,9,18,16,5,50,44,6,32,25,7,52,23,29,68,22,46
S01008146,210,16,11,5,20,3,7,7,3,18,2,1,6,1,8,18,14,4,27,4,5,13,5,19,15,4,19,13,6,34,18,16,39,14,25
S01008147,405,32,20,12,41,7,12,8,14,54,5,11,10,4,24,49,39,10,51,3,24,16,8,44,40,4,55,49,6,42,15,27,37,6,31
S01008148,420,28,16,12,68,10,25,17,16,56,5,14,11,2,24,73,64,9,66,2,26,26,12,42,37,5,36,32,4,25,7,18,26,2,24
S01008149,335,23,11,12,40,3,23,10,4,32,0,2,6,2,22,53,39,14,42,2,18,14,8,44,37,7,36,31,5,31,11,20,34,7,27
S01008150,407,21,14,7,49,7,22,5,15,47,3,11,8,6,19,56,47,9,64,4,31,21,8,53,48,5,41,24,17,32,13,19,44,4,40
S01008151,317,11,7,4,38,8,14,10,6,35,4,8,4,2,17,27,20,7,45,3,18,14,10,55,43,12,27,20,7,36,20,16,43,7,36
S01008152,437,25,19,6,55,4,26,10,15,53,6,11,5,6,25,63,47,16,56,6,34,12,4,53,47,6,54,42,12,24,7,17,54,8,46
S01008153,463,46,35,11,89,18,30,19,22,64,10,8,10,7,29,59,37,22,53,4,23,15,11,44,34,10,43,22,21,24,6,18,41,1,40
S01008154,377,40,22,18,88,16,35,21,16,53,8,8,7,8,22,54,38,16,32,0,15,12,5,26,21,5,35,26,9,21,5,16,28,4,24
S01008155,349,29,24,5,72,8,20,26,18,46,6,4,6,6,24,56,47,9,35,1,16,10,8,33,22,11,33,27,6,21,6,15,24,8,16
S01008156,438,45,24,21,81,10,25,25,21,46,3,5,5,8,25,39,28,11,64,6,22,25,11,48,39,9,45,34,11,21,5,16,49,14,35
S01008157,383,31,23,8,92,19,19,24,30,61,10,7,7,11,26,38,31,7,48,3,23,12,10,38,31,7,37,30,7,20,7,13,18,2,16
S01008158,462,37,27,10,89,15,33,27,14,60,8,7,11,4,30,72,52,20,64,5,26,22,11,46,34,12,32,27,5,23,7,16,39,6,33
S01008159,384,25,13,12,49,8,25,6,10,32,3,4,4,3,18,27,18,9,54,10,15,15,14,80,69,11,38,31,7,22,7,15,57,14,43
S01008160,389,26,16,10,62,9,27,14,12,39,4,8,7,5,15,31,26,5,47,4,24,16,3,66,56,10,26,21,5,38,14,24,54,5,49
S01008161,603,68,45,23,152,27,54,44,27,91,14,15,13,7,42,54,49,5,73,9,32,22,10,47,36,11,35,25,10,35,16,19,48,10,38
S01008162,520,53,34,19,115,21,53,29,12,74,6,9,10,9,40,36,26,10,72,7,15,36,14,65,59,6,36,25,11,33,13,20,36,6,30
S01008163,332,27,13,14,24,12,1,3,8,25,4,4,2,4,11,30,23,7,55,7,15,22,11,49,34,15,43,34,9,31,7,24,48,4,44
S01008164,531,24,15,9,31,9,12,5,5,58,5,10,6,20,17,46,29,17,58,3,19,24,12,71,51,20,104,94,10,25,7,18,114,7,107
S01008165,441,56,37,19,76,24,17,16,19,72,6,6,14,7,39,59,42,17,67,8,22,26,11,37,26,11,34,23,11,19,7,12,21,2,19
S01008166,257,12,3,9,20,2,8,4,6,25,2,5,3,3,12,21,15,6,50,5,20,18,7,43,29,14,26,24,2,17,4,13,43,7,36
S01008167,310,18,12,6,14,4,5,2,3,24,2,6,5,3,8,31,23,8,53,6,10,27,10,44,34,10,43,35,8,41,9,32,42,8,34
S01008168,369,19,12,7,36,9,11,8,8,40,9,9,9,1,12,53,30,23,43,3,13,17,10,39,25,14,37,35,2,39,13,26,63,7,56
S01008169,376,26,21,5,28,9,6,5,8,28,6,3,1,3,15,49,34,15,54,4,17,26,7,65,48,17,41,31,10,38,13,25,47,7,40
S01008170,326,45,23,22,65,23,14,7,21,51,6,3,7,5,30,43,30,13,28,0,14,11,3,28,21,7,31,26,5,19,5,14,16,0,16
S01008171,350,24,13,11,58,21,13,12,12,43,5,9,5,9,15,50,37,13,42,2,17,15,8,37,28,9,40,35,5,21,3,18,35,2,33
S01008172,267,26,16,10,23,5,10,4,4,31,5,5,2,1,18,50,39,11,35,1,12,17,5,23,15,8,41,32,9,14,3,11,24,1,23
S01008173,357,23,18,5,50,9,10,9,22,49,5,7,7,5,25,72,55,17,37,0,13,18,6,30,21,9,40,32,8,16,2,14,40,4,36
S01008174,305,20,12,8,41,11,4,8,18,32,5,1,4,3,19,60,48,12,44,3,17,18,6,25,16,9,38,27,11,20,6,14,25,2,23
S01008175,410,29,17,12,53,14,10,15,14,51,8,12,4,4,23,74,51,23,53,3,14,19,17,43,33,10,35,20,15,29,10,19,43,2,41
S01008176,385,57,41,16,104,28,22,18,36,55,4,7,6,9,29,37,31,6,39,1,17,12,9,28,21,7,26,22,4,13,6,7,26,2,24
S01008177,340,26,14,12,55,13,17,10,15,45,5,9,2,8,21,45,33,12,37,3,12,13,9,41,35,6,31,27,4,27,13,14,33,5,28
S01008178,307,22,15,7,43,13,8,10,12,43,3,4,3,8,25,57,45,12,31,3,12,11,5,31,25,6,35,26,9,20,5,15,25,1,24
S01008179,294,31,17,14,56,13,14,12,17,50,3,5,11,5,26,41,31,10,33,2,12,17,2,30,25,5,28,18,10,14,5,9,11,0,11
S01008180,286,30,20,10,61,17,12,14,18,41,7,4,3,4,23,60,40,20,29,1,12,12,4,20,16,4,26,23,3,7,4,3,12,0,12
S01008181,337,42,24,18,55,12,14,10,19,42,10,0,3,3,26,69,50,19,37,3,11,12,11,30,23,7,34,26,8,15,6,9,13,0,13
S01008182,525,33,22,11,88,18,17,30,23,74,11,13,6,7,37,67,49,18,56,6,15,23,12,46,36,10,64,51,13,32,12,20,65,3,62
S01008183,341,28,15,13,65,19,9,16,21,51,6,5,5,8,27,42,30,12,40,0,13,19,8,35,29,6,34,27,7,20,4,16,26,1,25
S01008184,398,47,24,23,62,11,14,20,17,48,7,5,5,9,22,65,54,11,40,3,10,10,17,36,30,6,39,25,14,18,8,10,43,5,38
S01008185,506,36,18,18,76,10,21,23,22,58,7,10,5,9,27,81,67,14,64,1,21,23,19,52,39,13,54,40,14,29,8,21,56,15,41
S01008186,326,23,19,4,66,17,13,25,11,56,5,13,4,10,24,48,32,16,35,2,7,15,11,27,22,5,27,21,6,17,3,14,27,1,26
S01008187,297,20,13,7,42,11,3,10,18,34,5,2,3,6,18,29,18,11,38,0,14,17,7,37,28,9,38,27,11,22,6,16,37,0,37
S01008188,387,28,14,14,43,9,13,10,11,45,5,13,3,4,20,49,37,12,46,1,5,21,19,45,29,16,50,42,8,25,11,14,56,3,53
S01008189,274,18,11,7,45,10,8,13,14,32,6,4,3,5,14,48,41,7,30,2,11,15,2,34,24,10,25,21,4,14,4,10,28,3,25
S01008190,402,21,14,7,41,9,13,8,11,27,4,5,3,2,13,45,34,11,48,2,12,23,11,63,45,18,50,46,4,28,7,21,79,8,71
S01008191,222,16,13,3,20,3,6,4,7,26,1,6,4,1,14,31,25,6,32,1,14,11,6,25,20,5,29,24,5,11,6,5,32,2,30
S01008192,432,34,18,16,68,14,12,18,24,51,7,10,3,4,27,54,46,8,44,5,10,23,6,47,44,3,44,41,3,30,12,18,60,17,43
S01008193,389,30,20,10,75,13,13,25,24,48,10,10,3,6,19,43,28,15,31,1,11,12,7,54,43,11,45,37,8,17,6,11,46,7,39
S01008194,296,28,18,10,53,12,10,12,19,32,2,8,2,3,17,32,24,8,42,6,8,14,14,33,22,11,32,28,4,18,5,13,26,1,25
S01008195,385,24,12,12,22,5,7,6,4,40,4,5,7,6,18,44,33,11,52,4,9,24,15,62,51,11,60,51,9,30,9,21,51,10,41
S01008196,355,21,11,10,14,0,5,4,5,30,4,5,4,0,17,45,34,11,53,5,15,18,15,57,41,16,56,48,8,30,9,21,49,5,44
S01008197,596,58,47,11,100,26,26,18,30,105,12,13,16,9,55,83,69,14,78,9,27,29,13,57,33,24,36,26,10,44,17,27,35,6,29
S01008198,318,16,12,4,20,4,9,2,5,33,4,10,3,1,15,30,20,10,64,4,21,28,11,43,34,9,42,34,8,17,8,9,53,3,50
S01008199,331,16,11,5,13,1,7,2,3,25,4,3,4,3,11,30,23,7,56,4,18,22,12,43,29,14,38,30,8,40,14,26,70,9,61
S01008200,249,11,6,5,20,5,5,7,3,21,3,3,1,4,10,34,27,7,39,0,8,23,8,30,20,10,29,28,1,26,9,17,39,4,35
S01008201,329,17,10,7,20,4,7,5,4,39,8,3,4,5,19,41,34,7,49,1,23,15,10,36,26,10,37,33,4,28,8,20,62,8,54
S01008202,269,27,19,8,20,6,3,4,7,35,3,7,7,2,16,48,38,10,34,1,11,18,4,35,22,13,24,18,6,11,4,7,35,2,33
S01008203,240,22,18,4,14,3,4,4,3,23,5,3,5,2,8,26,22,4,37,1,7,20,9,26,18,8,29,24,5,24,8,16,39,5,34
S01008204,339,30,15,15,47,8,7,16,16,47,4,7,2,7,27,48,37,11,51,9,19,16,7,37,24,13,23,23,0,28,9,19,28,3,25
S01008205,334,26,16,10,29,5,12,3,9,29,4,7,2,5,11,31,27,4,52,3,16,18,15,53,35,18,34,34,0,30,11,19,50,13,37
S01008206,292,18,12,6,20,6,6,5,3,26,4,8,4,0,10,34,25,9,59,3,20,23,13,37,31,6,25,20,5,30,6,24,43,5,38
S01008207,277,17,8,9,9,3,3,1,2,16,3,5,2,0,6,41,34,7,48,1,12,26,9,44,35,9,36,33,3,25,7,18,41,7,34
S01008208,474,37,27,10,75,20,24,14,17,62,12,6,15,3,26,72,55,17,64,6,22,27,9,42,29,13,36,29,7,37,16,21,49,11,38
S01008209,328,37,19,18,34,16,3,7,8,44,5,3,10,4,22,51,45,6,43,0,11,24,8,35,22,13,44,37,7,21,8,13,19,2,17
S01008210,456,42,18,24,53,10,14,9,20,55,6,8,10,8,23,70,60,10,78,9,24,28,17,49,30,19,35,25,10,35,19,16,39,4,35
S01008211,435,30,16,14,78,21,15,18,24,56,12,7,4,8,25,66,48,18,46,8,12,15,11,55,45,10,35,24,11,36,7,29,33,7,26
S01008212,341,29,19,10,50,12,11,12,15,47,8,4,9,5,21,72,52,20,50,7,14,16,13,26,23,3,21,19,2,23,12,11,23,3,20
S01008213,531,41,32,9,88,21,14,20,33,85,12,8,6,10,49,77,58,19,56,2,25,19,10,49,37,12,62,46,16,40,13,27,33,7,26
S01008214,289,19,12,7,39,9,12,12,6,32,13,6,2,3,8,41,38,3,43,9,18,11,5,35,25,10,37,29,8,18,8,10,25,6,19
S01008215,378,23,15,8,51,7,14,15,15,50,8,2,11,10,19,64,50,14,41,4,6,17,14,45,34,11,37,31,6,24,9,15,43,5,38
S01008216,292,27,18,9,38,4,10,6,18,40,4,3,8,4,21,58,45,13,36,1,16,15,4,20,13,7,26,17,9,23,10,13,24,2,22
S01008217,321,50,35,15,63,18,11,12,22,67,6,8,7,13,33,43,33,10,34,3,13,9,9,19,13,6,14,11,3,9,5,4,22,4,18
S01008218,645,71,43,28,129,39,26,23,41,93,9,11,14,9,50,98,75,23,73,4,22,34,13,56,41,15,50,39,11,25,11,14,50,4,46
S01008219,522,43,27,16,66,19,16,11,20,71,5,7,5,10,44,65,54,11,73,5,20,38,10,65,52,13,48,34,14,38,11,27,53,8,45
S01008220,265,7,3,4,16,5,6,1,4,22,7,5,1,0,9,19,14,5,55,2,16,28,9,45,36,9,38,34,4,25,7,18,38,6,32
S01008221,285,26,15,11,21,6,6,4,5,25,7,3,1,3,11,26,18,8,38,4,9,16,9,37,28,9,37,34,3,21,7,14,54,10,44
S01008222,240,19,15,4,16,5,2,4,5,18,5,2,4,0,7,28,22,6,32,0,10,13,9,34,25,9,34,28,6,29,7,22,30,5,25
S01008223,249,14,5,9,22,6,6,4,6,27,6,5,4,1,11,37,28,9,28,2,8,18,0,35,28,7,34,27,7,21,6,15,31,3,28
S01008224,552,37,25,12,58,15,16,11,16,76,15,10,14,9,28,90,78,12,82,2,31,41,8,75,60,15,60,45,15,36,10,26,38,2,36
S01008225,379,20,11,9,37,5,14,8,10,47,7,7,6,6,21,46,33,13,57,2,26,18,11,51,45,6,43,33,10,32,11,21,46,4,42
S01008226,321,13,9,4,17,2,7,3,5,32,4,8,3,6,11,36,29,7,44,5,12,17,10,50,34,16,43,35,8,29,6,23,57,7,50
S01008227,375,21,10,11,20,6,7,5,2,25,4,0,3,5,13,43,35,8,55,6,13,28,8,63,45,18,41,31,10,42,19,23,65,12,53
S01008228,339,28,17,11,43,11,10,9,13,61,8,6,8,6,33,44,33,11,47,2,13,28,4,31,20,11,41,31,10,25,11,14,19,2,17
S01008229,324,25,16,9,16,8,5,1,2,45,11,12,3,3,16,43,35,8,44,1,11,24,8,36,31,5,32,26,6,28,12,16,55,9,46
S01008230,488,43,30,13,53,17,11,14,11,86,10,4,19,8,45,72,58,14,77,3,34,32,8,42,30,12,46,36,10,37,7,30,32,5,27
S01008231,444,57,46,11,63,24,16,9,14,51,11,4,11,1,24,68,51,17,75,2,19,43,11,40,28,12,40,30,10,29,5,24,21,1,20
S01008232,390,27,20,7,66,22,11,16,17,64,4,10,11,1,38,58,46,12,60,4,16,32,8,28,19,9,43,33,10,17,5,12,27,4,23
S01008233,272,27,13,14,45,9,10,13,13,46,4,3,9,6,24,36,23,13,39,5,10,17,7,30,21,9,11,6,5,14,6,8,24,7,17
S01008234,173,9,6,3,13,2,4,4,3,19,2,3,4,0,10,23,18,5,29,2,7,15,5,34,25,9,15,13,2,12,4,8,19,5,14
S01008235,401,25,12,13,46,17,16,7,6,50,9,11,8,4,18,52,44,8,84,7,19,42,16,51,43,8,26,24,2,29,14,15,38,7,31
S01008236,414,35,25,10,80,25,18,12,25,48,8,6,4,8,22,53,41,12,74,4,20,39,11,42,35,7,26,21,5,27,8,19,29,1,28
S01008237,426,42,28,14,53,9,17,14,13,41,11,6,5,6,13,44,37,7,70,18,19,29,4,53,42,11,42,34,8,32,14,18,49,10,39
S01008238,342,17,10,7,27,7,13,2,5,38,5,5,7,1,20,37,32,5,54,3,19,22,10,48,40,8,38,29,9,41,14,27,42,15,27
S01008239,411,42,21,21,44,12,11,11,10,46,8,3,5,2,28,46,36,10,73,9,24,36,4,52,42,10,34,29,5,27,8,19,47,11,36
S01008240,398,37,22,15,100,29,20,26,25,67,7,12,10,5,33,43,33,10,46,9,16,17,4,35,24,11,30,26,4,15,2,13,25,1,24
S01008241,301,51,31,20,67,6,15,25,21,51,5,5,13,10,18,36,27,9,36,7,10,11,8,26,23,3,14,10,4,7,4,3,13,0,13
S01008242,383,41,27,14,71,18,17,18,18,52,4,12,4,11,21,46,28,18,56,11,13,20,12,41,26,15,29,23,6,16,3,13,31,3,28
S01008243,460,65,44,21,122,27,26,34,35,62,2,8,8,17,27,45,35,10,52,17,15,9,11,32,22,10,14,9,5,22,6,16,46,17,29
S01008244,242,29,13,16,65,10,24,17,14,35,0,4,1,12,18,30,21,9,22,4,6,7,5,21,15,6,10,8,2,9,4,5,21,2,19
S01008245,507,58,29,29,129,26,33,33,37,80,5,5,8,19,43,52,39,13,49,7,18,20,4,56,38,18,27,21,6,25,12,13,31,5,26
S01008246,524,70,41,29,144,50,30,37,27,89,10,9,11,22,37,54,42,12,59,21,13,19,6,40,33,7,18,13,5,21,10,11,29,4,25
S01008247,434,64,42,22,82,15,16,17,34,62,6,9,2,17,28,37,25,12,66,22,13,20,11,45,34,11,25,20,5,24,12,12,29,11,18
S01008248,424,43,19,24,92,15,19,24,34,40,5,7,2,10,16,40,28,12,68,33,9,17,9,43,30,13,23,21,2,30,14,16,45,17,28
S01008249,445,78,48,30,101,15,24,27,35,62,7,10,4,8,33,32,20,12,79,29,12,19,19,41,26,15,6,5,1,18,8,10,28,13,15
S01008250,533,83,50,33,148,38,34,29,47,75,2,11,7,15,40,56,37,19,60,25,11,15,9,33,23,10,31,26,5,13,5,8,34,12,22
S01008251,381,54,39,15,124,32,26,31,35,52,4,8,4,8,28,45,36,9,26,3,6,11,6,26,22,4,17,15,2,16,10,6,21,2,19
S01008252,406,46,29,17,89,20,31,18,20,62,5,11,7,6,33,54,45,9,41,8,12,13,8,28,25,3,42,38,4,16,3,13,28,3,25
S01008253,352,18,8,10,54,11,23,8,12,33,5,6,3,2,17,35,32,3,66,10,15,28,13,47,38,9,20,16,4,34,9,25,45,11,34
S01008254,441,27,18,9,61,17,18,14,12,48,7,9,9,7,16,34,27,7,64,4,17,26,17,69,54,15,34,30,4,44,17,27,60,12,48
S01008255,359,27,16,11,66,8,21,14,23,36,4,7,7,5,13,39,27,12,48,10,14,19,5,49,43,6,35,32,3,22,12,10,37,12,25
S01008256,400,27,10,17,53,8,16,9,20,27,5,6,2,6,8,26,17,9,63,10,23,20,10,51,38,13,40,31,9,39,18,21,74,22,52
S01008257,256,19,5,14,49,8,20,8,13,38,4,4,6,14,10,23,16,7,35,8,9,14,4,31,22,9,19,15,4,19,6,13,23,3,20
S01008258,477,44,22,22,80,15,16,29,20,67,9,5,7,8,38,60,47,13,49,6,13,15,15,47,31,16,49,41,8,34,16,18,47,13,34
S01008259,392,52,35,17,82,19,19,22,22,46,5,6,4,9,22,40,27,13,48,10,12,12,14,41,33,8,19,12,7,24,14,10,40,9,31
S01008260,388,24,16,8,46,9,14,11,12,37,5,9,4,5,14,44,35,9,41,7,8,17,9,68,57,11,27,23,4,41,22,19,60,13,47
S01008261,437,23,14,9,45,7,23,5,10,44,7,6,10,6,15,36,30,6,74,6,28,26,14,60,46,14,45,38,7,43,19,24,67,10,57
S01008262,333,34,22,12,81,14,24,19,24,35,4,5,5,5,16,17,12,5,56,26,12,9,9,35,29,6,14,12,2,16,5,11,45,19,26
S01008263,286,44,23,21,89,20,20,14,35,35,2,3,4,9,17,31,22,9,30,6,3,8,13,14,11,3,14,12,2,7,1,6,22,3,19
S01008264,344,26,15,11,51,12,17,6,16,41,1,8,5,6,21,33,23,10,56,11,12,16,17,48,37,11,24,21,3,25,10,15,40,6,34
S01008265,278,46,30,16,84,20,16,16,32,43,4,1,6,9,23,29,19,10,21,3,7,6,5,16,12,4,12,10,2,7,4,3,20,6,14
S01008266,282,54,37,17,79,19,15,17,28,41,2,5,3,9,22,30,18,12,23,8,3,9,3,21,18,3,14,11,3,4,4,0,16,4,12
S01008267,406,61,34,27,84,16,19,15,34,52,2,6,7,8,29,36,26,10,52,19,10,17,6,38,24,14,21,18,3,14,5,9,48,7,41
S01008268,365,91,50,41,115,15,24,26,50,59,2,8,3,21,25,23,18,5,16,4,3,2,7,24,15,9,7,6,1,6,3,3,24,4,20
S01008269,283,36,22,14,72,16,10,18,28,45,3,3,4,11,24,41,31,10,15,0,7,1,7,25,19,6,22,21,1,9,5,4,18,0,18
S01008270,296,42,27,15,96,20,20,19,37,52,0,4,1,9,38,29,20,9,22,3,7,7,5,16,13,3,15,14,1,9,2,7,15,2,13
S01008271,318,54,19,35,46,6,9,9,22,40,2,2,2,17,17,29,23,6,39,10,7,12,10,44,27,17,25,21,4,11,5,6,30,9,21
S01008272,482,65,33,32,98,12,24,38,24,72,6,12,8,10,36,44,30,14,57,14,11,17,15,41,33,8,31,27,4,14,4,10,60,9,51
S01008273,367,50,33,17,90,26,20,22,22,59,4,5,5,16,29,42,25,17,26,2,8,9,7,25,17,8,29,26,3,15,9,6,31,7,24
S01008274,304,26,12,14,32,8,8,5,11,23,1,2,0,5,15,27,20,7,54,11,14,19,10,44,29,15,28,27,1,16,5,11,54,8,46
S01008275,258,33,17,16,76,9,18,20,29,36,1,2,2,8,23,23,18,5,27,5,4,6,12,17,9,8,8,4,4,9,3,6,29,11,18
S01008276,276,43,29,14,81,12,23,26,20,35,1,1,4,10,19,24,16,8,26,9,5,5,7,18,12,6,15,12,3,9,4,5,25,3,22
S01008277,264,51,23,28,56,7,11,12,26,38,0,6,2,11,19,17,12,5,49,20,11,10,8,19,13,6,10,8,2,10,6,4,14,4,10
S01008278,371,55,36,19,111,24,17,23,47,62,3,2,8,15,34,31,21,10,28,14,5,4,5,27,20,7,19,16,3,16,7,9,22,8,14
S01008279,335,29,18,11,69,15,17,23,14,41,2,6,10,7,16,33,26,7,57,12,13,22,10,30,25,5,19,13,6,22,5,17,35,9,26
S01008280,481,55,25,30,116,28,20,26,42,68,10,9,3,12,34,44,38,6,68,30,14,17,7,44,34,10,23,21,2,23,8,15,40,18,22
S01008281,394,43,25,18,77,17,15,23,22,53,5,11,4,13,20,38,27,11,71,37,11,17,6,35,28,7,14,12,2,27,11,16,36,16,20
S01008282,365,48,24,24,60,20,10,15,15,52,7,5,10,13,17,32,24,8,71,33,7,20,11,29,21,8,14,14,0,17,7,10,42,16,26
S01008283,278,36,25,11,77,19,18,22,18,35,3,7,5,3,17,38,28,10,24,8,9,5,2,20,18,2,11,10,1,14,7,7,23,7,16
S01008284,437,57,38,19,83,25,21,20,17,53,11,4,9,4,25,38,28,10,63,12,19,24,8,51,43,8,23,18,5,28,9,19,41,9,32
S01008285,316,10,5,5,24,8,7,3,6,19,3,1,6,2,7,33,29,4,57,9,19,18,11,54,46,8,27,22,5,38,20,18,54,7,47
S01008286,354,21,16,5,44,11,13,9,11,22,6,0,0,4,12,32,27,5,63,8,25,22,8,35,27,8,36,26,10,44,23,21,57,13,44
S01008287,376,33,19,14,81,12,17,37,15,40,9,2,3,2,24,32,25,7,50,6,17,19,8,51,40,11,16,13,3,25,13,12,48,15,33
S01008288,401,46,27,19,76,18,14,26,18,47,6,5,7,6,23,53,40,13,45,8,15,10,12,35,27,8,24,18,6,37,18,19,38,7,31
S01008289,342,27,15,12,41,13,10,11,7,48,9,5,3,10,21,30,22,8,58,15,15,16,12,44,34,10,30,26,4,25,16,9,39,7,32
S01008290,418,58,37,21,86,21,17,24,24,57,8,7,9,13,20,36,30,6,39,6,12,17,4,42,32,10,35,31,4,27,19,8,38,8,30
S01008291,315,20,10,10,48,15,12,9,12,41,8,6,8,5,14,37,27,10,55,4,28,18,5,32,30,2,24,18,6,31,18,13,27,3,24
S01008292,389,32,16,16,58,15,17,12,14,31,6,6,7,2,10,38,29,9,35,5,9,11,10,61,50,11,30,24,6,41,16,25,63,14,49
S01008293,297,45,30,15,78,20,17,17,24,58,6,4,16,7,25,40,22,18,20,1,8,9,2,17,14,3,18,14,4,9,6,3,12,0,12
S01008294,463,47,34,13,113,34,26,23,30,68,15,5,8,4,36,61,42,19,48,3,22,17,6,37,28,9,25,22,3,38,18,20,26,7,19
S01008295,553,39,28,11,63,16,23,18,6,72,11,10,6,10,35,87,63,24,71,5,33,20,13,81,58,23,47,40,7,59,22,37,34,6,28
S01008296,283,17,12,5,45,4,10,15,16,31,9,8,0,2,12,31,23,8,41,4,16,17,4,34,27,7,29,24,5,25,10,15,30,4,26
S01008297,393,29,19,10,72,11,22,22,17,63,6,8,4,9,36,62,52,10,53,4,19,25,5,42,27,15,33,25,8,20,8,12,19,2,17
S01008298,384,24,16,8,75,16,22,19,18,54,5,5,8,14,22,44,36,8,53,10,25,11,7,30,23,7,42,36,6,35,12,23,27,0,27
S01008299,278,18,14,4,37,7,10,9,11,36,3,6,7,5,15,36,30,6,35,5,11,13,6,27,23,4,29,23,6,16,11,5,44,9,35
S01008300,362,26,16,10,37,4,10,11,12,37,2,8,0,11,16,43,30,13,51,6,22,13,10,66,46,20,39,33,6,21,9,12,42,4,38
S01008301,463,35,26,9,83,26,18,22,17,66,11,14,8,8,25,79,55,24,61,12,30,13,6,48,36,12,35,23,12,30,6,24,26,6,20
S01008302,368,50,29,21,96,12,26,24,34,50,6,6,5,12,21,43,28,15,45,10,17,10,8,22,18,4,26,21,5,14,4,10,22,8,14
S01008303,275,32,20,12,44,10,11,12,11,33,8,3,6,4,12,46,39,7,26,1,9,10,6,28,22,6,21,14,7,19,10,9,26,6,20
S01008304,232,23,14,9,65,8,19,24,14,31,3,5,5,3,15,23,21,2,24,2,13,6,3,17,15,2,21,16,5,9,3,6,19,1,18
S01008305,429,31,17,14,75,12,16,23,24,66,13,9,11,5,28,73,51,22,51,2,31,16,2,40,33,7,45,38,7,17,11,6,31,3,28
S01008306,351,19,12,7,59,10,16,18,15,52,4,10,5,3,30,53,42,11,46,1,22,17,6,41,30,11,38,28,10,28,9,19,15,2,13
S01008307,313,27,16,11,53,13,10,17,13,54,9,5,8,5,27,57,47,10,26,2,11,10,3,23,20,3,37,28,9,11,5,6,25,3,22
S01008308,281,28,17,11,62,10,20,17,15,39,3,2,7,4,23,52,37,15,28,2,10,11,5,22,16,6,24,17,7,13,8,5,13,1,12
S01008309,273,24,13,11,36,7,9,7,13,21,0,4,6,0,11,35,32,3,37,2,14,10,11,32,23,9,26,19,7,22,11,11,40,4,36
S01008310,444,29,23,6,68,11,27,15,15,50,7,13,7,3,20,76,66,10,46,0,21,17,8,42,32,10,42,35,7,45,20,25,46,2,44
S01008311,187,12,8,4,20,4,6,3,7,25,2,2,4,0,17,22,19,3,24,4,11,8,1,23,19,4,24,21,3,13,6,7,24,3,21
S01008312,206,18,11,7,41,13,12,3,13,34,9,5,3,0,17,28,23,5,17,1,10,5,1,20,16,4,21,15,6,7,4,3,20,1,19
S01008313,338,30,20,10,31,5,10,9,7,35,7,8,4,2,14,34,28,6,31,6,7,10,8,63,44,19,30,25,5,38,9,29,46,4,42
S01008314,270,17,8,9,30,3,14,3,10,24,3,5,4,5,7,36,31,5,31,2,14,7,8,36,20,16,40,33,7,25,10,15,31,3,28
S01008315,317,12,9,3,32,14,5,6,7,35,7,7,4,5,12,35,29,6,43,5,12,7,19,52,36,16,39,26,13,28,7,21,41,4,37
S01008316,193,10,4,6,21,3,5,6,7,21,0,9,0,2,10,19,18,1,21,2,7,5,7,28,21,7,21,19,2,20,6,14,32,5,27
S01008317,354,32,23,9,52,9,13,19,11,41,9,4,4,1,23,42,38,4,36,2,17,13,4,39,32,7,41,31,10,36,8,28,35,4,31
S01008318,486,52,40,12,109,19,32,30,28,69,11,8,14,5,31,63,45,18,46,6,13,15,12,36,24,12,47,36,11,38,13,25,26,2,24
S01008319,311,23,16,7,38,9,7,11,11,29,5,6,4,2,12,49,37,12,33,2,17,10,4,39,30,9,31,23,8,37,13,24,32,5,27
S01008320,267,13,9,4,28,3,8,8,9,43,7,13,4,0,19,27,21,6,30,3,16,10,1,44,31,13,29,24,5,31,9,22,22,4,18
S01008321,303,24,17,7,61,5,25,18,13,38,8,3,5,2,20,45,37,8,38,1,23,11,3,32,25,7,24,23,1,23,13,10,18,2,16
S01008322,473,29,21,8,74,10,21,27,16,57,6,11,12,4,24,73,62,11,61,3,26,21,11,59,52,7,45,33,12,28,9,19,47,5,42
S01008323,304,16,13,3,25,3,8,8,6,24,5,4,2,4,9,34,28,6,48,1,14,22,11,41,35,6,48,40,8,33,10,23,35,5,30
S01008324,281,21,16,5,37,13,9,11,4,21,2,6,1,2,10,39,33,6,35,5,9,16,5,29,17,12,36,30,6,33,11,22,30,0,30
S01008325,308,11,8,3,27,5,10,5,7,37,3,8,6,4,16,44,39,5,33,1,14,11,7,58,45,13,23,21,2,33,12,21,42,1,41
S01008326,395,26,18,8,28,6,10,7,5,27,5,6,1,2,13,57,48,9,57,5,26,16,10,47,33,14,50,40,10,43,14,29,60,5,55
S01008327,375,19,11,8,32,5,12,7,8,30,3,4,4,2,17,62,51,11,43,5,18,14,6,47,32,15,47,35,12,42,18,24,53,7,46
S01008328,358,40,29,11,105,22,34,22,27,62,6,11,8,6,31,52,37,15,17,1,7,5,4,33,18,15,23,20,3,12,2,10,14,0,14
S01008329,460,61,41,20,116,23,42,26,25,77,15,6,8,11,37,66,53,13,40,0,16,11,13,29,24,5,47,38,9,9,2,7,15,1,14
S01008330,457,52,34,18,95,16,25,31,23,65,7,9,8,9,32,60,50,10,41,1,17,12,11,42,33,9,55,44,11,17,4,13,30,3,27
S01008331,342,31,20,11,62,13,19,11,19,62,6,2,10,7,37,49,33,16,26,2,4,11,9,33,24,9,40,38,2,16,3,13,23,1,22
S01008332,426,57,31,26,135,19,50,40,26,50,7,6,6,9,22,57,32,25,17,2,6,5,4,32,25,7,42,33,9,12,2,10,24,1,23
S01008333,390,90,57,33,107,13,31,29,34,68,4,4,4,7,49,31,22,9,22,4,7,5,6,16,10,6,28,24,4,14,5,9,14,0,14
S01008334,324,38,24,14,92,12,31,27,22,63,6,8,13,7,29,29,23,6,27,3,9,13,2,21,14,7,33,27,6,6,2,4,15,0,15
S01008335,306,30,16,14,68,8,27,20,13,47,4,1,6,8,28,35,26,9,24,4,6,6,8,34,23,11,29,24,5,10,1,9,29,1,28
S01008336,299,40,27,13,64,5,18,19,22,37,3,7,2,5,20,33,23,10,25,3,5,9,8,30,19,11,36,29,7,11,2,9,23,4,19
S01008337,465,50,40,10,132,30,29,28,45,86,2,9,14,10,51,52,42,10,36,2,15,6,13,41,31,10,33,24,9,12,3,9,23,1,22
S01008338,449,64,43,21,147,28,43,35,41,71,10,7,9,5,40,50,37,13,32,1,10,13,8,21,16,5,38,30,8,6,2,4,20,0,20
S01008339,377,36,26,10,84,17,25,21,21,71,2,8,10,10,41,60,48,12,26,1,9,8,8,21,9,12,45,38,7,9,4,5,25,1,24
S01008340,472,44,27,17,130,19,48,28,35,67,12,8,6,9,32,69,52,17,36,1,16,10,9,28,19,9,57,49,8,16,4,12,25,1,24
S01008341,369,67,46,21,110,14,33,28,35,61,4,4,3,10,40,34,24,10,13,2,5,1,5,17,10,7,41,28,13,9,4,5,17,1,16
S01008342,409,39,26,13,123,20,35,30,38,60,4,8,7,9,32,41,29,12,33,1,9,14,9,22,19,3,47,40,7,10,1,9,34,2,32
S01008343,397,61,42,19,136,31,36,25,44,67,5,5,5,5,47,39,27,12,18,0,6,9,3,17,10,7,35,33,2,7,4,3,17,1,16
S01008344,412,92,63,29,159,15,46,31,67,52,1,5,3,6,37,32,19,13,13,0,5,3,5,16,9,7,29,27,2,7,4,3,12,1,11
S01008345,390,102,68,34,130,18,44,22,46,52,4,1,3,12,32,38,28,10,18,1,3,5,9,12,5,7,18,18,0,6,3,3,14,0,14
S01008346,447,107,78,29,146,21,55,34,36,63,2,6,1,8,46,44,35,9,15,1,3,6,5,13,10,3,24,19,5,13,6,7,22,3,19
S01008347,398,50,31,19,117,16,18,48,35,60,6,7,2,10,35,35,27,8,26,0,8,11,7,33,18,15,42,32,10,15,2,13,20,1,19
S01008348,309,45,30,15,103,21,29,23,30,51,4,4,3,5,35,32,22,10,18,0,7,6,5,16,10,6,24,21,3,10,3,7,10,0,10
S01008349,393,90,58,32,132,18,42,23,49,59,3,3,7,8,38,39,27,12,14,2,6,1,5,19,13,6,26,25,1,2,0,2,12,0,12
S01008350,242,54,41,13,71,11,18,23,19,32,1,3,6,4,18,29,21,8,10,3,3,1,3,12,11,1,17,14,3,8,0,8,9,0,9
S01008351,424,74,60,14,137,25,34,39,39,62,5,2,5,7,43,44,39,5,18,0,5,6,7,26,20,6,40,30,10,5,3,2,18,5,13
S01008352,291,53,35,18,101,14,39,20,28,42,4,4,3,4,27,27,20,7,12,1,3,5,3,9,7,2,28,24,4,5,1,4,14,1,13
S01008353,224,41,24,17,75,7,20,16,32,34,1,3,4,5,21,20,14,6,11,1,2,2,6,9,6,3,21,21,0,5,1,4,8,0,8
S01008354,337,67,37,30,85,14,35,16,20,46,1,4,5,6,30,38,27,11,47,19,10,8,10,13,6,7,16,12,4,7,0,7,18,9,9
S01008355,277,34,19,15,50,8,10,12,20,44,3,2,5,12,22,42,32,10,28,1,8,16,3,25,19,6,21,17,4,15,2,13,18,2,16
S01008356,324,31,21,10,67,15,21,16,15,58,6,4,13,11,24,42,33,9,29,1,6,17,5,34,26,8,31,26,5,17,5,12,15,2,13
S01008357,344,37,25,12,89,14,24,24,27,55,10,5,9,4,27,43,34,9,23,3,4,13,3,33,18,15,29,22,7,16,4,12,19,2,17
S01008358,302,29,19,10,71,15,18,19,19,41,5,4,5,9,18,36,28,8,31,4,7,9,11,30,15,15,24,17,7,26,7,19,14,2,12
S01008359,308,35,20,15,73,14,19,21,19,52,4,3,7,10,28,39,29,10,38,14,10,9,5,20,13,7,18,13,5,12,5,7,21,3,18
S01008360,417,50,34,16,116,11,42,31,32,62,2,6,14,7,33,58,48,10,34,4,12,8,10,23,14,9,36,31,5,9,3,6,29,0,29
S01008361,273,29,22,7,63,11,14,24,14,46,3,7,10,4,22,32,28,4,32,6,14,7,5,20,17,3,25,22,3,11,2,9,15,2,13
S01008362,497,49,30,19,136,27,42,31,36,99,9,11,14,12,53,73,51,22,32,0,13,13,6,28,14,14,55,42,13,7,2,5,18,0,18
S01008363,370,48,37,11,90,14,20,21,35,59,5,5,10,5,34,58,51,7,30,4,3,15,8,22,17,5,31,24,7,8,2,6,24,1,23
S01008364,365,50,35,15,106,10,25,33,38,60,3,2,6,9,40,37,22,15,20,2,3,6,9,23,15,8,43,30,13,9,0,9,17,1,16
S01008365,292,63,38,25,83,12,29,22,20,43,1,3,2,5,32,39,27,12,10,3,1,3,3,10,6,4,21,20,1,5,1,4,18,0,18
S01008366,365,29,23,6,70,9,27,12,22,54,6,8,5,5,30,54,41,13,40,5,14,16,5,40,29,11,37,26,11,11,7,4,30,2,28
S01008367,339,23,18,5,63,10,20,18,15,48,6,5,3,6,28,50,33,17,35,2,18,10,5,30,21,9,39,32,7,14,1,13,37,2,35
S01008368,344,23,17,6,81,12,13,31,25,63,7,7,7,1,41,61,49,12,19,0,7,7,5,28,20,8,22,21,1,17,4,13,30,1,29
S01008369,250,25,18,7,60,14,14,14,18,34,4,2,3,4,21,29,25,4,20,4,5,9,2,26,18,8,26,14,12,14,4,10,16,3,13
S01008370,348,51,32,19,78,7,28,16,27,53,2,6,7,7,31,50,38,12,29,3,11,10,5,23,11,12,39,31,8,4,1,3,21,1,20
S01008371,388,39,32,7,106,19,22,39,26,58,5,14,6,7,26,62,46,16,35,0,20,9,6,28,21,7,32,26,6,12,3,9,16,1,15
S01008372,393,41,23,18,88,13,20,31,24,65,7,5,7,7,39,44,35,9,32,3,16,7,6,29,25,4,47,37,10,19,6,13,28,0,28
S01008373,417,36,29,7,143,17,42,50,34,84,7,16,12,7,42,48,35,13,29,1,10,13,5,16,10,6,31,26,5,10,3,7,20,0,20
S01008374,361,30,17,13,84,11,20,30,23,60,7,6,8,6,33,56,44,12,27,0,14,10,3,23,14,9,40,34,6,18,7,11,23,0,23
S01008375,401,61,45,16,109,19,28,37,25,53,9,7,7,4,26,42,29,13,36,0,19,8,9,30,24,6,38,32,6,15,8,7,17,1,16
S01008376,263,35,22,13,82,13,22,23,24,39,5,4,5,8,17,31,21,10,21,0,6,8,7,12,7,5,16,14,2,10,6,4,17,2,15
S01008377,381,34,22,12,108,29,19,37,23,71,8,5,9,8,41,47,41,6,29,3,8,12,6,28,20,8,33,19,14,15,5,10,16,3,13
S01008378,477,60,43,17,142,21,36,35,50,81,7,12,7,8,47,52,41,11,23,0,5,10,8,36,26,10,40,35,5,13,7,6,30,1,29
S01008379,221,32,23,9,54,8,16,20,10,37,4,0,3,8,22,32,28,4,21,0,10,5,6,11,7,4,13,13,0,11,3,8,10,0,10
S01008380,336,28,20,8,114,18,21,35,40,63,7,7,6,11,32,31,24,7,18,0,6,7,5,20,13,7,27,24,3,16,8,8,19,0,19
S01008381,358,42,27,15,117,23,29,34,31,59,3,6,9,5,36,41,32,9,20,0,5,9,6,23,18,5,33,26,7,16,2,14,7,0,7
S01008382,296,33,20,13,99,29,25,23,22,42,2,7,5,5,23,45,34,11,22,0,13,5,4,13,9,4,22,14,8,9,1,8,11,0,11
S01008383,249,27,19,8,81,19,12,27,23,38,10,3,5,2,18,28,22,6,21,0,9,10,2,14,12,2,19,12,7,5,2,3,16,0,16
S01008384,502,47,26,21,106,20,21,31,34,86,11,12,11,13,39,65,46,19,34,0,16,11,7,43,32,11,54,42,12,28,13,15,39,0,39
S01008385,317,39,27,12,116,24,21,38,33,42,1,4,6,7,24,33,29,4,22,3,8,8,3,14,11,3,26,25,1,10,2,8,15,0,15
S01008386,422,31,25,6,84,9,17,30,28,59,2,7,8,5,37,73,55,18,49,1,21,13,14,31,21,10,41,28,13,18,5,13,36,1,35
S01008387,328,32,24,8,61,16,12,16,17,60,7,7,9,4,33,56,43,13,27,1,9,15,2,35,26,9,26,19,7,13,2,11,18,1,17
S01008388,367,27,19,8,85,13,21,28,23,54,6,7,8,5,28,57,48,9,34,2,13,16,3,30,25,5,39,31,8,20,4,16,21,2,19
S01008389,210,25,15,10,61,15,14,17,15,33,1,3,1,5,23,25,22,3,14,1,8,4,1,12,8,4,24,17,7,6,1,5,10,0,10
S01008390,314,37,27,10,115,16,22,41,36,47,5,6,4,7,25,37,29,8,17,1,6,9,1,16,10,6,24,20,4,13,6,7,8,0,8
S01008391,310,37,23,14,92,17,37,16,22,59,4,3,4,11,37,35,29,6,16,0,7,4,5,17,15,2,35,28,7,7,2,5,12,1,11
S01008392,485,50,35,15,209,31,42,72,64,70,5,6,6,16,37,40,34,6,24,1,9,10,4,23,14,9,29,27,2,13,5,8,27,3,24
S01008393,343,36,27,9,149,27,40,41,41,51,7,4,4,7,29,33,30,3,15,1,8,3,3,19,13,6,20,18,2,8,3,5,12,0,12
S01008394,405,60,44,16,174,23,44,54,53,59,4,6,4,15,30,35,27,8,15,0,6,6,3,14,12,2,24,18,6,6,1,5,18,0,18
S01008395,295,34,21,13,76,15,29,22,10,40,6,5,4,4,21,49,36,13,22,2,12,1,7,24,17,7,31,26,5,11,0,11,8,0,8
S01008396,250,24,18,6,67,11,21,20,15,45,3,12,7,5,18,34,24,10,23,0,9,9,5,11,8,3,20,14,6,16,4,12,10,0,10
S01008397,469,62,37,25,165,23,37,46,59,62,7,8,1,9,37,54,41,13,29,0,15,5,9,25,21,4,33,27,6,20,9,11,19,0,19
S01008398,263,26,19,7,100,16,26,33,25,36,7,2,2,5,20,30,24,6,15,0,8,5,2,17,11,6,23,19,4,6,2,4,10,3,7
S01008399,221,35,19,16,62,2,23,20,17,31,4,1,5,2,19,30,26,4,18,0,7,8,3,8,4,4,17,12,5,6,0,6,14,1,13
S01008400,314,40,21,19,107,20,16,37,34,40,8,3,5,3,21,41,30,11,17,0,6,8,3,21,17,4,29,18,11,5,2,3,14,0,14
S01008401,445,38,22,16,125,15,30,48,32,78,9,9,4,6,50,65,52,13,30,0,13,10,7,27,21,6,44,36,8,13,2,11,25,0,25
S01008402,490,105,67,38,188,12,57,60,59,55,9,4,3,9,30,46,34,12,20,3,5,10,2,20,14,6,30,23,7,6,3,3,20,2,18
S01008403,279,41,27,14,106,20,24,24,38,41,3,6,3,2,27,26,16,10,14,0,7,5,2,14,7,7,20,18,2,5,0,5,12,0,12
S01008404,404,59,41,18,143,36,29,35,43,58,7,2,3,19,27,38,25,13,22,0,8,12,2,28,25,3,26,22,4,13,3,10,17,1,16
S01008405,385,62,47,15,171,16,54,38,63,39,5,2,1,5,26,36,26,10,15,1,5,5,4,18,8,10,22,18,4,7,3,4,15,0,15
S01008406,367,53,39,14,146,15,33,46,52,55,2,8,4,9,32,24,19,5,15,0,6,4,5,20,14,6,31,27,4,7,2,5,16,0,16
S01008407,214,30,16,14,44,9,12,14,9,46,4,5,8,2,27,31,27,4,13,0,6,2,5,18,12,6,17,15,2,7,3,4,8,1,7
S01008408,339,24,19,5,91,19,22,27,23,59,8,5,5,14,27,47,34,13,33,0,7,20,6,25,16,9,22,17,5,21,5,16,17,0,17
S01008409,376,23,14,9,80,18,24,18,20,47,4,13,6,5,19,48,39,9,54,0,23,17,14,33,21,12,40,31,9,16,7,9,35,1,34
S01008410,238,38,20,18,63,9,15,20,19,29,3,1,3,5,17,32,29,3,14,1,5,4,4,14,12,2,25,19,6,11,4,7,12,0,12
S01008411,315,23,16,7,64,15,14,16,19,44,2,4,4,7,27,47,37,10,26,3,7,11,5,29,23,6,40,28,12,17,6,11,25,1,24
S01008412,325,39,26,13,69,15,21,10,23,43,2,6,6,6,23,48,26,22,29,0,9,10,10,20,14,6,45,39,6,12,4,8,20,3,17
S01008413,265,24,17,7,56,6,18,12,20,36,3,7,3,7,16,40,29,11,25,0,14,7,4,24,16,8,32,25,7,8,1,7,20,1,19
S01008414,219,30,24,6,63,11,17,21,14,33,6,4,3,6,14,30,26,4,9,1,2,0,6,11,8,3,19,18,1,10,1,9,14,1,13
S01008415,434,32,16,16,90,15,30,27,18,55,7,6,8,6,28,40,33,7,47,1,17,14,15,46,38,8,50,38,12,24,3,21,50,3,47
S01008416,430,31,17,14,55,10,12,16,17,50,7,8,5,6,24,68,55,13,49,3,21,16,9,50,40,10,50,42,8,35,10,25,42,3,39
S01008417,353,43,29,14,95,22,31,23,19,50,6,11,3,8,22,47,35,12,25,6,10,5,4,30,26,4,29,24,5,13,3,10,21,4,17
S01008418,375,28,15,13,112,35,19,32,26,53,6,7,7,5,28,52,35,17,28,8,10,6,4,34,22,12,29,21,8,18,4,14,21,2,19
S01008419,242,53,40,13,79,22,18,16,23,37,1,8,1,5,22,25,19,6,7,0,3,0,4,12,7,5,12,9,3,6,1,5,11,0,11
S01008420,240,17,14,3,76,31,15,8,22,33,1,6,1,3,22,41,36,5,14,1,8,2,3,18,12,6,22,18,4,10,5,5,9,1,8
S01008421,431,40,32,8,85,24,22,16,23,65,8,9,2,3,43,55,39,16,45,2,17,13,13,45,36,9,48,32,16,21,4,17,27,4,23
S01008422,269,40,25,15,88,21,22,18,27,55,4,4,3,8,36,27,18,9,10,2,4,4,0,18,14,4,16,11,5,6,4,2,9,1,8
S01008423,482,102,74,28,164,36,53,32,43,65,3,7,5,4,46,49,37,12,23,5,11,6,1,22,15,7,26,21,5,9,1,8,22,3,19
S01008424,332,56,41,15,119,29,18,36,36,43,3,3,3,10,24,43,26,17,18,3,7,4,4,21,18,3,15,13,2,6,2,4,11,0,11
S01008425,677,48,36,12,142,43,39,31,29,87,15,7,7,13,45,79,64,15,45,6,20,12,7,57,35,22,109,97,12,28,5,23,82,2,80
S01008426,253,16,13,3,32,5,8,12,7,29,3,5,2,4,15,30,17,13,33,6,13,6,8,30,22,8,28,18,10,21,8,13,34,3,31
S01008427,647,58,38,20,139,48,21,33,37,96,13,8,12,13,50,100,73,27,51,2,29,9,11,63,45,18,65,49,16,37,4,33,38,3,35
S01008428,298,16,13,3,44,11,7,13,13,38,7,4,4,3,20,42,31,11,39,3,12,14,10,39,26,13,29,24,5,23,1,22,28,1,27
S01008429,390,36,27,9,98,27,21,23,27,63,12,4,10,6,31,57,41,16,33,1,14,16,2,26,18,8,28,22,6,19,4,15,30,1,29
S01008430,302,30,22,8,80,16,17,26,21,40,3,3,7,3,24,41,27,14,24,3,7,3,11,27,21,6,27,27,0,11,4,7,22,3,19
S01008431,387,29,22,7,87,28,23,16,20,72,6,7,14,7,38,65,55,10,23,0,10,8,5,27,22,5,43,40,3,18,4,14,23,2,21
S01008432,300,18,10,8,73,21,16,18,18,51,7,4,10,7,23,46,38,8,24,1,14,8,1,28,21,7,26,22,4,16,1,15,18,0,18
S01008433,450,41,30,11,78,17,17,23,21,55,6,7,7,11,24,80,60,20,47,2,23,12,10,37,28,9,41,27,14,42,9,33,29,3,26
S01008434,415,28,18,10,81,21,19,25,16,76,7,8,12,8,41,76,61,15,47,0,29,15,3,30,23,7,32,21,11,28,4,24,17,1,16
S01008435,368,30,20,10,69,21,10,22,16,59,10,4,10,4,31,65,49,16,43,0,16,16,11,35,27,8,31,27,4,19,6,13,17,2,15
S01008436,412,56,45,11,114,22,23,27,42,60,4,4,8,12,32,50,32,18,29,1,13,7,8,29,23,6,36,25,11,20,3,17,18,0,18
S01008437,349,40,23,17,113,24,22,34,33,46,5,3,6,12,20,38,31,7,25,5,7,7,6,23,17,6,20,14,6,15,3,12,29,1,28
S01008438,245,32,23,9,78,16,12,25,25,52,5,3,5,8,31,32,15,17,10,4,0,3,3,13,11,2,10,6,4,10,0,10,8,1,7
S01008439,528,101,79,22,211,44,38,56,73,79,5,5,8,14,47,54,45,9,22,3,5,5,9,30,25,5,18,15,3,10,5,5,3,0,3
S01008440,440,66,51,15,189,42,35,52,60,64,7,5,3,9,40,48,32,16,17,6,7,1,3,25,19,6,16,12,4,7,1,6,8,0,8
S01008441,224,35,26,9,73,14,15,21,23,39,4,5,0,7,23,29,24,5,10,1,2,4,3,11,8,3,17,16,1,5,0,5,5,2,3
S01008442,385,70,42,28,146,24,38,36,48,66,5,6,4,8,43,42,25,17,17,2,7,5,3,17,11,6,15,12,3,5,3,2,7,0,7
S01008443,253,44,36,8,86,19,20,18,29,42,4,5,1,6,26,24,16,8,22,1,5,8,8,14,10,4,8,6,2,5,2,3,8,0,8
S01008444,337,64,53,11,77,20,13,21,23,59,9,3,22,8,17,32,21,11,16,1,4,7,4,27,19,8,26,25,1,12,4,8,24,2,22
S01008445,310,34,21,13,69,10,24,13,22,115,5,1,90,5,14,25,20,5,7,1,1,3,2,18,17,1,23,17,6,7,2,5,12,0,12
S01008446,400,57,32,25,170,34,25,66,45,71,3,6,4,10,48,29,20,9,14,1,2,7,4,18,12,6,21,14,7,8,2,6,12,0,12
S01008447,341,54,41,13,121,23,29,33,36,49,7,3,4,12,23,37,28,9,23,2,5,12,4,15,9,6,21,18,3,8,2,6,13,0,13
S01008448,365,34,26,8,85,19,13,23,30,59,6,5,13,13,22,50,40,10,45,2,14,20,9,22,17,5,25,18,7,26,6,20,19,0,19
S01008449,310,17,8,9,29,9,4,8,8,31,6,6,2,1,16,24,19,5,33,1,6,14,12,36,25,11,46,39,7,17,6,11,77,4,73
S01008450,224,17,6,11,10,3,3,2,2,11,2,3,2,1,3,25,21,4,22,0,7,7,8,44,36,8,24,21,3,20,6,14,51,2,49
S01008451,232,6,3,3,12,5,4,2,1,15,2,7,2,2,2,22,19,3,18,1,5,7,5,35,25,10,37,31,6,21,9,12,66,6,60
S01008452,233,9,3,6,15,3,5,1,6,13,1,4,1,4,3,24,21,3,22,1,6,6,9,43,32,11,29,26,3,21,10,11,57,3,54
S01008453,271,13,3,10,39,12,9,5,13,37,5,7,2,3,20,30,22,8,24,0,6,8,10,32,29,3,25,17,8,13,4,9,58,2,56
S01008454,354,20,11,9,25,6,5,8,6,26,8,3,4,3,8,40,30,10,36,1,10,13,12,46,34,12,49,38,11,24,11,13,88,4,84
S01008455,361,10,5,5,32,16,5,4,7,27,3,1,6,5,12,44,36,8,45,1,10,16,18,42,24,18,43,27,16,39,8,31,79,9,70
S01008456,359,9,5,4,28,8,9,5,6,23,4,3,2,3,11,36,32,4,38,0,11,11,16,39,31,8,42,27,15,32,11,21,112,9,103
S01008457,244,9,4,5,12,2,1,4,5,11,1,4,3,0,3,28,25,3,20,1,7,9,3,35,30,5,37,31,6,21,9,12,71,8,63
S01008458,465,26,14,12,32,7,8,5,12,51,11,6,7,4,23,75,54,21,59,3,24,24,8,63,42,21,42,29,13,42,13,29,75,2,73
S01008459,299,8,4,4,11,5,4,0,2,22,2,4,2,4,10,36,23,13,31,0,8,7,16,48,33,15,35,22,13,23,8,15,85,9,76
S01008460,259,7,5,2,12,2,3,3,4,14,6,1,5,0,2,31,23,8,34,1,9,8,16,33,24,9,29,26,3,22,8,14,77,4,73
S01008461,360,7,4,3,24,6,8,5,5,20,4,1,0,2,13,39,32,7,46,4,11,11,20,61,40,21,36,24,12,37,14,23,90,6,84
S01008462,189,8,3,5,4,1,1,2,0,13,2,2,2,4,3,21,15,6,19,2,4,4,9,29,17,12,21,18,3,19,3,16,55,6,49
S01008463,278,5,4,1,27,9,10,2,6,25,5,4,4,5,7,26,24,2,28,3,6,11,8,32,25,7,34,26,8,28,10,18,73,6,67
S01008464,418,27,17,10,24,6,7,1,10,57,12,5,8,2,30,85,59,26,47,3,18,12,14,48,34,14,43,26,17,33,12,21,54,1,53
S01008465,388,17,12,5,43,11,6,15,11,31,7,7,5,3,9,72,58,14,43,3,12,17,11,39,26,13,48,40,8,34,10,24,61,2,59
S01008466,351,17,7,10,25,10,3,5,7,31,2,5,4,4,16,48,36,12,50,2,15,21,12,48,37,11,36,29,7,26,9,17,70,6,64
S01008467,373,13,12,1,23,3,12,4,4,23,3,5,2,2,11,68,53,15,56,1,21,23,11,52,37,15,43,30,13,37,11,26,58,4,54
S01008468,258,7,4,3,11,4,3,1,3,22,2,6,3,3,8,41,30,11,30,0,16,11,3,28,21,7,38,27,11,24,8,16,57,3,54
S01008469,291,29,18,11,32,13,7,1,11,32,4,7,3,2,16,33,27,6,27,1,3,11,12,34,25,9,35,29,6,16,6,10,53,3,50
S01008470,282,7,4,3,16,5,5,0,6,24,3,1,1,7,12,33,27,6,18,1,6,9,2,36,19,17,24,20,4,28,7,21,96,8,88
S01008471,348,12,9,3,21,4,8,1,8,20,4,3,2,3,8,39,31,8,42,5,8,13,16,57,37,20,38,30,8,18,8,10,101,4,97
S01008472,284,12,6,6,22,5,7,4,6,30,4,4,4,0,18,34,25,9,41,1,8,19,13,31,18,13,25,21,4,19,4,15,70,4,66
S01008473,306,17,9,8,23,8,4,4,7,19,2,0,3,2,12,45,34,11,32,1,11,14,6,42,28,14,28,22,6,31,9,22,69,2,67
S01008474,329,15,7,8,25,8,4,6,7,28,5,1,5,1,16,50,41,9,42,0,8,16,18,42,27,15,33,27,6,19,7,12,75,3,72
S01008475,256,17,12,5,18,3,5,3,7,36,3,7,5,8,13,32,23,9,24,0,4,9,11,30,23,7,25,19,6,14,3,11,60,7,53
S01008476,308,22,14,8,41,16,3,10,12,26,2,3,3,4,14,49,38,11,33,1,8,15,9,35,22,13,28,23,5,20,6,14,54,8,46
S01008477,361,19,13,6,28,9,4,4,11,49,10,7,3,4,25,57,42,15,39,2,11,14,12,42,28,14,31,22,9,21,5,16,75,4,71
S01008478,318,21,11,10,48,14,5,15,14,36,9,2,1,6,18,59,46,13,32,1,10,10,11,29,19,10,35,28,7,14,7,7,44,6,38
S01008479,319,13,9,4,27,7,7,5,8,44,8,5,4,5,22,44,39,5,37,6,11,12,8,41,30,11,24,19,5,24,7,17,65,8,57
S01008480,298,25,18,7,45,14,10,3,18,40,6,3,9,2,20,36,31,5,19,1,4,4,10,30,13,17,36,25,11,16,8,8,51,2,49
S01008481,476,27,18,9,41,16,6,8,11,40,2,10,8,4,16,74,60,14,70,1,18,34,17,56,40,16,45,41,4,42,10,32,81,6,75
S01008482,255,23,18,5,22,8,1,5,8,29,5,4,4,3,13,45,34,11,29,0,10,12,7,36,24,12,20,16,4,24,7,17,27,2,25
S01008483,282,9,8,1,21,6,5,5,5,34,1,10,4,4,15,49,38,11,35,0,16,16,3,28,21,7,36,32,4,26,7,19,44,4,40
S01008484,359,26,20,6,44,9,14,11,10,45,8,5,4,6,22,68,51,17,40,2,11,18,9,36,28,8,27,20,7,23,7,16,50,5,45
S01008485,499,35,22,13,51,14,13,12,12,113,9,12,55,7,30,83,63,20,50,1,21,23,5,39,30,9,53,40,13,30,5,25,45,1,44
S01008486,386,37,26,11,50,12,12,11,15,68,12,6,8,5,37,67,52,15,36,2,11,8,15,38,21,17,25,20,5,18,6,12,47,2,45
S01008487,507,57,38,19,118,35,18,20,45,109,9,8,6,18,68,70,57,13,36,1,22,7,6,33,18,15,32,23,9,20,7,13,32,2,30
S01008488,389,38,27,11,75,25,19,11,20,60,9,5,6,10,30,63,47,16,42,2,9,14,17,22,18,4,23,18,5,11,4,7,55,2,53
S01008489,302,17,9,8,36,11,9,8,8,32,7,3,2,2,18,51,43,8,24,3,6,12,3,27,24,3,46,38,8,18,7,11,51,2,49
S01008490,543,32,19,13,119,34,21,26,38,91,8,9,9,8,57,83,73,10,36,2,11,14,9,41,29,12,53,40,13,20,7,13,68,2,66
S01008491,494,30,19,11,121,36,17,23,45,64,4,3,8,8,41,71,57,14,29,1,8,8,12,46,28,18,49,39,10,15,7,8,69,3,66
S01008492,584,49,32,17,122,31,12,35,44,98,19,6,7,15,51,84,73,11,29,5,6,11,7,54,38,16,44,27,17,21,10,11,83,4,79
S01008493,385,26,13,13,62,19,15,13,15,42,8,4,4,2,24,69,50,19,39,3,9,14,13,26,18,8,43,33,10,15,5,10,63,1,62
S01008494,375,21,10,11,74,26,24,8,16,60,5,8,3,4,40,51,37,14,29,5,10,6,8,31,19,12,40,26,14,15,7,8,54,1,53
S01008495,580,32,20,12,140,61,13,23,43,99,19,5,6,13,56,81,66,15,35,2,7,8,18,36,26,10,68,48,20,18,8,10,71,5,66
S01008496,660,44,28,16,158,70,16,21,51,110,28,8,9,11,54,93,80,13,41,1,8,10,22,45,26,19,70,51,19,24,10,14,75,3,72
S01008497,567,28,17,11,142,60,22,22,38,79,16,2,3,7,51,84,72,12,38,2,5,10,21,40,26,14,66,48,18,19,5,14,71,3,68
S01008498,507,31,16,15,127,42,28,23,34,78,15,8,2,11,42,61,46,15,39,1,11,4,23,28,18,10,66,54,12,13,4,9,64,3,61
S01008499,620,37,16,21,147,49,25,21,52,100,19,6,2,15,58,80,71,9,46,1,12,7,26,46,27,19,59,43,16,13,7,6,92,6,86
S01008500,211,11,7,4,49,15,7,11,16,20,5,0,6,2,7,26,24,2,11,2,2,4,3,20,13,7,34,25,9,6,0,6,34,5,29
S01008501,408,24,13,11,165,69,15,16,65,58,9,0,3,4,42,34,31,3,14,0,3,3,8,28,11,17,23,19,4,5,3,2,57,3,54
S01008502,440,32,17,15,140,48,19,29,44,78,11,4,4,13,46,69,55,14,15,1,7,3,4,23,19,4,40,28,12,0,0,0,43,1,42
S01008503,583,39,31,8,200,69,29,45,57,122,14,11,4,17,76,69,59,10,30,5,9,9,7,36,24,12,48,34,14,11,3,8,28,0,28
S01008504,698,72,38,34,277,72,44,57,104,127,20,12,5,14,76,75,56,19,26,3,5,10,8,37,22,15,37,27,10,12,5,7,35,1,34
S01008505,444,41,28,13,163,43,23,51,46,86,12,6,3,19,46,43,33,10,25,0,4,10,11,23,19,4,27,21,6,10,4,6,26,1,25
S01008506,423,55,32,23,178,45,48,38,47,68,5,6,3,17,37,36,27,9,12,1,2,5,4,21,19,2,30,25,5,5,2,3,18,2,16
S01008507,533,43,22,21,210,60,42,41,67,95,11,12,3,20,49,51,41,10,17,0,4,7,6,26,20,6,37,24,13,4,2,2,50,0,50
S01008508,437,59,37,22,171,51,25,42,53,75,5,10,3,6,51,35,25,10,22,5,5,4,8,20,15,5,23,16,7,10,3,7,22,2,20
S01008509,512,77,53,24,202,36,50,42,74,90,4,8,7,16,55,58,44,14,25,1,9,5,10,21,8,13,21,19,2,6,2,4,12,0,12
S01008510,457,59,36,23,142,44,20,35,43,72,7,7,5,10,43,64,50,14,34,2,17,9,6,25,13,12,21,15,6,11,1,10,29,0,29
S01008511,408,66,44,22,144,31,29,37,47,63,6,4,4,9,40,39,30,9,30,4,6,9,11,22,15,7,16,14,2,10,6,4,18,0,18
S01008512,240,32,23,9,100,24,17,22,37,36,4,5,3,4,20,22,18,4,8,2,1,5,0,14,10,4,17,14,3,2,1,1,9,0,9
S01008513,291,50,32,18,106,25,19,18,44,46,4,1,3,7,31,23,16,7,19,2,6,5,6,16,15,1,16,12,4,7,3,4,8,0,8
S01008514,395,39,30,9,197,45,45,52,55,67,11,3,1,11,41,28,18,10,20,3,4,8,5,18,14,4,12,8,4,4,0,4,10,0,10
S01008515,400,41,28,13,182,38,45,44,55,63,14,6,3,12,28,36,23,13,19,0,10,6,3,15,14,1,23,18,5,8,0,8,13,0,13
S01008516,541,48,33,15,201,58,43,44,56,78,8,7,13,16,34,47,36,11,31,2,6,12,11,35,22,13,39,29,10,17,9,8,45,1,44
S01008517,479,45,34,11,174,46,30,41,57,99,12,13,6,26,42,47,31,16,13,1,5,1,6,29,22,7,30,26,4,4,0,4,38,2,36
S01008518,459,51,33,18,210,45,39,53,73,81,9,10,0,21,41,34,29,5,15,0,5,4,6,17,13,4,26,20,6,7,4,3,18,0,18
S01008519,383,44,30,14,187,39,44,40,64,63,1,9,2,13,38,31,28,3,15,1,4,7,3,15,13,2,13,12,1,4,2,2,11,0,11
S01008520,478,83,57,26,206,38,36,48,84,59,5,3,3,12,36,50,38,12,19,1,9,5,4,13,9,4,22,18,4,6,2,4,20,0,20
S01008521,416,57,46,11,204,41,44,50,69,59,5,5,1,10,38,39,30,9,9,1,3,4,1,17,10,7,16,14,2,5,1,4,10,1,9
S01008522,246,44,32,12,110,23,20,21,46,43,1,4,2,8,28,22,16,6,6,0,3,3,0,5,3,2,5,4,1,7,4,3,4,0,4
S01008523,478,93,70,23,205,46,44,36,79,85,4,0,6,18,57,39,30,9,9,0,3,1,5,12,8,4,16,13,3,6,1,5,13,0,13
S01008524,388,29,17,12,33,8,12,6,7,35,3,6,7,7,12,42,33,9,46,2,15,15,14,59,42,17,53,42,11,27,7,20,64,3,61
S01008525,282,8,3,5,27,6,11,4,6,40,3,4,12,5,16,36,28,8,24,2,7,8,7,43,32,11,43,35,8,20,7,13,41,7,34
S01008526,421,20,16,4,76,20,21,22,13,40,12,6,4,1,17,73,56,17,41,3,13,17,8,47,33,14,40,29,11,26,5,21,58,2,56
S01008527,391,36,30,6,53,11,14,12,16,55,8,15,5,5,22,70,56,14,41,4,15,9,13,37,23,14,42,34,8,21,6,15,36,1,35
S01008528,354,27,13,14,63,21,21,14,7,47,11,10,5,5,16,43,33,10,19,0,4,9,6,51,35,16,52,40,12,17,6,11,35,0,35
S01008529,371,26,17,9,46,12,10,11,13,47,4,6,9,6,22,57,43,14,54,5,19,19,11,54,42,12,39,33,6,15,4,11,33,4,29
S01008530,311,20,9,11,31,10,11,6,4,34,5,4,6,0,19,28,25,3,30,3,7,8,12,42,32,10,44,29,15,19,6,13,63,2,61
S01008531,333,12,11,1,33,12,11,4,6,24,2,5,1,4,12,45,34,11,33,2,9,9,13,57,43,14,34,29,5,24,6,18,71,4,67
S01008532,184,8,3,5,22,8,5,4,5,23,1,1,4,4,13,27,22,5,24,4,6,9,5,22,19,3,25,19,6,10,4,6,23,0,23
S01008533,254,5,2,3,24,4,7,7,6,130,1,1,121,3,4,18,13,5,11,0,5,0,6,28,24,4,19,16,3,4,1,3,15,0,15
S01008534,386,34,21,13,73,17,14,15,27,88,4,6,54,6,18,58,42,16,26,0,9,9,8,32,26,6,42,33,9,12,1,11,21,0,21
S01008535,370,42,31,11,104,29,21,27,27,60,5,7,6,3,39,60,44,16,26,4,8,5,9,14,7,7,26,17,9,12,2,10,26,1,25
S01008536,259,26,18,8,82,30,17,13,22,46,6,4,4,2,30,28,22,6,20,2,8,4,6,20,15,5,16,10,6,9,3,6,12,0,12
S01008537,320,38,25,13,124,26,27,35,36,52,2,5,4,9,32,33,24,9,10,2,2,3,3,18,15,3,22,18,4,12,3,9,11,1,10
S01008538,231,30,22,8,93,22,23,35,13,29,2,4,2,2,19,25,18,7,6,0,3,2,1,17,12,5,13,13,0,5,1,4,13,1,12
S01008539,437,55,38,17,172,28,44,48,52,57,7,10,5,4,31,54,42,12,23,4,10,5,4,17,13,4,31,21,10,11,5,6,17,1,16
S01008540,405,72,51,21,137,29,38,20,50,65,5,9,1,12,38,49,37,12,16,2,7,3,4,21,17,4,14,12,2,13,3,10,18,1,17
S01008541,435,38,24,14,149,35,38,33,43,64,6,8,8,8,34,70,51,19,27,3,9,13,2,27,22,5,23,17,6,17,6,11,20,0,20
S01008542,475,56,45,11,153,35,29,40,49,68,12,7,5,9,35,71,54,17,22,0,10,5,7,33,26,7,38,27,11,11,1,10,23,1,22
S01008543,405,52,31,21,109,28,21,30,30,61,7,5,5,11,33,61,50,11,41,2,13,18,8,14,11,3,27,22,5,16,3,13,24,2,22
S01008544,358,46,31,15,135,21,33,36,45,65,5,3,4,10,43,34,24,10,9,0,4,1,4,18,13,5,21,16,5,15,5,10,15,0,15
S01008545,410,77,61,16,148,31,23,42,52,66,3,4,2,10,47,51,41,10,13,0,5,5,3,15,13,2,16,11,5,9,2,7,15,0,15
S01008546,388,67,45,22,156,32,31,43,50,56,4,4,5,7,36,45,28,17,13,0,6,4,3,18,12,6,16,12,4,8,1,7,9,0,9
S01008547,586,56,31,25,120,36,36,16,32,81,11,8,6,5,51,95,79,16,56,1,20,16,19,40,27,13,50,37,13,39,6,33,49,1,48
S01008548,492,60,38,22,89,18,37,18,16,68,17,11,1,5,34,75,55,20,47,1,13,22,11,40,24,16,40,33,7,36,13,23,37,2,35
S01008549,508,56,38,18,65,22,16,10,17,66,11,10,12,4,29,67,49,18,86,8,33,27,18,47,35,12,39,28,11,35,11,24,47,4,43
S01008550,427,57,43,14,117,34,26,26,31,69,13,7,4,5,40,51,36,15,26,1,8,9,8,28,20,8,40,29,11,16,5,11,23,0,23
S01008551,538,48,27,21,121,38,26,22,35,62,13,6,5,8,30,101,73,28,56,2,18,20,16,38,27,11,45,38,7,29,5,24,38,2,36
S01008552,437,40,21,19,107,36,16,24,31,54,10,7,2,2,33,62,46,16,39,3,14,18,4,43,31,12,31,27,4,25,4,21,36,2,34
S01008553,252,23,10,13,49,13,9,15,12,24,2,5,3,5,9,43,30,13,27,0,8,13,6,26,20,6,16,12,4,17,6,11,27,2,25
S01008554,380,20,16,4,36,9,8,5,14,25,6,4,4,2,9,31,25,6,60,4,12,33,11,60,44,16,41,34,7,20,5,15,87,5,82
S01008555,397,19,12,7,48,12,23,5,8,36,7,5,0,5,19,38,31,7,44,4,12,14,14,58,45,13,44,36,8,18,5,13,92,8,84
S01008556,283,12,5,7,27,4,12,3,8,30,9,1,0,4,16,27,22,5,43,0,8,20,15,43,33,10,28,25,3,14,2,12,59,4,55
S01008557,308,20,6,14,22,2,12,5,3,26,4,2,1,6,13,33,27,6,35,1,7,16,11,52,38,14,33,27,6,17,5,12,70,7,63
S01008558,363,14,10,4,39,12,13,4,10,42,11,3,3,13,12,47,34,13,47,3,6,20,18,53,41,12,34,28,6,22,5,17,65,4,61
S01008559,289,30,10,20,22,7,5,2,8,22,8,3,1,2,8,31,25,6,31,3,8,13,7,40,32,8,32,21,11,40,10,30,41,2,39
S01008560,300,21,14,7,39,13,15,5,6,23,4,3,2,8,6,32,26,6,42,3,14,17,8,43,35,8,22,17,5,27,7,20,51,4,47
S01008561,291,22,14,8,31,12,11,6,2,21,6,2,3,2,8,39,32,7,31,1,12,10,8,41,36,5,36,29,7,30,9,21,40,3,37
S01008562,208,8,5,3,27,5,9,3,10,17,4,2,1,2,8,22,16,6,25,3,6,8,8,40,34,6,15,9,6,10,2,8,44,1,43
S01008563,360,29,20,9,42,9,11,6,16,36,4,9,2,7,14,34,26,8,42,1,13,15,13,51,46,5,26,19,7,35,8,27,65,2,63
S01008564,269,13,9,4,31,8,9,6,8,26,6,6,2,1,11,34,24,10,48,1,19,15,13,42,27,15,22,18,4,18,3,15,35,2,33
S01008565,363,16,12,4,37,8,21,2,6,32,7,8,2,4,11,48,39,9,39,3,7,18,11,59,46,13,38,29,9,24,6,18,70,4,66
S01008566,450,25,15,10,42,8,19,4,11,27,6,4,1,1,15,57,42,15,66,3,18,30,15,74,55,19,55,49,6,32,12,20,72,9,63
S01008567,322,15,11,4,48,10,19,8,11,28,3,7,2,2,14,30,27,3,44,2,13,17,12,45,35,10,33,25,8,33,12,21,46,5,41
S01008568,415,31,18,13,84,23,35,11,15,39,4,5,5,1,24,45,32,13,45,1,8,18,18,53,39,14,50,36,14,24,8,16,44,3,41
S01008569,237,8,4,4,41,13,20,3,5,14,0,5,2,3,4,18,11,7,22,1,2,12,7,36,23,13,20,18,2,17,1,16,61,10,51
S01008570,356,17,8,9,36,10,20,2,4,26,1,4,2,8,11,36,29,7,56,2,9,20,25,65,43,22,33,29,4,19,5,14,68,3,65
S01008571,284,20,11,9,29,10,9,6,4,25,4,2,0,2,17,35,26,9,25,1,9,9,6,46,37,9,28,26,2,27,6,21,49,5,44
S01008572,364,29,16,13,60,13,21,13,13,32,5,3,2,6,16,41,25,16,51,2,12,27,10,50,31,19,37,33,4,23,7,16,41,2,39
S01008573,435,47,24,23,103,28,11,18,46,52,6,5,10,8,23,64,47,17,48,1,17,13,17,37,27,10,31,25,6,26,7,19,27,2,25
S01008574,430,42,25,17,113,37,30,23,23,47,8,8,1,5,25,63,46,17,46,0,13,15,18,41,34,7,29,20,9,18,7,11,31,0,31
S01008575,392,67,39,28,119,29,18,29,43,53,5,1,3,5,39,56,45,11,31,1,9,8,13,17,10,7,21,18,3,11,5,6,17,0,17
S01008576,446,36,14,22,102,16,25,26,35,57,11,6,3,6,31,67,51,16,36,1,14,16,5,33,25,8,40,30,10,29,8,21,46,2,44
S01008577,374,37,23,14,112,31,16,34,31,66,6,10,3,5,42,42,31,11,30,1,5,19,5,21,13,8,27,19,8,16,3,13,23,0,23
S01008578,354,54,35,19,160,27,35,51,47,49,6,6,1,11,25,34,21,13,13,0,4,6,3,19,8,11,13,9,4,3,1,2,9,0,9
S01008579,291,33,22,11,120,29,30,32,29,41,4,2,3,8,24,30,24,6,21,2,7,8,4,15,12,3,12,10,2,13,2,11,6,1,5
S01008580,279,20,11,9,61,28,15,6,12,52,8,9,1,5,29,37,29,8,27,0,12,9,6,24,21,3,24,22,2,13,5,8,21,1,20
S01008581,389,23,11,12,67,24,25,7,11,33,9,8,0,2,14,47,35,12,42,2,15,17,8,52,35,17,42,30,12,19,5,14,64,0,64
S01008582,457,30,14,16,82,30,19,13,20,44,12,4,4,11,13,59,43,16,44,1,11,23,9,48,35,13,50,35,15,28,11,17,72,4,68
S01008583,307,18,13,5,66,23,24,12,7,20,2,6,5,2,5,32,21,11,30,0,8,14,8,55,47,8,26,19,7,24,5,19,36,1,35
S01008584,358,20,11,9,66,15,22,11,18,46,9,8,5,4,20,49,30,19,42,4,9,16,13,41,31,10,28,22,6,19,4,15,47,2,45
S01008585,264,13,6,7,43,11,16,9,7,26,7,7,1,4,7,38,29,9,30,3,8,13,6,45,36,9,13,11,2,12,3,9,44,0,44
S01008586,328,10,5,5,48,11,18,11,8,38,12,6,3,3,14,38,27,11,52,2,16,22,12,34,23,11,33,29,4,20,5,15,55,2,53
S01008587,369,47,33,14,128,38,18,41,31,65,8,11,3,5,38,48,35,13,21,2,5,7,7,19,14,5,16,14,2,5,3,2,20,2,18
S01008588,344,30,22,8,158,37,31,43,47,54,4,6,3,10,31,23,21,2,19,1,5,7,6,19,12,7,17,13,4,4,4,0,20,0,20
S01008589,171,14,7,7,57,15,10,15,17,30,4,3,3,4,16,29,24,5,4,0,1,2,1,14,14,0,6,5,1,7,3,4,10,0,10
S01008590,308,32,19,13,143,44,40,25,34,49,7,4,5,6,27,25,15,10,11,1,4,2,4,19,15,4,9,9,0,7,2,5,13,1,12
S01008591,392,45,24,21,167,49,32,41,45,40,5,4,4,5,22,32,25,7,23,2,4,3,14,24,19,5,24,18,6,5,0,5,32,4,28
S01008592,317,20,13,7,85,23,17,25,20,51,12,3,4,9,23,40,27,13,33,1,8,13,11,32,25,7,21,18,3,13,4,9,22,1,21
S01008593,361,63,43,20,186,37,62,43,44,41,4,4,1,8,24,23,18,5,11,1,4,4,2,9,8,1,15,12,3,2,0,2,11,0,11
S01008594,490,69,42,27,243,66,47,48,82,61,3,7,1,12,38,37,24,13,13,0,0,8,5,20,16,4,22,15,7,6,2,4,19,1,18
S01008595,336,22,14,8,76,17,22,14,23,36,6,5,1,2,22,47,37,10,35,1,6,14,14,35,24,11,25,18,7,14,7,7,46,4,42
S01008596,345,13,8,5,82,31,18,16,17,37,3,12,2,5,15,50,39,11,34,1,7,12,14,35,27,8,38,25,13,9,3,6,47,3,44
S01008597,427,43,29,14,125,29,24,28,44,68,13,12,1,13,29,67,56,11,27,1,8,13,5,28,23,5,24,17,7,22,7,15,23,0,23
S01008598,343,36,12,24,93,22,21,18,32,46,2,10,3,13,18,34,22,12,20,2,6,6,6,29,20,9,34,26,8,3,1,2,48,0,48
S01008599,453,58,33,25,185,39,34,54,58,66,9,5,2,13,37,30,20,10,13,1,5,3,4,24,16,8,35,28,7,5,1,4,37,1,36
S01008600,332,67,35,32,131,33,25,29,44,51,4,9,2,13,23,20,11,9,8,0,0,2,6,18,14,4,17,13,4,5,3,2,15,0,15
S01008601,500,36,25,11,103,37,18,28,20,60,10,7,2,21,20,44,32,12,18,1,4,1,12,33,20,13,97,84,13,6,2,4,103,3,100
S01008602,295,20,15,5,92,30,17,19,26,42,5,5,0,12,20,22,16,6,18,1,4,7,6,25,19,6,41,32,9,7,2,5,28,1,27
S01008603,524,33,18,15,189,56,42,38,53,73,8,9,2,19,35,50,41,9,24,2,7,7,8,49,29,20,41,33,8,8,1,7,57,1,56
S01008604,430,55,26,29,178,54,33,40,51,55,8,6,0,16,25,24,18,6,23,1,3,3,16,23,20,3,35,28,7,10,2,8,27,0,27
S01008605,372,29,23,6,164,43,36,43,42,61,5,7,2,18,29,26,23,3,15,0,2,4,9,16,14,2,30,22,8,5,1,4,26,0,26
S01008606,380,66,44,22,158,29,43,48,38,47,3,9,1,11,23,30,19,11,12,1,4,6,1,20,15,5,14,7,7,3,0,3,30,1,29
S01008607,263,36,23,13,128,23,34,22,49,52,5,4,0,14,29,20,10,10,3,0,1,0,2,12,6,6,6,5,1,1,1,0,5,0,5
S01008608,315,36,24,12,167,42,30,45,50,48,5,3,3,10,27,21,14,7,9,0,6,1,2,10,5,5,14,9,5,3,3,0,7,0,7
S01008609,385,52,37,15,167,28,31,52,56,68,5,4,4,9,46,30,19,11,21,2,7,7,5,24,17,7,8,7,1,6,1,5,9,0,9
S01008610,338,47,34,13,134,27,41,27,39,49,3,5,1,13,27,26,23,3,11,1,2,2,6,14,7,7,29,23,6,5,2,3,23,0,23
S01008611,581,37,23,14,224,54,47,65,58,71,14,7,1,17,32,62,43,19,18,0,3,3,12,37,28,9,62,50,12,6,2,4,64,8,56
S01008612,378,28,13,15,137,49,26,27,35,57,2,3,1,23,28,32,26,6,15,2,2,2,9,30,21,9,34,29,5,7,2,5,38,3,35
S01008613,361,27,16,11,145,31,30,36,48,64,5,7,1,12,39,29,23,6,6,0,2,0,4,18,12,6,32,27,5,4,2,2,36,2,34
S01008614,293,24,17,7,112,38,21,27,26,42,5,5,1,12,19,16,12,4,9,2,2,1,4,19,13,6,21,18,3,6,4,2,44,0,44
S01008615,368,23,12,11,149,42,28,31,48,52,4,4,1,22,21,24,18,6,14,1,5,6,2,19,12,7,40,34,6,2,0,2,45,2,43
S01008616,319,25,17,8,104,27,16,27,34,56,6,6,1,19,24,18,17,1,10,2,2,0,6,20,14,6,34,31,3,4,3,1,48,1,47
S01008617,306,34,18,16,103,27,8,34,34,56,7,3,0,24,22,20,16,4,5,1,3,0,1,12,7,5,38,32,6,3,1,2,35,0,35
S01008618,295,15,9,6,105,25,18,40,22,38,7,3,0,15,13,20,18,2,11,4,0,1,6,16,11,5,43,38,5,2,1,1,45,1,44
S01008619,258,25,16,9,91,11,19,34,27,34,4,2,3,8,17,24,19,5,3,1,1,0,1,18,8,10,26,25,1,1,1,0,36,1,35
S01008620,360,30,21,9,126,30,29,37,30,66,5,8,3,17,33,26,23,3,13,0,2,3,8,15,12,3,38,32,6,2,2,0,44,2,42
S01008621,327,19,9,10,105,38,13,29,25,44,2,2,1,23,16,32,22,10,9,1,1,2,5,24,13,11,47,39,8,2,0,2,45,1,44
S01008622,252,19,11,8,104,26,21,27,30,41,3,5,1,14,18,25,22,3,10,2,4,0,4,17,16,1,11,11,0,3,2,1,22,0,22
S01008623,382,41,21,20,151,41,29,42,39,59,10,6,1,13,29,29,20,9,16,1,2,6,7,14,8,6,26,24,2,1,0,1,45,1,44
S01008624,266,59,35,24,115,15,33,30,37,35,3,4,3,10,15,23,16,7,10,2,6,0,2,8,7,1,7,6,1,5,1,4,4,0,4
S01008625,262,54,38,16,127,18,30,32,47,41,1,1,0,8,31,18,14,4,1,0,1,0,0,5,4,1,8,6,2,3,1,2,5,0,5
S01008626,482,57,39,18,224,50,42,50,82,68,6,1,4,8,49,42,28,14,17,0,6,5,6,23,20,3,27,17,10,6,2,4,18,1,17
S01008627,334,58,34,24,149,34,39,26,50,53,2,4,4,10,33,29,21,8,12,1,3,5,3,11,10,1,8,8,0,1,0,1,13,2,11
S01008628,332,22,14,8,151,38,24,40,49,63,8,4,4,8,39,18,14,4,15,0,5,4,6,23,16,7,23,16,7,4,1,3,13,1,12
S01008629,294,19,14,5,116,30,21,32,33,56,9,8,1,8,30,30,26,4,9,0,3,2,4,21,15,6,14,14,0,6,2,4,23,1,22
S01008630,291,23,16,7,112,34,19,23,36,41,2,7,0,17,15,32,27,5,21,2,6,6,7,17,14,3,18,15,3,2,0,2,25,0,25
S01008631,512,58,38,20,208,44,37,46,81,77,9,2,8,21,37,42,33,9,22,1,5,7,9,30,20,10,34,26,8,4,2,2,37,2,35
S01008632,459,33,19,14,182,44,33,40,65,91,7,12,5,25,42,40,29,11,18,0,4,0,14,27,21,6,28,23,5,11,7,4,29,0,29
S01008633,366,75,51,24,160,38,38,39,45,47,2,2,3,9,31,32,24,8,5,1,1,2,1,18,12,6,11,9,2,4,1,3,14,2,12
S01008634,353,53,26,27,146,26,36,37,47,54,8,2,1,13,30,19,14,5,11,2,1,3,5,19,19,0,20,15,5,4,2,2,27,2,25
S01008635,451,64,38,26,194,49,36,39,70,71,6,3,4,16,42,28,17,11,13,0,3,4,6,24,13,11,32,29,3,5,4,1,20,0,20
S01008636,428,44,26,18,176,44,34,44,54,59,5,2,2,15,35,46,37,9,12,1,4,1,6,24,18,6,35,28,7,4,0,4,28,1,27
S01008637,341,31,18,13,147,41,33,29,44,62,11,4,0,9,38,37,29,8,12,3,4,2,3,17,11,6,12,8,4,6,0,6,17,0,17
S01008638,363,41,19,22,113,39,17,29,28,58,11,2,2,15,28,34,25,9,26,0,5,5,16,14,7,7,24,20,4,2,1,1,51,0,51
S01008639,556,53,31,22,224,50,54,56,64,81,9,8,2,20,42,56,45,11,25,4,7,4,10,35,25,10,33,19,14,7,3,4,42,1,41
S01008640,457,29,12,17,177,44,29,39,65,93,12,10,4,19,48,31,25,6,12,0,3,6,3,29,16,13,35,24,11,4,2,2,47,0,47
S01008641,447,34,24,10,163,30,46,31,56,67,8,5,0,20,34,44,37,7,16,1,2,2,11,25,20,5,36,29,7,1,0,1,61,1,60
S01008642,555,55,35,20,223,62,40,54,67,104,8,8,4,24,60,50,40,10,18,1,6,1,10,18,9,9,38,29,9,5,4,1,44,1,43
S01008643,438,46,25,21,188,36,38,44,70,62,7,6,2,15,32,36,27,9,19,2,4,2,11,24,17,7,28,17,11,11,6,5,24,1,23
S01008644,415,46,26,20,156,32,33,46,45,65,10,10,1,11,33,31,25,6,16,1,4,7,4,18,12,6,41,32,9,10,8,2,32,3,29
S01008645,460,37,26,11,159,43,25,44,47,61,6,6,2,15,32,36,25,11,26,1,5,3,17,34,22,12,45,32,13,10,5,5,52,1,51
S01008646,525,37,21,16,171,48,24,30,69,86,14,5,3,15,49,51,40,11,31,1,8,5,17,19,14,5,59,44,15,12,4,8,59,2,57
S01008647,422,25,14,11,153,45,27,27,54,77,11,6,3,14,43,45,38,7,20,1,8,2,9,27,18,9,27,20,7,9,7,2,39,1,38
S01008648,395,23,14,9,113,56,14,10,33,62,11,8,0,9,34,44,32,12,24,0,6,5,13,29,17,12,35,26,9,7,3,4,58,1,57
S01008649,581,42,26,16,165,47,31,32,55,103,10,7,5,19,62,72,57,15,29,1,8,7,13,39,25,14,41,23,18,8,4,4,82,5,77
S01008650,514,36,20,16,165,57,31,31,46,73,11,3,3,11,45,59,50,9,23,0,5,2,16,43,34,9,44,35,9,7,3,4,64,0,64
S01008651,508,32,19,13,141,40,23,25,53,85,12,3,7,16,47,43,33,10,34,2,9,9,14,35,25,10,53,49,4,11,1,10,74,7,67
S01008652,380,21,11,10,82,29,18,6,29,68,12,4,5,17,30,45,34,11,22,1,6,2,13,38,29,9,38,31,7,8,0,8,58,2,56
S01008653,386,19,10,9,111,56,11,8,36,58,13,6,0,9,30,38,29,9,27,2,9,5,11,22,14,8,46,35,11,2,1,1,63,11,52
S01008654,590,35,22,13,175,65,29,23,58,101,14,17,4,16,50,71,52,19,36,1,0,9,26,31,13,18,58,40,18,12,5,7,71,1,70
S01008655,514,22,15,7,178,62,24,26,66,86,5,2,5,14,60,62,43,19,27,0,15,4,8,25,16,9,48,35,13,15,9,6,51,2,49
S01008656,382,17,5,12,84,28,9,13,34,83,15,12,2,10,44,45,36,9,28,0,1,11,16,34,25,9,36,31,5,12,5,7,43,4,39
S01008657,414,29,16,13,105,38,19,16,32,74,9,15,4,15,31,51,46,5,29,1,8,8,12,24,16,8,41,33,8,11,2,9,50,3,47
S01008658,560,31,16,15,143,35,31,31,46,90,16,10,0,25,39,63,54,9,28,1,6,5,16,48,28,20,43,37,6,13,7,6,101,3,98
S01008659,458,35,22,13,99,29,11,30,29,69,11,7,0,18,33,42,33,9,35,1,8,7,19,23,15,8,51,45,6,9,6,3,95,0,95
S01008660,507,40,21,19,168,41,31,29,67,80,8,3,3,22,44,38,29,9,30,1,9,3,17,27,19,8,56,50,6,5,1,4,63,2,61
S01008661,460,34,17,17,99,31,18,20,30,58,10,10,2,13,23,49,43,6,30,1,10,6,13,37,28,9,54,42,12,8,5,3,91,1,90
S01008662,341,13,9,4,90,30,14,14,32,40,5,5,0,9,21,28,23,5,19,1,2,7,9,27,14,13,55,48,7,3,2,1,66,3,63
S01008663,420,28,11,17,104,30,21,25,28,81,9,10,1,30,31,36,30,6,24,8,4,2,10,25,15,10,53,41,12,4,3,1,65,4,61
S01008664,434,21,11,10,139,45,19,21,54,90,14,11,3,27,35,39,32,7,18,0,3,5,10,24,13,11,50,38,12,5,1,4,48,0,48
S01008665,615,51,25,26,171,45,30,46,50,105,8,15,3,28,51,45,37,8,42,3,7,5,27,31,26,5,57,47,10,11,2,9,102,4,98
S01008666,435,31,12,19,141,53,17,37,34,66,6,3,2,25,30,33,31,2,19,2,3,6,8,35,28,7,33,25,8,4,4,0,73,2,71
S01008667,359,29,13,16,119,30,31,29,29,46,4,5,0,18,19,24,19,5,23,2,7,6,8,22,13,9,44,40,4,6,2,4,46,3,43
S01008668,290,20,9,11,105,36,25,17,27,44,2,11,0,17,14,28,23,5,17,1,3,8,5,20,13,7,20,17,3,5,3,2,31,1,30
S01008669,177,13,6,7,24,6,6,6,6,22,4,5,0,3,10,18,15,3,5,0,1,0,4,9,3,6,51,41,10,2,1,1,33,2,31
S01008670,296,19,10,9,67,23,11,18,15,37,5,7,1,11,13,30,21,9,13,0,1,6,6,18,15,3,40,33,7,5,1,4,67,1,66
S01008671,287,10,2,8,79,29,13,17,20,47,10,5,1,9,22,22,13,9,9,0,2,3,4,21,19,2,39,33,6,6,4,2,54,1,53
S01008672,281,18,9,9,97,31,17,21,28,34,6,9,0,12,7,21,14,7,11,0,3,2,6,19,11,8,32,26,6,3,2,1,46,2,44
S01008673,421,29,23,6,111,26,30,20,35,83,7,15,1,29,31,48,37,11,13,2,3,1,7,29,14,15,44,35,9,11,6,5,53,2,51
S01008674,389,31,10,21,94,32,15,25,22,58,5,7,2,19,25,29,22,7,22,1,5,6,10,21,13,8,53,45,8,2,2,0,79,2,77
S01008675,377,39,19,20,102,22,23,19,38,65,4,4,9,18,30,29,26,3,21,1,1,2,17,21,12,9,45,32,13,12,2,10,43,3,40
S01008676,436,60,28,32,114,30,21,17,46,93,9,6,2,25,51,38,36,2,22,1,4,2,15,33,21,12,22,14,8,5,3,2,49,0,49
S01008677,438,53,18,35,99,24,21,20,34,72,6,5,2,19,40,44,28,16,22,0,6,2,14,30,16,14,42,31,11,9,5,4,67,5,62
S01008678,390,27,12,15,87,27,16,17,27,61,2,8,1,23,27,26,21,5,12,0,1,5,6,38,27,11,66,53,13,10,5,5,63,0,63
S01008679,401,26,14,12,80,33,4,13,30,59,10,8,1,21,19,32,21,11,25,3,5,10,7,44,23,21,49,38,11,7,4,3,79,2,77
S01008680,257,13,8,5,70,26,11,16,17,32,3,2,4,8,15,32,25,7,17,1,2,4,10,22,12,10,24,20,4,4,2,2,43,1,42
S01008681,331,24,14,10,92,34,16,23,19,48,10,10,1,10,17,34,29,5,20,2,3,5,10,20,15,5,32,23,9,10,4,6,51,4,47
S01008682,371,20,17,3,111,23,23,35,30,53,12,5,1,10,25,39,31,8,21,1,3,6,11,28,21,7,29,23,6,14,4,10,56,4,52
S01008683,408,18,7,11,75,20,21,19,15,60,8,7,3,25,17,39,36,3,33,1,9,5,18,44,25,19,44,35,9,15,8,7,80,2,78
S01008684,401,35,23,12,82,31,18,15,18,44,5,2,0,16,21,49,39,10,32,2,2,13,15,40,27,13,42,38,4,15,2,13,62,0,62
S01008685,439,28,17,11,105,32,19,28,26,70,7,6,5,23,29,56,39,17,16,1,2,5,8,43,27,16,51,39,12,12,5,7,58,0,58
S01008686,438,30,12,18,78,28,12,20,18,71,2,13,7,16,33,44,33,11,33,2,6,8,17,42,28,14,50,37,13,21,7,14,69,2,67
S01008687,447,40,26,14,122,38,29,14,41,80,8,9,3,19,41,57,46,11,16,2,5,2,7,26,19,7,36,31,5,16,5,11,54,2,52
S01008688,540,46,34,12,157,49,21,35,52,101,11,11,5,30,44,62,49,13,40,4,6,14,16,30,13,17,42,27,15,11,6,5,51,2,49
S01008689,564,54,35,19,133,33,23,37,40,99,13,12,2,28,44,69,53,16,37,3,3,9,22,37,27,10,53,42,11,7,4,3,75,5,70
S01008690,673,57,34,23,184,50,37,39,58,121,9,19,4,31,58,84,67,17,41,2,10,17,12,38,21,17,57,44,13,17,8,9,74,2,72
S01008691,737,62,32,30,174,48,33,29,64,152,22,15,10,41,64,96,70,26,50,2,8,19,21,42,28,14,53,35,18,25,9,16,83,3,80
S01008692,422,25,17,8,89,22,25,15,27,77,12,6,4,14,41,59,44,15,26,1,3,10,12,33,24,9,50,40,10,14,3,11,49,0,49
S01008693,239,8,2,6,29,5,4,8,12,32,7,6,1,6,12,45,28,17,29,0,12,6,11,17,15,2,24,19,5,33,7,26,22,1,21
S01008694,674,45,24,21,172,51,42,31,48,130,23,10,6,38,53,86,70,16,38,0,9,10,19,54,33,21,48,36,12,22,9,13,79,1,78
S01008695,406,31,19,12,118,26,25,27,40,92,5,20,6,14,47,38,32,6,22,2,7,4,9,36,28,8,33,28,5,7,1,6,29,1,28
S01008696,370,41,34,7,124,21,19,38,46,57,10,9,3,14,21,46,39,7,24,2,9,7,6,23,16,7,22,19,3,12,1,11,21,0,21
S01008697,535,54,31,23,149,44,28,33,44,93,14,13,7,15,44,80,57,23,44,3,10,14,17,30,18,12,29,25,4,19,5,14,37,3,34
S01008698,259,19,12,7,63,19,11,20,13,39,8,5,2,9,15,39,27,12,24,1,10,10,3,19,15,4,32,24,8,15,1,14,9,0,9
S01008699,396,36,19,17,70,20,15,13,22,44,7,10,2,5,20,62,53,9,32,1,13,9,9,58,45,13,33,22,11,23,6,17,38,2,36
S01008700,238,43,29,14,68,13,16,18,21,37,5,3,3,9,17,33,26,7,10,0,4,2,4,10,9,1,14,13,1,8,3,5,15,3,12
S01008701,157,6,5,1,11,3,6,1,1,18,1,7,0,3,7,18,14,4,10,2,2,3,3,21,16,5,19,12,7,14,5,9,40,3,37
S01008702,318,26,12,14,57,16,15,11,15,36,7,3,2,7,17,42,34,8,28,1,6,12,9,30,20,10,45,37,8,12,7,5,42,4,38
S01008703,359,15,7,8,47,12,18,2,15,22,3,12,1,5,1,22,18,4,40,2,11,14,13,58,39,19,26,24,2,27,11,16,102,6,96
S01008704,268,16,8,8,44,8,18,6,12,27,5,5,3,6,8,31,24,7,29,0,5,13,11,34,18,16,25,22,3,15,4,11,47,3,44
S01008705,198,11,8,3,18,2,5,5,6,13,2,5,1,3,2,17,15,2,26,0,5,11,10,27,22,5,24,22,2,15,6,9,47,6,41
S01008706,210,5,3,2,21,7,8,3,3,16,1,6,1,3,5,22,17,5,9,0,0,8,1,37,30,7,32,23,9,20,4,16,48,4,44
S01008707,270,9,3,6,21,3,11,5,2,20,3,3,3,3,8,23,15,8,34,0,6,15,13,39,29,10,27,24,3,21,9,12,76,4,72
S01008708,293,6,4,2,17,5,6,1,5,17,3,3,0,4,7,32,16,16,41,1,8,19,13,45,31,14,38,37,1,24,11,13,73,5,68
S01008709,284,13,3,10,16,3,5,3,5,24,2,11,0,1,10,30,22,8,45,1,10,18,16,40,27,13,33,25,8,24,11,13,59,5,54
S01008710,186,7,3,4,13,5,4,2,2,14,3,4,1,1,5,16,14,2,32,3,4,7,18,31,21,10,25,23,2,9,5,4,39,5,34
S01008711,277,13,10,3,14,2,5,3,4,24,2,5,3,2,12,26,17,9,38,3,7,14,14,37,29,8,38,33,5,23,8,15,64,7,57
S01008712,307,11,6,5,23,7,7,2,7,23,2,6,5,5,5,29,22,7,49,4,10,18,17,50,36,14,27,25,2,26,12,14,69,6,63
S01008713,248,8,7,1,8,2,2,2,2,14,2,3,0,2,7,23,19,4,27,1,2,17,7,53,42,11,40,36,4,26,7,19,49,4,45
S01008714,225,18,10,8,32,9,4,9,10,20,1,6,1,5,7,27,25,2,21,1,5,7,8,32,22,10,27,21,6,16,4,12,32,8,24
S01008715,313,17,10,7,19,3,8,3,5,35,6,8,4,5,12,33,26,7,36,2,12,17,5,47,36,11,46,39,7,25,6,19,55,11,44
S01008716,221,17,10,7,13,2,4,3,4,14,1,3,1,2,7,35,26,9,33,1,7,16,9,42,33,9,21,16,5,19,4,15,27,1,26
S01008717,228,8,5,3,22,5,6,4,7,28,3,3,3,5,14,46,31,15,28,0,9,10,9,24,12,12,27,24,3,19,7,12,26,1,25
S01008718,273,23,12,11,30,10,6,5,9,22,3,4,3,1,11,46,31,15,35,0,10,18,7,34,26,8,35,24,11,20,3,17,28,1,27
S01008719,507,43,18,25,44,13,15,5,11,54,5,11,3,5,30,74,52,22,69,3,23,25,18,62,42,20,68,58,10,35,4,31,58,2,56
S01008720,246,17,8,9,34,5,6,9,14,23,7,3,0,2,11,41,33,8,33,5,8,14,6,22,16,6,27,23,4,22,7,15,27,0,27
S01008721,494,53,27,26,79,21,11,18,29,76,9,8,3,8,48,93,70,23,52,5,14,22,11,38,23,15,43,31,12,28,7,21,32,2,30
S01008722,445,64,32,32,108,23,26,34,25,66,3,7,8,17,31,64,52,12,35,0,15,11,9,31,22,9,31,22,9,17,2,15,29,0,29
S01008723,373,45,24,21,77,14,10,21,32,55,5,7,9,6,28,52,36,16,50,1,29,15,5,27,17,10,27,21,6,15,4,11,25,1,24
S01008724,438,56,37,19,130,26,22,45,37,85,5,11,5,26,38,52,34,18,34,5,14,9,6,29,21,8,24,19,5,9,2,7,19,1,18
S01008725,390,37,24,13,119,15,26,33,45,61,4,7,3,24,23,40,31,9,26,0,8,10,8,29,19,10,20,12,8,21,2,19,37,6,31
S01008726,304,39,24,15,125,18,34,31,42,54,4,6,4,8,32,24,18,6,18,0,10,6,2,14,11,3,17,13,4,4,1,3,9,1,8
S01008727,513,63,34,29,174,41,32,46,55,85,9,14,1,29,32,61,51,10,30,4,10,6,10,28,21,7,29,21,8,15,2,13,28,1,27
S01008728,228,15,8,7,56,11,11,15,19,29,0,4,2,10,13,26,22,4,23,4,7,9,3,17,11,6,23,18,5,8,1,7,31,4,27
S01008729,359,50,30,20,129,24,26,38,41,69,3,11,3,23,29,25,22,3,21,2,6,5,8,17,15,2,26,22,4,7,3,4,15,0,15
S01008730,453,50,33,17,131,34,21,41,35,96,13,14,4,25,40,40,35,5,29,1,11,7,10,29,23,6,30,27,3,14,6,8,34,3,31
S01008731,179,14,9,5,33,5,8,9,11,27,2,8,1,3,13,23,17,6,16,1,2,7,6,23,17,6,14,12,2,10,5,5,19,0,19
S01008732,284,21,9,12,52,11,13,12,16,48,2,10,4,12,20,35,28,7,32,3,12,11,6,29,21,8,19,13,6,14,5,9,34,2,32
S01008733,510,34,23,11,101,25,16,24,36,87,4,13,11,16,43,74,56,18,38,3,9,13,13,57,38,19,42,34,8,23,11,12,54,6,48
S01008734,272,24,15,9,74,11,15,22,26,49,6,8,4,3,28,29,23,6,22,0,7,9,6,28,19,9,14,7,7,10,2,8,22,1,21
S01008735,446,63,45,18,122,27,21,29,45,68,8,7,8,9,36,62,47,15,27,1,3,15,8,31,17,14,43,37,6,13,3,10,17,2,15
S01008736,321,39,23,16,68,14,16,15,23,47,7,7,2,7,24,37,30,7,31,2,11,11,7,23,16,7,46,40,6,15,7,8,15,1,14
S01008737,374,38,20,18,77,14,17,24,22,62,8,7,8,11,28,55,39,16,27,0,8,12,7,28,13,15,54,39,15,12,2,10,21,2,19
S01008738,333,36,23,13,87,26,11,27,23,41,4,6,5,4,22,59,46,13,25,1,5,10,9,18,14,4,27,23,4,20,3,17,20,1,19
S01008739,289,26,11,15,34,9,5,10,10,27,5,4,2,2,14,58,46,12,41,3,12,18,8,25,20,5,30,25,5,21,6,15,27,2,25
S01008740,271,13,7,6,44,11,10,14,9,33,7,3,0,6,17,58,44,14,27,2,11,10,4,26,21,5,26,16,10,21,7,14,23,3,20
S01008741,445,27,12,15,62,14,18,12,18,50,5,6,2,7,30,96,69,27,56,1,27,17,11,38,32,6,51,35,16,36,6,30,29,0,29
S01008742,217,20,9,11,31,10,5,7,9,30,7,4,1,4,14,44,36,8,14,0,4,5,5,21,13,8,24,18,6,11,1,10,22,1,21
S01008743,430,34,18,16,64,26,17,7,14,54,3,5,6,9,31,59,46,13,47,3,14,16,14,45,33,12,45,31,14,19,3,16,63,2,61
S01008744,491,34,21,13,71,18,10,16,27,65,8,8,9,11,29,85,68,17,48,1,18,26,3,59,48,11,47,32,15,26,5,21,56,2,54
S01008745,243,21,14,7,72,16,10,13,33,32,2,6,5,4,15,34,26,8,18,1,6,7,4,21,16,5,18,16,2,7,3,4,20,1,19
S01008746,483,33,13,20,72,21,11,13,27,56,9,3,8,4,32,68,50,18,39,1,8,18,12,47,36,11,58,47,11,25,8,17,85,8,77
S01008747,235,18,8,10,65,10,12,14,29,32,4,4,1,7,16,30,22,8,22,0,6,8,8,27,22,5,15,11,4,13,3,10,13,0,13
S01008748,312,32,20,12,66,21,10,13,22,52,4,7,8,5,28,49,34,15,32,1,15,14,2,26,16,10,26,15,11,11,3,8,18,0,18
S01008749,466,57,26,31,88,15,18,22,33,53,8,4,4,2,35,74,54,20,60,0,13,26,21,38,23,15,41,33,8,21,3,18,34,2,32
S01008750,323,30,20,10,60,17,16,10,17,39,6,2,5,9,17,66,53,13,31,3,5,15,8,18,12,6,36,22,14,22,6,16,21,1,20
S01008751,264,15,11,4,39,9,8,9,13,34,8,4,0,2,20,38,29,9,34,1,16,15,2,22,15,7,39,32,7,18,7,11,25,3,22
S01008752,304,17,10,7,21,2,7,4,8,33,3,5,1,3,21,53,41,12,32,1,8,12,11,36,32,4,30,19,11,14,4,10,68,3,65
S01008753,230,17,9,8,23,3,8,4,8,28,2,11,0,4,11,28,24,4,18,1,3,5,9,38,25,13,22,15,7,17,7,10,39,4,35
S01008754,355,26,15,11,47,12,10,11,14,51,6,6,4,5,30,47,38,9,39,2,14,15,8,36,28,8,43,36,7,21,4,17,45,4,41
S01008755,506,32,18,14,43,12,10,12,9,64,15,9,5,9,26,64,48,16,59,1,14,22,22,53,31,22,55,44,11,37,6,31,99,6,93
S01008756,337,15,9,6,35,12,11,2,10,40,8,6,3,6,17,43,31,12,41,4,14,12,11,57,37,20,33,29,4,19,12,7,54,8,46
S01008757,207,10,2,8,13,7,2,2,2,16,1,4,1,1,9,22,11,11,27,1,7,13,6,28,24,4,14,11,3,18,6,12,59,5,54
S01008758,341,25,10,15,33,11,6,7,9,21,3,5,2,3,8,58,41,17,49,3,11,23,12,42,29,13,29,25,4,22,1,21,62,3,59
S01008759,218,8,1,7,17,8,2,4,3,31,2,6,4,7,12,29,23,6,27,1,5,16,5,29,18,11,27,24,3,16,2,14,34,2,32
S01008760,370,23,12,11,23,6,3,3,11,24,1,2,2,2,17,51,40,11,39,2,10,17,10,49,36,13,52,46,6,21,7,14,88,6,82
S01008761,418,20,10,10,60,12,15,10,23,65,9,4,4,11,37,52,40,12,51,4,8,20,19,35,20,15,35,31,4,22,9,13,78,10,68
S01008762,319,23,16,7,58,9,14,9,26,47,9,4,6,1,27,34,27,7,38,0,17,7,14,22,20,2,29,20,9,27,9,18,41,3,38
S01008763,582,43,23,20,153,50,27,23,53,105,9,14,7,24,51,81,68,13,37,3,5,20,9,43,33,10,36,25,11,22,5,17,62,5,57
S01008764,406,33,18,15,129,26,24,30,49,71,7,9,4,20,31,37,30,7,29,4,8,6,11,23,13,10,42,24,18,14,4,10,28,1,27
S01008765,497,53,24,29,138,34,22,33,49,83,8,11,1,19,44,56,44,12,26,1,4,12,9,52,42,10,35,27,8,20,6,14,34,2,32
S01008766,524,48,27,21,121,26,20,25,50,74,5,8,4,21,36,73,58,15,59,1,25,16,17,39,30,9,45,32,13,29,6,23,36,0,36
S01008767,284,22,13,9,47,7,13,10,17,42,7,7,3,7,18,42,33,9,36,3,16,13,4,24,15,9,31,17,14,11,3,8,29,4,25
S01008768,266,20,4,16,52,15,8,12,17,50,9,5,0,10,26,35,20,15,30,2,15,7,6,27,22,5,18,15,3,16,5,11,18,2,16
S01008769,520,65,41,24,173,44,38,29,62,112,9,7,15,19,62,56,43,13,21,1,3,6,11,27,9,18,33,24,9,9,3,6,24,0,24
S01008770,567,80,58,22,155,48,43,19,45,104,13,3,4,12,72,52,42,10,25,1,4,7,13,35,16,19,56,33,23,21,4,17,39,1,38
S01008771,446,72,45,27,128,39,24,22,43,90,4,3,12,17,54,42,32,10,20,1,6,7,6,23,13,10,27,19,8,18,10,8,26,2,24
S01008772,413,43,22,21,120,26,14,31,49,68,14,7,2,8,37,48,40,8,31,3,8,12,8,26,20,6,28,17,11,15,3,12,34,0,34
S01008773,609,59,39,20,128,40,23,33,32,102,16,15,5,19,47,68,59,9,40,5,4,18,13,55,43,12,63,43,20,24,9,15,70,5,65
S01008774,521,47,27,20,88,23,17,14,34,66,6,12,2,16,30,59,49,10,57,4,14,23,16,51,26,25,52,38,14,13,6,7,88,10,78
S01008775,280,23,13,10,78,17,14,21,26,56,3,5,1,20,27,27,18,9,29,2,1,7,19,13,9,4,18,10,8,9,4,5,27,0,27
S01008776,419,30,17,13,81,29,11,21,20,66,10,17,2,11,26,46,36,10,32,1,4,6,21,37,27,10,50,35,15,11,5,6,66,2,64
S01008777,491,35,14,21,82,32,19,6,25,74,14,12,4,15,29,41,33,8,47,2,10,9,26,52,43,9,48,35,13,25,8,17,87,10,77
S01008778,786,84,46,38,208,78,36,28,66,157,11,16,4,33,93,77,56,21,44,0,9,13,22,56,34,22,69,53,16,17,10,7,74,5,69
S01008779,550,72,46,26,180,53,38,26,63,99,5,6,3,19,66,53,42,11,37,1,10,9,17,32,9,23,35,22,13,11,5,6,31,4,27
S01008780,419,38,23,15,120,32,17,24,47,74,8,9,6,14,37,43,33,10,32,0,8,7,17,28,14,14,21,20,1,14,6,8,49,4,45
S01008781,616,49,30,19,138,51,19,18,50,115,13,15,4,15,68,48,37,11,49,0,15,11,23,53,32,21,54,38,16,25,11,14,85,2,83
S01008782,509,58,32,26,168,41,23,31,73,84,6,8,6,21,43,46,37,9,38,4,10,8,16,24,16,8,36,25,11,11,2,9,44,3,41
S01008783,308,33,18,15,78,25,11,7,35,73,4,3,6,22,38,26,20,6,17,0,1,4,12,19,14,5,25,14,11,15,4,11,22,1,21
S01008784,322,36,16,20,81,24,17,12,28,49,1,3,0,13,32,31,25,6,21,1,2,5,13,31,16,15,25,23,2,11,6,5,37,3,34
S01008785,395,39,22,17,66,14,21,6,25,53,2,6,2,15,28,32,23,9,33,2,12,7,12,31,18,13,45,38,7,11,5,6,85,5,80
S01008786,625,72,39,33,164,45,31,30,58,114,5,15,5,30,59,56,44,12,54,2,14,13,25,34,20,14,42,31,11,16,5,11,73,3,70
S01008787,122,4,4,0,8,3,1,1,3,9,0,2,1,4,2,6,3,3,8,1,2,0,5,20,15,5,15,11,4,11,3,8,41,3,38
S01008788,487,64,38,26,129,50,13,24,42,83,13,9,2,14,45,52,38,14,37,1,11,6,19,37,24,13,32,20,12,2,2,0,51,2,49
S01008789,283,21,12,9,48,16,9,7,16,37,5,6,1,4,21,31,24,7,29,2,8,9,10,36,28,8,31,21,10,10,4,6,40,9,31
S01008790,363,35,16,19,71,18,10,16,27,47,4,5,1,14,23,40,32,8,33,1,8,12,12,29,19,10,37,23,14,9,2,7,62,3,59
S01008791,567,42,16,26,121,40,21,14,46,62,13,2,5,10,32,63,48,15,53,1,4,21,27,56,31,25,45,33,12,17,3,14,108,10,98
S01008792,476,40,18,22,102,26,20,28,28,87,12,10,3,23,39,52,42,10,36,2,4,14,16,43,29,14,33,22,11,27,12,15,56,3,53
S01008793,193,11,3,8,28,8,5,6,9,24,3,5,0,7,9,22,17,5,21,0,3,4,14,18,15,3,20,11,9,7,3,4,42,3,39
S01008794,428,26,14,12,77,25,16,11,25,61,8,6,2,6,39,62,45,17,38,0,12,10,16,54,33,21,41,32,9,19,5,14,50,2,48
S01008795,741,51,22,29,154,34,33,36,51,116,15,21,6,25,49,91,70,21,65,3,15,18,29,64,42,22,61,43,18,23,6,17,116,1,115
S01008796,622,33,18,15,104,21,31,17,35,97,14,18,6,19,40,65,57,8,51,2,6,19,24,55,36,19,68,54,14,30,18,12,119,8,111
S01008797,617,41,20,21,132,41,32,19,40,95,15,10,2,18,50,84,62,22,52,0,7,12,33,50,30,20,57,33,24,11,5,6,95,8,87
S01008798,461,26,17,9,103,34,25,15,29,74,8,7,4,24,31,61,47,14,44,3,9,9,23,49,33,16,28,19,9,19,7,12,57,1,56
S01008799,406,30,20,10,61,19,15,4,23,43,5,2,1,13,22,51,34,17,46,1,10,10,25,39,18,21,40,34,6,15,6,9,81,9,72
S01008800,767,56,31,25,171,63,33,34,41,120,13,11,5,22,69,96,73,23,58,2,4,19,33,58,42,16,64,47,17,33,11,22,111,9,102
S01008801,653,48,26,22,145,50,31,22,42,106,24,11,7,20,44,66,50,16,65,1,15,12,37,47,27,20,62,43,19,23,11,12,91,3,88
S01008802,608,38,20,18,119,34,26,17,42,106,15,13,4,15,59,65,48,17,54,5,7,14,28,63,45,18,46,34,12,16,6,10,101,4,97
S01008803,574,68,45,23,99,38,11,14,36,88,11,12,6,27,32,64,52,12,58,2,14,9,33,50,32,18,38,29,9,17,7,10,92,3,89
S01008804,332,34,19,15,66,15,9,21,21,31,3,5,1,4,18,40,36,4,33,1,6,8,18,32,22,10,27,19,8,7,4,3,62,0,62
S01008805,402,32,13,19,90,33,20,13,24,56,8,6,3,9,30,50,42,8,15,2,2,2,9,28,16,12,63,49,14,9,6,3,59,1,58
S01008806,713,66,45,21,186,53,38,24,71,112,7,10,6,17,72,79,61,18,62,3,9,16,34,48,33,15,65,47,18,14,4,10,81,8,73
S01008807,526,41,24,17,136,38,18,33,47,103,7,14,9,26,47,59,48,11,30,2,6,7,15,39,23,16,35,28,7,20,9,11,63,8,55
S01008808,417,37,17,20,132,51,14,22,45,88,4,6,0,29,49,35,32,3,24,0,3,10,11,29,21,8,28,25,3,10,3,7,34,3,31
S01008809,373,72,34,38,108,23,20,29,36,63,3,5,2,17,36,25,18,7,22,4,0,5,13,29,18,11,21,16,5,8,1,7,25,0,25
S01008810,484,42,27,15,164,45,26,29,64,90,10,8,2,22,48,52,41,11,28,1,5,5,17,17,13,4,33,24,9,9,4,5,49,6,43
S01008811,562,61,37,24,153,41,27,26,59,103,13,7,0,33,50,41,34,7,34,1,7,8,18,32,22,10,45,32,13,7,3,4,86,5,81
S01008812,313,33,22,11,107,36,12,21,38,59,6,2,1,22,28,20,12,8,14,1,0,4,9,22,18,4,26,20,6,6,3,3,26,0,26
S01008813,512,44,16,28,101,19,22,20,40,64,7,6,4,16,31,59,43,16,57,1,12,12,32,44,35,9,46,39,7,20,7,13,77,3,74
S01008814,516,42,24,18,118,25,20,30,43,73,3,10,3,26,31,59,47,12,53,3,11,12,27,31,19,12,50,39,11,12,7,5,78,2,76
S01008815,568,49,27,22,131,34,35,24,38,101,12,13,4,24,48,63,54,9,40,1,7,11,21,34,23,11,36,26,10,21,2,19,93,7,86
S01008816,286,27,16,11,67,24,7,7,29,68,10,6,5,10,37,41,28,13,18,0,4,5,9,14,11,3,21,13,8,9,4,5,21,2,19
S01008817,459,29,20,9,107,40,13,10,44,74,9,8,4,12,41,52,36,16,42,1,7,11,23,48,30,18,35,23,12,14,3,11,58,2,56
S01008818,495,43,24,19,128,30,19,27,52,96,15,12,2,23,44,66,52,14,29,0,8,6,15,44,28,16,34,25,9,15,5,10,40,4,36
S01008819,448,37,28,9,159,39,33,28,59,98,11,7,7,22,51,44,32,12,27,3,10,6,8,22,18,4,24,17,7,14,5,9,23,1,22
S01008820,621,53,21,32,120,30,30,26,34,109,15,11,6,23,54,80,66,14,48,0,11,14,23,63,42,21,59,44,15,17,9,8,72,4,68
S01008821,390,56,33,23,153,30,20,42,61,65,6,6,6,10,37,32,25,7,18,0,1,5,12,17,10,7,31,24,7,5,2,3,13,0,13
S01008822,371,61,36,25,123,23,27,23,50,64,10,11,1,10,32,43,36,7,19,1,6,3,9,21,16,5,21,17,4,5,3,2,14,0,14
S01008823,333,64,35,29,115,26,23,31,35,57,4,6,4,10,33,30,25,5,19,0,5,8,6,18,8,10,15,12,3,4,2,2,11,1,10
S01008824,555,76,51,25,198,48,40,42,68,103,10,10,11,18,54,49,35,14,26,1,3,11,11,30,21,9,42,33,9,10,4,6,21,0,21
S01008825,355,50,30,20,119,21,23,22,53,60,9,9,1,9,32,37,32,5,28,1,8,8,11,19,10,9,21,13,8,6,2,4,15,3,12
S01008826,396,41,27,14,115,27,23,27,38,60,9,7,1,15,28,38,29,9,34,3,9,8,14,33,28,5,31,24,7,15,4,11,29,3,26
S01008827,321,44,31,13,142,26,30,18,68,62,6,1,1,19,35,27,22,5,9,2,4,2,1,14,9,5,11,9,2,4,3,1,8,1,7
S01008828,478,53,34,19,158,21,38,27,72,82,11,9,6,20,36,62,47,15,29,0,6,11,12,31,17,14,30,24,6,11,3,8,22,1,21
S01008829,319,39,26,13,91,19,21,22,29,47,7,4,1,10,25,30,24,6,21,2,5,9,5,24,13,11,22,20,2,12,3,9,33,1,32
S01008830,347,46,28,18,136,30,20,35,51,63,7,3,3,11,39,44,33,11,16,2,2,4,8,11,4,7,21,19,2,1,0,1,9,2,7
S01008831,345,44,31,13,132,35,25,23,49,54,6,6,8,8,26,39,29,10,20,1,8,6,5,21,13,8,13,11,2,12,5,7,10,1,9
S01008832,298,60,41,19,92,18,22,20,32,45,4,2,3,13,23,39,23,16,14,2,3,5,4,12,7,5,17,12,5,5,1,4,14,0,14
S01008833,512,65,39,26,222,53,50,42,77,101,8,3,2,27,61,33,24,9,20,1,2,5,12,16,15,1,28,21,7,7,4,3,20,1,19
S01008834,578,92,55,37,211,46,45,43,77,114,7,5,7,33,62,62,40,22,27,1,7,10,9,21,18,3,24,15,9,13,9,4,14,1,13
S01008835,411,44,23,21,117,34,22,32,29,69,7,5,4,11,42,64,49,15,28,1,7,12,8,28,23,5,29,22,7,11,4,7,21,3,18
S01008836,401,31,18,13,90,25,21,8,36,69,12,8,1,14,34,50,43,7,33,0,11,13,9,30,18,12,34,29,5,9,4,5,55,4,51
S01008837,723,74,44,30,247,80,33,44,90,135,16,8,4,26,81,98,81,17,37,2,14,5,16,30,13,17,38,26,12,9,5,4,55,4,51
S01008838,675,64,42,22,194,48,28,31,87,135,13,13,4,31,74,94,75,19,44,2,10,11,21,31,19,12,46,33,13,10,3,7,57,4,53
S01008839,655,68,41,27,225,66,37,41,81,113,16,8,3,29,57,87,66,21,32,1,7,8,16,34,24,10,35,26,9,11,3,8,50,3,47
S01008840,646,59,37,22,229,67,34,39,89,114,16,6,3,28,61,80,64,16,33,7,15,4,7,31,23,8,31,21,10,13,6,7,56,1,55
S01008841,377,29,19,10,103,36,15,14,38,69,11,4,6,13,35,50,40,10,34,1,11,8,14,23,17,6,27,20,7,12,2,10,30,0,30
S01008842,600,39,23,16,180,61,28,30,61,94,10,11,4,17,52,52,39,13,36,2,6,8,20,41,23,18,70,54,16,15,6,9,73,3,70
S01008843,631,55,28,27,219,69,40,36,74,100,10,6,5,23,56,71,61,10,25,1,10,4,10,48,25,23,41,29,12,9,5,4,63,1,62
S01008844,444,56,29,27,151,43,19,17,72,85,10,6,3,11,55,41,31,10,17,0,2,6,9,31,20,11,29,26,3,2,1,1,32,0,32
S01008845,501,63,36,27,165,40,34,24,67,95,14,5,1,28,47,44,32,12,16,2,5,4,5,29,19,10,37,29,8,4,2,2,48,1,47
S01008846,482,49,22,27,158,34,31,26,67,105,5,12,1,23,64,42,35,7,15,0,3,4,8,25,18,7,34,27,7,4,0,4,50,4,46
S01008847,337,54,38,16,127,34,19,18,56,59,3,5,2,13,36,22,15,7,16,1,2,7,6,15,7,8,20,17,3,3,2,1,21,1,20
S01008848,454,58,35,23,169,40,39,24,66,90,3,0,1,22,64,34,25,9,24,5,8,4,7,21,11,10,25,15,10,3,1,2,30,0,30
S01008849,442,72,48,24,158,25,28,26,79,80,4,1,0,24,51,32,21,11,18,1,5,4,8,18,12,6,24,16,8,4,2,2,36,1,35
S01008850,424,79,58,21,166,29,29,25,83,92,1,5,0,28,58,25,22,3,16,3,3,4,6,12,3,9,19,14,5,0,0,0,15,2,13
S01008851,586,69,42,27,210,42,46,30,92,139,6,8,0,53,72,47,32,15,32,2,7,6,17,22,15,7,27,23,4,7,4,3,33,2,31
S01008852,542,102,60,42,227,54,36,38,99,104,6,5,1,30,62,26,19,7,14,2,4,1,7,14,7,7,26,22,4,4,2,2,25,1,24
S01008853,450,62,33,29,172,44,35,27,66,83,1,6,1,35,40,30,20,10,21,2,3,2,14,20,12,8,26,16,10,8,5,3,28,0,28
S01008854,541,72,42,30,198,43,40,39,76,143,11,7,3,38,84,37,26,11,16,1,3,3,9,18,11,7,26,21,5,3,1,2,28,3,25
S01008855,712,107,63,44,299,71,55,49,124,151,17,4,2,41,87,53,39,14,25,1,3,7,14,17,9,8,28,17,11,5,5,0,27,1,26
S01008856,391,51,28,23,126,36,19,27,44,86,10,8,0,30,38,41,35,6,17,2,3,2,10,20,10,10,20,16,4,3,3,0,27,1,26
S01008857,524,59,39,20,192,53,29,41,69,107,8,6,2,32,59,51,38,13,19,0,6,10,3,28,23,5,29,23,6,8,2,6,31,1,30
S01008858,353,41,31,10,147,36,21,28,62,81,2,3,2,27,47,30,20,10,9,2,1,2,4,14,9,5,16,13,3,1,1,0,14,1,13
S01008859,710,96,64,32,266,61,52,36,117,157,9,9,4,34,101,71,55,16,35,1,11,10,13,15,5,10,31,21,10,9,5,4,30,1,29
S01008860,555,51,27,24,219,53,44,43,79,117,13,8,7,18,71,51,41,10,24,3,6,6,9,28,23,5,26,23,3,8,2,6,31,4,27
S01008861,415,87,51,36,171,27,28,31,85,75,4,2,3,19,47,20,13,7,10,2,3,1,4,15,8,7,23,19,4,1,0,1,13,0,13
S01008862,631,75,48,27,257,58,56,44,99,128,9,4,8,34,73,55,43,12,25,1,4,8,12,29,15,14,19,11,8,9,5,4,34,1,33
S01008863,471,75,50,25,192,31,32,34,95,98,6,5,2,10,75,42,33,9,16,1,6,6,3,19,7,12,11,8,3,2,1,1,16,1,15
S01008864,418,37,24,13,191,35,38,58,60,88,7,5,5,12,59,40,26,14,10,0,5,1,4,14,9,5,15,10,5,4,1,3,19,0,19
S01008865,501,37,27,10,210,59,42,35,74,101,11,6,4,17,63,41,33,8,15,2,6,3,4,30,19,11,35,26,9,5,3,2,27,3,24
S01008866,552,60,43,17,263,59,61,42,101,101,6,5,4,28,58,57,39,18,20,3,3,6,8,14,7,7,15,14,1,7,1,6,15,2,13
S01008867,486,83,56,27,209,46,41,35,87,94,7,6,1,19,61,39,24,15,17,1,3,2,11,11,5,6,15,8,7,5,3,2,13,0,13
S01008868,525,69,34,35,161,36,36,25,64,108,12,3,0,23,70,39,25,14,26,2,6,4,14,24,14,10,31,26,5,7,5,2,60,0,60
S01008869,618,87,64,23,267,66,45,43,113,117,4,2,1,43,67,55,42,13,23,2,7,3,11,21,15,6,26,20,6,7,2,5,15,0,15
S01008870,485,91,63,28,189,59,30,26,74,83,6,5,1,17,54,47,34,13,12,0,1,3,8,23,13,10,15,10,5,7,5,2,18,0,18
S01008871,644,104,76,28,239,55,50,46,88,112,2,5,4,27,74,57,43,14,20,2,3,3,12,16,10,6,30,23,7,5,4,1,61,0,61
S01008872,508,61,40,21,184,57,20,20,87,91,3,7,1,12,68,45,28,17,13,0,4,3,6,19,7,12,35,24,11,9,1,8,51,1,50
S01008873,404,91,48,43,145,31,34,19,61,75,4,7,4,12,48,37,29,8,13,4,4,2,3,8,4,4,12,11,1,3,2,1,20,0,20
S01008874,512,78,51,27,184,59,31,23,71,88,3,5,5,14,61,53,36,17,19,0,7,6,6,19,9,10,30,21,9,5,1,4,36,1,35
S01008875,499,47,37,10,149,41,30,26,52,95,12,6,6,15,56,40,33,7,27,1,7,5,14,51,26,25,37,19,18,12,2,10,41,1,40
S01008876,279,37,27,10,82,28,9,21,24,41,4,6,2,5,24,38,31,7,12,1,5,4,2,24,17,7,23,23,0,5,2,3,17,3,14
S01008877,293,29,19,10,105,38,14,12,41,60,4,7,3,8,38,39,25,14,17,2,6,6,3,15,8,7,12,9,3,5,3,2,11,1,10
S01008878,421,48,24,24,84,18,19,16,31,50,8,2,4,6,30,75,57,18,37,2,9,15,11,29,20,9,44,33,11,20,4,16,34,3,31
S01008879,428,32,20,12,105,31,19,21,34,73,4,8,8,12,41,58,38,20,35,2,10,10,13,41,30,11,28,24,4,27,4,23,29,5,24
S01008880,332,43,32,11,90,27,12,20,31,56,3,4,9,5,35,50,38,12,15,0,6,6,3,30,22,8,17,12,5,15,8,7,16,0,16
S01008881,244,44,35,9,98,20,21,26,31,32,1,0,2,7,22,15,8,7,11,0,4,2,5,14,7,7,11,7,4,5,3,2,14,0,14
S01008882,492,102,77,25,187,34,38,21,94,94,2,8,2,8,74,49,38,11,11,1,5,3,2,14,9,5,12,9,3,5,2,3,18,1,17
S01008883,377,96,68,28,158,15,38,25,80,53,4,3,2,8,36,32,24,8,10,1,2,3,4,10,8,2,8,8,0,3,1,2,7,0,7
S01008884,272,49,32,17,111,23,24,24,40,47,5,4,1,3,34,25,19,6,12,3,1,6,2,9,7,2,9,6,3,1,0,1,9,0,9
S01008885,403,80,53,27,160,35,27,30,68,60,5,4,6,7,38,37,27,10,13,2,4,4,3,27,20,7,14,13,1,5,3,2,7,0,7
S01008886,417,45,28,17,173,51,25,33,64,70,8,2,4,11,45,38,28,10,22,2,5,7,8,16,10,6,27,23,4,5,0,5,21,0,21
S01008887,377,39,26,13,142,26,22,35,59,65,6,4,9,12,34,41,25,16,24,2,8,9,5,15,14,1,19,17,2,10,5,5,22,4,18
S01008888,385,45,29,16,154,38,39,31,46,80,5,5,6,9,55,51,39,12,7,1,3,2,1,18,10,8,14,10,4,5,1,4,11,0,11
S01008889,310,35,30,5,81,18,21,12,30,57,4,1,1,9,42,41,31,10,26,1,8,11,6,18,10,8,20,16,4,15,3,12,17,2,15
S01008890,343,33,15,18,111,31,22,27,31,44,5,4,4,7,24,56,45,11,26,1,10,10,5,14,10,4,31,23,8,12,4,8,16,1,15
S01008891,363,49,32,17,123,35,29,24,35,62,2,4,4,14,38,42,31,11,21,2,9,5,5,23,17,6,26,22,4,5,2,3,12,0,12
S01008892,466,55,41,14,152,43,34,28,47,77,6,9,5,12,45,64,49,15,31,4,6,15,6,26,18,8,29,25,4,7,2,5,25,2,23
S01008893,436,70,45,25,171,41,30,31,69,73,6,5,2,13,47,47,33,14,23,2,4,9,8,15,9,6,17,15,2,6,3,3,14,0,14
S01008894,399,61,42,19,150,35,32,23,60,62,4,5,3,6,44,39,29,10,21,4,3,8,6,20,15,5,21,17,4,5,2,3,20,0,20
S01008895,314,52,36,16,117,28,20,19,50,57,7,2,2,6,40,29,21,8,14,2,2,7,3,18,10,8,14,8,6,5,2,3,8,0,8
S01008896,258,53,34,19,88,23,18,13,34,46,3,4,0,1,38,24,13,11,13,0,4,4,5,10,5,5,10,5,5,5,1,4,9,0,9
S01008897,303,34,24,10,119,25,27,27,40,48,4,1,2,8,33,35,23,12,16,0,2,4,10,19,14,5,17,16,1,6,2,4,9,1,8
S01008898,389,77,58,19,121,32,32,28,29,45,6,3,1,9,26,43,35,8,28,2,9,12,5,25,18,7,21,16,5,11,1,10,18,1,17
S01008899,334,17,12,5,29,9,6,4,10,17,2,3,1,4,7,43,31,12,40,2,7,18,13,49,39,10,31,25,6,27,10,17,81,4,77
S01008900,472,32,22,10,64,13,25,7,19,33,4,10,1,3,15,70,57,13,51,3,16,20,12,44,33,11,55,44,11,40,15,25,83,1,82
S01008901,371,28,24,4,42,15,12,7,8,30,10,5,0,4,11,49,30,19,48,1,10,23,14,53,34,19,30,23,7,29,5,24,62,3,59
S01008902,470,36,21,15,59,18,18,5,18,54,6,6,4,3,35,54,38,16,51,2,8,22,19,65,45,20,45,39,6,34,12,22,72,8,64
S01008903,433,25,14,11,43,8,17,11,7,47,5,7,3,8,24,64,50,14,58,0,20,28,10,56,33,23,52,37,15,19,8,11,69,2,67
S01008904,458,30,13,17,35,9,8,5,13,32,6,4,0,4,18,35,28,7,47,2,9,12,24,63,52,11,67,57,10,27,5,22,122,6,116
S01008905,420,22,11,11,29,1,10,3,15,26,2,6,1,2,15,49,30,19,33,1,4,14,14,50,34,16,42,35,7,37,19,18,132,12,120
S01008906,333,14,6,8,28,3,10,4,11,28,4,9,1,3,11,29,22,7,37,1,11,7,18,46,35,11,40,34,6,18,6,12,93,6,87
S01008907,188,4,3,1,9,2,3,1,3,14,4,2,1,2,5,17,8,9,18,0,2,6,10,26,15,11,18,17,1,12,5,7,70,4,66
S01008908,393,29,19,10,50,14,12,7,17,44,7,10,4,4,19,51,41,10,47,1,16,18,12,33,23,10,42,31,11,23,8,15,74,6,68
S01008909,404,22,10,12,29,8,8,5,8,42,9,7,3,5,18,58,40,18,45,0,15,20,10,52,31,21,47,38,9,40,16,24,69,4,65
S01008910,251,14,10,4,44,11,12,8,13,27,7,2,3,2,13,36,32,4,28,1,8,11,8,22,16,6,28,22,6,21,7,14,31,0,31
S01008911,584,75,45,30,156,44,24,24,64,115,11,9,7,14,74,57,47,10,39,0,11,16,12,39,15,24,41,36,5,20,9,11,42,1,41
S01008912,425,38,28,10,104,23,19,23,39,67,4,11,4,12,36,60,39,21,32,2,9,14,7,36,24,12,31,25,6,27,10,17,30,0,30
S01008913,377,36,21,15,92,28,8,17,39,54,6,3,3,6,36,44,37,7,28,0,12,14,2,33,24,9,35,29,6,27,7,20,28,5,23
S01008914,439,24,15,9,73,18,18,13,24,57,10,12,2,10,23,55,37,18,50,1,18,25,6,55,44,11,45,33,12,37,8,29,43,3,40
S01008915,281,21,17,4,65,21,14,10,20,46,9,8,1,8,20,40,28,12,28,2,9,12,5,22,20,2,30,22,8,14,2,12,15,1,14
S01008916,402,24,9,15,40,7,9,18,6,39,3,4,5,7,20,46,39,7,35,2,9,13,11,55,42,13,50,38,12,34,18,16,79,3,76
S01008917,277,9,5,4,30,5,9,4,12,29,4,9,0,7,9,35,24,11,23,1,4,7,11,46,33,13,26,18,8,15,2,13,64,1,63
S01008918,203,8,5,3,7,1,2,2,2,16,3,5,1,1,6,12,7,5,31,3,6,10,12,30,22,8,20,17,3,13,8,5,66,4,62
S01008919,191,15,8,7,14,7,2,0,5,10,0,2,0,1,7,15,11,4,20,0,2,6,12,26,20,6,29,16,13,13,3,10,49,3,46
S01008920,746,83,54,29,184,51,35,39,59,141,13,13,8,23,84,95,79,16,52,1,13,21,17,50,27,23,60,37,23,31,17,14,50,2,48
S01008921,265,10,3,7,22,2,11,2,7,18,6,5,2,0,5,29,24,5,34,4,4,8,18,39,25,14,28,22,6,22,6,16,63,3,60
S01008922,331,20,14,6,24,3,8,4,9,33,9,3,5,2,14,32,26,6,35,1,11,13,10,52,43,9,49,36,13,33,11,22,53,2,51
S01008923,339,16,6,10,23,5,7,3,8,19,3,3,1,3,9,47,34,13,43,2,15,15,11,40,23,17,46,36,10,27,10,17,78,2,76
S01008924,370,19,9,10,16,5,7,1,3,13,3,4,0,1,5,34,26,8,53,1,16,14,22,58,45,13,38,27,11,22,8,14,117,5,112
S01008925,355,23,13,10,22,3,7,4,8,29,2,10,4,2,11,31,24,7,51,2,9,12,28,51,34,17,45,27,18,28,6,22,75,6,69
S01008926,337,23,14,9,30,8,5,7,10,33,3,4,6,4,16,57,44,13,38,0,13,14,11,41,29,12,38,20,18,28,12,16,49,2,47
S01008927,495,39,21,18,60,19,18,7,16,70,11,6,2,6,45,69,59,10,43,0,19,17,7,57,42,15,59,34,25,16,2,14,82,9,73
S01008928,331,24,10,14,58,15,13,12,18,44,6,3,4,4,27,27,20,7,26,1,3,13,9,40,24,16,28,20,8,26,12,14,58,4,54
S01008929,233,9,4,5,7,2,5,0,0,13,2,2,2,1,6,15,13,2,28,1,4,6,17,36,25,11,24,20,4,25,13,12,76,5,71
S01008930,307,13,6,7,14,4,5,3,2,20,0,6,1,5,8,30,23,7,27,2,10,8,7,52,41,11,31,28,3,21,4,17,99,9,90
S01008931,306,12,9,3,9,0,8,0,1,24,8,7,1,1,7,30,24,6,28,1,1,17,9,43,27,16,42,31,11,25,11,14,93,5,88
S01008932,486,34,22,12,70,14,26,8,22,71,10,8,6,7,40,63,48,15,49,3,8,11,27,60,34,26,51,38,13,23,5,18,65,5,60
S01008933,284,6,4,2,24,7,9,2,6,21,2,6,0,1,12,30,20,10,29,0,10,6,13,43,29,14,34,21,13,25,7,18,72,6,66
S01008934,358,19,11,8,39,12,8,8,11,43,9,11,1,5,17,48,36,12,35,2,7,12,14,39,24,15,30,23,7,25,7,18,80,2,78
S01008935,410,39,31,8,76,29,17,14,16,59,10,10,4,4,31,75,59,16,35,2,18,8,7,36,31,5,36,23,13,13,3,10,41,5,36
S01008936,190,31,23,8,62,19,15,11,17,38,3,1,1,6,27,21,15,6,11,0,2,6,3,8,4,4,8,5,3,4,1,3,7,0,7
S01008937,391,47,33,14,88,23,13,21,31,61,9,6,3,8,35,64,46,18,39,2,10,17,10,27,19,8,31,20,11,10,1,9,24,2,22
S01008938,329,36,30,6,91,20,17,23,31,58,7,5,6,7,33,41,32,9,22,1,6,14,1,22,16,6,25,18,7,15,1,14,19,1,18
S01008939,359,35,25,10,62,16,13,12,21,55,8,6,14,3,24,63,50,13,30,1,12,11,6,31,25,6,33,27,6,22,6,16,28,5,23
S01008940,263,52,31,21,95,15,22,18,40,43,3,2,3,9,26,28,23,5,8,0,4,3,1,10,5,5,17,15,2,5,3,2,5,0,5
S01008941,371,81,51,30,134,27,25,28,54,60,4,3,3,7,43,29,21,8,9,0,1,2,6,19,16,3,23,14,9,3,1,2,13,0,13
S01008942,365,36,25,11,116,31,27,20,38,65,5,5,3,10,42,50,41,9,15,1,4,6,4,23,17,6,28,19,9,17,4,13,15,1,14
S01008943,336,65,55,10,114,27,30,21,36,54,1,2,2,9,40,45,32,13,11,0,3,4,4,21,17,4,16,11,5,2,1,1,8,1,7
S01008944,407,78,55,23,138,19,26,32,61,64,1,6,7,7,43,42,36,6,13,0,5,2,6,16,7,9,28,21,7,10,3,7,18,0,18
S01008945,393,79,51,28,126,32,23,27,44,81,6,6,5,9,55,44,32,12,18,4,4,8,2,11,8,3,17,12,5,5,0,5,12,1,11
S01008946,378,66,32,34,132,33,33,26,40,57,4,1,4,6,42,36,16,20,15,1,3,4,7,12,9,3,32,28,4,6,2,4,22,3,19
S01008947,451,56,40,16,166,38,37,34,57,63,10,2,6,12,33,53,35,18,27,2,9,5,11,24,20,4,29,22,7,10,1,9,23,3,20
S01008948,369,54,33,21,109,24,20,24,41,51,6,2,4,6,33,49,37,12,29,2,14,8,5,16,10,6,28,18,10,12,4,8,21,4,17
S01008949,436,28,19,9,55,11,19,12,13,62,11,11,4,9,27,67,54,13,43,2,22,16,3,42,29,13,53,35,18,32,5,27,54,1,53
S01008950,433,35,22,13,61,19,12,11,19,53,6,6,7,5,29,63,48,15,44,3,16,16,9,60,44,16,46,38,8,23,2,21,48,3,45
S01008951,393,28,19,9,41,7,9,15,10,46,10,7,3,3,23,54,44,10,43,3,13,12,15,45,34,11,46,37,9,20,9,11,70,12,58
S01008952,382,15,6,9,36,11,4,8,13,36,3,4,4,4,21,45,36,9,43,6,13,14,10,45,33,12,53,42,11,25,10,15,84,4,80
S01008953,400,36,23,13,47,9,10,14,14,41,4,11,1,6,19,47,41,6,51,4,10,21,16,49,33,16,53,36,17,22,6,16,54,4,50
S01008954,353,21,12,9,52,16,12,7,17,46,12,9,2,3,20,48,39,9,39,1,16,15,7,33,22,11,43,35,8,23,7,16,48,3,45
S01008955,349,47,29,18,88,23,16,20,29,48,5,6,5,8,24,41,33,8,24,6,6,6,6,32,21,11,39,28,11,13,3,10,17,0,17
S01008956,513,36,23,13,103,31,29,17,26,83,10,7,12,2,52,85,64,21,33,1,16,8,8,50,33,17,51,31,20,28,7,21,44,1,43
S01008957,473,44,31,13,109,24,27,22,36,65,4,8,5,4,44,66,54,12,42,4,18,15,5,42,31,11,48,40,8,16,5,11,41,1,40
S01008958,334,24,13,11,61,14,13,13,21,51,8,4,7,3,29,58,48,10,32,2,7,14,9,27,20,7,49,33,16,14,6,8,18,2,16
S01008959,454,26,23,3,74,24,15,16,19,68,13,7,4,5,39,83,58,25,43,0,17,18,8,47,31,16,47,36,11,26,8,18,40,3,37
S01008960,530,101,78,23,163,52,26,16,69,97,9,7,5,12,64,62,51,11,24,0,10,7,7,26,15,11,28,20,8,12,6,6,17,1,16
S01008961,379,35,25,10,82,24,19,15,24,54,7,7,7,4,29,70,56,14,26,1,2,15,8,33,24,9,34,27,7,18,5,13,27,2,25
S01008962,336,35,21,14,89,31,19,14,25,51,12,3,2,6,28,59,49,10,19,1,9,8,1,24,22,2,24,22,2,20,5,15,15,0,15
S01008963,383,37,25,12,91,21,14,23,33,71,10,7,11,5,38,71,55,16,33,4,11,12,6,19,6,13,34,27,7,12,2,10,15,1,14
S01008964,245,27,18,9,64,22,7,11,24,35,4,2,4,4,21,39,32,7,18,0,5,9,4,24,18,6,20,18,2,7,4,3,11,0,11
S01008965,323,36,27,9,117,31,18,32,36,47,4,2,3,12,26,30,21,9,29,2,9,14,4,14,8,6,18,15,3,15,3,12,17,0,17
S01008966,291,23,16,7,69,21,13,12,23,45,8,4,2,8,23,61,51,10,33,1,17,13,2,15,12,3,19,11,8,14,3,11,12,3,9
S01008967,475,46,26,20,141,41,20,36,44,88,8,4,12,11,53,69,50,19,31,0,9,13,9,25,12,13,30,22,8,23,8,15,22,3,19
S01008968,498,61,49,12,138,40,24,30,44,76,7,5,7,9,48,71,51,20,36,2,15,16,3,39,31,8,40,29,11,16,4,12,21,0,21
S01008969,533,51,42,9,132,41,27,17,47,78,7,4,10,13,44,90,66,24,41,1,19,9,12,44,29,15,38,30,8,26,6,20,33,1,32
S01008970,548,60,43,17,188,39,28,46,75,83,6,5,7,14,51,82,59,23,28,0,11,8,9,36,26,10,31,25,6,11,4,7,29,0,29
S01008971,368,55,34,21,143,33,26,36,48,64,7,4,2,6,45,38,32,6,19,0,7,4,8,15,10,5,22,18,4,5,1,4,7,0,7
S01008972,367,50,34,16,140,27,35,20,58,72,8,7,2,15,40,50,44,6,8,1,2,4,1,12,11,1,17,14,3,4,4,0,14,1,13
S01008973,397,59,33,26,120,39,18,26,37,76,7,9,5,5,50,54,42,12,23,0,11,7,5,23,16,7,16,12,4,11,3,8,15,1,14
S01008974,359,37,29,8,96,32,12,26,26,54,5,3,3,6,37,49,38,11,30,1,11,11,7,27,18,9,36,26,10,10,3,7,20,1,19
S01008975,275,24,11,13,68,22,11,12,23,46,8,4,0,5,29,45,33,12,19,3,7,4,5,25,16,9,20,16,4,9,2,7,19,1,18
S01008976,246,31,20,11,77,20,15,18,24,44,4,2,1,4,33,32,28,4,16,0,5,7,4,16,10,6,17,13,4,4,0,4,9,0,9
S01008977,310,41,29,12,89,23,16,23,27,43,5,3,7,2,26,46,38,8,23,0,13,7,3,19,13,6,23,15,8,14,4,10,12,0,12
S01008978,312,18,9,9,37,12,5,6,14,47,5,5,5,7,25,59,48,11,36,1,19,13,3,30,22,8,42,33,9,10,3,7,33,4,29
S01008979,413,31,22,9,78,17,16,16,29,56,9,6,4,4,33,73,52,21,50,1,14,19,16,40,26,14,39,31,8,15,6,9,31,1,30
S01008980,434,36,20,16,61,23,13,14,11,60,7,10,6,5,32,66,58,8,59,2,18,21,18,42,34,8,42,33,9,23,5,18,45,4,41
S01008981,324,28,18,10,62,24,11,8,19,57,10,7,4,6,30,60,44,16,32,4,13,11,4,27,21,6,25,17,8,13,1,12,20,0,20
S01008982,422,27,17,10,39,15,6,6,12,51,6,7,3,5,30,84,68,16,52,1,14,20,17,42,35,7,57,38,19,18,6,12,52,2,50
S01008983,413,30,21,9,42,15,7,11,9,45,3,5,13,5,19,68,58,10,50,4,11,22,13,49,27,22,47,33,14,31,7,24,51,0,51
S01008984,255,20,15,5,37,9,8,9,11,37,4,7,2,4,20,40,35,5,28,1,8,11,8,27,23,4,28,17,11,11,1,10,27,3,24
S01008985,394,26,12,14,38,8,8,5,17,50,9,2,8,5,26,75,66,9,41,0,19,11,11,45,35,10,47,36,11,32,11,21,40,4,36
S01008986,392,23,15,8,60,14,11,15,20,58,12,5,7,3,31,83,63,20,45,1,22,14,8,31,26,5,30,21,9,29,4,25,33,0,33
S01008987,420,25,18,7,57,16,9,12,20,60,8,5,7,5,35,89,65,24,52,1,20,25,6,44,31,13,39,30,9,31,10,21,23,3,20
S01008988,477,39,24,15,101,35,15,19,32,50,8,3,5,4,30,104,80,24,39,0,16,16,7,38,23,15,50,40,10,21,6,15,35,2,33
S01008989,432,24,17,7,80,26,14,8,32,74,12,6,7,10,39,97,79,18,37,3,13,17,4,29,17,12,39,28,11,25,3,22,27,4,23
S01008990,513,33,26,7,86,40,12,9,25,87,19,4,11,5,48,107,88,19,38,3,17,10,8,36,23,13,51,32,19,33,7,26,42,2,40
S01008991,590,68,51,17,121,34,18,24,45,87,11,5,5,8,58,103,80,23,49,1,24,12,12,47,29,18,56,43,13,28,7,21,31,1,30
S01008992,284,21,13,8,46,12,7,8,19,41,3,4,5,4,25,42,32,10,30,2,10,11,7,22,12,10,34,20,14,12,6,6,36,1,35
S01008993,571,87,47,40,109,31,20,27,31,81,9,8,8,12,44,79,54,25,48,11,11,17,9,51,32,19,50,34,16,32,11,21,34,6,28
S01008994,377,31,15,16,41,11,12,7,11,43,8,4,4,3,24,38,29,9,48,5,19,12,12,42,32,10,25,20,5,40,11,29,69,13,56
S01008995,477,59,44,15,141,43,29,36,33,76,16,4,9,8,39,55,40,15,46,6,15,11,14,35,28,7,25,20,5,12,4,8,28,0,28
S01008996,280,17,14,3,28,9,6,5,8,26,3,1,2,5,15,38,28,10,46,9,18,14,5,22,16,6,38,31,7,19,8,11,46,2,44
S01008997,545,68,46,22,89,20,23,12,34,75,6,13,11,4,41,67,56,11,65,14,20,17,14,56,37,19,38,29,9,35,8,27,52,11,41
S01008998,265,6,3,3,28,7,7,9,5,18,3,0,1,4,10,33,25,8,38,4,16,7,11,32,24,8,41,35,6,17,7,10,52,5,47
S01008999,361,19,12,7,60,14,19,13,14,54,4,8,5,3,34,50,38,12,37,6,13,10,8,31,20,11,40,31,9,33,5,28,37,1,36
S01009000,466,57,41,16,106,34,19,18,35,68,9,6,7,8,38,70,53,17,47,7,19,16,5,26,19,7,34,24,10,29,14,15,29,0,29
S01009001,410,37,28,9,110,32,29,22,27,59,3,5,12,9,30,58,39,19,44,6,17,11,10,31,21,10,30,23,7,18,4,14,23,1,22
S01009002,423,64,49,15,100,22,27,19,32,98,8,6,37,17,30,43,30,13,29,4,11,8,6,20,15,5,15,11,4,23,7,16,31,6,25
S01009003,514,76,42,34,168,34,33,31,70,87,8,4,6,17,52,50,37,13,27,1,3,13,10,28,22,6,27,18,9,14,3,11,37,2,35
S01009004,375,33,20,13,52,13,10,8,21,46,6,4,8,5,23,50,38,12,49,4,17,16,12,48,42,6,33,19,14,25,9,16,39,2,37
S01009005,383,34,23,11,60,19,12,12,17,62,10,10,10,10,22,48,36,12,37,2,20,4,11,40,32,8,38,26,12,29,8,21,35,4,31
S01009006,332,22,12,10,57,18,17,10,12,44,5,6,9,1,23,45,39,6,31,2,14,11,4,44,28,16,30,22,8,17,6,11,42,0,42
S01009007,323,23,15,8,34,13,8,7,6,44,8,3,8,7,18,52,37,15,36,3,15,8,10,33,26,7,24,14,10,25,8,17,52,3,49
S01009008,444,54,37,17,112,35,18,20,39,59,9,3,3,8,36,66,46,20,35,7,12,9,7,43,29,14,24,20,4,19,3,16,32,3,29
S01009009,202,10,5,5,17,3,8,2,4,26,5,3,1,3,14,30,24,6,29,4,13,7,5,22,15,7,20,14,6,8,0,8,40,1,39
S01009010,614,73,53,20,119,30,34,21,34,86,14,4,13,4,51,101,79,22,50,6,23,11,10,48,38,10,59,43,16,24,3,21,54,5,49
S01009011,547,59,39,20,120,23,29,26,42,84,19,8,9,7,41,90,69,21,53,11,23,14,5,41,33,8,50,38,12,14,4,10,36,4,32
S01009012,442,38,27,11,104,26,33,20,25,70,6,7,5,3,49,63,55,8,40,4,16,11,9,40,28,12,38,28,10,23,4,19,26,0,26
S01009013,512,54,33,21,118,34,31,19,34,74,9,4,10,10,41,65,53,12,48,1,20,16,11,39,27,12,45,37,8,24,7,17,45,3,42
S01009014,305,24,8,16,28,1,8,15,4,22,2,3,6,2,9,19,15,4,69,17,11,24,17,50,42,8,26,21,5,32,6,26,35,6,29
S01009015,280,19,9,10,47,2,14,27,4,28,4,6,3,3,12,20,18,2,48,19,8,11,10,40,36,4,8,7,1,36,12,24,34,8,26
S01009016,230,22,11,11,33,5,10,14,4,22,5,2,0,2,13,17,15,2,58,23,8,18,9,29,24,5,9,9,0,18,5,13,22,6,16
S01009017,278,24,14,10,29,7,5,9,8,25,3,8,3,3,8,23,17,6,71,22,16,23,10,34,28,6,19,18,1,24,10,14,29,4,25
S01009018,389,22,7,15,55,4,17,25,9,30,6,6,4,3,11,39,33,6,93,27,27,26,13,44,34,10,21,20,1,38,12,26,47,15,32
S01009019,278,19,10,9,34,0,11,18,5,36,8,3,9,3,13,31,26,5,61,17,14,16,14,31,21,10,9,8,1,12,4,8,45,3,42
S01009020,450,27,16,11,71,16,21,23,11,42,14,3,9,4,12,39,29,10,92,15,23,34,20,62,51,11,35,30,5,24,9,15,58,6,52
S01009021,377,33,16,17,67,5,25,23,14,25,5,6,2,4,8,25,22,3,88,31,15,27,15,54,50,4,13,13,0,30,11,19,42,13,29
S01009022,444,33,9,24,58,8,10,24,16,48,5,6,7,3,27,30,20,10,110,51,29,10,20,51,44,7,21,17,4,42,7,35,51,14,37
S01009023,423,54,12,42,60,6,14,25,15,30,4,6,3,11,6,29,25,4,91,29,15,29,18,59,52,7,20,15,5,38,17,21,42,10,32
S01009024,436,49,17,32,54,3,10,27,14,30,4,5,4,5,12,38,29,9,96,32,18,21,25,61,47,14,10,10,0,32,10,22,66,23,43
S01009025,439,35,19,16,63,6,17,21,19,43,5,10,2,16,10,36,27,9,92,33,11,36,12,59,50,9,34,29,5,40,12,28,37,7,30
S01009026,425,28,14,14,81,15,24,24,18,39,7,7,5,9,11,50,32,18,76,9,29,28,10,47,41,6,29,22,7,35,8,27,40,13,27
S01009027,336,37,19,18,53,6,14,19,14,34,4,4,1,15,10,28,20,8,60,21,9,22,8,41,35,6,19,13,6,33,12,21,31,13,18
S01009028,235,21,9,12,35,6,18,2,9,20,2,0,1,5,12,16,12,4,57,5,18,22,12,36,22,14,6,3,3,22,15,7,22,5,17
S01009029,286,6,2,4,57,11,15,18,13,32,4,9,3,7,9,25,17,8,62,7,11,17,27,23,21,2,15,11,4,41,22,19,25,8,17
S01009030,356,14,8,6,48,3,15,21,9,40,8,3,4,9,16,38,32,6,78,8,21,28,21,35,27,8,23,12,11,35,20,15,45,21,24
S01009031,365,26,14,12,45,3,16,20,6,42,6,9,3,5,19,36,27,9,82,8,32,27,15,49,36,13,26,19,7,32,13,19,27,10,17
S01009032,283,23,9,14,36,6,10,7,13,29,5,2,3,8,11,26,18,8,67,4,13,36,14,34,28,6,18,16,2,23,10,13,27,5,22
S01009033,350,23,14,9,39,2,19,10,8,41,2,5,9,8,17,30,26,4,81,6,16,41,18,47,44,3,25,25,0,31,12,19,33,6,27
S01009034,312,19,15,4,56,7,27,9,13,37,12,4,3,6,12,32,26,6,63,1,24,28,10,28,25,3,16,10,6,27,11,16,34,7,27
S01009035,459,39,27,12,77,6,38,19,14,51,8,7,11,10,15,41,34,7,78,6,32,28,12,58,49,9,37,26,11,38,9,29,40,7,33
S01009036,523,29,20,9,86,6,37,28,15,57,12,9,7,15,14,47,33,14,101,6,40,41,14,69,62,7,51,39,12,44,20,24,39,9,30
S01009037,464,32,23,9,68,7,19,30,12,45,11,8,3,3,20,61,47,14,87,6,27,31,23,53,45,8,44,29,15,39,23,16,35,7,28
S01009038,548,39,23,16,80,7,32,28,13,52,16,6,6,7,17,58,44,14,90,7,32,28,23,60,49,11,49,33,16,48,12,36,72,9,63
S01009039,329,22,10,12,36,4,15,10,7,24,8,5,1,3,7,18,13,5,62,7,12,25,18,32,24,8,48,32,16,25,10,15,62,11,51
S01009040,322,23,11,12,48,6,18,13,11,30,5,5,4,3,13,31,23,8,52,5,11,24,12,52,39,13,33,23,10,16,3,13,37,3,34
S01009041,439,57,32,25,92,8,23,30,31,43,9,6,2,8,18,35,30,5,80,8,16,27,29,32,22,10,27,14,13,27,17,10,46,10,36
S01009042,425,29,17,12,49,9,16,15,9,33,8,6,3,4,12,52,41,11,78,9,21,31,17,53,39,14,48,39,9,24,12,12,59,8,51
S01009043,326,12,6,6,54,6,17,15,16,30,1,5,7,4,13,27,23,4,55,6,12,19,18,37,26,11,33,27,6,30,13,17,48,8,40
S01009044,364,23,17,6,55,9,22,10,14,36,7,2,9,2,16,35,32,3,56,8,16,19,13,41,34,7,47,38,9,24,11,13,47,11,36
S01009045,320,18,10,8,54,5,29,11,9,30,5,2,6,4,13,30,25,5,52,4,26,13,9,28,24,4,37,21,16,32,11,21,39,6,33
S01009046,439,33,16,17,83,10,23,33,17,43,11,5,5,3,19,40,32,8,88,14,31,29,14,45,38,7,35,26,9,27,12,15,45,8,37
S01009047,413,21,11,10,71,9,28,22,12,59,14,5,11,7,22,45,37,8,76,6,33,28,9,41,36,5,38,36,2,30,14,16,32,4,28
S01009048,419,30,21,9,77,12,32,22,11,55,8,11,10,5,21,44,34,10,54,5,27,18,4,52,40,12,35,26,9,46,21,25,26,7,19
S01009049,296,15,10,5,61,6,17,23,15,31,6,4,7,4,10,34,21,13,52,2,23,19,8,25,21,4,27,20,7,25,10,15,26,4,22
S01009050,397,38,26,12,51,11,14,14,12,60,4,2,27,4,23,45,41,4,62,3,30,18,11,34,26,8,37,26,11,35,10,25,35,8,27
S01009051,368,16,10,6,40,7,10,10,13,32,10,4,5,3,10,52,36,16,59,3,28,18,10,42,33,9,38,27,11,50,21,29,39,13,26
S01009052,320,21,16,5,33,2,11,11,9,38,6,4,9,5,14,47,39,8,48,4,23,16,5,29,18,11,41,28,13,30,9,21,33,7,26
S01009053,190,13,10,3,7,2,2,2,1,17,2,3,2,1,9,21,17,4,23,0,15,6,2,28,27,1,25,17,8,14,4,10,42,5,37
S01009054,270,16,11,5,31,4,13,3,11,20,2,3,4,6,5,22,18,4,40,2,17,16,5,36,23,13,27,18,9,34,11,23,44,11,33
S01009055,453,43,30,13,69,19,13,23,14,55,7,6,10,8,24,48,37,11,87,21,26,27,13,33,26,7,38,28,10,41,22,19,39,11,28
S01009056,219,14,12,2,12,7,1,2,2,16,2,2,5,0,7,27,20,7,39,1,17,17,4,28,24,4,19,16,3,33,14,19,31,6,25
S01009057,236,11,5,6,20,5,5,4,6,27,6,6,5,2,8,16,15,1,33,1,6,17,9,33,24,9,25,21,4,23,2,21,48,8,40
S01009058,357,23,14,9,36,5,9,12,10,37,7,2,6,5,17,42,35,7,52,6,17,17,12,39,29,10,39,26,13,32,10,22,57,15,42
S01009059,474,55,33,22,91,17,34,18,22,64,9,6,15,4,30,46,33,13,61,3,24,26,8,36,23,13,43,32,11,45,22,23,33,8,25
S01009060,329,43,27,16,54,6,12,19,17,70,14,7,11,3,35,37,31,6,45,4,15,21,5,27,17,10,19,12,7,20,8,12,14,4,10
S01009061,433,26,19,7,28,5,12,9,2,49,7,7,15,1,19,48,37,11,63,2,30,18,13,46,39,7,69,59,10,50,25,25,54,10,44
S01009062,271,7,5,2,14,1,5,5,3,25,6,3,3,3,10,33,28,5,45,0,26,11,8,39,29,10,40,26,14,28,9,19,40,5,35
S01009063,390,30,18,12,59,10,10,23,16,48,6,7,7,3,25,43,33,10,52,2,28,13,9,33,26,7,42,36,6,37,11,26,46,10,36
S01009064,272,6,5,1,31,5,13,5,8,33,3,2,9,2,17,26,18,8,47,4,17,21,5,36,30,6,21,14,7,34,17,17,38,7,31
S01009065,268,12,10,2,20,8,4,4,4,27,0,5,7,6,9,32,25,7,39,1,15,18,5,32,22,10,36,30,6,28,11,17,42,11,31
S01009066,323,18,14,4,26,5,9,7,5,33,6,4,11,2,10,28,25,3,49,2,24,18,5,43,36,7,41,26,15,31,8,23,54,13,41
S01009067,502,58,47,11,83,22,21,25,15,90,12,14,29,7,28,67,55,12,71,2,32,25,12,39,31,8,38,29,9,34,16,18,22,2,20
S01009068,463,25,10,15,52,8,17,15,12,50,10,5,7,2,26,65,54,11,71,1,39,27,4,48,38,10,47,34,13,41,16,25,64,18,46
S01009069,380,32,21,11,74,10,31,23,10,60,9,5,12,5,29,46,38,8,58,3,28,19,8,32,23,9,31,23,8,19,5,14,28,6,22
S01009070,354,30,13,17,39,6,9,12,12,45,5,7,9,2,22,72,60,12,44,0,23,17,4,31,22,9,37,28,9,31,11,20,25,4,21
S01009071,254,27,15,12,32,5,9,13,5,43,5,3,7,1,27,24,20,4,40,5,13,16,6,18,12,6,20,12,8,24,9,15,26,6,20
S01009072,263,36,20,16,41,9,11,9,12,29,6,1,5,2,15,29,23,6,36,0,11,15,10,24,20,4,21,19,2,24,8,16,23,5,18
S01009073,258,14,9,5,20,4,5,7,4,17,2,2,8,1,4,23,20,3,39,1,11,21,6,35,28,7,30,24,6,28,11,17,52,5,47
S01009074,329,10,6,4,32,4,7,7,14,25,2,2,4,4,13,32,25,7,54,2,29,20,3,33,26,7,34,31,3,41,15,26,68,12,56
S01009075,243,18,9,9,24,3,11,4,6,19,1,2,3,3,10,29,22,7,40,6,13,14,7,29,17,12,16,14,2,38,16,22,30,1,29
S01009076,550,37,28,9,70,17,20,16,17,84,14,4,14,7,45,79,68,11,70,0,40,16,14,51,36,15,45,31,14,62,19,43,52,10,42
S01009077,317,21,16,5,41,12,11,10,8,47,14,7,5,0,21,47,38,9,39,7,14,13,5,25,21,4,32,22,10,29,10,19,36,7,29
S01009078,460,46,40,6,109,27,28,26,28,88,14,5,22,3,44,77,69,8,41,0,19,17,5,28,22,6,20,7,13,29,13,16,22,2,20
S01009079,377,22,14,8,32,6,10,12,4,31,7,4,6,3,11,33,27,6,65,3,29,24,9,57,49,8,39,30,9,40,18,22,58,12,46
S01009080,416,34,28,6,34,5,10,13,6,30,8,1,8,2,11,48,36,12,65,2,38,19,6,51,39,12,45,35,10,44,17,27,65,19,46
S01009081,332,27,19,8,50,7,16,14,13,36,8,2,13,1,12,46,39,7,49,1,23,16,9,24,18,6,31,21,10,36,19,17,33,9,24
S01009082,464,28,17,11,52,12,13,12,15,36,7,4,6,4,15,58,54,4,82,4,37,30,11,42,28,14,56,36,20,48,25,23,62,14,48
S01009083,371,32,21,11,40,6,14,10,10,47,6,4,12,2,23,44,40,4,48,2,29,11,6,37,28,9,31,24,7,50,25,25,42,11,31
S01009084,255,28,20,8,40,8,12,10,10,39,6,1,11,4,17,27,18,9,33,8,13,12,0,19,12,7,13,11,2,27,11,16,29,7,22
S01009085,497,44,35,9,92,14,33,25,20,77,10,2,21,2,42,72,62,10,61,1,35,19,6,36,24,12,35,23,12,56,17,39,24,2,22
S01009086,349,21,14,7,34,4,10,9,11,51,8,5,9,2,27,44,39,5,50,3,22,20,5,40,27,13,33,23,10,39,14,25,37,5,32
S01009087,272,9,7,2,14,2,1,6,5,35,5,2,6,1,21,28,25,3,37,3,15,15,4,40,31,9,33,26,7,39,16,23,37,8,29
S01009088,517,73,50,23,85,12,29,25,19,71,2,8,9,11,41,54,43,11,59,11,23,22,3,56,41,15,38,26,12,40,19,21,41,5,36
S01009089,529,79,56,23,120,27,43,23,27,104,20,5,21,6,52,54,45,9,41,0,22,11,8,39,29,10,41,27,14,27,19,8,24,3,21
S01009090,532,80,57,23,155,32,44,39,40,102,19,5,24,6,48,50,45,5,39,2,20,15,2,38,22,16,31,18,13,20,11,9,17,1,16
S01009091,388,63,46,17,115,33,30,16,36,78,20,4,9,5,40,30,21,9,23,2,14,3,4,25,22,3,26,18,8,16,9,7,12,1,11
S01009092,500,53,36,17,86,21,20,24,21,56,17,0,10,5,24,53,44,9,59,2,27,18,12,60,44,16,52,40,12,37,15,22,44,4,40
S01009093,375,26,16,10,27,5,13,5,4,51,7,6,12,5,21,42,36,6,43,1,22,14,6,48,34,14,46,35,11,44,14,30,48,5,43
S01009094,295,37,25,12,78,18,15,26,19,48,8,4,7,3,26,32,26,6,23,0,10,8,5,21,16,5,26,21,5,17,9,8,13,0,13
S01009095,395,45,28,17,89,23,28,19,19,52,5,10,5,7,25,34,29,5,33,4,14,10,5,36,29,7,45,29,16,21,9,12,40,5,35
S01009096,527,71,46,25,127,34,38,28,27,101,11,8,26,4,52,58,52,6,42,2,21,13,6,38,28,10,41,31,10,23,16,7,26,3,23
S01009097,496,47,36,11,114,28,33,28,25,100,20,9,12,8,51,57,49,8,54,4,29,16,5,33,24,9,41,29,12,29,12,17,21,0,21
S01009098,245,26,18,8,63,10,17,24,12,42,9,3,5,4,21,25,23,2,27,0,12,10,5,18,14,4,26,24,2,14,8,6,4,0,4
S01009099,361,33,22,11,50,9,15,11,15,39,9,7,7,2,14,41,37,4,60,1,33,21,5,36,28,8,35,24,11,31,10,21,36,3,33
S01009100,316,21,13,8,24,9,5,4,6,40,11,8,4,1,16,29,26,3,42,2,16,14,10,33,24,9,33,25,8,38,16,22,56,0,56
S01009101,451,20,10,10,31,2,17,7,5,36,9,7,6,6,8,42,36,6,63,4,35,19,5,66,52,14,58,45,13,63,29,34,72,6,66
S01009102,341,10,5,5,17,3,8,1,5,23,5,4,5,0,9,27,25,2,54,1,26,17,10,47,32,15,43,30,13,34,15,19,86,7,79
S01009103,273,25,17,8,36,11,11,11,3,44,13,4,9,0,18,48,32,16,28,1,17,5,5,22,19,3,22,18,4,23,9,14,25,4,21
S01009104,380,28,18,10,39,4,22,10,3,40,12,3,6,1,18,39,32,7,56,2,28,20,6,48,39,9,43,29,14,44,17,27,43,4,39
S01009105,419,39,24,15,54,13,16,11,14,67,9,7,9,5,37,55,47,8,47,2,17,23,5,48,34,14,41,25,16,25,12,13,43,4,39
S01009106,276,13,9,4,27,4,13,5,5,31,9,2,3,2,15,29,22,7,38,3,14,13,8,39,27,12,34,17,17,27,9,18,38,5,33
S01009107,461,40,27,13,79,17,31,15,16,69,13,5,12,4,35,67,57,10,56,2,33,13,8,43,34,9,44,30,14,28,14,14,35,7,28
S01009108,386,31,19,12,56,5,18,16,17,54,12,13,5,4,20,55,49,6,56,0,34,13,9,37,23,14,26,15,11,27,8,19,44,8,36
S01009109,378,30,16,14,72,15,19,23,15,49,6,9,5,2,27,61,45,16,41,0,27,9,5,30,22,8,40,30,10,29,12,17,26,1,25
S01009110,289,10,7,3,42,4,23,8,7,27,7,0,5,0,15,37,33,4,37,3,13,17,4,38,27,11,39,25,14,30,14,16,29,7,22
S01009111,511,44,31,13,92,15,34,23,20,72,14,10,15,5,28,75,58,17,59,0,32,15,12,35,26,9,60,43,17,33,7,26,41,5,36
S01009112,273,36,22,14,55,11,21,8,15,35,10,2,7,3,13,39,27,12,33,1,17,8,7,24,14,10,26,17,9,15,9,6,10,2,8
S01009113,465,51,38,13,66,17,17,14,18,77,16,8,17,1,35,64,57,7,59,1,31,17,10,36,31,5,40,34,6,46,17,29,26,2,24
S01009114,448,39,26,13,60,9,27,13,11,66,12,8,10,1,35,55,48,7,62,3,32,20,7,38,30,8,44,30,14,40,16,24,44,12,32
S01009115,340,15,8,7,60,14,19,12,15,54,13,6,10,5,20,41,34,7,41,0,21,15,5,38,30,8,33,29,4,26,9,17,32,1,31
S01009116,265,24,21,3,41,6,16,9,10,33,6,2,8,1,16,41,31,10,31,2,12,15,2,30,20,10,27,19,8,19,12,7,19,5,14
S01009117,450,25,20,5,52,10,18,10,14,50,10,9,9,4,18,73,64,9,56,0,31,19,6,58,47,11,47,37,10,33,12,21,56,10,46
S01009118,376,32,17,15,58,10,19,18,11,67,16,5,12,1,33,53,47,6,51,3,30,14,4,27,21,6,29,21,8,29,19,10,30,2,28
S01009119,335,8,6,2,22,4,9,5,4,22,5,4,3,1,9,34,32,2,59,0,24,21,14,50,45,5,34,25,9,44,23,21,62,15,47
S01009120,260,4,2,2,24,10,6,4,4,30,10,3,0,0,17,19,17,2,39,2,22,11,4,28,24,4,42,32,10,33,12,21,41,9,32
S01009121,420,23,12,11,30,13,6,4,7,35,7,6,1,3,18,60,50,10,53,3,26,18,6,44,30,14,50,36,14,54,31,23,71,13,58
S01009122,460,51,26,25,57,12,17,12,16,68,8,9,7,6,38,44,33,11,66,21,24,13,8,45,35,10,40,28,12,34,14,20,55,12,43
S01009123,304,48,32,16,60,20,12,14,14,56,10,2,4,6,34,28,20,8,31,0,14,15,2,22,14,8,17,12,5,18,10,8,24,5,19
S01009124,295,23,13,10,33,7,8,8,10,44,10,7,3,4,20,42,34,8,37,1,14,13,9,32,23,9,24,20,4,30,13,17,30,6,24
S01009125,296,19,12,7,40,7,14,11,8,26,4,3,6,4,9,23,21,2,36,2,15,12,7,31,27,4,28,22,6,41,17,24,52,6,46
S01009126,228,12,8,4,6,2,3,0,1,15,1,2,2,2,8,20,19,1,32,3,12,8,9,35,28,7,23,16,7,27,17,10,58,11,47
S01009127,248,13,9,4,13,2,6,1,4,23,4,3,7,1,8,25,19,6,30,0,10,11,9,35,27,8,29,26,3,33,16,17,47,8,39
S01009128,312,12,8,4,15,4,6,0,5,23,5,0,4,2,12,27,22,5,50,0,22,17,11,39,35,4,47,32,15,31,15,16,68,12,56
S01009129,211,10,7,3,9,1,2,1,5,23,7,5,3,2,6,21,19,2,23,2,8,9,4,28,24,4,28,24,4,28,16,12,41,8,33
S01009130,317,24,16,8,37,11,12,4,10,47,8,4,4,4,27,26,18,8,38,0,22,13,3,29,20,9,29,23,6,37,15,22,50,8,42
S01009131,235,14,7,7,20,5,3,6,6,16,4,3,1,1,7,28,23,5,29,2,13,7,7,25,19,6,27,21,6,32,19,13,44,11,33
S01009132,467,49,32,17,83,18,30,18,17,77,21,6,12,8,30,66,55,11,47,0,21,17,9,36,28,8,41,24,17,34,20,14,34,5,29
S01009133,275,19,7,12,12,1,6,2,3,23,7,4,1,4,7,28,21,7,43,3,15,12,13,28,20,8,22,16,6,32,17,15,68,19,49
S01009134,474,42,29,13,60,12,20,11,17,64,8,8,8,9,31,64,55,9,64,1,31,26,6,48,39,9,43,29,14,39,21,18,50,8,42
S01009135,346,24,16,8,64,19,14,16,15,48,8,7,5,5,23,48,44,4,36,0,16,10,10,28,23,5,37,24,13,22,14,8,39,4,35
S01009136,388,53,34,19,68,16,15,13,24,72,12,6,15,5,34,47,39,8,33,0,16,11,6,41,28,13,33,23,10,15,8,7,26,7,19
S01009137,386,57,47,10,88,16,21,26,25,73,18,6,15,4,30,57,45,12,39,1,14,15,9,23,13,10,22,18,4,12,5,7,15,1,14
S01009138,487,48,35,13,101,23,21,22,35,74,17,10,12,5,30,65,54,11,57,1,18,26,12,39,24,15,34,25,9,38,18,20,31,7,24
S01009139,214,10,8,2,20,8,4,5,3,27,8,0,1,4,14,33,29,4,23,2,6,6,9,24,17,7,23,15,8,14,3,11,40,11,29
S01009140,363,23,18,5,44,11,11,14,8,53,18,5,4,4,22,34,32,2,48,0,26,17,5,38,27,11,34,26,8,40,20,20,49,4,45
S01009141,383,32,20,12,40,9,11,11,9,43,8,7,3,1,24,55,46,9,59,1,29,15,14,33,26,7,38,34,4,31,13,18,52,11,41
S01009142,296,20,9,11,30,10,12,5,3,33,10,4,5,1,13,28,23,5,45,2,21,14,8,15,9,6,34,28,6,37,18,19,54,8,46
S01009143,244,13,6,7,10,2,2,3,3,14,5,0,1,2,6,35,30,5,39,4,11,13,11,29,22,7,29,20,9,28,13,15,47,7,40
S01009144,451,33,27,6,85,23,18,19,25,63,18,3,12,1,29,69,59,10,64,0,28,29,7,22,12,10,48,30,18,31,19,12,36,4,32
S01009145,458,19,13,6,39,9,13,12,5,49,13,6,6,4,20,58,45,13,69,2,30,28,9,64,44,20,45,41,4,58,27,31,57,9,48
S01009146,447,24,11,13,40,10,11,8,11,45,12,6,3,5,19,52,48,4,50,3,18,20,9,54,31,23,50,36,14,58,26,32,74,9,65
S01009147,331,13,7,6,23,5,3,12,3,24,10,1,2,0,11,41,36,5,60,2,24,30,4,39,31,8,37,29,8,26,12,14,68,10,58
S01009148,313,20,13,7,12,4,4,2,2,20,5,3,2,1,9,21,18,3,46,1,20,13,12,23,16,7,42,36,6,58,29,29,71,6,65
S01009149,414,39,22,17,59,11,12,19,17,74,17,9,12,8,28,48,43,5,42,1,20,15,6,25,15,10,47,34,13,39,21,18,41,5,36
S01009150,93,9,3,6,5,2,2,0,1,3,0,2,1,0,0,14,11,3,9,0,7,2,0,9,9,0,10,8,2,12,4,8,22,1,21
S01009151,341,33,21,12,81,17,14,30,20,35,4,2,4,4,21,48,38,10,31,2,9,9,11,27,19,8,34,23,11,25,17,8,27,3,24
S01009152,291,15,11,4,36,11,5,10,10,28,9,2,1,4,12,43,40,3,39,2,15,16,6,26,14,12,28,15,13,27,17,10,49,8,41
S01009153,277,19,2,17,49,14,15,7,13,52,13,3,7,8,21,35,30,5,32,1,17,10,4,19,13,6,30,23,7,16,6,10,25,3,22
S01009154,460,68,38,30,114,30,25,28,31,65,11,5,6,9,34,57,43,14,45,0,18,20,7,28,21,7,33,24,9,27,11,16,23,0,23
S01009155,259,37,27,10,70,11,14,22,23,56,9,5,6,6,30,23,16,7,18,0,7,7,4,14,11,3,19,17,2,8,5,3,14,1,13
S01009156,259,26,18,8,84,19,19,16,30,41,4,4,4,4,25,31,27,4,19,0,9,7,3,18,11,7,19,13,6,8,4,4,13,1,12
S01009157,401,19,11,8,54,9,23,8,14,43,4,8,10,2,19,40,32,8,58,2,27,17,12,52,38,14,47,35,12,36,19,17,52,14,38
S01009158,265,14,7,7,32,10,10,8,4,45,7,5,7,7,19,38,34,4,27,1,14,9,3,28,22,6,30,20,10,23,13,10,28,5,23
S01009159,194,6,3,3,7,3,2,0,2,17,4,3,0,1,9,17,13,4,24,1,9,7,7,35,30,5,24,22,2,20,4,16,44,5,39
S01009160,303,19,11,8,21,7,7,4,3,28,3,4,10,4,7,30,28,2,43,1,18,13,11,27,19,8,28,24,4,40,21,19,67,10,57
S01009161,248,11,3,8,18,5,6,1,6,18,0,4,2,2,10,18,15,3,23,1,12,3,7,47,38,9,27,25,2,33,15,18,53,6,47
S01009162,335,21,11,10,24,4,6,5,9,47,10,5,5,1,26,33,23,10,42,1,17,15,9,45,30,15,32,23,9,34,18,16,57,7,50
S01009163,226,17,11,6,43,10,12,9,12,26,8,3,3,7,5,22,18,4,22,1,14,3,4,32,22,10,19,16,3,17,9,8,28,6,22
S01009164,345,23,14,9,13,3,5,1,4,33,9,5,7,1,11,31,26,5,52,2,24,17,9,48,38,10,48,39,9,35,13,22,62,7,55
S01009165,299,21,16,5,22,8,6,4,4,21,5,3,2,2,9,27,22,5,42,3,15,13,11,40,36,4,40,31,9,31,11,20,55,3,52
S01009166,341,10,7,3,22,3,13,4,2,24,4,8,4,0,8,23,17,6,53,3,21,17,12,41,32,9,42,31,11,33,12,21,93,9,84
S01009167,239,15,6,9,9,1,5,2,1,19,5,1,4,1,8,17,16,1,38,3,15,14,6,28,23,5,28,21,7,24,10,14,61,10,51
S01009168,319,29,22,7,55,14,11,18,12,53,17,3,2,3,28,40,34,6,38,0,20,13,5,24,11,13,32,24,8,22,13,9,26,3,23
S01009169,256,11,5,6,32,6,11,8,7,23,5,7,2,0,9,28,20,8,29,0,16,9,4,37,26,11,30,24,6,29,14,15,37,5,32
S01009170,323,14,10,4,29,8,11,3,7,29,10,3,6,3,7,30,22,8,36,0,13,16,7,37,29,8,39,27,12,42,16,26,67,8,59
S01009171,334,19,10,9,24,8,8,2,6,36,7,4,3,3,19,36,29,7,56,3,29,11,13,39,28,11,27,22,5,44,13,31,53,12,41
S01009172,348,43,32,11,114,21,19,39,35,70,13,6,8,6,37,42,32,10,15,0,8,6,1,18,11,7,15,11,4,9,3,6,22,7,15
S01009173,429,55,37,18,93,20,17,24,32,68,12,4,5,14,33,54,34,20,36,0,21,9,6,32,19,13,47,32,15,27,16,11,17,2,15
S01009174,291,49,38,11,74,21,13,20,20,53,10,5,14,2,22,33,27,6,22,1,9,8,4,16,8,8,16,14,2,14,8,6,14,1,13
S01009175,514,70,49,21,146,39,40,30,37,73,14,4,11,6,38,79,69,10,33,1,18,12,2,30,18,12,43,31,12,23,12,11,17,1,16
S01009176,474,61,50,11,126,24,25,38,39,90,21,8,12,2,47,59,49,10,47,13,21,11,2,28,19,9,30,23,7,17,8,9,16,3,13
S01009177,387,23,11,12,24,6,5,7,6,42,9,4,8,2,19,49,39,10,67,6,20,30,11,39,24,15,43,31,12,44,14,30,56,10,46
S01009178,330,22,13,9,22,5,11,5,1,24,7,5,5,0,7,33,28,5,52,2,15,26,9,43,25,18,42,33,9,29,13,16,63,5,58
S01009179,324,12,6,6,28,5,11,4,8,40,9,6,9,2,14,48,39,9,37,0,15,14,8,40,32,8,38,30,8,27,11,16,54,6,48
S01009180,467,18,10,8,29,9,8,6,6,41,13,4,7,4,13,57,45,12,75,2,45,17,11,63,44,19,57,45,12,43,11,32,84,9,75
S01009181,408,23,10,13,22,9,7,3,3,38,8,7,4,3,16,37,31,6,69,7,25,26,11,57,41,16,37,28,9,45,13,32,80,15,65
S01009182,536,45,22,23,68,15,17,21,15,92,17,11,23,12,29,61,50,11,67,1,27,27,12,53,33,20,41,32,9,51,27,24,58,10,48
S01009183,459,39,27,12,74,16,25,19,14,79,18,6,20,5,30,62,47,15,63,3,32,19,9,40,26,14,39,28,11,32,17,15,31,3,28
S01009184,356,27,20,7,41,8,9,6,18,33,5,6,3,6,13,35,28,7,69,15,14,33,7,37,32,5,35,24,11,40,13,27,39,14,25
S01009185,399,26,15,11,36,6,6,7,17,39,4,9,4,5,17,49,35,14,59,10,17,21,11,47,37,10,34,27,7,50,17,33,59,13,46
S01009186,388,27,13,14,46,12,14,8,12,53,11,7,10,3,22,34,26,8,66,2,21,33,10,43,31,12,36,24,12,39,15,24,44,7,37
S01009187,251,38,18,20,46,13,12,9,12,39,5,3,2,5,24,29,21,8,30,12,11,3,4,15,15,0,12,8,4,20,9,11,22,1,21
S01009188,434,41,28,13,61,13,9,20,19,32,3,5,4,3,17,47,32,15,72,18,31,17,6,32,29,3,50,38,12,62,25,37,37,5,32
S01009189,329,13,9,4,21,8,6,2,5,27,8,3,2,5,9,33,25,8,49,7,14,18,10,37,24,13,34,31,3,56,24,32,59,9,50
S01009190,478,43,24,19,86,24,18,21,23,93,18,9,14,8,44,77,56,21,59,3,23,24,9,32,19,13,34,28,6,25,12,13,29,7,22
S01009191,415,61,52,9,100,26,27,27,20,80,15,5,12,4,44,42,34,8,25,1,16,7,1,34,23,11,38,25,13,24,12,12,11,0,11
S01009192,356,32,24,8,47,12,12,15,8,51,7,7,16,1,20,29,23,6,65,4,18,31,12,33,27,6,34,27,7,27,10,17,38,6,32
S01009193,199,24,19,5,31,9,7,9,6,48,11,3,9,3,22,28,23,5,16,1,8,3,4,10,6,4,18,13,5,16,9,7,8,2,6
S01009194,422,55,34,21,86,25,24,20,17,63,18,6,7,5,27,51,43,8,57,2,31,15,9,36,24,12,35,29,6,19,11,8,20,2,18
S01009195,498,55,44,11,127,49,28,24,26,94,12,7,16,4,55,71,62,9,38,2,10,16,10,31,23,8,31,21,10,27,10,17,24,1,23
S01009196,330,19,14,5,43,16,7,8,12,49,6,6,6,7,24,35,27,8,47,3,17,17,10,36,25,11,36,28,8,33,13,20,32,5,27
S01009197,546,53,35,18,147,36,33,34,44,107,21,6,16,5,59,66,54,12,49,2,23,17,7,41,31,10,29,21,8,28,7,21,26,3,23
S01009198,388,32,19,13,81,24,15,22,20,61,16,7,9,8,21,49,38,11,44,2,21,16,5,37,23,14,34,23,11,24,12,12,26,2,24
S01009199,328,39,24,15,62,14,19,16,13,49,13,7,6,2,21,53,45,8,33,1,15,16,1,21,17,4,28,20,8,23,11,12,20,3,17
S01009200,549,57,42,15,135,43,30,24,38,92,17,6,18,4,47,63,53,10,48,4,20,16,8,35,26,9,45,32,13,40,13,27,34,5,29
S01009201,323,17,4,13,31,8,15,1,7,31,3,5,6,3,14,38,29,9,40,0,17,16,7,37,26,11,42,29,13,42,22,20,45,8,37
S01009202,282,29,20,9,50,12,17,7,14,58,12,7,12,5,22,31,20,11,32,0,16,10,6,16,10,6,25,20,5,24,9,15,17,3,14
S01009203,223,7,3,4,21,3,4,6,8,23,3,4,2,3,11,21,16,5,35,5,14,10,6,36,33,3,16,14,2,22,10,12,42,8,34
S01009204,435,28,18,10,56,15,18,14,9,60,14,5,7,5,29,53,47,6,43,2,19,14,8,38,24,14,41,32,9,48,17,31,68,7,61
S01009205,453,30,18,12,77,18,12,22,25,81,18,7,14,9,33,74,62,12,54,2,22,20,10,38,32,6,38,27,11,30,6,24,31,4,27
S01009206,492,51,42,9,85,21,22,21,21,89,19,6,15,3,46,77,67,10,44,1,24,13,6,34,25,9,49,32,17,35,19,16,28,3,25
S01009207,390,23,18,5,72,16,14,17,25,67,12,4,4,4,43,65,51,14,42,2,22,13,5,26,20,6,37,25,12,31,12,19,27,1,26
S01009208,279,20,10,10,56,9,14,10,23,41,9,3,6,3,20,41,29,12,20,1,9,6,4,28,20,8,24,19,5,18,12,6,31,2,29
S01009209,287,21,18,3,59,14,11,18,16,63,13,4,7,5,34,40,29,11,29,0,16,6,7,21,13,8,18,10,8,16,11,5,20,1,19
S01009210,299,49,26,23,59,8,10,14,27,47,11,2,5,3,26,50,42,8,22,5,7,8,2,12,8,4,26,16,10,14,7,7,20,1,19
S01009211,312,23,17,6,27,10,5,5,7,49,7,6,6,6,24,46,37,9,52,3,22,20,7,31,25,6,15,13,2,33,19,14,36,5,31
S01009212,359,23,13,10,17,3,5,6,3,29,7,7,6,2,7,36,30,6,61,6,18,29,8,49,41,8,40,29,11,47,23,24,57,7,50
S01009213,411,25,15,10,32,9,12,3,8,38,12,7,8,0,11,43,41,2,74,1,32,30,11,59,35,24,38,31,7,40,20,20,62,10,52
S01009214,519,42,27,15,86,26,21,19,20,94,21,9,10,6,48,86,76,10,49,1,18,23,7,43,33,10,45,29,16,29,16,13,45,6,39
S01009215,430,25,16,9,44,9,11,14,10,42,11,4,1,3,23,50,43,7,63,2,24,21,16,60,45,15,43,38,5,36,11,25,67,8,59
S01009216,448,27,12,15,32,2,13,9,8,39,10,4,6,3,16,53,44,9,78,3,31,32,12,42,30,12,64,51,13,56,19,37,57,7,50
S01009217,252,12,3,9,21,7,9,3,2,17,4,1,2,4,6,26,24,2,41,3,13,19,6,49,39,10,16,11,5,26,13,13,44,4,40
S01009218,375,28,19,9,39,11,11,4,13,57,17,6,14,9,11,52,41,11,59,1,25,19,14,36,30,6,38,29,9,28,11,17,38,9,29
S01009219,288,11,9,2,20,3,10,3,4,33,13,4,4,3,9,35,29,6,41,3,14,15,9,26,18,8,44,31,13,34,15,19,44,7,37
S01009220,221,14,8,6,16,5,5,4,2,21,5,1,2,1,12,35,33,2,20,0,9,10,1,21,13,8,35,29,6,22,13,9,37,9,28
S01009221,257,16,9,7,12,3,4,4,1,18,1,4,4,3,6,30,27,3,37,1,18,12,6,30,20,10,25,17,8,32,17,15,57,13,44
S01009222,235,6,4,2,16,4,5,3,4,18,6,1,2,1,8,21,18,3,30,1,9,13,7,31,24,7,28,27,1,35,17,18,50,7,43
S01009223,261,14,6,8,19,3,6,5,5,30,8,6,5,0,11,31,28,3,26,1,9,11,5,26,19,7,30,26,4,42,14,28,43,8,35
S01009224,284,8,6,2,15,4,4,4,3,26,6,2,4,3,11,43,33,10,35,4,11,13,7,28,25,3,28,23,5,47,20,27,54,8,46
S01009225,259,14,8,6,15,2,6,4,3,25,10,4,1,2,8,26,22,4,44,3,18,16,7,29,20,9,30,23,7,35,16,19,41,7,34
S01009226,401,19,14,5,30,9,10,3,8,50,15,7,8,2,18,58,51,7,42,2,15,17,8,48,30,18,31,24,7,52,23,29,71,13,58
S01009227,260,13,11,2,17,3,6,7,1,21,3,3,3,1,11,42,40,2,34,2,21,8,3,32,26,6,35,24,11,28,12,16,38,4,34
S01009228,236,7,5,2,10,3,3,2,2,29,8,3,5,1,12,23,22,1,27,3,12,8,4,28,23,5,28,23,5,43,14,29,41,3,38
S01009229,275,18,11,7,23,5,5,8,5,39,7,6,6,1,19,48,37,11,27,1,17,7,2,21,17,4,32,24,8,34,19,15,33,3,30
S01009230,347,23,13,10,35,4,10,13,8,44,14,3,7,3,17,63,51,12,43,2,21,16,4,30,22,8,34,22,12,39,18,21,36,5,31
S01009231,493,37,22,15,58,13,22,7,16,72,18,6,10,9,29,88,79,9,66,2,31,25,8,45,32,13,38,31,7,36,21,15,53,9,44
S01009232,221,13,8,5,13,4,5,2,2,16,5,3,5,0,3,28,21,7,23,1,5,10,7,21,13,8,31,23,8,32,17,15,44,13,31
S01009233,231,6,4,2,19,3,5,5,6,28,9,3,3,2,11,24,20,4,34,0,22,10,2,20,16,4,25,20,5,27,11,16,48,8,40
S01009234,394,13,7,6,17,6,4,1,6,28,5,2,8,4,9,49,38,11,45,3,19,9,14,35,25,10,50,34,16,64,33,31,93,16,77
S01009235,423,22,16,6,28,7,5,4,12,39,10,3,8,1,17,47,42,5,48,2,17,21,8,39,30,9,51,42,9,52,28,24,97,24,73
S01009236,215,17,13,4,31,9,7,10,5,31,10,4,5,3,9,28,26,2,20,0,10,9,1,20,16,4,22,16,6,16,11,5,30,5,25
S01009237,438,48,25,23,60,7,11,20,22,79,22,1,11,9,36,63,52,11,51,0,34,11,6,39,28,11,36,26,10,35,27,8,27,1,26
S01009238,308,21,9,12,18,8,4,3,3,26,7,3,2,1,13,47,38,9,32,2,18,8,4,24,15,9,40,30,10,47,28,19,53,3,50
S01009239,441,25,19,6,26,3,6,8,9,42,9,3,9,3,18,47,38,9,50,1,28,13,8,54,35,19,58,48,10,55,34,21,84,6,78
S01009240,254,8,6,2,15,2,5,3,5,16,6,1,1,3,5,24,23,1,30,2,17,9,2,26,17,9,39,29,10,45,28,17,51,9,42
S01009241,356,19,9,10,12,4,2,5,1,41,7,6,5,4,19,40,34,6,42,2,18,13,9,36,26,10,37,31,6,57,25,32,72,10,62
S01009242,369,24,19,5,33,12,7,7,7,51,12,9,11,1,18,44,35,9,51,3,26,11,11,41,27,14,43,37,6,42,24,18,40,2,38
S01009243,502,24,16,8,38,14,13,2,9,57,16,8,5,4,24,63,53,10,74,4,37,19,14,46,33,13,54,40,14,70,46,24,76,14,62
S01009244,421,38,24,14,51,16,10,12,13,69,15,2,6,5,41,69,49,20,57,14,26,13,4,29,20,9,26,18,8,50,33,17,32,6,26
S01009245,434,38,28,10,57,15,15,9,18,69,14,8,7,8,32,71,55,16,45,3,19,14,9,39,33,6,33,21,12,38,17,21,44,5,39
S01009246,384,19,11,8,19,6,3,7,3,44,14,4,3,0,23,40,33,7,57,1,20,24,12,37,30,7,37,26,11,72,47,25,59,12,47
S01009247,519,34,26,8,40,15,7,6,12,41,16,0,3,10,12,51,43,8,68,2,26,28,12,65,47,18,63,48,15,79,51,28,78,17,61
S01009248,335,25,16,9,38,10,8,13,7,34,12,2,4,5,11,49,39,10,43,2,21,16,4,36,24,12,37,30,7,41,24,17,32,3,29
S01009249,379,21,13,8,25,9,9,4,3,35,9,3,6,7,10,30,27,3,54,1,17,24,12,43,29,14,42,33,9,60,30,30,69,11,58
S01009250,305,20,14,6,20,7,7,2,4,29,8,1,5,3,12,38,28,10,45,1,18,18,8,26,18,8,27,21,6,44,29,15,56,10,46
S01009251,263,19,12,7,33,7,6,9,11,35,9,1,3,1,21,32,25,7,22,2,8,9,3,25,17,8,26,23,3,36,17,19,35,3,32
S01009252,283,34,28,6,54,20,12,7,15,48,13,1,5,4,25,44,34,10,26,1,12,9,4,20,10,10,24,19,5,14,10,4,19,2,17
S01009253,169,6,4,2,6,2,0,3,1,18,4,2,1,1,10,20,16,4,25,1,7,11,6,21,18,3,19,16,3,27,18,9,27,10,17
S01009254,315,16,13,3,21,5,4,2,10,24,3,2,5,2,12,29,25,4,37,2,15,13,7,33,20,13,22,21,1,69,45,24,64,11,53
S01009255,360,27,19,8,41,14,9,10,8,39,9,1,6,5,18,37,31,6,38,1,15,7,15,25,19,6,27,19,8,78,56,22,48,16,32
S01009256,219,30,19,11,29,3,10,11,5,29,5,1,2,3,18,29,26,3,28,2,16,7,3,20,12,8,13,8,5,25,16,9,16,4,12
S01009257,340,35,17,18,39,17,7,6,9,49,12,4,6,4,23,29,21,8,44,1,20,13,10,33,18,15,26,17,9,50,29,21,35,2,33
S01009258,322,32,16,16,61,20,12,11,18,60,5,11,9,2,33,43,29,14,50,22,13,8,7,19,15,4,9,6,3,23,10,13,25,4,21
S01009259,501,78,56,22,84,29,9,17,29,87,22,4,4,12,45,53,42,11,44,1,22,14,7,30,19,11,40,28,12,44,33,11,41,10,31
S01009260,645,53,33,20,75,20,19,17,19,76,15,6,14,5,36,77,62,15,72,5,34,26,7,79,48,31,38,25,13,101,70,31,74,18,56
S01009261,315,24,19,5,37,7,5,11,14,23,6,1,6,0,10,33,30,3,48,2,17,15,14,16,9,7,30,23,7,48,36,12,56,17,39
S01009262,230,9,6,3,11,4,3,0,4,20,5,2,1,0,12,24,20,4,23,1,9,9,4,24,17,7,14,8,6,49,36,13,56,7,49
S01009263,512,58,46,12,125,36,20,29,40,102,17,9,13,13,50,58,45,13,38,4,16,14,4,31,13,18,29,20,9,36,24,12,35,10,25
S01009264,262,26,14,12,33,14,5,9,5,38,8,2,4,4,20,35,26,9,28,8,11,6,3,20,15,5,27,21,6,28,9,19,27,4,23
S01009265,377,28,14,14,43,10,11,13,9,47,10,8,8,5,16,39,26,13,41,0,21,11,9,44,33,11,45,33,12,42,23,19,48,13,35
S01009266,363,30,18,12,34,8,11,10,5,37,5,1,9,7,15,32,25,7,53,2,31,16,4,44,33,11,31,25,6,53,26,27,49,12,37
S01009267,389,23,14,9,56,15,13,15,13,47,7,4,7,3,26,40,37,3,54,3,23,16,12,51,39,12,36,27,9,39,17,22,43,7,36
S01009268,462,42,30,12,51,7,17,15,12,56,10,8,10,2,26,32,26,6,70,14,25,25,6,57,40,17,47,28,19,49,15,34,58,7,51
S01009269,353,25,19,6,18,4,5,4,5,30,5,7,9,4,5,25,22,3,56,4,28,19,5,38,27,11,41,26,15,46,24,22,74,16,58
S01009270,239,13,9,4,11,5,4,1,1,18,4,3,5,2,4,20,18,2,44,1,13,24,6,32,26,6,31,21,10,25,12,13,45,10,35
S01009271,493,37,25,12,73,18,15,17,23,91,20,6,21,5,39,58,44,14,75,6,43,17,9,43,35,8,49,36,13,33,11,22,34,7,27
S01009272,317,8,6,2,16,3,8,2,3,21,8,4,2,1,6,28,21,7,53,6,20,19,8,47,35,12,42,28,14,38,14,24,64,13,51
S01009273,229,31,23,8,50,15,10,16,9,31,8,3,5,2,13,32,21,11,31,2,15,11,3,25,17,8,11,10,1,12,6,6,6,0,6
S01009274,277,23,17,6,52,12,10,16,14,36,4,4,10,3,15,24,16,8,35,6,16,10,3,36,31,5,20,12,8,22,7,15,29,8,21
S01009275,305,30,21,9,46,15,8,8,15,41,4,6,9,1,21,20,17,3,58,20,21,16,1,25,21,4,23,11,12,19,7,12,43,15,28
S01009276,415,43,30,13,65,15,18,17,15,75,11,9,17,3,35,43,33,10,47,2,21,15,9,43,36,7,37,20,17,33,10,23,29,1,28
S01009277,288,41,23,18,66,13,12,23,18,36,4,3,6,3,20,38,28,10,42,20,14,6,2,20,12,8,15,11,4,14,5,9,16,2,14
S01009278,300,40,26,14,76,20,14,21,21,56,7,8,5,1,35,35,31,4,36,1,14,14,7,11,8,3,18,10,8,8,6,2,20,4,16
S01009279,290,36,25,11,44,10,6,13,15,46,5,7,9,5,20,23,19,4,40,6,12,20,2,27,19,8,21,13,8,26,5,21,27,5,22
S01009280,290,12,5,7,8,3,2,2,1,23,7,5,5,3,3,34,24,10,50,2,23,18,7,36,25,11,39,30,9,45,29,16,43,13,30
S01009281,288,15,10,5,24,7,7,6,4,25,2,1,8,3,11,28,21,7,42,1,22,15,4,36,29,7,29,18,11,38,20,18,51,10,41
S01009282,353,39,24,15,84,14,23,23,24,50,5,4,10,8,23,37,27,10,47,12,15,13,7,34,21,13,18,12,6,15,8,7,29,4,25
S01009283,262,27,20,7,52,9,18,11,14,36,11,3,5,1,16,25,21,4,27,8,8,7,4,23,12,11,31,20,11,21,8,13,20,5,15
S01009284,457,60,41,19,96,16,24,24,32,62,8,4,7,5,38,61,50,11,49,3,18,21,7,33,27,6,47,34,13,20,7,13,29,3,26
S01009285,479,31,19,12,53,16,15,10,12,73,8,5,18,5,37,65,55,10,58,1,32,17,8,60,45,15,73,53,20,30,9,21,36,5,31
S01009286,388,43,24,19,69,16,14,16,23,63,14,7,9,6,27,46,32,14,46,1,25,16,4,35,26,9,34,21,13,21,9,12,31,2,29
S01009287,326,43,21,22,103,25,16,31,31,54,6,2,12,3,31,42,30,12,19,4,4,6,5,17,14,3,24,11,13,10,7,3,14,0,14
S01009288,355,64,39,25,101,24,22,23,32,49,10,10,2,5,22,39,31,8,28,7,8,4,9,19,13,6,19,11,8,11,4,7,25,4,21
S01009289,429,44,33,11,98,24,22,20,32,62,7,4,9,10,32,73,58,15,56,10,26,12,8,28,23,5,25,20,5,28,11,17,15,5,10
S01009290,283,37,24,13,68,16,18,17,17,52,10,1,14,1,26,54,42,12,26,1,11,11,3,13,8,5,13,7,6,9,4,5,11,0,11
S01009291,523,45,30,15,86,27,15,26,18,77,16,4,16,6,35,93,70,23,68,1,32,24,11,51,35,16,47,36,11,24,10,14,32,3,29
S01009292,237,11,9,2,13,3,7,3,0,19,3,4,3,2,7,26,18,8,39,4,13,16,6,31,26,5,30,22,8,21,8,13,47,7,40
S01009293,389,57,33,24,66,18,14,16,18,46,5,3,12,5,21,51,41,10,46,3,22,16,5,48,33,15,34,27,7,13,7,6,28,6,22
S01009294,258,39,25,14,65,14,17,18,16,29,5,4,3,1,16,29,25,4,33,1,19,11,2,27,17,10,19,12,7,8,6,2,9,1,8
S01009295,358,25,19,6,75,14,23,17,21,51,10,10,5,6,20,58,42,16,53,0,33,16,4,22,14,8,31,18,13,17,4,13,26,4,22
S01009296,303,25,12,13,44,8,14,14,8,55,5,7,13,6,24,34,30,4,40,2,22,16,0,19,13,6,37,26,11,23,8,15,26,2,24
S01009297,486,56,39,17,138,24,18,39,57,68,8,4,14,6,36,57,45,12,41,2,18,13,8,35,23,12,48,39,9,22,9,13,21,3,18
S01009298,442,24,15,9,63,12,18,17,16,41,10,8,7,3,13,47,39,8,45,3,28,12,2,62,48,14,61,56,5,37,18,19,62,6,56
S01009299,510,59,33,26,106,24,30,26,26,89,13,11,11,6,48,58,48,10,45,5,15,18,7,51,37,14,48,31,17,21,11,10,33,2,31
S01009300,281,17,14,3,54,22,12,14,6,44,7,3,5,6,23,31,23,8,39,1,14,13,11,28,19,9,34,20,14,9,5,4,25,6,19
S01009301,426,25,18,7,62,11,22,9,20,59,12,6,6,7,28,48,39,9,56,4,26,21,5,42,28,14,58,30,28,26,13,13,50,5,45
S01009302,370,14,12,2,41,9,15,8,9,35,7,3,2,4,19,15,13,2,40,0,18,12,10,53,44,9,67,44,23,41,20,21,64,10,54
S01009303,359,50,40,10,86,25,24,22,15,63,8,10,6,10,29,41,32,9,26,1,9,10,6,23,19,4,32,21,11,11,6,5,27,3,24
S01009304,471,37,24,13,58,15,17,13,13,65,11,7,8,4,35,49,39,10,59,4,28,16,11,59,44,15,56,37,19,35,18,17,53,5,48
S01009305,368,26,19,7,64,16,11,20,17,71,14,6,12,8,31,48,40,8,37,1,22,12,2,29,20,9,33,25,8,18,7,11,42,4,38
S01009306,570,40,27,13,102,29,19,32,22,94,17,9,11,10,47,50,42,8,67,1,25,20,21,61,44,17,64,34,30,33,21,12,59,4,55
S01009307,549,45,19,26,124,29,24,39,32,110,18,14,15,14,49,54,39,15,44,3,13,17,11,35,23,12,62,27,35,23,8,15,52,5,47
S01009308,283,31,22,9,59,18,16,12,13,34,7,3,4,7,13,33,29,4,25,1,10,9,5,26,18,8,28,17,11,14,8,6,33,5,28
S01009309,438,37,26,11,121,32,22,32,35,61,15,4,5,9,28,53,45,8,39,4,17,12,6,32,21,11,47,24,23,17,12,5,31,0,31
S01009310,466,52,32,20,115,26,26,32,31,76,14,8,11,7,36,61,47,14,51,2,28,10,11,27,16,11,36,29,7,21,10,11,27,4,23
S01009311,294,20,11,9,26,9,8,2,7,29,3,8,5,0,13,22,19,3,39,4,18,11,6,35,28,7,48,36,12,24,13,11,51,9,42
S01009312,397,37,24,13,81,21,16,20,24,62,14,8,9,3,28,49,34,15,37,3,15,11,8,37,27,10,42,24,18,19,11,8,33,3,30
S01009313,247,11,6,5,20,5,4,8,3,37,7,5,6,3,16,34,31,3,28,1,9,15,3,30,17,13,32,23,9,14,4,10,41,9,32
S01009314,333,29,17,12,75,17,9,30,19,23,3,0,3,1,16,46,38,8,29,1,16,7,5,32,25,7,47,36,11,21,10,11,31,1,30
S01009315,285,17,10,7,31,6,12,5,8,23,8,0,2,2,11,32,24,8,44,4,16,17,7,27,17,10,48,29,19,25,14,11,38,1,37
S01009316,405,50,39,11,128,31,29,31,37,73,14,7,9,6,37,37,31,6,25,0,12,11,2,24,20,4,30,22,8,13,10,3,25,1,24
S01009317,441,41,28,13,108,29,21,35,23,52,11,6,4,0,31,58,45,13,53,1,27,19,6,39,23,16,48,22,26,17,9,8,25,1,24
S01009318,341,39,28,11,100,20,25,28,27,60,6,2,13,4,35,41,28,13,17,1,9,6,1,26,15,11,28,25,3,12,9,3,18,0,18
S01009319,387,32,22,10,86,21,20,23,22,76,15,6,11,7,37,60,51,9,31,1,16,9,5,35,25,10,29,17,12,17,8,9,21,1,20
S01009320,318,24,20,4,65,14,17,12,22,45,7,2,4,3,29,45,36,9,41,5,17,11,8,34,24,10,24,12,12,15,6,9,25,0,25
S01009321,316,38,27,11,67,18,13,21,15,57,5,7,10,2,33,36,26,10,27,0,15,7,5,20,15,5,31,26,5,13,8,5,27,3,24
S01009322,384,30,20,10,58,11,15,14,18,57,14,8,9,5,21,53,43,10,47,1,13,24,9,35,27,8,35,19,16,35,16,19,34,2,32
S01009323,296,16,8,8,35,7,12,6,10,42,4,3,5,4,26,40,29,11,31,1,17,11,2,29,23,6,41,27,14,28,12,16,34,8,26
S01009324,272,11,11,0,29,11,3,11,4,44,6,5,10,8,15,28,24,4,39,1,15,15,8,29,21,8,33,22,11,28,11,17,31,0,31
S01009325,412,33,26,7,91,22,25,19,25,83,14,8,16,4,41,56,44,12,39,4,19,13,3,39,30,9,25,15,10,20,8,12,26,0,26
S01009326,306,29,21,8,60,13,18,12,17,57,6,7,6,2,36,44,35,9,29,0,14,10,5,27,21,6,25,16,9,9,3,6,26,2,24
S01009327,240,22,13,9,56,14,16,13,13,39,10,2,6,2,19,23,17,6,22,2,6,12,2,25,21,4,20,12,8,10,6,4,23,2,21
S01009328,421,50,35,15,109,24,24,17,44,94,7,5,20,4,58,50,40,10,40,0,17,15,8,19,9,10,31,16,15,14,6,8,14,1,13
S01009329,284,28,13,15,59,17,12,15,15,64,5,1,18,7,33,37,30,7,24,0,9,10,5,18,8,10,30,17,13,8,2,6,16,0,16
S01009330,252,24,15,9,44,2,11,14,17,42,5,5,9,3,20,28,20,8,20,2,7,9,2,23,14,9,32,24,8,12,10,2,27,2,25
S01009331,324,40,30,10,89,17,18,18,36,51,5,2,13,2,29,46,30,16,26,0,12,10,4,23,13,10,23,12,11,13,4,9,13,0,13
S01009332,451,49,32,17,105,25,27,33,20,85,14,6,11,8,46,53,45,8,36,3,14,18,1,45,32,13,33,15,18,19,9,10,26,2,24
S01009333,363,22,12,10,28,5,12,3,8,41,5,4,6,3,23,33,28,5,45,0,18,20,7,44,30,14,60,31,29,33,9,24,57,1,56
S01009334,238,14,11,3,18,7,5,2,4,25,8,2,3,3,9,24,17,7,29,3,10,11,5,41,32,9,22,18,4,26,6,20,39,4,35
S01009335,347,21,10,11,29,6,8,11,4,25,6,6,2,2,9,46,36,10,46,4,11,20,11,38,25,13,45,35,10,31,8,23,66,2,64
S01009336,235,10,6,4,11,2,5,1,3,26,6,2,4,4,10,19,17,2,34,3,18,5,8,33,28,5,43,31,12,18,7,11,41,3,38
S01009337,292,10,7,3,19,2,4,7,6,35,8,6,4,1,16,33,29,4,36,2,12,16,6,35,31,4,49,32,17,27,11,16,48,4,44
S01009338,271,14,11,3,15,6,3,2,4,21,5,2,1,4,9,25,20,5,24,1,12,3,8,22,13,9,56,37,19,33,9,24,61,6,55
S01009339,318,18,7,11,12,3,4,1,4,25,7,2,2,4,10,22,15,7,47,2,15,18,12,32,19,13,48,35,13,35,16,19,79,12,67
S01009340,266,7,5,2,16,3,6,7,0,16,2,1,2,4,7,23,23,0,36,2,14,12,8,45,34,11,29,24,5,32,9,23,62,4,58
S01009341,258,10,7,3,18,7,4,3,4,16,2,2,6,0,6,20,15,5,38,1,13,17,7,31,19,12,48,24,24,30,12,18,47,3,44
S01009342,349,23,9,14,31,9,8,9,5,27,4,8,4,2,9,36,30,6,50,2,21,16,11,43,33,10,59,28,31,27,10,17,53,5,48
S01009343,298,16,12,4,23,5,6,4,8,37,9,2,4,2,20,43,35,8,34,2,9,18,5,34,28,6,44,29,15,27,13,14,40,2,38
S01009344,276,15,8,7,14,6,5,1,2,24,8,1,4,1,10,29,27,2,38,0,15,17,6,37,25,12,44,33,11,28,11,17,47,5,42
S01009345,475,35,20,15,52,12,17,8,15,50,10,2,15,2,21,53,41,12,63,1,29,22,11,53,38,15,66,39,27,40,11,29,63,8,55
S01009346,402,59,36,23,103,31,25,22,25,94,8,2,14,4,66,34,30,4,34,3,15,11,5,24,18,6,27,13,14,15,6,9,12,2,10
S01009347,370,64,52,12,101,24,25,19,33,82,10,5,10,5,52,36,27,9,20,0,11,5,4,19,11,8,28,19,9,9,4,5,11,1,10
S01009348,293,30,21,9,66,18,16,11,21,60,7,6,11,8,28,36,33,3,28,0,15,9,4,20,12,8,30,16,14,9,3,6,14,0,14
S01009349,461,53,38,15,119,25,32,22,40,97,18,7,19,3,50,64,53,11,38,2,14,17,5,25,20,5,28,16,12,15,5,10,22,3,19
S01009350,349,49,36,13,54,20,10,10,14,73,11,4,18,2,38,29,23,6,25,2,10,8,5,27,20,7,42,22,20,22,6,16,28,4,24
S01009351,333,40,31,9,80,23,20,18,19,59,11,0,11,5,32,42,35,7,25,0,15,4,6,23,13,10,27,17,10,12,3,9,25,2,23
S01009352,475,67,48,19,145,49,27,34,35,101,12,8,17,9,55,44,38,6,31,0,15,15,1,28,15,13,25,16,9,17,8,9,17,2,15
S01009353,235,22,12,10,59,16,13,12,18,48,2,3,7,3,33,26,23,3,23,2,10,9,2,15,12,3,25,11,14,9,6,3,8,1,7
S01009354,514,63,34,29,134,35,35,26,38,109,13,2,24,7,63,68,52,16,41,2,21,15,3,21,14,7,41,27,14,17,9,8,20,2,18
S01009355,464,24,14,10,75,12,19,27,17,65,9,6,10,4,36,71,54,17,69,1,36,23,9,36,23,13,60,37,23,26,12,14,38,3,35
S01009356,508,44,28,16,95,28,25,21,21,67,23,2,6,1,35,72,51,21,58,2,33,12,11,46,31,15,57,34,23,28,10,18,41,2,39
S01009357,285,39,28,11,67,15,11,12,29,53,7,3,7,9,27,32,25,7,26,0,14,8,4,20,16,4,21,10,11,14,4,10,13,1,12
S01009358,378,56,41,15,130,28,26,38,38,74,12,5,7,8,42,33,27,6,18,1,9,1,7,15,10,5,26,20,6,10,6,4,16,2,14
S01009359,437,48,36,12,98,28,15,30,25,98,9,5,21,5,58,46,41,5,38,0,14,13,11,35,26,9,38,23,15,16,7,9,20,0,20
S01009360,439,43,33,10,86,22,15,18,31,67,12,4,12,3,36,58,49,9,42,0,20,14,8,39,28,11,46,26,20,18,8,10,40,2,38
S01009361,393,33,18,15,62,15,14,13,20,69,16,7,7,4,35,43,34,9,41,3,20,12,6,29,17,12,49,36,13,27,11,16,40,0,40
S01009362,543,35,23,12,85,19,16,16,34,83,17,7,16,4,39,91,67,24,60,3,27,17,13,45,37,8,64,41,23,35,14,21,45,0,45
S01009363,399,27,18,9,31,3,8,9,11,38,9,4,8,1,16,66,53,13,49,1,24,11,13,42,34,8,58,35,23,31,14,17,57,2,55
S01009364,486,28,18,10,47,13,13,8,13,60,9,5,13,4,29,62,54,8,70,2,36,21,11,50,42,8,71,36,35,40,17,23,58,6,52
S01009365,284,8,7,1,29,8,8,5,8,35,6,2,7,3,17,32,25,7,35,2,15,8,10,32,23,9,41,21,20,28,10,18,44,3,41
S01009366,335,27,14,13,25,9,7,4,5,35,6,3,10,2,14,42,30,12,47,2,21,11,13,31,28,3,38,24,14,35,11,24,55,3,52
S01009367,305,14,6,8,33,11,9,5,8,38,13,8,4,2,11,43,35,8,43,3,19,15,6,19,15,4,44,26,18,23,9,14,48,5,43
S01009368,278,15,10,5,17,6,3,4,4,26,3,3,2,4,14,36,29,7,37,2,18,9,8,32,23,9,35,21,14,38,22,16,42,4,38
S01009369,298,10,5,5,29,7,13,3,6,35,7,3,7,2,16,32,25,7,48,3,19,17,9,27,19,8,43,26,17,30,12,18,44,6,38
S01009370,415,27,22,5,47,12,9,9,17,40,15,2,1,4,18,58,47,11,61,1,34,12,14,53,41,12,44,26,18,28,10,18,57,5,52
S01009371,262,20,15,5,20,4,8,4,4,35,5,4,8,1,17,26,21,5,27,0,12,12,3,24,22,2,43,24,19,22,13,9,45,1,44
S01009372,266,17,13,4,22,4,7,4,7,27,8,1,2,1,15,30,22,8,37,2,16,12,7,25,20,5,46,36,10,30,15,15,32,4,28
S01009373,359,13,6,7,32,8,11,5,8,41,9,5,11,1,15,35,32,3,52,4,25,16,7,50,28,22,45,21,24,29,12,17,62,7,55
S01009374,393,33,22,11,30,11,3,5,11,52,10,4,8,6,24,35,31,4,52,0,23,20,9,40,33,7,67,43,24,28,8,20,56,5,51
S01009375,356,18,12,6,41,9,8,10,14,27,6,3,7,0,11,34,30,4,49,2,16,23,8,43,35,8,57,47,10,42,18,24,45,7,38
S01009376,262,16,6,10,12,6,3,0,3,23,8,1,1,1,12,39,32,7,26,1,10,10,5,33,29,4,39,24,15,33,10,23,41,4,37
S01009377,824,45,29,16,65,21,20,7,17,366,13,10,303,7,33,58,51,7,55,4,22,19,10,61,47,14,69,42,27,47,13,34,58,7,51
S01009378,502,22,20,2,50,10,11,15,14,73,9,4,24,1,35,56,42,14,51,2,28,17,4,57,44,13,66,35,31,59,20,39,68,5,63
S01009379,509,42,36,6,77,23,22,7,25,79,13,6,21,5,34,75,58,17,57,0,25,18,14,50,31,19,61,27,34,33,12,21,35,5,30
S01009380,315,30,19,11,19,1,8,5,5,56,7,4,24,3,18,37,30,7,47,2,20,16,9,30,21,9,42,19,23,17,7,10,37,2,35
S01009381,381,38,29,9,66,19,13,11,23,57,12,8,6,5,26,50,38,12,43,4,14,17,8,21,9,12,46,34,12,22,12,10,38,1,37
S01009382,367,23,14,9,41,7,9,13,12,44,5,4,7,5,23,34,29,5,41,3,15,13,10,26,16,10,47,33,14,42,16,26,69,6,63
S01009383,413,25,16,9,31,7,11,6,7,60,19,8,4,5,24,42,37,5,59,2,24,26,7,41,33,8,60,33,27,32,16,16,63,2,61
S01009384,287,47,29,18,92,25,22,16,29,46,4,2,3,10,27,31,23,8,19,0,11,4,4,10,6,4,19,12,7,14,7,7,9,0,9
S01009385,257,22,16,6,56,17,11,10,18,45,6,5,4,8,22,31,24,7,19,0,7,7,5,23,18,5,18,11,7,17,13,4,26,3,23
S01009386,298,22,14,8,26,3,14,4,5,22,7,5,2,1,7,39,28,11,37,4,14,12,7,33,23,10,45,29,16,24,10,14,50,5,45
S01009387,252,15,10,5,27,7,5,3,12,22,4,2,0,0,16,27,24,3,32,4,15,10,3,23,18,5,36,27,9,30,9,21,40,4,36
S01009388,349,21,13,8,39,10,9,7,13,24,5,4,3,4,8,29,25,4,40,2,19,15,4,40,30,10,50,31,19,46,23,23,60,5,55
S01009389,448,51,32,19,81,25,13,15,28,64,12,5,4,8,35,49,37,12,55,3,25,14,13,41,26,15,32,23,9,28,16,12,47,2,45
S01009390,428,62,53,9,116,40,18,20,38,85,9,8,6,8,54,56,44,12,22,0,13,6,3,22,19,3,34,24,10,15,2,13,16,0,16
S01009391,410,47,29,18,84,24,15,23,22,83,12,7,6,9,49,55,44,11,36,1,17,11,7,28,19,9,41,26,15,23,9,14,13,1,12
S01009392,302,33,28,5,72,20,13,16,23,72,9,3,12,6,42,39,32,7,22,0,7,12,3,21,18,3,24,18,6,9,4,5,10,1,9
S01009393,377,41,26,15,68,24,10,15,19,58,10,2,9,3,34,52,44,8,41,2,17,16,6,27,23,4,43,31,12,16,4,12,31,1,30
S01009394,472,47,33,14,115,41,19,21,34,91,13,6,7,6,59,57,48,9,40,3,16,13,8,30,21,9,36,22,14,22,13,9,34,2,32
S01009395,290,36,26,10,83,26,25,15,17,43,2,3,3,5,30,43,33,10,21,2,7,6,6,20,15,5,20,6,14,14,6,8,10,0,10
S01009396,328,44,36,8,96,29,18,16,33,65,10,3,3,10,39,45,35,10,23,1,13,5,4,16,9,7,19,13,6,11,8,3,9,0,9
S01009397,354,42,32,10,93,28,21,23,21,47,8,2,5,8,24,53,39,14,27,4,8,9,6,28,20,8,26,16,10,17,11,6,21,1,20
S01009398,371,36,25,11,53,12,14,15,12,59,9,5,8,3,34,54,49,5,31,5,12,12,2,50,35,15,40,21,19,26,12,14,22,1,21
S01009399,375,31,20,11,70,17,23,11,19,68,10,2,9,12,35,53,44,9,37,0,21,11,5,30,23,7,26,16,10,23,9,14,37,1,36
S01009400,253,20,16,4,29,12,9,3,5,27,6,2,4,3,12,41,31,10,30,0,18,8,4,21,17,4,27,19,8,22,10,12,36,4,32
S01009401,283,24,20,4,66,16,15,13,22,32,8,3,6,0,15,40,31,9,20,1,12,4,3,28,22,6,37,25,12,16,8,8,20,1,19
S01009402,418,46,28,18,84,25,20,21,18,80,12,13,10,7,38,51,38,13,40,2,19,13,6,34,29,5,38,27,11,20,9,11,25,3,22
S01009403,291,28,24,4,49,17,13,7,12,45,6,7,10,1,21,29,25,4,27,1,13,8,5,24,22,2,36,21,15,21,10,11,32,1,31
S01009404,233,18,9,9,25,4,14,2,5,14,2,1,3,1,7,23,19,4,40,2,13,15,10,24,20,4,20,15,5,23,13,10,46,5,41
S01009405,207,24,14,10,26,5,12,3,6,33,4,2,9,2,16,21,16,5,35,5,18,9,3,23,14,9,13,8,5,18,9,9,14,1,13
S01009406,449,38,15,23,52,10,21,9,12,49,3,9,13,5,19,53,40,13,69,4,27,29,9,54,46,8,41,21,20,42,22,20,51,8,43
S01009407,241,33,25,8,31,6,9,7,9,26,6,8,2,0,10,23,21,2,30,4,16,10,0,26,20,6,26,12,14,28,15,13,18,3,15
S01009408,424,46,26,20,72,17,24,13,18,73,13,9,14,8,29,43,36,7,68,6,28,22,12,35,27,8,29,23,6,31,13,18,27,1,26
S01009409,289,14,8,6,20,5,9,4,2,30,4,5,5,3,13,30,26,4,48,2,16,23,7,31,22,9,27,22,5,40,23,17,49,8,41
S01009410,408,17,10,7,21,5,7,6,3,27,4,3,2,2,16,43,32,11,63,3,27,25,8,56,42,14,61,42,19,52,26,26,68,5,63
S01009411,380,14,6,8,23,5,9,6,3,23,4,1,4,0,14,29,25,4,61,0,32,24,5,65,49,16,55,45,10,54,28,26,56,5,51
S01009412,396,16,11,5,22,5,8,7,2,25,5,3,7,2,8,38,30,8,61,3,30,16,12,47,35,12,57,45,12,51,24,27,79,12,67
S01009413,488,32,24,8,39,6,11,10,12,57,12,7,9,5,24,53,47,6,92,3,42,37,10,51,37,14,52,35,17,52,29,23,60,12,48
S01009414,299,20,12,8,25,3,10,8,4,25,5,5,1,0,14,38,30,8,45,0,20,20,5,37,27,10,36,20,16,28,16,12,45,9,36
S01009415,335,33,23,10,30,5,8,11,6,29,2,5,5,3,14,38,33,5,60,4,24,23,9,32,27,5,38,27,11,34,19,15,41,8,33
S01009416,297,28,16,12,27,7,8,6,6,39,9,6,7,3,14,43,36,7,40,0,18,15,7,37,26,11,42,27,15,28,11,17,13,2,11
S01009417,178,21,12,9,27,4,8,10,5,25,3,3,6,2,11,24,19,5,31,8,9,9,5,22,17,5,14,9,5,8,4,4,6,1,5
S01009418,508,29,19,10,36,5,10,12,9,42,4,8,9,4,17,54,46,8,84,4,24,41,15,59,41,18,53,35,18,78,40,38,73,16,57
S01009419,241,16,9,7,12,3,1,1,7,27,7,4,3,3,10,36,29,7,27,1,15,11,0,26,22,4,29,21,8,23,5,18,45,12,33
S01009420,230,7,6,1,10,4,3,1,2,19,3,2,4,2,8,13,10,3,24,1,7,12,4,35,29,6,33,27,6,37,17,20,52,9,43
S01009421,277,12,9,3,17,5,5,7,0,17,6,0,0,5,6,25,20,5,43,1,20,13,9,36,29,7,35,28,7,31,13,18,61,9,52
S01009422,366,19,11,8,27,9,5,6,7,32,6,3,6,0,17,44,38,6,50,4,24,18,4,45,30,15,51,32,19,41,19,22,57,12,45
S01009423,544,44,28,16,94,19,27,30,18,106,14,11,31,3,47,63,49,14,65,2,27,31,5,44,32,12,58,27,31,35,15,20,35,3,32
S01009424,279,31,23,8,43,11,12,5,15,35,6,2,9,3,15,42,38,4,33,2,16,14,1,20,16,4,26,18,8,27,6,21,22,5,17
S01009425,330,26,15,11,36,11,10,9,6,48,6,4,10,6,22,31,25,6,49,0,20,24,5,45,39,6,27,20,7,36,18,18,32,5,27
S01009426,310,21,13,8,17,5,7,2,3,25,1,5,2,1,16,30,23,7,49,1,20,19,9,50,39,11,37,27,10,34,19,15,47,7,40
S01009427,229,10,7,3,18,3,5,3,7,27,2,5,9,2,9,23,19,4,31,2,11,18,0,41,32,9,22,11,11,26,11,15,31,8,23
S01009428,229,10,7,3,23,4,8,4,7,18,3,2,5,0,8,24,21,3,41,2,20,15,4,28,20,8,26,18,8,24,13,11,35,16,19
S01009429,272,11,7,4,16,6,4,3,3,25,4,5,5,1,10,20,19,1,48,2,12,20,14,41,35,6,30,21,9,34,17,17,47,14,33
S01009430,296,20,10,10,19,8,9,0,2,24,6,4,1,4,9,37,27,10,32,2,7,18,5,52,39,13,39,22,17,26,17,9,47,11,36
S01009431,278,22,11,11,30,7,10,7,6,34,8,6,7,0,13,24,19,5,39,2,16,13,8,34,26,8,19,10,9,36,18,18,40,8,32
S01009432,306,10,4,6,7,0,2,2,3,15,2,6,4,0,3,22,15,7,51,4,21,19,7,62,45,17,39,24,15,45,26,19,55,15,40
S01009433,293,7,2,5,20,3,7,5,5,18,3,6,4,0,5,20,16,4,46,5,14,21,6,66,56,10,24,14,10,43,27,16,49,12,37
S01009434,208,12,8,4,9,2,4,2,1,21,6,4,4,0,7,16,15,1,31,1,8,17,5,35,30,5,17,11,6,35,14,21,32,10,22
S01009435,261,5,4,1,18,1,8,6,3,28,11,4,3,1,9,15,14,1,41,4,12,14,11,45,38,7,29,23,6,35,19,16,45,13,32
S01009436,303,21,13,8,28,5,10,8,5,22,6,6,4,3,3,26,20,6,38,2,21,13,2,39,35,4,45,35,10,46,26,20,38,12,26
S01009437,307,26,19,7,21,5,10,3,3,22,5,7,5,1,4,30,26,4,64,2,22,32,8,30,24,6,46,33,13,37,23,14,31,6,25
S01009438,339,15,8,7,26,7,7,10,2,31,11,6,6,0,8,36,32,4,56,2,21,22,11,32,30,2,46,35,11,50,27,23,47,19,28
S01009439,357,12,8,4,17,2,6,6,3,29,7,5,5,1,11,33,25,8,67,2,25,37,3,36,28,8,51,38,13,49,22,27,63,17,46
S01009440,255,12,7,5,20,4,3,4,9,13,4,5,1,0,3,28,23,5,45,4,13,24,4,33,27,6,39,30,9,33,15,18,32,5,27
S01009441,343,17,9,8,14,4,4,4,2,15,4,4,3,1,3,37,26,11,59,5,24,20,10,45,37,8,54,44,10,51,25,26,51,8,43
S01009442,290,23,12,11,44,7,10,10,17,36,4,3,9,2,18,37,30,7,61,14,15,21,11,21,18,3,22,15,7,25,12,13,21,5,16
S01009443,332,29,16,13,48,8,14,16,10,37,11,4,6,2,14,34,28,6,44,10,14,11,9,35,26,9,35,22,13,30,16,14,40,13,27
S01009444,455,35,28,7,61,16,22,10,13,65,15,8,10,4,28,58,45,13,59,2,24,24,9,57,48,9,69,50,19,33,18,15,18,4,14
S01009445,354,8,3,5,22,4,11,4,3,36,10,5,6,2,13,34,25,9,66,3,22,30,11,51,40,11,42,33,9,42,19,23,53,17,36
S01009446,322,15,7,8,18,0,7,5,6,24,4,3,6,3,8,39,33,6,43,2,16,20,5,58,43,15,41,36,5,36,16,20,48,6,42
S01009447,227,12,9,3,19,5,5,4,5,17,5,0,2,2,8,22,21,1,35,0,14,18,3,35,24,11,27,14,13,20,10,10,40,6,34
S01009448,424,37,27,10,43,9,13,10,11,60,14,9,14,0,23,42,35,7,69,1,28,35,5,46,39,7,44,28,16,32,9,23,51,13,38
S01009449,216,11,5,6,17,5,7,4,1,21,1,6,3,1,10,30,23,7,38,4,14,16,4,24,21,3,23,15,8,23,12,11,29,6,23
S01009450,235,10,7,3,10,1,6,2,1,14,4,4,2,2,2,21,13,8,24,1,6,14,3,36,31,5,25,18,7,43,24,19,52,11,41
S01009451,383,25,21,4,18,1,8,6,3,24,6,3,1,1,13,28,22,6,73,5,23,39,6,53,48,5,47,31,16,48,31,17,67,21,46
S01009452,204,10,6,4,16,2,6,3,5,15,8,0,1,1,5,23,16,7,39,3,15,20,1,25,20,5,25,20,5,29,13,16,22,4,18
S01009453,437,25,16,9,26,8,8,4,6,34,5,7,4,2,16,53,43,10,81,7,29,32,13,55,41,14,60,41,19,44,25,19,59,13,46
S01009454,420,43,22,21,142,37,27,31,47,62,10,7,6,13,26,31,25,6,40,7,16,8,9,29,20,9,25,14,11,17,6,11,31,3,28
S01009455,404,76,47,29,123,18,26,34,45,57,6,13,3,6,29,37,28,9,36,9,13,11,3,15,11,4,17,11,6,24,10,14,19,1,18
S01009456,305,30,16,14,26,5,6,8,7,39,4,6,5,7,17,29,20,9,52,8,13,26,5,39,27,12,23,11,12,34,19,15,33,6,27
S01009457,305,44,25,19,47,9,20,8,10,43,2,7,9,8,17,32,23,9,56,24,16,10,6,28,18,10,15,11,4,18,9,9,22,8,14
S01009458,294,33,23,10,48,9,16,12,11,43,10,8,2,5,18,38,30,8,31,1,15,9,6,29,22,7,32,19,13,21,8,13,19,3,16
S01009459,372,36,21,15,61,10,17,15,19,47,9,6,6,7,19,35,25,10,60,5,30,14,11,41,21,20,37,27,10,27,13,14,28,0,28
S01009460,323,25,15,10,25,3,12,4,6,29,6,4,3,2,14,29,18,11,44,3,18,17,6,43,26,17,42,31,11,24,5,19,62,3,59
S01009461,304,43,38,5,86,22,18,20,26,54,4,10,7,5,28,34,27,7,22,0,8,9,5,23,15,8,22,14,8,6,2,4,14,2,12
S01009462,304,30,25,5,41,9,9,7,16,37,7,4,4,8,14,29,23,6,51,3,23,18,7,30,23,7,26,17,9,30,17,13,30,5,25
S01009463,286,30,24,6,42,14,5,13,10,33,11,0,3,4,15,38,29,9,46,1,16,18,11,26,18,8,31,17,14,18,5,13,22,2,20
S01009464,430,35,14,21,63,7,21,15,20,76,13,8,9,9,37,59,45,14,75,4,36,23,12,30,17,13,34,19,15,20,12,8,38,2,36
S01009465,269,23,10,13,42,5,18,10,9,31,3,2,5,5,16,29,19,10,38,2,16,13,7,30,18,12,26,21,5,20,12,8,30,2,28
S01009466,272,35,20,15,74,15,10,22,27,47,6,8,7,6,20,23,18,5,32,4,8,12,8,14,13,1,16,9,7,10,7,3,21,1,20
S01009467,355,40,26,14,98,16,32,28,22,60,1,11,6,10,32,43,34,9,32,1,11,17,3,21,17,4,25,20,5,19,7,12,17,3,14
S01009468,330,25,15,10,33,7,8,8,10,38,8,10,3,5,12,39,32,7,48,1,22,13,12,37,31,6,34,27,7,32,13,19,44,4,40
S01009469,366,24,15,9,83,18,27,19,19,50,9,5,6,6,24,60,49,11,35,4,13,11,7,32,23,9,28,19,9,17,11,6,37,6,31
S01009470,214,20,11,9,34,8,8,8,10,30,6,4,4,4,12,19,15,4,27,2,11,8,6,21,14,7,25,21,4,20,10,10,18,1,17
S01009471,219,20,11,9,25,4,5,8,8,20,3,5,0,3,9,17,13,4,26,0,12,9,5,24,20,4,20,17,3,23,13,10,44,4,40
S01009472,360,50,30,20,74,11,17,22,24,46,5,9,4,6,22,27,16,11,43,6,13,16,8,34,24,10,35,28,7,14,6,8,37,4,33
S01009473,382,15,6,9,43,10,19,3,11,34,7,7,5,3,12,21,18,3,52,2,16,16,18,52,43,9,47,36,11,54,39,15,64,20,44
S01009474,381,30,19,11,57,10,16,18,13,46,8,4,12,5,17,33,25,8,53,2,23,20,8,39,27,12,45,39,6,33,16,17,45,4,41
S01009475,306,48,32,16,72,14,27,15,16,55,5,7,16,5,22,34,22,12,29,1,14,9,5,22,18,4,22,16,6,14,5,9,10,1,9
S01009476,269,42,24,18,72,19,13,20,20,50,8,6,4,4,28,22,14,8,27,6,8,10,3,15,7,8,18,14,4,9,6,3,14,4,10
S01009477,341,38,24,14,103,19,27,34,23,42,5,5,7,4,21,25,24,1,41,2,13,19,7,29,22,7,23,15,8,18,8,10,22,3,19
S01009478,464,33,21,12,85,11,31,30,13,66,11,8,8,10,29,44,34,10,46,2,14,18,12,46,32,14,47,38,9,36,22,14,61,10,51
S01009479,378,35,24,11,77,10,14,29,24,51,6,9,11,6,19,34,26,8,48,4,21,14,9,34,21,13,36,29,7,20,14,6,43,6,37
S01009480,399,53,34,19,115,24,25,39,27,44,9,7,6,3,19,47,31,16,21,1,9,8,3,33,21,12,37,29,8,26,12,14,23,4,19
S01009481,505,27,17,10,86,15,33,22,16,61,8,10,5,10,28,62,52,10,51,0,20,22,9,55,42,13,48,30,18,55,28,27,60,15,45
S01009482,332,28,16,12,46,15,15,8,8,50,10,8,4,7,21,31,26,5,46,3,24,17,2,31,24,7,37,28,9,30,21,9,33,7,26
S01009483,426,29,21,8,94,18,16,37,23,57,7,6,13,6,25,47,41,6,54,3,15,21,15,42,31,11,33,24,9,37,28,9,33,2,31
S01009484,312,24,18,6,59,4,21,21,13,40,10,8,5,7,10,35,30,5,33,1,14,11,7,41,30,11,30,23,7,23,15,8,27,3,24
S01009485,316,15,9,6,35,9,12,8,6,25,7,0,7,2,9,30,27,3,43,4,13,16,10,37,28,9,46,33,13,39,15,24,46,5,41
S01009486,279,34,23,11,50,11,18,11,10,38,6,9,2,4,17,32,22,10,29,2,14,8,5,28,22,6,22,17,5,15,5,10,31,2,29
S01009487,347,20,15,5,28,5,12,7,4,37,7,5,6,5,14,49,42,7,42,4,11,11,16,36,30,6,41,32,9,35,16,19,59,16,43
S01009488,317,22,13,9,26,2,14,8,2,36,8,2,4,2,20,27,19,8,38,1,17,9,11,45,35,10,46,37,9,26,12,14,51,5,46
S01009489,317,18,12,6,34,8,10,9,7,26,2,3,6,2,13,24,16,8,67,3,25,32,7,36,23,13,38,30,8,37,16,21,37,5,32
S01009490,323,10,8,2,16,3,5,1,7,27,7,6,4,2,8,32,28,4,55,2,30,18,5,46,36,10,43,32,11,34,17,17,60,11,49
S01009491,241,11,7,4,27,7,5,7,8,24,4,6,1,2,11,33,25,8,24,0,10,9,5,29,21,8,29,19,10,27,9,18,37,8,29
S01009492,338,12,7,5,16,0,7,5,4,33,10,2,6,1,14,41,33,8,62,0,23,36,3,42,29,13,42,32,10,35,18,17,55,10,45
S01009493,355,43,33,10,127,21,23,41,42,52,5,3,7,5,32,36,22,14,26,0,12,9,5,16,15,1,29,24,5,11,4,7,15,3,12
S01009494,527,59,38,21,108,13,40,23,32,66,11,4,7,7,37,72,62,10,72,6,35,20,11,56,42,14,34,25,9,31,16,15,29,4,25
S01009495,498,44,33,11,106,23,33,33,17,58,9,8,13,5,23,66,56,10,62,0,35,23,4,44,34,10,53,41,12,30,14,16,35,2,33
S01009496,373,16,11,5,23,5,5,6,7,34,9,7,6,1,11,52,40,12,57,2,24,23,8,46,33,13,47,37,10,38,18,20,60,3,57
S01009497,472,27,18,9,55,9,24,12,10,60,7,9,10,1,33,56,46,10,79,4,33,25,17,45,37,8,58,45,13,44,25,19,48,5,43
S01009498,309,29,18,11,59,11,16,23,9,39,8,0,9,3,19,50,40,10,40,0,20,14,6,23,21,2,28,21,7,17,5,12,24,1,23
S01009499,347,24,12,12,49,8,16,14,11,37,7,4,0,6,20,37,28,9,47,0,22,15,10,39,27,12,41,34,7,32,18,14,41,7,34
S01009500,314,14,10,4,19,4,9,4,2,32,8,8,1,3,12,27,22,5,48,0,16,22,10,39,32,7,51,42,9,36,21,15,48,6,42
S01009501,261,16,14,2,14,1,4,2,7,24,8,5,4,0,7,23,19,4,45,1,22,13,9,28,25,3,37,32,5,28,13,15,46,7,39
S01009502,382,17,13,4,16,5,5,4,2,28,9,6,1,1,11,35,26,9,58,0,22,24,12,55,41,14,53,49,4,38,12,26,82,10,72
S01009503,365,22,8,14,32,4,11,10,7,29,4,8,4,2,11,32,25,7,50,3,13,21,13,54,45,9,51,43,8,32,13,19,63,8,55
S01009504,275,15,5,10,15,2,6,2,5,15,1,1,3,2,8,18,15,3,35,1,20,9,5,32,27,5,43,38,5,40,15,25,62,12,50
S01009505,276,10,4,6,24,8,7,5,4,14,2,4,5,0,3,26,17,9,37,1,7,21,8,43,34,9,33,24,9,25,13,12,64,11,53
S01009506,294,17,9,8,16,4,4,5,3,23,4,5,5,0,9,25,20,5,34,2,14,13,5,32,29,3,50,44,6,31,14,17,66,15,51
S01009507,416,50,30,20,35,7,12,10,6,46,6,3,11,5,21,56,42,14,47,1,19,19,8,38,33,5,47,38,9,37,15,22,60,10,50
S01009508,329,11,5,6,16,3,9,3,1,20,3,3,1,3,10,29,20,9,51,3,20,14,14,44,38,6,48,41,7,43,21,22,67,9,58
S01009509,425,30,15,15,35,7,13,8,7,30,11,6,2,3,8,42,32,10,46,4,21,16,5,45,36,9,61,48,13,56,31,25,80,12,68
S01009510,333,23,13,10,54,6,15,21,12,42,13,6,6,4,13,52,46,6,52,2,29,15,6,28,26,2,31,25,6,27,13,14,24,2,22
S01009511,285,22,18,4,52,9,16,17,10,42,10,3,11,2,16,33,25,8,31,0,14,13,4,26,22,4,35,28,7,17,10,7,27,3,24
S01009512,398,19,12,7,60,14,21,9,16,59,13,7,9,5,25,70,56,14,53,2,26,23,2,34,26,8,41,30,11,26,14,12,36,3,33
S01009513,282,25,19,6,60,16,13,17,14,39,6,7,7,3,16,41,25,16,29,1,17,8,3,29,22,7,22,20,2,9,4,5,28,5,23
S01009514,404,27,13,14,73,18,17,17,21,67,16,11,6,5,29,55,45,10,46,2,19,19,6,37,28,9,44,37,7,23,10,13,32,4,28
S01009515,298,12,7,5,22,6,8,3,5,20,0,4,3,3,10,42,36,6,50,5,14,24,7,38,30,8,44,33,11,37,15,22,33,3,30
S01009516,356,33,15,18,36,8,12,10,6,37,8,5,3,3,18,41,33,8,51,0,20,21,10,42,36,6,44,35,9,26,11,15,46,5,41
S01009517,564,63,49,14,117,31,31,23,32,113,20,11,34,3,45,58,48,10,48,1,21,20,6,47,34,13,57,34,23,27,17,10,34,3,31
S01009518,568,67,46,21,120,16,40,40,24,110,18,8,24,7,53,85,69,16,70,4,32,25,9,36,28,8,44,30,14,20,13,7,16,2,14
S01009519,262,29,17,12,35,4,5,12,14,23,4,2,7,0,10,32,27,5,45,2,20,17,6,26,20,6,27,22,5,23,10,13,22,5,17
S01009520,431,55,41,14,66,15,25,11,15,39,10,5,6,1,17,41,33,8,54,3,22,22,7,43,30,13,53,41,12,38,19,19,42,3,39
S01009521,281,12,4,8,21,3,12,4,2,14,4,1,2,0,7,23,18,5,37,1,14,18,4,49,32,17,28,23,5,43,18,25,54,10,44
S01009522,416,24,13,11,40,9,17,6,8,41,8,4,13,4,12,35,28,7,55,2,15,24,14,41,29,12,63,49,14,39,26,13,78,13,65
S01009523,214,9,3,6,24,4,8,7,5,16,2,3,3,2,6,17,16,1,29,3,10,10,6,33,30,3,23,17,6,24,19,5,39,9,30
S01009524,266,14,9,5,40,7,14,10,9,34,7,6,5,0,16,22,16,6,22,1,6,8,7,29,24,5,26,15,11,44,32,12,35,7,28
S01009525,224,15,11,4,29,5,10,5,9,19,6,5,1,1,6,22,18,4,30,2,9,10,9,27,20,7,16,10,6,21,10,11,45,5,40
S01009526,402,28,23,5,100,23,19,33,25,58,12,5,7,6,28,31,27,4,44,3,24,13,4,40,29,11,32,21,11,35,24,11,34,6,28
S01009527,314,14,10,4,64,17,26,15,6,38,6,6,12,3,11,28,23,5,46,0,16,19,11,27,21,6,34,28,6,26,17,9,37,9,28
S01009528,185,17,7,10,34,9,4,10,11,26,5,4,2,3,12,18,17,1,25,2,7,5,11,14,9,5,12,8,4,21,14,7,18,6,12
S01009529,265,32,15,17,55,12,15,18,10,27,7,3,4,2,11,38,35,3,35,2,19,12,2,22,17,5,21,16,5,16,12,4,19,4,15
S01009530,298,30,20,10,57,11,20,11,15,61,5,9,10,5,32,44,37,7,26,1,12,12,1,31,21,10,20,17,3,15,8,7,14,1,13
S01009531,311,8,3,5,23,7,7,7,2,18,3,3,1,1,10,32,26,6,46,1,22,16,7,34,30,4,34,20,14,51,31,20,65,13,52
S01009532,274,14,7,7,16,4,4,3,5,27,7,0,6,0,14,17,11,6,43,1,14,17,11,37,32,5,44,34,10,30,11,19,46,4,42
S01009533,354,20,14,6,26,2,11,8,5,29,4,4,10,4,7,39,37,2,53,2,17,14,20,43,31,12,39,29,10,42,19,23,63,10,53
S01009534,286,15,8,7,25,4,6,10,5,15,1,1,1,1,11,20,16,4,37,1,15,11,10,35,31,4,46,38,8,26,11,15,67,13,54
S01009535,236,10,5,5,12,1,4,5,2,20,7,0,4,2,7,26,23,3,32,0,17,11,4,22,16,6,40,33,7,26,11,15,48,6,42
S01009536,223,24,10,14,21,6,6,8,1,23,5,8,6,0,4,16,16,0,30,2,9,16,3,29,21,8,16,15,1,24,12,12,40,9,31
S01009537,216,12,11,1,37,6,10,10,11,23,3,6,2,2,10,19,14,5,30,1,13,10,6,37,31,6,14,9,5,19,12,7,25,4,21
S01009538,327,35,16,19,45,13,4,14,14,38,10,3,8,6,11,26,20,6,41,3,23,11,4,43,37,6,33,21,12,25,11,14,41,5,36
S01009539,414,29,15,14,35,4,14,10,7,41,9,5,9,5,13,53,39,14,64,8,25,24,7,53,34,19,42,25,17,42,14,28,55,11,44
S01009540,374,15,11,4,40,8,15,12,5,29,5,6,2,4,12,33,25,8,60,3,20,26,11,48,40,8,36,32,4,51,32,19,62,9,53
S01009541,386,31,25,6,51,5,20,21,5,59,8,15,10,9,17,33,26,7,58,7,25,20,6,40,33,7,39,26,13,34,20,14,41,13,28
S01009542,298,8,5,3,19,8,4,3,4,29,3,3,1,8,14,25,19,6,37,1,15,14,7,48,40,8,43,35,8,42,18,24,47,10,37
S01009543,236,18,12,6,29,6,6,9,8,26,4,5,1,8,8,23,20,3,34,3,16,10,5,36,29,7,22,15,7,16,7,9,32,10,22
S01009544,412,22,14,8,60,13,12,20,15,60,16,10,13,3,18,46,41,5,54,11,19,14,10,49,42,7,36,24,12,45,25,20,40,5,35
S01009545,353,28,15,13,28,8,9,8,3,35,6,6,3,6,14,41,31,10,63,12,22,22,7,43,34,9,25,21,4,50,25,25,40,11,29
S01009546,512,27,17,10,51,10,13,19,9,67,18,10,15,5,19,44,39,5,83,3,44,27,9,61,52,9,45,27,18,78,40,38,56,13,43
S01009547,352,35,16,19,40,9,11,11,9,23,3,4,2,2,12,35,30,5,54,3,32,13,6,34,32,2,40,29,11,25,12,13,66,16,50
S01009548,317,28,17,11,33,8,13,9,3,27,10,2,4,2,9,37,30,7,48,2,23,15,8,40,32,8,33,31,2,34,22,12,37,12,25
S01009549,392,28,20,8,36,10,14,6,6,42,10,9,7,3,13,43,36,7,60,3,29,19,9,28,22,6,56,47,9,51,31,20,48,10,38
S01009550,254,21,16,5,38,4,6,14,14,29,8,1,3,3,14,44,35,9,32,0,18,9,5,24,19,5,23,20,3,17,15,2,26,4,22
S01009551,239,17,9,8,22,3,8,9,2,28,7,5,7,2,7,35,34,1,30,2,11,11,6,22,15,7,29,22,7,29,17,12,27,9,18
S01009552,432,43,28,15,38,7,14,7,10,52,10,7,5,4,26,46,35,11,67,5,37,22,3,39,31,8,42,34,8,52,29,23,53,14,39
S01009553,346,16,12,4,28,7,12,4,5,29,8,7,4,2,8,20,14,6,62,3,25,26,8,47,38,9,39,34,5,44,26,18,61,18,43
S01009554,294,27,18,9,29,5,11,4,9,30,6,5,4,2,13,19,16,3,50,14,15,15,6,40,33,7,27,24,3,32,19,13,40,8,32
S01009555,369,28,14,14,40,7,14,12,7,45,8,10,9,4,14,44,35,9,55,3,19,25,8,43,31,12,36,26,10,30,17,13,48,7,41
S01009556,361,23,15,8,25,6,6,4,9,24,5,7,0,1,11,31,24,7,47,7,19,14,7,47,41,6,36,23,13,60,32,28,68,10,58
S01009557,262,12,10,2,17,3,7,2,5,33,9,2,5,2,15,23,21,2,35,2,18,11,4,43,35,8,25,25,0,35,21,14,39,8,31
S01009558,252,8,4,4,13,2,8,2,1,15,4,1,2,1,7,22,18,4,29,2,14,8,5,30,24,6,35,31,4,51,29,22,49,11,38
S01009559,360,18,12,6,14,2,5,2,5,20,7,4,2,2,5,36,26,10,63,7,23,23,10,46,34,12,45,40,5,54,36,18,64,11,53
S01009560,294,21,15,6,26,7,8,6,5,26,7,3,11,3,2,23,14,9,39,0,19,16,4,41,36,5,43,33,10,40,27,13,35,9,26
S01009561,211,11,7,4,18,5,2,5,6,16,8,1,1,3,3,23,15,8,25,1,14,5,5,31,28,3,28,23,5,26,22,4,33,6,27
S01009562,332,21,14,7,33,8,6,12,7,39,9,6,10,3,11,42,36,6,49,0,22,19,8,32,29,3,35,26,9,42,30,12,39,8,31
S01009563,315,15,9,6,29,6,12,5,6,24,4,3,4,2,11,39,30,9,50,1,18,21,10,36,28,8,35,27,8,42,26,16,45,8,37
S01009564,278,15,11,4,34,5,14,7,8,30,16,2,3,0,9,35,31,4,45,2,24,15,4,33,29,4,28,22,6,28,17,11,30,6,24
S01009565,225,12,7,5,21,3,7,3,8,24,5,2,5,4,8,26,22,4,30,2,13,8,7,17,15,2,30,28,2,28,17,11,37,6,31
S01009566,529,31,22,9,53,12,20,11,10,65,17,5,14,1,28,52,47,5,82,2,42,22,16,55,43,12,64,54,10,66,51,15,61,12,49
S01009567,399,16,13,3,37,8,10,6,13,50,7,8,4,1,30,38,34,4,59,5,24,17,13,55,43,12,39,32,7,56,39,17,49,13,36
S01009568,305,15,11,4,27,5,9,5,8,42,10,9,5,3,15,35,29,6,50,0,25,19,6,35,25,10,34,29,5,43,26,17,24,7,17
S01009569,361,9,8,1,26,6,11,5,4,34,11,9,3,1,10,46,39,7,48,1,28,15,4,47,38,9,38,32,6,44,31,13,69,13,56
S01009570,237,15,8,7,17,3,8,3,3,27,7,5,3,4,8,27,23,4,35,1,17,12,5,27,18,9,19,17,2,41,29,12,29,6,23
S01009571,264,12,5,7,12,4,5,1,2,29,13,2,5,3,6,30,28,2,26,2,14,7,3,29,24,5,39,33,6,53,45,8,34,7,27
S01009572,413,29,16,13,21,3,7,3,8,35,10,7,2,3,13,36,30,6,51,4,17,20,10,48,33,15,49,37,12,78,53,25,66,7,59
S01009573,274,11,9,2,11,2,6,1,2,27,5,3,5,3,11,27,22,5,37,0,18,14,5,28,23,5,27,21,6,49,33,16,57,13,44
S01009574,441,22,13,9,32,5,12,9,6,41,7,6,5,7,16,35,29,6,67,1,26,27,13,62,54,8,44,33,11,51,36,15,87,16,71
S01009575,239,13,8,5,19,3,8,6,2,29,5,4,6,2,12,37,33,4,40,2,21,12,5,28,26,2,28,22,6,30,22,8,15,5,10
S01009576,288,29,14,15,46,12,10,15,9,43,6,6,8,2,21,44,37,7,48,2,27,10,9,22,19,3,22,14,8,22,14,8,12,2,10
S01009577,361,51,33,18,74,15,23,26,10,34,2,4,3,5,20,43,35,8,52,2,25,17,8,25,18,7,24,19,5,30,18,12,28,5,23
S01009578,374,26,15,11,36,11,13,5,7,54,16,6,10,8,14,43,35,8,61,4,23,25,9,46,29,17,43,34,9,32,20,12,33,10,23
S01009579,515,59,39,20,62,10,16,16,20,81,17,10,14,5,35,57,40,17,65,1,34,22,8,42,29,13,61,47,14,41,31,10,47,6,41
S01009580,551,46,30,16,75,11,20,29,15,85,15,11,25,5,29,78,61,17,68,3,35,24,6,54,41,13,46,32,14,49,30,19,50,8,42
S01009581,254,11,7,4,23,3,6,8,6,39,8,5,3,3,20,31,23,8,41,3,15,17,6,27,22,5,28,19,9,26,17,9,28,8,20
S01009582,254,12,7,5,24,6,7,7,4,31,7,5,6,3,10,35,28,7,35,4,10,12,9,25,17,8,29,22,7,30,23,7,33,5,28
S01009583,355,21,10,11,28,5,10,7,6,33,6,6,3,1,17,44,37,7,46,4,17,17,8,42,32,10,53,46,7,45,24,21,43,9,34
S01009584,240,17,12,5,48,8,13,16,11,29,4,3,13,1,8,16,12,4,34,2,14,13,5,20,14,6,28,20,8,28,14,14,20,0,20
S01009585,474,18,14,4,28,5,9,10,4,63,20,11,7,3,22,61,50,11,66,4,37,15,10,62,46,16,46,37,9,76,52,24,54,10,44
S01009586,262,24,13,11,12,2,4,4,2,35,9,5,5,3,13,35,28,7,42,2,18,14,8,28,23,5,26,20,6,28,18,10,32,5,27
S01009587,278,20,13,7,35,9,9,10,7,35,11,6,6,2,10,30,20,10,40,2,19,14,5,39,32,7,20,15,5,29,17,12,30,7,23
S01009588,451,18,9,9,41,10,7,16,8,50,8,12,8,3,19,39,35,4,70,1,42,24,3,58,45,13,44,36,8,65,44,21,66,11,55
S01009589,439,25,14,11,37,5,15,8,9,41,13,6,7,4,11,46,37,9,73,3,39,21,10,59,44,15,50,38,12,52,32,20,56,15,41
S01009590,365,43,26,17,76,10,31,18,17,66,14,12,16,2,22,34,22,12,36,1,15,14,6,31,23,8,29,22,7,35,20,15,15,3,12
S01009591,368,44,30,14,63,18,11,19,15,43,9,4,10,3,17,49,39,10,40,1,19,11,9,29,21,8,34,27,7,39,24,15,27,4,23
S01009592,263,31,21,10,61,10,13,20,18,34,7,5,3,4,15,27,23,4,26,0,12,13,1,18,13,5,27,22,5,17,10,7,22,5,17
S01009593,315,41,28,13,70,16,14,19,21,43,5,5,4,1,28,42,31,11,41,1,22,14,4,25,21,4,21,15,6,18,11,7,14,3,11
S01009594,374,24,18,6,69,15,20,20,14,68,16,5,12,4,31,58,40,18,37,2,12,16,7,30,25,5,26,18,8,38,26,12,24,5,19
S01009595,282,45,33,12,45,8,15,13,9,57,10,6,17,1,23,37,27,10,26,2,12,9,3,23,16,7,23,16,7,18,11,7,8,1,7
S01009596,383,22,14,8,30,6,10,6,8,37,8,5,5,3,16,47,45,2,50,0,28,11,11,54,43,11,45,40,5,48,23,25,50,10,40
S01009597,329,17,9,8,15,3,8,1,3,32,8,6,4,4,10,32,25,7,45,6,18,11,10,53,41,12,50,39,11,47,27,20,38,5,33
S01009598,254,11,6,5,18,1,8,5,4,21,5,3,3,2,8,18,14,4,39,1,21,8,9,42,35,7,40,34,6,27,16,11,38,9,29
S01009599,409,27,20,7,36,9,13,9,5,53,9,11,10,7,16,44,39,5,45,0,19,16,10,59,50,9,39,28,11,59,33,26,47,5,42
S01009600,240,13,9,4,20,5,11,3,1,24,3,4,4,2,11,17,14,3,34,1,14,11,8,33,24,9,29,23,6,27,10,17,43,8,35
S01009601,303,15,7,8,33,3,13,11,6,33,4,7,4,2,16,29,26,3,43,4,24,9,6,36,27,9,32,27,5,41,22,19,41,8,33
S01009602,448,43,34,9,91,18,28,18,27,80,12,8,21,6,33,63,52,11,38,3,19,11,5,31,18,13,38,30,8,37,24,13,27,1,26
S01009603,295,34,24,10,52,13,8,17,14,43,9,4,4,3,23,55,47,8,30,0,13,10,7,17,11,6,28,21,7,19,10,9,17,5,12
S01009604,429,27,18,9,50,9,15,13,13,71,18,12,8,4,29,44,33,11,60,2,25,19,14,44,34,10,40,28,12,47,33,14,46,11,35
S01009605,305,16,8,8,33,11,8,10,4,31,7,3,5,3,13,41,29,12,43,5,21,14,3,38,27,11,51,42,9,21,13,8,31,10,21
S01009606,319,41,33,8,74,16,17,21,20,63,15,10,16,3,19,36,29,7,26,2,10,14,0,24,18,6,14,10,4,16,12,4,25,3,22
S01009607,269,35,28,7,60,9,13,19,19,36,4,3,6,3,20,39,32,7,27,0,10,13,4,21,15,6,13,8,5,18,7,11,20,5,15
S01009608,286,19,8,11,43,4,11,18,10,27,6,1,5,4,11,42,39,3,45,3,20,20,2,29,20,9,15,11,4,42,28,14,24,2,22
S01009609,403,38,27,11,73,12,19,28,14,63,18,11,11,6,17,50,42,8,62,2,20,33,7,34,19,15,30,22,8,33,21,12,20,4,16
S01009610,464,28,15,13,61,8,21,17,15,63,15,8,7,3,30,49,37,12,68,5,37,20,6,43,32,11,49,35,14,44,29,15,59,12,47
S01009611,284,24,18,6,49,9,12,14,14,43,8,7,4,7,17,31,20,11,50,15,18,8,9,28,27,1,10,9,1,23,11,12,26,3,23
S01009612,311,18,10,8,33,6,8,8,11,42,10,5,6,4,17,40,36,4,46,2,22,16,6,27,23,4,24,18,6,40,22,18,41,8,33
S01009613,262,23,14,9,55,4,20,21,10,48,8,7,5,6,22,24,19,5,36,4,12,12,8,24,20,4,21,18,3,22,13,9,9,1,8
S01009614,264,30,14,16,34,4,12,10,8,32,11,4,0,5,12,28,23,5,43,14,14,11,4,24,20,4,27,21,6,19,12,7,27,8,19
S01009615,171,12,9,3,26,7,7,4,8,21,4,1,6,1,9,24,20,4,24,2,9,10,3,13,8,5,11,10,1,18,11,7,22,4,18
S01009616,369,26,18,8,45,8,13,14,10,23,6,5,4,1,7,46,34,12,70,1,33,27,9,36,24,12,39,27,12,48,35,13,36,8,28
S01009617,401,23,16,7,62,18,19,16,9,53,16,6,9,3,19,31,23,8,72,4,33,24,11,42,37,5,31,22,9,47,25,22,40,7,33
S01009618,320,13,8,5,18,2,8,6,2,34,9,7,4,3,11,33,28,5,58,4,19,22,13,44,38,6,26,24,2,50,26,24,44,10,34
S01009619,245,13,6,7,21,2,8,5,6,33,4,7,6,2,14,23,19,4,41,3,16,17,5,33,25,8,24,16,8,30,18,12,27,4,23
S01009620,303,12,8,4,23,3,15,4,1,20,3,6,2,2,7,21,16,5,53,4,18,15,16,56,45,11,24,17,7,48,28,20,46,12,34
S01009621,325,17,9,8,24,2,7,4,11,36,9,4,5,4,14,32,26,6,59,0,24,23,12,65,53,12,20,15,5,41,23,18,31,4,27
S01009622,268,12,10,2,14,2,4,5,3,24,7,7,4,2,4,32,28,4,37,4,11,11,11,38,30,8,27,21,6,37,17,20,47,9,38
S01009623,198,12,9,3,11,2,4,3,2,13,3,3,3,1,3,17,13,4,28,2,13,8,5,41,32,9,21,16,5,27,13,14,28,6,22
S01009624,366,19,14,5,24,2,12,3,7,29,11,0,7,1,10,32,23,9,49,3,25,15,6,52,43,9,35,29,6,59,33,26,67,11,56
S01009625,369,21,9,12,11,1,5,4,1,17,3,1,5,1,7,28,23,5,53,2,19,19,13,56,39,17,49,45,4,61,43,18,73,20,53
S01009626,190,5,1,4,11,3,4,0,4,15,2,4,3,0,6,17,13,4,22,2,10,5,5,30,25,5,28,23,5,24,11,13,38,7,31
S01009627,325,16,6,10,23,8,8,3,4,29,7,2,8,4,8,25,19,6,41,3,16,17,5,45,33,12,47,39,8,54,36,18,45,7,38
S01009628,155,5,3,2,7,1,0,1,5,18,10,2,2,0,4,9,7,2,17,4,3,7,3,23,17,6,12,11,1,24,13,11,40,3,37
S01009629,438,14,11,3,28,7,11,3,7,25,7,4,2,2,10,35,32,3,78,4,37,25,12,77,62,15,42,35,7,69,44,25,70,13,57
S01009630,291,12,9,3,13,3,8,0,2,20,3,5,4,2,6,25,17,8,50,2,22,18,8,44,36,8,38,30,8,39,20,19,50,12,38
S01009631,264,9,5,4,7,0,1,1,5,14,1,3,4,3,3,21,15,6,46,6,17,12,11,41,31,10,28,21,7,42,24,18,56,15,41
S01009632,175,11,8,3,7,3,3,0,1,8,2,2,0,1,3,15,11,4,29,2,14,7,6,24,18,6,18,16,2,21,13,8,42,10,32
S01009633,247,6,1,5,8,0,3,2,3,13,1,3,5,0,4,20,14,6,36,2,17,15,2,26,22,4,33,26,7,39,23,16,66,16,50
S01009634,160,5,3,2,10,2,3,3,2,9,2,2,1,3,1,15,10,5,27,2,14,4,7,22,21,1,17,16,1,21,11,10,34,6,28
S01009635,384,17,7,10,32,5,11,7,9,25,4,6,7,4,4,34,25,9,58,4,27,19,8,48,39,9,51,44,7,59,29,30,60,10,50
S01009636,329,14,9,5,14,4,8,2,0,21,5,4,1,4,7,26,20,6,56,3,25,14,14,54,43,11,34,31,3,50,26,24,60,11,49
S01009637,339,19,12,7,22,1,10,4,7,26,6,4,3,1,12,47,35,12,60,3,23,21,13,48,38,10,37,33,4,37,23,14,43,10,33
S01009638,230,15,8,7,18,7,4,5,2,17,5,0,3,1,8,10,7,3,35,3,14,12,6,40,33,7,27,24,3,29,20,9,39,12,27
S01009639,338,33,18,15,66,15,18,19,14,55,7,6,8,5,29,49,34,15,39,1,19,12,7,31,20,11,16,12,4,22,14,8,27,3,24
S01009640,214,4,3,1,17,1,5,10,1,29,4,8,5,1,11,23,16,7,29,2,14,7,6,32,25,7,24,17,7,31,22,9,25,5,20
S01009641,309,19,10,9,28,4,10,9,5,36,7,9,12,0,8,38,34,4,48,2,16,21,9,36,26,10,30,22,8,30,17,13,44,9,35
S01009642,464,30,13,17,56,8,28,13,7,62,11,10,11,11,19,59,43,16,65,5,26,23,11,61,53,8,42,30,12,46,28,18,43,7,36
S01009643,343,32,22,10,52,16,13,14,9,50,8,6,14,2,20,36,28,8,43,1,15,20,7,33,27,6,33,28,5,36,30,6,28,7,21
S01009644,343,19,9,10,40,7,13,10,10,33,8,7,3,4,11,23,19,4,44,4,17,20,3,47,35,12,46,38,8,51,30,21,40,3,37
S01009645,277,22,15,7,20,3,8,6,3,20,8,0,4,0,8,32,26,6,45,4,16,19,6,40,34,6,28,20,8,31,25,6,39,6,33
S01009646,244,9,7,2,22,3,8,4,7,23,2,4,1,4,12,17,12,5,36,3,20,3,10,28,24,4,26,20,6,51,28,23,32,5,27
S01009647,222,8,4,4,14,2,2,5,5,25,6,10,3,2,4,28,19,9,40,3,20,14,3,24,16,8,27,24,3,30,17,13,26,8,18
S01009648,377,14,4,10,33,4,10,9,10,32,2,7,9,2,12,46,35,11,70,6,28,25,11,52,38,14,33,22,11,47,30,17,50,11,39
S01009649,445,30,24,6,51,6,21,18,6,60,15,10,12,1,22,60,49,11,63,7,28,21,7,42,35,7,44,39,5,50,39,11,45,7,38
S01009650,345,39,17,22,45,3,10,15,17,54,12,9,11,3,19,43,35,8,53,4,25,20,4,28,23,5,28,23,5,24,18,6,31,5,26
S01009651,434,40,17,23,106,13,19,48,26,58,12,1,4,12,29,40,25,15,64,32,14,13,5,36,27,9,24,18,6,24,13,11,42,14,28
S01009652,314,48,20,28,93,13,26,26,28,35,2,10,5,5,13,30,22,8,32,3,16,10,3,28,20,8,20,15,5,8,2,6,20,2,18
S01009653,273,31,24,7,77,9,19,24,25,33,9,9,3,1,11,31,24,7,43,0,16,22,5,19,14,5,12,10,2,13,8,5,14,0,14
S01009654,246,25,11,14,45,3,16,15,11,27,2,3,3,6,13,21,19,2,39,5,10,14,10,32,26,6,8,7,1,15,7,8,34,4,30
S01009655,353,16,10,6,25,4,11,3,7,23,5,5,4,2,7,12,10,2,50,2,14,26,8,48,40,8,45,38,7,57,36,21,77,11,66
S01009656,226,14,7,7,19,3,10,4,2,18,4,0,3,3,8,12,7,5,30,2,13,9,6,33,30,3,23,20,3,40,23,17,37,7,30
S01009657,379,31,17,14,49,9,17,14,9,39,11,5,8,1,14,44,34,10,48,4,14,20,10,33,24,9,42,35,7,55,37,18,38,12,26
S01009658,344,16,11,5,23,5,9,4,5,24,7,4,3,4,6,33,27,6,53,1,26,21,5,55,52,3,27,25,2,57,32,25,56,11,45
S01009659,228,13,5,8,24,6,4,9,5,21,4,3,3,1,10,23,16,7,43,4,17,13,9,32,24,8,16,15,1,26,13,13,30,9,21
S01009660,468,33,19,14,38,9,14,12,3,50,10,2,17,3,18,52,43,9,70,2,32,29,7,65,55,10,47,36,11,56,34,22,57,15,42
S01009661,443,63,38,25,89,16,30,27,16,52,8,10,4,4,26,39,25,14,72,36,17,15,4,31,27,4,24,19,5,38,21,17,35,10,25
S01009662,371,36,25,11,65,12,15,28,10,43,7,4,8,7,17,43,31,12,66,13,27,16,10,22,20,2,19,15,4,32,15,17,45,14,31
S01009663,312,33,19,14,78,13,21,25,19,43,7,7,10,4,15,28,22,6,41,8,15,11,7,28,23,5,13,13,0,21,9,12,27,4,23
S01009664,463,47,28,19,118,20,31,43,24,57,11,9,9,7,21,46,30,16,61,14,16,27,4,39,31,8,28,22,6,33,5,28,34,13,21
S01009665,309,28,21,7,42,7,13,11,11,32,7,7,4,2,12,30,23,7,47,4,16,21,6,37,26,11,21,17,4,35,17,18,37,6,31
S01009666,362,26,17,9,65,12,16,26,11,51,12,2,11,11,15,40,31,9,71,7,28,25,11,34,25,9,23,20,3,26,11,15,26,5,21
S01009667,266,35,21,14,62,6,17,22,17,32,2,6,6,3,15,28,18,10,43,9,10,20,4,16,12,4,13,9,4,13,9,4,24,10,14
S01009668,308,31,22,9,68,11,21,23,13,45,8,5,10,2,20,27,24,3,39,6,14,12,7,28,18,10,22,20,2,22,15,7,26,5,21
S01009669,229,17,11,6,50,9,13,13,15,26,5,9,1,4,7,21,15,6,42,4,15,18,5,21,16,5,17,12,5,18,8,10,17,5,12
S01009670,395,53,38,15,104,16,31,35,22,52,6,10,5,7,24,31,24,7,42,6,14,12,10,27,23,4,22,19,3,30,18,12,34,5,29
S01009671,341,47,32,15,64,14,18,14,18,46,7,8,4,5,22,30,25,5,42,11,14,12,5,32,24,8,30,25,5,18,8,10,32,15,17
S01009672,381,25,16,9,44,3,15,15,11,27,3,5,2,3,14,26,20,6,67,13,25,24,5,69,57,12,29,21,8,44,23,21,50,14,36
S01009673,379,40,25,15,63,11,16,20,16,49,8,5,12,11,13,35,29,6,60,8,23,16,13,38,29,9,25,21,4,32,14,18,37,15,22
S01009674,429,58,40,18,93,18,24,27,24,56,5,5,10,8,28,38,26,12,78,31,17,20,10,29,16,13,25,18,7,26,9,17,26,6,20
S01009675,449,39,31,8,85,20,22,26,17,75,10,13,7,15,30,42,35,7,62,16,16,24,6,43,36,7,31,26,5,31,17,14,41,5,36
S01009676,410,52,30,22,71,13,20,19,19,32,2,5,5,8,12,39,32,7,76,22,15,26,13,48,39,9,30,22,8,33,19,14,29,7,22
S01009677,306,34,24,10,73,8,24,16,25,31,3,7,3,5,13,30,19,11,67,35,13,14,5,22,16,6,21,19,2,13,3,10,15,5,10
S01009678,294,17,9,8,25,4,9,6,6,39,4,8,6,7,14,26,18,8,53,9,18,23,3,37,31,6,21,15,6,36,23,13,40,16,24
S01009679,433,36,21,15,59,7,18,18,16,53,10,14,6,5,18,52,35,17,60,9,19,25,7,28,20,8,38,29,9,59,32,27,48,15,33
S01009680,402,28,18,10,55,8,18,15,14,51,7,7,7,14,16,27,21,6,66,11,20,22,13,40,29,11,41,32,9,43,29,14,51,20,31
S01009681,320,14,11,3,68,10,30,21,7,29,6,4,10,4,5,31,21,10,44,2,16,17,9,29,20,9,22,18,4,29,11,18,54,9,45
S01009682,304,32,17,15,65,12,21,21,11,44,5,3,14,0,22,33,23,10,26,5,10,8,3,38,28,10,27,22,5,18,8,10,21,4,17
S01009683,361,33,21,12,108,13,28,33,34,43,4,3,8,10,18,39,32,7,27,3,10,12,2,36,28,8,32,27,5,14,7,7,29,1,28
S01009684,561,68,40,28,144,20,24,58,42,78,4,12,21,13,28,51,30,21,78,27,27,15,9,44,38,6,28,23,5,25,13,12,45,9,36
S01009685,282,23,13,10,43,14,16,9,4,26,0,5,7,2,12,22,16,6,53,9,21,15,8,36,31,5,15,13,2,25,13,12,39,10,29
S01009686,526,38,21,17,101,16,25,34,26,47,10,5,11,3,18,42,25,17,71,10,19,31,11,63,49,14,60,52,8,33,15,18,71,4,67
S01009687,346,19,10,9,42,5,11,16,10,62,6,4,39,2,11,33,27,6,45,8,12,17,8,42,30,12,30,29,1,22,5,17,51,6,45
S01009688,359,17,7,10,29,6,11,7,5,28,2,4,12,2,8,24,21,3,49,9,8,19,13,54,43,11,42,39,3,42,19,23,74,12,62
S01009689,306,23,13,10,71,15,13,33,10,30,6,4,5,8,7,21,16,5,38,3,10,11,14,37,27,10,18,14,4,17,11,6,51,10,41
S01009690,354,27,18,9,75,17,16,20,22,46,8,5,9,9,15,36,29,7,37,3,15,10,9,43,33,10,23,22,1,29,11,18,38,7,31
S01009691,281,35,17,18,64,12,13,21,18,41,8,6,13,2,12,30,23,7,27,4,6,10,7,27,20,7,26,23,3,8,4,4,23,2,21
S01009692,451,46,23,23,93,14,31,29,19,63,7,15,8,8,25,41,30,11,52,4,24,15,9,43,37,6,38,31,7,30,9,21,45,6,39
S01009693,301,20,12,8,64,9,12,26,17,42,4,3,14,1,20,42,28,14,35,7,13,14,1,36,25,11,20,17,3,17,12,5,25,3,22
S01009694,428,35,24,11,101,16,14,44,27,65,10,9,12,4,30,48,34,14,41,4,15,17,5,42,29,13,29,25,4,26,16,10,41,3,38
S01009695,294,47,25,22,70,10,12,28,20,35,9,3,7,10,6,28,20,8,44,16,8,11,9,18,15,3,13,12,1,13,3,10,26,5,21
S01009696,461,65,38,27,120,13,35,54,18,60,7,10,6,13,24,49,32,17,54,16,8,22,8,42,30,12,24,22,2,20,7,13,27,8,19
S01009697,349,33,16,17,99,16,21,40,22,49,7,5,8,9,20,36,27,9,50,20,10,15,5,19,12,7,21,17,4,14,7,7,28,6,22
S01009698,307,42,19,23,73,5,13,31,24,31,4,2,1,8,16,27,15,12,50,23,7,11,9,22,12,10,13,11,2,12,6,6,37,9,28
S01009699,168,23,10,13,37,5,11,10,11,12,0,1,0,4,7,13,10,3,24,12,2,6,4,16,9,7,15,12,3,10,3,7,18,7,11
S01009700,302,31,15,16,39,9,4,11,15,29,8,3,3,6,9,25,13,12,71,22,9,22,18,30,22,8,18,17,1,15,6,9,44,11,33
S01009701,152,25,13,12,30,0,7,12,11,22,1,3,0,7,11,14,10,4,19,8,5,3,3,18,10,8,10,10,0,3,1,2,11,2,9
S01009702,316,35,17,18,75,14,11,30,20,26,5,1,4,3,13,31,20,11,65,27,8,22,8,24,17,7,12,11,1,10,4,6,38,12,26
S01009703,257,20,5,15,31,3,7,15,6,24,1,2,0,8,13,30,22,8,49,15,8,13,13,28,20,8,20,16,4,19,4,15,36,9,27
S01009704,448,49,16,33,79,10,21,29,19,55,5,9,8,14,19,46,32,14,68,15,9,22,22,45,26,19,32,30,2,26,16,10,48,5,43
S01009705,364,35,17,18,29,4,9,12,4,38,6,9,5,7,11,25,17,8,90,21,22,28,19,59,29,30,24,23,1,26,9,17,38,2,36
S01009706,286,31,14,17,43,4,4,25,10,39,1,10,5,12,11,17,14,3,60,17,14,10,19,31,24,7,19,15,4,19,8,11,27,3,24
S01009707,255,28,10,18,68,12,16,35,5,30,3,4,6,9,8,26,17,9,29,4,7,7,11,24,17,7,16,15,1,12,8,4,22,3,19
S01009708,264,26,11,15,55,4,13,25,13,20,3,1,3,1,12,29,22,7,47,13,8,11,15,28,15,13,16,14,2,16,7,9,27,3,24
S01009709,368,41,19,22,57,7,12,23,15,33,3,2,9,5,14,40,24,16,75,9,19,32,15,38,27,11,19,16,3,19,8,11,46,8,38
S01009710,282,31,9,22,47,5,15,20,7,33,4,2,7,6,14,28,14,14,52,9,9,17,17,27,15,12,18,16,2,19,11,8,27,2,25
S01009711,346,43,12,31,43,9,7,16,11,27,4,7,5,5,6,32,18,14,54,7,7,20,20,46,33,13,36,32,4,18,9,9,47,4,43
S01009712,267,27,8,19,52,10,13,16,13,23,4,2,5,3,9,24,17,7,49,15,10,11,13,30,21,9,17,16,1,15,7,8,30,7,23
S01009713,361,38,18,20,65,12,15,27,11,36,4,3,3,12,14,37,19,18,74,30,8,26,10,34,21,13,19,19,0,11,0,11,47,6,41
S01009714,384,60,23,37,81,14,13,45,9,32,9,1,3,11,8,26,20,6,53,15,10,18,10,39,25,14,39,35,4,19,10,9,35,2,33
S01009715,320,34,15,19,81,6,12,49,14,17,3,3,4,2,5,31,17,14,63,34,9,10,10,31,17,14,13,12,1,9,2,7,41,11,30
S01009716,283,30,13,17,88,25,13,32,18,34,3,4,4,9,14,28,20,8,22,5,7,9,1,26,9,17,16,14,2,7,1,6,32,2,30
S01009717,305,15,6,9,53,16,5,25,7,25,3,2,1,11,8,22,11,11,31,4,5,6,16,41,23,18,32,24,8,9,0,9,77,4,73
S01009718,319,15,8,7,61,18,11,26,6,13,5,2,0,0,6,23,16,7,37,1,12,10,14,34,21,13,31,28,3,20,7,13,85,4,81
S01009719,345,29,12,17,44,11,8,18,7,24,4,4,6,3,7,25,15,10,57,6,13,19,19,40,26,14,28,25,3,18,9,9,80,8,72
S01009720,341,14,7,7,53,18,6,18,11,31,10,3,3,4,11,26,16,10,51,10,4,14,23,50,24,26,20,18,2,16,3,13,80,5,75
S01009721,154,10,5,5,37,15,1,17,4,12,0,1,5,3,3,15,10,5,8,1,2,3,2,11,3,8,15,15,0,2,1,1,44,1,43
S01009722,269,29,18,11,71,17,3,40,11,22,2,2,4,2,12,19,12,7,6,1,0,0,5,27,15,12,19,18,1,7,5,2,69,0,69
S01009723,197,11,3,8,58,15,3,33,7,28,3,4,0,11,10,20,14,6,11,1,0,1,9,11,5,6,15,15,0,1,0,1,42,2,40
S01009724,360,16,5,11,90,26,4,51,9,23,3,4,3,5,8,25,15,10,36,7,7,7,15,50,25,25,18,16,2,14,2,12,88,3,85
S01009725,206,14,5,9,44,17,5,21,1,11,3,1,0,4,3,16,9,7,14,3,2,1,8,9,4,5,23,23,0,0,0,0,75,0,75
S01009726,220,40,12,28,38,6,2,22,8,26,1,2,4,8,11,8,6,2,9,1,1,1,6,11,6,5,22,21,1,3,2,1,63,0,63
S01009727,375,54,25,29,109,13,27,42,27,41,2,3,5,8,23,32,20,12,42,13,8,9,12,21,10,11,18,16,2,9,3,6,49,15,34
S01009728,353,49,22,27,125,23,17,63,22,42,12,5,2,2,21,42,22,20,28,7,4,7,10,16,9,7,11,10,1,10,7,3,30,1,29
S01009729,264,24,10,14,99,15,17,47,20,30,2,4,2,7,15,28,17,11,22,0,5,8,9,16,13,3,12,10,2,12,6,6,21,0,21
S01009730,256,19,11,8,53,17,12,15,9,26,4,5,5,2,10,32,26,6,24,3,3,9,9,29,17,12,18,14,4,13,3,10,42,0,42
S01009731,184,19,8,11,69,12,6,40,11,25,1,1,4,8,11,24,15,9,9,1,1,2,5,6,1,5,8,7,1,7,3,4,17,0,17
S01009732,259,27,14,13,84,13,15,42,14,18,0,2,0,9,7,22,15,7,17,2,6,3,6,14,7,7,22,20,2,9,6,3,46,1,45
S01009733,251,24,18,6,69,13,10,32,14,28,2,5,5,5,11,25,18,7,27,9,7,7,4,27,17,10,11,9,2,11,0,11,29,4,25
S01009734,441,67,31,36,123,17,26,57,23,49,7,4,9,5,24,45,28,17,57,18,12,16,11,29,17,12,18,16,2,8,6,2,45,3,42
S01009735,305,46,25,21,123,18,13,64,28,40,2,1,4,17,16,28,20,8,12,4,0,4,4,7,6,1,23,20,3,2,0,2,24,0,24
S01009736,303,22,6,16,66,9,9,32,16,35,5,6,4,12,8,28,22,6,8,5,1,0,2,16,6,10,39,36,3,2,1,1,87,1,86
S01009737,419,15,9,6,28,2,15,8,3,169,6,9,138,4,12,35,24,11,30,1,3,10,16,28,23,5,40,34,6,16,6,10,58,5,53
S01009738,248,29,14,15,32,8,5,18,1,29,3,1,6,5,14,32,23,9,33,3,7,14,9,23,10,13,17,15,2,20,7,13,33,1,32
S01009739,431,64,51,13,63,9,21,24,9,127,10,10,96,2,9,44,36,8,30,13,4,3,10,31,21,10,15,13,2,16,7,9,41,2,39
S01009740,249,28,12,16,22,8,7,2,5,30,2,3,16,4,5,29,23,6,37,6,9,10,12,26,15,11,22,17,5,11,4,7,44,5,39
S01009741,578,43,39,4,14,3,6,5,0,437,2,1,428,4,2,11,8,3,10,2,1,1,6,19,15,4,16,12,4,9,2,7,19,1,18
S01009742,249,33,16,17,80,12,18,31,19,33,5,3,1,14,10,23,16,7,28,16,3,5,4,19,11,8,8,5,3,6,0,6,19,5,14
S01009743,447,42,31,11,134,16,47,43,28,48,11,4,6,5,22,42,32,10,62,9,23,19,11,39,27,12,24,22,2,25,8,17,31,15,16
S01009744,345,42,31,11,71,14,15,32,10,48,4,4,15,4,21,48,33,15,40,9,12,13,6,19,10,9,21,16,5,23,5,18,33,3,30
S01009745,548,42,25,17,117,26,33,37,21,100,8,3,32,10,47,65,52,13,61,10,22,18,11,47,39,8,48,42,6,23,12,11,45,7,38
S01009746,291,25,10,15,78,15,13,23,27,35,2,7,3,13,10,23,15,8,56,29,9,11,7,25,20,5,8,7,1,16,7,9,25,9,16
S01009747,338,32,14,18,61,18,11,18,14,53,8,5,11,7,22,44,35,9,38,3,13,8,14,27,20,7,26,19,7,17,7,10,40,1,39
S01009748,346,34,23,11,90,21,17,34,18,51,6,7,12,5,21,43,36,7,33,3,10,10,10,21,16,5,24,19,5,15,7,8,35,4,31
S01009749,477,45,27,18,129,25,24,52,28,70,10,11,10,8,31,40,30,10,37,5,12,15,5,45,37,8,27,18,9,39,20,19,45,6,39
S01009750,330,14,8,6,57,9,18,19,11,51,8,7,12,5,19,33,20,13,44,10,13,12,9,37,25,12,27,22,5,28,7,21,39,3,36
S01009751,421,20,14,6,69,16,19,17,17,51,14,9,11,6,11,46,38,8,54,2,20,18,14,56,48,8,32,26,6,40,21,19,53,9,44
S01009752,297,28,14,14,138,31,39,47,21,38,3,4,3,9,19,34,25,9,9,1,4,4,0,19,16,3,18,15,3,3,1,2,10,2,8
S01009753,295,28,15,13,106,13,27,43,23,54,4,8,9,12,21,28,17,11,27,1,10,8,8,17,12,5,13,12,1,6,3,3,16,2,14
S01009754,372,28,20,8,128,25,33,44,26,44,4,9,4,10,17,36,30,6,33,4,13,12,4,38,27,11,23,18,5,18,7,11,24,5,19
S01009755,333,30,21,9,122,16,41,42,23,48,9,12,4,9,14,26,22,4,33,4,12,12,5,22,17,5,27,19,8,10,3,7,15,2,13
S01009756,359,35,24,11,137,22,32,53,30,45,5,9,8,7,16,35,28,7,22,0,8,8,6,22,15,7,17,13,4,24,9,15,22,2,20
S01009757,311,28,19,9,142,20,37,58,27,47,2,14,3,9,19,22,14,8,32,4,12,9,7,15,11,4,9,6,3,5,2,3,11,0,11
S01009758,332,20,14,6,50,9,9,17,15,49,7,2,5,1,34,54,42,12,36,1,17,10,8,30,20,10,40,38,2,21,2,19,32,7,25
S01009759,323,6,4,2,11,3,4,1,3,19,1,7,1,6,4,20,16,4,35,0,5,15,15,56,49,7,44,39,5,30,12,18,102,12,90
S01009760,318,5,3,2,17,3,4,5,5,33,3,8,2,2,18,32,31,1,38,2,18,13,5,36,31,5,41,37,4,41,21,20,75,11,64
S01009761,464,29,21,8,53,9,17,14,13,49,6,4,5,5,29,70,61,9,55,4,20,17,14,47,38,9,61,41,20,38,8,30,62,10,52
S01009762,350,11,5,6,11,3,5,2,1,26,2,9,4,2,9,29,24,5,42,3,8,12,19,59,44,15,45,41,4,38,21,17,89,13,76
S01009763,417,59,36,23,96,21,31,20,24,66,5,8,5,8,40,49,41,8,40,4,13,14,9,26,16,10,41,38,3,19,5,14,21,2,19
S01009764,276,16,9,7,23,6,9,5,3,22,1,6,4,0,11,32,25,7,33,1,12,7,13,52,36,16,39,31,8,22,5,17,37,4,33
S01009765,442,35,15,20,40,8,17,7,8,40,1,11,4,2,22,67,57,10,53,0,22,17,14,58,43,15,64,49,15,35,11,24,50,5,45
S01009766,338,18,13,5,35,8,12,8,7,43,4,5,3,8,23,48,34,14,48,0,25,13,10,41,33,8,36,31,5,37,18,19,32,2,30
S01009767,198,14,9,5,9,2,3,1,3,20,2,2,2,3,11,18,14,4,26,2,12,10,2,33,28,5,32,27,5,20,7,13,26,2,24
S01009768,294,23,10,13,37,10,16,7,4,32,2,5,4,3,18,30,26,4,38,2,8,18,10,31,21,10,51,44,7,21,11,10,31,5,26
S01009769,374,26,14,12,55,10,12,12,21,64,7,11,11,5,30,45,39,6,37,1,13,9,14,47,25,22,49,34,15,25,10,15,26,3,23
S01009770,353,30,16,14,37,5,10,11,11,44,2,6,3,2,31,48,42,6,49,0,24,13,12,32,25,7,58,47,11,27,8,19,28,0,28
S01009771,441,53,29,24,51,10,16,16,9,56,4,9,8,6,29,74,55,19,51,0,18,16,17,33,26,7,56,48,8,32,11,21,35,4,31
S01009772,354,26,14,12,43,8,15,13,7,51,12,4,10,2,23,52,46,6,39,2,19,10,8,50,40,10,40,30,10,25,5,20,28,3,25
S01009773,280,32,14,18,64,22,21,8,13,35,4,3,7,3,18,29,26,3,44,0,19,12,13,21,15,6,30,23,7,14,3,11,11,3,8
S01009774,264,33,17,16,59,18,24,7,10,45,3,7,8,3,24,32,25,7,27,0,9,5,13,15,11,4,28,25,3,14,4,10,11,0,11
S01009775,276,9,5,4,17,1,7,4,5,19,0,6,1,3,9,26,20,6,40,3,12,16,9,39,32,7,34,32,2,19,6,13,73,7,66
S01009776,206,12,7,5,5,1,3,1,0,13,5,2,0,0,6,16,13,3,24,4,11,5,4,34,20,14,41,36,5,13,4,9,48,2,46
S01009777,219,8,6,2,14,1,8,3,2,18,3,3,1,4,7,30,25,5,17,0,1,10,6,36,27,9,27,20,7,22,13,9,47,5,42
S01009778,248,8,6,2,16,1,6,4,5,17,1,2,3,2,9,29,23,6,34,1,9,20,4,38,31,7,31,26,5,33,16,17,42,4,38
S01009779,169,4,1,3,7,0,4,2,1,18,3,3,3,2,7,18,16,2,19,2,5,7,5,28,22,6,26,24,2,17,5,12,32,4,28
S01009780,203,6,2,4,7,2,3,1,1,10,3,4,1,1,1,18,15,3,17,0,5,3,9,37,31,6,25,23,2,18,8,10,65,8,57
S01009781,199,4,1,3,5,1,2,0,2,16,5,4,2,1,4,18,15,3,22,1,9,4,8,34,26,8,29,25,4,23,9,14,48,5,43
S01009782,262,20,14,6,28,7,8,4,9,32,1,4,7,0,20,24,22,2,30,1,15,12,2,31,22,9,40,32,8,28,5,23,29,3,26
S01009783,306,13,5,8,19,1,10,6,2,23,3,7,3,1,9,33,27,6,43,1,18,11,13,52,40,12,41,35,6,23,9,14,59,8,51
S01009784,251,5,4,1,12,3,5,1,3,23,2,9,5,3,4,29,26,3,24,1,8,10,5,46,35,11,38,26,12,17,9,8,57,6,51
S01009785,286,11,4,7,14,2,6,3,3,17,0,8,0,2,7,36,27,9,27,0,7,14,6,51,36,15,46,41,5,34,13,21,50,8,42
S01009786,317,13,6,7,11,2,3,1,5,19,1,4,1,1,12,23,21,2,36,2,9,20,5,62,48,14,51,38,13,27,11,16,75,9,66
S01009787,308,10,4,6,15,1,7,3,4,28,2,11,5,5,5,43,35,8,30,2,9,15,4,46,33,13,48,42,6,30,10,20,58,7,51
S01009788,334,15,11,4,19,6,6,2,5,36,7,9,3,2,15,41,34,7,34,1,12,20,1,53,40,13,39,33,6,41,10,31,56,9,47
S01009789,346,17,10,7,34,6,12,8,8,26,3,9,4,5,5,45,33,12,44,1,17,16,10,50,42,8,40,36,4,41,15,26,49,5,44
S01009790,285,8,6,2,18,3,8,3,4,27,2,9,2,2,12,44,35,9,40,2,17,17,4,46,40,6,30,27,3,31,11,20,41,4,37
S01009791,228,7,4,3,17,1,5,6,5,15,0,4,0,4,7,21,17,4,29,0,8,14,7,42,30,12,27,22,5,28,9,19,42,9,33
S01009792,527,76,53,23,114,19,31,21,43,81,12,7,9,10,43,45,31,14,49,0,28,10,11,31,17,14,70,57,13,31,17,14,30,4,26
S01009793,440,29,23,6,59,13,15,19,12,53,5,6,11,3,28,70,58,12,55,1,24,20,10,40,30,10,55,40,15,38,14,24,41,2,39
S01009794,338,25,13,12,73,10,21,15,27,34,3,3,6,5,17,61,50,11,39,0,21,13,5,35,28,7,34,24,10,15,7,8,22,4,18
S01009795,497,56,36,20,101,20,22,31,28,67,11,11,9,2,34,77,64,13,58,1,30,21,6,35,26,9,57,39,18,17,7,10,29,4,25
S01009796,399,52,34,18,75,13,28,15,19,51,6,8,5,2,30,51,40,11,52,0,14,19,19,33,23,10,38,32,6,19,11,8,28,2,26
S01009797,429,33,20,13,76,15,25,16,20,63,16,9,11,4,23,60,51,9,59,3,24,22,10,34,24,10,43,30,13,30,13,17,31,5,26
S01009798,421,36,27,9,80,23,16,19,22,62,8,5,11,10,28,60,49,11,45,0,22,16,7,52,36,16,32,21,11,23,3,20,31,3,28
S01009799,292,12,8,4,9,4,2,0,3,19,3,1,3,8,4,41,32,9,41,1,15,13,12,51,44,7,35,28,7,21,7,14,63,3,60
S01009800,465,19,12,7,33,9,13,5,6,44,7,19,2,6,10,56,49,7,48,3,17,17,11,78,62,16,61,46,15,57,22,35,69,4,65
S01009801,320,12,8,4,26,5,8,11,2,21,5,4,1,3,8,33,26,7,29,2,10,11,6,46,33,13,46,36,10,41,14,27,66,7,59
S01009802,450,24,15,9,39,9,14,7,9,52,4,22,8,2,16,51,41,10,58,4,21,12,21,56,41,15,62,48,14,53,25,28,55,6,49
S01009803,284,10,7,3,27,4,14,4,5,29,5,10,1,4,9,41,36,5,30,1,11,11,7,43,35,8,38,36,2,16,5,11,50,10,40
S01009804,269,26,17,9,77,19,23,17,18,57,4,5,4,5,39,18,12,6,19,0,10,6,3,29,22,7,21,19,2,14,8,6,8,0,8
S01009805,364,13,9,4,35,11,10,2,12,33,4,11,4,6,8,55,48,7,33,1,8,16,8,48,35,13,49,35,14,33,20,13,65,7,58
S01009806,356,13,6,7,36,5,9,10,12,42,11,10,3,2,16,49,37,12,35,1,15,14,5,65,46,19,39,29,10,31,12,19,46,4,42
S01009807,430,18,5,13,29,2,7,12,8,37,3,9,4,6,15,54,43,11,69,4,27,19,19,63,49,14,57,45,12,26,13,13,77,8,69
S01009808,314,7,3,4,20,3,10,4,3,24,6,3,4,3,8,34,26,8,39,3,12,16,8,46,34,12,46,41,5,30,12,18,68,7,61
S01009809,339,18,9,9,26,4,6,6,10,44,2,9,3,5,25,57,47,10,36,0,17,13,6,38,29,9,41,31,10,28,10,18,51,3,48
S01009810,293,10,7,3,28,3,8,9,8,31,5,6,3,4,13,52,37,15,44,0,15,13,16,32,21,11,35,30,5,20,7,13,41,1,40
S01009811,404,22,12,10,31,7,10,10,4,39,5,6,6,4,18,49,37,12,58,4,15,29,10,54,45,9,60,50,10,40,15,25,51,8,43
S01009812,293,9,7,2,32,9,10,7,6,24,7,4,2,2,9,48,39,9,40,1,13,18,8,45,28,17,33,25,8,18,4,14,44,5,39
S01009813,220,8,5,3,8,2,3,1,2,16,0,5,1,1,9,23,17,6,18,0,4,3,11,43,37,6,43,42,1,16,2,14,45,4,41
S01009814,360,21,9,12,68,16,12,27,13,38,3,7,2,8,18,53,38,15,42,3,20,13,6,32,21,11,37,29,8,26,8,18,43,8,35
S01009815,362,28,18,10,37,6,8,11,12,60,6,10,4,11,29,55,50,5,33,0,19,10,4,46,37,9,44,35,9,26,12,14,33,2,31
S01009816,393,9,7,2,59,13,23,15,8,40,4,10,6,3,17,57,43,14,49,2,21,17,9,46,37,9,51,42,9,41,14,27,41,4,37
S01009817,288,9,7,2,32,4,9,7,12,31,5,8,2,1,15,38,35,3,35,2,17,13,3,34,23,11,44,35,9,30,12,18,35,4,31
S01009818,407,34,25,9,96,19,19,31,27,51,3,9,7,5,27,69,59,10,45,2,23,13,7,29,21,8,39,27,12,17,8,9,27,2,25
S01009819,250,24,10,14,60,11,11,19,19,29,1,6,4,3,15,31,26,5,28,1,10,13,4,23,17,6,26,19,7,15,4,11,14,3,11
S01009820,428,28,20,8,66,12,20,21,13,71,8,16,9,11,27,63,53,10,50,3,20,20,7,39,26,13,45,37,8,32,17,15,34,4,30
S01009821,322,31,21,10,75,14,17,27,17,35,5,7,3,2,18,33,30,3,39,1,16,14,8,25,18,7,43,36,7,20,3,17,21,4,17
S01009822,208,9,6,3,22,2,11,4,5,29,5,9,4,2,9,24,20,4,27,1,15,7,4,17,14,3,28,19,9,22,13,9,30,3,27
S01009823,258,16,9,7,16,3,7,4,2,21,5,3,5,0,8,30,27,3,36,1,11,11,13,42,35,7,29,23,6,30,11,19,38,5,33
S01009824,366,24,11,13,34,5,21,4,4,40,2,9,6,4,19,32,27,5,56,0,32,16,8,46,34,12,36,31,5,45,18,27,53,5,48
S01009825,415,23,16,7,38,9,16,5,8,41,6,8,6,4,17,52,41,11,41,2,20,14,5,62,44,18,42,36,6,33,12,21,83,10,73
S01009826,215,10,1,9,11,3,7,1,0,18,3,5,1,2,7,30,25,5,24,1,12,7,4,27,19,8,26,24,2,34,14,20,35,6,29
S01009827,332,10,6,4,16,2,7,5,2,22,6,5,0,2,9,37,29,8,44,1,10,23,10,63,49,14,41,30,11,42,18,24,57,10,47
S01009828,241,7,4,3,20,8,8,2,2,24,5,7,0,0,12,28,19,9,30,3,12,8,7,32,25,7,40,33,7,20,11,9,40,5,35
S01009829,444,24,15,9,58,15,20,11,12,59,11,14,8,8,18,75,62,13,49,1,19,18,11,52,37,15,43,28,15,36,18,18,48,6,42
S01009830,362,17,10,7,26,9,9,6,2,26,7,4,1,0,14,71,58,13,42,0,16,20,6,40,38,2,52,41,11,40,15,25,48,3,45
S01009831,409,13,9,4,50,9,13,19,9,47,15,3,7,6,16,77,62,15,42,2,17,17,6,38,30,8,60,44,16,29,13,16,53,6,47
S01009832,468,18,9,9,70,13,32,16,9,57,8,16,7,4,22,78,69,9,51,3,22,16,10,51,47,4,55,45,10,40,21,19,48,4,44
S01009833,298,20,11,9,41,6,29,4,2,46,9,14,1,4,18,34,25,9,37,1,12,19,5,35,24,11,21,12,9,24,10,14,40,5,35
S01009834,395,29,17,12,31,7,10,9,5,42,4,8,3,3,24,56,47,9,53,0,24,22,7,51,34,17,45,33,12,22,10,12,66,7,59
S01009835,212,7,5,2,11,4,3,2,2,9,0,3,1,0,5,24,18,6,15,0,4,9,2,36,24,12,33,25,8,22,11,11,55,7,48
S01009836,451,34,23,11,50,9,16,12,13,40,7,8,1,5,19,66,50,16,69,2,32,17,18,48,38,10,41,30,11,34,16,18,69,10,59
S01009837,275,19,14,5,17,3,9,3,2,17,3,3,2,1,8,34,31,3,25,0,9,14,2,59,50,9,27,18,9,31,11,20,46,4,42
S01009838,319,18,10,8,40,6,17,8,9,35,4,2,0,9,20,30,24,6,32,0,13,9,10,51,41,10,32,23,9,23,12,11,58,4,54
S01009839,419,20,12,8,46,11,21,2,12,46,6,12,5,10,13,51,39,12,29,0,13,7,9,56,40,16,56,36,20,33,16,17,82,5,77
S01009840,386,14,12,2,34,5,10,5,14,31,4,9,2,3,13,62,55,7,47,3,19,13,12,52,43,9,38,28,10,37,16,21,71,7,64
S01009841,340,17,15,2,26,5,14,2,5,36,4,16,2,7,7,36,26,10,34,0,6,11,17,37,27,10,43,30,13,30,16,14,81,9,72
S01009842,257,12,8,4,26,1,11,8,6,21,1,3,2,8,7,21,19,2,21,1,5,6,9,28,25,3,29,22,7,31,15,16,68,12,56
S01009843,187,0,0,0,18,4,12,0,2,18,1,3,2,3,9,20,19,1,20,0,4,7,9,24,15,9,24,16,8,15,6,9,48,10,38
S01009844,184,8,4,4,15,1,6,2,6,15,3,0,1,5,6,12,8,4,33,0,7,11,15,11,7,4,22,13,9,10,5,5,58,13,45
S01009845,311,15,9,6,17,8,3,4,2,25,3,7,0,5,10,29,25,4,38,0,9,9,20,44,29,15,25,18,7,25,13,12,93,19,74
S01009846,362,11,4,7,31,2,14,5,10,40,8,13,1,4,14,35,30,5,53,3,18,16,16,43,34,9,34,28,6,24,15,9,91,7,84
S01009847,272,12,5,7,11,0,5,3,3,24,3,5,1,4,11,34,25,9,22,0,9,6,7,51,42,9,32,23,9,24,9,15,62,6,56
S01009848,345,10,5,5,24,1,8,7,8,34,2,10,4,5,13,35,26,9,48,3,13,19,13,49,35,14,39,35,4,28,10,18,78,5,73
S01009849,298,14,11,3,40,11,12,6,11,30,4,5,2,4,15,44,39,5,36,3,12,13,8,34,24,10,41,33,8,19,5,14,40,7,33
S01009850,393,17,11,6,44,9,13,13,9,57,7,11,6,8,25,48,40,8,50,5,18,18,9,51,33,18,46,35,11,30,10,20,50,0,50
S01009851,337,15,9,6,34,7,9,9,9,37,7,4,3,6,17,44,34,10,40,1,18,14,7,50,42,8,35,28,7,31,11,20,51,3,48
S01009852,237,24,15,9,31,7,8,7,9,27,1,1,6,4,15,26,22,4,21,0,12,7,2,33,22,11,29,21,8,15,7,8,31,3,28
S01009853,336,23,8,15,51,9,13,15,14,29,4,3,5,3,14,49,43,6,36,0,12,18,6,56,46,10,31,22,9,25,11,14,36,3,33
S01009854,386,23,13,10,47,8,11,10,18,35,2,4,7,7,15,52,44,8,36,2,12,15,7,44,35,9,55,43,12,37,9,28,57,6,51
S01009855,285,21,14,7,64,15,16,12,21,22,1,7,3,1,10,40,31,9,31,1,18,11,1,29,21,8,31,26,5,25,12,13,22,2,20
S01009856,244,10,8,2,43,6,9,15,13,32,2,6,3,8,13,34,27,7,22,1,7,11,3,25,16,9,38,35,3,21,6,15,19,2,17
S01009857,380,21,13,8,56,13,16,20,7,57,10,18,3,7,19,47,37,10,42,2,17,21,2,54,41,13,52,44,8,27,10,17,24,3,21
S01009858,341,12,7,5,39,6,16,8,9,56,11,9,6,10,20,54,45,9,28,2,16,10,0,46,31,15,48,35,13,26,7,19,32,4,28
S01009859,334,9,2,7,29,9,10,6,4,30,5,4,4,4,13,38,34,4,31,1,10,13,7,48,36,12,43,33,10,25,17,8,81,4,77
S01009860,282,8,6,2,21,7,3,7,4,28,2,11,4,3,8,34,30,4,24,0,8,8,8,37,28,9,42,31,11,22,6,16,66,3,63
S01009861,378,18,11,7,36,6,6,12,12,55,7,9,3,15,21,40,34,6,41,0,13,9,19,46,29,17,30,22,8,22,6,16,90,10,80
S01009862,452,19,12,7,40,15,10,12,3,50,15,8,0,9,18,53,46,7,38,1,6,11,20,56,40,16,59,36,23,36,18,18,101,17,84
S01009863,370,22,12,10,42,18,8,10,6,36,5,4,1,7,19,41,37,4,36,2,15,9,10,45,33,12,66,54,12,18,13,5,64,6,58
S01009864,278,12,6,6,54,18,8,8,20,44,2,7,0,12,23,22,17,5,28,1,8,12,7,21,12,9,20,11,9,16,2,14,61,14,47
S01009865,226,11,4,7,28,9,6,4,9,27,3,6,3,7,8,33,26,7,28,1,10,7,10,19,14,5,32,21,11,8,5,3,40,0,40
S01009866,460,28,19,9,63,17,19,12,15,48,11,2,2,15,18,70,54,16,64,1,29,17,17,41,28,13,57,37,20,38,22,16,51,4,47
S01009867,651,60,33,27,165,47,36,33,49,126,12,6,20,34,54,84,68,16,44,2,14,12,16,38,19,19,47,28,19,19,7,12,68,4,64
S01009868,380,17,7,10,70,26,16,5,23,58,3,5,3,14,33,44,36,8,35,2,12,10,11,20,14,6,45,27,18,20,5,15,71,15,56
S01009869,294,24,16,8,45,17,16,4,8,41,8,3,1,13,16,32,28,4,29,0,10,5,14,21,16,5,38,31,7,21,5,16,43,3,40
S01009870,268,19,5,14,38,13,8,7,10,43,4,8,1,13,17,26,20,6,18,4,6,1,7,16,9,7,39,31,8,14,4,10,55,4,51
S01009871,361,46,25,21,67,11,26,16,14,49,8,7,0,16,18,38,31,7,30,2,11,6,11,22,14,8,43,37,6,26,9,17,40,4,36
S01009872,359,20,10,10,61,19,13,13,16,61,10,8,6,7,30,39,36,3,36,1,12,9,14,21,12,9,61,41,20,12,2,10,48,5,43
S01009873,389,61,42,19,108,19,39,19,31,44,9,5,2,10,18,40,32,8,28,2,15,7,4,22,15,7,37,23,14,13,4,9,36,3,33
S01009874,440,53,30,23,89,10,26,23,30,50,3,4,2,13,28,59,43,16,38,1,11,14,12,39,27,12,44,34,10,23,14,9,45,2,43
S01009875,234,23,13,10,41,4,13,6,18,37,5,3,1,8,20,19,17,2,15,0,6,1,8,20,14,6,28,26,2,14,4,10,37,1,36
S01009876,216,9,4,5,25,6,6,8,5,17,4,2,3,2,6,22,20,2,16,0,0,2,14,23,16,7,51,40,11,14,5,9,39,3,36
S01009877,411,75,43,32,161,35,41,44,41,65,4,11,0,25,25,28,24,4,25,1,5,7,12,14,13,1,21,18,3,9,2,7,13,1,12
S01009878,258,24,13,11,46,10,12,11,13,35,5,3,0,7,20,27,23,4,29,0,4,6,19,16,13,3,35,29,6,19,4,15,27,3,24
S01009879,434,93,59,34,171,23,49,34,65,71,3,4,1,26,37,24,17,7,22,1,6,6,9,6,5,1,23,20,3,6,3,3,18,2,16
S01009880,309,51,25,26,95,23,30,18,24,36,5,2,2,4,23,30,21,9,14,0,3,5,6,12,6,6,54,47,7,9,2,7,8,1,7
S01009881,222,22,6,16,41,1,10,18,12,26,8,1,2,8,7,21,21,0,22,1,0,3,18,7,2,5,37,31,6,17,3,14,29,2,27
S01009882,691,59,24,35,200,55,60,36,49,131,12,7,7,39,66,65,49,16,53,1,18,17,17,30,14,16,69,53,16,21,12,9,63,3,60
S01009883,316,31,14,17,61,13,6,20,22,49,4,5,1,15,24,26,22,4,31,0,6,2,23,14,13,1,56,53,3,9,0,9,39,2,37
S01009884,380,36,15,21,100,24,23,21,32,61,7,10,2,25,17,36,29,7,32,0,6,6,20,20,14,6,39,31,8,11,3,8,45,1,44
S01009885,326,27,15,12,82,6,23,24,29,74,6,6,1,32,29,22,18,4,22,0,6,4,12,9,6,3,39,32,7,25,7,18,26,0,26
S01009886,291,30,13,17,74,8,20,17,29,42,7,7,2,15,11,31,28,3,19,0,3,3,13,10,8,2,47,39,8,11,6,5,27,0,27
S01009887,384,27,14,13,46,8,11,12,15,62,7,4,3,19,29,35,29,6,38,2,4,8,24,22,14,8,60,41,19,25,10,15,69,6,63
S01009888,279,15,6,9,41,7,9,16,9,45,5,10,1,10,19,17,15,2,28,0,7,5,16,20,16,4,48,40,8,22,3,19,43,6,37
S01009889,333,28,13,15,60,21,15,11,13,44,3,6,2,19,14,27,19,8,41,1,3,7,30,21,17,4,54,37,17,13,4,9,45,2,43
S01009890,207,10,6,4,26,7,5,7,7,19,1,5,1,2,10,22,18,4,17,1,6,3,7,18,8,10,29,23,6,16,5,11,50,6,44
S01009891,327,23,12,11,50,15,6,17,12,56,7,3,2,13,31,51,39,12,29,2,13,5,9,19,13,6,33,23,10,21,4,17,45,10,35
S01009892,332,23,13,10,44,12,9,12,11,39,5,6,0,7,21,29,24,5,29,0,4,8,17,36,26,10,33,21,12,29,11,18,70,9,61
S01009893,396,30,18,12,62,23,11,9,19,61,12,15,2,14,18,51,47,4,39,3,8,12,16,24,16,8,45,31,14,19,10,9,65,20,45
S01009894,302,17,8,9,39,15,12,6,6,31,1,7,2,8,13,25,23,2,31,0,7,11,13,30,22,8,44,33,11,23,10,13,62,6,56
S01009895,287,15,9,6,26,4,8,9,5,33,3,9,0,5,16,43,32,11,22,1,6,5,10,29,24,5,46,38,8,16,4,12,57,10,47
S01009896,328,20,9,11,36,4,9,8,15,29,3,4,4,6,12,24,22,2,48,1,8,21,18,39,31,8,38,30,8,31,13,18,63,10,53
S01009897,408,28,12,16,69,12,15,26,16,54,2,6,2,17,27,46,38,8,39,2,11,10,16,50,31,19,39,33,6,21,7,14,62,7,55
S01009898,195,16,7,9,19,5,4,4,6,15,2,3,0,3,7,16,11,5,29,0,4,16,9,28,21,7,29,23,6,16,5,11,27,1,26
S01009899,457,31,21,10,123,30,35,27,31,87,12,12,5,9,49,59,52,7,29,1,11,7,10,32,26,6,51,36,15,16,7,9,29,2,27
S01009900,600,51,31,20,186,37,39,46,64,146,9,15,12,35,75,67,53,14,29,1,10,10,8,36,28,8,44,25,19,15,5,10,26,3,23
S01009901,582,53,32,21,190,37,47,43,63,130,17,14,8,33,58,47,44,3,38,1,16,9,12,44,31,13,46,26,20,12,5,7,22,2,20
S01009902,337,27,14,13,67,10,17,22,18,41,4,5,4,7,21,43,31,12,40,1,15,17,7,30,22,8,38,30,8,18,8,10,33,5,28
S01009903,418,38,21,17,123,20,32,33,38,83,7,8,1,30,37,25,20,5,22,0,7,6,9,17,11,6,47,39,8,15,6,9,48,6,42
S01009904,469,42,28,14,154,39,34,40,41,118,12,19,8,24,55,51,47,4,13,0,1,5,7,20,14,6,29,19,10,14,3,11,28,4,24
S01009905,365,18,5,13,87,23,22,18,24,74,10,7,1,23,33,35,30,5,36,1,4,7,24,17,7,10,34,28,6,10,3,7,54,4,50
S01009906,370,26,15,11,90,25,16,23,26,67,8,9,4,17,29,47,42,5,29,0,9,5,15,18,12,6,35,24,11,15,8,7,43,4,39
S01009907,417,16,9,7,74,21,18,21,14,85,9,21,2,15,38,58,51,7,34,2,9,5,18,31,23,8,44,33,11,18,5,13,57,5,52
S01009908,632,63,33,30,203,40,42,50,71,125,14,18,3,38,52,52,43,9,34,3,8,7,16,32,20,12,58,43,15,16,5,11,49,4,45
S01009909,539,48,25,23,144,42,37,29,36,110,8,9,5,41,47,57,48,9,41,1,6,14,20,32,17,15,53,34,19,18,6,12,36,2,34
S01009910,347,32,20,12,97,17,26,27,27,81,7,14,2,30,28,26,21,5,8,1,2,1,4,22,14,8,40,24,16,13,2,11,28,4,24
S01009911,496,37,24,13,194,27,33,71,63,91,15,14,2,24,36,53,38,15,33,2,9,9,13,25,17,8,24,17,7,13,5,8,26,1,25
S01009912,420,71,41,30,161,29,43,41,48,63,2,4,2,26,29,34,24,10,24,1,12,3,8,17,11,6,28,18,10,10,2,8,12,1,11
S01009913,356,78,36,42,111,13,37,31,30,38,5,1,3,7,22,39,33,6,14,1,2,6,5,14,11,3,36,31,5,8,2,6,18,2,16
S01009914,487,95,54,41,168,21,40,33,74,61,5,7,5,14,30,39,30,9,16,1,8,2,5,23,12,11,42,31,11,15,4,11,28,1,27
S01009915,475,63,33,30,192,26,54,49,63,75,6,6,2,22,39,44,37,7,14,0,3,9,2,19,8,11,35,31,4,10,6,4,23,0,23
S01009916,390,68,29,39,105,24,33,21,27,57,7,7,3,5,35,28,22,6,34,1,13,5,15,16,11,5,47,31,16,20,2,18,15,1,14
S01009917,387,41,24,17,159,29,34,41,55,73,6,10,2,19,36,39,30,9,20,0,6,9,5,12,11,1,16,13,3,12,5,7,15,2,13
S01009918,354,28,16,12,152,23,25,53,51,54,3,3,3,9,36,41,37,4,18,1,4,9,4,21,15,6,22,15,7,7,2,5,11,1,10
S01009919,528,33,26,7,108,22,23,20,43,102,11,9,2,36,44,62,55,7,41,0,14,13,14,37,26,11,68,52,16,24,7,17,53,6,47
S01009920,596,38,22,16,217,43,55,51,68,130,9,13,8,36,64,67,57,10,31,1,11,8,11,22,13,9,48,28,20,16,6,10,27,3,24
S01009921,458,34,21,13,146,41,34,35,36,97,14,10,5,28,40,62,53,9,25,1,11,10,3,28,17,11,38,24,14,4,0,4,24,2,22
S01009922,705,67,40,27,258,66,59,60,73,135,13,14,12,22,74,74,62,12,31,1,14,9,7,27,14,13,63,33,30,12,6,6,38,3,35
S01009923,512,36,23,13,118,27,25,40,26,107,19,7,6,27,48,68,54,14,36,2,6,15,13,37,23,14,43,30,13,23,7,16,44,3,41
S01009924,619,55,34,21,176,45,49,33,49,108,5,9,8,25,61,82,68,14,40,0,15,9,16,40,23,17,77,47,30,15,3,12,26,0,26
S01009925,468,26,16,10,160,29,46,30,55,107,11,13,4,19,60,57,51,6,22,0,9,5,8,26,21,5,37,20,17,10,6,4,23,2,21
S01009926,430,36,26,10,129,24,34,34,37,104,9,12,8,35,40,43,37,6,15,0,8,2,5,26,19,7,39,20,19,8,4,4,30,4,26
S01009927,263,29,17,12,88,19,13,26,30,38,4,6,3,13,12,22,18,4,15,0,6,5,4,17,15,2,22,16,6,15,12,3,17,2,15
S01009928,524,77,50,27,220,29,62,64,65,92,10,5,4,14,59,38,32,6,26,0,9,9,8,22,14,8,25,17,8,11,3,8,13,1,12
S01009929,265,29,22,7,101,25,25,22,29,52,3,3,4,12,30,25,21,4,15,0,4,6,5,13,6,7,15,10,5,5,1,4,10,0,10
S01009930,559,45,28,17,173,38,42,46,47,106,12,16,3,30,45,63,53,10,39,1,16,11,11,40,30,10,44,31,13,16,11,5,33,4,29
S01009931,559,47,39,8,220,43,51,48,78,107,7,12,5,22,61,66,51,15,31,2,14,6,9,23,17,6,39,30,9,13,7,6,13,0,13
S01009932,435,25,18,7,147,33,28,43,43,89,9,12,7,22,39,41,37,4,32,5,9,7,11,21,14,7,39,23,16,16,4,12,25,3,22
S01009933,396,23,12,11,62,14,22,12,14,78,10,14,5,8,41,31,26,5,36,2,16,8,10,35,27,8,32,23,9,28,9,19,71,7,64
S01009934,508,55,37,18,156,40,32,40,44,86,8,6,8,14,50,58,42,16,33,0,13,8,12,35,23,12,47,35,12,11,3,8,27,2,25
S01009935,172,5,3,2,23,8,3,8,4,22,0,8,2,1,11,22,20,2,22,2,6,8,6,21,17,4,10,7,3,18,5,13,29,1,28
S01009936,299,24,11,13,59,16,17,9,17,57,6,12,3,12,24,28,25,3,20,1,4,4,11,23,19,4,34,27,7,17,5,12,37,3,34
S01009937,140,17,13,4,7,0,3,1,3,11,0,2,3,1,5,13,12,1,9,2,2,1,4,13,6,7,37,30,7,6,1,5,27,2,25
S01009938,315,12,10,2,50,13,10,9,18,48,0,12,2,8,26,32,22,10,40,4,9,17,10,31,26,5,31,25,6,24,4,20,47,8,39
S01009939,207,8,5,3,7,0,6,0,1,7,2,2,0,1,2,16,15,1,24,3,3,3,15,30,23,7,23,18,5,10,5,5,82,14,68
S01009940,263,9,6,3,11,1,4,4,2,20,1,4,1,2,12,30,26,4,33,0,8,12,13,43,30,13,32,23,9,27,15,12,58,5,53
S01009941,462,43,21,22,56,15,11,17,13,56,6,13,6,4,27,70,61,9,47,3,8,12,24,31,23,8,74,60,14,34,6,28,51,4,47
S01009942,368,16,7,9,20,4,7,5,4,28,4,9,4,4,7,42,35,7,23,0,6,10,7,44,34,10,40,28,12,44,14,30,111,16,95
S01009943,263,12,7,5,6,0,2,2,2,18,2,4,1,3,8,32,27,5,20,2,5,9,4,44,34,10,32,31,1,36,11,25,63,8,55
S01009944,341,14,9,5,47,6,8,15,18,41,4,9,3,4,21,43,31,12,30,0,4,15,11,46,28,18,55,32,23,26,7,19,39,4,35
S01009945,380,22,14,8,32,4,9,8,11,58,10,14,4,9,21,54,48,6,29,0,5,16,8,59,47,12,45,37,8,30,7,23,51,7,44
S01009946,339,27,16,11,35,3,8,13,11,35,2,5,2,7,19,45,38,7,31,1,12,12,6,53,37,16,41,31,10,31,5,26,41,5,36
S01009947,233,19,10,9,36,6,10,13,7,29,4,8,1,2,14,19,14,5,23,1,8,8,6,25,21,4,20,15,5,17,7,10,45,5,40
S01009948,273,11,9,2,26,6,4,6,10,33,5,9,3,4,12,33,27,6,35,1,17,11,6,32,24,8,47,35,12,20,4,16,36,2,34
S01009949,334,14,8,6,69,13,14,19,23,32,3,3,6,7,13,45,40,5,42,4,15,10,13,46,36,10,38,28,10,21,8,13,27,1,26
S01009950,365,57,35,22,142,9,39,40,54,53,6,4,3,12,28,29,20,9,24,2,5,7,10,12,5,7,26,22,4,7,2,5,15,1,14
S01009951,370,66,39,27,179,22,65,34,58,31,1,2,1,9,18,25,16,9,13,1,1,7,4,11,9,2,25,19,6,4,1,3,16,0,16
S01009952,351,42,31,11,133,19,42,38,34,52,8,6,0,8,30,27,22,5,15,0,9,2,4,22,15,7,28,22,6,14,3,11,18,0,18
S01009953,443,39,27,12,139,17,40,40,42,63,4,7,6,5,41,50,42,8,26,0,8,10,8,38,26,12,40,31,9,21,10,11,27,0,27
S01009954,292,41,23,18,64,7,21,18,18,34,6,6,3,7,12,35,27,8,20,0,7,8,5,16,10,6,51,42,9,17,6,11,14,3,11
S01009955,443,42,21,21,116,25,32,26,33,66,5,14,3,6,38,57,47,10,33,3,12,11,7,37,26,11,37,24,13,15,7,8,40,4,36
S01009956,315,26,17,9,60,12,21,19,8,42,8,10,3,2,19,44,35,9,25,0,11,12,2,26,20,6,38,24,14,21,10,11,33,4,29
S01009957,387,46,31,15,160,17,54,48,41,63,5,9,4,20,25,39,30,9,25,2,7,10,6,15,12,3,14,10,4,14,7,7,11,1,10
S01009958,521,52,29,23,178,45,39,38,56,87,4,10,4,21,48,63,50,13,31,2,10,13,6,31,17,14,37,26,11,21,9,12,21,2,19
S01009959,288,40,20,20,100,15,22,24,39,37,1,2,3,7,24,32,23,9,26,0,10,9,7,11,7,4,19,14,5,9,2,7,14,0,14
S01009960,400,50,35,15,142,29,28,44,41,72,0,13,6,14,39,43,35,8,24,0,6,10,8,19,15,4,29,24,5,6,2,4,15,0,15
S01009961,307,21,13,8,55,8,10,21,16,46,4,4,2,15,21,47,41,6,34,2,12,11,9,28,23,5,28,21,7,17,5,12,31,4,27
S01009962,573,33,19,14,128,25,29,30,44,100,7,14,12,12,55,85,75,10,58,0,20,24,14,41,25,16,60,39,21,30,13,17,38,3,35
S01009963,431,34,22,12,88,14,21,35,18,56,8,9,4,8,27,65,53,12,49,1,23,13,12,44,34,10,39,27,12,22,5,17,34,4,30
S01009964,488,50,25,25,144,27,25,48,44,83,4,14,3,23,39,48,38,10,28,1,13,10,4,32,22,10,49,37,12,20,6,14,34,2,32
S01009965,374,16,12,4,74,12,15,26,21,48,10,8,3,7,20,46,39,7,59,0,21,28,10,28,24,4,44,40,4,29,10,19,30,1,29
S01009966,404,30,22,8,58,18,15,13,12,45,8,9,4,4,20,72,59,13,59,0,28,25,6,30,24,6,48,36,12,21,7,14,41,5,36
S01009967,431,52,35,17,146,26,39,47,34,78,11,13,4,13,37,53,43,10,26,1,11,7,7,17,14,3,29,26,3,14,8,6,16,0,16
S01009968,324,18,10,8,45,6,13,17,9,48,8,6,11,3,20,50,43,7,40,1,18,16,5,36,29,7,33,17,16,31,15,16,23,3,20
S01009969,381,57,38,19,98,11,29,21,37,63,7,2,11,13,30,52,44,8,30,4,9,13,4,26,16,10,28,24,4,10,4,6,17,3,14
S01009970,296,13,10,3,14,0,5,2,7,20,6,6,1,2,5,47,41,6,26,1,9,12,4,44,33,11,46,34,12,30,10,20,56,6,50
S01009971,440,19,10,9,41,6,14,13,8,48,3,12,6,3,24,44,36,8,56,4,16,29,7,58,46,12,38,28,10,48,22,26,88,11,77
S01009972,368,44,24,20,52,8,11,23,10,53,9,8,2,6,28,50,41,9,43,5,18,10,10,40,31,9,25,18,7,29,12,17,32,3,29
S01009973,359,29,17,12,27,5,5,10,7,36,4,10,4,2,16,48,43,5,49,1,21,24,3,53,39,14,40,32,8,32,10,22,45,11,34
S01009974,193,5,3,2,5,1,2,1,1,16,4,3,0,4,5,20,19,1,20,0,9,9,2,40,34,6,29,22,7,16,7,9,42,7,35
S01009975,210,3,1,2,9,1,2,3,3,15,1,6,1,0,7,19,15,4,25,2,3,12,8,47,37,10,27,21,6,14,7,7,51,5,46
S01009976,183,4,0,4,1,0,0,0,1,18,2,4,1,2,9,21,20,1,31,0,7,18,6,34,24,10,24,17,7,19,6,13,31,1,30
S01009977,247,13,8,5,15,0,6,6,3,22,0,10,1,1,10,25,20,5,25,0,5,15,5,37,31,6,22,20,2,29,13,16,59,7,52
S01009978,362,17,9,8,20,3,7,6,4,29,4,7,1,8,9,31,24,7,45,3,15,15,12,50,40,10,57,47,10,35,16,19,78,5,73
S01009979,166,7,6,1,10,2,1,2,5,10,1,7,0,0,2,16,13,3,17,2,2,6,7,29,27,2,20,15,5,16,3,13,41,1,40
S01009980,172,2,2,0,4,2,0,0,2,9,2,3,1,0,3,24,18,6,18,1,3,10,4,27,22,5,26,23,3,16,7,9,46,6,40
S01009981,233,13,9,4,16,6,4,1,5,21,6,7,2,3,3,20,15,5,16,1,4,8,3,42,31,11,34,33,1,21,11,10,50,4,46
S01009982,429,23,13,10,41,7,13,12,9,42,7,10,5,3,17,56,45,11,58,3,17,25,13,56,41,15,43,31,12,25,8,17,85,14,71
S01009983,162,7,4,3,11,4,4,0,3,10,2,3,0,1,4,11,10,1,7,1,0,3,3,33,28,5,22,15,7,16,10,6,45,7,38
S01009984,333,10,5,5,15,5,6,0,4,38,4,12,4,2,16,29,26,3,43,2,13,23,5,51,41,10,52,35,17,40,15,25,55,7,48
S01009985,200,7,3,4,4,1,2,1,0,10,2,3,0,2,3,17,14,3,35,3,5,18,9,43,36,7,26,22,4,19,7,12,39,10,29
S01009986,152,4,3,1,11,2,3,2,4,11,1,2,2,0,6,25,20,5,13,1,3,7,2,22,17,5,21,15,6,12,3,9,33,4,29
S01009987,311,9,4,5,21,2,8,5,6,23,4,4,1,3,11,45,39,6,42,2,11,19,10,58,43,15,31,24,7,32,9,23,50,3,47
S01009988,149,1,0,1,10,0,3,3,4,11,2,5,0,2,2,25,16,9,13,0,2,6,5,20,14,6,22,18,4,12,4,8,35,4,31
S01009989,383,22,11,11,27,9,10,5,3,45,10,6,4,5,20,59,47,12,43,3,10,23,7,56,44,12,45,28,17,32,10,22,54,5,49
S01009990,364,13,8,5,30,8,8,5,9,45,7,11,3,1,23,61,45,16,47,0,15,25,7,49,40,9,50,39,11,30,7,23,39,7,32
S01009991,413,22,14,8,46,6,18,13,9,50,6,13,8,4,19,55,51,4,50,2,15,22,11,65,51,14,55,46,9,28,11,17,42,6,36
S01009992,217,6,4,2,14,2,6,4,2,16,3,3,1,1,8,29,27,2,23,1,11,7,4,51,41,10,31,27,4,16,7,9,31,2,29
S01009993,458,19,10,9,55,14,13,13,15,60,7,12,2,5,34,73,66,7,65,4,17,28,16,40,28,12,44,32,12,44,15,29,58,6,52
S01009994,356,21,10,11,37,6,11,11,9,45,2,13,6,3,21,58,49,9,43,2,15,16,10,42,31,11,34,29,5,28,6,22,48,6,42
S01009995,366,22,11,11,34,5,10,10,9,39,6,7,3,2,21,74,61,13,39,0,14,13,12,38,29,9,43,33,10,30,8,22,47,8,39
S01009996,355,19,11,8,34,9,12,8,5,41,4,8,1,4,24,51,40,11,49,2,22,17,8,41,27,14,53,46,7,28,11,17,39,6,33
S01009997,309,20,7,13,37,8,10,7,12,40,4,7,5,4,20,52,45,7,41,0,13,17,11,38,29,9,41,24,17,13,3,10,27,0,27
S01009998,266,38,21,17,43,3,3,20,17,44,7,5,9,3,20,34,28,6,36,0,8,19,9,22,17,5,23,18,5,12,4,8,14,2,12
S01009999,337,26,20,6,54,13,11,14,16,40,1,4,8,7,20,54,43,11,56,1,26,18,11,30,22,8,31,25,6,19,9,10,27,3,24
S01010000,325,18,13,5,44,8,18,7,11,42,3,8,4,9,18,43,38,5,37,1,5,18,13,48,35,13,34,27,7,21,8,13,38,2,36
S01010001,370,18,9,9,62,9,18,23,12,47,7,10,7,3,20,57,43,14,50,0,19,19,12,34,26,8,33,25,8,31,12,19,38,5,33
S01010002,399,20,12,8,47,10,18,11,8,61,6,10,7,10,28,64,53,11,39,1,11,17,10,36,27,9,57,44,13,25,7,18,50,7,43
S01010003,369,25,17,8,56,10,12,15,19,41,4,7,5,2,23,58,42,16,44,0,17,19,8,38,25,13,44,36,8,22,8,14,41,5,36
S01010004,351,32,20,12,102,14,23,42,23,47,6,8,5,5,23,44,38,6,32,1,12,14,5,22,19,3,30,20,10,19,8,11,23,1,22
S01010005,417,26,17,9,66,16,13,18,19,75,7,11,6,13,38,64,53,11,44,1,14,13,16,39,32,7,48,33,15,16,3,13,39,4,35
S01010006,515,27,18,9,122,28,32,26,36,113,20,17,7,11,58,79,60,19,40,1,17,11,11,34,20,14,43,28,15,17,6,11,40,4,36
S01010007,529,48,38,10,143,22,36,52,33,86,10,6,11,9,50,71,62,9,36,2,13,17,4,29,26,3,50,35,15,27,11,16,39,3,36
S01010008,385,30,20,10,111,24,25,20,42,68,8,15,6,4,35,46,36,10,27,1,11,12,3,34,21,13,31,18,13,18,5,13,20,0,20
S01010009,385,30,20,10,69,18,19,16,16,76,7,12,3,10,44,47,42,5,35,1,14,10,10,26,12,14,43,31,12,19,13,6,40,4,36
S01010010,539,51,37,14,162,20,31,61,50,86,10,16,6,15,39,59,42,17,35,0,16,15,4,37,27,10,43,35,8,29,7,22,37,3,34
S01010011,373,33,22,11,105,17,33,27,28,77,13,10,7,14,33,41,35,6,24,1,14,5,4,23,14,9,25,17,8,11,6,5,34,1,33
S01010012,402,28,15,13,62,8,9,25,20,45,3,8,5,3,26,56,43,13,49,0,20,22,7,44,36,8,50,35,15,26,11,15,42,8,34
S01010013,468,34,25,9,115,18,28,32,37,89,8,15,10,14,42,60,51,9,43,3,21,11,8,30,25,5,44,32,12,18,7,11,35,7,28
S01010014,567,53,32,21,168,48,30,49,41,101,8,9,9,30,45,62,55,7,43,2,16,13,12,28,19,9,47,28,19,20,7,13,45,3,42
S01010015,503,42,27,15,156,38,32,39,47,98,4,15,7,13,59,52,46,6,37,3,14,9,11,30,20,10,44,23,21,15,5,10,29,2,27
S01010016,295,15,10,5,20,5,4,6,5,33,3,7,5,0,18,37,25,12,52,1,16,25,10,36,26,10,44,32,12,28,11,17,30,4,26
S01010017,284,12,9,3,11,4,3,1,3,16,3,8,0,2,3,38,31,7,26,2,6,11,7,43,35,8,53,44,9,26,11,15,59,9,50
S01010018,388,18,10,8,38,9,8,14,7,57,8,10,5,5,29,46,39,7,43,1,12,21,9,35,29,6,59,38,21,25,8,17,67,8,59
S01010019,234,5,2,3,15,0,5,8,2,19,4,3,1,2,9,31,23,8,16,2,3,6,5,36,23,13,39,33,6,18,5,13,55,11,44
S01010020,321,19,10,9,26,4,6,9,7,16,1,7,2,2,4,48,38,10,31,0,12,12,7,40,29,11,51,43,8,39,13,26,51,9,42
S01010021,223,10,7,3,18,4,9,3,2,15,0,4,0,3,8,16,12,4,21,2,1,10,8,34,27,7,38,26,12,15,6,9,56,10,46
S01010022,347,17,10,7,42,9,12,10,11,54,9,6,5,11,23,47,36,11,33,3,8,11,11,53,29,24,29,20,9,28,13,15,44,5,39
S01010023,162,7,4,3,5,2,2,0,1,19,1,8,4,2,4,19,18,1,17,1,4,7,5,22,15,7,18,15,3,21,15,6,34,3,31
S01010024,312,14,8,6,49,18,10,10,11,41,3,8,2,7,21,35,32,3,30,2,9,9,10,36,29,7,36,20,16,23,10,13,48,7,41
S01010025,183,9,5,4,23,5,7,5,6,30,5,4,1,6,14,13,13,0,14,0,5,1,8,29,19,10,22,17,5,9,4,5,34,2,32
S01010026,412,31,19,12,76,22,16,13,25,72,10,11,5,7,39,28,25,3,33,4,10,9,10,37,20,17,40,27,13,30,15,15,65,5,60
S01010027,425,26,14,12,91,28,25,15,23,88,8,15,7,16,42,56,41,15,26,0,6,12,8,38,26,12,38,27,11,12,4,8,50,6,44
S01010028,242,10,8,2,50,17,5,9,19,46,6,8,1,8,23,25,22,3,15,0,2,7,6,21,15,6,22,17,5,12,6,6,41,5,36
S01010029,185,11,5,6,13,1,4,6,2,20,4,7,1,1,7,20,14,6,18,0,5,9,4,20,12,8,20,14,6,19,9,10,44,6,38
S01010030,454,33,20,13,133,38,31,23,41,77,12,8,8,10,39,49,35,14,40,2,14,14,10,26,17,9,33,22,11,15,9,6,48,5,43
S01010031,482,47,24,23,150,57,25,25,43,90,10,2,10,19,49,38,32,6,29,0,10,5,14,28,12,16,33,18,15,16,12,4,51,1,50
S01010032,394,26,17,9,97,36,20,14,27,65,10,5,8,9,33,41,34,7,27,0,15,4,8,11,5,6,44,33,11,16,8,8,67,4,63
S01010033,384,20,9,11,67,20,15,15,17,52,6,9,2,12,23,46,39,7,25,2,8,6,9,51,35,16,40,25,15,26,10,16,57,11,46
S01010034,367,18,6,12,50,15,14,8,13,60,6,5,3,3,43,26,23,3,43,0,18,7,18,29,16,13,46,29,17,18,9,9,77,6,71
S01010035,227,7,4,3,18,3,3,4,8,23,9,0,0,4,10,21,16,5,21,1,6,2,12,24,19,5,29,24,5,18,7,11,66,6,60
S01010036,492,41,21,20,77,32,15,14,16,75,9,6,5,11,44,46,44,2,18,1,9,1,7,29,13,16,82,65,17,21,10,11,103,2,101
S01010037,196,3,1,2,21,5,4,8,4,21,1,5,2,2,11,21,15,6,23,0,8,7,8,20,14,6,25,15,10,26,11,15,36,5,31
S01010038,397,18,8,10,47,9,6,17,15,44,5,7,1,8,23,44,38,6,40,1,13,10,16,51,35,16,37,26,11,25,9,16,91,14,77
S01010039,616,54,38,16,176,71,25,37,43,121,17,8,9,29,58,59,49,10,31,0,6,7,18,26,9,17,66,46,20,12,7,5,71,1,70
S01010040,434,46,25,21,96,31,23,15,27,72,9,8,5,13,37,59,53,6,36,1,15,12,8,27,17,10,40,30,10,20,12,8,38,3,35
S01010041,372,41,19,22,109,28,8,21,52,62,5,13,0,15,29,24,22,2,19,0,5,5,9,20,10,10,41,38,3,17,12,5,39,0,39
S01010042,627,58,39,19,98,33,15,18,32,101,16,6,2,11,66,82,74,8,43,1,12,13,17,42,27,15,75,55,20,39,23,16,89,10,79
S01010043,320,15,8,7,32,7,5,10,10,42,6,6,4,8,18,33,26,7,25,0,8,7,10,27,18,9,47,33,14,24,14,10,75,8,67
S01010044,522,28,19,9,79,20,19,17,23,70,8,8,3,8,43,59,43,16,61,0,14,21,26,38,30,8,57,41,16,48,27,21,82,14,68
S01010045,147,4,4,0,6,1,3,1,1,9,1,1,1,1,5,19,14,5,13,1,5,3,4,28,21,7,17,13,4,6,1,5,45,4,41
S01010046,301,16,7,9,28,6,9,5,8,38,6,18,1,4,9,41,30,11,38,2,9,12,15,29,20,9,37,24,13,27,17,10,47,7,40
S01010047,255,3,2,1,9,1,5,2,1,13,1,3,1,3,5,30,27,3,21,0,11,5,5,38,30,8,37,31,6,36,18,18,68,8,60
S01010048,323,6,2,4,15,1,4,4,6,38,4,7,3,2,22,34,31,3,39,0,9,17,13,41,32,9,32,21,11,35,19,16,83,17,66
S01010049,252,13,4,9,9,2,2,3,2,9,2,3,0,1,3,18,18,0,20,1,7,7,5,22,15,7,48,39,9,36,23,13,77,10,67
S01010050,302,10,6,4,25,3,3,5,14,19,4,2,2,1,10,39,33,6,34,1,11,11,11,33,25,8,33,25,8,26,16,10,83,15,68
S01010051,222,8,4,4,11,1,4,1,5,10,2,1,0,2,5,21,16,5,25,2,5,11,7,20,17,3,37,29,8,29,15,14,61,13,48
S01010052,247,6,2,4,24,8,5,4,7,21,2,11,1,0,7,31,22,9,21,1,1,6,13,26,21,5,27,20,7,34,15,19,57,7,50
S01010053,343,8,4,4,32,17,8,3,4,29,3,3,1,5,17,29,26,3,43,2,11,10,20,38,24,14,54,42,12,32,16,16,78,10,68
S01010054,148,7,5,2,4,1,0,1,2,9,1,3,0,1,4,11,11,0,15,1,4,7,3,29,24,5,16,12,4,13,10,3,44,6,38
S01010055,413,21,13,8,34,13,8,3,10,40,6,8,2,9,15,51,43,8,50,2,16,14,18,48,33,15,57,44,13,27,10,17,85,13,72
S01010056,170,1,0,1,9,1,2,1,5,11,0,2,2,2,5,18,14,4,22,0,5,10,7,22,14,8,25,21,4,29,16,13,33,8,25
S01010057,171,10,5,5,19,0,8,2,9,19,2,1,2,5,9,11,11,0,20,0,3,11,6,19,14,5,22,16,6,20,12,8,31,6,25
S01010058,313,22,12,10,17,2,6,3,6,24,2,3,1,2,16,45,36,9,37,1,10,22,4,34,26,8,32,31,1,36,17,19,66,7,59
S01010059,326,15,9,6,46,11,11,13,11,45,9,9,3,4,20,46,37,9,28,0,6,15,7,28,24,4,45,25,20,29,14,15,44,10,34
S01010060,385,20,8,12,34,3,12,4,15,37,3,11,3,4,16,51,42,9,48,1,14,24,9,38,28,10,44,34,10,41,20,21,72,11,61
S01010061,262,7,5,2,37,4,7,14,12,42,5,5,6,6,20,41,34,7,37,1,15,17,4,22,17,5,30,21,9,25,10,15,21,4,17
S01010062,272,11,5,6,30,3,7,10,10,20,2,6,0,2,10,36,33,3,31,0,6,15,10,33,25,8,34,24,10,33,14,19,44,7,37
S01010063,385,18,11,7,26,5,7,4,10,37,5,6,2,8,16,40,31,9,48,2,15,20,11,57,41,16,57,43,14,37,19,18,65,18,47
S01010064,231,10,8,2,11,2,4,3,2,40,3,9,4,6,18,30,26,4,33,3,11,12,7,25,23,2,26,21,5,23,13,10,33,9,24
S01010065,334,10,4,6,15,4,4,4,3,37,8,10,0,6,13,36,29,7,38,1,8,16,13,45,33,12,32,29,3,53,23,30,68,17,51
S01010066,246,3,2,1,9,1,1,3,4,18,0,9,0,2,7,24,17,7,27,0,9,9,9,29,18,11,37,30,7,39,17,22,60,13,47
S01010067,184,4,0,4,10,0,2,4,4,17,0,8,1,4,4,16,13,3,22,4,7,8,3,24,16,8,27,22,5,25,8,17,39,11,28
S01010068,284,17,9,8,32,11,13,3,5,32,3,2,9,3,15,27,22,5,36,2,16,10,8,35,22,13,36,31,5,25,8,17,44,7,37
S01010069,489,39,27,12,43,11,8,8,16,61,12,11,7,4,27,72,57,15,62,1,21,31,9,52,44,8,73,59,14,49,19,30,38,4,34
S01010070,416,38,24,14,39,8,9,13,9,46,5,10,4,7,20,52,38,14,67,2,24,34,7,36,33,3,59,48,11,40,8,32,39,8,31
S01010071,365,31,18,13,31,7,8,9,7,43,1,12,5,6,19,60,46,14,58,1,24,29,4,30,21,9,30,24,6,47,17,30,35,5,30
S01010072,387,26,16,10,40,3,11,10,16,30,1,6,3,4,16,48,35,13,44,2,19,13,10,50,34,16,47,39,8,55,24,31,47,5,42
S01010073,371,21,9,12,50,6,16,13,15,35,5,3,4,4,19,60,51,9,53,1,24,24,4,42,37,5,40,29,11,37,14,23,33,6,27
S01010074,360,36,25,11,56,11,11,20,14,43,3,6,7,4,23,48,40,8,42,0,21,16,5,34,21,13,45,39,6,29,10,19,27,3,24
S01010075,227,16,12,4,12,3,2,4,3,12,1,2,1,1,7,32,27,5,35,0,16,14,5,23,17,6,34,30,4,37,15,22,26,5,21
S01010076,300,14,7,7,18,5,7,2,4,34,6,11,0,4,13,33,26,7,41,0,18,18,5,33,26,7,35,27,8,40,18,22,52,18,34
S01010077,237,8,5,3,15,3,5,4,3,19,1,9,1,2,6,32,26,6,41,0,18,16,7,34,26,8,28,23,5,30,17,13,30,8,22
S01010078,343,38,26,12,45,10,9,11,15,47,10,3,10,1,23,54,39,15,37,1,14,15,7,28,20,8,37,28,9,22,9,13,35,4,31
S01010079,479,79,47,32,85,13,12,32,28,62,4,11,9,3,35,64,45,19,48,0,22,21,5,40,29,11,46,36,10,33,10,23,22,1,21
S01010080,307,29,21,8,61,10,17,19,15,32,6,7,2,0,17,47,39,8,40,0,20,16,4,20,14,6,25,21,4,31,13,18,22,4,18
S01010081,332,41,30,11,57,14,5,14,24,33,2,6,5,4,16,49,38,11,44,0,23,14,7,26,16,10,29,22,7,26,7,19,27,1,26
S01010082,431,53,29,24,73,14,18,17,24,72,12,7,6,5,42,61,48,13,57,2,21,29,5,27,15,12,40,28,12,27,5,22,21,2,19
S01010083,268,11,10,1,21,2,5,4,10,21,3,6,2,1,9,45,38,7,42,2,13,18,9,26,19,7,33,28,5,29,12,17,40,5,35
S01010084,350,12,6,6,11,1,4,5,1,29,4,11,4,1,9,51,43,8,64,2,35,17,10,44,40,4,38,29,9,38,11,27,63,6,57
S01010085,386,24,16,8,45,11,10,9,15,60,9,9,7,5,30,62,46,16,56,0,29,20,7,31,28,3,44,32,12,38,13,25,26,3,23
S01010086,339,20,9,11,13,1,7,2,3,35,7,13,5,1,9,39,33,6,47,1,11,25,10,38,28,10,39,34,5,44,21,23,64,13,51
S01010087,271,33,16,17,38,6,8,12,12,35,2,6,5,1,21,39,32,7,33,0,17,12,4,27,20,7,25,20,5,26,11,15,15,2,13
S01010088,505,55,36,19,122,22,25,35,40,90,5,5,12,6,62,52,41,11,55,2,18,30,5,31,23,8,44,32,12,27,12,15,29,2,27
S01010089,303,20,12,8,30,0,10,12,8,32,7,5,4,4,12,45,33,12,40,0,13,23,4,27,19,8,37,29,8,40,13,27,32,9,23
S01010090,584,42,32,10,70,8,14,26,22,82,12,8,14,7,41,86,69,17,76,1,33,31,11,66,48,18,64,53,11,53,18,35,45,7,38
S01010091,485,45,28,17,61,9,15,21,16,74,13,10,13,8,30,65,43,22,61,2,17,34,8,60,44,16,48,39,9,40,10,30,31,3,28
S01010092,312,17,11,6,31,6,9,7,9,36,4,11,2,2,17,46,39,7,34,1,17,12,4,31,26,5,35,26,9,35,12,23,47,6,41
S01010093,432,36,18,18,53,10,18,13,12,39,3,8,6,5,17,71,61,10,64,1,29,19,15,41,36,5,54,50,4,37,10,27,37,2,35
S01010094,340,17,9,8,53,11,11,11,20,42,6,8,4,6,18,66,54,12,47,2,20,18,7,22,22,0,39,32,7,29,8,21,25,4,21
S01010095,371,33,17,16,51,15,12,8,16,53,8,7,13,1,24,57,49,8,50,0,15,26,9,22,15,7,38,34,4,35,9,26,32,3,29
S01010096,391,32,21,11,60,9,17,23,11,56,7,13,6,1,29,61,56,5,45,3,14,20,8,27,22,5,55,44,11,25,6,19,30,1,29
S01010097,351,27,21,6,38,9,9,11,9,40,6,8,6,6,14,59,42,17,45,1,20,15,9,33,28,5,52,46,6,28,10,18,29,6,23
S01010098,368,25,14,11,53,9,15,19,10,54,10,10,9,6,19,46,37,9,40,0,11,19,10,34,25,9,52,43,9,35,13,22,29,3,26
S01010099,342,28,13,15,58,11,15,19,13,37,3,9,1,5,19,65,54,11,46,2,23,16,5,25,20,5,35,30,5,18,3,15,30,0,30
S01010100,421,33,22,11,52,6,22,12,12,54,5,9,7,2,31,73,55,18,58,0,28,19,11,34,24,10,43,39,4,35,14,21,39,6,33
S01010101,376,33,19,14,44,7,7,19,11,42,7,6,6,3,20,63,47,16,50,2,18,24,6,35,29,6,44,39,5,41,12,29,24,3,21
S01010102,559,50,38,12,100,21,18,37,24,88,7,14,15,4,48,82,69,13,61,0,21,27,13,48,36,12,73,58,15,32,9,23,25,3,22
S01010103,594,33,22,11,80,12,24,32,12,72,9,11,9,6,37,94,79,15,99,0,47,37,15,45,34,11,67,58,9,58,21,37,46,7,39
S01010104,434,47,28,19,63,11,21,17,14,60,5,11,8,8,28,57,53,4,55,1,26,19,9,37,26,11,47,35,12,37,16,21,31,6,25
S01010105,168,11,8,3,10,2,1,4,3,17,5,5,1,0,6,14,12,2,15,1,5,5,4,22,11,11,23,17,6,14,6,8,42,5,37
S01010106,150,8,4,4,8,0,2,3,3,14,4,3,0,3,4,10,5,5,17,1,5,6,5,17,11,6,17,16,1,23,9,14,36,9,27
S01010107,326,10,7,3,15,2,1,6,6,22,1,13,0,3,5,32,26,6,38,2,15,13,8,41,28,13,53,46,7,44,14,30,71,10,61
S01010108,331,13,12,1,17,6,2,2,7,27,6,9,1,2,9,35,29,6,43,0,14,17,12,49,40,9,34,31,3,50,20,30,63,9,54
S01010109,353,18,11,7,39,8,7,12,12,32,3,8,5,3,13,41,34,7,39,0,10,22,7,44,31,13,42,37,5,29,11,18,69,7,62
S01010110,264,9,5,4,11,2,5,3,1,17,2,7,0,4,4,24,17,7,35,1,11,11,12,35,25,10,39,36,3,23,10,13,71,8,63
S01010111,299,13,6,7,8,2,1,2,3,30,4,12,1,2,11,24,21,3,49,2,11,22,14,41,29,12,40,36,4,29,14,15,65,7,58
S01010112,311,12,8,4,12,1,4,2,5,23,4,7,0,4,8,25,19,6,34,3,9,17,5,42,30,12,54,44,10,27,15,12,82,13,69
S01010113,177,3,2,1,6,2,1,0,3,18,2,5,1,3,7,26,22,4,17,0,5,7,5,20,16,4,30,29,1,17,7,10,40,4,36
S01010114,225,3,2,1,5,1,0,1,3,13,0,4,0,5,4,24,17,7,21,1,5,6,9,36,27,9,34,27,7,27,17,10,62,5,57
S01010115,330,18,8,10,22,3,8,4,7,31,4,8,3,2,14,40,34,6,52,1,13,29,9,35,28,7,41,32,9,40,13,27,51,9,42
S01010116,572,44,33,11,51,10,16,4,21,73,11,13,10,10,29,73,61,12,70,2,25,22,21,56,40,16,75,56,19,53,21,32,77,13,64
S01010117,370,37,26,11,71,14,20,17,20,55,8,6,5,4,32,48,40,8,38,3,12,18,5,29,18,11,30,22,8,31,12,19,31,6,25
S01010118,171,5,4,1,8,2,2,2,2,16,1,5,2,1,7,14,14,0,13,0,4,4,5,33,25,8,22,19,3,14,9,5,46,6,40
S01010119,206,5,3,2,14,0,5,3,6,18,4,4,1,1,8,13,9,4,26,1,5,16,4,37,29,8,29,26,3,21,5,16,43,7,36
S01010120,317,9,6,3,10,2,4,2,2,25,6,10,2,3,4,37,32,5,35,3,8,19,5,34,25,9,50,43,7,32,19,13,85,9,76
S01010121,233,10,5,5,7,1,2,2,2,15,1,1,4,2,7,20,15,5,23,3,8,8,4,26,20,6,46,36,10,28,17,11,58,8,50
S01010122,119,3,3,0,4,1,1,1,1,7,1,2,0,1,3,10,8,2,19,0,6,11,2,14,11,3,13,13,0,16,6,10,33,3,30
S01010123,271,15,10,5,9,1,2,4,2,17,1,7,3,1,5,31,26,5,24,0,6,9,9,34,29,5,40,38,2,24,11,13,77,5,72
S01010124,330,13,10,3,20,4,5,3,8,38,9,6,3,1,19,44,35,9,44,0,18,15,11,48,33,15,47,35,12,36,14,22,40,3,37
S01010125,218,14,10,4,13,4,3,3,3,17,0,10,0,3,4,28,24,4,25,1,6,13,5,31,25,6,23,20,3,31,12,19,36,5,31
S01010126,359,26,18,8,31,3,9,8,11,38,9,9,4,3,13,41,37,4,57,3,13,31,10,35,24,11,32,25,7,47,18,29,52,9,43
S01010127,219,12,7,5,16,2,5,3,6,14,2,6,1,2,3,33,31,2,31,2,5,17,7,26,21,5,37,32,5,18,4,14,32,9,23
S01010128,137,7,6,1,7,1,2,1,3,6,1,2,1,2,0,17,10,7,16,1,5,6,4,22,13,9,20,19,1,11,5,6,31,4,27
S01010129,215,6,2,4,9,3,4,2,0,14,4,1,1,0,8,16,16,0,19,0,5,6,8,35,28,7,30,25,5,30,17,13,56,4,52
S01010130,134,7,3,4,6,1,4,1,0,8,0,5,0,2,1,13,12,1,15,0,6,4,5,19,14,5,21,18,3,11,7,4,34,4,30
S01010131,479,33,19,14,57,12,14,10,21,51,4,12,4,2,29,75,60,15,78,0,26,40,12,56,47,9,48,39,9,46,19,27,35,2,33
S01010132,294,7,5,2,16,1,5,5,5,21,0,3,6,3,9,38,30,8,41,2,14,15,10,36,28,8,36,30,6,35,14,21,64,8,56
S01010133,230,6,4,2,17,2,8,5,2,21,0,8,2,3,8,28,25,3,26,0,8,11,7,31,22,9,31,23,8,25,16,9,45,9,36
S01010134,376,17,11,6,30,6,9,8,7,39,5,5,0,4,25,41,33,8,41,4,13,15,9,47,42,5,46,35,11,44,16,28,71,10,61
S01010135,260,9,6,3,12,2,2,2,6,17,1,3,3,0,10,29,22,7,35,0,12,14,9,35,29,6,33,27,6,31,10,21,59,9,50
S01010136,367,19,15,4,32,7,9,10,6,42,10,7,2,5,18,50,44,6,45,0,19,21,5,47,38,9,50,36,14,33,11,22,49,6,43
S01010137,352,22,15,7,32,8,10,9,5,47,4,19,3,5,16,46,35,11,46,6,22,11,7,38,27,11,48,34,14,27,11,16,46,14,32
S01010138,254,14,7,7,15,2,3,8,2,24,2,2,4,4,12,30,26,4,26,1,11,10,4,33,22,11,32,28,4,33,17,16,47,4,43
S01010139,403,11,10,1,30,4,5,12,9,38,5,11,0,7,15,56,46,10,55,0,20,23,12,58,44,14,39,31,8,34,14,20,82,16,66
S01010140,407,25,17,8,46,11,11,7,17,47,8,3,6,5,25,78,65,13,44,0,11,23,10,30,23,7,53,31,22,32,6,26,52,9,43
S01010141,284,14,7,7,22,2,6,7,7,23,4,2,2,4,11,29,23,6,34,3,6,21,4,34,24,10,28,24,4,26,14,12,74,20,54
S01010142,257,17,14,3,12,3,4,3,2,27,2,9,5,2,9,29,27,2,42,2,9,23,8,35,28,7,35,29,6,24,13,11,36,6,30
S01010143,270,13,5,8,20,4,7,6,3,22,2,7,2,2,9,25,22,3,36,1,10,19,6,37,26,11,38,33,5,36,17,19,43,7,36
S01010144,330,18,10,8,25,3,5,12,5,32,4,6,1,7,14,36,28,8,35,1,11,14,9,44,29,15,44,32,12,45,18,27,51,20,31
S01010145,336,17,9,8,32,5,4,10,13,24,5,5,1,2,11,44,34,10,51,0,11,28,12,34,24,10,31,23,8,40,20,20,63,20,43
S01010146,304,12,6,6,16,2,3,6,5,26,1,8,2,2,13,26,19,7,40,1,12,18,9,44,32,12,40,35,5,46,27,19,54,9,45
S01010147,312,8,3,5,11,1,6,2,2,24,0,6,2,7,9,36,33,3,36,1,7,13,15,52,34,18,45,39,6,36,20,16,64,8,56
S01010148,249,9,3,6,13,6,4,2,1,22,1,7,2,2,10,27,25,2,23,0,8,10,5,39,29,10,32,27,5,27,13,14,57,2,55
S01010149,281,16,8,8,27,4,10,9,4,47,5,10,5,4,23,29,26,3,34,0,13,10,11,27,14,13,35,25,10,25,11,14,41,8,33
S01010150,200,5,3,2,13,5,2,4,2,22,1,4,0,8,9,24,20,4,25,3,3,11,8,28,21,7,16,14,2,25,7,18,42,3,39
S01010151,176,5,1,4,11,1,4,3,3,17,3,9,1,1,3,22,20,2,15,1,9,3,2,22,19,3,22,16,6,28,15,13,34,2,32
S01010152,338,11,8,3,15,2,6,3,4,37,5,4,1,6,21,69,59,10,34,0,16,12,6,41,30,11,34,26,8,33,13,20,64,9,55
S01010153,343,26,13,13,26,3,15,4,4,32,2,6,3,2,19,42,31,11,29,1,10,9,9,46,36,10,39,25,14,29,6,23,74,17,57
S01010154,284,8,6,2,19,4,6,5,4,40,10,8,1,6,15,38,32,6,30,2,11,11,6,38,35,3,26,19,7,34,16,18,51,5,46
S01010155,267,13,9,4,18,4,5,4,5,17,2,5,0,3,7,40,33,7,32,2,11,10,9,43,38,5,31,25,6,28,7,21,45,5,40
S01010156,186,7,3,4,12,5,2,0,5,10,1,0,1,1,7,29,25,4,20,2,11,6,1,24,18,6,21,15,6,19,7,12,44,4,40
S01010157,161,4,1,3,8,1,2,2,3,8,1,2,0,0,5,16,14,2,20,0,3,16,1,21,16,5,27,22,5,18,9,9,39,4,35
S01010158,343,6,3,3,28,3,11,10,4,35,4,10,3,1,17,54,48,6,47,3,9,26,9,52,39,13,30,20,10,41,22,19,50,4,46
S01010159,256,15,7,8,21,5,4,9,3,27,4,10,2,2,9,20,17,3,34,0,11,13,10,42,32,10,25,19,6,27,9,18,45,3,42
S01010160,204,1,1,0,11,3,3,1,4,12,1,3,0,4,4,9,8,1,34,0,8,18,8,24,14,10,13,13,0,27,17,10,73,13,60
S01010161,296,18,16,2,24,6,9,2,7,22,2,5,1,2,12,36,28,8,36,0,13,13,10,43,37,6,37,30,7,36,13,23,44,6,38
S01010162,218,8,6,2,11,0,5,3,3,7,1,1,0,1,4,27,23,4,23,1,6,8,8,37,28,9,33,26,7,21,11,10,51,6,45
S01010163,189,7,5,2,10,0,1,5,4,19,3,10,0,3,3,25,21,4,20,0,6,8,6,20,14,6,29,27,2,23,12,11,36,3,33
S01010164,266,16,11,5,12,3,5,4,0,19,2,7,2,2,6,19,15,4,34,0,12,17,5,43,30,13,33,28,5,33,9,24,57,5,52
S01010165,201,5,2,3,11,2,4,3,2,13,1,5,0,3,4,14,10,4,24,2,4,10,8,32,23,9,32,27,5,23,9,14,47,7,40
S01010166,272,11,5,6,10,1,4,3,2,21,6,3,4,1,7,38,30,8,34,0,9,16,9,39,32,7,32,28,4,31,18,13,56,10,46
S01010167,247,10,7,3,8,1,3,2,2,10,1,3,0,1,5,30,23,7,26,1,7,14,4,37,32,5,18,14,4,38,10,28,70,9,61
S01010168,220,8,7,1,14,1,6,4,3,26,2,5,1,2,16,32,28,4,27,1,9,14,3,29,20,9,33,29,4,20,4,16,31,6,25
S01010169,341,22,16,6,23,3,8,7,5,37,3,8,6,5,15,34,31,3,39,1,10,17,11,42,33,9,44,39,5,35,16,19,65,10,55
S01010170,217,4,1,3,10,2,0,6,2,14,2,7,1,0,4,27,21,6,30,1,15,13,1,27,23,4,32,27,5,28,14,14,45,4,41
S01010171,289,4,3,1,18,5,7,4,2,10,1,5,2,0,2,32,26,6,35,0,13,15,7,38,29,9,56,48,8,27,12,15,69,3,66
S01010172,235,11,6,5,31,4,11,6,10,42,2,8,2,6,24,32,29,3,23,1,7,10,5,24,19,5,18,13,5,27,11,16,27,4,23
S01010173,301,18,8,10,23,4,6,10,3,25,1,12,4,1,7,34,28,6,45,0,10,25,10,39,29,10,50,42,8,33,15,18,34,2,32
S01010174,326,15,10,5,18,3,1,9,5,32,2,10,10,1,9,40,33,7,66,3,29,22,12,30,19,11,39,28,11,31,14,17,55,8,47
S01010175,186,7,7,0,14,3,4,5,2,19,4,0,9,3,3,23,21,2,21,0,6,11,4,25,22,3,20,18,2,22,7,15,35,5,30
S01010176,250,21,11,10,22,6,5,8,3,28,2,8,6,0,12,21,16,5,33,2,11,16,4,34,27,7,29,24,5,22,11,11,40,2,38
S01010177,228,7,4,3,6,0,0,3,3,18,4,5,1,0,8,28,21,7,17,0,8,5,4,33,24,9,45,38,7,22,8,14,52,5,47
S01010178,317,13,8,5,6,3,1,1,1,23,4,9,3,2,5,30,23,7,29,4,11,7,7,63,48,15,51,44,7,34,11,23,68,6,62
S01010179,286,6,2,4,17,3,7,3,4,14,0,4,2,1,7,20,16,4,29,2,7,9,11,53,39,14,33,27,6,39,20,19,75,6,69
S01010180,256,13,6,7,31,5,13,5,8,31,6,5,4,4,12,29,26,3,35,0,12,9,14,26,18,8,22,14,8,21,11,10,48,12,36
S01010181,193,4,1,3,11,2,4,2,3,17,5,3,2,2,5,24,15,9,18,1,7,9,1,32,27,5,22,17,5,21,8,13,44,4,40
S01010182,385,33,19,14,49,15,12,10,12,44,4,9,3,4,24,51,39,12,45,0,13,18,14,39,33,6,43,31,12,44,18,26,37,3,34
S01010183,152,6,2,4,6,2,2,1,1,14,1,2,1,1,9,18,15,3,14,1,5,5,3,31,24,7,16,9,7,15,7,8,32,2,30
S01010184,222,7,4,3,11,0,3,4,4,11,2,3,0,1,5,25,20,5,36,2,9,16,9,41,32,9,23,21,2,19,5,14,49,4,45
S01010185,217,5,3,2,10,2,2,2,4,15,2,6,0,2,5,15,11,4,30,1,6,14,9,37,23,14,36,31,5,19,6,13,50,7,43
S01010186,343,20,11,9,37,3,9,12,13,40,8,3,8,5,16,50,44,6,41,0,17,10,14,31,22,9,45,40,5,35,7,28,44,7,37
S01010187,388,19,14,5,39,5,15,11,8,50,5,8,9,4,24,65,54,11,58,1,24,22,11,43,35,8,33,20,13,35,12,23,46,3,43
S01010188,401,38,24,14,75,15,23,21,16,56,6,9,4,8,29,64,57,7,36,1,16,15,4,32,30,2,38,32,6,35,10,25,27,3,24
S01010189,582,39,28,11,107,24,34,29,20,86,9,10,14,10,43,88,73,15,72,2,30,23,17,52,36,16,48,36,12,43,9,34,47,3,44
S01010190,449,73,34,39,107,19,40,28,20,77,9,7,7,13,41,45,37,8,41,0,10,11,20,21,11,10,42,34,8,16,3,13,27,0,27
S01010191,395,30,19,11,72,22,26,11,13,68,8,19,5,1,35,53,47,6,45,1,20,14,10,40,23,17,26,19,7,31,6,25,30,2,28
S01010192,480,47,34,13,78,25,17,21,15,70,12,12,7,8,31,69,60,9,60,1,15,15,29,34,21,13,59,47,12,36,13,23,27,3,24
S01010193,406,27,15,12,65,18,23,18,6,62,3,12,7,10,30,51,42,9,48,1,19,21,7,38,29,9,40,35,5,42,15,27,33,1,32
S01010194,243,8,5,3,14,3,4,3,4,25,5,8,5,2,5,36,29,7,30,1,12,12,5,30,22,8,28,23,5,15,8,7,57,4,53
S01010195,208,6,5,1,11,2,1,4,4,20,0,9,1,3,7,32,27,5,29,1,12,13,3,23,17,6,26,22,4,27,8,19,34,2,32
S01010196,251,7,5,2,16,5,6,4,1,21,3,7,5,0,6,33,26,7,32,0,14,11,7,38,29,9,25,20,5,26,4,22,53,8,45
S01010197,264,8,6,2,12,1,5,3,3,18,1,8,1,2,6,31,24,7,36,0,13,9,14,34,28,6,33,27,6,26,6,20,66,4,62
S01010198,341,17,11,6,21,2,8,4,7,27,6,6,4,1,10,28,22,6,36,1,11,17,7,54,36,18,48,43,5,29,11,18,81,10,71
S01010199,182,5,2,3,11,6,2,2,1,13,2,4,1,0,6,20,17,3,21,0,7,10,4,30,26,4,26,20,6,13,5,8,43,0,43
S01010200,259,7,6,1,16,1,2,10,3,22,2,8,5,2,5,34,28,6,37,3,18,10,6,35,28,7,35,29,6,27,14,13,46,6,40
S01010201,290,13,10,3,13,2,7,4,0,22,0,7,2,5,8,43,33,10,49,3,18,24,4,44,34,10,29,23,6,37,11,26,40,3,37
S01010202,201,10,5,5,13,2,4,3,4,16,5,5,1,0,5,17,14,3,21,1,5,7,8,33,23,10,23,15,8,13,7,6,55,2,53
S01010203,370,24,18,6,34,9,10,5,10,49,10,14,4,1,20,56,44,12,46,1,17,20,8,33,28,5,44,33,11,34,13,21,50,9,41
S01010204,253,5,4,1,16,3,6,3,4,16,3,3,1,2,7,18,14,4,25,0,7,10,8,49,33,16,28,22,6,17,7,10,79,8,71
S01010205,287,9,5,4,29,6,16,2,5,35,5,6,1,6,17,30,27,3,23,1,7,7,8,47,33,14,27,24,3,27,13,14,60,7,53
S01010206,43,3,0,3,3,3,0,0,0,3,1,1,0,0,1,2,2,0,7,0,3,0,4,4,3,1,2,2,0,2,1,1,17,2,15
S01010207,134,8,2,6,10,3,4,2,1,7,0,2,0,1,4,9,7,2,17,0,4,5,8,17,15,2,23,21,2,12,2,10,31,1,30
S01010208,471,28,20,8,46,11,16,7,12,71,12,7,7,10,35,79,62,17,49,5,16,11,17,47,36,11,43,24,19,35,11,24,73,3,70
S01010209,357,19,14,5,51,7,16,16,12,38,8,5,4,4,17,31,22,9,55,5,23,10,17,40,26,14,38,31,7,30,11,19,55,3,52
S01010210,349,16,13,3,50,6,19,10,15,45,6,9,5,3,22,40,31,9,41,2,19,15,5,37,27,10,43,38,5,29,9,20,48,2,46
S01010211,262,9,7,2,23,3,12,3,5,19,7,3,1,1,7,40,31,9,27,2,9,11,5,34,25,9,28,22,6,20,7,13,62,5,57
S01010212,342,8,6,2,22,7,8,6,1,24,5,6,2,4,7,38,34,4,40,1,12,14,13,49,38,11,47,38,9,26,9,17,88,4,84
S01010213,353,12,7,5,15,4,4,3,4,32,2,10,3,3,14,50,39,11,45,4,17,11,13,52,38,14,39,32,7,46,9,37,62,4,58
S01010214,440,26,19,7,41,8,13,7,13,49,4,9,5,6,25,64,49,15,49,1,12,19,17,54,37,17,51,37,14,48,15,33,58,10,48
S01010215,247,7,6,1,12,1,6,3,2,12,0,6,1,0,5,28,23,5,30,0,12,9,9,51,35,16,38,25,13,20,8,12,49,4,45
S01010216,215,7,3,4,16,7,9,0,0,21,3,4,2,6,6,14,12,2,19,2,2,12,3,39,30,9,27,20,7,13,5,8,59,3,56
S01010217,279,11,9,2,26,6,9,7,4,34,3,6,1,3,21,35,32,3,29,5,5,9,10,24,15,9,35,27,8,23,16,7,62,7,55
S01010218,452,17,10,7,50,8,23,9,10,55,10,8,6,3,28,52,45,7,43,3,19,8,13,59,40,19,54,37,17,42,9,33,80,0,80
S01010219,172,7,2,5,11,2,3,3,3,9,2,2,0,1,4,12,12,0,10,0,1,3,6,30,23,7,34,25,9,8,3,5,51,2,49
S01010220,339,30,17,13,99,31,22,10,36,67,7,5,7,12,36,30,27,3,20,1,3,4,12,18,8,10,39,25,14,12,6,6,24,1,23
S01010221,158,9,3,6,6,2,1,2,1,11,1,5,0,0,5,17,17,0,18,0,2,7,9,31,23,8,20,17,3,10,2,8,36,0,36
S01010222,234,11,8,3,20,3,7,5,5,21,6,2,4,0,9,36,32,4,45,0,18,15,12,29,19,10,24,13,11,15,6,9,33,3,30
S01010223,224,13,9,4,20,5,8,1,6,19,3,5,2,3,6,22,18,4,24,0,8,8,8,22,15,7,35,21,14,25,9,16,44,4,40
S01010224,318,11,8,3,25,5,6,3,11,28,3,6,1,0,18,26,20,6,28,1,6,8,13,51,39,12,41,36,5,24,11,13,84,3,81
S01010225,328,22,17,5,37,4,15,11,7,43,5,7,2,6,23,36,30,6,28,2,9,12,5,46,29,17,34,22,12,16,5,11,66,2,64
S01010226,239,12,6,6,24,5,11,5,3,11,1,6,1,1,2,10,9,1,26,0,8,0,18,29,24,5,30,24,6,13,7,6,84,8,76
S01010227,169,7,1,6,19,6,8,2,3,7,1,1,0,1,4,10,9,1,21,0,0,7,14,21,12,9,20,17,3,13,8,5,51,7,44
S01010228,217,6,1,5,7,1,4,1,1,20,3,5,2,0,10,23,15,8,24,0,9,10,5,32,18,14,31,23,8,21,10,11,53,4,49
S01010229,437,19,10,9,38,10,6,5,17,34,5,9,2,4,14,52,43,9,53,2,14,22,15,60,48,12,47,39,8,34,17,17,100,11,89
S01010230,324,8,5,3,28,8,8,8,4,26,6,6,0,1,13,22,21,1,17,0,3,7,7,41,30,11,31,24,7,20,11,9,131,13,118
S01010231,368,12,8,4,18,1,10,3,4,24,5,8,3,1,7,49,40,9,35,2,7,12,14,74,51,23,38,28,10,16,5,11,102,18,84
S01010232,392,16,9,7,24,4,13,2,5,28,1,10,1,6,10,37,33,4,31,1,10,10,10,54,40,14,50,41,9,25,9,16,127,15,112
S01010233,289,14,6,8,21,5,6,4,6,24,5,5,2,1,11,26,23,3,22,2,5,5,10,46,33,13,26,21,5,28,14,14,82,8,74
S01010234,515,33,21,12,134,39,33,32,30,85,19,6,2,18,40,56,49,7,34,3,10,7,14,37,26,11,49,28,21,25,10,15,62,4,58
S01010235,550,43,26,17,182,47,65,25,45,93,10,7,6,16,54,46,38,8,32,0,12,6,14,20,5,15,68,53,15,12,3,9,54,3,51
S01010236,410,23,14,9,104,23,22,27,32,72,12,11,2,18,29,45,39,6,40,0,9,12,19,31,21,10,43,30,13,9,4,5,43,3,40
S01010237,382,28,17,11,90,24,21,21,24,76,10,5,2,20,39,40,35,5,33,0,11,9,13,26,14,12,38,30,8,10,5,5,41,4,37
S01010238,474,33,13,20,94,17,28,19,30,84,10,10,8,26,30,50,46,4,36,1,15,11,9,39,30,9,59,50,9,19,3,16,60,3,57
S01010239,314,12,7,5,36,10,13,3,10,26,3,6,0,5,12,38,34,4,21,0,5,9,7,44,27,17,41,22,19,17,9,8,79,10,69
S01010240,358,22,9,13,58,10,17,20,11,72,15,17,2,12,26,47,41,6,22,1,8,8,5,31,23,8,37,32,5,16,7,9,53,9,44
S01010241,500,37,23,14,75,17,23,18,17,79,11,8,3,26,31,76,65,11,33,0,13,8,12,47,34,13,41,25,16,29,11,18,83,2,81
S01010242,368,18,14,4,46,11,11,12,12,47,3,9,1,15,19,53,45,8,26,1,4,8,13,37,27,10,58,33,25,26,9,17,57,3,54
S01010243,448,23,13,10,45,11,9,13,12,52,4,8,3,16,21,73,62,11,30,1,6,12,11,43,35,8,53,40,13,29,17,12,100,15,85
S01010244,238,16,12,4,26,7,7,4,8,20,6,5,0,3,6,26,21,5,25,1,7,11,6,29,18,11,34,27,7,14,5,9,48,4,44
S01010245,267,10,5,5,5,1,1,1,2,11,2,2,2,3,2,12,10,2,28,1,4,13,10,35,22,13,28,25,3,31,13,18,107,15,92
S01010246,304,11,4,7,18,6,3,4,5,21,2,7,0,4,8,26,22,4,35,0,13,12,10,40,26,14,39,37,2,26,11,15,88,10,78
S01010247,365,15,10,5,26,5,10,5,6,47,6,12,4,3,22,51,42,9,51,1,23,16,11,38,30,8,36,29,7,40,19,21,61,9,52
S01010248,515,35,18,17,159,35,43,30,51,94,13,13,2,28,38,46,32,14,30,1,6,9,14,32,25,7,58,47,11,14,4,10,47,1,46
S01010249,392,23,19,4,75,19,17,16,23,63,9,8,3,19,24,44,36,8,21,0,7,4,10,28,17,11,58,43,15,12,6,6,68,3,65
S01010250,476,32,16,16,135,39,26,26,44,76,7,13,0,26,30,49,37,12,26,1,6,5,14,26,18,8,65,55,10,16,8,8,51,4,47
S01010251,401,14,9,5,99,29,31,18,21,81,16,9,10,13,33,52,44,8,25,0,12,6,7,16,7,9,50,33,17,19,13,6,45,5,40
S01010252,353,19,6,13,88,26,16,21,25,77,11,15,4,21,26,42,40,2,21,1,8,6,6,18,9,9,46,30,16,8,4,4,34,4,30
S01010253,209,9,4,5,22,5,5,2,10,25,3,7,2,1,12,25,19,6,21,3,7,10,1,25,21,4,24,15,9,18,11,7,40,2,38
S01010254,471,20,11,9,57,16,8,12,21,65,11,11,4,13,26,57,45,12,52,1,15,18,18,53,39,14,80,62,18,25,14,11,62,7,55
S01010255,231,8,6,2,23,8,9,2,4,31,6,5,4,5,11,27,20,7,21,1,8,6,6,29,18,11,30,23,7,11,6,5,51,1,50
S01010256,329,10,5,5,28,3,9,7,9,39,3,11,3,8,14,41,34,7,28,0,8,18,2,53,37,16,42,35,7,33,12,21,55,4,51
S01010257,321,25,15,10,63,22,13,6,22,56,8,5,2,9,32,33,30,3,22,0,7,10,5,20,10,10,47,38,9,6,1,5,49,5,44
S01010258,464,25,13,12,127,39,20,35,33,83,12,11,3,19,38,34,30,4,14,1,4,3,6,21,16,5,96,90,6,3,1,2,61,3,58
S01010259,332,7,4,3,26,8,2,9,7,37,5,7,1,6,18,21,17,4,38,0,9,9,20,40,29,11,68,63,5,11,4,7,84,6,78
S01010260,659,52,29,23,162,47,24,18,73,83,12,7,1,24,39,61,53,8,31,1,11,1,18,30,18,12,124,98,26,19,9,10,97,6,91
S01010261,620,20,12,8,40,12,3,8,17,50,8,5,0,20,17,38,29,9,29,1,4,5,19,59,25,34,160,136,24,13,10,3,211,5,206
S01010262,259,13,12,1,21,5,7,4,5,27,2,9,0,7,9,21,16,5,26,2,4,12,8,30,14,16,42,34,8,16,9,7,63,6,57
S01010263,441,43,24,19,143,42,20,24,57,86,15,3,4,18,46,40,34,6,14,0,7,0,7,14,7,7,50,41,9,5,1,4,46,2,44
S01010264,470,42,28,14,143,52,13,24,54,76,5,5,1,23,42,41,32,9,21,0,5,5,11,26,12,14,58,47,11,7,3,4,56,4,52
S01010265,588,65,44,21,189,52,25,36,76,124,13,11,7,22,71,49,44,5,14,0,3,2,9,15,3,12,76,60,16,4,4,0,52,0,52
S01010266,251,31,20,11,71,14,9,19,29,35,5,4,1,10,15,19,15,4,12,0,1,1,10,11,7,4,31,25,6,4,1,3,37,1,36
S01010267,333,10,5,5,80,30,16,10,24,55,14,3,1,15,22,24,21,3,27,0,2,2,23,15,6,9,47,42,5,10,7,3,65,1,64
S01010268,390,20,9,11,103,21,18,30,34,70,8,4,3,22,33,43,38,5,16,1,3,3,9,13,9,4,55,45,10,9,5,4,61,0,61
S01010269,245,19,8,11,62,23,7,13,19,37,5,7,1,8,16,26,20,6,16,0,3,2,11,16,10,6,22,17,5,6,1,5,41,0,41
S01010270,381,26,10,16,85,22,25,14,24,57,9,6,2,19,21,47,42,5,21,2,6,5,8,18,11,7,37,31,6,19,7,12,71,3,68
S01010271,330,23,14,9,57,11,19,11,16,41,6,3,2,18,12,28,22,6,15,2,3,3,7,31,8,23,61,52,9,5,3,2,69,0,69
S01010272,437,34,22,12,119,47,25,13,34,58,7,7,3,9,32,41,33,8,25,0,8,5,12,33,19,14,53,42,11,17,5,12,57,1,56
S01010273,438,36,27,9,108,48,16,10,34,95,17,8,9,15,46,44,40,4,11,0,8,2,1,13,5,8,67,47,20,2,2,0,62,0,62
S01010274,355,34,24,10,112,45,15,13,39,65,10,2,4,15,34,19,17,2,17,0,5,3,9,20,7,13,45,38,7,5,2,3,38,1,37
S01010275,395,34,20,14,100,43,11,20,26,82,12,6,1,20,43,38,35,3,11,0,2,3,6,16,6,10,51,43,8,7,4,3,56,1,55
S01010276,661,94,69,25,236,70,71,29,66,145,12,4,17,26,86,56,51,5,23,0,12,7,4,18,12,6,42,24,18,17,4,13,30,2,28
S01010277,233,11,7,4,28,7,8,7,6,33,3,9,2,9,10,25,23,2,14,0,2,10,2,27,15,12,32,26,6,13,5,8,50,2,48
S01010278,273,12,6,6,37,8,6,7,16,35,7,9,1,5,13,19,17,2,38,0,10,6,22,33,23,10,31,20,11,19,7,12,49,2,47
S01010279,277,24,7,17,39,14,6,6,13,42,6,10,0,9,17,29,21,8,33,0,6,3,24,29,22,7,27,21,6,14,5,9,40,0,40
S01010280,476,38,20,18,111,37,21,19,34,92,7,7,2,16,60,45,39,6,18,0,4,3,11,31,11,20,65,40,25,9,4,5,67,3,64
S01010281,465,37,20,17,139,52,17,26,44,78,14,2,5,17,40,37,32,5,20,1,8,4,7,19,7,12,58,46,12,13,4,9,64,2,62
S01010282,496,29,19,10,153,50,35,26,42,82,6,15,3,25,33,35,24,11,52,2,12,10,28,25,17,8,38,29,9,14,8,6,68,8,60
S01010283,356,29,13,16,123,41,39,17,26,63,10,4,5,8,36,25,18,7,15,1,1,8,5,23,15,8,41,27,14,10,7,3,27,1,26
S01010284,654,32,22,10,259,64,102,40,53,133,19,19,4,46,45,59,46,13,27,0,11,7,9,29,20,9,55,45,10,13,3,10,47,3,44
S01010285,414,21,14,7,96,22,29,26,19,78,6,14,3,32,23,30,27,3,37,0,8,10,19,23,13,10,55,44,11,7,1,6,67,3,64
S01010286,495,33,21,12,145,41,44,23,37,76,8,7,4,24,33,38,32,6,15,2,4,2,7,50,34,16,49,34,15,17,6,11,72,4,68
S01010287,456,33,20,13,141,30,34,32,45,79,7,8,1,23,40,33,27,6,27,1,8,4,14,21,12,9,44,35,9,3,1,2,75,3,72
S01010288,456,45,25,20,157,44,42,27,44,86,6,4,6,34,36,46,34,12,15,2,3,4,6,9,3,6,36,27,9,7,2,5,55,2,53
S01010289,501,87,59,28,193,37,61,31,64,119,6,6,2,55,50,26,20,6,20,0,10,8,2,13,9,4,22,14,8,8,6,2,13,0,13
S01010290,280,24,16,8,79,6,24,25,24,60,7,8,1,26,18,20,16,4,12,0,2,2,8,8,5,3,30,26,4,9,5,4,38,1,37
S01010291,432,29,15,14,94,20,25,25,24,85,6,14,5,35,25,46,35,11,31,0,11,3,17,17,7,10,47,36,11,8,5,3,75,3,72
S01010292,483,29,14,15,162,29,46,43,44,87,10,9,4,28,36,34,29,5,18,1,2,4,11,30,20,10,59,47,12,4,3,1,60,2,58
S01010293,397,25,11,14,106,19,24,32,31,55,7,12,2,21,13,32,26,6,31,0,7,1,23,11,10,1,67,53,14,11,1,10,59,0,59
S01010294,302,15,10,5,74,22,20,25,7,46,9,8,2,14,13,24,19,5,22,0,1,3,18,14,10,4,41,36,5,9,1,8,57,0,57
S01010295,463,29,13,16,133,39,40,23,31,73,11,6,2,25,29,29,23,6,33,1,6,6,20,13,10,3,76,64,12,5,2,3,72,0,72
S01010296,287,21,10,11,63,17,17,15,14,41,3,8,2,15,13,21,16,5,23,0,5,4,14,13,8,5,50,39,11,10,3,7,45,2,43
S01010297,434,31,16,15,80,26,7,17,30,64,8,9,2,12,33,48,39,9,35,0,7,4,24,21,12,9,55,44,11,27,10,17,73,4,69
S01010298,376,16,6,10,84,24,20,23,17,77,9,10,4,27,27,31,24,7,27,1,10,5,11,35,29,6,34,28,6,8,4,4,64,2,62
S01010299,165,5,1,4,34,5,8,12,9,25,3,4,0,7,11,11,9,2,22,3,5,3,11,20,8,12,19,14,5,12,5,7,17,1,16
S01010300,394,21,8,13,78,24,19,9,26,66,9,9,3,19,26,30,25,5,26,0,6,4,16,40,32,8,66,43,23,10,4,6,57,0,57
S01010301,266,12,6,6,61,24,10,10,17,39,6,5,2,8,18,18,15,3,21,0,3,2,16,21,11,10,39,33,6,8,4,4,47,0,47
S01010302,171,6,2,4,27,8,6,6,7,18,3,3,0,2,10,20,18,2,22,0,3,3,16,16,4,12,22,19,3,7,1,6,33,5,28
S01010303,143,12,4,8,10,0,6,1,3,15,3,6,0,2,4,13,9,4,18,0,0,2,16,11,8,3,16,13,3,8,4,4,40,2,38
S01010304,214,7,1,6,38,13,15,4,6,35,3,4,4,5,19,27,23,4,16,0,3,6,7,18,17,1,32,24,8,8,6,2,33,5,28
S01010305,384,13,8,5,89,18,21,26,24,71,2,12,3,24,30,36,34,2,36,2,8,9,17,30,22,8,30,23,7,11,4,7,68,5,63
S01010306,412,22,12,10,143,31,40,40,32,67,7,4,2,26,28,44,34,10,24,1,8,7,8,23,13,10,37,26,11,15,7,8,37,1,36
S01010307,508,30,12,18,211,30,58,65,58,105,12,11,4,37,41,46,39,7,21,1,10,5,5,21,15,6,35,29,6,8,2,6,31,1,30
S01010308,536,32,20,12,224,46,63,57,58,109,13,12,1,46,37,45,38,7,23,1,9,3,10,20,15,5,36,30,6,12,6,6,35,1,34
S01010309,163,11,5,6,9,4,0,4,1,11,3,2,1,1,4,13,13,0,21,0,5,7,9,23,12,11,16,10,6,14,4,10,45,4,41
S01010310,267,9,5,4,13,2,1,3,7,28,2,13,1,4,8,25,21,4,42,1,6,15,20,30,21,9,45,34,11,15,7,8,60,4,56
S01010311,215,7,3,4,14,8,2,3,1,16,2,3,1,2,8,27,21,6,20,2,4,9,5,23,16,7,25,22,3,15,7,8,68,8,60
S01010312,257,8,3,5,11,4,3,3,1,13,4,2,0,1,6,25,21,4,29,0,2,15,12,49,35,14,34,29,5,30,19,11,58,6,52
S01010313,210,10,6,4,18,5,2,3,8,13,1,5,3,2,2,17,11,6,25,1,6,4,14,37,26,11,27,25,2,24,8,16,39,3,36
S01010314,438,12,6,6,62,13,17,16,16,69,12,14,2,17,24,50,44,6,28,1,11,9,7,60,41,19,53,45,8,26,10,16,78,9,69
S01010315,412,23,12,11,75,13,30,19,13,51,8,10,6,4,23,45,37,8,37,1,11,13,12,55,43,12,35,27,8,26,11,15,65,3,62
S01010316,210,11,6,5,37,8,9,8,12,20,1,4,1,6,8,20,18,2,14,2,3,4,5,41,30,11,22,17,5,6,3,3,39,3,36
S01010317,455,26,16,10,164,41,39,47,37,101,13,7,6,37,38,42,35,7,17,1,4,4,8,20,15,5,29,25,4,5,2,3,51,1,50
S01010318,432,33,18,15,48,8,9,12,19,50,10,6,5,11,18,41,30,11,15,1,3,5,6,37,19,18,94,86,8,14,9,5,100,5,95
S01010319,406,27,18,9,116,36,32,20,28,64,13,11,8,7,25,50,47,3,25,2,13,5,5,31,23,8,26,20,6,15,7,8,52,3,49
S01010320,317,20,10,10,93,25,29,13,26,48,5,10,0,16,17,36,30,6,22,2,5,7,8,23,17,6,32,21,11,7,1,6,36,1,35
S01010321,386,14,8,6,102,28,23,29,22,56,5,10,1,17,23,40,38,2,34,3,7,14,10,28,23,5,41,30,11,9,4,5,62,5,57
S01010322,646,34,24,10,281,60,85,61,75,127,17,13,3,50,44,56,49,7,32,1,9,7,15,22,15,7,38,26,12,9,5,4,47,2,45
S01010323,178,6,3,3,14,2,3,5,4,13,1,6,1,1,4,11,10,1,10,1,2,2,5,25,19,6,17,15,2,15,6,9,67,15,52
S01010324,256,10,2,8,5,1,1,2,1,14,2,4,2,2,4,31,23,8,25,1,4,15,5,40,29,11,32,25,7,27,8,19,72,8,64
S01010325,283,11,7,4,11,2,3,3,3,29,1,10,4,2,12,31,28,3,36,5,8,17,6,41,32,9,35,28,7,31,13,18,58,4,54
S01010326,262,12,6,6,14,4,4,2,4,24,1,12,1,4,6,22,15,7,27,0,14,3,10,46,40,6,30,25,5,22,12,10,65,1,64
S01010327,383,21,13,8,42,15,11,6,10,36,3,12,3,6,12,41,32,9,39,2,12,11,14,57,37,20,31,26,5,34,16,18,82,10,72
S01010328,407,21,9,12,38,12,6,10,10,43,6,6,6,8,17,37,32,5,69,0,24,29,16,58,46,12,45,35,10,41,12,29,55,10,45
S01010329,242,9,5,4,20,8,7,1,4,29,8,6,0,5,10,30,22,8,31,4,10,8,9,29,23,6,23,18,5,23,5,18,48,2,46
S01010330,203,6,4,2,11,3,2,4,2,15,4,7,1,2,1,19,14,5,32,3,9,14,6,27,22,5,28,23,5,24,4,20,41,6,35
S01010331,313,17,13,4,13,5,2,4,2,27,7,8,2,1,9,35,31,4,44,1,10,25,8,56,43,13,25,19,6,31,18,13,65,3,62
S01010332,236,11,6,5,11,1,5,4,1,20,4,7,1,2,6,31,24,7,28,1,12,13,2,26,20,6,43,35,8,25,9,16,41,3,38
S01010333,388,19,8,11,20,5,4,7,4,34,4,13,1,2,14,46,34,12,46,1,22,17,6,66,43,23,47,39,8,35,10,25,75,6,69
S01010334,412,14,10,4,33,4,12,7,10,50,4,10,4,1,31,51,39,12,62,2,23,30,7,56,37,19,38,31,7,47,16,31,61,8,53
S01010335,264,10,5,5,14,4,4,2,4,21,1,5,4,3,8,34,29,5,37,2,9,16,10,40,33,7,28,19,9,20,5,15,60,9,51
S01010336,188,7,3,4,10,2,3,2,3,9,3,1,1,0,4,23,20,3,12,2,5,3,2,30,25,5,37,35,2,13,4,9,47,2,45
S01010337,246,6,6,0,10,1,2,6,1,11,0,6,0,2,3,34,31,3,24,0,6,12,6,54,41,13,36,26,10,32,8,24,39,5,34
S01010338,223,3,0,3,14,1,5,3,5,19,5,7,3,0,4,18,18,0,27,0,6,10,11,44,34,10,25,20,5,20,7,13,53,5,48
S01010339,226,6,2,4,12,1,6,4,1,23,2,9,2,0,10,24,21,3,22,0,2,12,8,38,31,7,29,23,6,20,6,14,52,6,46
S01010340,305,14,8,6,15,2,6,4,3,26,5,5,2,1,13,40,30,10,28,2,9,12,5,52,32,20,37,31,6,16,8,8,77,11,66
S01010341,257,17,8,9,23,3,7,10,3,26,3,13,5,0,5,33,30,3,37,3,13,11,10,29,22,7,35,27,8,20,4,16,37,2,35
S01010342,384,23,12,11,34,6,13,8,7,49,4,13,3,6,23,46,34,12,59,2,28,22,7,55,46,9,35,24,11,41,15,26,42,5,37
S01010343,564,38,24,14,57,9,16,14,18,74,9,15,11,3,36,109,83,26,74,2,41,18,13,52,40,12,55,50,5,48,14,34,57,4,53
S01010344,232,6,4,2,13,2,5,4,2,12,2,5,0,0,5,23,19,4,26,1,6,13,6,31,23,8,36,29,7,25,10,15,60,14,46
S01010345,253,40,28,12,62,12,26,14,10,41,5,8,1,11,16,25,23,2,22,0,6,8,8,21,13,8,11,8,3,17,9,8,14,1,13
S01010346,559,42,28,14,113,22,26,44,21,75,5,17,4,14,35,75,56,19,60,4,26,20,10,56,43,13,47,33,14,34,15,19,57,4,53
S01010347,399,32,15,17,39,13,14,5,7,38,11,5,2,7,13,38,33,5,49,4,14,11,20,51,39,12,56,38,18,24,9,15,72,2,70
S01010348,430,18,12,6,40,8,12,11,9,46,10,8,5,3,20,53,45,8,54,3,26,10,15,57,38,19,69,59,10,29,15,14,64,3,61
S01010349,361,11,4,7,24,3,7,10,4,40,9,7,2,5,17,42,32,10,43,1,19,15,8,63,45,18,45,37,8,40,12,28,53,4,49
S01010350,312,18,6,12,13,0,5,2,6,32,3,11,1,3,14,32,24,8,31,5,7,12,7,63,47,16,31,24,7,26,9,17,66,4,62
S01010351,405,25,15,10,46,4,9,19,14,50,8,7,6,9,20,49,37,12,50,0,15,20,15,65,46,19,36,29,7,22,10,12,62,3,59
S01010352,192,8,4,4,17,4,5,5,3,20,1,4,0,3,12,22,21,1,16,0,7,4,5,27,16,11,21,16,5,19,8,11,42,8,34
S01010353,252,7,3,4,21,5,7,2,7,18,0,6,0,5,7,21,16,5,40,0,10,8,22,41,29,12,29,22,7,14,3,11,61,10,51
S01010354,289,14,8,6,35,5,9,7,14,34,2,9,0,9,14,28,26,2,25,0,9,10,6,34,25,9,50,45,5,13,3,10,56,10,46
S01010355,319,16,8,8,33,9,6,6,12,38,4,10,3,5,16,38,30,8,39,1,12,17,9,38,29,9,28,21,7,25,13,12,64,6,58
S01010356,369,18,12,6,50,19,9,14,8,49,10,12,1,2,24,55,46,9,45,2,17,13,13,34,24,10,37,28,9,33,11,22,48,3,45
S01010357,217,12,6,6,18,2,3,4,9,25,4,6,1,2,12,30,23,7,20,3,4,7,6,30,22,8,30,22,8,22,8,14,30,2,28
S01010358,282,9,6,3,22,4,6,6,6,19,3,2,1,4,9,26,22,4,31,3,6,11,11,49,39,10,41,29,12,19,7,12,66,5,61
S01010359,238,16,11,5,19,5,7,2,5,10,1,2,0,3,4,26,22,4,21,3,5,6,7,20,14,6,30,26,4,19,6,13,77,7,70
S01010360,210,6,3,3,36,8,13,11,4,25,5,8,1,7,4,21,15,6,21,0,7,8,6,24,18,6,20,13,7,12,6,6,45,7,38
S01010361,184,7,5,2,17,3,1,5,8,11,3,3,0,3,2,20,17,3,12,0,4,1,7,29,18,11,25,19,6,10,3,7,53,2,51
S01010362,261,5,2,3,29,5,12,6,6,22,4,3,1,5,9,27,23,4,18,0,6,6,6,29,19,10,34,24,10,32,7,25,65,6,59
S01010363,415,30,17,13,150,30,46,35,39,72,14,9,5,14,30,38,31,7,26,0,11,11,4,27,18,9,33,22,11,11,4,7,28,1,27
S01010364,461,54,34,20,158,31,38,51,38,67,10,12,3,13,29,52,47,5,32,0,20,6,6,19,15,4,29,23,6,16,5,11,34,0,34
S01010365,556,81,55,26,227,25,66,61,75,94,2,11,4,40,37,45,28,17,26,3,8,8,7,22,13,9,34,28,6,13,3,10,14,0,14
S01010366,578,50,28,22,226,46,59,64,57,97,11,9,5,28,44,42,33,9,39,2,15,10,12,29,20,9,32,24,8,21,9,12,42,3,39
S01010367,625,72,54,18,246,51,72,61,62,92,6,7,6,32,41,33,26,7,21,1,10,5,5,42,28,14,56,43,13,11,5,6,52,2,50
S01010368,388,57,41,16,166,22,43,30,71,66,4,4,2,22,34,36,27,9,10,1,2,3,4,9,4,5,23,11,12,6,3,3,15,1,14
S01010369,473,25,13,12,166,28,36,55,47,88,9,16,5,28,30,39,32,7,26,0,5,6,15,31,23,8,42,29,13,12,5,7,44,1,43
S01010370,433,43,29,14,192,41,53,57,41,85,7,6,6,37,29,32,27,5,17,3,4,4,6,11,8,3,21,19,2,8,5,3,24,3,21
S01010371,565,58,32,26,220,42,53,63,62,125,8,12,0,59,46,53,47,6,18,0,4,5,9,10,6,4,32,23,9,7,3,4,42,2,40
S01010372,315,23,15,8,132,23,35,44,30,56,1,5,2,29,19,24,22,2,17,2,6,0,9,13,8,5,21,14,7,6,0,6,23,0,23
S01010373,429,25,17,8,192,40,53,46,53,78,10,7,0,39,22,32,27,5,16,0,8,3,5,11,9,2,34,30,4,8,5,3,33,4,29
S01010374,523,51,37,14,225,36,75,44,70,102,9,10,3,35,45,35,22,13,24,2,6,8,8,11,7,4,35,26,9,6,2,4,34,1,33
S01010375,222,20,13,7,73,9,27,17,20,29,1,6,2,8,12,14,9,5,9,0,1,1,7,5,3,2,34,29,5,2,1,1,36,1,35
S01010376,348,33,22,11,109,25,30,24,30,67,10,6,2,30,19,32,27,5,9,1,3,0,5,13,9,4,30,27,3,5,3,2,50,0,50
S01010377,386,24,15,9,116,26,29,32,29,68,8,10,2,29,19,27,24,3,13,0,3,2,8,25,18,7,52,45,7,5,3,2,56,5,51
S01010378,297,17,11,6,106,15,40,23,28,54,7,9,3,16,19,16,12,4,6,0,2,3,1,14,10,4,36,33,3,3,1,2,45,1,44
S01010379,456,29,14,15,130,19,57,27,27,76,5,12,3,28,28,24,21,3,13,1,4,2,6,34,22,12,60,45,15,7,4,3,83,0,83
S01010380,533,42,26,16,208,38,57,61,52,108,10,17,1,32,48,38,29,9,20,0,8,3,9,19,9,10,44,32,12,9,5,4,45,2,43
S01010381,348,16,11,5,130,43,42,16,29,53,3,4,1,21,24,33,30,3,17,1,4,5,7,28,16,12,34,25,9,5,1,4,32,1,31
S01010382,500,34,26,8,174,34,43,45,52,79,5,15,1,25,33,41,32,9,28,0,8,5,15,26,18,8,48,36,12,8,4,4,62,0,62
S01010383,285,13,8,5,49,17,9,13,10,51,5,8,5,14,19,34,28,6,18,1,3,5,9,27,18,9,38,30,8,13,4,9,42,5,37
S01010384,497,38,25,13,189,42,59,43,45,98,12,6,1,30,49,33,26,7,25,0,8,7,10,20,15,5,46,29,17,7,4,3,41,5,36
S01010385,443,18,13,5,136,30,37,29,40,95,11,10,3,35,36,51,46,5,21,1,6,8,6,35,26,9,31,27,4,8,5,3,48,1,47
S01010386,409,20,12,8,94,26,17,17,34,72,11,4,2,22,33,39,31,8,30,4,11,8,7,37,24,13,39,28,11,14,8,6,64,2,62
S01010387,588,53,36,17,189,59,55,31,44,96,11,11,7,23,44,40,32,8,41,2,16,10,13,28,17,11,56,32,24,15,8,7,70,3,67
S01010388,489,14,8,6,109,28,30,22,29,75,8,14,3,17,33,67,54,13,40,3,12,10,15,53,34,19,46,29,17,25,15,10,60,8,52
S01010389,696,77,55,22,280,56,114,43,67,148,14,3,36,21,74,42,36,6,36,1,26,6,3,29,15,14,46,35,11,10,5,5,28,0,28
S01010390,721,49,31,18,232,61,62,47,62,130,21,19,6,28,56,86,79,7,40,1,14,15,10,52,31,21,62,39,23,15,3,12,55,3,52
S01010391,503,26,17,9,138,32,39,35,32,95,13,12,11,22,37,44,31,13,42,0,19,14,9,51,37,14,44,33,11,23,10,13,40,2,38
S01010392,489,81,63,18,173,45,59,26,43,116,9,3,29,20,55,41,36,5,23,0,13,5,5,12,6,6,23,14,9,3,1,2,17,3,14
S01010393,634,38,14,24,208,56,47,46,59,133,12,15,4,46,56,61,45,16,27,0,3,14,10,32,20,12,74,56,18,11,3,8,50,5,45
S01010394,309,17,9,8,70,19,17,12,22,50,8,11,3,13,15,37,28,9,22,2,7,8,5,31,24,7,26,23,3,20,4,16,36,6,30
S01010395,538,32,20,12,165,48,42,44,31,99,6,14,2,27,50,62,48,14,34,2,9,8,15,34,25,9,42,29,13,19,12,7,51,4,47
S01010396,533,37,24,13,187,52,39,40,56,81,10,7,1,31,32,46,42,4,32,1,14,9,8,34,28,6,47,34,13,8,4,4,61,1,60
S01010397,320,25,16,9,144,36,40,28,40,48,5,5,2,16,20,22,17,5,17,1,4,7,5,16,11,5,24,21,3,5,3,2,19,1,18
S01010398,648,54,31,23,272,51,86,58,77,115,9,10,5,30,61,56,44,12,37,2,11,9,15,29,23,6,47,34,13,9,0,9,29,3,26
S01010399,735,76,49,27,377,85,112,78,102,124,11,7,6,33,67,46,36,10,14,0,6,1,7,20,14,6,37,28,9,8,6,2,33,1,32
S01010400,629,67,44,23,301,54,83,82,82,93,7,12,6,28,40,35,32,3,24,1,11,4,8,20,11,9,34,29,5,6,4,2,49,3,46
S01010401,366,42,28,14,154,31,42,34,47,65,4,3,6,26,26,28,25,3,12,0,2,4,6,12,8,4,29,20,9,7,4,3,17,0,17
S01010402,627,79,51,28,308,50,112,69,77,90,11,5,3,18,53,40,29,11,15,0,4,6,5,16,8,8,46,31,15,4,4,0,29,2,27
S01010403,577,68,48,20,300,47,89,83,81,103,4,5,6,25,63,35,26,9,21,3,3,7,8,14,7,7,16,10,6,3,3,0,17,1,16
S01010404,447,65,42,23,184,30,51,41,62,91,7,4,2,38,40,32,23,9,12,0,6,4,2,14,9,5,20,13,7,9,4,5,20,0,20
S01010405,485,57,35,22,247,42,79,69,57,86,10,9,4,30,33,29,21,8,14,1,5,4,4,17,8,9,16,11,5,5,1,4,14,0,14
S01010406,495,59,34,25,199,45,61,44,49,89,7,6,2,38,36,29,22,7,18,2,7,2,7,21,14,7,32,21,11,9,8,1,39,0,39
S01010407,424,40,29,11,130,26,53,28,23,70,11,3,0,23,33,26,19,7,15,0,8,0,7,24,13,11,53,43,10,4,3,1,62,2,60
S01010408,233,31,23,8,78,16,23,23,16,29,2,4,4,1,18,27,25,2,17,0,7,6,4,14,12,2,15,10,5,7,0,7,15,1,14
S01010409,329,44,26,18,115,20,43,32,20,56,6,9,6,10,25,32,27,5,20,0,4,4,12,14,13,1,24,20,4,10,3,7,14,0,14
S01010410,302,38,28,10,133,19,44,28,42,40,6,1,4,2,27,34,28,6,12,1,6,2,3,8,7,1,18,16,2,10,3,7,9,0,9
S01010411,509,63,48,15,236,28,72,58,78,81,8,5,3,24,41,47,35,12,26,1,9,5,11,15,13,2,19,15,4,8,2,6,14,1,13
S01010412,490,60,49,11,217,46,76,44,51,81,8,5,9,22,37,41,32,9,10,0,5,1,4,19,11,8,23,13,10,5,3,2,34,3,31
S01010413,302,47,32,15,134,13,40,37,44,42,3,6,1,9,23,24,18,6,13,1,3,5,4,11,7,4,15,12,3,7,3,4,9,0,9
S01010414,512,59,41,18,205,33,62,51,59,81,13,11,3,18,36,52,45,7,20,1,7,6,6,33,23,10,27,22,5,9,3,6,26,0,26
S01010415,434,40,16,24,94,19,32,18,25,64,12,6,4,24,18,51,37,14,42,1,14,11,16,36,27,9,46,38,8,27,6,21,34,4,30
S01010416,355,49,30,19,149,20,44,39,46,47,10,6,6,12,13,27,23,4,15,0,7,3,5,21,13,8,17,13,4,12,3,9,18,1,17
S01010417,327,32,23,9,143,30,37,45,31,51,3,4,2,17,25,36,24,12,6,0,3,3,0,18,13,5,19,16,3,5,1,4,17,1,16
S01010418,657,59,36,23,323,58,104,82,79,121,8,9,3,37,64,51,40,11,24,2,10,8,4,24,12,12,37,26,11,3,1,2,15,0,15
S01010419,559,64,45,19,278,45,91,61,81,93,9,16,5,23,40,44,35,9,15,0,6,5,4,17,8,9,19,16,3,10,4,6,19,0,19
S01010420,314,31,19,12,114,17,38,30,29,49,5,5,3,11,25,32,23,9,15,1,2,11,1,12,9,3,21,19,2,15,6,9,25,0,25
S01010421,425,45,32,13,191,21,63,52,55,57,4,6,4,14,29,43,33,10,19,1,3,5,10,17,13,4,31,21,10,6,1,5,16,0,16
S01010422,509,55,35,20,186,30,45,68,43,82,10,6,5,18,43,47,34,13,33,1,10,10,12,25,17,8,34,32,2,12,4,8,35,2,33
S01010423,357,14,7,7,64,13,18,18,15,49,3,9,4,10,23,39,35,4,47,1,8,22,16,41,33,8,35,25,10,22,11,11,46,2,44
S01010424,339,15,9,6,59,10,21,12,16,54,4,5,4,13,28,41,34,7,28,1,11,10,6,40,26,14,41,31,10,17,4,13,44,3,41
S01010425,458,26,12,14,70,10,24,12,24,66,9,13,5,11,28,41,34,7,39,0,14,15,10,67,53,14,59,42,17,19,11,8,71,6,65
S01010426,345,17,12,5,77,7,24,22,24,50,8,11,2,6,23,46,31,15,28,0,10,9,9,38,28,10,36,24,12,16,9,7,37,5,32
S01010427,314,16,11,5,50,6,14,17,13,30,3,6,3,11,7,32,25,7,38,1,18,12,7,35,24,11,28,24,4,26,4,22,59,7,52
S01010428,340,27,23,4,118,25,30,37,26,69,12,7,2,12,36,38,32,6,23,1,12,4,6,17,13,4,20,18,2,9,3,6,19,0,19
S01010429,526,42,30,12,226,40,58,76,52,92,6,11,8,27,40,43,35,8,26,1,12,9,4,37,26,11,27,24,3,9,1,8,24,4,20
S01010430,327,17,7,10,23,4,5,12,2,28,3,5,6,7,7,36,31,5,38,1,9,19,9,35,25,10,39,29,10,34,15,19,77,4,73
S01010431,358,42,33,9,146,27,33,51,35,61,4,10,1,16,30,30,27,3,16,0,8,6,2,15,9,6,16,12,4,9,5,4,23,2,21
S01010432,391,21,11,10,44,8,14,11,11,34,5,8,2,4,15,59,38,21,52,3,15,21,13,52,37,15,45,32,13,16,5,11,68,5,63
S01010433,206,6,1,5,17,2,5,5,5,4,0,0,1,2,1,13,12,1,36,2,11,4,19,25,21,4,24,19,5,22,9,13,59,5,54
S01010434,235,11,3,8,25,8,9,5,3,31,8,8,4,3,8,22,19,3,32,1,6,13,12,29,22,7,20,14,6,19,6,13,46,6,40
S01010435,277,7,4,3,33,7,8,12,6,29,6,5,3,5,10,46,32,14,36,4,20,6,6,31,24,7,27,22,5,27,11,16,41,4,37
S01010436,329,23,9,14,50,4,23,15,8,21,0,4,0,5,12,51,42,9,33,0,12,14,7,32,23,9,39,28,11,21,8,13,59,2,57
S01010437,222,12,9,3,23,6,7,6,4,18,2,5,0,5,6,27,23,4,18,0,8,6,4,45,30,15,23,18,5,21,8,13,35,2,33
S01010438,327,15,10,5,52,12,25,9,6,33,5,6,4,0,18,31,24,7,38,0,15,15,8,49,42,7,35,30,5,24,14,10,50,3,47
S01010439,484,21,17,4,60,11,22,15,12,61,12,9,4,9,27,65,55,10,64,2,25,21,16,69,48,21,35,25,10,31,10,21,78,19,59
S01010440,238,12,8,4,34,8,10,12,4,29,3,8,2,4,12,31,22,9,25,0,10,9,6,40,33,7,20,16,4,13,6,7,34,7,27
S01010441,532,39,25,14,88,30,22,11,25,100,18,18,9,8,47,76,62,14,54,3,18,25,8,59,44,15,38,21,17,24,10,14,54,3,51
S01010442,392,21,8,13,43,8,18,9,8,53,6,7,4,13,23,53,44,9,44,2,18,12,12,46,39,7,48,38,10,12,4,8,72,9,63
S01010443,240,24,14,10,21,5,9,3,4,19,3,7,2,4,3,26,20,6,29,0,8,10,11,38,29,9,26,16,10,23,9,14,34,1,33
S01010444,262,11,6,5,22,5,10,3,4,32,2,6,5,4,15,30,23,7,29,2,9,9,9,50,39,11,28,23,5,22,6,16,38,2,36
S01010445,306,9,4,5,28,4,7,10,7,39,7,6,3,5,18,38,34,4,41,0,12,21,8,52,39,13,22,19,3,31,13,18,46,12,34
S01010446,403,29,18,11,49,9,7,17,16,44,9,8,7,3,17,44,33,11,63,2,30,21,10,51,34,17,47,42,5,34,11,23,42,4,38
S01010447,349,19,10,9,30,8,9,5,8,31,6,4,3,1,17,47,34,13,41,1,16,15,9,59,40,19,33,26,7,35,12,23,54,2,52
S01010448,400,39,28,11,52,9,14,15,14,53,10,7,6,7,23,60,48,12,40,1,18,17,4,48,41,7,46,34,12,25,6,19,37,6,31
S01010449,293,14,8,6,35,6,23,3,3,37,6,9,2,5,15,34,24,10,36,0,13,14,9,38,32,6,30,18,12,24,6,18,45,7,38
S01010450,318,16,8,8,39,8,18,10,3,42,10,8,6,4,14,36,31,5,43,2,15,15,11,46,37,9,31,26,5,25,8,17,40,8,32
S01010451,281,15,9,6,46,10,17,6,13,31,5,6,3,5,12,24,20,4,32,1,10,11,10,41,31,10,31,25,6,21,10,11,40,2,38
S01010452,328,15,9,6,44,9,9,17,9,41,5,9,3,6,18,52,38,14,43,0,19,14,10,43,32,11,30,18,12,20,7,13,40,1,39
S01010453,234,7,4,3,32,5,9,9,9,24,6,5,1,6,6,27,24,3,35,0,9,14,12,31,21,10,14,12,2,13,5,8,51,5,46
S01010454,328,18,12,6,40,8,11,15,6,30,7,7,5,4,7,55,43,12,41,6,14,15,6,45,29,16,27,21,6,32,11,21,40,3,37
S01010455,302,8,4,4,22,4,9,4,5,31,2,11,2,3,13,50,39,11,32,3,12,14,3,45,34,11,33,25,8,28,10,18,53,6,47
S01010456,228,13,10,3,29,6,8,8,7,31,7,5,2,6,11,39,29,10,31,1,14,7,9,32,28,4,13,10,3,20,7,13,20,2,18
S01010457,243,16,9,7,37,6,13,7,11,28,8,1,3,3,13,37,29,8,21,1,7,5,8,37,30,7,20,17,3,14,5,9,33,2,31
S01010458,252,17,8,9,25,7,8,7,3,22,3,4,3,1,11,41,28,13,28,1,10,8,9,50,37,13,22,17,5,9,2,7,38,5,33
S01010459,197,10,8,2,37,9,12,10,6,23,2,4,4,4,9,25,19,6,21,1,7,9,4,23,21,2,22,20,2,16,5,11,20,0,20
S01010460,384,49,30,19,146,30,53,22,41,64,5,9,8,14,28,29,19,10,30,1,14,9,6,13,10,3,16,12,4,15,4,11,22,2,20
S01010461,245,15,11,4,44,7,19,7,11,28,6,7,6,1,8,29,23,6,25,0,11,9,5,28,22,6,23,18,5,14,3,11,39,1,38
S01010462,187,4,3,1,11,2,4,4,1,11,2,1,0,2,6,11,8,3,26,1,4,9,12,20,14,6,20,19,1,15,7,8,69,5,64
S01010463,350,22,20,2,72,16,13,28,15,51,5,13,7,8,18,32,25,7,31,3,17,9,2,39,27,12,30,24,6,28,8,20,45,3,42
S01010464,237,10,4,6,45,7,11,14,13,25,4,4,4,4,9,46,37,9,23,2,3,13,5,27,24,3,28,24,4,20,5,15,13,2,11
S01010465,572,35,22,13,157,34,51,48,24,109,13,16,15,15,50,67,54,13,47,2,21,11,13,45,36,9,54,43,11,24,8,16,34,2,32
S01010466,531,55,37,18,162,34,54,39,35,105,11,9,7,20,58,62,50,12,30,0,19,8,3,40,24,16,31,25,6,13,2,11,33,1,32
S01010467,356,35,24,11,117,26,45,24,22,61,9,5,7,9,31,44,29,15,22,2,7,4,9,18,15,3,32,22,10,10,3,7,17,0,17
S01010468,492,44,28,16,161,50,44,36,31,71,7,4,4,18,38,57,44,13,24,1,5,8,10,30,23,7,54,43,11,12,5,7,39,2,37
S01010469,273,23,15,8,80,21,18,24,17,46,9,5,3,9,20,29,24,5,16,2,6,4,4,25,21,4,26,15,11,12,7,5,16,1,15
S01010470,332,28,15,13,53,9,11,20,13,42,6,9,6,7,14,46,38,8,42,3,17,14,8,39,28,11,31,21,10,17,7,10,34,3,31
S01010471,256,20,10,10,45,8,14,13,10,24,4,1,6,3,10,27,25,2,27,1,10,6,10,24,19,5,32,25,7,14,4,10,43,4,39
S01010472,322,23,17,6,115,32,40,24,19,64,8,3,9,9,35,25,19,6,15,1,5,5,4,24,10,14,17,11,6,19,8,11,20,2,18
S01010473,407,36,24,12,94,24,29,19,22,67,14,9,10,11,23,57,48,9,25,0,10,8,7,40,25,15,36,24,12,20,7,13,32,4,28
S01010474,432,23,8,15,131,24,37,46,24,67,13,8,8,14,24,36,32,4,40,0,12,13,15,33,25,8,39,31,8,15,10,5,48,5,43
S01010475,435,45,28,17,136,35,41,31,29,91,14,10,14,10,43,48,36,12,27,0,15,8,4,22,10,12,36,21,15,12,7,5,18,4,14
S01010476,458,37,21,16,120,23,42,29,26,74,10,10,9,7,38,65,48,17,42,1,21,12,8,33,23,10,34,26,8,14,4,10,39,8,31
S01010477,339,10,7,3,45,7,17,11,10,47,17,9,2,2,17,60,49,11,43,2,16,14,11,39,28,11,34,29,5,21,5,16,40,1,39
S01010478,416,19,11,8,41,6,13,14,8,47,4,15,3,13,12,50,36,14,37,1,13,13,10,59,45,14,64,48,16,33,10,23,66,10,56
S01010479,416,13,10,3,56,8,23,18,7,48,4,14,7,3,20,54,47,7,52,2,16,23,11,63,52,11,34,23,11,42,16,26,54,6,48
S01010480,234,19,11,8,39,7,14,11,7,42,9,9,4,4,16,31,21,10,25,1,14,8,2,23,21,2,17,14,3,17,6,11,21,4,17
S01010481,205,7,5,2,9,2,5,1,1,18,2,4,4,2,6,20,17,3,27,4,9,6,8,29,25,4,35,27,8,18,8,10,42,2,40
S01010482,323,22,15,7,46,10,15,9,12,38,6,12,6,5,9,37,25,12,32,0,20,10,2,32,28,4,36,29,7,33,9,24,47,4,43
S01010483,440,31,22,9,71,9,23,22,17,66,6,16,3,5,36,49,38,11,48,4,20,19,5,57,43,14,33,27,6,30,9,21,55,5,50
S01010484,246,9,7,2,31,10,7,7,7,31,6,3,5,6,11,33,25,8,36,2,15,15,4,35,32,3,24,17,7,14,6,8,33,1,32
S01010485,432,37,27,10,66,9,18,25,14,54,8,15,7,11,13,61,51,10,53,0,27,17,9,56,43,13,33,25,8,36,15,21,36,5,31
S01010486,495,41,33,8,77,12,20,28,17,73,9,9,9,7,39,77,58,19,72,1,35,24,12,46,37,9,38,28,10,35,17,18,36,2,34
S01010487,436,21,12,9,45,12,17,9,7,47,3,12,5,1,26,68,53,15,53,1,24,18,10,66,44,22,30,23,7,37,13,24,69,8,61
S01010488,281,8,6,2,14,1,4,4,5,27,6,6,2,3,10,31,25,6,36,2,13,11,10,43,30,13,37,33,4,21,7,14,64,11,53
S01010489,381,18,9,9,19,2,7,6,4,44,7,13,6,3,15,52,37,15,51,1,22,16,12,56,44,12,53,47,6,27,12,15,61,5,56
S01010490,224,11,6,5,21,3,7,2,9,13,0,5,1,0,7,30,25,5,23,2,7,11,3,30,24,6,37,27,10,16,5,11,43,4,39
S01010491,273,9,9,0,13,3,4,5,1,19,5,6,1,6,1,25,14,11,30,0,9,12,9,58,43,15,34,28,6,23,12,11,62,1,61
S01010492,137,10,4,6,6,2,2,2,0,6,1,3,1,1,0,10,8,2,14,0,6,6,2,22,19,3,15,12,3,13,5,8,41,2,39
S01010493,192,3,2,1,5,2,0,2,1,11,2,4,2,0,3,21,16,5,16,1,6,4,5,34,28,6,26,22,4,20,7,13,56,3,53
S01010494,268,11,7,4,26,5,16,1,4,18,4,6,2,1,5,39,33,6,38,4,12,15,7,38,27,11,19,18,1,33,14,19,46,6,40
S01010495,280,9,7,2,12,0,7,1,4,15,4,4,0,2,5,26,22,4,31,1,14,10,6,53,33,20,27,18,9,24,10,14,83,9,74
S01010496,261,6,3,3,14,2,4,5,3,16,2,4,1,4,5,31,27,4,36,2,11,10,13,45,29,16,27,23,4,27,9,18,59,6,53
S01010497,281,12,4,8,9,3,5,0,1,29,3,9,4,1,12,38,33,5,31,1,10,14,6,38,23,15,44,36,8,30,7,23,50,3,47
S01010498,274,8,5,3,14,3,9,0,2,12,1,3,0,2,6,33,27,6,25,0,10,12,3,43,30,13,39,27,12,27,16,11,73,6,67
S01010499,174,5,2,3,4,0,1,1,2,8,2,1,0,2,3,13,11,2,23,0,3,11,9,25,20,5,37,28,9,20,8,12,39,2,37
S01010500,336,20,17,3,24,5,11,4,4,31,2,8,2,6,13,38,27,11,34,5,7,13,9,48,34,14,41,36,5,23,6,17,77,6,71
S01010501,367,16,12,4,23,4,6,5,8,31,7,7,4,4,9,47,39,8,45,2,18,16,9,54,40,14,37,28,9,44,19,25,70,6,64
S01010502,394,15,10,5,22,4,13,4,1,38,4,8,2,6,18,54,46,8,51,1,19,23,8,53,37,16,42,31,11,46,17,29,73,5,68
S01010503,240,9,4,5,9,0,4,2,3,14,4,5,1,0,4,35,25,10,22,1,4,13,4,39,26,13,31,29,2,22,8,14,59,9,50
S01010504,258,49,4,45,35,7,10,10,8,31,0,6,7,6,12,22,12,10,55,28,8,10,9,21,16,5,4,4,0,12,3,9,29,8,21
S01010505,282,29,12,17,40,6,9,15,10,25,3,8,2,2,10,16,12,4,58,29,6,15,8,33,24,9,13,11,2,31,18,13,37,8,29
S01010506,442,72,20,52,58,6,16,27,9,46,3,5,1,10,27,32,24,8,107,39,19,31,18,45,26,19,13,13,0,33,15,18,36,14,22
S01010507,415,41,11,30,26,1,6,12,7,40,8,5,5,6,16,32,28,4,89,34,12,19,24,57,32,25,26,26,0,48,11,37,56,10,46
S01010508,495,57,11,46,65,9,20,25,11,43,3,2,5,12,21,33,23,10,75,26,8,20,21,58,40,18,24,21,3,61,32,29,79,32,47
S01010509,538,55,19,36,81,11,15,38,17,59,6,12,5,19,17,51,36,15,100,43,18,22,17,47,31,16,26,25,1,48,24,24,71,23,48
S01010510,383,35,12,23,60,4,20,23,13,33,5,7,6,3,12,36,26,10,56,3,24,19,10,47,36,11,36,33,3,40,21,19,40,6,34
S01010511,426,24,17,7,22,3,9,6,4,18,3,6,0,2,7,44,33,11,80,7,23,35,15,36,30,6,41,41,0,70,34,36,91,17,74
S01010512,269,23,12,11,29,5,7,14,3,22,2,6,1,5,8,25,16,9,44,2,19,18,5,28,19,9,34,31,3,32,15,17,32,7,25
S01010513,416,50,23,27,65,14,21,18,12,45,3,11,7,12,12,38,25,13,70,3,26,31,10,37,28,9,27,23,4,46,24,22,38,7,31
S01010514,360,19,12,7,25,2,12,5,6,22,4,9,4,1,4,33,23,10,56,1,18,27,10,39,28,11,50,42,8,42,21,21,74,19,55
S01010515,408,16,8,8,36,5,18,9,4,19,6,4,2,4,3,30,22,8,66,8,17,25,16,42,29,13,48,46,2,65,30,35,86,25,61
S01010516,329,90,22,68,39,2,18,11,8,34,6,5,8,6,9,27,14,13,47,4,17,17,9,19,9,10,16,14,2,11,5,6,46,6,40
S01010517,432,50,22,28,63,8,23,25,7,36,3,3,6,4,20,34,21,13,81,12,20,25,24,32,22,10,33,27,6,46,31,15,57,9,48
S01010518,368,37,24,13,38,9,7,12,10,33,12,3,5,7,6,34,25,9,70,4,23,19,24,34,25,9,29,28,1,44,24,20,49,8,41
S01010519,373,31,22,9,39,7,14,12,6,30,2,7,6,1,14,35,26,9,54,2,22,18,12,38,25,13,42,40,2,42,18,24,62,8,54
S01010520,495,41,22,19,60,12,17,23,8,35,8,5,4,3,15,55,39,16,87,4,31,35,17,60,45,15,49,43,6,47,27,20,61,8,53
S01010521,401,42,14,28,29,6,10,4,9,43,11,7,3,8,14,31,25,6,62,9,14,24,15,57,29,28,35,33,2,49,20,29,53,11,42
S01010522,303,36,17,19,25,3,7,6,9,19,3,4,4,0,8,17,12,5,54,5,15,14,20,29,18,11,30,24,6,30,17,13,63,8,55
S01010523,277,19,8,11,14,2,3,2,7,12,1,3,0,2,6,15,12,3,41,5,10,14,12,28,22,6,40,37,3,34,20,14,74,7,67
S01010524,288,58,14,44,51,6,13,22,10,25,4,4,6,4,7,21,16,5,51,6,9,23,13,24,12,12,14,13,1,20,11,9,24,5,19
S01010525,309,60,17,43,36,6,12,12,6,29,2,3,1,14,9,23,16,7,54,10,16,15,13,25,14,11,12,9,3,24,10,14,46,2,44
S01010526,413,57,16,41,63,8,18,22,15,34,2,6,6,11,9,40,26,14,74,5,30,26,13,46,32,14,22,20,2,34,14,20,43,12,31
S01010527,414,38,15,23,38,5,12,13,8,34,6,6,8,6,8,41,23,18,68,2,24,22,20,52,29,23,30,29,1,43,22,21,70,7,63
S01010528,328,44,9,35,57,14,18,9,16,37,2,5,4,13,13,19,15,4,63,27,14,11,11,23,12,11,25,24,1,16,10,6,44,12,32
S01010529,369,67,26,41,51,9,12,19,11,29,4,5,5,5,10,31,19,12,50,1,19,21,9,37,29,8,26,23,3,35,15,20,43,6,37
S01010530,354,85,19,66,40,8,15,11,6,34,1,4,6,9,14,36,19,17,54,13,16,18,7,25,15,10,18,18,0,20,9,11,42,12,30
S01010531,587,97,27,70,75,21,18,21,15,50,3,5,8,14,20,57,43,14,108,9,23,50,26,62,34,28,42,32,10,31,10,21,65,8,57
S01010532,279,38,8,30,40,10,12,5,13,25,3,5,4,6,7,18,12,6,64,41,10,7,6,32,17,15,8,7,1,20,11,9,34,10,24
S01010533,284,44,12,32,49,7,9,24,9,24,1,5,0,7,11,25,15,10,40,6,9,14,11,30,14,16,19,18,1,12,4,8,41,0,41
S01010534,448,47,17,30,64,11,11,27,15,43,1,14,8,8,12,31,20,11,73,4,14,36,19,68,49,19,37,34,3,35,19,16,50,9,41
S01010535,356,60,22,38,55,8,19,12,16,54,2,7,4,23,18,30,21,9,59,26,10,15,8,38,25,13,18,16,2,17,9,8,25,6,19
S01010536,449,60,20,40,30,8,6,9,7,39,7,3,7,13,9,45,32,13,75,6,15,26,28,47,20,27,40,29,11,29,10,19,84,4,80
S01010537,487,48,15,33,37,9,11,10,7,42,4,2,5,18,13,40,22,18,83,3,14,12,54,44,17,27,47,40,7,33,17,16,113,5,108
S01010538,442,45,24,21,49,12,13,12,12,56,5,10,11,11,19,45,35,10,56,6,12,23,15,45,23,22,48,27,21,38,19,19,60,8,52
S01010539,717,94,35,59,63,6,21,20,16,101,7,13,13,27,41,67,53,14,104,8,32,23,41,73,34,39,58,43,15,40,15,25,117,5,112
S01010540,322,39,13,26,58,10,15,17,16,30,1,3,1,10,15,29,18,11,61,17,15,12,17,40,22,18,12,12,0,17,8,9,36,11,25
S01010541,453,57,6,51,75,14,18,27,16,62,11,5,8,17,21,39,33,6,67,13,17,20,17,43,27,16,28,23,5,37,19,18,45,4,41
S01010542,456,52,15,37,65,16,17,25,7,70,1,11,8,29,21,31,23,8,83,18,22,26,17,48,29,19,25,22,3,28,12,16,54,14,40
S01010543,344,54,21,33,45,2,18,14,11,31,4,2,6,11,8,26,15,11,84,25,15,29,15,28,20,8,23,20,3,22,8,14,31,10,21
S01010544,426,27,11,16,41,4,16,15,6,38,6,3,6,5,18,36,24,12,83,5,27,38,13,44,29,15,35,32,3,53,38,15,69,14,55
S01010545,332,47,15,32,47,9,15,9,14,44,6,6,8,10,14,29,19,10,67,4,17,25,21,29,18,11,19,17,2,19,10,9,31,6,25
S01010546,372,42,15,27,53,7,17,14,15,29,2,7,5,2,13,27,18,9,81,9,14,30,28,34,23,11,29,23,6,29,14,15,48,14,34
S01010547,379,39,17,22,41,12,14,7,8,43,3,5,11,8,16,27,19,8,93,44,13,22,14,44,25,19,20,15,5,28,11,17,44,14,30
S01010548,296,37,16,21,41,8,8,6,19,25,5,1,5,3,11,33,25,8,67,24,17,17,9,26,16,10,28,24,4,19,10,9,20,7,13
S01010549,467,57,29,28,79,12,30,19,18,83,15,9,25,9,25,52,41,11,57,4,24,13,16,43,33,10,23,20,3,36,19,17,37,3,34
S01010550,280,26,13,13,46,9,19,10,8,36,9,4,4,6,13,23,17,6,48,7,21,12,8,33,25,8,17,11,6,23,8,15,28,5,23
S01010551,337,42,21,21,53,13,14,15,11,43,4,9,7,7,16,36,26,10,79,33,11,23,12,24,18,6,14,13,1,24,14,10,22,7,15
S01010552,407,43,26,17,78,15,25,17,21,41,6,5,5,5,20,35,26,9,63,20,18,15,10,39,31,8,26,21,5,34,11,23,48,9,39
S01010553,328,32,11,21,41,8,14,6,13,51,11,4,7,13,16,32,24,8,81,46,14,13,8,28,22,6,17,15,2,18,12,6,28,13,15
S01010554,378,28,19,9,63,13,23,16,11,39,6,1,9,10,13,43,32,11,59,6,17,27,9,50,37,13,26,19,7,32,17,15,38,5,33
S01010555,478,63,24,39,66,12,17,21,16,56,15,7,9,11,14,33,25,8,63,8,21,11,23,52,44,8,48,39,9,31,15,16,66,2,64
S01010556,366,27,15,12,29,10,10,2,7,31,9,3,6,2,11,30,26,4,53,1,10,27,15,47,36,11,38,34,4,51,22,29,60,6,54
S01010557,276,18,13,5,36,8,12,5,11,33,9,1,9,2,12,26,20,6,31,1,12,11,7,43,31,12,21,19,2,27,12,15,41,8,33
S01010558,312,32,19,13,43,10,9,16,8,38,2,6,8,10,12,40,28,12,47,9,16,17,5,34,24,10,13,11,2,36,17,19,29,4,25
S01010559,290,42,25,17,80,17,27,11,25,45,8,3,7,6,21,25,14,11,30,5,14,4,7,21,15,6,15,13,2,14,8,6,18,3,15
S01010560,331,39,18,21,79,20,24,23,12,30,7,3,8,2,10,26,22,4,37,4,15,16,2,47,32,15,32,30,2,16,9,7,25,5,20
S01010561,327,41,27,14,62,6,18,19,19,52,8,7,11,9,17,34,24,10,42,2,23,14,3,23,17,6,25,22,3,16,9,7,32,5,27
S01010562,391,29,10,19,48,8,14,15,11,39,5,12,9,0,13,56,41,15,74,6,34,21,13,44,28,16,38,35,3,30,15,15,33,9,24
S01010563,263,17,11,6,22,7,7,7,1,29,8,3,6,3,9,20,17,3,49,4,18,19,8,31,23,8,28,25,3,28,10,18,39,8,31
S01010564,214,11,8,3,18,4,7,2,5,15,4,1,6,1,3,20,17,3,43,3,12,20,8,20,16,4,22,20,2,35,20,15,30,6,24
S01010565,282,27,17,10,28,4,9,7,8,34,10,7,8,0,9,26,15,11,39,0,15,16,8,29,27,2,31,28,3,32,17,15,36,4,32
S01010566,586,78,46,32,104,21,39,20,24,57,12,11,5,10,19,63,48,15,127,58,28,25,16,49,33,16,35,27,8,34,17,17,39,9,30
S01010567,567,71,44,27,117,18,55,22,22,73,6,10,16,6,35,63,44,19,86,11,28,28,19,42,30,12,40,37,3,42,12,30,33,7,26
S01010568,529,48,33,15,102,22,42,21,17,65,14,10,9,4,28,53,46,7,71,16,24,25,6,43,36,7,42,37,5,44,14,30,61,10,51
S01010569,522,56,24,32,62,7,21,13,21,154,10,3,116,4,21,48,36,12,76,23,27,18,8,36,28,8,16,16,0,33,14,19,41,6,35
S01010570,515,23,16,7,67,14,31,11,11,44,6,9,6,2,21,48,39,9,70,8,18,31,13,59,40,19,57,51,6,61,26,35,86,17,69
S01010571,493,37,25,12,72,14,31,12,15,65,15,12,10,1,27,52,37,15,74,1,38,21,14,50,37,13,51,46,5,42,10,32,50,9,41
S01010572,410,28,16,12,49,14,18,5,12,26,8,2,1,4,11,39,31,8,64,3,20,25,16,43,31,12,46,38,8,49,19,30,66,4,62
S01010573,312,23,19,4,26,2,17,3,4,21,2,6,0,2,11,31,26,5,56,1,15,27,13,32,25,7,40,34,6,30,12,18,53,4,49
S01010574,313,28,21,7,60,15,19,5,21,56,10,9,12,0,25,47,31,16,33,1,15,11,6,23,14,9,28,25,3,20,4,16,18,0,18
S01010575,350,36,28,8,64,8,17,22,17,43,10,8,8,1,16,64,47,17,31,4,13,12,2,30,25,5,37,31,6,24,8,16,21,3,18
S01010576,425,44,31,13,86,17,23,26,20,57,9,4,10,5,29,50,38,12,51,6,22,14,9,43,31,12,39,34,5,31,13,18,24,2,22
S01010577,436,18,13,5,29,2,20,5,2,37,12,7,4,5,9,39,33,6,89,9,24,37,19,58,41,17,53,46,7,35,11,24,78,13,65
S01010578,335,24,17,7,30,3,19,4,4,38,13,6,6,4,9,31,23,8,53,3,23,16,11,37,28,9,47,45,2,27,14,13,48,5,43
S01010579,431,31,23,8,61,7,29,10,15,54,15,9,8,2,20,48,33,15,72,2,36,22,12,46,35,11,47,44,3,41,15,26,31,3,28
S01010580,321,23,14,9,47,16,12,12,7,38,9,6,6,2,15,32,24,8,43,0,17,17,9,38,29,9,35,26,9,28,9,19,37,3,34
S01010581,320,26,20,6,54,13,21,13,7,50,12,6,9,5,18,37,27,10,48,2,15,16,15,25,20,5,34,32,2,20,7,13,26,1,25
S01010582,255,27,18,9,50,12,22,7,9,33,7,3,8,4,11,32,21,11,38,4,18,12,4,21,17,4,18,17,1,15,5,10,21,6,15
S01010583,563,41,28,13,81,17,35,17,12,89,19,8,19,6,37,103,80,23,62,2,33,19,8,52,38,14,55,51,4,39,16,23,41,5,36
S01010584,439,46,33,13,89,15,38,20,16,54,9,7,18,4,16,52,36,16,65,7,22,20,16,39,25,14,44,38,6,27,9,18,23,5,18
S01010585,512,56,39,17,95,16,36,18,25,81,15,7,26,8,25,63,49,14,52,3,28,13,8,48,32,16,51,47,4,38,20,18,28,6,22
S01010586,430,52,41,11,105,16,38,23,28,53,6,2,9,6,30,50,37,13,45,1,23,14,7,42,34,8,38,31,7,17,12,5,28,2,26
S01010587,367,30,17,13,80,13,38,12,17,64,13,8,7,8,28,39,23,16,41,4,24,8,5,31,23,8,25,24,1,28,11,17,29,3,26
S01010588,321,33,22,11,72,14,23,19,16,39,6,1,7,3,22,47,34,13,27,3,8,10,6,26,20,6,28,25,3,23,14,9,26,3,23
S01010589,364,16,13,3,44,10,18,9,7,44,12,9,9,0,14,44,31,13,41,3,15,11,12,36,26,10,39,33,6,39,21,18,61,9,52
S01010590,465,73,53,20,112,27,25,31,29,74,13,5,11,6,39,59,42,17,37,0,16,17,4,43,33,10,26,22,4,22,14,8,19,2,17
S01010591,444,35,28,7,81,23,21,23,14,69,12,11,20,6,20,54,39,15,56,5,20,20,11,32,21,11,56,46,10,29,9,20,32,10,22
S01010592,307,17,9,8,48,9,24,8,7,45,13,2,9,6,15,34,20,14,42,2,16,16,8,41,27,14,28,26,2,25,9,16,27,5,22
S01010593,344,48,32,16,67,10,29,13,15,51,8,4,9,6,24,55,40,15,39,5,14,16,4,23,19,4,19,16,3,16,8,8,26,4,22
S01010594,393,33,20,13,60,13,30,9,8,73,16,2,13,8,34,51,43,8,48,0,18,14,16,42,28,14,28,27,1,30,13,17,28,2,26
S01010595,458,47,32,15,97,25,34,19,19,94,14,12,16,15,37,40,30,10,52,4,24,13,11,47,36,11,36,31,5,22,13,9,23,5,18
S01010596,465,71,47,24,87,11,30,16,30,58,10,8,8,4,28,59,43,16,68,14,20,26,8,31,21,10,30,26,4,28,7,21,33,9,24
S01010597,391,43,28,15,74,11,25,16,22,68,16,5,11,10,26,48,33,15,49,4,16,23,6,37,21,16,25,18,7,26,10,16,21,2,19
S01010598,600,55,38,17,124,22,49,23,30,124,15,9,40,4,56,65,42,23,66,7,21,23,15,43,34,9,46,38,8,33,20,13,44,5,39
S01010599,330,33,21,12,79,18,19,21,21,48,14,5,12,4,13,40,34,6,31,3,14,11,3,37,31,6,21,19,2,20,6,14,21,3,18
S01010600,473,56,30,26,84,15,26,20,23,78,23,6,5,10,34,51,37,14,61,4,24,20,13,42,32,10,42,35,7,24,11,13,35,6,29
S01010601,289,23,11,12,66,15,20,19,12,41,8,7,7,5,14,28,24,4,41,4,22,9,6,38,29,9,15,13,2,16,6,10,21,6,15
S01010602,318,19,13,6,54,16,20,6,12,54,14,4,9,8,19,34,19,15,44,2,15,19,8,31,22,9,22,20,2,33,11,22,27,7,20
S01010603,431,42,27,15,86,24,26,17,19,57,10,3,3,7,34,69,51,18,47,3,23,14,7,34,26,8,36,32,4,29,13,16,31,6,25
S01010604,246,30,26,4,64,12,13,19,20,29,6,5,6,1,11,29,16,13,25,2,10,11,2,19,14,5,23,22,1,13,6,7,14,0,14
S01010605,454,44,30,14,87,20,20,26,21,54,11,7,8,4,24,56,40,16,66,3,23,23,17,46,36,10,39,33,6,29,11,18,33,4,29
S01010606,390,24,19,5,41,8,19,6,8,27,10,4,3,4,6,39,26,13,66,0,21,26,19,46,30,16,46,42,4,54,18,36,47,7,40
S01010607,447,65,48,17,90,11,25,29,25,75,8,17,10,13,27,45,39,6,33,2,11,14,6,44,30,14,32,27,5,23,5,18,40,4,36
S01010608,284,19,14,5,21,10,5,1,5,19,7,2,1,2,7,27,18,9,37,4,8,17,8,41,26,15,39,34,5,30,14,16,51,2,49
S01010609,293,12,7,5,21,7,11,2,1,20,8,1,1,3,7,17,9,8,36,3,9,14,10,46,33,13,42,40,2,34,11,23,65,10,55
S01010610,328,44,28,16,66,11,25,14,16,43,5,4,3,2,29,41,27,14,32,2,14,12,4,37,28,9,20,18,2,16,8,8,29,5,24
S01010611,514,24,10,14,56,8,23,12,13,43,15,9,3,4,12,48,39,9,77,4,24,26,23,66,49,17,60,54,6,55,25,30,85,9,76
S01010612,400,23,12,11,50,7,23,10,10,43,12,6,5,1,19,44,30,14,48,2,23,13,10,44,34,10,53,47,6,38,8,30,57,7,50
S01010613,326,19,10,9,55,11,19,16,9,46,7,6,5,6,22,41,31,10,33,1,7,9,16,36,29,7,28,24,4,25,11,14,43,2,41
S01010614,260,12,6,6,10,3,5,1,1,17,4,3,5,2,3,18,18,0,44,2,11,17,14,26,19,7,44,40,4,29,10,19,60,3,57
S01010615,496,41,30,11,97,10,47,18,22,66,13,6,7,10,30,62,51,11,49,3,20,15,11,39,31,8,53,50,3,35,16,19,54,8,46
S01010616,475,28,23,5,82,16,37,18,11,68,18,9,13,2,26,62,41,21,66,5,29,17,15,54,43,11,47,45,2,31,11,20,37,4,33
S01010617,527,31,19,12,79,13,29,16,21,81,19,10,18,6,28,62,45,17,54,5,22,13,14,73,60,13,57,48,9,40,17,23,50,5,45
S01010618,479,34,27,7,63,14,22,11,16,68,15,7,12,5,29,69,59,10,62,2,24,21,15,50,39,11,50,45,5,34,6,28,49,7,42
S01010619,371,29,15,14,40,9,14,10,7,31,5,4,5,1,16,33,21,12,47,0,12,16,19,45,27,18,36,30,6,31,11,20,79,11,68
S01010620,360,25,9,16,63,15,26,10,12,31,8,2,2,6,13,32,21,11,43,1,12,9,21,40,25,15,29,21,8,21,13,8,76,3,73
S01010621,505,56,30,26,110,14,34,18,44,62,14,2,5,14,27,41,31,10,58,2,26,15,15,48,40,8,39,32,7,33,14,19,58,4,54
S01010622,313,16,8,8,28,5,15,2,6,30,5,4,9,2,10,31,24,7,36,2,9,14,11,44,30,14,44,39,5,34,10,24,50,5,45
S01010623,390,34,18,16,33,4,16,9,4,149,2,3,131,5,8,28,22,6,25,1,7,7,10,40,33,7,31,29,2,8,6,2,42,8,34
S01010624,341,21,11,10,82,5,67,5,5,28,7,8,5,2,6,34,24,10,45,1,11,19,14,30,25,5,28,23,5,16,8,8,57,5,52
S01010625,379,54,29,25,99,12,41,20,26,46,10,5,2,5,24,46,33,13,38,7,14,12,5,30,24,6,26,25,1,13,6,7,27,3,24
S01010626,389,48,27,21,126,19,47,27,33,48,5,7,10,4,22,30,21,9,34,4,11,14,5,31,15,16,28,26,2,19,7,12,25,1,24
S01010627,462,69,27,42,101,23,35,25,18,39,3,5,5,9,17,36,24,12,44,5,15,8,16,40,26,14,46,39,7,27,10,17,60,6,54
S01010628,549,56,22,34,111,17,37,24,33,66,16,7,8,10,25,48,35,13,52,4,18,11,19,45,33,12,49,42,7,36,19,17,86,6,80
S01010629,432,47,26,21,124,15,38,31,40,50,14,3,3,10,20,38,31,7,45,3,18,18,6,37,27,10,33,32,1,14,6,8,44,1,43
S01010630,298,26,8,18,45,7,16,14,8,28,3,9,4,1,11,39,30,9,30,0,8,12,10,34,23,11,26,21,5,20,7,13,50,8,42
S01010631,348,19,7,12,70,17,29,12,12,57,13,6,13,7,18,38,30,8,26,1,12,10,3,36,25,11,33,30,3,18,8,10,51,8,43
S01010632,422,29,10,19,47,15,14,7,11,39,7,8,1,4,19,48,34,14,58,2,20,26,10,61,49,12,46,37,9,29,10,19,65,8,57
S01010633,427,17,9,8,26,10,11,4,1,30,10,7,1,2,10,34,30,4,72,1,24,30,17,50,39,11,62,57,5,46,15,31,90,7,83
S01010634,321,19,11,8,15,3,5,3,4,31,5,5,8,4,9,28,23,5,39,3,10,13,13,39,23,16,33,30,3,43,11,32,74,13,61
S01010635,365,19,12,7,23,5,11,2,5,42,13,7,6,6,10,34,24,10,54,1,14,29,10,45,32,13,36,29,7,44,14,30,68,3,65
S01010636,447,56,23,33,84,16,30,15,23,46,9,2,3,7,25,44,34,10,68,3,22,30,13,45,34,11,39,37,2,23,6,17,42,2,40
S01010637,301,28,8,20,43,10,14,7,12,23,9,4,2,4,4,24,20,4,46,1,8,20,17,32,22,10,32,27,5,17,11,6,56,8,48
S01010638,362,23,10,13,54,9,24,11,10,37,11,2,3,5,16,32,27,5,53,3,16,23,11,36,28,8,33,31,2,32,6,26,62,9,53
S01010639,557,35,23,12,54,13,16,9,16,44,16,9,2,1,16,53,47,6,86,2,23,35,26,59,45,14,78,68,10,47,18,29,101,12,89
S01010640,506,60,15,45,71,22,19,14,16,51,13,9,1,4,24,39,26,13,68,2,16,26,24,62,47,15,49,42,7,33,19,14,73,10,63
S01010641,421,24,15,9,44,23,7,4,10,34,14,6,2,4,8,40,30,10,42,7,16,14,5,61,44,17,51,48,3,46,18,28,79,10,69
S01010642,394,15,8,7,23,3,12,2,6,19,8,3,2,1,5,35,29,6,55,2,20,18,15,57,47,10,61,51,10,39,19,20,90,13,77
S01010643,296,11,5,6,11,1,5,2,3,25,10,4,4,1,6,20,18,2,41,4,12,13,12,29,20,9,42,38,4,30,12,18,87,10,77
S01010644,239,8,4,4,8,3,2,0,3,8,2,2,2,1,1,14,12,2,34,1,10,12,11,28,22,6,53,50,3,29,5,24,57,5,52
S01010645,350,18,12,6,54,8,22,12,12,43,4,6,7,4,22,43,33,10,57,2,23,18,14,39,30,9,30,28,2,27,4,23,39,4,35
S01010646,369,26,16,10,64,13,27,17,7,52,9,9,6,8,20,52,41,11,59,3,29,17,10,41,27,14,24,21,3,23,10,13,28,5,23
S01010647,388,29,18,11,67,10,25,11,21,33,8,4,4,2,15,55,41,14,52,1,29,14,8,34,29,5,44,37,7,36,9,27,38,5,33
S01010648,362,30,19,11,50,12,17,12,9,29,5,6,1,2,15,47,33,14,46,1,20,19,6,52,38,14,45,41,4,30,9,21,33,6,27
S01010649,303,24,16,8,50,10,15,19,6,37,7,7,3,2,18,39,29,10,33,1,15,12,5,30,23,7,27,22,5,31,13,18,32,4,28
S01010650,248,19,10,9,24,7,7,5,5,42,7,7,10,4,14,27,18,9,33,3,13,12,5,34,24,10,19,17,2,24,5,19,26,4,22
S01010651,350,18,12,6,21,1,10,8,2,36,15,6,3,3,9,41,33,8,59,5,20,21,13,44,35,9,39,35,4,37,12,25,55,5,50
S01010652,376,26,16,10,68,18,26,15,9,59,14,11,7,8,19,39,28,11,41,0,17,16,8,52,41,11,33,31,2,34,9,25,24,3,21
S01010653,357,27,20,7,43,7,18,6,12,42,8,8,5,4,17,50,41,9,56,1,22,25,8,39,30,9,23,22,1,39,13,26,38,0,38
S01010654,408,16,11,5,34,8,19,1,6,34,8,9,5,2,10,58,43,15,63,3,15,30,15,66,50,16,39,32,7,42,10,32,56,5,51
S01010655,466,55,24,31,85,17,25,15,28,59,6,14,6,6,27,50,36,14,87,20,20,31,16,42,27,15,15,13,2,30,14,16,43,14,29
S01010656,218,15,7,8,28,4,10,5,9,24,7,2,1,6,8,32,17,15,34,6,6,16,6,13,11,2,25,24,1,18,10,8,29,10,19
S01010657,352,40,21,19,62,11,26,9,16,45,4,3,6,13,19,48,35,13,69,15,26,23,5,21,12,9,18,15,3,24,7,17,25,8,17
S01010658,375,35,18,17,89,11,41,16,21,40,7,4,4,8,17,37,26,11,56,9,20,17,10,33,26,7,28,25,3,22,7,15,35,4,31
S01010659,332,39,23,16,68,8,26,14,20,36,1,6,5,7,17,37,27,10,65,21,19,19,6,23,18,5,28,25,3,16,8,8,20,3,17
S01010660,294,25,14,11,37,5,19,6,7,38,12,1,5,3,17,23,18,5,60,6,22,22,10,18,10,8,38,31,7,27,11,16,28,3,25
S01010661,325,37,17,20,38,4,14,12,8,37,4,6,4,2,21,43,28,15,66,5,22,29,10,21,15,6,21,19,2,20,9,11,42,9,33
S01010662,398,44,21,23,80,13,16,24,27,39,7,8,6,6,12,46,33,13,66,6,26,30,4,46,32,14,30,29,1,29,6,23,18,1,17
S01010663,479,62,32,30,98,19,24,38,17,37,8,2,3,4,20,53,37,16,98,16,31,40,11,39,33,6,19,15,4,32,9,23,41,18,23
S01010664,434,51,16,35,101,24,23,25,29,57,14,3,6,7,27,34,24,10,89,26,20,30,13,33,26,7,14,11,3,18,8,10,37,8,29
S01010665,436,58,16,42,68,14,27,15,12,58,11,10,11,7,19,39,24,15,79,22,18,26,13,46,34,12,16,15,1,28,6,22,44,18,26
S01010666,447,49,17,32,52,10,8,18,16,58,11,7,4,7,29,36,24,12,74,9,18,28,19,57,37,20,41,34,7,29,16,13,51,10,41
S01010667,383,59,17,42,93,20,29,20,24,29,5,3,4,6,11,26,20,6,58,12,13,20,13,26,15,11,28,27,1,20,9,11,44,6,38
S01010668,542,100,16,84,55,9,11,23,12,50,6,5,9,15,15,33,18,15,111,28,25,31,27,49,33,16,33,31,2,46,19,27,65,15,50
S01010669,278,37,9,28,35,7,13,7,8,33,10,5,3,5,10,16,10,6,76,25,13,26,12,18,13,5,13,13,0,34,14,20,16,5,11
S01010670,354,53,19,34,43,9,5,21,8,29,3,6,2,4,14,28,22,6,69,23,11,24,11,45,27,18,21,18,3,36,10,26,30,7,23
S01010671,358,38,8,30,62,12,11,27,12,36,4,6,3,8,15,27,20,7,75,26,13,22,14,37,23,14,17,16,1,20,12,8,46,6,40
S01010672,299,29,13,16,28,3,8,14,3,18,2,6,8,1,1,20,15,5,72,21,20,11,20,35,23,12,28,26,2,27,10,17,42,8,34
S01010673,453,61,16,45,77,20,28,16,13,53,7,11,5,12,18,29,21,8,77,20,13,27,17,45,36,9,36,36,0,30,10,20,45,13,32
S01010674,485,62,19,43,72,12,25,19,16,46,7,8,5,7,19,37,25,12,113,42,24,33,14,45,28,17,27,26,1,35,9,26,48,14,34
S01010675,303,39,12,27,49,10,14,13,12,19,1,1,2,4,11,21,16,5,67,30,10,24,3,30,21,9,8,8,0,35,22,13,35,8,27
S01010676,442,64,15,49,87,13,12,43,19,54,6,7,5,22,14,37,23,14,72,24,11,19,18,40,27,13,19,14,5,23,12,11,46,13,33
S01010677,226,30,14,16,45,5,10,21,9,19,1,4,0,4,10,9,5,4,40,9,8,17,6,19,16,3,23,21,2,15,7,8,26,5,21
S01010678,309,32,9,23,46,7,11,19,9,23,5,8,3,4,3,28,22,6,73,14,17,31,11,43,36,7,8,7,1,26,7,19,30,4,26
S01010679,280,45,12,33,37,5,10,14,8,28,1,3,8,4,12,23,18,5,36,4,8,14,10,27,20,7,30,24,6,15,4,11,39,5,34
S01010680,314,31,8,23,41,6,7,13,15,30,2,9,3,7,9,34,20,14,45,10,12,14,9,44,35,9,30,30,0,14,4,10,45,6,39
S01010681,520,50,20,30,58,3,22,18,15,39,6,10,2,5,16,67,52,15,96,20,18,31,27,71,49,22,41,39,2,25,10,15,73,12,61
S01010682,500,71,24,47,75,19,17,23,16,41,7,15,4,5,10,49,35,14,104,19,31,33,21,59,42,17,24,22,2,34,10,24,43,7,36
S01010683,456,50,19,31,62,5,16,29,12,46,6,6,4,17,13,41,22,19,103,38,23,34,8,48,41,7,27,24,3,30,15,15,49,10,39
S01010684,385,57,14,43,56,5,16,20,15,32,4,3,8,10,7,30,21,9,97,30,17,26,24,33,24,9,17,12,5,23,13,10,40,9,31
S01010685,280,35,9,26,38,10,8,9,11,29,2,2,5,15,5,27,16,11,67,27,6,25,9,24,16,8,10,9,1,19,8,11,31,5,26
S01010686,344,34,4,30,50,9,12,13,16,27,5,2,0,7,13,26,19,7,92,29,16,28,19,41,24,17,10,8,2,29,9,20,35,9,26
S01010687,384,63,16,47,60,8,15,24,13,37,2,8,8,10,9,32,22,10,76,21,12,25,18,44,34,10,20,18,2,16,4,12,36,7,29
S01010688,372,62,16,46,44,4,12,16,12,33,6,2,5,14,6,22,11,11,97,47,10,17,23,33,21,12,8,6,2,28,12,16,45,15,30
S01010689,335,56,12,44,45,9,15,7,14,34,5,5,5,8,11,24,17,7,83,22,15,27,19,37,33,4,19,19,0,14,6,8,23,6,17
S01010690,334,48,11,37,35,4,8,13,10,27,0,2,8,7,10,33,22,11,64,19,7,16,22,33,16,17,23,20,3,19,8,11,52,10,42
S01010691,388,47,10,37,60,17,14,21,8,35,4,3,2,13,13,33,25,8,99,44,16,29,10,43,30,13,17,15,2,24,13,11,30,14,16
S01010692,406,52,18,34,43,13,11,14,5,28,9,1,5,5,8,32,18,14,78,14,9,28,27,46,33,13,47,44,3,32,17,15,48,10,38
S01010693,249,35,10,25,43,5,9,18,11,23,0,4,1,10,8,27,22,5,64,32,7,16,9,14,10,4,8,7,1,16,9,7,19,6,13
S01010694,239,26,3,23,32,9,5,14,4,20,1,1,1,5,12,20,17,3,59,13,12,28,6,22,15,7,11,10,1,14,8,6,35,7,28
S01010695,380,36,20,16,75,12,21,13,29,28,5,6,0,1,16,48,31,17,81,25,19,29,8,35,26,9,25,21,4,31,12,19,21,6,15
S01010696,519,52,20,32,88,18,30,19,21,44,11,5,4,10,14,48,35,13,96,10,29,39,18,56,43,13,34,28,6,37,18,19,64,13,51
S01010697,526,42,19,23,116,22,37,28,29,45,9,6,4,8,18,46,36,10,107,22,29,40,16,36,28,8,35,29,6,46,26,20,53,17,36
S01010698,350,46,14,32,43,11,9,10,13,29,3,6,2,8,10,37,23,14,65,23,12,20,10,39,21,18,15,12,3,31,13,18,45,14,31
S01010699,334,30,14,16,51,13,13,14,11,44,6,3,5,9,21,31,22,9,70,21,25,18,6,37,19,18,19,17,2,30,13,17,22,8,14
S01010700,324,31,15,16,60,11,14,18,17,52,6,2,6,16,22,32,28,4,40,4,19,12,5,29,23,6,23,19,4,26,17,9,31,10,21
S01010701,549,36,20,16,88,24,22,21,21,77,18,11,8,10,30,42,29,13,92,5,33,42,12,57,40,17,58,44,14,55,29,26,44,8,36
S01010702,511,63,36,27,79,7,27,25,20,65,11,6,7,11,30,66,54,12,81,15,31,25,10,52,35,17,16,13,3,44,25,19,45,12,33
S01010703,448,50,30,20,69,14,20,24,11,58,19,3,4,11,21,51,29,22,100,19,36,33,12,38,33,5,13,10,3,33,17,16,36,7,29
S01010704,299,22,14,8,31,8,11,4,8,32,9,4,5,4,10,30,18,12,46,2,23,11,10,30,26,4,33,26,7,34,14,20,41,8,33
S01010705,547,45,29,16,85,20,20,25,20,57,9,8,11,6,23,48,34,14,111,8,45,41,17,54,39,15,45,33,12,57,28,29,45,13,32
S01010706,315,29,19,10,34,3,15,9,7,30,11,1,9,1,8,32,25,7,62,7,18,25,12,30,20,10,30,24,6,36,16,20,32,4,28
S01010707,377,32,14,18,70,15,23,15,17,34,4,4,5,7,14,47,37,10,80,21,22,27,10,32,23,9,23,20,3,33,16,17,26,11,15
S01010708,289,20,9,11,46,13,9,12,12,28,4,4,6,1,13,31,23,8,58,6,22,23,7,28,23,5,37,25,12,21,10,11,20,1,19
S01010709,402,35,22,13,60,15,16,14,15,49,8,4,14,8,15,50,41,9,55,2,26,19,8,49,37,12,34,22,12,41,18,23,29,6,23
S01010710,341,14,13,1,27,6,12,5,4,28,4,6,0,2,16,29,23,6,62,3,30,24,5,47,36,11,47,32,15,31,10,21,56,11,45
S01010711,383,47,31,16,98,18,26,32,22,58,7,7,15,7,22,37,34,3,44,2,19,16,7,38,36,2,28,22,6,14,7,7,19,2,17
S01010712,356,19,16,3,26,7,6,7,6,26,9,1,3,5,8,37,32,5,60,3,18,27,12,46,31,15,57,42,15,40,25,15,45,11,34
S01010713,421,18,12,6,32,6,10,10,6,35,9,5,3,5,13,36,25,11,83,1,28,29,25,52,39,13,55,42,13,63,35,28,47,7,40
S01010714,310,21,15,6,27,8,6,11,2,24,6,8,4,1,5,29,24,5,66,5,19,21,21,25,18,7,43,32,11,33,18,15,42,4,38
S01010715,337,20,8,12,30,9,7,5,9,32,8,6,4,2,12,39,29,10,47,3,14,17,13,40,30,10,50,41,9,26,21,5,53,11,42
S01010716,451,31,16,15,56,17,9,15,15,42,10,4,5,6,17,49,41,8,75,1,23,29,22,50,38,12,51,39,12,42,31,11,55,12,43
S01010717,314,32,17,15,56,8,14,21,13,29,5,4,7,3,10,49,29,20,39,3,15,12,9,34,27,7,36,29,7,16,7,9,23,5,18
S01010718,498,47,23,24,69,14,15,29,11,65,13,11,9,7,25,61,50,11,70,5,24,25,16,40,26,14,51,41,10,47,34,13,48,5,43
S01010719,316,25,14,11,71,12,18,19,22,29,5,4,3,4,13,32,21,11,51,6,17,16,12,29,25,4,23,21,2,22,12,10,34,5,29
S01010720,323,39,21,18,75,17,20,22,16,36,5,6,6,3,16,34,23,11,45,7,14,17,7,37,27,10,19,15,4,12,7,5,26,10,16
S01010721,318,42,18,24,70,10,21,20,19,39,8,5,4,7,15,46,35,11,37,6,13,12,6,26,22,4,12,11,1,20,6,14,26,4,22
S01010722,406,40,24,16,83,22,21,20,20,46,3,5,6,6,26,36,21,15,68,9,25,19,15,29,24,5,35,31,4,37,22,15,32,7,25
S01010723,484,62,37,25,114,14,54,25,21,50,5,4,8,8,25,37,21,16,91,36,27,20,8,36,29,7,27,25,2,21,12,9,46,17,29
S01010724,471,51,32,19,86,15,33,21,17,44,6,5,7,8,18,48,32,16,90,31,22,21,16,40,31,9,27,25,2,45,19,26,40,11,29
S01010725,394,58,33,25,88,15,34,19,20,44,10,2,4,12,16,42,30,12,64,21,16,21,6,24,22,2,31,28,3,21,11,10,22,8,14
S01010726,432,42,18,24,81,11,28,20,22,65,10,7,12,8,28,48,34,14,70,10,25,21,14,36,30,6,35,31,4,18,3,15,37,7,30
S01010727,308,35,29,6,76,13,25,24,14,29,5,5,5,4,10,34,30,4,57,13,15,24,5,19,11,8,19,17,2,15,5,10,24,6,18
S01010728,254,36,24,12,66,7,24,19,16,28,2,4,2,6,14,32,24,8,32,4,13,9,6,20,14,6,15,14,1,11,5,6,14,3,11
S01010729,403,40,22,18,66,12,21,13,20,47,10,8,7,6,16,43,34,9,97,29,30,29,9,32,27,5,28,24,4,23,9,14,27,7,20
S01010730,454,43,23,20,98,23,26,31,18,51,11,9,6,9,16,42,33,9,87,32,20,24,11,37,30,7,21,14,7,38,19,19,37,13,24
S01010731,442,47,21,26,79,18,17,29,15,56,7,9,6,12,22,39,34,5,64,13,20,16,15,35,31,4,35,31,4,36,22,14,51,20,31
S01010732,354,17,8,9,23,8,6,4,5,20,6,2,1,3,8,25,21,4,60,3,24,15,18,59,46,13,58,41,17,39,20,19,53,10,43
S01010733,233,16,9,7,12,4,3,2,3,20,5,7,1,1,6,17,13,4,29,0,9,10,10,28,21,7,30,19,11,32,16,16,49,14,35
S01010734,383,22,17,5,33,5,15,4,9,31,5,7,0,5,14,30,23,7,64,7,28,19,10,43,32,11,48,39,9,57,29,28,55,13,42
S01010735,253,12,9,3,22,5,8,5,4,26,8,4,5,0,9,10,5,5,47,3,16,13,15,24,22,2,28,21,7,31,17,14,53,16,37
S01010736,250,24,18,6,39,14,7,15,3,27,9,2,3,5,8,21,15,6,46,3,23,18,2,27,19,8,27,21,6,25,17,8,14,6,8
S01010737,472,42,24,18,66,10,19,14,23,47,15,3,4,7,18,39,26,13,69,5,35,12,17,49,37,12,42,33,9,61,30,31,57,16,41
S01010738,263,19,7,12,13,4,7,2,0,16,6,1,2,0,7,18,14,4,51,1,23,16,11,39,32,7,27,22,5,36,22,14,44,8,36
S01010739,415,16,7,9,54,17,15,13,9,44,19,6,3,2,14,38,31,7,58,4,22,13,19,37,34,3,49,36,13,62,39,23,57,14,43
S01010740,187,5,4,1,13,2,8,1,2,19,7,3,4,1,4,14,5,9,25,0,13,6,6,28,22,6,28,23,5,22,10,12,33,11,22
S01010741,261,22,13,9,31,5,11,6,9,22,8,3,3,0,8,29,23,6,49,5,22,13,9,35,28,7,22,16,6,27,14,13,24,8,16
S01010742,334,17,15,2,19,8,6,4,1,30,11,4,5,0,10,23,16,7,54,1,29,15,9,54,47,7,30,20,10,58,38,20,49,13,36
S01010743,280,12,5,7,24,9,6,3,6,33,14,3,6,3,7,23,20,3,29,4,12,9,4,38,34,4,29,28,1,45,34,11,47,11,36
S01010744,515,39,21,18,57,5,21,17,14,65,29,7,1,5,23,43,30,13,87,3,40,33,11,67,47,20,32,26,6,71,44,27,54,8,46
S01010745,284,19,7,12,35,8,8,13,6,25,8,1,5,1,10,23,16,7,50,1,28,12,9,39,31,8,21,15,6,38,28,10,34,4,30
S01010746,512,50,27,23,73,10,22,23,18,46,14,2,5,11,14,56,40,16,104,26,35,28,15,46,32,14,36,25,11,43,26,17,58,13,45
S01010747,378,23,14,9,43,11,11,13,8,40,9,10,8,1,12,31,24,7,67,5,33,19,10,46,38,8,45,36,9,36,19,17,47,10,37
S01010748,295,31,12,19,35,6,6,9,14,29,6,4,3,5,11,40,30,10,64,13,23,21,7,23,16,7,11,10,1,23,14,9,39,14,25
S01010749,294,27,16,11,34,5,9,13,7,27,5,6,6,3,7,21,12,9,84,20,23,28,13,34,24,10,19,17,2,20,10,10,28,10,18
S01010750,280,28,11,17,43,6,14,9,14,36,4,2,3,13,14,27,20,7,65,19,18,18,10,22,15,7,13,10,3,14,9,5,32,10,22
S01010751,281,14,4,10,19,9,5,3,2,23,8,4,1,3,7,24,14,10,65,3,19,28,15,39,28,11,38,28,10,23,17,6,36,4,32
S01010752,334,22,9,13,36,4,8,11,13,30,7,6,0,6,11,35,20,15,56,4,28,15,9,36,23,13,45,41,4,41,19,22,33,7,26
S01010753,449,28,11,17,58,10,11,26,11,46,11,6,9,4,16,43,27,16,81,11,33,24,13,48,37,11,50,43,7,43,19,24,52,5,47
S01010754,290,30,17,13,39,10,8,12,9,27,6,1,4,4,12,20,12,8,42,5,10,20,7,36,20,16,29,24,5,28,15,13,39,4,35
S01010755,304,22,12,10,31,5,5,14,7,22,4,3,0,2,13,33,21,12,68,8,27,23,10,35,25,10,35,28,7,25,13,12,33,4,29
S01010756,332,27,11,16,55,7,15,23,10,39,7,4,6,6,16,49,35,14,51,7,16,20,8,30,28,2,29,26,3,26,18,8,26,8,18
S01010757,349,40,13,27,33,3,8,15,7,29,5,5,3,5,11,46,34,12,90,30,18,28,14,37,22,15,12,10,2,28,10,18,34,12,22
S01010758,296,36,14,22,37,3,8,16,10,24,3,6,5,6,4,30,25,5,66,16,10,24,16,34,22,12,10,9,1,18,5,13,41,8,33
S01010759,291,22,8,14,37,6,8,13,10,24,5,2,2,3,12,23,19,4,77,15,14,32,16,43,33,10,12,12,0,14,3,11,39,6,33
S01010760,223,33,11,22,52,5,10,20,17,17,1,1,5,4,6,19,15,4,37,4,15,10,8,26,19,7,11,10,1,7,4,3,21,5,16
S01010761,272,30,5,25,41,10,10,14,7,23,2,4,1,4,12,21,13,8,61,29,9,10,13,33,24,9,8,6,2,27,12,15,28,12,16
S01010762,271,33,11,22,37,6,6,15,10,34,11,6,3,4,10,29,17,12,53,22,19,11,1,26,20,6,17,15,2,20,13,7,22,6,16
S01010763,307,38,18,20,45,10,13,11,11,30,3,7,4,3,13,23,19,4,73,21,11,29,12,27,21,6,11,11,0,27,11,16,33,13,20
S01010764,265,20,7,13,42,5,10,10,17,25,2,4,3,8,8,17,13,4,66,31,12,17,6,31,25,6,16,13,3,21,4,17,27,12,15
S01010765,452,49,16,33,54,14,9,18,13,41,6,5,7,9,14,28,23,5,84,25,19,22,18,56,41,15,25,19,6,46,19,27,69,25,44
S01010766,314,24,11,13,44,5,22,11,6,27,4,9,1,5,8,24,19,5,80,13,11,37,19,47,35,12,21,18,3,18,8,10,29,4,25
S01010767,286,22,9,13,25,5,12,4,4,20,2,6,1,4,7,30,22,8,53,6,22,11,14,36,27,9,29,21,8,29,13,16,42,6,36
S01010768,232,15,8,7,23,5,11,2,5,12,1,3,3,0,5,26,16,10,45,7,11,19,8,33,25,8,26,17,9,26,11,15,26,4,22
S01010769,224,25,11,14,33,8,6,11,8,32,5,3,1,6,17,23,16,7,55,19,18,12,6,19,14,5,5,5,0,19,9,10,13,3,10
S01010770,428,39,15,24,45,9,16,12,8,34,7,7,6,2,12,39,28,11,99,11,21,49,18,59,47,12,28,22,6,31,17,14,54,14,40
S01010771,337,38,10,28,27,4,10,6,7,23,4,4,1,3,11,23,16,7,91,27,12,34,18,46,34,12,20,17,3,30,17,13,39,19,20
S01010772,333,28,8,20,43,7,23,4,9,32,8,4,6,4,10,24,19,5,98,43,18,22,15,38,23,15,9,6,3,30,16,14,31,12,19
S01010773,381,35,21,14,44,12,22,7,3,32,8,5,0,7,12,38,31,7,97,36,33,18,10,45,41,4,24,23,1,33,19,14,33,6,27
S01010774,314,23,14,9,46,5,18,11,12,35,6,4,7,7,11,18,10,8,65,20,18,16,11,45,32,13,24,21,3,26,17,9,32,9,23
S01010775,377,25,12,13,44,5,21,11,7,37,12,12,4,3,6,52,36,16,77,22,29,22,4,44,33,11,27,25,2,36,19,17,35,9,26
S01010776,259,14,11,3,35,4,17,11,3,30,8,3,4,4,11,21,19,2,51,10,20,11,10,30,23,7,26,21,5,22,14,8,30,3,27
S01010777,227,14,7,7,17,6,3,4,4,18,3,2,1,2,10,16,12,4,35,1,15,14,5,33,27,6,33,29,4,18,13,5,43,6,37
S01010778,193,9,6,3,19,5,9,3,2,14,8,4,1,0,1,9,8,1,40,3,17,11,9,21,16,5,23,22,1,21,11,10,37,10,27
S01010779,304,21,11,10,36,8,10,11,7,26,12,2,2,4,6,28,21,7,44,6,15,12,11,36,27,9,34,29,5,28,21,7,51,9,42
S01010780,259,13,8,5,33,9,10,6,8,25,6,5,1,3,10,25,19,6,49,5,18,18,8,25,21,4,26,24,2,21,13,8,42,7,35
S01010781,409,41,19,22,65,12,22,23,8,54,17,7,10,1,19,41,30,11,63,4,27,22,10,39,32,7,33,29,4,27,14,13,46,9,37
S01010782,245,30,12,18,28,9,6,4,9,21,3,3,0,5,10,24,17,7,45,7,15,15,8,22,19,3,20,17,3,23,12,11,32,3,29
S01010783,241,7,6,1,18,8,5,3,2,14,7,3,2,1,1,23,19,4,60,6,18,25,11,17,10,7,32,27,5,37,23,14,33,4,29
S01010784,319,14,9,5,25,8,8,4,5,19,6,4,0,0,9,24,19,5,54,7,12,25,10,43,32,11,40,37,3,25,14,11,75,18,57
S01010785,359,32,23,9,64,10,23,17,14,40,5,7,10,2,16,44,34,10,60,6,38,8,8,26,20,6,35,33,2,28,18,10,30,6,24
S01010786,347,23,12,11,44,13,11,11,9,40,14,1,10,3,12,47,40,7,51,6,22,17,6,46,39,7,29,24,5,34,17,17,33,10,23
S01010787,446,41,21,20,59,20,15,13,11,57,11,6,22,4,14,36,26,10,110,46,29,25,10,39,30,9,32,26,6,32,11,21,40,9,31
S01010788,345,16,9,7,46,10,17,6,13,34,11,5,6,3,9,43,30,13,67,33,19,11,4,32,24,8,38,35,3,36,16,20,33,13,20
S01010789,352,21,11,10,43,17,9,16,1,26,6,5,4,1,10,26,18,8,97,36,32,23,6,38,28,10,25,21,4,25,13,12,51,18,33
S01010790,336,26,13,13,39,9,9,10,11,33,5,1,4,7,16,34,23,11,94,31,28,33,2,21,18,3,27,24,3,35,18,17,27,7,20
S01010791,394,51,21,30,60,19,15,16,10,51,11,2,6,8,24,42,32,10,74,28,25,8,13,31,22,9,21,17,4,31,16,15,33,11,22
S01010792,292,10,8,2,39,14,3,13,9,27,10,1,6,3,7,23,16,7,53,1,31,15,6,30,25,5,26,20,6,43,24,19,41,16,25
S01010793,337,26,17,9,52,15,7,13,17,39,13,0,6,2,18,27,19,8,70,35,20,9,6,29,25,4,19,12,7,39,23,16,36,12,24
S01010794,283,33,12,21,43,19,7,10,7,40,15,1,10,2,12,26,17,9,57,16,24,10,7,21,15,6,26,16,10,15,11,4,22,5,17
S01010795,443,33,19,14,70,14,18,15,23,54,16,3,14,2,19,41,32,9,87,9,39,27,12,48,39,9,34,28,6,37,21,16,39,5,34
S01010796,444,30,16,14,97,31,24,24,18,46,13,1,15,8,9,41,29,12,125,57,36,19,13,37,25,12,13,10,3,27,16,11,28,10,18
S01010797,429,42,20,22,81,27,13,23,18,57,10,5,18,2,22,36,33,3,98,36,34,20,8,32,26,6,21,16,5,28,13,15,34,9,25
S01010798,325,23,11,12,51,21,14,9,7,43,11,3,12,2,15,30,24,6,72,41,17,12,2,33,25,8,18,17,1,26,13,13,29,7,22
S01010799,421,27,12,15,88,31,18,22,17,63,19,6,11,6,21,41,31,10,59,7,21,15,16,34,22,12,38,24,14,27,19,8,44,8,36
S01010800,358,16,11,5,13,3,4,3,3,36,15,6,5,2,8,34,17,17,65,4,23,24,14,39,31,8,49,34,15,43,27,16,63,11,52
S01010801,326,18,14,4,35,7,8,13,7,44,19,2,4,4,15,24,20,4,51,3,19,15,14,43,33,10,37,31,6,28,15,13,46,4,42
S01010802,293,15,10,5,47,20,6,14,7,44,18,4,2,3,17,23,18,5,53,3,15,24,11,26,18,8,25,17,8,28,20,8,32,2,30
S01010803,253,21,11,10,29,11,4,5,9,39,17,3,8,0,11,15,12,3,41,3,13,14,11,25,18,7,33,19,14,25,10,15,25,2,23
S01010804,284,23,8,15,53,19,8,11,15,50,21,4,11,4,10,32,29,3,47,2,23,10,12,25,21,4,21,14,7,7,4,3,26,6,20
S01010805,417,42,24,18,65,22,15,17,11,55,16,6,14,6,13,35,26,9,64,6,34,14,10,39,31,8,45,25,20,33,25,8,39,5,34
S01010806,393,21,8,13,49,16,9,16,8,49,20,2,9,1,17,31,25,6,55,5,29,11,10,52,40,12,35,33,2,40,22,18,61,5,56
S01010807,276,19,8,11,29,14,3,7,5,46,15,5,6,2,18,24,22,2,49,3,26,14,6,27,21,6,26,16,10,31,24,7,25,3,22
S01010808,260,23,15,8,57,26,9,13,9,42,13,4,9,0,16,23,19,4,29,3,17,4,5,22,17,5,22,12,10,19,13,6,23,4,19
S01010809,410,41,24,17,73,30,10,20,13,68,20,4,16,1,27,38,29,9,63,6,33,16,8,28,22,6,34,27,7,29,18,11,36,5,31
S01010810,198,34,13,21,29,12,8,4,5,20,7,2,1,3,7,13,7,6,43,14,15,10,4,19,14,5,5,2,3,16,7,9,19,8,11
S01010811,432,49,14,35,74,19,17,25,13,45,6,11,6,6,16,29,23,6,93,34,18,28,13,56,42,14,11,10,1,40,20,20,35,12,23
S01010812,236,25,6,19,27,2,6,15,4,21,1,4,4,6,6,16,11,5,63,22,5,26,10,26,23,3,5,4,1,25,9,16,28,11,17
S01010813,271,42,8,34,13,2,5,6,0,22,2,4,3,6,7,21,13,8,78,22,11,19,26,30,22,8,12,12,0,17,7,10,36,13,23
S01010814,319,50,8,42,46,11,9,20,6,26,1,4,3,7,11,22,14,8,89,45,11,22,11,23,15,8,4,4,0,26,7,19,33,9,24
S01010815,240,29,11,18,33,5,4,20,4,24,3,5,4,5,7,22,10,12,55,28,9,11,7,33,28,5,5,5,0,16,8,8,23,8,15
S01010816,248,57,37,20,82,11,21,15,35,34,0,4,1,9,20,21,16,5,16,2,6,6,2,18,13,5,10,7,3,6,4,2,4,0,4
S01010817,408,65,47,18,141,21,53,28,39,60,3,5,4,5,43,43,33,10,23,1,9,5,8,29,20,9,16,9,7,15,6,9,16,0,16
S01010818,459,62,41,21,142,21,43,31,47,86,6,16,14,8,42,42,31,11,33,2,10,14,7,33,28,5,25,21,4,20,8,12,16,0,16
S01010819,358,38,25,13,73,14,29,18,12,52,9,2,6,8,27,36,27,9,39,6,21,10,2,43,34,9,31,21,10,21,7,14,25,2,23
S01010820,260,40,28,12,69,14,19,17,19,28,3,3,2,7,13,29,18,11,33,15,8,3,7,23,17,6,16,11,5,9,3,6,13,3,10
S01010821,256,46,35,11,73,14,18,17,24,46,3,5,2,5,31,13,10,3,23,4,8,5,6,22,18,4,13,10,3,4,2,2,16,6,10
S01010822,350,52,36,16,105,17,40,15,33,70,5,6,7,10,42,21,14,7,32,10,10,6,6,31,22,9,13,10,3,5,1,4,21,7,14
S01010823,236,16,10,6,25,3,6,11,5,37,4,6,8,2,17,31,23,8,32,7,14,6,5,28,18,10,30,19,11,14,7,7,23,7,16
S01010824,403,38,26,12,84,16,22,22,24,87,11,14,23,3,36,54,43,11,38,0,25,10,3,32,22,10,24,16,8,22,9,13,24,3,21
S01010825,191,18,9,9,44,9,18,7,10,39,3,8,12,1,15,22,22,0,18,5,7,4,2,8,6,2,11,3,8,12,3,9,19,3,16
S01010826,350,44,27,17,81,20,28,16,17,52,7,6,10,6,23,42,31,11,35,2,14,9,10,25,20,5,36,22,14,16,5,11,19,0,19
S01010827,343,32,19,13,46,11,12,13,10,53,13,7,9,2,22,64,48,16,38,1,22,12,3,31,21,10,33,18,15,16,9,7,30,0,30
S01010828,699,78,57,21,145,36,51,33,25,131,22,12,23,11,63,90,69,21,57,1,31,16,9,73,57,16,57,43,14,28,14,14,40,3,37
S01010829,455,46,31,15,104,27,27,24,26,80,14,10,17,9,30,59,49,10,37,2,19,13,3,34,27,7,41,30,11,27,13,14,27,0,27
S01010830,296,18,10,8,50,13,17,12,8,45,5,9,9,6,16,45,36,9,31,1,19,7,4,22,11,11,29,18,11,22,7,15,34,1,33
S01010831,353,37,23,14,60,9,18,15,18,70,12,7,15,2,34,39,30,9,36,0,21,13,2,30,20,10,29,19,10,23,15,8,29,1,28
S01010832,428,29,17,12,56,10,19,17,10,59,7,15,14,4,19,50,36,14,58,4,31,17,6,58,49,9,42,22,20,24,13,11,52,4,48
S01010833,505,55,41,14,144,31,36,44,33,81,15,7,6,7,46,53,43,10,42,4,26,8,4,28,18,10,38,26,12,27,12,15,37,5,32
S01010834,441,43,21,22,119,27,28,47,17,82,15,10,16,9,32,67,50,17,42,1,27,9,5,30,25,5,27,18,9,9,3,6,22,1,21
S01010835,314,34,21,13,77,19,18,25,15,55,10,4,6,5,30,46,28,18,20,0,15,3,2,24,18,6,19,12,7,13,8,5,26,4,22
S01010836,391,36,20,16,113,15,29,41,28,62,10,10,7,8,27,40,35,5,40,2,20,11,7,29,20,9,27,12,15,16,7,9,28,3,25
S01010837,288,18,14,4,40,6,16,11,7,39,6,5,7,3,18,47,34,13,28,0,18,9,1,28,23,5,34,21,13,18,9,9,36,5,31
S01010838,417,24,16,8,59,10,26,13,10,54,14,11,10,2,17,43,34,9,46,3,25,10,8,47,34,13,57,32,25,42,17,25,45,8,37
S01010839,312,26,19,7,54,9,17,12,16,44,10,6,6,8,14,53,41,12,31,4,11,10,6,33,27,6,31,24,7,16,8,8,24,2,22
S01010840,229,19,13,6,46,3,11,17,15,45,12,6,5,5,17,20,17,3,24,2,10,8,4,18,16,2,28,19,9,10,6,4,19,3,16
S01010841,380,33,25,8,87,18,26,28,15,60,14,9,8,9,20,50,45,5,40,4,22,7,7,39,32,7,37,23,14,17,9,8,17,4,13
S01010842,321,14,7,7,53,16,19,4,14,46,14,4,4,2,22,40,36,4,34,3,13,9,9,31,24,7,45,21,24,22,9,13,36,2,34
S01010843,273,21,17,4,42,4,16,12,10,39,8,8,6,3,14,34,28,6,38,2,15,14,7,26,18,8,32,20,12,20,9,11,21,3,18
S01010844,332,25,17,8,74,16,19,20,19,55,16,12,5,2,20,52,47,5,41,0,23,13,5,29,25,4,25,11,14,4,4,0,27,6,21
S01010845,290,18,10,8,49,9,23,10,7,49,11,5,12,5,16,39,33,6,32,1,19,6,6,25,19,6,29,20,9,18,7,11,31,5,26
S01010846,380,20,14,6,32,5,15,8,4,36,11,5,4,4,12,33,27,6,57,1,29,13,14,53,43,10,51,28,23,31,15,16,67,9,58
S01010847,369,25,19,6,76,15,36,17,8,59,12,11,13,2,21,58,50,8,41,1,26,10,4,29,22,7,30,16,14,26,12,14,25,0,25
S01010848,270,6,1,5,20,6,9,3,2,22,11,4,0,2,5,20,15,5,28,1,16,7,4,46,35,11,31,20,11,28,12,16,69,13,56
S01010849,366,11,6,5,25,5,11,8,1,33,6,9,7,1,10,34,29,5,47,3,25,11,8,48,44,4,43,30,13,37,17,20,88,14,74
S01010850,296,9,5,4,15,2,5,5,3,23,8,2,5,1,7,17,16,1,39,2,16,13,8,38,26,12,42,30,12,38,15,23,75,12,63
S01010851,332,14,8,6,25,6,11,5,3,35,11,7,4,1,12,36,32,4,22,3,10,8,1,42,36,6,48,33,15,35,20,15,75,11,64
S01010852,334,12,8,4,24,4,9,5,6,26,8,6,6,0,6,43,36,7,46,2,19,20,5,38,28,10,45,31,14,36,13,23,64,7,57
S01010853,420,24,14,10,38,11,12,5,10,40,11,6,6,5,12,51,46,5,48,2,17,19,10,54,46,8,55,42,13,44,21,23,66,5,61
S01010854,379,12,8,4,31,9,8,3,11,33,8,3,5,5,12,36,29,7,43,4,20,12,7,65,48,17,48,34,14,29,14,15,82,12,70
S01010855,242,7,3,4,12,1,6,4,1,12,2,3,3,2,2,21,15,6,32,5,14,9,4,44,34,10,43,29,14,23,12,11,48,6,42
S01010856,333,15,11,4,31,7,17,5,2,27,7,7,3,1,9,35,31,4,40,1,29,7,3,47,37,10,34,19,15,35,14,21,69,11,58
S01010857,425,14,9,5,66,15,27,12,12,52,18,8,9,2,15,64,54,10,51,1,27,16,7,59,46,13,50,41,9,29,13,16,40,7,33
S01010858,303,6,5,1,28,6,13,5,4,29,7,1,5,1,15,21,18,3,42,4,21,10,7,50,42,8,43,30,13,25,9,16,59,12,47
S01010859,287,13,8,5,20,2,9,3,6,24,7,1,4,2,10,18,17,1,36,0,17,12,7,47,38,9,44,31,13,29,12,17,56,5,51
S01010860,279,13,8,5,26,4,12,3,7,25,9,5,2,3,6,33,27,6,32,0,15,7,10,34,29,5,41,28,13,25,14,11,50,6,44
S01010861,244,17,8,9,21,4,10,4,3,24,10,4,1,0,9,27,21,6,18,1,3,7,7,36,28,8,29,21,8,18,10,8,54,5,49
S01010862,176,8,6,2,14,1,10,2,1,9,2,3,2,0,2,13,11,2,14,1,6,4,3,32,26,6,29,23,6,13,11,2,44,5,39
S01010863,345,30,20,10,78,16,21,28,13,53,16,2,9,7,19,40,36,4,21,0,12,7,2,33,25,8,41,27,14,13,8,5,36,2,34
S01010864,290,23,11,12,93,11,33,23,26,39,10,6,8,3,12,42,33,9,28,2,15,6,5,16,8,8,18,12,6,11,7,4,20,1,19
S01010865,301,37,27,10,95,19,24,31,21,42,6,7,5,0,24,36,30,6,24,0,12,8,4,27,19,8,17,11,6,3,3,0,20,2,18
S01010866,267,30,16,14,76,18,12,24,22,50,11,8,8,4,19,28,21,7,20,2,8,9,1,19,17,2,20,13,7,7,2,5,17,2,15
S01010867,297,46,25,21,70,14,15,19,22,45,7,12,3,3,20,25,20,5,23,0,17,1,5,26,12,14,27,20,7,12,3,9,23,5,18
S01010868,337,22,15,7,88,24,23,24,17,59,9,10,8,9,23,43,30,13,23,3,10,3,7,24,16,8,41,28,13,8,3,5,29,3,26
S01010869,374,40,18,22,108,16,30,37,25,45,9,7,5,2,22,56,45,11,34,1,20,12,1,34,28,6,31,23,8,8,4,4,18,0,18
S01010870,381,30,21,9,85,14,23,31,17,65,16,5,10,2,32,50,36,14,26,0,17,7,2,30,22,8,56,39,17,17,8,9,22,3,19
S01010871,424,41,20,21,100,19,28,33,20,63,15,11,10,2,25,49,37,12,39,2,11,16,10,39,31,8,37,23,14,21,8,13,35,6,29
S01010872,353,22,7,15,58,11,16,18,13,44,11,5,5,3,20,52,38,14,41,1,23,9,8,39,27,12,32,20,12,27,11,16,38,6,32
S01010873,175,6,3,3,11,2,4,2,3,24,6,7,4,1,6,16,14,2,14,1,7,2,4,26,16,10,26,14,12,18,9,9,34,5,29
S01010874,403,28,19,9,99,13,30,36,20,59,12,8,8,5,26,55,48,7,41,1,26,8,6,36,27,9,41,26,15,16,7,9,28,5,23
S01010875,273,21,15,6,43,10,14,10,9,42,10,5,5,1,21,27,21,6,24,1,13,7,3,32,25,7,39,20,19,10,2,8,35,4,31
S01010876,328,18,15,3,44,5,20,11,8,44,8,10,5,4,17,43,38,5,36,1,19,5,11,33,22,11,57,36,21,18,10,8,35,3,32
S01010877,425,24,13,11,72,17,22,18,15,69,14,7,10,6,32,64,52,12,32,0,12,16,4,45,38,7,52,27,25,25,10,15,42,8,34
S01010878,424,21,16,5,36,10,12,9,5,66,21,18,3,1,23,49,38,11,63,2,32,17,12,57,41,16,46,26,20,30,11,19,56,8,48
S01010879,447,29,18,11,48,10,20,7,11,61,11,13,14,4,19,62,50,12,70,4,34,20,12,52,42,10,42,28,14,29,12,17,54,3,51
S01010880,218,3,1,2,20,2,12,3,3,27,7,8,4,1,7,24,18,6,33,1,26,3,3,28,24,4,21,14,7,20,13,7,42,4,38
S01010881,267,9,8,1,34,6,12,11,5,39,7,4,9,2,17,31,24,7,29,5,11,9,4,40,33,7,31,23,8,19,7,12,35,3,32
S01010882,298,16,10,6,29,3,14,6,6,42,4,13,5,1,19,32,26,6,37,0,22,8,7,43,38,5,41,30,11,26,14,12,32,5,27
S01010883,464,26,21,5,69,15,23,22,9,63,14,12,10,0,27,60,52,8,64,1,42,14,7,60,46,14,63,54,9,21,14,7,38,4,34
S01010884,236,7,4,3,20,5,7,7,1,17,4,3,3,1,6,31,27,4,26,0,11,6,9,37,25,12,20,15,5,33,17,16,45,7,38
S01010885,333,14,8,6,35,7,13,9,6,51,13,13,7,2,16,32,26,6,36,3,16,10,7,41,28,13,54,36,18,23,13,10,47,4,43
S01010886,209,6,4,2,25,5,8,4,8,23,4,3,1,1,14,32,25,7,34,0,23,6,5,25,21,4,31,24,7,16,7,9,17,1,16
S01010887,249,8,5,3,24,2,12,6,4,26,8,2,3,1,12,22,17,5,30,0,17,8,5,36,24,12,37,33,4,19,8,11,47,7,40
S01010888,342,8,4,4,37,11,15,4,7,42,6,12,4,3,17,37,31,6,40,3,21,12,4,54,41,13,44,31,13,28,15,13,52,8,44
S01010889,214,8,7,1,26,4,8,9,5,16,6,3,1,1,5,22,20,2,23,0,15,4,4,26,19,7,26,17,9,27,17,10,40,5,35
S01010890,227,13,6,7,16,4,7,3,2,24,7,3,1,1,12,22,21,1,18,1,7,2,8,34,30,4,35,23,12,22,5,17,43,6,37
S01010891,107,3,1,2,7,3,1,0,3,13,2,2,1,2,6,8,7,1,13,0,6,4,3,10,7,3,15,5,10,9,2,7,29,4,25
S01010892,311,13,7,6,30,7,10,7,6,35,11,6,2,0,16,44,37,7,38,1,22,7,8,39,32,7,41,24,17,21,15,6,50,6,44
S01010893,169,6,5,1,11,1,7,2,1,8,2,1,1,0,4,17,16,1,15,0,6,2,7,27,24,3,33,23,10,23,8,15,29,8,21
S01010894,289,14,7,7,44,11,11,9,13,41,10,4,9,2,16,41,38,3,33,0,19,10,4,31,24,7,44,31,13,19,13,6,22,2,20
S01010895,134,4,2,2,21,5,8,5,3,15,1,6,3,1,4,25,24,1,11,0,6,4,1,11,10,1,11,5,6,8,4,4,28,2,26
S01010896,240,11,6,5,10,0,3,2,5,28,6,6,1,0,15,24,21,3,30,1,18,4,7,29,23,6,33,21,12,28,9,19,47,6,41
S01010897,307,9,6,3,26,12,5,3,6,26,8,7,3,1,7,27,24,3,27,1,11,10,5,37,23,14,41,27,14,30,14,16,84,11,73
S01010898,244,5,1,4,10,1,6,1,2,25,6,3,2,4,10,17,14,3,36,0,18,8,10,48,39,9,24,16,8,32,12,20,47,13,34
S01010899,309,14,9,5,38,7,17,7,7,30,7,7,7,0,9,29,23,6,43,2,28,8,5,43,29,14,29,22,7,25,13,12,58,17,41
S01010900,260,11,5,6,21,5,7,3,6,25,9,3,0,2,11,26,22,4,34,1,14,16,3,43,33,10,36,29,7,20,9,11,44,6,38
S01010901,150,2,2,0,5,0,2,1,2,14,4,2,1,2,5,10,10,0,17,1,4,6,6,25,16,9,21,17,4,14,7,7,42,4,38
S01010902,409,23,18,5,43,14,13,8,8,39,10,3,5,5,16,45,39,6,52,4,29,10,9,55,46,9,48,33,15,31,17,14,73,12,61
S01010903,265,8,2,6,12,3,4,3,2,22,2,5,2,1,12,23,22,1,28,3,12,6,7,49,39,10,38,26,12,19,9,10,66,10,56
S01010904,207,4,3,1,12,5,3,1,3,19,5,4,0,1,9,24,20,4,26,2,14,4,6,31,29,2,29,14,15,24,10,14,38,7,31
S01010905,299,19,8,11,40,11,15,8,6,45,11,8,11,3,12,40,34,6,37,1,15,11,10,37,28,9,32,20,12,22,10,12,27,6,21
S01010906,443,25,14,11,39,12,15,7,5,52,10,12,7,2,21,35,32,3,64,3,24,23,14,64,45,19,45,32,13,45,21,24,74,16,58
S01010907,317,31,22,9,69,15,25,17,12,46,4,8,13,1,20,34,30,4,27,0,19,7,1,32,27,5,32,16,16,21,11,10,25,4,21
S01010908,277,20,13,7,46,10,14,16,6,25,5,4,4,2,10,27,22,5,31,3,19,5,4,28,20,8,42,30,12,23,12,11,35,6,29
S01010909,349,26,15,11,61,12,23,18,8,45,15,14,6,1,9,53,45,8,39,1,20,14,4,27,21,6,44,37,7,28,10,18,26,7,19
S01010910,179,6,2,4,11,3,3,3,2,23,5,2,3,1,12,23,19,4,15,0,6,4,5,27,21,6,32,17,15,16,11,5,26,5,21
S01010911,173,6,5,1,20,4,7,6,3,21,6,8,2,1,4,22,19,3,17,0,9,2,6,28,20,8,15,9,6,13,8,5,31,8,23
S01010912,196,12,5,7,21,2,8,3,8,22,4,5,2,3,8,14,10,4,30,1,16,9,4,18,14,4,26,17,9,22,13,9,31,3,28
S01010913,328,18,8,10,44,10,10,11,13,41,9,14,3,3,12,40,38,2,44,1,25,12,6,29,26,3,53,33,20,33,15,18,26,5,21
S01010914,376,16,10,6,27,5,17,1,4,55,15,12,9,2,17,60,51,9,46,2,22,11,11,37,33,4,47,21,26,42,24,18,46,10,36
S01010915,389,21,13,8,38,9,14,7,8,43,12,12,5,0,14,46,37,9,55,3,32,13,7,42,33,9,50,32,18,48,27,21,46,8,38
S01010916,178,10,9,1,9,1,3,3,2,16,6,1,3,1,5,15,10,5,25,1,13,10,1,27,22,5,24,13,11,19,11,8,33,10,23
S01010917,309,20,13,7,32,6,10,6,10,28,8,6,3,0,11,47,38,9,48,3,29,8,8,36,29,7,29,17,12,30,22,8,39,4,35
S01010918,277,10,7,3,22,2,10,6,4,25,5,5,4,0,11,33,27,6,43,0,21,17,5,36,27,9,40,28,12,32,18,14,36,8,28
S01010919,325,9,4,5,25,2,10,7,6,32,12,11,1,2,6,35,30,5,39,2,24,5,8,54,41,13,35,29,6,48,30,18,48,8,40
S01010920,197,16,11,5,15,5,3,3,4,16,1,0,4,2,9,15,12,3,27,5,10,7,5,22,16,6,24,15,9,15,9,6,47,11,36
S01010921,248,3,0,3,13,4,6,3,0,22,4,5,4,1,8,25,19,6,30,1,13,10,6,36,26,10,31,15,16,38,23,15,50,10,40
S01010922,301,12,7,5,16,3,8,1,4,28,6,8,3,3,8,19,16,3,36,4,15,7,10,55,42,13,40,29,11,36,19,17,59,7,52
S01010923,345,14,7,7,21,4,4,9,4,31,7,5,5,1,13,49,43,6,54,5,28,13,8,57,49,8,39,27,12,39,22,17,41,6,35
S01010924,270,12,8,4,13,0,9,2,2,20,2,6,2,2,8,27,26,1,38,3,15,9,11,36,30,6,34,25,9,41,25,16,49,9,40
S01010925,311,8,5,3,20,2,12,3,3,27,7,10,1,1,8,24,20,4,36,1,16,13,6,47,31,16,57,38,19,35,16,19,57,12,45
S01010926,313,12,6,6,13,2,6,4,1,19,7,5,1,1,5,44,31,13,42,4,17,14,7,52,39,13,42,22,20,37,19,18,52,13,39
S01010927,232,13,10,3,17,6,2,6,3,16,7,3,1,0,5,28,28,0,39,2,15,9,13,29,24,5,23,23,0,29,17,12,38,6,32
S01010928,259,10,6,4,10,5,3,1,1,21,4,6,1,3,7,22,20,2,34,3,10,12,9,37,26,11,36,23,13,35,18,17,54,12,42
S01010929,227,10,9,1,7,2,1,2,2,13,1,3,2,0,7,18,16,2,34,4,18,5,7,32,24,8,32,21,11,26,14,12,55,10,45
S01010930,520,67,40,27,149,40,38,31,40,83,10,6,13,15,39,48,34,14,59,21,11,20,7,39,33,6,19,15,4,20,7,13,36,18,18
S01010931,217,26,11,15,48,12,4,15,17,28,2,6,4,4,12,20,14,6,42,27,5,9,1,12,7,5,13,12,1,13,4,9,15,8,7
S01010932,265,24,14,10,36,5,11,9,11,18,1,2,5,0,10,36,30,6,37,7,9,16,5,42,36,6,19,13,6,26,5,21,27,6,21
S01010933,399,55,37,18,99,28,22,19,30,68,9,5,15,5,34,43,29,14,46,10,21,12,3,20,17,3,25,19,6,19,5,14,24,4,20
S01010934,549,59,39,20,128,34,31,37,26,86,15,8,12,16,35,67,53,14,50,4,18,17,11,46,30,16,53,38,15,29,7,22,31,3,28
S01010935,259,26,16,10,60,15,12,19,14,32,6,5,4,4,13,38,33,5,23,2,8,8,5,23,13,10,17,12,5,18,7,11,22,0,22
S01010936,352,20,12,8,55,12,8,19,16,55,3,1,9,14,28,65,51,14,43,2,16,14,11,30,23,7,37,32,5,15,6,9,32,2,30
S01010937,412,46,34,12,50,12,9,8,21,54,13,2,14,4,21,70,55,15,59,1,22,27,9,40,26,14,46,35,11,22,7,15,25,3,22
S01010938,327,18,11,7,21,8,8,3,2,32,5,5,1,6,15,34,27,7,46,2,18,17,9,46,36,10,47,35,12,25,7,18,58,9,49
S01010939,267,11,8,3,43,11,8,10,14,27,3,3,10,1,10,35,25,10,42,5,18,12,7,36,27,9,31,21,10,20,4,16,22,0,22
S01010940,369,34,24,10,74,22,19,15,18,58,4,6,10,9,29,62,44,18,27,2,11,11,3,38,27,11,30,23,7,14,6,8,32,1,31
S01010941,453,33,26,7,90,26,26,23,15,76,9,13,15,7,32,78,53,25,53,4,22,16,11,34,28,6,41,32,9,23,9,14,25,2,23
S01010942,336,24,15,9,68,14,14,18,22,55,9,2,11,7,26,49,40,9,35,5,11,11,8,36,29,7,36,24,12,11,4,7,22,0,22
S01010943,304,14,8,6,35,11,10,7,7,39,7,9,9,3,11,36,31,5,42,4,11,17,10,41,29,12,36,29,7,21,7,14,40,4,36
S01010944,267,9,6,3,22,7,5,5,5,30,10,4,4,2,10,29,20,9,36,2,12,16,6,35,21,14,29,21,8,24,7,17,53,4,49
S01010945,288,17,12,5,21,6,9,1,5,27,6,4,1,4,12,50,40,10,29,1,9,8,11,31,23,8,31,24,7,22,4,18,60,7,53
S01010946,407,22,12,10,28,6,14,1,7,40,9,8,5,5,13,51,38,13,67,7,27,21,12,63,50,13,44,36,8,35,7,28,57,9,48
S01010947,248,12,8,4,20,4,7,2,7,22,9,1,4,1,7,32,27,5,38,3,16,9,10,31,26,5,36,31,5,21,8,13,36,3,33
S01010948,325,23,12,11,30,9,7,6,8,32,6,6,9,0,11,47,43,4,40,2,15,13,10,38,30,8,36,30,6,25,9,16,54,7,47
S01010949,509,36,24,12,99,31,26,19,23,79,21,8,18,4,28,89,71,18,58,5,25,12,16,42,30,12,49,41,8,22,9,13,35,1,34
S01010950,380,30,18,12,47,11,14,9,13,48,7,3,6,3,29,49,36,13,62,5,23,21,13,42,32,10,31,31,0,22,12,10,49,4,45
S01010951,324,21,10,11,37,15,5,6,11,32,4,4,9,4,11,42,27,15,55,6,11,19,19,39,29,10,33,24,9,28,8,20,37,3,34
S01010952,300,24,13,11,45,12,7,9,17,28,6,0,10,0,12,40,28,12,46,2,14,20,10,35,26,9,34,25,9,21,8,13,27,4,23
S01010953,316,13,8,5,38,11,9,10,8,37,5,4,8,5,15,49,35,14,53,3,19,19,12,32,25,7,39,27,12,19,10,9,36,4,32
S01010954,393,26,20,6,31,6,7,4,14,126,12,4,84,4,22,56,39,17,41,3,15,14,9,31,27,4,31,25,6,29,9,20,22,1,21
S01010955,479,43,33,10,79,21,21,11,26,155,8,6,113,5,23,46,35,11,33,5,12,4,12,43,31,12,35,32,3,19,7,12,26,3,23
S01010956,382,42,23,19,86,19,19,12,36,61,10,7,8,10,26,26,21,5,60,17,12,17,14,34,27,7,18,15,3,17,4,13,38,9,29
S01010957,303,26,17,9,65,24,13,16,12,38,11,3,5,6,13,51,42,9,27,2,14,8,3,31,21,10,30,21,9,17,9,8,18,0,18
S01010958,231,20,13,7,42,12,14,7,9,39,7,5,4,8,15,22,19,3,30,2,14,10,4,24,19,5,22,17,5,14,6,8,18,1,17
S01010959,299,27,14,13,58,17,12,16,13,46,5,11,4,8,18,37,28,9,28,1,9,12,6,36,29,7,27,20,7,16,4,12,24,1,23
S01010960,524,38,19,19,71,25,17,11,18,47,6,7,7,5,22,60,45,15,85,11,30,32,12,68,58,10,47,34,13,37,10,27,71,10,61
S01010961,270,15,9,6,32,8,11,4,9,27,8,4,2,3,10,38,31,7,32,4,12,12,4,28,22,6,37,29,8,18,6,12,43,9,34
S01010962,262,21,9,12,26,5,9,3,9,23,2,2,7,2,10,30,19,11,29,5,7,12,5,29,23,6,26,25,1,23,7,16,55,7,48
S01010963,513,52,39,13,77,21,22,11,23,64,6,9,10,5,34,90,62,28,57,3,18,26,10,45,33,12,51,42,9,44,13,31,33,4,29
S01010964,255,11,8,3,30,7,6,5,12,22,5,2,4,3,8,37,30,7,45,3,14,19,9,27,20,7,27,24,3,17,5,12,39,4,35
S01010965,243,16,9,7,18,4,7,4,3,20,5,2,1,1,11,26,21,5,42,3,9,17,13,22,18,4,33,28,5,20,5,15,46,1,45
S01010966,333,19,8,11,29,9,9,4,7,33,13,4,5,3,8,41,32,9,53,4,17,20,12,40,31,9,39,30,9,30,9,21,49,7,42
S01010967,311,9,6,3,36,7,12,9,8,25,8,3,3,3,8,40,32,8,46,5,13,13,15,42,34,8,37,30,7,28,12,16,48,6,42
S01010968,341,16,11,5,37,14,8,10,5,42,6,2,9,9,16,57,44,13,44,2,16,19,7,45,32,13,39,26,13,24,5,19,37,1,36
S01010969,274,16,9,7,46,14,11,10,11,34,5,3,4,3,19,52,39,13,38,3,13,13,9,31,22,9,16,14,2,20,8,12,21,4,17
S01010970,477,34,21,13,73,15,17,18,23,58,15,7,8,10,18,65,47,18,71,6,18,34,13,46,34,12,34,30,4,41,16,25,55,9,46
S01010971,559,41,28,13,84,24,27,15,18,72,13,10,10,8,31,87,59,28,79,8,28,31,12,65,49,16,42,24,18,31,6,25,58,4,54
S01010972,376,17,12,5,25,7,8,5,5,24,7,2,4,1,10,33,26,7,75,6,28,28,13,64,48,16,53,46,7,31,9,22,54,11,43
S01010973,247,10,5,5,18,4,4,2,8,19,6,3,0,3,7,47,36,11,45,0,19,17,9,33,28,5,31,24,7,26,9,17,18,3,15
S01010974,342,15,11,4,20,5,7,2,6,20,4,3,5,1,7,41,36,5,48,5,11,23,9,55,44,11,32,30,2,36,11,25,75,7,68
S01010975,203,9,7,2,9,3,2,2,2,12,3,3,3,1,2,23,15,8,38,4,12,14,8,37,28,9,20,16,4,27,9,18,28,2,26
S01010976,267,17,14,3,21,7,10,3,1,33,2,7,7,2,15,41,35,6,37,0,12,14,11,40,31,9,25,17,8,28,8,20,25,3,22
S01010977,370,19,12,7,48,15,13,11,9,42,7,4,9,1,21,55,40,15,52,4,16,22,10,53,34,19,38,30,8,21,7,14,42,2,40
S01010978,335,16,11,5,30,5,11,7,7,26,2,6,5,3,10,45,32,13,54,4,20,23,7,61,46,15,36,28,8,24,11,13,43,2,41
S01010979,392,17,10,7,32,7,12,3,10,32,7,5,6,2,12,49,41,8,58,3,21,22,12,81,66,15,41,34,7,38,8,30,44,6,38
S01010980,342,20,11,9,41,12,8,10,11,44,8,7,7,1,21,48,31,17,42,5,10,20,7,48,37,11,36,27,9,29,9,20,34,2,32
S01010981,312,25,12,13,36,2,17,7,10,22,4,4,2,2,10,38,26,12,56,5,13,24,14,40,31,9,41,32,9,21,11,10,33,5,28
S01010982,566,65,36,29,159,38,43,37,41,74,15,7,8,10,34,62,49,13,68,8,14,30,16,48,34,14,27,23,4,26,6,20,37,1,36
S01010983,388,27,21,6,63,14,19,11,19,42,4,3,6,6,23,65,46,19,45,7,9,19,10,49,37,12,30,26,4,32,9,23,35,5,30
S01010984,269,31,16,15,35,10,8,8,9,40,5,1,7,4,23,37,28,9,30,2,15,11,2,31,21,10,24,20,4,19,4,15,22,1,21
S01010985,302,11,7,4,34,8,8,9,9,31,3,1,10,7,10,53,42,11,56,8,18,19,11,35,26,9,25,19,6,22,10,12,35,2,33
S01010986,304,38,20,18,45,17,6,10,12,60,8,5,16,7,24,45,30,15,35,1,11,20,3,25,16,9,28,22,6,14,3,11,14,3,11
S01010987,349,39,30,9,73,17,11,13,32,73,5,4,12,11,41,52,41,11,33,1,16,11,5,21,15,6,23,17,6,21,5,16,14,0,14
S01010988,348,51,36,15,64,22,16,11,15,50,12,9,8,2,19,55,47,8,21,1,10,7,3,23,16,7,39,27,12,22,5,17,23,3,20
S01010989,625,53,36,17,129,31,19,32,47,129,15,4,32,11,67,99,76,23,65,3,27,32,3,59,39,20,56,34,22,17,4,13,18,3,15
S01010990,378,18,9,9,33,9,10,1,13,34,4,4,8,2,16,55,48,7,65,5,24,23,13,71,54,17,48,38,10,23,4,19,31,1,30
S01010991,291,28,13,15,45,14,8,8,15,42,7,4,4,5,22,47,34,13,35,2,17,12,4,35,28,7,21,18,3,16,7,9,22,3,19
S01010992,316,47,31,16,98,29,16,15,38,65,9,9,14,3,30,25,15,10,28,1,9,9,9,19,13,6,17,15,2,8,2,6,9,0,9
S01010993,336,34,20,14,43,15,8,12,8,58,15,7,12,5,19,57,43,14,47,1,20,14,12,27,24,3,30,26,4,13,3,10,27,7,20
S01010994,536,63,43,20,157,43,36,31,47,95,8,7,10,12,58,70,59,11,36,1,16,12,7,39,27,12,36,27,9,17,5,12,23,2,21
S01010995,406,26,14,12,59,13,16,18,12,65,6,6,10,5,38,78,53,25,45,5,24,11,5,30,24,6,52,40,12,26,10,16,25,2,23
S01010996,320,40,25,15,90,26,18,15,31,47,5,2,10,6,24,44,37,7,25,1,7,10,7,26,18,8,21,17,4,15,6,9,12,2,10
S01010997,289,34,22,12,78,18,13,21,26,53,10,2,8,5,28,44,37,7,26,1,10,10,5,21,18,3,16,12,4,10,2,8,7,0,7
S01010998,289,55,31,24,98,20,27,18,33,34,5,2,1,4,22,27,20,7,20,0,9,5,6,11,8,3,21,15,6,11,3,8,12,2,10
S01010999,381,59,41,18,111,17,24,32,38,51,2,7,10,10,22,47,31,16,29,1,13,8,7,33,25,8,22,19,3,10,2,8,19,1,18
S01011000,439,50,25,25,74,16,24,15,19,52,6,12,1,10,23,51,34,17,53,12,16,19,6,46,33,13,42,31,11,29,7,22,42,8,34
S01011001,315,14,6,8,22,9,8,3,2,25,8,7,2,1,7,55,41,14,45,2,11,23,9,43,29,14,34,28,6,32,10,22,45,6,39
S01011002,331,13,8,5,25,5,9,4,7,33,8,9,4,1,11,41,36,5,51,4,15,23,9,40,31,9,27,23,4,28,12,16,73,6,67
S01011003,321,23,17,6,17,2,7,4,4,23,3,4,4,4,8,44,27,17,55,4,10,28,13,47,35,12,34,30,4,25,13,12,53,4,49
S01011004,340,31,17,14,60,11,18,10,21,33,6,4,1,1,21,55,36,19,40,1,8,25,6,35,28,7,31,26,5,21,3,18,34,3,31
S01011005,295,11,8,3,29,5,8,8,8,37,8,4,7,2,16,46,39,7,47,3,15,17,12,39,28,11,33,28,5,22,4,18,31,5,26
S01011006,554,56,41,15,67,14,19,20,14,88,8,17,12,8,43,71,56,15,78,9,22,31,16,62,46,16,44,34,10,32,8,24,56,10,46
S01011007,305,13,5,8,16,4,4,3,5,15,0,4,3,2,6,37,29,8,70,4,8,37,21,43,34,9,32,26,6,23,9,14,56,8,48
S01011008,361,20,14,6,24,5,13,1,5,20,4,5,3,1,7,54,39,15,70,1,28,22,19,42,31,11,36,30,6,29,14,15,66,8,58
S01011009,281,18,12,6,8,4,3,0,1,19,2,1,6,1,9,43,33,10,46,3,18,14,11,38,31,7,26,22,4,28,13,15,55,9,46
S01011010,264,15,11,4,38,7,14,8,9,26,7,3,1,1,14,37,31,6,32,1,7,12,12,34,28,6,22,18,4,20,8,12,40,4,36
S01011011,314,18,13,5,23,13,2,5,3,28,0,9,3,4,12,47,33,14,47,5,13,14,15,43,34,9,34,26,8,23,7,16,51,6,45
S01011012,273,11,4,7,24,7,8,4,5,18,2,7,2,1,6,18,17,1,50,6,11,18,15,39,32,7,29,22,7,32,15,17,52,8,44
S01011013,367,17,11,6,22,9,5,2,6,35,9,9,6,2,9,45,37,8,61,3,17,25,16,67,56,11,30,22,8,30,6,24,60,10,50
S01011014,458,29,20,9,45,12,10,9,14,52,10,5,4,10,23,76,60,16,59,4,22,17,16,64,45,19,54,43,11,35,12,23,44,2,42
S01011015,241,17,10,7,25,7,6,8,4,34,4,9,3,2,16,31,25,6,32,2,7,14,9,35,29,6,22,17,5,16,9,7,29,3,26
S01011016,495,60,42,18,89,30,24,16,19,80,12,6,10,9,43,71,52,19,67,4,18,30,15,39,25,14,40,22,18,26,8,18,23,2,21
S01011017,438,53,30,23,106,23,15,33,35,54,9,4,0,9,32,56,44,12,57,14,22,13,8,42,32,10,24,21,3,24,9,15,22,5,17
S01011018,423,28,15,13,56,12,26,5,13,58,10,6,9,9,24,43,39,4,84,10,25,33,16,31,24,7,42,38,4,30,11,19,51,10,41
S01011019,530,58,35,23,105,31,22,22,30,64,6,5,9,12,32,53,41,12,83,16,19,32,16,50,37,13,38,34,4,30,10,20,49,13,36
S01011020,255,29,16,13,64,17,14,9,24,34,6,3,6,1,18,34,25,9,46,12,11,16,7,11,8,3,13,5,8,14,7,7,10,2,8
S01011021,395,25,15,10,30,5,14,7,4,36,6,4,8,4,14,50,40,10,66,3,24,18,21,53,39,14,33,29,4,39,22,17,63,3,60
S01011022,269,8,5,3,15,2,5,4,4,13,4,0,3,1,5,28,23,5,38,6,12,10,10,33,22,11,36,30,6,30,13,17,68,6,62
S01011023,409,25,18,7,44,11,13,8,12,28,8,4,4,1,11,52,42,10,68,2,25,23,18,56,44,12,38,30,8,41,14,27,57,3,54
S01011024,321,20,10,10,16,5,5,1,5,24,4,6,3,1,10,35,27,8,60,5,17,24,14,54,42,12,35,29,6,25,8,17,52,3,49
S01011025,351,15,14,1,17,4,8,2,3,16,1,5,2,0,8,54,50,4,50,4,17,12,17,47,38,9,43,36,7,42,13,29,67,7,60
S01011026,265,11,9,2,11,2,3,2,4,12,6,1,1,2,2,33,32,1,48,3,17,21,7,45,36,9,32,29,3,26,7,19,47,2,45
S01011027,386,12,7,5,23,5,13,1,4,23,3,5,4,2,9,46,40,6,49,3,15,24,7,60,44,16,37,34,3,46,11,35,90,6,84
S01011028,371,14,10,4,26,9,10,4,3,18,4,5,0,2,7,39,33,6,55,6,10,25,14,56,40,16,39,34,5,48,17,31,76,15,61
S01011029,297,16,11,5,21,9,5,5,2,30,3,7,7,3,10,36,33,3,53,1,13,26,13,44,35,9,33,24,9,24,6,18,40,2,38
S01011030,552,33,26,7,63,11,25,10,17,56,13,6,14,6,17,102,78,24,82,3,26,36,17,61,47,14,49,38,11,51,15,36,55,7,48
S01011031,309,9,7,2,23,9,5,3,6,17,3,2,1,1,10,40,32,8,52,4,14,18,16,56,47,9,20,16,4,28,9,19,64,7,57
S01011032,355,21,13,8,22,5,8,4,5,34,4,10,6,2,12,48,36,12,49,5,15,21,8,60,45,15,38,34,4,29,7,22,54,8,46
S01011033,360,20,13,7,50,15,15,7,13,42,4,8,3,6,21,55,45,10,54,5,13,24,12,48,40,8,28,24,4,30,9,21,33,6,27
S01011034,299,24,18,6,33,9,10,8,6,42,8,4,8,6,16,23,18,5,37,2,9,15,11,53,41,12,36,32,4,16,6,10,35,4,31
S01011035,311,20,9,11,29,10,11,1,7,28,3,3,5,5,12,36,30,6,44,5,14,17,8,38,32,6,39,37,2,23,8,15,54,9,45
S01011036,341,35,23,12,42,10,14,4,14,47,7,4,8,7,21,48,34,14,35,2,7,19,7,29,22,7,43,37,6,34,13,21,28,1,27
S01011037,415,38,23,15,35,12,10,5,8,35,9,6,9,2,9,46,37,9,56,5,17,22,12,63,48,15,55,42,13,34,9,25,53,8,45
S01011038,348,12,5,7,16,7,5,2,2,10,2,3,2,1,2,37,31,6,68,10,18,16,24,67,47,20,38,33,5,30,7,23,70,13,57
S01011039,400,17,12,5,44,15,10,6,13,51,4,7,14,6,20,61,54,7,52,6,15,18,13,52,35,17,35,29,6,41,10,31,47,12,35
S01011040,308,21,16,5,23,5,7,6,5,17,4,1,1,1,10,38,33,5,67,10,27,23,7,45,37,8,28,23,5,17,8,9,52,9,43
S01011041,278,13,7,6,26,6,10,6,4,23,4,5,2,6,6,29,24,5,41,6,13,13,9,40,33,7,37,28,9,16,8,8,53,4,49
S01011042,430,46,35,11,62,16,12,20,14,45,6,5,7,5,22,74,54,20,66,1,24,27,14,43,37,6,36,24,12,27,10,17,31,8,23
S01011043,302,23,15,8,37,9,15,6,7,18,5,2,2,1,8,31,23,8,45,4,20,14,7,51,41,10,20,17,3,40,12,28,37,6,31
S01011044,309,21,12,9,26,9,6,4,7,40,7,8,7,3,15,40,33,7,39,8,15,9,7,41,34,7,28,22,6,34,14,20,40,2,38
S01011045,386,35,17,18,34,7,9,11,7,45,7,8,15,7,8,42,32,10,80,53,12,6,9,37,28,9,18,15,3,45,36,9,50,11,39
S01011046,458,52,22,30,35,7,6,12,10,45,10,6,12,7,10,41,30,11,111,47,21,22,21,38,24,14,25,21,4,53,30,23,58,26,32
S01011047,465,35,25,10,57,9,25,17,6,42,12,4,4,5,17,45,38,7,114,37,31,25,21,34,23,11,22,21,1,58,35,23,58,15,43
S01011048,470,36,15,21,44,8,12,18,6,38,6,7,10,4,11,32,22,10,94,14,30,32,18,57,48,9,24,22,2,65,47,18,80,28,52
S01011049,351,9,6,3,31,5,7,12,7,26,7,4,3,1,11,24,17,7,54,3,19,21,11,37,22,15,21,17,4,79,59,20,70,32,38
S01011050,411,34,20,14,43,8,13,15,7,52,6,6,15,7,18,23,14,9,84,30,25,20,9,51,38,13,20,18,2,52,39,13,52,22,30
S01011051,476,47,27,20,57,6,13,23,15,37,3,7,4,4,19,38,26,12,91,19,22,29,21,51,39,12,21,19,2,66,44,22,68,16,52
S01011052,370,37,18,19,53,9,18,18,8,31,6,3,5,6,11,20,17,3,61,7,17,23,14,40,27,13,19,17,2,53,40,13,56,13,43
S01011053,293,18,7,11,27,4,12,5,6,19,4,5,2,1,7,26,21,5,55,1,23,23,8,29,18,11,14,13,1,37,32,5,68,18,50
S01011054,279,27,17,10,35,7,12,9,7,25,5,4,5,2,9,26,17,9,48,14,16,7,11,31,20,11,14,11,3,36,32,4,37,8,29
S01011055,297,18,8,10,47,7,15,10,15,28,3,2,5,6,12,25,18,7,64,27,16,11,10,40,34,6,4,4,0,37,26,11,34,16,18
S01011056,372,30,13,17,49,8,20,11,10,34,11,3,3,6,11,23,13,10,95,46,20,21,8,37,23,14,18,18,0,43,21,22,43,19,24
S01011057,313,20,13,7,20,2,5,8,5,27,5,9,6,2,5,28,22,6,82,24,17,27,14,23,18,5,21,21,0,48,24,24,44,9,35
S01011058,348,25,16,9,44,5,10,14,15,42,7,3,8,5,19,30,25,5,89,45,20,20,4,24,22,2,30,27,3,34,13,21,30,16,14
S01011059,323,23,11,12,38,7,10,16,5,32,7,5,6,2,12,32,23,9,80,33,23,20,4,20,17,3,21,21,0,42,17,25,35,13,22
S01011060,394,26,18,8,47,5,17,6,19,32,11,4,2,3,12,43,32,11,75,13,16,34,12,43,29,14,34,33,1,42,20,22,52,15,37
S01011061,425,16,10,6,19,4,7,5,3,23,7,3,4,4,5,31,25,6,79,4,20,32,23,51,42,9,49,48,1,86,41,45,71,13,58
S01011062,486,34,17,17,36,7,7,11,11,30,10,3,3,4,10,48,36,12,116,2,37,54,23,53,39,14,45,44,1,55,36,19,69,27,42
S01011063,462,18,9,9,36,7,10,7,12,28,7,4,5,0,12,37,31,6,92,5,35,38,14,63,48,15,54,53,1,64,41,23,70,16,54
S01011064,517,50,24,26,43,6,12,12,13,34,13,7,5,2,7,55,44,11,102,3,41,42,16,45,30,15,39,37,2,58,33,25,91,23,68
S01011065,327,33,15,18,38,5,9,15,9,33,7,6,5,6,9,29,21,8,59,22,19,13,5,35,31,4,22,20,2,37,23,14,41,8,33
S01011066,231,25,8,17,33,7,9,13,4,16,3,3,1,1,8,27,21,6,46,7,11,12,16,22,17,5,16,14,2,19,9,10,27,5,22
S01011067,236,20,6,14,27,8,8,7,4,23,4,5,4,3,7,15,13,2,58,6,16,24,12,31,15,16,14,12,2,29,12,17,19,2,17
S01011068,242,16,6,10,16,1,7,0,8,23,2,3,2,6,10,20,16,4,40,9,14,17,0,37,28,9,20,20,0,35,19,16,35,5,30
S01011069,244,19,13,6,29,4,7,11,7,25,5,6,5,1,8,14,7,7,46,6,21,7,12,29,25,4,21,21,0,30,17,13,31,5,26
S01011070,310,17,10,7,36,6,15,5,10,36,8,5,1,1,21,27,22,5,63,7,25,24,7,34,24,10,26,24,2,38,21,17,33,9,24
S01011071,388,37,20,17,44,14,9,18,3,40,10,2,5,2,21,43,31,12,79,17,31,19,12,37,29,8,28,28,0,42,23,19,38,5,33
S01011072,516,45,28,17,47,8,11,19,9,62,14,7,7,5,29,49,38,11,97,22,29,32,14,59,42,17,32,30,2,72,35,37,53,14,39
S01011073,354,20,9,11,29,3,8,11,7,38,9,9,2,0,18,28,25,3,66,11,25,18,12,46,32,14,33,31,2,44,28,16,50,12,38
S01011074,320,10,8,2,33,7,11,10,5,30,6,2,5,4,13,29,26,3,60,7,24,19,10,43,34,9,32,30,2,49,27,22,34,9,25
S01011075,313,18,10,8,6,1,3,1,1,12,3,1,0,0,8,20,15,5,62,9,18,21,14,33,21,12,36,35,1,67,41,26,59,19,40
S01011076,331,20,6,14,16,3,4,5,4,26,5,5,3,1,12,24,17,7,60,7,21,17,15,49,37,12,31,27,4,61,42,19,44,11,33
S01011077,300,6,2,4,12,3,3,5,1,23,4,9,2,2,6,21,16,5,57,6,22,17,12,43,36,7,24,24,0,39,18,21,75,19,56
S01011078,532,53,26,27,59,15,19,18,7,46,14,2,3,5,22,39,29,10,91,5,39,32,15,59,45,14,48,44,4,76,43,33,61,10,51
S01011079,541,41,27,14,45,2,11,18,14,42,11,3,8,1,19,38,29,9,119,15,40,28,36,46,29,17,38,37,1,92,59,33,80,23,57
S01011080,468,24,14,10,44,6,10,14,14,35,9,7,4,3,12,48,37,11,78,9,36,20,13,51,36,15,41,36,5,94,62,32,53,16,37
S01011081,380,15,7,8,25,3,11,5,6,29,6,6,6,0,11,21,15,6,70,14,24,20,12,48,34,14,46,43,3,59,33,26,67,20,47
S01011082,212,8,5,3,10,2,2,2,4,14,2,1,4,0,7,9,5,4,40,8,12,8,12,24,20,4,22,19,3,38,18,20,47,15,32
S01011083,370,19,16,3,47,6,20,15,6,35,12,2,9,1,11,22,16,6,77,3,31,30,13,43,37,6,36,34,2,47,32,15,44,14,30
S01011084,372,33,21,12,52,8,17,19,8,51,7,8,10,9,17,26,19,7,68,20,19,24,5,50,33,17,22,19,3,34,20,14,36,6,30
S01011085,442,37,27,10,88,15,23,31,19,48,11,8,10,5,14,61,49,12,56,13,18,19,6,37,30,7,25,20,5,42,22,20,48,11,37
S01011086,311,30,20,10,41,5,14,12,10,33,8,2,8,2,13,32,23,9,63,18,20,17,8,28,20,8,20,19,1,33,18,15,31,7,24
S01011087,286,21,13,8,18,3,6,5,4,39,6,7,10,2,14,20,16,4,50,9,20,15,6,20,19,1,28,27,1,43,23,20,47,20,27
S01011088,457,42,28,14,79,7,16,40,16,65,7,10,20,13,15,43,32,11,72,9,28,25,10,37,27,10,31,28,3,39,20,19,49,9,40
S01011089,276,14,7,7,30,2,5,18,5,24,1,5,8,2,8,15,10,5,36,8,11,12,5,41,37,4,32,31,1,33,20,13,51,10,41
S01011090,369,29,17,12,48,6,11,21,10,39,8,3,7,5,16,41,27,14,87,39,23,13,12,25,17,8,24,21,3,40,16,24,36,9,27
S01011091,360,37,17,20,47,9,7,17,14,44,10,3,9,4,18,39,30,9,72,24,24,16,8,37,33,4,17,15,2,34,20,14,33,14,19
S01011092,186,12,9,3,18,4,7,5,2,19,4,2,7,1,5,15,10,5,24,3,8,11,2,29,25,4,17,16,1,12,2,10,40,8,32
S01011093,336,42,29,13,62,11,10,21,20,30,8,2,6,5,9,31,19,12,60,11,20,20,9,26,19,7,22,18,4,38,27,11,25,7,18
S01011094,275,41,16,25,45,4,23,13,5,51,4,7,19,5,16,23,13,10,37,11,10,13,3,21,16,5,12,10,2,26,14,12,19,2,17
S01011095,436,58,34,24,73,11,23,22,17,57,9,1,21,7,19,40,24,16,77,20,27,19,11,31,25,6,27,24,3,28,16,12,45,14,31
S01011096,315,30,17,13,50,5,21,11,13,57,11,10,23,3,10,21,16,5,53,16,18,17,2,30,24,6,24,21,3,16,11,5,34,14,20
S01011097,376,25,20,5,65,11,12,23,19,58,10,3,19,6,20,36,26,10,69,19,17,25,8,36,33,3,20,17,3,27,17,10,40,9,31
S01011098,402,30,19,11,46,5,11,15,15,61,8,10,32,4,7,36,31,5,64,8,25,22,9,43,36,7,41,38,3,39,17,22,42,10,32
S01011099,411,20,13,7,20,1,4,9,6,41,5,4,19,3,10,28,19,9,85,8,27,35,15,39,32,7,38,33,5,51,23,28,89,23,66
S01011100,209,7,3,4,26,3,8,6,9,22,3,2,9,1,7,18,16,2,43,5,17,16,5,22,15,7,23,19,4,20,10,10,28,9,19
S01011101,272,10,7,3,8,0,1,1,6,17,1,3,7,2,4,13,10,3,48,6,14,15,13,33,25,8,31,29,2,49,34,15,63,12,51
S01011102,301,10,5,5,24,2,12,7,3,32,5,6,10,5,6,15,13,2,38,6,16,10,6,36,31,5,26,25,1,48,29,19,72,16,56
S01011103,276,22,14,8,29,5,8,9,7,30,6,4,11,3,6,16,11,5,29,2,10,10,7,24,19,5,35,33,2,28,16,12,63,19,44
S01011104,280,24,13,11,55,9,13,19,14,51,2,8,12,5,24,21,18,3,23,2,10,8,3,21,15,6,21,19,2,25,18,7,39,6,33
S01011105,408,30,18,12,34,2,17,11,4,50,6,10,11,7,16,25,22,3,57,1,17,28,11,50,40,10,28,24,4,57,31,26,77,27,50
S01011106,451,16,9,7,19,2,6,7,4,162,8,6,132,8,8,25,15,10,50,6,12,19,13,49,36,13,43,39,4,34,20,14,53,23,30
S01011107,488,36,26,10,47,9,12,19,7,81,19,5,41,1,15,43,25,18,58,2,21,21,14,43,32,11,48,44,4,61,46,15,71,15,56
S01011108,299,20,11,9,21,4,8,6,3,43,9,7,11,2,14,20,16,4,56,2,21,25,8,41,28,13,32,30,2,33,17,16,33,8,25
S01011109,434,25,20,5,35,2,11,13,9,43,7,4,10,7,15,51,39,12,80,4,30,35,11,39,26,13,38,33,5,54,40,14,69,9,60
S01011110,369,21,16,5,23,6,9,4,4,30,5,3,10,3,9,37,26,11,61,3,28,25,5,43,31,12,47,44,3,41,21,20,66,15,51
S01011111,422,21,13,8,19,2,9,5,3,33,4,5,12,1,11,37,27,10,74,2,24,33,15,38,24,14,46,45,1,65,38,27,89,20,69
S01011112,514,42,35,7,56,8,17,21,10,82,12,6,40,5,19,57,40,17,82,2,41,27,12,56,41,15,44,40,4,49,28,21,46,10,36
S01011113,486,28,17,11,45,7,19,12,7,51,15,8,16,4,8,50,36,14,79,3,29,36,11,51,37,14,53,49,4,54,30,24,75,15,60
S01011114,403,23,17,6,39,4,13,11,11,58,8,5,24,4,17,43,38,5,77,3,23,37,14,47,40,7,39,37,2,40,28,12,37,4,33
S01011115,461,21,12,9,20,2,7,9,2,41,7,11,6,4,13,36,26,10,81,1,26,33,21,47,34,13,52,49,3,73,42,31,90,22,68
S01011116,333,17,9,8,31,5,11,8,7,42,5,4,23,0,10,33,28,5,63,2,30,18,13,30,23,7,48,41,7,29,12,17,40,8,32
S01011117,371,48,24,24,81,9,23,20,29,49,9,6,12,4,18,27,20,7,51,2,15,16,18,32,25,7,26,25,1,21,15,6,36,4,32
S01011118,413,47,32,15,115,11,30,42,32,49,11,4,14,4,16,34,22,12,47,3,19,16,9,29,19,10,23,21,2,28,22,6,41,5,36
S01011119,427,51,36,15,97,11,33,35,18,64,11,7,22,6,18,55,44,11,50,4,21,13,12,23,17,6,24,21,3,32,26,6,31,10,21
S01011120,297,40,26,14,82,5,24,38,15,43,8,11,8,2,14,27,18,9,29,3,12,10,4,23,19,4,25,23,2,13,8,5,15,1,14
S01011121,290,16,8,8,36,8,11,8,9,24,5,4,9,1,5,25,20,5,44,2,12,16,14,26,23,3,39,33,6,43,28,15,37,10,27
S01011122,337,14,11,3,56,11,21,16,8,43,8,4,14,5,12,31,27,4,58,2,16,26,14,25,18,7,31,27,4,38,23,15,41,5,36
S01011123,565,26,19,7,31,6,11,10,4,54,10,6,19,6,13,50,40,10,110,6,38,50,16,52,42,10,73,68,5,73,37,36,96,22,74
S01011124,345,22,15,7,30,7,11,8,4,47,6,3,23,4,11,32,27,5,61,3,23,27,8,35,30,5,39,34,5,35,19,16,44,8,36
S01011125,268,12,7,5,26,7,10,5,4,14,2,2,5,2,3,18,12,6,48,1,19,21,7,36,29,7,31,29,2,30,21,9,53,13,40
S01011126,250,10,6,4,16,2,10,2,2,65,2,3,53,1,6,22,18,4,25,0,11,9,5,32,29,3,26,24,2,26,17,9,28,7,21
S01011127,241,6,5,1,10,0,5,3,2,143,0,1,139,0,3,20,14,6,5,0,1,2,2,19,17,2,19,17,2,4,1,3,15,1,14
S01011128,362,28,17,11,34,5,11,12,6,60,8,5,28,3,16,41,38,3,56,4,20,23,9,31,20,11,35,32,3,32,17,15,45,9,36
S01011129,489,116,101,15,68,3,20,31,14,96,16,13,45,8,14,33,23,10,44,0,18,12,14,40,25,15,33,29,4,29,20,9,30,3,27
S01011130,273,16,13,3,30,5,8,11,6,45,7,6,15,3,14,36,29,7,37,4,9,17,7,25,15,10,26,25,1,19,12,7,39,21,18
S01011131,352,25,19,6,45,4,10,18,13,87,12,10,46,9,10,33,24,9,40,6,20,8,6,32,28,4,24,23,1,29,15,14,37,5,32
S01011132,465,45,32,13,61,8,16,24,13,93,16,16,35,8,18,43,34,9,62,9,22,21,10,58,41,17,42,37,5,23,11,12,38,5,33
S01011133,219,11,7,4,23,2,9,6,6,29,2,3,9,7,8,16,13,3,37,1,11,17,8,31,21,10,13,12,1,25,12,13,34,7,27
S01011134,400,27,14,13,36,4,11,17,4,90,16,11,45,6,12,47,29,18,59,6,16,29,8,23,15,8,32,30,2,33,17,16,53,9,44
S01011135,379,10,8,2,30,6,7,10,7,50,7,3,28,3,9,28,19,9,71,10,28,27,6,44,35,9,38,36,2,38,18,20,70,15,55
S01011136,326,25,13,12,40,5,10,12,13,63,8,4,34,4,13,25,17,8,47,5,15,19,8,41,28,13,20,16,4,28,23,5,37,3,34
S01011137,240,20,13,7,23,2,10,8,3,49,4,7,26,3,9,17,9,8,31,5,5,12,9,32,29,3,16,16,0,27,13,14,25,3,22
S01011138,335,10,6,4,14,1,5,5,3,70,4,1,57,0,8,19,12,7,42,8,9,16,9,54,37,17,38,36,2,31,17,14,57,9,48
S01011139,977,88,81,7,40,5,15,16,4,616,24,8,565,6,13,40,34,6,59,6,30,11,12,42,30,12,38,34,4,26,13,13,28,2,26
S01011140,278,8,6,2,16,3,6,4,3,48,2,7,29,2,8,33,25,8,50,3,11,28,8,30,23,7,21,19,2,31,17,14,41,4,37
S01011141,280,7,5,2,17,0,7,7,3,39,10,4,16,2,7,32,23,9,45,5,13,13,14,38,30,8,28,24,4,24,13,11,50,13,37
S01011142,435,46,24,22,98,4,20,61,13,68,8,5,26,15,14,32,19,13,53,9,20,14,10,53,43,10,26,21,5,26,11,15,33,10,23
S01011143,460,39,25,14,61,7,22,23,9,84,7,5,32,5,35,49,27,22,58,8,25,16,9,50,32,18,43,40,3,33,17,16,43,3,40
S01011144,370,28,17,11,60,8,19,25,8,62,12,7,27,5,11,33,24,9,52,9,22,18,3,54,41,13,17,14,3,28,12,16,36,4,32
S01011145,336,34,29,5,61,4,25,25,7,65,9,4,16,13,23,28,20,8,48,9,19,15,5,36,29,7,17,16,1,25,14,11,22,3,19
S01011146,345,37,23,14,46,5,26,10,5,44,8,4,15,5,12,30,21,9,48,2,17,23,6,35,25,10,27,22,5,39,16,23,39,4,35
S01011147,531,32,19,13,66,9,27,12,18,95,9,10,45,8,23,42,30,12,96,8,36,30,22,50,40,10,41,29,12,48,25,23,61,10,51
S01011148,419,48,27,21,78,9,16,20,33,54,5,8,17,6,18,32,24,8,79,34,20,21,4,34,26,8,20,18,2,24,12,12,50,20,30
S01011149,545,57,31,26,62,13,13,21,15,295,5,4,252,13,21,18,13,5,49,16,8,18,7,16,13,3,15,12,3,12,7,5,21,3,18
S01011150,247,29,26,3,27,5,5,12,5,77,6,4,51,3,13,10,10,0,24,3,13,3,5,23,21,2,13,12,1,15,6,9,29,3,26
S01011151,275,22,13,9,25,2,12,6,5,114,2,5,91,3,13,22,16,6,26,4,7,11,4,19,13,6,13,12,1,9,3,6,25,4,21
S01011152,332,34,16,18,75,15,14,25,21,72,3,8,27,20,14,24,19,5,44,4,12,11,17,27,19,8,17,16,1,13,6,7,26,5,21
S01011153,385,31,19,12,56,15,15,17,9,54,4,8,23,4,15,26,21,5,66,14,10,22,20,46,36,10,27,23,4,33,19,14,46,9,37
S01011154,248,13,6,7,32,6,10,10,6,29,9,4,8,5,3,25,17,8,35,5,7,14,9,26,18,8,15,11,4,27,15,12,46,7,39
S01011155,274,18,9,9,46,6,12,20,8,35,5,5,15,2,8,23,15,8,49,6,8,19,16,18,9,9,28,24,4,18,5,13,39,8,31
S01011156,307,18,12,6,38,6,12,13,7,47,11,4,19,1,12,28,19,9,46,6,19,15,6,34,31,3,38,29,9,26,10,16,32,6,26
S01011157,304,22,9,13,36,6,11,12,7,51,13,2,22,1,13,37,30,7,56,7,23,10,16,30,20,10,22,16,6,17,6,11,33,8,25
S01011158,228,24,16,8,72,11,15,28,18,33,1,4,7,8,13,18,11,7,20,2,4,8,6,11,11,0,22,19,3,9,6,3,19,4,15
S01011159,222,10,6,4,19,1,6,7,5,30,4,2,14,3,7,14,10,4,29,6,10,9,4,23,20,3,28,16,12,27,7,20,42,8,34
S01011160,479,33,21,12,43,8,16,14,5,72,10,9,35,1,17,38,25,13,78,11,20,32,15,61,49,12,48,28,20,32,16,16,74,22,52
S01011161,301,10,9,1,14,2,10,0,2,28,2,2,11,5,8,20,13,7,48,6,10,24,8,39,23,16,45,39,6,43,21,22,54,13,41
S01011162,200,12,10,2,22,3,7,10,2,27,7,2,11,5,2,16,12,4,21,0,10,6,5,23,15,8,24,18,6,22,13,9,33,7,26
S01011163,406,15,10,5,14,1,4,6,3,35,11,5,13,2,4,33,27,6,75,10,14,28,23,40,32,8,61,55,6,44,22,22,89,16,73
S01011164,341,25,16,9,54,6,17,20,11,61,12,5,30,4,10,41,34,7,37,7,8,14,8,32,22,10,34,27,7,24,9,15,33,12,21
S01011165,311,13,6,7,25,6,3,13,3,26,5,3,9,2,7,33,28,5,46,2,15,21,8,41,30,11,44,31,13,34,19,15,49,19,30
S01011166,235,18,8,10,40,4,13,15,8,31,3,5,14,2,7,25,18,7,34,8,15,6,5,24,15,9,28,21,7,16,7,9,19,3,16
S01011167,358,35,17,18,93,14,27,30,22,53,3,7,14,13,16,38,27,11,52,11,12,17,12,23,14,9,13,11,2,26,14,12,25,8,17
S01011168,429,55,27,28,56,8,15,13,20,54,7,6,13,11,17,37,24,13,106,41,18,30,17,27,19,8,27,18,9,29,13,16,38,17,21
S01011169,522,47,30,17,78,15,27,20,16,113,8,5,73,6,21,56,45,11,70,11,28,19,12,49,41,8,41,34,7,20,6,14,48,11,37
S01011170,432,58,40,18,74,8,21,24,21,72,13,6,19,13,21,30,24,6,67,20,19,16,12,33,25,8,32,24,8,21,14,7,45,17,28
S01011171,463,68,23,45,62,8,17,30,7,37,2,5,2,10,18,42,26,16,104,30,18,37,19,48,26,22,23,22,1,30,17,13,49,9,40
S01011172,351,33,11,22,44,6,14,17,7,35,3,9,1,5,17,30,21,9,90,35,14,24,17,25,22,3,19,19,0,28,16,12,47,13,34
S01011173,236,36,17,19,30,7,6,8,9,23,1,4,0,10,8,24,18,6,50,9,5,25,11,32,21,11,7,6,1,15,12,3,19,3,16
S01011174,186,23,4,19,18,2,3,8,5,20,3,2,2,4,9,14,12,2,44,15,5,9,15,25,14,11,8,8,0,11,4,7,23,6,17
S01011175,217,16,5,11,28,2,12,8,6,10,1,4,3,1,1,20,8,12,40,5,9,19,7,34,24,10,16,16,0,17,9,8,36,8,28
S01011176,225,34,8,26,29,6,8,9,6,19,2,3,0,6,8,33,23,10,48,6,12,21,9,11,5,6,12,12,0,15,4,11,24,11,13
S01011177,423,57,17,40,46,4,16,18,8,33,4,3,6,7,13,30,21,9,65,15,9,20,21,54,39,15,32,31,1,36,14,22,70,11,59
S01011178,218,27,15,12,25,6,10,6,3,40,4,2,16,4,14,19,12,7,27,6,5,8,8,20,14,6,16,13,3,19,5,14,25,6,19
S01011179,281,13,7,6,19,7,5,3,4,22,5,2,4,2,9,23,18,5,41,5,17,13,6,33,28,5,28,19,9,32,16,16,70,12,58
S01011180,220,9,3,6,14,5,6,2,1,15,2,2,3,1,7,15,12,3,33,2,6,20,5,34,23,11,22,21,1,30,18,12,48,7,41
S01011181,254,29,10,19,46,10,16,13,7,25,4,0,5,6,10,20,14,6,59,26,12,16,5,17,14,3,14,10,4,18,7,11,26,9,17
S01011182,219,29,20,9,36,9,9,9,9,31,5,6,7,2,11,18,17,1,42,10,16,12,4,9,7,2,13,12,1,16,9,7,25,4,21
S01011183,265,28,21,7,45,9,16,10,10,28,6,2,7,1,12,26,18,8,37,6,13,13,5,26,20,6,26,23,3,24,14,10,25,2,23
S01011184,428,45,28,17,75,12,18,29,16,79,9,5,20,1,44,59,44,15,44,3,23,13,5,34,22,12,43,36,7,25,18,7,24,3,21
S01011185,320,22,12,10,51,13,18,9,11,44,10,8,5,2,19,46,39,7,41,3,22,10,6,26,19,7,30,23,7,24,13,11,36,11,25
S01011186,387,20,13,7,57,19,9,17,12,53,8,9,8,4,24,61,49,12,44,4,23,11,6,37,32,5,32,26,6,39,17,22,44,8,36
S01011187,346,21,15,6,61,11,19,18,13,50,12,5,11,1,21,45,30,15,43,3,21,14,5,29,24,5,42,39,3,29,17,12,26,2,24
S01011188,422,20,12,8,35,6,15,6,8,55,16,8,7,5,19,43,32,11,62,3,18,26,15,53,41,12,47,41,6,44,30,14,63,9,54
S01011189,400,36,20,16,53,10,18,13,12,57,12,7,10,1,27,44,41,3,61,3,27,19,12,47,34,13,44,36,8,23,11,12,35,5,30
S01011190,264,12,10,2,19,2,8,3,6,32,9,3,7,0,13,31,20,11,43,3,16,14,10,24,22,2,31,24,7,34,18,16,38,11,27
S01011191,240,15,9,6,21,4,9,2,6,15,4,3,3,1,4,24,17,7,37,2,11,19,5,41,28,13,28,23,5,22,10,12,37,8,29
S01011192,335,15,6,9,27,2,13,4,8,25,3,4,3,4,11,38,31,7,46,1,19,20,6,44,30,14,34,24,10,54,31,23,52,6,46
S01011193,287,19,12,7,22,5,6,3,8,27,7,4,7,1,8,25,20,5,36,1,13,13,9,41,30,11,31,22,9,28,16,12,58,9,49
S01011194,275,20,14,6,16,7,1,3,5,24,3,4,3,5,9,25,18,7,38,1,10,17,10,37,27,10,33,29,4,23,7,16,59,8,51
S01011195,352,12,9,3,22,3,10,3,6,36,13,7,4,0,12,43,34,9,42,0,23,13,6,54,41,13,45,39,6,49,23,26,49,3,46
S01011196,357,18,8,10,27,3,12,6,6,29,3,3,8,4,11,41,37,4,46,7,17,17,5,44,32,12,47,41,6,46,26,20,59,8,51
S01011197,314,15,10,5,26,6,9,5,6,23,4,4,6,1,8,31,24,7,38,3,16,16,3,44,32,12,39,34,5,42,15,27,56,5,51
S01011198,264,12,9,3,16,1,8,5,2,29,10,7,1,2,9,22,17,5,40,2,12,20,6,39,31,8,31,26,5,38,15,23,37,7,30
S01011199,367,23,17,6,26,5,11,6,4,44,9,6,10,2,17,44,41,3,51,3,15,25,8,56,45,11,42,40,2,43,20,23,38,6,32
S01011200,355,16,11,5,43,6,18,6,13,39,4,9,6,1,19,40,36,4,55,2,20,26,7,44,36,8,35,30,5,45,23,22,38,4,34
S01011201,297,23,13,10,30,5,12,6,7,33,5,4,6,5,13,35,27,8,37,1,19,10,7,41,35,6,33,27,6,38,18,20,27,4,23
S01011202,377,22,14,8,33,4,12,12,5,44,3,11,12,1,17,37,26,11,56,5,20,13,18,47,34,13,46,37,9,40,16,24,52,10,42
S01011203,381,28,18,10,45,12,15,11,7,36,6,4,8,0,18,47,37,10,55,5,24,12,14,54,39,15,46,38,8,36,15,21,34,7,27
S01011204,296,29,16,13,52,12,12,13,15,49,9,6,8,3,23,35,28,7,32,2,11,11,8,31,21,10,30,22,8,18,9,9,20,1,19
S01011205,392,43,28,15,69,23,24,12,10,77,12,9,15,4,37,39,32,7,39,0,18,16,5,29,20,9,37,27,10,30,20,10,29,4,25
S01011206,397,34,22,12,75,11,25,22,17,56,10,5,10,4,27,50,43,7,54,4,18,22,10,33,26,7,34,27,7,28,15,13,33,4,29
S01011207,353,27,19,8,57,17,13,16,11,42,6,8,7,1,20,39,30,9,41,6,23,9,3,41,30,11,34,28,6,42,21,21,30,7,23
S01011208,523,56,44,12,86,24,31,14,17,71,8,6,23,4,30,65,56,9,57,0,26,25,6,48,37,11,59,55,4,43,23,20,38,7,31
S01011209,276,17,13,4,25,8,9,1,7,30,4,4,8,3,11,34,27,7,43,3,17,20,3,34,24,10,26,21,5,27,19,8,40,8,32
S01011210,368,68,43,25,78,17,19,18,24,59,10,7,9,7,26,23,17,6,31,2,16,10,3,23,12,11,40,36,4,22,15,7,24,1,23
S01011211,380,35,23,12,69,15,28,12,14,63,10,3,14,6,30,46,39,7,45,5,18,15,7,31,23,8,44,41,3,26,16,10,21,3,18
S01011212,226,9,4,5,8,3,3,1,1,15,1,3,4,1,6,20,17,3,37,2,16,10,9,32,25,7,26,24,2,27,10,17,52,5,47
S01011213,417,23,11,12,38,6,15,6,11,28,6,4,5,3,10,45,30,15,47,2,22,12,11,52,40,12,52,47,5,53,29,24,79,6,73
S01011214,312,13,9,4,15,1,7,3,4,32,10,8,3,2,9,36,30,6,37,1,8,21,7,37,22,15,34,31,3,31,13,18,77,14,63
S01011215,201,10,4,6,8,1,4,3,0,20,7,4,1,1,7,15,12,3,27,4,2,13,8,46,27,19,23,17,6,18,13,5,34,2,32
S01011216,183,7,4,3,11,0,4,6,1,19,1,4,4,0,10,23,15,8,27,3,10,9,5,28,17,11,19,15,4,20,11,9,29,6,23
S01011217,295,12,8,4,19,5,6,5,3,31,9,3,3,4,12,38,30,8,30,2,8,11,9,46,31,15,37,28,9,27,13,14,55,6,49
S01011218,214,6,4,2,12,3,4,3,2,20,5,5,2,1,7,21,16,5,26,1,7,8,10,30,25,5,28,26,2,19,8,11,52,6,46
S01011219,317,13,10,3,15,5,2,3,5,24,4,4,3,1,12,28,22,6,46,5,13,15,13,38,29,9,47,37,10,39,18,21,67,11,56
S01011220,365,13,9,4,31,6,15,4,6,33,4,9,4,4,12,29,24,5,52,3,15,23,11,44,35,9,53,46,7,45,27,18,65,8,57
S01011221,428,13,11,2,38,5,11,11,11,32,5,5,8,3,11,50,37,13,67,6,26,22,13,56,43,13,52,42,10,43,17,26,77,13,64
S01011222,275,16,9,7,16,4,5,3,4,32,8,7,4,0,13,34,31,3,40,0,16,15,9,31,25,6,23,19,4,29,14,15,54,9,45
S01011223,366,16,8,8,40,6,18,4,12,48,13,4,10,4,17,38,34,4,43,1,18,16,8,62,53,9,40,31,9,38,25,13,41,6,35
S01011224,268,26,15,11,20,6,7,4,3,18,5,2,2,2,7,24,20,4,43,2,18,17,6,36,28,8,33,27,6,29,12,17,39,4,35
S01011225,253,19,13,6,28,5,12,6,5,20,5,3,0,1,11,18,14,4,28,3,7,11,7,44,27,17,37,28,9,19,11,8,40,3,37
S01011226,411,30,16,14,69,14,15,19,21,57,12,5,8,2,30,52,40,12,50,1,26,16,7,44,31,13,40,31,9,33,17,16,36,4,32
S01011227,320,20,10,10,53,13,13,15,12,55,11,11,7,5,21,29,22,7,46,3,14,18,11,29,20,9,28,23,5,27,18,9,33,4,29
S01011228,308,19,13,6,31,3,14,7,7,44,8,8,8,6,14,36,25,11,53,1,23,10,19,32,21,11,33,29,4,14,8,6,46,5,41
S01011229,166,13,5,8,16,5,5,3,3,25,5,3,3,2,12,17,14,3,22,4,8,7,3,17,12,5,20,17,3,9,6,3,27,2,25
S01011230,261,5,2,3,19,3,8,3,5,23,3,5,6,2,7,20,16,4,24,5,5,11,3,38,24,14,29,22,7,35,23,12,68,12,56
S01011231,207,11,5,6,9,3,5,0,1,20,4,2,2,0,12,17,12,5,25,2,7,8,8,26,18,8,38,33,5,19,13,6,42,10,32
S01011232,446,41,20,21,59,11,14,15,19,69,9,10,7,10,33,39,28,11,47,3,24,12,8,39,32,7,40,31,9,57,39,18,55,8,47
S01011233,119,9,4,5,19,3,9,3,4,14,1,5,1,2,5,15,12,3,18,3,6,4,5,14,10,4,15,12,3,8,3,5,7,1,6
S01011234,364,17,7,10,36,8,11,11,6,31,8,8,4,6,5,37,30,7,48,1,22,22,3,49,41,8,34,33,1,48,21,27,64,5,59
S01011235,121,6,3,3,10,2,4,3,1,11,2,3,1,3,2,16,14,2,15,0,8,5,2,22,18,4,8,6,2,17,9,8,16,2,14
S01011236,236,13,6,7,24,3,7,7,7,26,6,7,3,1,9,22,20,2,32,1,13,11,7,37,28,9,22,19,3,23,14,9,37,8,29
S01011237,277,11,5,6,25,3,13,3,6,32,6,10,6,0,10,26,23,3,43,1,18,15,9,42,34,8,40,32,8,17,4,13,41,8,33
S01011238,216,11,3,8,18,4,6,5,3,25,1,7,0,2,15,19,17,2,32,1,13,9,9,22,15,7,25,21,4,17,8,9,47,6,41
S01011239,253,16,9,7,15,5,4,3,3,24,9,4,3,2,6,29,24,5,31,4,17,8,2,41,36,5,24,20,4,28,14,14,45,8,37
S01011240,248,15,6,9,30,6,13,6,5,24,6,5,2,1,10,33,31,2,30,2,12,10,6,38,32,6,17,7,10,22,16,6,39,7,32
S01011241,406,34,18,16,72,16,18,21,17,37,8,7,3,4,15,30,25,5,66,1,30,22,13,56,43,13,39,35,4,37,19,18,35,9,26
S01011242,298,16,9,7,44,11,11,12,10,34,6,8,10,1,9,34,31,3,47,5,22,11,9,40,35,5,34,27,7,14,3,11,35,3,32
S01011243,283,15,7,8,33,5,8,12,8,21,2,8,1,2,8,25,20,5,40,4,14,11,11,43,32,11,31,25,6,32,9,23,43,11,32
S01011244,246,11,5,6,16,4,3,3,6,20,2,4,0,2,12,30,27,3,28,0,15,9,4,52,42,10,29,22,7,24,8,16,36,10,26
S01011245,305,21,10,11,18,4,5,6,3,31,0,10,3,6,12,32,25,7,36,2,12,15,7,68,54,14,23,17,6,27,13,14,49,4,45
S01011246,415,44,19,25,65,13,16,17,19,58,13,9,3,6,27,42,38,4,44,4,9,20,11,56,44,12,34,28,6,29,17,12,43,3,40
S01011247,340,24,14,10,82,19,13,25,25,42,13,6,4,2,17,39,28,11,39,4,20,10,5,41,34,7,20,17,3,25,10,15,28,2,26
S01011248,386,31,21,10,55,14,17,10,14,39,13,7,5,1,13,52,44,8,43,4,18,10,11,54,44,10,43,36,7,27,17,10,42,6,36
S01011249,368,25,16,9,61,16,12,21,12,56,11,4,7,5,29,47,35,12,42,1,19,13,9,42,31,11,39,27,12,26,12,14,30,4,26
S01011250,422,20,13,7,37,7,15,7,8,35,4,13,4,2,12,37,34,3,51,3,17,16,15,87,71,16,50,43,7,41,16,25,64,9,55
S01011251,365,20,13,7,29,2,16,6,5,35,4,6,11,5,9,25,22,3,58,1,21,18,18,64,49,15,34,30,4,39,17,22,61,7,54
S01011252,307,19,12,7,13,5,3,1,4,20,2,6,2,1,9,25,22,3,27,2,8,7,10,68,57,11,40,34,6,37,17,20,58,10,48
S01011253,324,14,2,12,16,6,5,3,2,19,3,3,4,1,8,24,17,7,45,3,10,16,16,55,47,8,41,37,4,33,19,14,77,15,62
S01011254,527,43,31,12,79,22,15,29,13,75,13,8,12,3,39,74,56,18,60,1,36,19,4,59,51,8,56,43,13,42,23,19,39,6,33
S01011255,423,30,22,8,94,15,22,29,28,88,19,6,20,2,41,43,31,12,49,0,31,10,8,32,23,9,43,38,5,22,12,10,22,1,21
S01011256,249,32,25,7,41,7,9,17,8,27,6,3,7,2,9,37,29,8,40,2,18,12,8,17,10,7,19,14,5,19,14,5,17,5,12
S01011257,160,19,10,9,32,4,5,15,8,23,6,3,2,4,8,20,14,6,16,1,6,4,5,15,12,3,10,9,1,11,3,8,14,3,11
S01011258,267,21,11,10,55,10,20,11,14,48,10,7,7,3,21,27,21,6,36,2,10,18,6,27,21,6,19,17,2,14,9,5,20,4,16
S01011259,313,24,14,10,44,5,7,18,14,40,9,13,4,2,12,39,33,6,39,1,14,17,7,44,37,7,34,28,6,25,9,16,24,10,14
S01011260,302,18,10,8,62,13,17,23,9,48,9,8,4,5,22,36,31,5,32,0,19,10,3,32,28,4,29,22,7,20,11,9,25,4,21
S01011261,268,12,6,6,13,2,4,5,2,26,7,4,4,2,9,17,14,3,41,2,12,15,12,50,41,9,27,22,5,35,17,18,47,6,41
S01011262,205,10,7,3,15,3,3,2,7,27,4,3,6,4,10,23,17,6,32,2,12,14,4,35,27,8,30,27,3,13,6,7,20,1,19
S01011263,524,32,20,12,69,19,18,14,18,68,10,11,19,6,22,73,61,12,57,2,26,23,6,71,55,16,51,43,8,49,31,18,54,8,46
S01011264,267,16,15,1,16,1,8,5,2,22,7,3,3,1,8,19,16,3,38,2,16,10,10,39,24,15,35,32,3,28,13,15,54,7,47
S01011265,376,15,10,5,16,1,9,4,2,28,3,8,4,2,11,38,31,7,51,4,16,21,10,58,48,10,58,49,9,44,20,24,68,9,59
S01011266,378,15,9,6,31,6,10,9,6,42,15,7,7,1,12,33,24,9,55,4,28,13,10,47,39,8,53,45,8,44,22,22,58,10,48
S01011267,246,16,10,6,43,7,12,11,13,36,4,7,8,2,15,18,16,2,32,0,14,13,5,28,23,5,27,17,10,18,12,6,28,6,22
S01011268,160,8,6,2,28,4,11,5,8,19,3,1,3,3,9,17,14,3,29,1,12,10,6,13,11,2,15,14,1,11,7,4,20,2,18
S01011269,187,7,5,2,22,2,8,7,5,22,2,7,6,1,6,24,19,5,26,1,12,8,5,26,17,9,16,14,2,18,8,10,26,6,20
S01011270,284,10,8,2,19,1,14,1,3,27,5,7,5,1,9,28,25,3,43,0,17,16,10,53,43,10,32,24,8,34,15,19,38,7,31
S01011271,297,19,10,9,26,5,9,5,7,26,4,4,2,2,14,20,19,1,52,5,20,17,10,49,45,4,42,34,8,26,10,16,37,6,31
S01011272,289,12,11,1,33,4,6,9,14,18,7,2,2,1,6,30,26,4,51,5,22,14,10,32,28,4,29,26,3,36,17,19,48,7,41
S01011273,319,11,7,4,16,3,7,1,5,39,5,12,13,2,7,29,24,5,46,2,20,16,8,44,35,9,49,43,6,33,11,22,52,8,44
S01011274,351,16,9,7,19,5,5,4,5,39,4,9,10,6,10,36,26,10,58,1,30,19,8,41,33,8,44,34,10,41,22,19,57,8,49
S01011275,231,12,7,5,7,2,2,1,2,18,2,4,3,2,7,18,16,2,30,0,11,16,3,40,34,6,37,32,5,29,12,17,40,6,34
S01011276,370,14,9,5,28,10,10,2,6,38,6,9,6,1,16,37,32,5,62,5,29,18,10,61,49,12,34,30,4,41,24,17,55,9,46
S01011277,371,30,18,12,52,10,21,13,8,50,10,8,13,1,18,45,39,6,44,0,23,12,9,40,30,10,42,34,8,35,19,16,33,5,28
S01011278,307,14,10,4,44,15,15,12,2,45,11,3,7,3,21,52,45,7,48,1,25,16,6,31,24,7,30,22,8,26,17,9,17,4,13
S01011279,322,24,14,10,52,8,18,14,12,47,9,13,9,1,15,50,46,4,46,3,31,8,4,30,22,8,33,30,3,16,7,9,24,3,21
S01011280,283,29,19,10,54,8,9,25,12,33,5,4,3,1,20,34,24,10,30,2,14,9,5,28,19,9,32,28,4,22,17,5,21,2,19
S01011281,346,35,24,11,65,19,18,12,16,64,11,7,10,4,32,41,32,9,39,0,13,17,9,30,21,9,23,18,5,22,9,13,27,5,22
S01011282,495,37,32,5,87,18,25,28,16,86,16,13,23,5,29,69,53,16,64,3,35,16,10,50,35,15,41,32,9,39,20,19,22,6,16
S01011283,426,42,26,16,96,25,22,30,19,61,8,14,13,3,23,63,51,12,55,3,25,19,8,22,18,4,30,22,8,34,16,18,23,4,19
S01011284,348,52,42,10,74,11,25,20,18,57,7,5,10,2,33,46,35,11,43,1,25,11,6,19,14,5,18,14,4,20,14,6,19,4,15
S01011285,307,10,5,5,28,4,9,10,5,27,7,5,7,2,6,29,27,2,35,3,10,15,7,51,38,13,47,39,8,27,12,15,53,8,45
S01011286,289,16,6,10,22,3,9,5,5,28,3,3,4,7,11,37,36,1,40,2,16,5,17,41,30,11,31,28,3,27,13,14,47,8,39
S01011287,330,20,10,10,32,5,20,3,4,25,4,6,6,3,6,30,23,7,35,4,13,14,4,56,46,10,42,33,9,38,19,19,52,8,44
S01011288,323,19,13,6,19,5,7,5,2,29,6,9,4,3,7,33,27,6,39,3,14,17,5,41,39,2,53,43,10,33,20,13,57,8,49
S01011289,378,16,8,8,23,3,12,5,3,31,3,8,4,1,15,38,29,9,58,2,31,15,10,70,58,12,43,35,8,45,18,27,54,7,47
S01011290,443,23,14,9,47,8,18,13,8,35,8,6,2,7,12,39,28,11,68,5,26,23,14,63,48,15,38,33,5,59,27,32,71,8,63
S01011291,329,22,13,9,35,8,13,8,6,42,10,7,5,2,18,35,30,5,38,3,17,9,9,34,27,7,41,34,7,32,22,10,50,13,37
S01011292,239,6,3,3,16,3,4,2,7,13,4,3,1,1,4,14,11,3,38,3,16,13,6,41,36,5,32,26,6,34,27,7,45,7,38
S01011293,295,10,5,5,16,5,8,2,1,30,7,7,3,6,7,20,17,3,44,3,15,15,11,39,33,6,27,24,3,41,21,20,68,15,53
S01011294,275,21,12,9,32,6,9,7,10,22,4,5,2,4,7,26,23,3,44,3,15,19,7,39,32,7,18,14,4,34,18,16,39,5,34
S01011295,435,36,23,13,90,19,22,23,26,61,16,4,11,3,27,60,50,10,51,1,30,10,10,34,26,8,36,23,13,36,18,18,31,8,23
S01011296,220,15,8,7,31,5,8,16,2,24,4,3,3,6,8,22,17,5,22,3,9,8,2,34,24,10,23,21,2,20,11,9,29,4,25
S01011297,362,15,11,4,19,2,7,5,5,22,5,5,4,3,5,36,30,6,50,6,14,22,8,52,38,14,65,52,13,38,16,22,65,12,53
S01011298,230,10,7,3,17,1,7,4,5,23,1,7,4,4,7,23,19,4,25,3,8,10,4,29,25,4,35,29,6,33,14,19,35,8,27
S01011299,267,32,18,14,36,4,8,13,11,30,1,8,4,5,12,26,19,7,59,25,18,9,7,18,12,6,19,17,2,22,8,14,25,12,13
S01011300,359,12,6,6,22,5,4,7,6,35,9,7,9,2,8,41,33,8,54,1,29,20,4,48,35,13,26,21,5,52,23,29,69,18,51
S01011301,329,30,22,8,58,9,21,17,11,47,10,1,8,9,19,48,40,8,47,2,21,13,11,27,24,3,19,15,4,28,15,13,25,5,20
S01011302,293,22,16,6,21,5,7,4,5,26,2,10,3,2,9,36,31,5,43,2,13,20,8,46,35,11,20,15,5,36,15,21,43,11,32
S01011303,523,44,28,16,83,18,18,30,17,86,19,17,13,11,26,67,52,15,75,3,46,23,3,39,32,7,37,27,10,44,29,15,48,11,37
S01011304,280,19,13,6,24,4,8,7,5,24,4,3,5,1,11,26,20,6,37,3,10,11,13,37,25,12,30,27,3,44,27,17,39,14,25
S01011305,365,24,15,9,56,11,21,13,11,53,12,7,11,1,22,25,19,6,46,0,28,13,5,35,25,10,37,32,5,41,24,17,48,16,32
S01011306,201,24,18,6,27,6,7,9,5,16,4,4,1,2,5,23,21,2,27,0,14,8,5,21,16,5,15,10,5,22,14,8,26,10,16
S01011307,219,27,17,10,32,7,10,9,6,26,3,5,6,3,9,22,17,5,55,30,12,9,4,18,16,2,11,8,3,16,4,12,12,7,5
S01011308,221,39,21,18,51,8,13,12,18,33,4,3,2,8,16,12,11,1,40,20,9,8,3,11,8,3,10,7,3,17,8,9,8,3,5
S01011309,311,43,27,16,90,26,11,29,24,54,13,3,3,7,28,35,18,17,26,4,10,7,5,22,16,6,17,12,5,11,6,5,13,1,12
S01011310,297,20,7,13,53,9,8,20,16,56,10,5,10,8,23,28,27,1,38,4,15,13,6,29,21,8,20,15,5,23,14,9,30,4,26
S01011311,333,56,29,27,71,12,18,20,21,56,5,14,4,8,25,39,33,6,34,3,17,8,6,17,14,3,21,20,1,17,9,8,22,3,19
S01011312,476,85,47,38,125,19,38,29,39,76,9,10,4,12,41,58,39,19,51,4,22,19,6,27,17,10,23,21,2,17,11,6,14,0,14
S01011313,328,33,19,14,55,11,15,17,12,61,9,13,8,10,21,39,32,7,32,4,10,10,8,28,20,8,24,17,7,23,12,11,33,1,32
S01011314,515,49,30,19,130,29,30,40,31,74,7,11,10,11,35,56,45,11,60,7,27,16,10,45,34,11,27,23,4,28,15,13,46,4,42
S01011315,170,9,3,6,28,3,7,8,10,18,3,3,1,1,10,6,4,2,23,1,14,5,3,25,19,6,13,12,1,15,4,11,33,6,27
S01011316,290,18,8,10,32,5,9,12,6,30,4,5,4,4,13,33,25,8,45,5,14,19,7,40,34,6,23,19,4,25,11,14,44,5,39
S01011317,260,42,20,22,57,9,18,15,15,37,3,6,4,4,20,36,25,11,36,2,17,9,8,16,9,7,12,11,1,9,6,3,15,1,14
S01011318,355,48,26,22,72,25,16,14,17,58,8,7,6,12,25,37,30,7,33,4,7,10,12,30,22,8,27,19,8,17,7,10,33,3,30
S01011319,318,30,19,11,73,11,23,23,16,46,3,9,6,6,22,41,26,15,39,2,25,5,7,25,12,13,29,25,4,13,6,7,22,2,20
S01011320,211,18,8,10,20,4,5,6,5,31,4,5,4,6,12,30,22,8,23,2,9,6,6,28,23,5,22,16,6,17,4,13,22,2,20
S01011321,326,19,14,5,56,14,13,18,11,36,9,5,4,2,16,35,24,11,43,2,17,11,13,44,35,9,35,26,9,16,5,11,42,3,39
S01011322,296,17,12,5,44,6,12,14,12,50,5,6,13,4,22,30,23,7,49,4,19,13,13,37,32,5,20,15,5,8,3,5,41,4,37
S01011323,412,24,11,13,47,20,11,6,10,44,9,5,11,4,15,39,29,10,63,14,17,19,13,63,42,21,41,32,9,31,16,15,60,5,55
S01011324,187,19,15,4,30,9,7,9,5,15,5,2,2,3,3,26,23,3,21,4,6,4,7,16,8,8,26,20,6,9,1,8,25,2,23
S01011325,293,21,11,10,31,9,11,5,6,24,5,2,3,5,9,25,18,7,39,3,8,14,14,52,27,25,32,23,9,19,9,10,50,3,47
S01011326,272,27,14,13,34,9,15,4,6,29,4,5,2,6,12,19,17,2,25,5,8,7,5,41,27,14,40,34,6,16,6,10,41,3,38
S01011327,233,23,10,13,31,11,11,6,3,20,4,2,4,5,5,27,17,10,37,1,11,11,14,41,32,9,10,10,0,7,0,7,37,0,37
S01011328,277,38,12,26,38,7,12,12,7,26,5,4,5,5,7,22,11,11,49,13,12,12,12,41,35,6,17,16,1,10,3,7,36,3,33
S01011329,339,29,14,15,60,17,17,15,11,36,9,6,6,2,13,41,32,9,34,1,11,14,8,30,19,11,29,22,7,39,16,23,41,0,41
S01011330,311,29,21,8,67,19,12,22,14,40,6,3,10,3,18,46,33,13,29,2,10,11,6,35,25,10,19,16,3,23,11,12,23,5,18
S01011331,265,33,24,9,74,20,13,27,14,40,4,7,7,1,21,33,28,5,23,1,7,10,5,16,13,3,18,13,5,14,6,8,14,3,11
S01011332,374,39,15,24,87,23,18,19,27,71,15,13,7,10,26,40,29,11,36,1,21,8,6,38,23,15,26,19,7,18,8,10,19,5,14
S01011333,260,40,22,18,86,14,16,25,31,40,5,4,1,4,26,27,19,8,16,0,6,8,2,11,9,2,21,17,4,8,7,1,11,5,6
S01011334,384,54,30,24,76,16,21,24,15,47,7,3,5,6,26,36,32,4,77,41,14,17,5,31,22,9,16,13,3,21,10,11,26,6,20
S01011335,384,51,31,20,111,25,24,37,25,49,13,5,4,5,22,49,38,11,37,7,10,10,10,22,14,8,28,22,6,15,7,8,22,3,19
S01011336,262,21,15,6,41,11,9,14,7,31,6,7,6,2,10,26,22,4,33,5,12,10,6,29,23,6,35,25,10,21,6,15,25,2,23
S01011337,316,55,33,22,80,19,16,22,23,54,6,3,5,16,24,37,24,13,29,2,14,8,5,10,8,2,16,13,3,13,7,6,22,9,13
S01011338,295,21,13,8,45,7,17,12,9,36,8,6,8,2,12,26,19,7,33,0,14,9,10,37,31,6,25,23,2,34,19,15,38,13,25
S01011339,229,6,4,2,18,6,6,6,0,21,2,4,3,0,12,22,14,8,34,10,11,8,5,39,31,8,25,20,5,35,24,11,29,6,23
S01011340,272,14,7,7,18,2,6,6,4,13,3,6,2,1,1,31,28,3,39,5,10,19,5,55,39,16,30,21,9,27,11,16,45,13,32
S01011341,332,20,15,5,53,6,18,15,14,31,8,6,2,3,12,44,39,5,51,2,26,14,9,48,26,22,25,23,2,24,10,14,36,10,26
S01011342,333,34,23,11,47,8,13,16,10,34,5,5,8,3,13,55,39,16,48,1,26,13,8,29,19,10,26,16,10,34,19,15,26,3,23
S01011343,326,15,5,10,19,5,3,6,5,34,3,8,6,2,15,33,22,11,45,3,22,15,5,59,41,18,25,21,4,54,31,23,42,7,35
S01011344,323,11,9,2,20,1,10,3,6,20,5,5,2,0,8,24,21,3,54,8,17,20,9,45,34,11,39,31,8,52,26,26,58,10,48
S01011345,309,17,11,6,16,3,9,0,4,24,4,5,2,2,11,20,17,3,42,1,18,15,8,52,42,10,36,34,2,40,23,17,62,15,47
S01011346,291,14,10,4,13,1,5,3,4,29,2,6,6,1,14,30,22,8,41,4,17,13,7,46,37,9,29,26,3,36,20,16,53,18,35
S01011347,432,26,15,11,40,12,11,6,11,47,6,9,5,8,19,44,38,6,63,5,30,23,5,61,46,15,61,52,9,50,24,26,40,6,34
S01011348,373,24,18,6,51,9,13,18,11,42,5,6,5,5,21,47,41,6,49,1,25,11,12,40,33,7,41,32,9,46,16,30,33,5,28
S01011349,555,48,35,13,82,20,21,22,19,78,8,13,17,4,36,84,72,12,62,1,37,13,11,55,41,14,41,35,6,53,19,34,52,8,44
S01011350,318,35,21,14,64,10,21,15,18,43,5,6,8,4,20,52,47,5,31,2,15,11,3,24,18,6,30,23,7,24,12,12,15,1,14
S01011351,265,7,5,2,15,5,6,1,3,23,6,7,3,0,7,36,29,7,43,2,17,20,4,32,25,7,33,29,4,29,12,17,47,6,41
S01011352,301,21,10,11,47,11,16,10,10,30,3,5,8,2,12,38,30,8,40,2,15,14,9,42,35,7,21,20,1,27,13,14,35,5,30
S01011353,296,19,13,6,28,9,7,6,6,27,8,4,5,2,8,34,25,9,55,2,25,15,13,38,26,12,23,16,7,29,11,18,43,5,38
S01011354,339,21,14,7,59,14,20,14,11,38,4,0,7,3,24,50,37,13,51,2,18,23,8,28,25,3,35,27,8,25,11,14,32,5,27
S01011355,440,28,23,5,42,5,12,15,10,52,5,5,8,9,25,63,51,12,68,5,35,17,11,56,45,11,40,29,11,48,15,33,43,6,37
S01011356,519,64,35,29,110,22,32,30,26,65,7,8,5,8,37,47,32,15,108,40,30,22,16,36,23,13,20,11,9,44,13,31,25,6,19
S01011357,386,36,23,13,56,8,28,13,7,40,8,2,9,3,18,53,43,10,62,2,29,23,8,51,37,14,27,17,10,30,12,18,31,4,27
S01011358,333,21,18,3,69,13,29,9,18,60,9,7,18,1,25,57,48,9,27,0,16,9,2,26,21,5,34,29,5,22,8,14,17,3,14
S01011359,298,18,12,6,37,7,14,10,6,34,7,6,4,6,11,25,22,3,43,2,24,12,5,35,28,7,23,18,5,38,11,27,45,10,35
S01011360,318,12,6,6,23,1,11,6,5,23,0,1,6,2,14,25,18,7,35,4,13,8,10,41,34,7,36,22,14,38,21,17,85,22,63
S01011361,193,8,5,3,9,1,3,3,2,7,0,1,0,3,3,9,8,1,32,2,13,13,4,18,13,5,17,14,3,41,22,19,52,20,32
S01011362,322,41,25,16,48,8,20,11,9,35,4,3,10,1,17,54,35,19,44,7,25,8,4,26,19,7,28,19,9,28,13,15,18,4,14
S01011363,358,34,26,8,52,7,14,17,14,47,13,5,2,7,20,45,37,8,52,0,23,24,5,30,23,7,38,26,12,26,12,14,34,1,33
S01011364,326,24,20,4,47,7,24,9,7,42,8,4,4,2,24,35,30,5,30,0,19,8,3,31,26,5,39,32,7,45,17,28,33,7,26
S01011365,343,38,25,13,64,9,24,18,13,56,10,7,14,0,25,61,52,9,35,1,21,12,1,28,21,7,20,14,6,24,7,17,17,3,14
S01011366,189,10,8,2,19,3,5,5,6,31,3,5,6,4,13,26,21,5,35,2,21,11,1,13,10,3,21,14,7,10,2,8,24,4,20
S01011367,360,11,8,3,39,8,15,6,10,34,8,4,2,2,18,38,29,9,57,2,29,18,8,40,30,10,50,39,11,39,15,24,52,6,46
S01011368,528,47,28,19,109,16,40,24,29,97,12,12,14,3,56,80,75,5,61,0,31,21,9,35,19,16,46,33,13,24,12,12,29,4,25
S01011369,354,13,8,5,30,5,13,5,7,42,10,9,5,3,15,43,39,4,61,1,29,22,9,45,36,9,43,31,12,28,10,18,49,7,42
S01011370,466,40,31,9,88,24,24,20,20,86,11,8,20,6,41,72,64,8,46,2,25,14,5,39,24,15,34,22,12,26,15,11,35,5,30
S01011371,397,17,11,6,35,6,11,10,8,44,9,2,6,4,23,46,39,7,37,0,12,16,9,50,34,16,47,35,12,42,10,32,79,10,69
S01011372,257,12,10,2,11,3,3,4,1,21,6,2,4,1,8,22,20,2,32,2,15,6,9,25,16,9,27,18,9,41,24,17,66,5,61
S01011373,252,15,9,6,22,2,12,1,7,24,2,1,7,3,11,26,22,4,27,2,8,12,5,30,25,5,31,25,6,25,8,17,52,10,42
S01011374,392,32,23,9,55,9,15,16,15,50,4,2,11,2,31,69,56,13,42,0,16,19,7,33,25,8,49,27,22,25,6,19,37,3,34
S01011375,310,22,14,8,49,4,18,17,10,32,2,3,5,1,21,46,38,8,32,1,15,9,7,37,26,11,32,20,12,30,13,17,30,6,24
S01011376,205,8,7,1,19,4,5,5,5,18,2,0,0,2,14,31,28,3,19,0,9,6,4,28,18,10,18,14,4,15,9,6,49,2,47
S01011377,317,32,24,8,95,12,18,33,32,53,7,4,12,6,24,43,36,7,18,1,7,8,2,25,15,10,29,19,10,10,6,4,12,2,10
S01011378,354,29,17,12,66,5,18,30,13,34,3,2,6,2,21,56,43,13,48,3,20,16,9,38,26,12,33,24,9,23,10,13,27,7,20
S01011379,526,48,34,14,122,24,28,41,29,101,8,11,22,11,49,88,72,16,34,0,19,7,8,31,18,13,51,27,24,28,13,15,23,4,19
S01011380,341,29,13,16,50,14,16,13,7,31,1,3,8,1,18,66,56,10,39,0,21,12,6,25,19,6,28,15,13,34,19,15,39,5,34
S01011381,307,31,19,12,55,11,23,14,7,54,8,2,10,7,27,44,33,11,26,1,15,7,3,23,12,11,29,14,15,17,8,9,28,1,27
S01011382,270,29,20,9,31,6,12,5,8,28,2,2,3,7,14,22,16,6,43,1,15,24,3,22,18,4,25,17,8,29,10,19,41,3,38
S01011383,232,10,5,5,11,1,3,4,3,20,5,3,2,1,9,28,19,9,28,5,14,7,2,37,27,10,22,18,4,22,10,12,54,13,41
S01011384,206,4,2,2,11,2,3,5,1,12,5,0,0,2,5,18,15,3,33,0,17,10,6,29,25,4,23,20,3,30,11,19,46,7,39
S01011385,357,13,11,2,24,4,9,4,7,24,7,1,0,2,14,25,21,4,41,5,20,13,3,64,42,22,37,24,13,41,7,34,88,13,75
S01011386,206,12,7,5,10,2,4,1,3,6,1,1,1,0,3,11,7,4,19,2,7,5,5,35,25,10,23,20,3,27,11,16,63,6,57
S01011387,302,14,7,7,49,10,25,6,8,15,3,2,0,0,10,28,24,4,43,1,24,11,7,33,24,9,35,25,10,36,12,24,49,6,43
S01011388,605,45,35,10,112,12,56,21,23,86,14,8,21,8,35,81,74,7,82,3,54,15,10,63,43,20,51,33,18,46,14,32,39,3,36
S01011389,355,25,15,10,44,7,19,13,5,38,9,5,8,2,14,49,41,8,42,5,17,11,9,34,26,8,43,31,12,27,8,19,53,5,48
S01011390,328,21,17,4,26,5,12,5,4,21,4,5,2,2,8,30,21,9,46,4,20,15,7,45,34,11,31,24,7,39,14,25,69,12,57
S01011391,284,12,7,5,16,3,6,5,2,21,5,5,2,3,6,25,21,4,42,3,17,18,4,47,31,16,46,38,8,25,11,14,50,6,44
S01011392,282,6,6,0,20,3,8,7,2,15,3,3,5,0,4,18,13,5,43,0,19,13,11,47,31,16,34,27,7,36,13,23,63,4,59
S01011393,355,31,20,11,27,3,15,5,4,31,7,3,3,2,16,54,44,10,61,2,21,25,13,33,29,4,38,31,7,37,14,23,43,10,33
S01011394,320,39,28,11,73,16,14,22,21,57,9,3,11,6,28,42,36,6,23,1,12,8,2,22,15,7,22,16,6,22,7,15,20,2,18
S01011395,324,15,10,5,32,10,10,6,6,44,7,5,2,3,27,35,33,2,46,2,22,12,10,42,32,10,42,29,13,26,9,17,42,7,35
S01011396,315,21,15,6,43,2,21,7,13,39,9,3,6,4,17,36,27,9,38,2,8,21,7,42,31,11,37,27,10,26,14,12,33,3,30
S01011397,308,26,14,12,32,7,17,1,7,44,6,10,9,1,18,35,28,7,47,2,25,12,8,26,22,4,39,34,5,23,7,16,36,4,32
S01011398,280,11,6,5,31,3,18,4,6,18,4,6,1,1,6,32,28,4,35,1,17,9,8,38,31,7,32,27,5,45,18,27,38,7,31
S01011399,218,5,4,1,13,1,8,2,2,17,2,2,5,1,7,21,21,0,27,2,8,14,3,39,34,5,32,21,11,25,7,18,39,6,33
S01011400,362,36,22,14,69,9,20,26,14,40,5,4,11,3,17,49,41,8,38,0,22,10,6,39,30,9,43,28,15,21,9,12,27,2,25
S01011401,283,32,27,5,53,8,17,14,14,35,6,7,2,1,19,40,28,12,34,1,16,12,5,24,20,4,27,20,7,18,11,7,20,4,16
S01011402,357,18,14,4,57,10,16,22,9,37,8,6,6,3,14,52,38,14,54,3,26,14,11,37,28,9,40,34,6,26,9,17,36,3,33
S01011403,279,30,21,9,33,5,11,11,6,28,5,3,6,2,12,35,29,6,39,0,23,8,8,26,21,5,36,30,6,25,11,14,27,5,22
S01011404,385,26,22,4,41,3,18,10,10,50,11,8,11,3,17,54,47,7,55,0,22,25,8,57,48,9,38,32,6,32,10,22,32,7,25
S01011405,274,25,15,10,37,8,14,4,11,39,5,1,10,3,20,43,32,11,30,2,12,10,6,26,21,5,26,17,9,26,10,16,22,5,17
S01011406,302,23,16,7,25,3,12,4,6,36,10,7,3,1,15,38,29,9,34,1,17,12,4,30,20,10,32,27,5,25,7,18,59,5,54
S01011407,519,37,25,12,61,9,28,12,12,71,13,9,15,4,30,74,63,11,69,3,31,26,9,40,27,13,58,38,20,64,23,41,45,8,37
S01011408,365,14,9,5,21,4,10,4,3,30,5,8,5,2,10,48,35,13,40,2,15,19,4,54,42,12,47,40,7,41,19,22,70,9,61
S01011409,343,14,7,7,40,6,20,6,8,23,3,4,3,3,10,45,40,5,49,1,22,10,16,42,29,13,39,35,4,34,17,17,57,4,53
S01011410,299,11,4,7,24,2,7,7,8,32,3,9,5,4,11,44,35,9,43,1,20,16,6,44,33,11,31,26,5,34,15,19,36,8,28
S01011411,307,11,7,4,34,7,18,5,4,20,1,3,5,2,9,42,34,8,49,2,21,18,8,36,29,7,37,28,9,35,15,20,43,4,39
S01011412,437,49,38,11,88,15,22,34,17,60,9,8,10,3,30,64,54,10,45,2,17,20,6,39,28,11,52,40,12,28,11,17,12,2,10
S01011413,332,18,14,4,57,3,27,15,12,49,6,10,8,5,20,63,54,9,50,0,21,20,9,23,14,9,23,18,5,25,7,18,24,4,20
S01011414,351,18,17,1,42,5,19,7,11,34,6,5,4,2,17,50,41,9,48,1,24,18,5,49,43,6,36,25,11,35,12,23,39,7,32
S01011415,440,30,25,5,71,14,36,13,8,54,10,14,8,3,19,58,50,8,70,1,37,25,7,46,36,10,46,26,20,32,12,20,33,4,29
S01011416,355,23,18,5,54,5,19,16,14,57,11,6,7,1,32,63,48,15,46,1,23,17,5,31,21,10,39,30,9,23,11,12,19,2,17
S01011417,353,19,10,9,36,6,16,8,6,42,11,4,7,2,18,48,36,12,48,0,25,16,7,50,37,13,42,33,9,27,11,16,41,7,34
S01011418,229,14,9,5,11,3,4,3,1,22,4,5,2,2,9,25,16,9,27,4,9,12,2,40,35,5,26,22,4,29,13,16,35,6,29
S01011419,255,15,6,9,24,10,9,1,4,16,3,2,1,1,9,36,31,5,41,4,15,8,14,36,26,10,26,18,8,29,6,23,32,5,27
S01011420,183,5,4,1,18,6,9,2,1,13,2,3,1,3,4,21,17,4,19,2,3,8,6,21,18,3,23,19,4,35,14,21,28,5,23
S01011421,318,38,30,8,54,4,23,11,16,39,7,4,7,5,16,48,42,6,35,3,21,8,3,28,19,9,31,22,9,24,7,17,21,3,18
S01011422,268,12,12,0,30,10,14,3,3,22,1,8,0,2,11,21,17,4,36,1,15,9,11,44,36,8,31,30,1,31,10,21,41,7,34
S01011423,171,9,8,1,25,3,10,6,6,20,0,1,4,3,12,13,11,2,19,3,9,6,1,23,15,8,12,10,2,19,7,12,31,5,26
S01011424,264,15,10,5,30,4,9,11,6,14,0,3,2,0,9,23,18,5,39,3,14,15,7,38,28,10,25,19,6,39,18,21,41,9,32
S01011425,334,22,14,8,49,2,22,18,7,33,5,3,10,2,13,37,30,7,46,3,23,11,9,33,26,7,33,30,3,44,15,29,37,8,29
S01011426,539,64,44,20,117,20,43,30,24,79,7,4,21,3,44,52,37,15,75,15,33,23,4,41,32,9,39,21,18,33,10,23,39,11,28
S01011427,293,20,11,9,42,11,19,3,9,23,5,2,1,1,14,28,24,4,44,2,19,20,3,32,26,6,29,23,6,36,15,21,39,5,34
S01011428,237,10,5,5,27,3,14,4,6,23,2,5,2,1,13,26,20,6,43,2,19,17,5,26,22,4,21,15,6,38,12,26,23,7,16
S01011429,471,40,29,11,73,8,38,11,16,54,7,6,16,3,22,31,25,6,73,18,23,25,7,42,34,8,31,25,6,47,22,25,80,27,53
S01011430,479,41,25,16,62,12,23,12,15,61,7,4,8,2,40,73,59,14,60,1,29,27,3,49,36,13,44,30,14,53,30,23,36,3,33
S01011431,471,26,17,9,38,6,22,3,7,41,6,6,3,4,22,47,39,8,77,3,33,32,9,60,48,12,50,37,13,63,34,29,69,15,54
S01011432,482,17,10,7,40,7,22,6,5,51,11,10,8,3,19,64,55,9,63,1,30,21,11,60,44,16,48,33,15,62,28,34,77,12,65
S01011433,349,9,4,5,15,1,8,2,4,22,6,2,3,5,6,27,24,3,50,4,20,11,15,50,40,10,34,25,9,75,40,35,67,19,48
S01011434,272,21,12,9,23,4,8,5,6,34,6,7,6,4,11,35,30,5,45,0,25,13,7,36,24,12,20,14,6,23,13,10,35,11,24
S01011435,500,36,27,9,103,13,39,34,17,66,19,8,6,4,29,66,48,18,60,2,35,20,3,44,35,9,45,28,17,42,20,22,38,8,30
S01011436,316,11,5,6,34,5,18,7,4,26,7,2,4,3,10,31,25,6,53,4,18,19,12,31,23,8,33,24,9,51,32,19,46,15,31
S01011437,311,14,6,8,29,4,16,4,5,28,7,5,1,2,13,36,29,7,49,2,22,20,5,34,25,9,27,16,11,53,40,13,41,12,29
S01011438,209,5,5,0,5,1,3,1,0,10,2,0,3,0,5,21,18,3,25,3,10,9,3,24,19,5,33,24,9,39,23,16,47,13,34
S01011439,395,20,11,9,35,6,16,5,8,42,9,5,7,3,18,34,29,5,47,7,20,13,7,59,41,18,38,23,15,59,31,28,61,19,42
S01011440,260,6,3,3,12,5,2,3,2,19,3,0,5,3,8,25,23,2,36,0,20,12,4,23,19,4,37,27,10,53,31,22,49,8,41
S01011441,354,21,13,8,21,4,7,6,4,18,3,4,2,1,8,42,35,7,53,0,20,28,5,24,19,5,45,32,13,65,40,25,65,10,55
S01011442,280,15,9,6,11,1,5,4,1,23,8,4,2,2,7,38,34,4,35,2,10,15,8,25,16,9,32,25,7,49,25,24,52,12,40
S01011443,254,19,11,8,16,1,8,3,4,19,7,2,1,4,5,17,11,6,24,0,8,12,4,22,16,6,38,28,10,51,23,28,48,12,36
S01011444,289,8,5,3,23,4,11,6,2,27,9,2,3,2,11,26,20,6,40,0,13,22,5,32,22,10,30,19,11,55,28,27,48,12,36
S01011445,252,19,15,4,48,13,15,9,11,29,5,5,4,0,15,27,23,4,29,2,15,11,1,22,17,5,14,9,5,36,13,23,28,7,21
S01011446,254,28,14,14,33,8,10,6,9,19,4,3,3,1,8,36,25,11,41,13,12,9,7,15,12,3,27,16,11,33,10,23,22,7,15
S01011447,385,21,12,9,30,4,13,8,5,40,7,7,10,2,14,46,33,13,42,2,18,16,6,64,51,13,40,28,12,54,17,37,48,10,38
S01011448,475,32,24,8,74,14,26,20,14,47,7,7,4,3,26,53,44,9,73,2,34,30,7,51,44,7,58,44,14,42,22,20,45,2,43
S01011449,225,10,9,1,18,3,6,5,4,21,3,5,2,1,10,26,23,3,36,0,17,11,8,29,24,5,12,9,3,32,12,20,41,13,28
S01011450,315,43,29,14,64,12,12,23,17,43,4,6,6,2,25,44,35,9,27,0,11,8,8,19,15,4,25,17,8,20,8,12,30,10,20
S01011451,387,80,48,32,72,16,22,14,20,40,3,5,2,6,24,41,32,9,42,4,19,17,2,26,17,9,38,26,12,22,10,12,26,3,23
S01011452,517,47,33,14,69,14,21,22,12,64,12,11,9,4,28,78,54,24,74,2,43,19,10,52,42,10,48,31,17,46,15,31,39,6,33
S01011453,320,19,10,9,45,7,18,11,9,24,4,4,4,1,11,38,32,6,45,2,26,11,6,30,20,10,44,32,12,41,13,28,34,6,28
S01011454,343,15,9,6,31,5,10,10,6,26,3,9,3,0,11,35,31,4,47,0,27,14,6,45,37,8,64,52,12,44,18,26,36,2,34
S01011455,300,8,2,6,25,3,11,7,4,21,5,7,1,0,8,33,27,6,37,3,19,8,7,26,20,6,40,32,8,45,14,31,65,9,56
S01011456,341,18,10,8,28,4,12,10,2,32,4,11,2,2,13,28,24,4,48,0,22,20,6,43,33,10,42,27,15,40,13,27,62,13,49
S01011457,411,8,5,3,33,6,10,10,7,30,7,4,4,4,11,50,40,10,53,3,29,15,6,57,43,14,53,46,7,42,14,28,85,14,71
S01011458,658,39,26,13,121,24,41,34,22,77,14,9,17,8,29,83,66,17,75,2,42,21,10,53,40,13,97,60,37,62,23,39,51,6,45
S01011459,561,46,31,15,77,16,23,20,18,93,11,7,19,5,51,84,75,9,57,3,28,19,7,54,42,12,71,44,27,40,11,29,39,9,30
S01011460,339,17,12,5,56,8,20,15,13,32,3,7,5,4,13,42,38,4,42,1,16,18,7,30,23,7,34,25,9,40,11,29,46,5,41
S01011461,340,16,9,7,21,4,12,3,2,27,4,5,6,1,11,43,41,2,49,3,14,24,8,42,31,11,49,36,13,43,17,26,50,4,46
S01011462,464,33,24,9,77,14,22,20,21,61,10,4,13,5,29,53,46,7,50,1,23,22,4,51,41,10,51,38,13,31,17,14,57,11,46
S01011463,340,21,10,11,46,4,11,17,14,39,8,3,14,2,12,49,38,11,42,1,19,13,9,34,26,8,33,22,11,40,14,26,36,6,30
S01011464,344,43,32,11,84,20,22,22,20,53,8,4,10,7,24,40,36,4,40,0,17,17,6,19,9,10,26,16,10,24,7,17,15,4,11
S01011465,198,6,2,4,8,2,3,1,2,23,6,5,2,0,10,24,21,3,26,4,7,5,10,20,14,6,28,17,11,25,10,15,38,2,36
S01011466,238,16,13,3,20,5,3,4,8,26,1,6,3,5,11,24,21,3,15,1,7,6,1,22,15,7,36,28,8,31,8,23,48,9,39
S01011467,261,22,13,9,44,9,12,11,12,25,9,2,3,4,7,40,33,7,21,1,9,8,3,21,12,9,32,19,13,22,5,17,34,7,27
S01011468,519,87,62,25,105,22,31,27,25,85,14,13,14,12,32,53,45,8,49,1,21,17,10,38,31,7,55,36,19,25,14,11,22,1,21
S01011469,353,22,9,13,35,8,10,9,8,23,3,2,6,1,11,31,30,1,44,2,12,20,10,42,36,6,46,31,15,49,21,28,61,13,48
S01011470,499,41,29,12,61,13,23,18,7,55,7,9,14,8,17,69,61,8,54,4,25,16,9,50,35,15,49,36,13,60,22,38,60,8,52
S01011471,390,29,21,8,56,9,8,21,18,48,11,6,3,3,25,63,52,11,46,2,22,18,4,35,26,9,40,33,7,30,12,18,43,9,34
S01011472,341,14,11,3,30,5,12,8,5,42,10,7,8,3,14,41,34,7,42,2,18,14,8,34,25,9,40,31,9,44,25,19,54,10,44
S01011473,218,3,1,2,17,6,4,4,3,19,2,3,2,3,9,26,23,3,26,2,10,5,9,23,15,8,31,17,14,27,8,19,46,3,43
S01011474,282,16,14,2,23,5,7,5,6,32,2,6,5,2,17,41,35,6,39,1,23,8,7,27,19,8,29,22,7,30,10,20,45,7,38
S01011475,191,5,1,4,19,5,8,2,4,19,4,3,4,0,8,23,20,3,20,1,9,4,6,30,17,13,23,14,9,21,6,15,31,3,28
S01011476,273,27,17,10,59,12,6,26,15,40,6,7,1,2,24,50,41,9,23,0,14,6,3,15,10,5,25,15,10,15,9,6,19,3,16
S01011477,423,38,25,13,85,15,19,28,23,76,10,12,14,10,30,78,60,18,40,4,21,12,3,26,19,7,42,30,12,17,2,15,21,1,20
S01011478,565,70,47,23,152,29,33,47,43,88,7,7,15,9,50,78,66,12,58,2,27,21,8,25,21,4,48,34,14,20,11,9,26,2,24
S01011479,405,34,28,6,95,20,12,35,28,69,10,7,16,5,31,61,48,13,31,1,15,11,4,32,18,14,43,29,14,23,4,19,17,1,16
S01011480,538,60,44,16,168,26,37,62,43,89,10,9,9,11,50,52,44,8,39,2,14,13,10,32,24,8,55,44,11,18,9,9,25,2,23
S01011481,446,38,25,13,80,18,20,17,25,82,12,4,14,3,49,56,41,15,37,1,20,8,8,35,22,13,43,27,16,39,12,27,36,7,29
S01011482,368,23,17,6,53,8,17,15,13,47,8,6,6,4,23,53,43,10,45,3,23,14,5,37,25,12,36,23,13,31,12,19,43,8,35
S01011483,291,28,19,9,76,14,21,25,16,43,7,3,6,1,26,45,39,6,27,0,12,11,4,14,12,2,25,16,9,19,6,13,14,3,11
S01011484,353,15,6,9,26,4,10,7,5,34,3,7,6,5,13,34,30,4,44,4,19,15,6,59,48,11,44,34,10,30,10,20,67,6,61
S01011485,340,15,7,8,23,4,6,6,7,20,5,4,3,2,6,37,33,4,37,1,20,9,7,62,45,17,48,36,12,35,10,25,63,5,58
S01011486,181,11,6,5,8,0,3,2,3,16,4,4,0,1,7,17,14,3,18,1,8,5,4,21,11,10,22,18,4,28,10,18,40,7,33
S01011487,487,23,18,5,39,14,13,7,5,44,6,7,11,4,16,55,46,9,57,1,31,19,6,79,56,23,74,59,15,47,22,25,69,13,56
S01011488,239,11,8,3,17,2,6,5,4,16,4,4,2,1,5,22,21,1,29,3,12,6,8,32,27,5,28,18,10,28,16,12,56,9,47
S01011489,425,44,29,15,56,10,18,17,11,60,3,7,12,7,31,53,45,8,44,2,18,20,4,42,30,12,52,35,17,39,13,26,35,3,32
S01011490,477,25,16,9,60,8,22,16,14,52,14,8,5,2,23,74,66,8,57,3,30,17,7,52,41,11,38,29,9,57,25,32,62,14,48
S01011491,210,7,5,2,14,1,5,2,6,18,6,2,2,0,8,19,17,2,23,3,13,4,3,34,25,9,25,18,7,33,16,17,37,5,32
S01011492,334,13,10,3,31,11,10,6,4,26,12,1,1,4,8,32,31,1,48,5,12,18,13,33,22,11,34,23,11,39,27,12,78,18,60
S01011493,328,31,23,8,61,9,22,21,9,51,9,5,9,2,26,56,53,3,42,1,17,18,6,20,18,2,32,22,10,20,4,16,15,2,13
S01011494,338,13,12,1,30,9,12,4,5,37,12,8,7,0,10,50,41,9,24,0,13,8,3,34,25,9,36,26,10,48,19,29,66,9,57
S01011495,328,24,16,8,24,4,7,8,5,25,5,2,2,3,13,43,37,6,45,2,22,15,6,46,36,10,45,35,10,29,14,15,47,6,41
S01011496,259,10,7,3,16,6,3,3,4,11,3,3,2,2,1,17,14,3,31,1,11,10,9,46,32,14,19,18,1,51,26,25,58,12,46
S01011497,358,36,20,16,53,10,12,21,10,44,7,7,9,3,18,58,49,9,38,6,16,14,2,25,23,2,43,32,11,33,14,19,28,5,23
S01011498,421,28,20,8,59,10,15,22,12,58,10,1,19,5,23,74,65,9,52,1,25,14,12,29,18,11,35,26,9,49,22,27,37,6,31
S01011499,451,35,22,13,49,8,11,23,7,54,13,6,6,3,26,60,48,12,61,0,30,20,11,36,26,10,67,38,29,41,17,24,48,10,38
S01011500,259,19,11,8,20,4,9,3,4,30,6,2,5,3,14,41,37,4,39,1,15,13,10,16,12,4,30,24,6,30,14,16,34,2,32
S01011501,267,12,8,4,17,4,5,3,5,11,0,1,2,1,7,20,15,5,35,1,14,9,11,41,27,14,29,20,9,40,17,23,62,9,53
S01011502,353,26,18,8,18,2,2,7,7,24,4,4,2,4,10,38,30,8,52,0,20,24,8,43,34,9,40,28,12,46,20,26,66,16,50
S01011503,284,15,11,4,27,5,8,8,6,18,2,1,5,2,8,34,28,6,29,1,16,10,2,29,22,7,33,19,14,45,15,30,54,8,46
S01011504,255,16,9,7,30,4,15,6,5,23,3,2,5,2,11,31,25,6,36,2,14,13,7,24,18,6,26,19,7,32,10,22,37,3,34
S01011505,300,19,13,6,33,13,9,7,4,28,7,1,3,1,16,34,27,7,32,2,10,11,9,26,19,7,45,31,14,32,15,17,51,10,41
S01011506,220,14,12,2,31,2,5,15,9,27,4,5,3,3,12,22,18,4,23,1,9,7,6,21,14,7,29,20,9,27,10,17,26,3,23
S01011507,278,18,11,7,29,5,11,9,4,21,1,4,2,1,13,27,23,4,37,2,14,16,5,23,20,3,35,29,6,38,20,18,50,8,42
S01011508,528,38,26,12,73,16,19,26,12,72,9,4,11,8,40,65,55,10,55,1,32,14,8,28,19,9,49,29,20,62,26,36,86,14,72
S01011509,320,18,12,6,31,5,13,5,8,32,8,3,7,4,10,37,28,9,45,0,25,13,7,32,22,10,29,20,9,53,25,28,43,10,33
S01011510,431,28,22,6,38,3,15,12,8,35,9,7,4,2,13,63,50,13,47,1,26,12,8,59,49,10,43,34,9,63,34,29,55,11,44
S01011511,211,4,1,3,12,0,7,4,1,15,4,2,1,0,8,21,18,3,15,0,5,7,3,31,27,4,31,24,7,24,16,8,58,14,44
S01011512,310,6,6,0,19,3,7,4,5,32,4,4,10,3,11,35,33,2,31,1,14,9,7,35,21,14,39,28,11,46,24,22,67,8,59
S01011513,305,14,6,8,20,2,11,1,6,24,3,6,2,3,10,21,16,5,43,4,21,11,7,44,35,9,40,30,10,44,23,21,55,10,45
S01011514,396,21,10,11,17,5,3,5,4,25,4,6,3,1,11,38,34,4,48,0,22,19,7,48,35,13,49,33,16,65,27,38,85,10,75
S01011515,312,20,12,8,31,4,11,8,8,33,6,3,6,4,14,51,45,6,40,2,24,8,6,29,18,11,33,22,11,39,18,21,36,7,29
S01011516,532,50,32,18,85,11,27,34,13,66,12,8,14,3,29,81,71,10,64,0,39,16,9,46,32,14,51,40,11,51,30,21,38,7,31
S01011517,259,22,13,9,25,5,10,6,4,20,4,1,4,2,9,30,25,5,32,0,14,10,8,32,21,11,24,17,7,33,15,18,41,7,34
S01011518,242,10,9,1,10,3,3,1,3,16,5,3,1,0,7,20,14,6,44,1,21,19,3,36,25,11,23,20,3,31,12,19,52,13,39
S01011519,347,23,14,9,19,3,8,4,4,27,5,9,6,1,6,28,25,3,35,0,18,12,5,35,22,13,43,33,10,61,33,28,76,10,66
S01011520,218,9,5,4,12,2,3,5,2,11,2,1,0,1,7,22,18,4,28,1,8,9,10,18,12,6,29,20,9,25,11,14,64,5,59
S01011521,386,25,15,10,36,8,10,9,9,38,13,3,7,1,14,57,49,8,40,4,13,12,11,39,31,8,39,27,12,39,18,21,73,13,60
S01011522,403,15,5,10,38,1,18,9,10,47,5,6,8,3,25,47,37,10,42,0,21,12,9,46,39,7,50,32,18,52,25,27,66,8,58
S01011523,368,18,7,11,30,6,9,8,7,26,5,1,4,0,16,30,27,3,54,0,27,17,10,36,23,13,40,29,11,54,32,22,80,15,65
S01011524,529,41,30,11,63,15,14,14,20,60,16,4,5,5,30,87,74,13,62,2,29,26,5,50,34,16,55,41,14,55,24,31,56,10,46
S01011525,483,40,28,12,65,12,20,18,15,49,4,8,10,5,22,64,50,14,61,2,27,26,6,44,33,11,55,39,16,54,19,35,51,8,43
S01011526,489,32,21,11,51,8,20,12,11,41,8,6,4,2,21,68,57,11,79,2,33,32,12,39,27,12,55,39,16,56,26,30,68,15,53
S01011527,337,36,20,16,33,11,6,8,8,36,7,5,3,3,18,56,49,7,38,1,15,18,4,26,18,8,44,32,12,34,13,21,34,8,26
S01011528,415,26,17,9,36,7,11,9,9,42,6,9,3,3,21,42,39,3,45,0,22,16,7,53,28,25,55,39,16,46,24,22,70,10,60
S01011529,196,12,7,5,13,2,4,5,2,13,3,1,1,0,8,24,21,3,18,2,6,5,5,31,21,10,26,17,9,26,12,14,33,5,28
S01011530,435,23,18,5,41,10,9,12,10,31,7,4,6,5,9,51,49,2,49,1,24,14,10,46,29,17,52,38,14,68,34,34,74,8,66
S01011531,573,67,51,16,115,19,33,39,24,81,4,10,16,9,42,72,61,11,63,2,24,23,14,36,23,13,55,40,15,50,21,29,34,6,28
S01011532,352,39,30,9,58,14,15,17,12,63,8,2,13,3,37,38,30,8,50,0,21,22,7,24,19,5,26,16,10,27,9,18,27,6,21
S01011533,239,16,10,6,15,5,4,3,3,19,3,0,3,0,13,23,15,8,41,4,15,12,10,18,13,5,25,17,8,38,16,22,44,4,40
S01011534,336,16,10,6,42,15,10,11,6,43,8,7,2,3,23,52,46,6,29,2,11,9,7,32,22,10,46,26,20,39,14,25,37,7,30
S01011535,284,14,8,6,20,4,6,6,4,29,8,2,2,4,13,32,28,4,31,0,14,9,8,25,18,7,34,21,13,47,21,26,52,11,41
S01011536,397,35,23,12,88,17,14,37,20,66,12,7,7,6,34,60,50,10,36,1,11,15,9,25,18,7,39,23,16,20,5,15,28,6,22
S01011537,338,33,25,8,50,10,14,12,14,62,3,12,13,4,30,50,42,8,39,1,23,11,4,24,18,6,31,16,15,36,18,18,13,1,12
S01011538,367,48,39,9,93,14,19,37,23,46,2,6,5,8,25,48,36,12,30,1,15,10,4,15,14,1,38,25,13,31,13,18,18,2,16
S01011539,309,20,16,4,25,6,6,6,7,20,2,1,3,2,12,32,30,2,37,2,16,11,8,31,26,5,41,24,17,46,23,23,57,14,43
S01011540,517,36,22,14,42,13,11,8,10,55,7,10,7,5,26,56,46,10,58,0,28,18,12,43,33,10,69,54,15,79,33,46,79,17,62
S01011541,407,21,12,9,18,3,1,5,9,28,4,3,4,4,13,34,24,10,47,0,24,13,10,31,24,7,51,41,10,78,40,38,99,19,80
S01011542,413,23,14,9,19,4,4,4,7,31,6,2,4,2,17,34,29,5,49,5,21,18,5,44,33,11,57,30,27,84,42,42,72,12,60
S01011543,328,11,4,7,14,4,5,4,1,18,5,2,2,1,8,29,26,3,38,1,18,11,8,40,30,10,47,29,18,68,42,26,63,13,50
S01011544,283,14,12,2,16,2,5,4,5,23,2,6,1,2,12,24,20,4,39,1,13,16,9,31,24,7,32,26,6,51,27,24,53,14,39
S01011545,262,10,9,1,16,5,6,3,2,17,3,1,2,1,10,22,18,4,37,1,19,11,6,26,18,8,40,30,10,48,27,21,46,10,36
S01011546,437,51,36,15,80,13,17,23,27,67,11,4,11,5,36,60,47,13,43,2,19,14,8,30,13,17,55,36,19,23,8,15,28,2,26
S01011547,335,34,23,11,59,11,13,20,15,70,6,12,12,7,33,43,34,9,23,0,11,10,2,21,11,10,41,29,12,25,15,10,19,1,18
S01011548,339,32,17,15,28,5,10,6,7,35,3,4,8,1,19,59,50,9,30,1,16,8,5,32,23,9,35,25,10,43,17,26,45,5,40
S01011549,403,36,27,9,67,13,9,26,19,52,3,5,9,4,31,60,49,11,42,1,21,14,6,28,21,7,55,43,12,34,15,19,29,8,21
S01011550,381,29,19,10,82,16,26,23,17,69,8,9,13,8,31,55,44,11,37,0,21,9,7,27,17,10,53,37,16,13,3,10,16,1,15
S01011551,259,18,13,5,27,4,6,10,7,36,5,3,7,1,20,32,25,7,27,1,12,8,6,30,20,10,35,28,7,32,13,19,22,3,19
S01011552,393,27,14,13,49,9,11,15,14,51,7,7,9,3,25,62,48,14,52,4,27,16,5,45,31,14,50,36,14,30,14,16,27,3,24
S01011553,475,76,53,23,130,32,45,32,21,67,9,9,12,2,35,39,32,7,46,1,14,23,8,30,18,12,42,30,12,18,6,12,27,6,21
S01011554,388,30,20,10,29,4,6,5,14,35,5,5,5,4,16,46,37,9,42,1,11,24,6,54,42,12,38,30,8,45,18,27,69,20,49
S01011555,269,8,5,3,12,1,3,3,5,15,3,1,3,2,6,32,27,5,34,1,15,15,3,30,25,5,41,33,8,30,6,24,67,9,58
S01011556,212,14,5,9,11,3,4,2,2,19,3,2,4,3,7,33,24,9,21,1,9,5,6,22,15,7,20,13,7,36,17,19,36,9,27
S01011557,350,22,14,8,18,1,10,6,1,34,6,6,5,2,15,33,28,5,43,4,14,19,6,43,22,21,44,28,16,60,29,31,53,5,48
S01011558,273,16,8,8,6,1,1,2,2,18,4,1,5,3,5,28,22,6,38,0,13,21,4,46,29,17,44,24,20,34,7,27,43,7,36
S01011559,252,9,5,4,15,4,5,3,3,12,1,3,1,0,7,31,25,6,35,0,20,14,1,39,23,16,29,21,8,36,17,19,46,12,34
S01011560,343,24,15,9,22,1,15,4,2,22,2,4,1,3,12,40,34,6,33,0,9,18,6,49,38,11,38,30,8,61,25,36,54,8,46
S01011561,325,9,9,0,22,1,9,7,5,27,9,8,1,2,7,41,36,5,38,1,10,21,6,43,28,15,41,34,7,42,16,26,62,15,47
S01011562,263,14,10,4,18,2,3,7,6,21,4,2,3,0,12,29,25,4,37,0,8,17,12,34,27,7,39,23,16,27,12,15,44,5,39
S01011563,304,22,17,5,21,3,11,3,4,26,4,8,1,2,11,28,27,1,30,0,9,12,9,39,29,10,55,39,16,32,15,17,51,7,44
S01011564,483,22,15,7,53,7,16,15,15,35,5,5,5,4,16,74,61,13,73,3,25,34,11,35,27,8,65,42,23,59,19,40,67,12,55
S01011565,467,27,19,8,31,7,8,8,8,39,11,6,4,4,14,64,51,13,68,2,27,31,8,62,46,16,52,37,15,54,20,34,70,12,58
S01011566,384,16,8,8,27,6,8,6,7,21,3,3,3,7,5,52,44,8,48,1,16,23,8,41,30,11,64,46,18,52,25,27,63,14,49
S01011567,404,22,14,8,28,9,7,6,6,24,7,5,5,1,6,55,46,9,40,1,16,19,4,48,36,12,56,44,12,63,26,37,68,11,57
S01011568,403,33,24,9,46,9,14,14,9,47,4,11,8,4,20,56,51,5,44,1,22,16,5,41,30,11,29,21,8,50,23,27,57,11,46
S01011569,445,27,20,7,54,12,15,15,12,42,4,8,10,3,17,64,48,16,62,2,27,25,8,52,42,10,46,30,16,48,24,24,50,6,44
S01011570,308,17,12,5,21,3,8,7,3,26,5,3,6,2,10,33,26,7,34,2,16,11,5,40,31,9,39,28,11,40,13,27,58,11,47
S01011571,280,10,6,4,23,3,6,10,4,29,7,9,2,2,9,20,16,4,39,1,13,17,8,32,24,8,38,27,11,44,10,34,45,10,35
S01011572,273,16,9,7,34,8,8,11,7,32,3,4,2,2,21,32,24,8,31,0,13,16,2,25,18,7,39,30,9,36,19,17,28,9,19
S01011573,557,55,43,12,93,19,30,24,20,65,7,9,12,1,36,77,66,11,58,5,18,27,8,47,29,18,47,27,20,62,19,43,53,8,45
S01011574,402,26,19,7,39,7,8,12,12,42,9,6,3,4,20,64,58,6,59,0,26,25,8,40,29,11,46,31,15,45,16,29,41,5,36
S01011575,216,17,14,3,28,2,13,8,5,19,2,5,3,0,9,21,18,3,27,0,11,12,4,17,13,4,27,20,7,26,8,18,34,5,29
S01011576,256,6,2,4,9,1,3,2,3,20,1,5,3,2,9,20,17,3,28,1,9,13,5,38,26,12,32,22,10,40,18,22,63,12,51
S01011577,351,21,13,8,59,9,12,18,20,41,3,8,7,6,17,37,31,6,36,0,16,15,5,41,30,11,42,32,10,44,20,24,30,3,27
S01011578,380,20,15,5,34,8,9,8,9,42,4,4,8,3,23,49,42,7,42,0,16,17,9,35,24,11,71,46,25,41,18,23,46,12,34
S01011579,560,65,45,20,138,23,30,49,36,88,11,8,14,6,49,78,67,11,57,2,23,24,8,37,22,15,46,34,12,22,10,12,29,5,24
S01011580,331,21,14,7,42,9,11,10,12,41,8,4,6,4,19,36,31,5,50,4,20,18,8,35,22,13,45,27,18,24,12,12,37,5,32
S01011581,287,15,11,4,37,6,14,9,8,26,4,6,1,5,10,31,25,6,24,1,6,10,7,40,28,12,38,26,12,33,14,19,43,13,30
S01011582,614,61,45,16,158,21,42,62,33,78,9,13,8,4,44,75,58,17,68,2,36,28,2,48,34,14,58,44,14,23,11,12,45,7,38
S01011583,335,22,13,9,54,9,15,18,12,37,5,7,8,2,15,30,23,7,38,1,13,18,6,37,29,8,40,19,21,34,17,17,43,10,33
S01011584,324,8,6,2,26,4,10,7,5,23,1,0,5,1,16,48,42,6,44,1,16,21,6,46,28,18,39,27,12,38,20,18,52,13,39
S01011585,323,13,6,7,25,3,8,8,6,31,8,3,4,3,13,43,43,0,52,1,18,23,10,35,24,11,39,30,9,35,13,22,50,7,43
S01011586,257,17,10,7,19,4,11,3,1,21,6,9,3,1,2,27,26,1,38,1,13,17,7,30,23,7,27,13,14,38,20,18,40,11,29
S01011587,248,11,10,1,17,1,5,5,6,22,3,3,1,2,13,33,30,3,25,0,10,13,2,36,22,14,41,32,9,32,14,18,31,7,24
S01011588,330,19,16,3,24,4,8,6,6,17,2,4,1,2,8,40,35,5,57,3,24,16,14,37,32,5,41,30,11,59,23,36,36,3,33
S01011589,389,22,12,10,32,5,8,10,9,33,4,6,4,4,15,55,46,9,50,0,24,15,11,46,33,13,51,36,15,47,18,29,53,7,46
S01011590,296,11,7,4,26,7,11,1,7,21,5,3,5,1,7,36,32,4,37,1,11,19,6,31,24,7,38,25,13,52,24,28,44,10,34
S01011591,247,12,10,2,16,3,6,2,5,22,4,3,2,1,12,21,18,3,36,0,17,16,3,24,14,10,31,22,9,40,15,25,45,7,38
S01011592,279,16,8,8,18,4,7,1,6,27,1,4,2,1,19,34,31,3,34,0,9,16,9,32,19,13,50,38,12,30,11,19,38,9,29
S01011593,339,24,18,6,43,7,15,14,7,40,3,5,7,1,24,55,48,7,33,1,13,12,7,40,29,11,31,21,10,43,16,27,30,4,26
S01011594,212,17,12,5,24,3,8,7,6,18,3,4,5,0,6,25,20,5,30,4,11,7,8,19,14,5,26,17,9,33,13,20,20,0,20
S01011595,344,27,20,7,69,13,9,28,19,59,9,4,10,4,32,54,46,8,44,1,11,29,3,17,11,6,27,12,15,18,5,13,29,4,25
S01011596,514,49,37,12,89,16,24,31,18,60,13,4,10,6,27,70,57,13,55,1,27,20,7,45,28,17,48,28,20,37,18,19,61,7,54
S01011597,323,22,14,8,42,5,10,13,14,46,5,5,9,5,22,43,35,8,45,7,19,11,8,35,23,12,32,14,18,27,9,18,31,0,31
S01011598,265,10,7,3,12,3,4,1,4,19,0,4,0,3,12,29,24,5,30,2,12,6,10,27,19,8,33,22,11,39,22,17,66,12,54
S01011599,360,16,11,5,41,9,15,13,4,40,4,7,6,6,17,39,37,2,42,3,17,12,10,36,27,9,44,28,16,40,19,21,62,13,49
S01011600,334,19,9,10,30,7,9,8,6,21,2,3,6,1,9,53,45,8,42,4,12,20,6,38,30,8,39,23,16,45,18,27,47,10,37
S01011601,494,41,19,22,75,15,26,13,21,60,8,11,13,1,27,75,63,12,59,1,26,26,6,52,31,21,46,31,15,49,25,24,37,4,33
S01011602,263,14,8,6,30,6,10,9,5,27,4,6,4,0,13,23,17,6,35,2,8,14,11,27,18,9,32,25,7,42,25,17,33,8,25
S01011603,284,16,10,6,21,3,9,6,3,18,4,4,1,2,7,36,28,8,27,2,9,11,5,39,30,9,36,21,15,41,11,30,50,6,44
S01011604,263,13,10,3,11,1,5,1,4,21,8,6,3,0,4,27,18,9,37,0,10,20,7,31,24,7,35,20,15,42,18,24,46,8,38
S01011605,373,19,14,5,32,0,11,15,6,38,11,5,4,1,17,44,37,7,61,1,22,27,11,34,28,6,55,42,13,53,27,26,37,10,27
S01011606,602,53,39,14,103,18,32,37,16,97,19,8,16,7,47,86,70,16,84,3,41,32,8,34,22,12,61,38,23,41,20,21,43,9,34
S01011607,336,35,24,11,45,12,8,12,13,43,4,5,3,3,28,59,45,14,46,1,24,18,3,29,19,10,26,16,10,31,13,18,22,4,18
S01011608,567,52,36,16,72,12,24,17,19,79,15,15,16,2,31,87,71,16,88,4,35,36,13,48,39,9,63,45,18,51,20,31,27,7,20
S01011609,356,10,7,3,26,3,10,4,9,24,5,6,2,1,10,14,9,5,50,1,13,19,17,44,26,18,56,29,27,47,21,26,85,13,72
S01011610,340,9,4,5,21,7,8,3,3,26,4,4,3,3,12,31,26,5,44,1,15,21,7,35,26,9,51,37,14,36,12,24,87,16,71
S01011611,357,29,21,8,47,6,15,16,10,47,8,8,7,2,22,54,45,9,45,0,25,14,6,35,27,8,37,27,10,37,9,28,26,1,25
S01011612,393,66,37,29,87,23,19,24,21,74,5,3,19,4,43,41,39,2,35,1,12,19,3,23,15,8,29,15,14,22,7,15,16,0,16
S01011613,488,54,39,15,90,22,24,26,18,58,7,3,10,9,29,82,60,22,53,1,27,17,8,35,28,7,44,32,12,51,12,39,21,5,16
S01011614,238,21,14,7,39,6,10,12,11,22,6,1,5,0,10,40,33,7,44,3,18,18,5,17,14,3,18,9,9,22,9,13,15,3,12
S01011615,291,15,12,3,27,5,7,9,6,33,8,4,2,1,18,33,30,3,45,2,27,13,3,37,30,7,26,14,12,39,18,21,36,5,31
S01011616,149,7,3,4,14,4,4,5,1,15,2,4,2,1,6,19,18,1,20,2,13,4,1,24,20,4,11,6,5,19,7,12,20,4,16
S01011617,365,13,9,4,18,7,6,3,2,23,4,4,2,3,10,53,44,9,36,0,14,14,8,52,41,11,48,24,24,69,22,47,53,10,43
S01011618,259,11,10,1,23,6,4,5,8,19,6,3,1,0,9,30,25,5,28,0,14,10,4,34,26,8,32,19,13,43,19,24,39,4,35
S01011619,601,57,38,19,92,14,22,34,22,97,4,12,23,10,48,92,75,17,60,0,27,23,10,50,40,10,55,37,18,65,24,41,33,8,25
S01011620,664,69,41,28,126,28,39,31,28,118,14,11,38,3,52,76,66,10,68,0,38,20,10,53,36,17,58,44,14,61,21,40,35,6,29
S01011621,379,30,22,8,41,6,16,11,8,44,5,5,7,4,23,57,48,9,50,1,21,22,6,35,29,6,49,32,17,41,17,24,32,4,28
S01011622,363,44,35,9,73,12,23,15,23,63,9,6,11,3,34,51,42,9,40,1,15,16,8,27,16,11,20,11,9,24,8,16,21,3,18
S01011623,298,22,13,9,31,10,7,9,5,23,3,10,1,4,5,42,34,8,35,1,16,16,2,30,23,7,43,29,14,34,11,23,38,12,26
S01011624,378,37,28,9,49,7,17,12,13,47,7,5,6,3,26,54,49,5,39,1,20,14,4,40,30,10,47,25,22,37,11,26,28,5,23
S01011625,267,11,7,4,19,4,10,2,3,29,11,4,2,0,12,33,27,6,33,0,17,9,7,24,22,2,45,24,21,41,14,27,32,1,31
S01011626,484,41,29,12,87,15,32,18,22,77,7,6,16,12,36,54,42,12,61,2,36,17,6,41,29,12,59,38,21,44,16,28,20,2,18
S01011627,430,46,35,11,75,21,26,19,9,66,7,9,6,3,41,64,58,6,49,0,19,22,8,30,22,8,41,23,18,38,16,22,21,4,17
S01011628,555,43,34,9,83,19,23,18,23,80,11,10,14,8,37,85,64,21,71,1,30,32,8,52,40,12,56,39,17,41,8,33,44,4,40
S01011629,250,13,10,3,13,2,6,3,2,18,7,4,1,2,4,32,25,7,33,2,12,17,2,24,16,8,39,26,13,31,10,21,47,9,38
S01011630,275,17,12,5,19,4,7,3,5,23,3,4,1,4,11,40,29,11,46,2,18,19,7,30,25,5,29,19,10,44,23,21,27,7,20
S01011631,225,7,5,2,6,3,1,2,0,9,2,3,1,0,3,19,13,6,35,0,11,12,12,21,13,8,42,32,10,40,18,22,46,5,41
S01011632,333,17,6,11,23,7,9,6,1,20,1,4,4,1,10,30,26,4,32,1,13,15,3,53,36,17,39,23,16,59,28,31,60,17,43
S01011633,279,10,6,4,21,5,8,3,5,20,5,2,3,0,10,33,30,3,43,2,11,23,7,25,20,5,30,15,15,40,16,24,57,13,44
S01011634,212,9,9,0,11,0,6,3,2,24,4,4,1,1,14,25,21,4,21,0,7,11,3,24,19,5,29,16,13,33,13,20,36,8,28
S01011635,282,13,9,4,18,3,9,5,1,22,6,3,4,0,9,26,21,5,37,0,15,14,8,44,32,12,30,19,11,55,28,27,37,15,22
S01011636,279,8,6,2,13,1,5,2,5,15,1,2,3,0,9,29,25,4,37,0,14,14,9,37,24,13,43,28,15,36,19,17,61,16,45
S01011637,291,19,10,9,27,3,10,9,5,23,6,5,0,3,9,42,32,10,35,0,13,17,5,37,28,9,29,15,14,36,16,20,43,11,32
S01011638,223,16,14,2,29,3,6,14,6,19,2,3,4,2,8,35,29,6,26,2,7,11,6,26,20,6,17,10,7,27,10,17,28,6,22
S01011639,227,8,3,5,16,4,5,4,3,24,3,6,4,1,10,22,19,3,33,0,11,16,6,30,25,5,41,17,24,21,7,14,32,2,30
S01011640,288,15,10,5,17,0,9,4,4,22,3,2,3,2,12,24,20,4,45,4,19,14,8,35,27,8,43,35,8,39,11,28,48,9,39
S01011641,249,13,11,2,49,13,13,15,8,35,9,1,6,2,17,44,38,6,24,0,12,10,2,25,13,12,19,13,6,18,6,12,22,2,20
S01011642,402,38,25,13,57,8,11,18,20,47,5,7,11,2,22,55,42,13,57,0,28,19,10,33,30,3,40,22,18,32,14,18,43,10,33
S01011643,307,32,23,9,64,8,28,13,15,49,5,5,3,13,23,25,21,4,37,0,15,16,6,25,19,6,18,12,6,31,16,15,26,4,22
S01011644,319,25,18,7,51,5,12,18,16,41,12,6,4,2,17,36,31,5,31,1,13,8,9,44,36,8,35,22,13,32,15,17,24,5,19
S01011645,228,7,5,2,31,4,10,10,7,24,4,4,6,0,10,29,25,4,25,0,8,13,4,32,28,4,31,14,17,25,5,20,24,3,21
S01011646,352,49,30,19,72,16,17,19,20,44,7,6,10,3,18,54,46,8,31,0,13,9,9,22,19,3,41,26,15,23,12,11,16,1,15
S01011647,496,51,29,22,92,13,31,33,15,62,10,4,13,2,33,79,67,12,51,0,22,21,8,36,28,8,58,33,25,33,10,23,34,4,30
S01011648,365,35,23,12,79,19,15,30,15,63,9,4,16,3,31,39,35,4,44,3,16,19,6,23,15,8,29,16,13,27,11,16,26,5,21
S01011649,237,15,11,4,31,4,10,12,5,21,6,3,3,1,8,32,25,7,28,1,15,11,1,21,15,6,30,14,16,28,11,17,31,3,28
S01011650,331,37,25,12,72,11,18,24,19,43,6,10,4,3,20,42,34,8,27,0,12,8,7,25,15,10,35,20,15,25,11,14,25,4,21
S01011651,442,27,13,14,72,13,19,22,18,67,9,8,12,5,33,55,48,7,57,0,31,18,8,42,28,14,40,27,13,37,21,16,45,10,35
S01011652,419,27,19,8,79,14,26,26,13,50,9,5,11,3,22,57,48,9,47,0,21,18,8,32,18,14,61,44,17,34,17,17,32,8,24
S01011653,373,27,16,11,24,5,14,2,3,27,6,3,2,1,15,36,31,5,45,3,15,22,5,54,43,11,48,35,13,55,29,26,57,6,51
S01011654,401,36,22,14,70,7,29,22,12,51,9,3,10,3,26,37,30,7,37,0,12,17,8,43,31,12,38,22,16,47,28,19,42,10,32
S01011655,341,13,9,4,21,5,7,2,7,35,12,5,5,1,12,30,23,7,49,0,20,22,7,38,30,8,40,21,19,47,14,33,68,10,58
S01011656,232,9,7,2,14,1,7,4,2,15,4,3,3,0,5,28,24,4,24,0,6,13,5,23,20,3,32,20,12,38,17,21,49,9,40
S01011657,204,6,5,1,29,5,11,9,4,12,0,1,1,1,9,22,18,4,26,0,8,13,5,26,24,2,22,17,5,23,9,14,38,3,35
S01011658,297,9,8,1,17,3,5,3,6,21,3,6,2,2,8,23,18,5,42,1,22,18,1,43,30,13,43,29,14,53,26,27,46,11,35
S01011659,321,22,13,9,26,8,6,8,4,16,3,2,2,2,7,34,30,4,48,2,19,20,7,36,24,12,46,32,14,39,17,22,54,9,45
S01011660,483,32,23,9,69,12,25,10,22,47,6,6,3,3,29,63,52,11,60,0,34,18,8,55,39,16,52,37,15,52,19,33,53,15,38
S01011661,237,8,6,2,18,4,6,4,4,18,4,2,3,2,7,33,28,5,43,2,9,22,10,23,17,6,28,20,8,34,5,29,32,7,25
S01011662,367,30,25,5,61,12,17,19,13,57,6,8,9,2,32,52,41,11,49,1,18,22,8,28,23,5,34,20,14,33,18,15,23,2,21
S01011663,405,12,5,7,33,4,11,11,7,37,10,5,4,4,14,31,25,6,55,1,16,23,15,45,33,12,56,33,23,65,31,34,71,19,52
S01011664,375,14,9,5,25,2,13,5,5,23,4,6,4,3,6,39,32,7,56,3,13,25,15,56,40,16,33,21,12,53,24,29,76,19,57
S01011665,354,20,11,9,44,6,14,16,8,38,10,2,9,0,17,33,24,9,38,0,8,24,6,41,32,9,51,30,21,43,23,20,46,9,37
S01011666,313,17,11,6,29,6,10,5,8,34,3,8,4,2,17,37,31,6,34,2,16,9,7,34,23,11,44,33,11,30,9,21,54,10,44
S01011667,326,24,16,8,40,11,11,8,10,36,7,1,6,2,20,30,24,6,36,2,13,14,7,31,22,9,44,22,22,43,16,27,42,9,33
S01011668,406,19,10,9,23,6,8,5,4,32,8,4,3,5,12,38,35,3,42,4,16,18,4,37,27,10,48,32,16,68,37,31,99,26,73
S01011669,285,28,16,12,53,6,12,22,13,32,3,5,1,4,19,38,29,9,28,1,12,10,5,24,17,7,33,23,10,18,5,13,31,9,22
S01011670,239,4,2,2,20,3,8,3,6,18,5,1,3,1,8,30,28,2,25,1,6,14,4,25,21,4,39,24,15,39,16,23,39,11,28
S01011671,305,22,13,9,48,5,9,17,17,41,7,4,5,5,20,39,31,8,27,2,10,14,1,27,12,15,37,23,14,33,13,20,31,3,28
S01011672,235,11,7,4,36,5,9,16,6,23,4,3,1,2,13,39,34,5,29,0,11,12,6,15,9,6,26,23,3,27,8,19,29,9,20
S01011673,298,11,6,5,23,4,4,10,5,15,4,3,4,2,2,33,26,7,44,0,22,14,8,27,23,4,52,37,15,40,16,24,53,13,40
S01011674,496,28,22,6,75,13,20,24,18,66,6,4,14,2,40,74,64,10,54,2,24,26,2,53,37,16,54,36,18,49,25,24,43,9,34
S01011675,389,27,22,5,39,8,10,8,13,30,3,4,2,3,18,43,39,4,50,3,14,23,10,37,33,4,40,27,13,68,22,46,55,9,46
S01011676,271,5,1,4,22,5,7,4,6,17,5,2,2,1,7,25,17,8,28,1,10,11,6,35,28,7,37,25,12,34,13,21,68,29,39
S01011677,306,21,18,3,50,7,16,19,8,52,4,10,9,7,22,22,18,4,38,1,20,12,5,28,23,5,45,28,17,17,7,10,33,13,20
S01011678,168,9,5,4,18,2,7,5,4,8,2,1,0,3,2,16,14,2,17,0,7,8,2,23,20,3,21,16,5,28,14,14,28,9,19
S01011679,324,26,16,10,45,5,18,9,13,50,4,8,10,1,27,39,32,7,38,0,18,16,4,23,19,4,37,24,13,34,18,16,32,9,23
S01011680,413,24,18,6,28,3,9,10,6,35,7,6,5,3,14,44,35,9,60,3,20,29,8,54,45,9,38,29,9,78,30,48,52,14,38
S01011681,392,27,17,10,51,7,14,19,11,26,7,4,4,1,10,41,37,4,50,5,20,17,8,48,38,10,39,30,9,61,28,33,49,7,42
S01011682,223,25,19,6,31,5,5,10,11,25,4,2,2,2,15,17,14,3,56,19,16,16,5,17,16,1,12,7,5,25,10,15,15,4,11
S01011683,356,16,7,9,24,3,13,5,3,31,2,5,9,3,12,38,29,9,77,12,23,29,13,40,29,11,31,22,9,50,19,31,49,20,29
S01011684,241,22,12,10,24,3,2,9,10,20,3,4,1,1,11,34,28,6,28,1,13,14,0,20,17,3,24,19,5,40,20,20,29,8,21
S01011685,471,52,37,15,67,16,23,15,13,78,9,10,10,9,40,68,56,12,50,3,21,20,6,34,25,9,41,27,14,52,21,31,29,6,23
S01011686,472,42,29,13,76,13,23,24,16,58,10,8,13,1,26,67,52,15,72,0,39,26,7,30,23,7,41,25,16,58,22,36,28,4,24
S01011687,382,23,19,4,37,11,16,6,4,42,10,3,3,3,23,49,43,6,53,4,26,18,5,46,28,18,42,34,8,49,25,24,41,14,27
S01011688,425,41,29,12,65,13,18,15,19,55,5,5,11,3,31,58,43,15,63,8,22,24,9,32,23,9,37,29,8,36,18,18,38,10,28
S01011689,374,49,32,17,78,16,15,20,27,50,6,3,10,2,29,49,43,6,57,11,22,18,6,20,13,7,19,15,4,26,12,14,26,11,15
S01011690,523,54,32,22,76,20,19,15,22,82,13,11,19,2,37,55,46,9,69,2,29,26,12,55,38,17,48,36,12,44,13,31,40,5,35
S01011691,315,31,23,8,49,10,16,13,10,47,7,6,4,10,20,36,31,5,31,1,11,15,4,32,24,8,32,20,12,36,17,19,21,2,19
S01011692,442,27,21,6,31,6,12,6,7,28,2,8,5,1,12,56,50,6,58,2,19,25,12,53,40,13,48,39,9,65,19,46,76,15,61
S01011693,442,41,29,12,93,11,18,39,25,52,3,8,10,7,24,59,47,12,49,1,16,21,11,38,32,6,36,24,12,39,11,28,35,6,29
S01011694,300,37,21,16,59,17,19,11,12,50,4,3,4,4,35,41,35,6,29,0,11,12,6,17,12,5,26,18,8,26,7,19,15,2,13
S01011695,528,65,46,19,93,23,37,19,14,90,6,7,13,11,53,70,57,13,76,10,27,31,8,32,23,9,35,23,12,39,16,23,28,7,21
S01011696,607,103,63,40,163,38,35,47,43,112,8,4,21,10,69,65,55,10,48,3,19,14,12,27,18,9,39,30,9,30,13,17,20,2,18
S01011697,537,62,44,18,107,24,26,22,35,94,10,4,21,7,52,85,68,17,48,2,16,23,7,28,19,9,52,39,13,30,15,15,31,3,28
S01011698,303,18,9,9,22,7,8,5,2,39,7,3,7,3,19,41,31,10,43,2,20,12,9,30,19,11,33,21,12,39,11,28,38,7,31
S01011699,480,49,29,20,74,8,15,18,33,73,5,8,9,8,43,90,74,16,56,3,26,19,8,33,19,14,48,39,9,22,4,18,35,2,33
S01011700,352,35,22,13,49,6,11,18,14,39,2,8,7,4,18,52,38,14,43,2,20,14,7,43,30,13,35,28,7,28,11,17,28,2,26
S01011701,550,57,35,22,132,24,39,25,44,97,5,11,18,13,50,66,46,20,55,4,28,12,11,44,26,18,42,31,11,27,7,20,30,1,29
S01011702,340,32,20,12,71,11,24,20,16,43,3,5,6,5,24,37,32,5,35,3,16,9,7,33,27,6,36,26,10,27,7,20,26,4,22
S01011703,323,38,22,16,84,16,19,28,21,37,4,6,6,4,17,34,24,10,43,7,12,14,10,22,15,7,33,26,7,18,5,13,14,3,11
S01011704,400,34,22,12,89,19,22,24,24,70,10,9,15,6,30,55,39,16,38,1,14,13,10,31,22,9,35,23,12,22,14,8,26,1,25
S01011705,343,26,20,6,40,8,11,14,7,46,2,11,6,7,20,39,27,12,49,4,17,22,6,39,26,13,28,18,10,42,14,28,34,4,30
S01011706,462,31,20,11,60,12,23,19,6,46,5,4,7,2,28,63,51,12,61,6,16,27,12,45,34,11,63,48,15,46,22,24,47,7,40
S01011707,345,30,20,10,66,13,17,24,12,59,9,6,10,7,27,50,35,15,37,5,16,13,3,37,24,13,27,21,6,21,10,11,18,3,15
S01011708,416,26,19,7,45,6,18,9,12,45,4,6,11,1,23,55,44,11,40,2,12,16,10,51,30,21,60,47,13,44,19,25,50,3,47
S01011709,456,40,21,19,78,13,29,14,22,41,4,13,5,0,19,55,48,7,59,2,22,26,9,43,34,9,49,38,11,41,13,28,50,8,42
S01011710,263,8,5,3,16,3,8,2,3,19,4,7,2,1,5,29,25,4,39,2,13,19,5,32,24,8,34,25,9,33,19,14,53,8,45
S01011711,267,6,5,1,15,3,2,2,8,24,4,7,2,1,10,31,27,4,33,5,5,17,6,27,20,7,51,36,15,26,7,19,54,15,39
S01011712,280,16,14,2,33,7,8,9,9,33,5,3,5,1,19,35,29,6,36,3,18,9,6,31,27,4,42,34,8,30,9,21,24,3,21
S01011713,456,30,20,10,61,14,15,19,13,51,9,6,6,1,29,68,55,13,63,2,35,22,4,50,45,5,33,27,6,45,19,26,55,10,45
S01011714,331,20,12,8,50,8,13,15,14,53,7,7,10,4,25,46,40,6,49,0,18,23,8,26,15,11,32,20,12,32,11,21,23,3,20
S01011715,259,12,11,1,33,7,9,9,8,29,2,6,4,3,14,25,21,4,29,0,10,12,7,27,20,7,33,25,8,36,20,16,35,2,33
S01011716,514,52,36,16,71,15,21,17,18,85,16,11,18,3,37,78,60,18,62,2,21,30,9,43,31,12,47,34,13,49,21,28,27,4,23
S01011717,384,30,23,7,53,5,13,16,19,44,8,6,5,4,21,65,50,15,49,5,21,16,7,37,26,11,43,34,9,34,14,20,29,1,28
S01011718,473,46,41,5,106,18,29,40,19,82,3,7,13,11,48,62,52,10,63,1,22,30,10,30,21,9,26,17,9,40,16,24,18,1,17
S01011719,431,53,41,12,74,9,23,29,13,52,5,6,12,3,26,81,70,11,48,1,18,20,9,26,21,5,44,31,13,24,8,16,29,0,29
S01011720,299,39,24,15,50,9,9,20,12,47,8,4,5,3,27,55,40,15,32,0,14,12,6,11,9,2,29,21,8,17,8,9,19,2,17
S01011721,324,14,8,6,29,7,9,8,5,32,3,4,10,2,13,55,46,9,37,0,19,14,4,39,29,10,29,20,9,35,12,23,54,7,47
S01011722,289,17,12,5,32,9,9,7,7,30,6,5,4,0,15,46,39,7,41,1,18,17,5,25,19,6,34,24,10,28,15,13,36,7,29
S01011723,451,32,22,10,65,10,17,23,15,51,9,4,4,5,29,67,54,13,52,3,24,17,8,40,31,9,32,20,12,53,18,35,59,11,48
S01011724,393,35,26,9,62,13,20,8,21,49,9,1,9,3,27,60,48,12,51,2,24,13,12,38,26,12,40,32,8,29,7,22,29,3,26
S01011725,404,45,36,9,73,21,15,17,20,53,9,4,7,7,26,68,54,14,47,0,19,21,7,29,21,8,32,26,6,27,13,14,30,3,27
S01011726,328,25,21,4,48,11,10,15,12,62,9,4,6,3,40,57,45,12,33,1,14,13,5,28,15,13,30,19,11,29,10,19,16,2,14
S01011727,456,69,51,18,98,26,15,21,36,84,8,5,16,9,46,41,33,8,52,1,18,27,6,35,26,9,35,26,9,23,10,13,19,3,16
S01011728,492,39,30,9,48,8,17,10,13,35,2,4,8,5,16,81,72,9,68,2,33,27,6,42,30,12,63,51,12,56,16,40,60,11,49
S01011729,285,17,14,3,32,5,10,7,10,34,8,2,5,3,16,38,33,5,30,0,14,8,8,29,24,5,34,21,13,28,9,19,43,3,40
S01011730,459,34,27,7,69,16,19,21,13,57,10,9,11,6,21,80,70,10,60,3,27,22,8,30,18,12,33,22,11,48,21,27,48,5,43
S01011731,404,15,7,8,42,8,15,12,7,33,1,7,7,5,13,63,57,6,42,3,21,12,6,44,32,12,46,28,18,60,23,37,59,7,52
S01011732,454,39,27,12,82,10,22,25,25,72,9,7,9,3,44,90,78,12,43,0,20,16,7,31,23,8,34,29,5,33,13,20,30,4,26
S01011733,409,17,11,6,47,9,12,14,12,44,11,3,6,5,19,70,61,9,52,3,17,23,9,48,36,12,39,27,12,40,13,27,52,6,46
S01011734,380,28,22,6,59,9,10,25,15,38,3,3,3,9,20,63,59,4,49,2,23,17,7,39,28,11,35,26,9,23,8,15,46,4,42
S01011735,359,30,20,10,63,12,17,17,17,53,11,3,3,5,31,62,50,12,46,0,19,20,7,31,23,8,28,21,7,19,5,14,27,2,25
S01011736,368,21,12,9,38,8,11,9,10,35,7,3,5,2,18,64,56,8,38,2,13,20,3,46,35,11,39,21,18,34,14,20,53,5,48
S01011737,283,14,8,6,28,5,6,11,6,31,5,4,2,2,18,39,32,7,32,1,8,19,4,29,24,5,39,23,16,26,8,18,45,5,40
S01011738,476,39,20,19,48,10,11,16,11,50,9,4,5,4,28,74,61,13,53,3,18,19,13,47,33,14,36,26,10,63,30,33,66,10,56
S01011739,238,8,8,0,19,2,9,4,4,10,2,1,3,1,3,41,37,4,26,3,11,9,3,26,20,6,29,25,4,31,17,14,48,3,45
S01011740,283,22,12,10,25,4,11,6,4,20,1,3,4,1,11,31,25,6,26,1,14,7,4,38,27,11,37,29,8,30,14,16,54,10,44
S01011741,292,7,5,2,18,6,5,3,4,24,9,2,1,2,10,53,47,6,40,1,17,18,4,27,19,8,41,31,10,34,15,19,48,5,43
S01011742,347,19,16,3,41,10,15,6,10,33,5,8,5,3,12,54,44,10,36,6,17,9,4,39,28,11,50,42,8,36,11,25,39,2,37
S01011743,397,16,9,7,45,12,13,10,10,50,6,6,13,6,19,69,59,10,53,0,30,14,9,30,24,6,43,30,13,38,18,20,53,2,51
S01011744,364,24,15,9,38,10,6,10,12,50,8,6,4,5,27,53,49,4,36,0,14,15,7,37,27,10,37,28,9,36,11,25,53,9,44
S01011745,270,19,10,9,20,2,8,5,5,27,3,2,4,3,15,42,37,5,32,4,13,13,2,31,20,11,22,19,3,19,4,15,58,3,55
S01011746,230,8,2,6,8,0,4,3,1,14,4,1,0,1,8,23,19,4,27,1,11,7,8,32,25,7,28,21,7,31,15,16,59,6,53
S01011747,374,21,6,15,16,5,4,4,3,21,6,1,5,1,8,46,39,7,41,1,18,12,10,55,42,13,41,32,9,48,23,25,85,11,74
S01011748,370,8,4,4,16,3,9,3,1,35,8,6,1,0,20,41,34,7,40,1,15,11,13,57,41,16,52,38,14,37,14,23,84,7,77
S01011749,295,11,5,6,10,4,3,1,2,34,8,9,4,1,12,37,34,3,33,3,8,16,6,30,16,14,39,33,6,33,14,19,68,8,60
S01011750,369,24,14,10,36,5,15,4,12,37,4,6,8,3,16,52,47,5,38,1,8,16,13,37,31,6,37,32,5,41,15,26,67,10,57
S01011751,454,16,11,5,24,4,5,10,5,48,14,5,3,3,23,45,40,5,48,5,9,20,14,62,40,22,55,44,11,56,30,26,100,5,95
S01011752,486,28,17,11,49,8,14,14,13,66,15,8,6,3,34,72,61,11,64,4,24,24,12,40,29,11,58,42,16,50,23,27,59,7,52
S01011753,372,29,19,10,66,7,16,28,15,40,11,4,3,5,17,55,45,10,41,3,22,9,7,31,23,8,37,28,9,18,11,7,55,2,53
S01011754,330,14,6,8,26,6,7,7,6,24,6,6,1,0,11,51,46,5,48,3,23,12,10,42,31,11,41,31,10,40,17,23,44,1,43
S01011755,481,28,14,14,30,3,11,10,6,61,13,8,5,3,32,64,57,7,58,5,21,23,9,59,43,16,58,41,17,54,26,28,69,7,62
S01011756,467,19,15,4,37,7,6,12,12,49,8,7,6,4,24,76,66,10,55,2,26,20,7,56,42,14,55,39,16,36,9,27,84,12,72
S01011757,315,12,8,4,21,4,10,3,4,26,5,3,3,3,12,51,42,9,45,2,20,16,7,35,29,6,43,30,13,39,17,22,43,3,40
S01011758,313,21,16,5,14,5,1,1,7,32,6,3,7,5,11,52,46,6,32,2,12,11,7,36,28,8,42,28,14,31,13,18,53,6,47
S01011759,368,10,5,5,35,13,11,6,5,26,3,4,6,2,11,72,64,8,34,0,15,10,9,40,32,8,41,27,14,59,32,27,51,7,44
S01011760,428,15,12,3,26,5,8,7,6,46,10,3,4,4,25,87,76,11,46,3,18,19,6,38,27,11,51,43,8,51,14,37,68,11,57
S01011761,317,19,13,6,35,4,9,12,10,33,5,10,6,2,10,38,33,5,32,1,11,17,3,32,23,9,33,25,8,35,8,27,60,3,57
S01011762,294,17,8,9,21,5,5,7,4,34,7,2,9,1,15,33,29,4,34,3,14,13,4,36,21,15,44,30,14,28,15,13,47,5,42
S01011763,386,29,21,8,29,6,7,10,6,39,8,6,7,4,14,66,55,11,50,2,24,16,8,40,32,8,43,35,8,36,14,22,54,1,53
S01011764,206,11,9,2,18,3,3,3,9,20,4,4,2,1,9,27,21,6,23,1,13,4,5,22,17,5,28,22,6,23,9,14,34,2,32
S01011765,597,56,35,21,89,19,15,28,27,94,16,12,13,7,46,101,83,18,70,1,33,27,9,48,33,15,47,30,17,38,11,27,54,8,46
S01011766,282,34,24,10,46,12,9,17,8,36,3,0,8,1,24,35,33,2,39,2,13,15,9,19,9,10,31,20,11,23,9,14,19,3,16
S01011767,391,29,16,13,41,6,14,13,8,30,7,2,3,5,13,57,45,12,44,0,15,22,7,44,32,12,43,32,11,47,14,33,56,7,49
S01011768,334,12,6,6,24,5,9,5,5,33,4,5,9,2,13,50,36,14,39,0,16,14,9,39,30,9,31,20,11,33,15,18,73,3,70
S01011769,266,11,5,6,22,6,2,8,6,28,3,4,3,2,16,35,31,4,34,2,15,9,8,35,28,7,27,21,6,30,11,19,44,2,42
S01011770,357,15,8,7,31,9,8,10,4,31,5,8,2,4,12,63,53,10,43,3,15,20,5,35,21,14,30,17,13,43,22,21,66,4,62
S01011771,401,40,33,7,69,16,12,23,18,65,4,11,5,2,43,63,47,16,40,0,13,17,10,28,19,9,45,35,10,21,10,11,30,2,28
S01011772,587,113,78,35,133,22,40,38,33,93,9,3,15,13,53,73,56,17,41,3,19,10,9,33,27,6,43,39,4,20,7,13,38,2,36
S01011773,371,39,33,6,72,15,21,22,14,53,7,3,10,3,30,52,41,11,36,3,16,12,5,28,25,3,41,26,15,33,20,13,17,4,13
S01011774,492,44,28,16,84,20,16,17,31,92,14,8,19,8,43,78,64,14,53,1,21,21,10,30,21,9,44,33,11,26,8,18,41,4,37
S01011775,383,60,50,10,86,16,20,24,26,68,9,7,13,4,35,43,31,12,32,0,13,10,9,20,17,3,36,24,12,16,4,12,22,2,20
S01011776,588,86,66,20,158,32,46,42,38,87,4,8,17,9,49,76,59,17,45,1,14,22,8,41,28,13,47,28,19,26,6,20,22,3,19
S01011777,349,37,28,9,75,19,20,16,20,75,4,8,15,8,40,58,47,11,28,0,12,13,3,23,17,6,24,19,5,14,3,11,15,6,9
S01011778,363,37,26,11,92,13,17,31,31,67,6,3,14,4,40,58,42,16,31,1,17,8,5,18,13,5,28,18,10,12,1,11,20,2,18
S01011779,417,48,31,17,97,16,31,28,22,59,5,3,9,2,40,57,47,10,51,0,25,17,9,26,20,6,35,26,9,23,8,15,21,1,20
S01011780,520,81,57,24,116,21,32,33,30,80,10,10,14,5,41,62,51,11,36,0,10,16,10,26,19,7,49,38,11,35,12,23,35,3,32
S01011781,308,31,23,8,67,16,13,19,19,45,3,8,6,6,22,49,45,4,19,0,10,9,0,23,17,6,26,24,2,25,7,18,23,4,19
S01011782,382,41,33,8,73,11,17,24,21,61,10,6,0,9,36,53,44,9,38,0,22,13,3,34,25,9,39,33,6,24,11,13,19,1,18
S01011783,321,30,24,6,72,10,18,25,19,45,9,4,2,3,27,46,38,8,35,1,12,11,11,16,15,1,34,27,7,24,14,10,19,0,19
S01011784,381,20,8,12,38,3,15,8,12,34,4,5,4,3,18,60,53,7,40,6,15,14,5,41,29,12,54,35,19,37,10,27,57,4,53
S01011785,421,24,17,7,48,11,11,10,16,51,4,6,4,5,32,74,65,9,51,1,26,16,8,42,30,12,42,34,8,34,9,25,55,7,48
S01011786,230,26,19,7,56,10,17,12,17,53,7,4,12,3,27,22,22,0,26,1,9,12,4,7,5,2,24,16,8,8,5,3,8,0,8
S01011787,395,17,13,4,42,7,9,18,8,27,1,1,4,5,16,47,41,6,71,4,12,43,12,37,28,9,50,44,6,49,24,25,55,19,36
S01011788,361,103,72,31,97,20,17,25,35,40,1,0,2,8,29,36,23,13,26,0,10,11,5,16,6,10,26,15,11,6,3,3,11,0,11
S01011789,318,27,16,11,43,8,14,17,4,32,4,7,3,4,14,39,28,11,57,9,23,19,6,38,26,12,18,15,3,32,9,23,32,9,23
S01011790,446,33,24,9,54,11,11,18,14,45,3,8,5,6,23,50,40,10,71,4,25,29,13,48,42,6,43,34,9,49,18,31,53,13,40
S01011791,319,12,9,3,29,4,13,5,7,23,7,1,4,0,11,38,34,4,62,3,24,29,6,43,35,8,26,18,8,32,10,22,54,9,45
S01011792,356,25,15,10,56,6,14,24,12,45,13,7,2,3,20,49,41,8,49,6,18,20,5,28,20,8,23,17,6,33,13,20,48,11,37
S01011793,335,34,26,8,68,16,15,21,16,36,5,4,8,4,15,44,36,8,51,6,14,22,9,30,20,10,19,15,4,26,9,17,27,6,21
S01011794,380,24,18,6,34,4,10,9,11,37,4,8,11,0,14,61,48,13,53,2,12,30,9,44,37,7,35,25,10,38,12,26,54,9,45
S01011795,269,10,7,3,25,5,4,11,5,25,4,3,5,4,9,33,29,4,42,4,19,14,5,35,29,6,27,22,5,36,15,21,36,12,24
S01011796,321,15,9,6,32,9,12,3,8,26,3,8,2,3,10,36,31,5,43,2,17,15,9,37,27,10,40,28,12,38,18,20,54,18,36
S01011797,573,53,45,8,88,13,36,13,26,94,5,6,23,11,49,90,67,23,71,2,27,35,7,49,33,16,42,34,8,43,9,34,43,6,37
S01011798,241,12,8,4,21,3,4,6,8,23,4,3,0,2,14,24,20,4,38,0,9,21,8,25,21,4,33,26,7,28,14,14,37,9,28
S01011799,443,34,24,10,64,10,16,22,16,50,8,8,3,3,28,58,43,15,71,3,26,35,7,39,31,8,43,36,7,42,22,20,42,10,32
S01011800,254,10,8,2,17,3,7,5,2,21,3,2,2,3,11,31,22,9,49,2,17,24,6,21,19,2,23,18,5,39,18,21,43,13,30
S01011801,227,10,8,2,17,3,6,4,4,21,1,6,2,1,11,36,27,9,32,2,11,15,4,24,20,4,24,19,5,17,7,10,46,9,37
S01011802,288,25,21,4,26,5,10,5,6,27,7,4,7,1,8,36,22,14,47,4,17,22,4,41,31,10,20,16,4,28,11,17,38,13,25
S01011803,259,11,9,2,19,5,9,1,4,23,3,4,4,2,10,28,23,5,45,5,15,18,7,31,25,6,34,30,4,35,13,22,33,12,21
S01011804,374,29,10,19,51,9,15,12,15,34,12,3,1,5,13,25,19,6,49,8,10,12,19,41,28,13,32,29,3,38,12,26,75,20,55
S01011805,280,17,8,9,44,12,5,17,10,40,2,5,0,16,17,23,22,1,52,9,21,10,12,27,16,11,15,11,4,19,7,12,43,10,33
S01011806,377,45,27,18,43,9,13,9,12,41,10,2,3,4,22,34,29,5,70,14,20,21,15,37,28,9,21,18,3,35,18,17,51,7,44
S01011807,610,45,21,24,94,17,24,38,15,56,11,10,3,11,21,51,39,12,177,92,44,29,12,54,45,9,33,26,7,39,13,26,61,20,41
S01011808,330,31,17,14,43,3,13,21,6,32,8,3,1,5,15,26,23,3,70,16,13,27,14,31,26,5,30,28,2,21,6,15,46,8,38
S01011809,402,43,17,26,70,18,15,27,10,30,6,3,2,4,15,40,36,4,81,27,19,21,14,29,26,3,25,21,4,33,19,14,51,20,31
S01011810,496,33,17,16,68,10,18,23,17,35,2,2,5,6,20,47,37,10,133,48,19,46,20,62,46,16,23,20,3,40,16,24,55,22,33
S01011811,554,40,23,17,69,11,18,24,16,45,12,9,1,6,17,48,30,18,156,68,30,44,14,50,36,14,33,30,3,56,25,31,57,22,35
S01011812,349,28,17,11,61,6,11,24,20,43,4,8,1,10,20,32,27,5,89,43,14,22,10,31,25,6,7,7,0,15,6,9,43,17,26
S01011813,427,32,21,11,63,5,19,26,13,29,2,1,4,6,16,45,31,14,110,34,18,48,10,39,34,5,29,25,4,40,10,30,40,13,27
S01011814,403,27,14,13,62,11,12,26,13,43,8,7,4,2,22,29,25,4,93,53,9,22,9,45,37,8,19,14,5,30,11,19,55,22,33
S01011815,441,27,15,12,62,9,27,19,7,52,10,6,10,5,21,48,37,11,91,32,13,27,19,50,39,11,27,23,4,34,16,18,50,15,35
S01011816,351,60,34,26,57,7,12,24,14,43,6,4,5,3,25,30,24,6,46,7,15,19,5,28,24,4,31,25,6,31,13,18,25,3,22
S01011817,430,56,36,20,54,6,19,15,14,33,7,3,3,1,19,37,25,12,103,24,28,37,14,41,33,8,28,23,5,41,21,20,37,8,29
S01011818,607,38,21,17,66,13,18,15,20,76,7,16,11,3,39,70,54,16,100,11,30,36,23,60,44,16,64,53,11,51,16,35,82,8,74
S01011819,466,22,15,7,37,2,11,10,14,40,7,5,9,1,18,50,35,15,88,9,23,31,25,61,41,20,45,40,5,44,17,27,79,13,66
S01011820,372,24,14,10,55,2,23,17,13,43,4,10,10,7,12,42,30,12,67,6,19,31,11,40,30,10,27,24,3,26,14,12,48,11,37
S01011821,220,19,7,12,19,4,6,5,4,14,0,4,6,0,4,24,18,6,38,5,8,21,4,23,13,10,25,22,3,23,8,15,35,4,31
S01011822,404,28,16,12,34,11,5,9,9,31,6,4,5,5,11,33,24,9,90,9,22,33,26,50,31,19,39,37,2,27,14,13,72,7,65
S01011823,326,27,12,15,33,4,10,12,7,33,5,6,4,1,17,31,20,11,47,6,12,18,11,36,31,5,37,34,3,22,10,12,60,11,49
S01011824,379,16,9,7,26,2,9,7,8,31,6,4,7,2,12,31,28,3,80,12,21,26,21,48,39,9,34,30,4,31,13,18,82,14,68
S01011825,285,24,11,13,39,4,10,14,11,29,5,8,1,2,13,23,21,2,36,7,5,13,11,49,36,13,30,29,1,22,11,11,33,7,26
S01011826,371,32,16,16,58,15,17,20,6,25,3,8,1,2,11,36,29,7,70,7,14,24,25,39,28,11,32,26,6,26,10,16,53,8,45
S01011827,217,23,9,14,13,3,2,6,2,24,5,7,1,3,8,11,10,1,61,35,11,9,6,26,15,11,10,10,0,19,7,12,30,13,17
S01011828,486,37,17,20,66,13,20,20,13,37,3,9,3,5,17,35,28,7,127,66,16,27,18,68,53,15,26,22,4,37,13,24,53,22,31
S01011829,241,21,13,8,39,10,7,14,8,24,2,2,2,10,8,24,17,7,53,14,11,17,11,24,21,3,12,9,3,28,8,20,16,5,11
S01011830,287,19,6,13,29,7,8,8,6,29,3,6,3,8,9,15,11,4,103,74,7,15,7,30,16,14,6,6,0,20,10,10,36,16,20
S01011831,393,29,7,22,53,9,12,23,9,28,2,4,5,10,7,21,14,7,125,89,9,17,10,47,30,17,9,8,1,18,13,5,63,31,32
S01011832,441,41,15,26,35,4,11,13,7,42,2,10,3,10,17,20,17,3,134,83,9,28,14,53,42,11,23,23,0,28,18,10,65,33,32
S01011833,459,74,52,22,117,25,37,32,23,67,6,7,7,14,33,46,34,12,54,18,18,13,5,27,18,9,20,17,3,16,5,11,38,8,30
S01011834,254,43,31,12,76,14,30,12,20,36,3,3,6,4,20,31,23,8,22,7,5,8,2,12,8,4,13,9,4,5,1,4,16,7,9
S01011835,379,67,41,26,94,20,25,22,27,60,6,7,11,8,28,40,32,8,49,16,11,15,7,21,15,6,20,15,5,5,4,1,23,11,12
S01011836,379,59,41,18,87,23,21,28,15,60,5,4,9,7,35,46,38,8,49,11,21,11,6,24,15,9,18,13,5,17,12,5,19,2,17
S01011837,329,61,38,23,72,18,17,12,25,54,6,8,7,7,26,29,18,11,40,16,6,12,6,18,14,4,16,11,5,18,8,10,21,7,14
S01011838,413,64,42,22,102,25,31,21,25,60,6,5,10,8,31,46,32,14,31,0,7,11,13,24,15,9,21,15,6,21,13,8,44,9,35
S01011839,494,62,38,24,101,23,29,29,20,71,11,9,10,11,30,54,45,9,58,11,20,17,10,38,28,10,40,33,7,24,9,15,46,5,41
S01011840,517,61,40,21,103,17,33,30,23,60,8,12,7,7,26,59,45,14,59,6,19,20,14,36,25,11,42,33,9,33,10,23,64,6,58
S01011841,452,44,26,18,94,14,34,26,20,76,7,12,15,8,34,38,23,15,50,8,8,22,12,40,31,9,34,24,10,26,14,12,50,9,41
S01011842,446,31,19,12,66,15,12,22,17,46,5,10,8,3,20,36,29,7,68,11,22,22,13,48,35,13,44,31,13,39,16,23,68,13,55
S01011843,508,86,55,31,129,25,31,33,40,58,4,6,5,8,35,38,24,14,87,28,23,23,13,28,16,12,28,26,2,20,4,16,34,7,27
S01011844,349,55,40,15,107,21,33,20,33,56,5,9,3,13,26,30,22,8,28,8,8,8,4,24,14,10,15,12,3,7,3,4,27,7,20
S01011845,412,39,26,13,62,13,17,14,18,60,3,12,7,11,27,52,37,15,57,12,22,15,8,36,26,10,30,24,6,30,7,23,46,5,41
S01011846,457,67,38,29,100,19,25,20,36,63,6,4,7,14,32,49,36,13,51,14,14,13,10,22,14,8,30,23,7,26,9,17,49,15,34
S01011847,222,43,26,17,59,13,15,16,15,30,1,4,1,5,19,20,13,7,25,13,5,6,1,11,4,7,13,11,2,8,3,5,13,8,5
S01011848,384,30,15,15,89,16,26,27,20,54,5,7,5,13,24,40,33,7,53,25,8,13,7,34,26,8,19,15,4,26,7,19,39,17,22
S01011849,448,53,27,26,71,16,22,16,17,57,9,10,6,7,25,41,31,10,64,13,22,20,9,50,31,19,33,24,9,39,19,20,40,8,32
S01011850,361,72,39,33,43,8,8,15,12,43,1,4,4,6,28,40,26,14,58,27,10,11,10,28,13,15,15,11,4,12,5,7,50,10,40
S01011851,442,51,29,22,56,15,13,13,15,61,6,10,3,12,30,33,23,10,74,23,14,23,14,41,31,10,33,30,3,42,13,29,51,12,39
S01011852,488,51,24,27,57,6,18,11,22,54,2,13,6,7,26,41,24,17,88,14,14,36,24,51,27,24,36,29,7,35,15,20,75,10,65
S01011853,378,48,28,20,50,8,15,11,16,51,2,9,4,6,30,42,33,9,59,10,8,26,15,38,17,21,26,25,1,24,10,14,40,0,40
S01011854,377,42,28,14,50,9,14,14,13,46,4,9,2,5,26,35,29,6,44,9,5,19,11,57,42,15,34,29,5,26,10,16,43,4,39
S01011855,419,27,13,14,31,6,13,5,7,38,2,11,2,6,17,37,29,8,82,11,12,31,28,59,30,29,32,30,2,36,5,31,77,10,67
S01011856,281,63,45,18,57,11,19,12,15,46,2,1,4,10,29,31,16,15,28,9,9,5,5,18,8,10,17,11,6,5,2,3,16,0,16
S01011857,346,51,29,22,62,4,21,20,17,41,2,5,7,11,16,28,14,14,62,23,14,20,5,29,20,9,15,10,5,18,8,10,40,15,25
S01011858,335,52,25,27,69,10,19,14,26,41,7,4,1,7,22,26,19,7,56,10,9,22,15,38,26,12,16,13,3,8,3,5,29,9,20
S01011859,323,35,13,22,41,8,10,9,14,27,2,9,3,4,9,29,20,9,61,13,8,27,13,52,32,20,21,18,3,24,7,17,33,10,23
S01011860,392,62,26,36,42,7,5,16,14,33,0,2,0,15,16,33,15,18,68,24,5,12,27,31,20,11,18,13,5,16,9,7,89,11,78
S01011861,375,67,34,33,60,8,12,15,25,37,2,4,5,11,15,32,22,10,75,29,6,19,21,31,23,8,18,15,3,16,5,11,39,13,26
S01011862,404,50,31,19,83,10,13,41,19,62,5,10,2,15,30,45,31,14,43,2,17,10,14,44,34,10,26,21,5,17,13,4,34,6,28
S01011863,339,61,38,23,84,13,21,22,28,48,5,5,2,14,22,23,17,6,34,6,6,8,14,25,16,9,22,16,6,12,5,7,30,5,25
S01011864,336,49,25,24,65,10,16,21,18,41,1,5,3,7,25,32,25,7,46,5,12,19,10,31,18,13,23,23,0,16,3,13,33,2,31
S01011865,274,25,15,10,34,2,5,16,11,38,7,2,8,9,12,32,17,15,49,8,16,19,6,31,20,11,18,18,0,15,4,11,32,4,28
S01011866,381,27,13,14,48,11,7,19,11,46,4,6,7,7,22,34,23,11,63,2,15,29,17,47,32,15,26,21,5,31,10,21,59,13,46
S01011867,468,38,19,19,42,7,10,13,12,38,2,9,5,9,13,40,29,11,79,10,17,37,15,68,50,18,40,31,9,38,15,23,85,15,70
S01011868,422,44,19,25,70,16,19,24,11,37,9,6,1,8,13,42,28,14,61,8,14,26,13,49,33,16,51,46,5,19,11,8,49,9,40
S01011869,430,47,14,33,75,15,16,26,18,43,10,2,3,9,19,31,21,10,67,14,22,24,7,63,46,17,34,32,2,22,5,17,48,10,38
S01011870,315,17,7,10,40,12,10,7,11,33,4,6,3,3,17,25,17,8,58,6,17,19,16,34,26,8,30,26,4,27,9,18,51,13,38
S01011871,567,76,39,37,95,15,27,28,25,81,2,13,14,13,39,44,30,14,104,45,22,26,11,57,32,25,28,24,4,26,9,17,56,17,39
S01011872,476,76,42,34,97,21,28,31,17,63,4,8,4,16,31,52,38,14,74,38,15,15,6,29,23,6,31,22,9,24,5,19,30,14,16
S01011873,441,51,32,19,83,13,30,15,25,66,8,14,10,4,30,63,43,20,63,10,25,21,7,32,20,12,26,18,8,17,6,11,40,8,32
S01011874,368,44,29,15,50,11,13,15,11,55,9,8,15,4,19,49,34,15,52,8,12,21,11,27,21,6,31,28,3,27,13,14,33,7,26
S01011875,297,14,10,4,43,9,15,8,11,43,6,8,4,2,23,42,31,11,41,4,14,17,6,20,15,5,25,18,7,31,11,20,38,12,26
S01011876,495,73,44,29,112,15,28,34,35,55,5,8,6,6,30,51,31,20,84,37,20,18,9,32,22,10,33,25,8,26,11,15,29,10,19
S01011877,284,24,16,8,42,12,7,16,7,40,3,8,2,13,14,21,17,4,59,15,17,21,6,19,13,6,26,16,10,20,7,13,33,9,24
S01011878,517,55,32,23,143,13,36,71,23,64,5,11,3,10,35,47,37,10,80,33,20,18,9,44,27,17,27,21,6,22,7,15,35,12,23
S01011879,274,51,32,19,68,12,23,17,16,34,4,3,3,8,16,24,18,6,34,10,10,8,6,17,15,2,18,12,6,10,3,7,18,2,16
S01011880,299,35,25,10,57,9,17,14,17,43,4,4,6,4,25,15,8,7,56,27,13,10,6,25,20,5,20,14,6,15,6,9,33,12,21
S01011881,417,36,18,18,68,14,18,18,18,57,5,10,8,4,30,46,36,10,58,5,19,21,13,44,37,7,30,22,8,25,10,15,53,7,46
S01011882,449,28,13,15,57,7,19,20,11,55,9,7,15,6,18,53,40,13,58,8,19,25,6,44,37,7,57,39,18,37,9,28,60,5,55
S01011883,561,54,28,26,141,19,32,54,36,62,5,6,11,11,29,74,51,23,57,12,23,16,6,45,33,12,44,33,11,30,14,16,54,12,42
S01011884,233,38,15,23,41,10,15,7,9,34,2,5,2,4,21,21,15,6,41,20,7,12,2,13,9,4,16,11,5,15,4,11,14,7,7
S01011885,378,36,24,12,107,25,24,32,26,69,5,8,11,10,35,41,33,8,48,14,9,21,4,15,11,4,25,16,9,15,8,7,22,6,16
S01011886,437,45,30,15,89,19,27,22,21,54,2,6,8,4,34,43,33,10,41,7,9,19,6,39,30,9,50,37,13,33,13,20,43,10,33
S01011887,289,19,13,6,46,8,14,10,14,30,4,9,4,2,11,31,27,4,52,4,19,20,9,24,20,4,33,24,9,20,5,15,34,5,29
S01011888,421,32,14,18,34,7,20,3,4,52,8,14,7,1,22,40,32,8,51,3,17,20,11,39,33,6,65,53,12,41,14,27,67,5,62
S01011889,405,50,35,15,87,19,24,24,20,59,9,7,10,5,28,48,41,7,42,2,16,16,8,33,27,6,31,22,9,23,13,10,32,8,24
S01011890,376,33,19,14,81,9,32,13,27,48,6,11,1,5,25,46,33,13,41,2,15,14,10,35,25,10,35,25,10,17,3,14,40,6,34
S01011891,372,20,9,11,39,3,18,8,10,38,7,5,8,3,15,26,20,6,63,6,20,22,15,49,36,13,53,37,16,27,11,16,57,10,47
S01011892,621,52,33,19,140,20,53,38,29,85,11,21,10,8,35,77,55,22,56,2,23,24,7,36,19,17,79,53,26,34,12,22,62,8,54
S01011893,504,30,19,11,94,17,23,23,31,63,13,11,5,6,28,79,68,11,58,1,16,29,12,41,27,14,65,41,24,18,5,13,56,9,47
S01011894,349,27,13,14,50,9,16,12,13,39,2,2,9,3,23,37,32,5,42,2,12,15,13,33,22,11,48,32,16,31,13,18,42,5,37
S01011895,273,34,20,14,78,9,20,23,26,45,6,6,6,2,25,34,26,8,26,1,7,12,6,15,11,4,19,14,5,7,3,4,15,0,15
S01011896,430,35,19,16,115,25,37,22,31,65,8,13,9,8,27,54,36,18,41,1,16,12,12,27,21,6,45,38,7,17,6,11,31,4,27
S01011897,476,60,33,27,117,17,34,34,32,54,4,6,5,7,32,78,56,22,44,4,17,14,9,36,32,4,31,25,6,30,8,22,26,1,25
S01011898,358,43,28,15,112,18,26,39,29,60,4,11,5,6,34,40,30,10,22,1,10,9,2,21,14,7,39,26,13,9,1,8,12,1,11
S01011899,379,20,17,3,66,10,20,17,19,70,11,8,12,6,33,59,44,15,41,4,17,12,8,32,22,10,37,28,9,26,9,17,28,4,24
S01011900,387,46,34,12,78,17,17,25,19,79,12,8,12,10,37,55,40,15,31,2,14,10,5,31,23,8,39,30,9,5,1,4,23,0,23
S01011901,447,55,40,15,101,26,37,22,16,58,6,5,5,6,36,53,41,12,44,4,12,22,6,38,23,15,38,19,19,24,9,15,36,4,32
S01011902,516,46,33,13,117,23,31,31,32,90,12,14,10,5,49,71,54,17,49,5,21,19,4,35,24,11,51,34,17,20,5,15,37,7,30
S01011903,370,49,28,21,72,11,23,26,12,68,8,13,9,5,33,58,38,20,39,2,10,16,11,25,20,5,28,21,7,14,7,7,17,3,14
S01011904,383,51,31,20,75,10,24,22,19,64,3,10,9,4,38,57,47,10,29,2,15,5,7,25,19,6,36,30,6,17,7,10,29,1,28
S01011905,421,59,38,21,98,14,31,30,23,54,4,8,5,2,35,68,52,16,36,2,15,13,6,34,30,4,31,25,6,14,7,7,27,5,22
S01011906,228,21,16,5,34,3,13,6,12,44,6,7,9,3,19,34,28,6,19,1,4,8,6,17,11,6,28,20,8,13,4,9,18,1,17
S01011907,447,28,16,12,74,7,30,16,21,64,8,7,8,3,38,59,49,10,59,4,32,15,8,33,25,8,64,36,28,24,8,16,42,4,38
S01011908,227,12,11,1,37,9,12,6,10,48,4,12,8,2,22,21,18,3,25,1,12,7,5,21,18,3,28,20,8,10,5,5,25,2,23
S01011909,682,68,45,23,97,13,27,29,28,112,16,18,19,5,54,76,60,16,78,3,29,32,14,61,46,15,81,49,32,43,19,24,66,11,55
S01011910,404,20,15,5,19,7,4,4,4,33,9,7,0,7,10,31,25,6,56,5,16,19,16,49,36,13,72,51,21,30,10,20,94,7,87
S01011911,317,14,8,6,26,2,13,5,6,33,6,9,4,3,11,36,31,5,49,2,19,20,8,32,19,13,51,38,13,25,11,14,51,2,49
S01011912,365,13,8,5,20,4,8,5,3,36,9,9,5,5,8,41,28,13,62,1,18,26,17,53,41,12,51,39,12,35,11,24,54,4,50
S01011913,345,21,8,13,23,4,12,1,6,27,6,6,5,1,9,27,25,2,39,2,12,13,12,33,19,14,64,51,13,39,9,30,72,3,69
S01011914,377,15,7,8,14,4,6,3,1,35,4,14,2,4,11,35,28,7,55,6,12,21,16,45,34,11,61,36,25,35,20,15,82,11,71
S01011915,388,19,10,9,29,3,19,2,5,32,5,7,6,3,11,35,31,4,57,7,17,23,10,45,33,12,65,49,16,43,13,30,63,8,55
S01011916,270,11,6,5,23,5,7,5,6,15,2,3,5,0,5,23,17,6,44,2,10,17,15,37,30,7,39,23,16,19,8,11,59,5,54
S01011917,247,9,6,3,10,0,7,1,2,28,4,11,4,2,7,26,24,2,36,3,10,15,8,38,25,13,38,29,9,20,6,14,42,8,34
S01011918,317,11,7,4,21,4,8,2,7,25,6,5,1,4,9,20,16,4,40,4,9,16,11,36,31,5,50,37,13,27,9,18,87,12,75
S01011919,475,26,14,12,44,10,15,16,3,44,7,9,5,5,18,36,26,10,75,8,20,23,24,55,43,12,65,42,23,43,17,26,87,9,78
S01011920,325,13,7,6,23,6,10,3,4,28,2,11,2,1,12,22,22,0,44,4,15,16,9,46,35,11,58,45,13,27,12,15,64,11,53
S01011921,276,5,4,1,20,4,10,3,3,27,2,5,3,4,13,32,25,7,39,1,12,16,10,24,16,8,44,35,9,32,15,17,53,7,46
S01011922,382,13,7,6,15,6,3,2,4,25,5,8,3,2,7,41,30,11,48,0,11,19,18,48,36,12,65,42,23,44,18,26,83,12,71
S01011923,405,26,14,12,18,1,5,7,5,44,8,6,2,1,27,45,36,9,55,3,16,28,8,56,41,15,49,34,15,29,18,11,83,11,72
S01011924,217,14,9,5,10,1,3,1,5,20,4,4,5,2,5,23,21,2,34,2,8,19,5,28,19,9,33,23,10,16,4,12,39,7,32
S01011925,445,58,36,22,65,9,24,8,24,66,8,11,8,8,31,49,37,12,56,2,16,19,19,39,31,8,58,42,16,20,7,13,34,5,29
S01011926,326,16,13,3,15,1,2,5,7,30,4,6,1,2,17,43,33,10,52,2,18,17,15,29,23,6,53,37,16,27,14,13,61,7,54
S01011927,292,11,6,5,19,2,6,6,5,17,1,6,3,3,4,37,33,4,31,2,7,12,10,43,32,11,58,42,16,22,7,15,54,11,43
S01011928,360,17,11,6,26,6,8,4,8,35,6,9,5,3,12,35,30,5,59,4,16,26,13,47,34,13,46,32,14,28,12,16,67,9,58
S01011929,354,16,10,6,16,2,9,3,2,31,2,9,5,2,13,43,34,9,50,2,14,21,13,31,22,9,67,48,19,31,13,18,69,13,56
S01011930,318,18,13,5,13,2,7,2,2,36,1,9,7,2,17,38,30,8,46,5,11,20,10,36,26,10,46,31,15,26,9,17,59,13,46
S01011931,274,15,10,5,19,1,8,5,5,26,2,2,6,4,12,14,14,0,31,4,9,10,8,30,22,8,40,29,11,25,10,15,74,11,63
S01011932,373,25,18,7,48,13,21,6,8,50,5,8,8,1,28,45,36,9,47,1,19,12,15,27,19,8,50,20,30,23,11,12,58,8,50
S01011933,368,17,3,14,39,10,9,10,10,39,3,8,6,3,19,34,26,8,49,2,11,16,20,37,28,9,57,38,19,39,18,21,57,17,40
S01011934,533,46,26,20,70,12,24,17,17,71,9,14,8,9,31,57,49,8,63,2,22,23,16,41,29,12,56,38,18,40,16,24,89,16,73
S01011935,502,25,7,18,46,13,12,11,10,52,9,4,5,8,26,39,27,12,67,8,11,17,31,41,28,13,61,47,14,32,15,17,139,25,114
S01011936,398,42,23,19,83,15,24,21,23,58,4,8,4,9,33,33,28,5,32,6,7,4,15,28,24,4,52,35,17,19,7,12,51,7,44
S01011937,394,36,17,19,70,18,14,22,16,44,4,5,8,9,18,33,27,6,31,2,9,10,10,36,24,12,62,39,23,25,11,14,57,6,51
S01011938,385,48,18,30,73,16,21,14,22,51,3,7,6,12,23,37,31,6,42,6,10,18,8,28,18,10,38,22,16,17,7,10,51,7,44
S01011939,417,30,22,8,54,8,16,16,14,43,3,7,4,5,24,35,27,8,46,3,7,25,11,45,35,10,60,42,18,26,8,18,78,10,68
S01011940,240,21,11,10,27,6,7,5,9,21,0,4,2,4,11,19,14,5,37,3,7,8,19,18,11,7,33,17,16,18,11,7,46,5,41
S01011941,472,29,15,14,74,21,23,11,19,41,3,5,3,8,22,42,32,10,60,2,8,12,38,50,33,17,73,63,10,18,9,9,85,11,74
S01011942,470,27,13,14,45,13,13,7,12,49,10,8,3,5,23,34,30,4,65,1,20,26,18,33,19,14,80,42,38,28,14,14,109,9,100
S01011943,577,43,18,25,60,18,17,16,9,65,10,8,4,13,30,52,46,6,71,3,11,25,32,54,43,11,91,67,24,20,6,14,121,17,104
S01011944,207,28,21,7,56,8,18,13,17,28,2,5,5,2,14,20,12,8,24,10,6,5,3,17,10,7,13,8,5,10,4,6,11,1,10
S01011945,347,53,29,24,120,20,43,24,33,47,4,5,6,6,26,33,21,12,27,3,5,15,4,21,11,10,20,16,4,10,7,3,16,1,15
S01011946,323,31,24,7,59,5,26,7,21,29,2,7,0,6,14,34,28,6,39,3,10,16,10,29,19,10,32,24,8,16,8,8,54,3,51
S01011947,216,14,8,6,34,5,17,5,7,28,1,2,4,2,19,28,15,13,25,8,11,5,1,20,14,6,32,26,6,17,5,12,18,1,17
S01011948,484,64,29,35,124,26,29,37,32,76,9,13,3,18,33,40,32,8,45,7,14,12,12,26,25,1,41,30,11,27,9,18,41,5,36
S01011949,303,44,27,17,59,7,19,16,17,50,5,9,6,3,27,44,33,11,28,5,6,16,1,27,19,8,27,19,8,9,2,7,15,1,14
S01011950,307,22,12,10,52,9,14,13,16,55,4,12,12,4,23,41,33,8,34,2,7,18,7,30,22,8,24,23,1,16,9,7,33,4,29
S01011951,323,27,23,4,30,2,10,7,11,58,8,7,12,8,23,38,29,9,50,4,12,22,12,29,20,9,35,21,14,24,7,17,32,2,30
S01011952,234,30,19,11,52,6,16,12,18,43,4,3,10,3,23,33,30,3,22,1,8,6,7,19,12,7,17,12,5,11,4,7,7,3,4
S01011953,360,38,27,11,83,11,30,19,23,54,4,11,7,7,25,39,30,9,43,5,11,16,11,21,16,5,34,23,11,17,7,10,31,3,28
S01011954,228,14,11,3,24,3,11,5,5,26,2,4,7,0,13,39,33,6,35,1,12,16,6,31,20,11,23,17,6,11,2,9,25,6,19
S01011955,460,38,21,17,65,14,18,19,14,57,5,10,7,8,27,54,41,13,63,3,26,27,7,43,34,9,57,47,10,39,12,27,44,5,39
S01011956,528,68,51,17,123,26,42,30,25,80,9,8,7,8,48,59,38,21,56,7,19,21,9,47,37,10,44,28,16,21,7,14,30,5,25
S01011957,499,58,35,23,77,10,31,17,19,59,3,9,6,15,26,37,29,8,62,12,16,12,22,39,26,13,37,31,6,23,17,6,107,70,37
S01011958,545,64,31,33,96,18,35,22,21,55,3,5,7,6,34,47,35,12,100,29,33,20,18,42,33,9,40,32,8,43,6,37,58,22,36
S01011959,428,46,24,22,76,13,23,21,19,47,4,10,9,5,19,32,27,5,69,25,23,16,5,33,25,8,41,29,12,35,10,25,49,16,33
S01011960,466,58,33,25,135,21,62,26,26,66,9,7,11,7,32,35,24,11,53,13,20,9,11,29,20,9,37,30,7,22,9,13,31,9,22
S01011961,409,33,22,11,84,17,34,22,11,63,8,12,8,8,27,46,40,6,51,3,18,20,10,32,26,6,33,25,8,29,11,18,38,6,32
S01011962,366,56,35,21,102,16,30,32,24,55,9,8,9,8,21,20,10,10,54,11,15,17,11,21,12,9,21,10,11,11,6,5,26,12,14
S01011963,247,20,12,8,59,11,24,14,10,43,5,5,11,4,18,22,17,5,33,4,10,9,10,19,11,8,19,14,5,14,8,6,18,1,17
S01011964,522,58,32,26,130,31,37,32,30,62,13,7,12,7,23,46,34,12,67,11,27,19,10,35,29,6,52,38,14,30,14,16,42,15,27
S01011965,327,35,23,12,82,13,27,17,25,46,8,9,4,4,21,39,27,12,32,3,16,6,7,31,26,5,22,16,6,19,9,10,21,1,20
S01011966,390,43,23,20,109,16,44,23,26,58,3,19,13,2,21,43,33,10,39,8,15,7,9,27,24,3,30,26,4,17,6,11,24,10,14
S01011967,563,84,44,40,156,30,60,37,29,58,6,8,7,5,32,47,31,16,80,24,20,23,13,30,24,6,30,23,7,36,8,28,42,8,34
S01011968,509,36,20,16,134,32,57,27,18,83,16,16,15,10,26,55,39,16,53,4,21,23,5,47,32,15,45,33,12,29,11,18,27,4,23
S01011969,494,29,20,9,56,13,16,14,13,56,5,10,7,3,31,42,26,16,90,17,23,35,15,49,40,9,42,34,8,62,30,32,68,22,46
S01011970,489,21,14,7,28,3,15,3,7,27,5,7,4,2,9,45,35,10,96,10,22,35,29,41,30,11,42,37,5,103,67,36,86,31,55
S01011971,278,25,18,7,42,9,13,11,9,39,0,4,2,6,27,31,21,10,50,14,13,19,4,26,21,5,21,17,4,20,6,14,24,8,16
S01011972,589,62,30,32,95,11,28,29,27,71,8,11,9,10,33,56,40,16,111,60,16,23,12,49,39,10,36,31,5,35,8,27,74,25,49
S01011973,322,49,28,21,63,10,25,13,15,28,4,4,6,3,11,28,18,10,54,22,13,11,8,25,19,6,20,17,3,22,5,17,33,9,24
S01011974,411,47,29,18,60,12,19,14,15,65,11,8,9,15,22,39,31,8,54,13,14,17,10,30,22,8,26,21,5,34,14,20,56,28,28
S01011975,225,18,9,9,44,7,5,21,11,20,6,4,0,0,10,18,13,5,52,13,10,21,8,19,10,9,16,12,4,13,6,7,25,12,13
S01011976,370,31,16,15,63,14,23,13,13,46,7,13,6,6,14,38,26,12,64,6,21,25,12,28,19,9,26,23,3,33,19,14,41,13,28
S01011977,548,44,26,18,79,15,18,28,18,67,7,16,8,5,31,41,32,9,106,39,28,22,17,48,43,5,41,37,4,47,16,31,75,30,45
S01011978,280,19,6,13,38,4,13,11,10,29,1,10,5,1,12,21,16,5,47,6,19,19,3,26,20,6,29,23,6,25,13,12,46,15,31
S01011979,523,65,34,31,93,10,36,26,21,79,9,11,15,11,33,53,38,15,68,29,13,15,11,34,22,12,32,31,1,32,14,18,67,30,37
S01011980,206,29,16,13,29,8,5,10,6,14,0,1,1,4,8,21,18,3,45,25,10,7,3,16,13,3,14,8,6,17,4,13,21,7,14
S01011981,515,59,15,44,62,18,12,20,12,62,4,8,5,18,27,49,34,15,113,52,14,25,22,47,11,36,41,36,5,23,11,12,59,22,37
S01011982,515,84,29,55,69,13,25,12,19,55,7,9,1,14,24,41,26,15,103,51,17,17,18,40,20,20,31,22,9,31,11,20,61,26,35
S01011983,363,47,9,38,49,14,9,15,11,30,3,3,3,12,9,29,19,10,90,30,15,24,21,31,16,15,25,20,5,24,12,12,38,6,32
S01011984,294,24,12,12,30,7,8,13,2,28,5,8,3,4,8,23,20,3,43,3,11,21,8,34,25,9,24,19,5,38,24,14,50,20,30
S01011985,368,39,17,22,45,5,16,9,15,34,2,6,6,6,14,28,23,5,67,7,19,28,13,47,41,6,35,32,3,26,11,15,47,9,38
S01011986,277,23,8,15,24,4,9,3,8,27,2,10,5,2,8,20,11,9,51,9,11,17,14,28,22,6,21,16,5,27,17,10,56,19,37
S01011987,439,40,27,13,41,11,13,11,6,52,3,17,14,5,13,41,29,12,66,14,18,22,12,53,42,11,47,39,8,41,16,25,58,15,43
S01011988,288,35,18,17,53,9,21,16,7,37,3,10,2,5,17,29,17,12,43,3,14,21,5,20,18,2,35,29,6,13,1,12,23,5,18
S01011989,416,26,12,14,58,13,23,12,10,39,5,11,2,4,17,52,44,8,65,18,21,16,10,42,29,13,41,36,5,48,18,30,45,8,37
S01011990,312,28,14,14,41,10,9,14,8,48,2,7,11,7,21,52,41,11,39,8,14,9,8,25,17,8,18,13,5,28,9,19,33,9,24
S01011991,354,32,14,18,36,7,8,16,5,34,1,7,5,6,15,20,13,7,47,7,13,19,8,51,45,6,39,34,5,34,15,19,61,13,48
S01011992,434,41,16,25,86,11,31,28,16,51,8,13,2,9,19,51,36,15,69,12,20,24,13,39,26,13,40,33,7,22,10,12,35,2,33
S01011993,415,29,16,13,34,5,15,8,6,28,4,1,5,6,12,41,33,8,65,14,20,14,17,61,44,17,39,31,8,36,19,17,82,22,60
S01011994,255,42,20,22,71,7,25,19,20,36,7,7,1,5,16,26,22,4,26,8,8,4,6,14,10,4,10,10,0,14,8,6,16,1,15
S01011995,453,70,33,37,84,17,23,24,20,51,7,11,6,4,23,48,35,13,79,35,18,20,6,29,18,11,28,23,5,18,5,13,46,17,29
S01011996,269,27,20,7,24,3,10,5,6,39,7,5,6,8,13,21,18,3,40,9,10,14,7,27,16,11,38,28,10,17,5,12,36,5,31
S01011997,469,40,24,16,72,13,28,13,18,59,9,8,7,5,30,51,34,17,73,10,22,25,16,42,27,15,36,28,8,34,12,22,62,9,53
S01011998,246,33,19,14,39,4,13,8,14,46,6,3,8,2,27,31,26,5,28,5,13,6,4,14,13,1,26,18,8,18,10,8,11,4,7
S01011999,359,36,20,16,38,5,12,7,14,44,9,8,5,4,18,30,21,9,77,19,25,12,21,38,24,14,33,24,9,33,10,23,30,13,17
S01012000,248,21,10,11,31,8,2,14,7,39,5,5,5,4,20,35,26,9,42,1,13,19,9,19,15,4,18,14,4,18,4,14,25,5,20
S01012001,335,39,17,22,32,10,8,6,8,29,5,10,4,2,8,42,33,9,68,10,21,26,11,25,19,6,31,26,5,33,12,21,36,7,29
S01012002,249,22,10,12,30,6,13,9,2,28,3,3,7,3,12,29,22,7,45,0,20,21,4,27,21,6,24,18,6,20,8,12,24,5,19
S01012003,286,24,10,14,37,6,17,9,5,34,2,7,8,3,14,22,17,5,46,4,22,18,2,32,21,11,37,23,14,25,10,15,29,6,23
S01012004,427,47,30,17,62,13,19,17,13,60,2,13,13,2,30,45,37,8,48,5,20,15,8,46,32,14,48,39,9,33,6,27,38,8,30
S01012005,471,49,31,18,68,20,14,14,20,83,12,11,17,8,35,65,47,18,60,3,20,27,10,33,25,8,53,40,13,23,9,14,37,2,35
S01012006,399,49,26,23,120,12,18,72,18,38,5,2,9,3,19,24,16,8,76,47,9,16,4,27,17,10,14,12,2,13,4,9,38,7,31
S01012007,386,60,24,36,63,10,11,22,20,44,5,5,7,7,20,29,19,10,46,14,13,6,13,44,23,21,30,25,5,20,11,9,50,9,41
S01012008,503,60,23,37,99,23,19,28,29,62,4,14,3,10,31,29,20,9,78,24,13,22,19,50,35,15,43,34,9,22,9,13,60,14,46
S01012009,430,47,23,24,53,10,15,10,18,74,2,5,0,29,38,27,19,8,67,24,6,18,19,39,23,16,33,32,1,27,12,15,63,11,52
S01012010,609,110,32,78,94,18,31,26,19,46,2,10,1,18,15,36,22,14,88,14,15,26,33,47,16,31,44,42,2,31,21,10,113,5,108
S01012011,587,79,18,61,46,10,10,12,14,50,4,7,2,19,18,40,23,17,114,20,18,31,45,53,25,28,69,66,3,25,14,11,111,9,102
S01012012,285,65,29,36,42,11,11,14,6,21,2,3,2,8,6,20,15,5,48,18,9,11,10,22,11,11,24,24,0,16,7,9,27,3,24
S01012013,397,69,25,44,47,12,5,19,11,35,1,8,1,14,11,39,27,12,83,30,12,23,18,28,12,16,27,25,2,19,11,8,50,14,36
S01012014,433,36,16,20,44,8,10,14,12,38,0,17,1,10,10,31,13,18,74,11,18,21,24,47,20,27,31,28,3,33,14,19,99,19,80
S01012015,457,60,30,30,49,5,17,15,12,45,4,8,4,14,15,36,25,11,78,20,20,23,15,39,19,20,45,44,1,39,20,19,66,20,46
S01012016,480,56,22,34,57,18,9,12,18,41,3,8,4,4,22,46,21,25,89,37,14,18,20,39,12,27,28,26,2,36,24,12,88,18,70
S01012017,250,48,13,35,43,9,12,10,12,34,2,6,0,12,14,15,9,6,48,28,5,10,5,20,11,9,7,6,1,10,5,5,25,10,15
S01012018,455,62,25,37,65,12,18,17,18,51,5,6,1,15,24,31,18,13,89,35,10,18,26,50,21,29,16,14,2,22,12,10,69,31,38
S01012019,432,52,36,16,108,24,23,34,27,97,15,8,16,11,47,43,35,8,41,3,20,10,8,32,25,7,24,18,6,14,8,6,21,3,18
S01012020,301,28,18,10,87,15,18,32,22,43,11,5,6,7,14,31,23,8,30,3,8,12,7,26,18,8,15,13,2,17,3,14,24,2,22
S01012021,284,37,22,15,68,10,15,28,15,37,6,4,5,6,16,33,22,11,25,0,12,4,9,34,26,8,20,18,2,16,5,11,14,5,9
S01012022,343,29,19,10,64,16,23,11,14,44,3,12,7,4,18,36,28,8,50,4,18,17,11,37,31,6,23,21,2,34,14,20,26,2,24
S01012023,292,44,29,15,69,15,17,11,26,47,3,7,3,10,24,33,28,5,53,26,7,15,5,15,9,6,8,8,0,10,6,4,13,2,11
S01012024,462,35,23,12,109,32,20,29,28,78,8,13,13,5,39,63,51,12,40,6,21,11,2,43,26,17,24,14,10,43,14,29,27,1,26
S01012025,359,35,20,15,55,9,16,19,11,45,9,3,5,6,22,41,27,14,49,2,26,15,6,53,34,19,26,23,3,25,8,17,30,2,28
S01012026,356,54,40,14,84,13,27,27,17,66,8,5,13,5,35,45,32,13,24,0,16,5,3,25,17,8,27,21,6,18,6,12,13,0,13
S01012027,445,60,47,13,104,24,31,23,26,76,11,4,9,5,47,39,33,6,58,19,18,16,5,30,20,10,38,28,10,18,5,13,22,1,21
S01012028,462,88,59,29,122,26,23,37,36,74,9,7,8,17,33,54,40,14,29,4,15,8,2,24,14,10,35,24,11,16,5,11,20,1,19
S01012029,544,69,44,25,94,22,28,21,23,67,10,9,11,15,22,67,47,20,72,15,25,25,7,45,34,11,58,52,6,39,14,25,33,6,27
S01012030,375,37,24,13,78,22,18,21,17,66,11,9,10,7,29,29,20,9,55,22,9,15,9,32,25,7,29,23,6,17,5,12,32,7,25
S01012031,256,52,36,16,78,13,25,15,25,38,6,1,3,8,20,26,21,5,21,1,11,5,4,6,4,2,21,15,6,7,2,5,7,1,6
S01012032,192,24,17,7,54,3,15,19,17,26,2,0,1,6,17,14,12,2,32,20,2,4,6,12,10,2,11,10,1,9,3,6,10,4,6
S01012033,388,31,22,9,86,15,24,31,16,43,6,4,10,5,18,43,29,14,55,2,20,25,8,39,30,9,37,32,5,23,10,13,31,4,27
S01012034,383,37,27,10,73,12,24,17,20,58,11,6,5,9,27,34,28,6,40,6,10,14,10,43,30,13,34,25,9,28,7,21,36,7,29
S01012035,429,31,21,10,104,23,16,35,30,71,3,11,8,8,41,57,43,14,50,5,22,12,11,34,30,4,35,29,6,18,4,14,29,1,28
S01012036,401,38,24,14,86,17,22,34,13,73,18,10,10,4,31,47,42,5,41,5,14,13,9,24,22,2,35,28,7,21,7,14,36,4,32
S01012037,377,17,10,7,36,8,13,9,6,45,6,6,10,5,18,38,33,5,34,4,9,9,12,47,38,9,50,40,10,65,25,40,45,13,32
S01012038,285,9,4,5,20,6,8,1,5,9,1,3,2,0,3,22,17,5,40,5,17,13,5,41,25,16,29,25,4,36,14,22,79,12,67
S01012039,390,27,15,12,24,5,5,6,8,31,6,5,8,0,12,44,38,6,62,3,28,19,12,56,42,14,35,28,7,45,16,29,66,11,55
S01012040,364,40,27,13,48,16,11,9,12,64,11,9,14,6,24,56,49,7,46,5,20,17,4,42,29,13,28,23,5,18,7,11,22,3,19
S01012041,397,25,18,7,33,2,13,10,8,52,4,16,7,1,24,48,39,9,49,3,22,17,7,64,47,17,33,29,4,41,21,20,52,9,43
S01012042,417,21,10,11,31,7,9,9,6,41,9,9,2,2,19,56,48,8,59,3,17,24,15,60,47,13,50,43,7,41,14,27,58,8,50
S01012043,363,21,12,9,35,4,10,10,11,34,5,8,6,6,9,30,24,6,41,2,11,12,16,46,34,12,49,38,11,43,22,21,64,10,54
S01012044,301,15,11,4,38,7,13,8,10,31,6,7,3,3,12,27,24,3,34,6,10,13,5,38,32,6,37,30,7,36,16,20,45,13,32
S01012045,490,49,38,11,59,12,21,15,11,56,9,3,19,2,23,62,53,9,57,2,18,24,13,51,32,19,54,46,8,51,22,29,51,8,43
S01012046,244,8,6,2,21,2,6,8,5,19,5,2,0,3,9,29,28,1,32,2,15,5,10,37,26,11,39,30,9,23,10,13,36,6,30
S01012047,350,32,14,18,32,5,12,10,5,29,4,5,6,4,10,39,36,3,43,1,21,15,6,40,36,4,41,29,12,40,14,26,54,6,48
S01012048,266,11,8,3,22,7,7,1,7,27,4,2,4,3,14,51,39,12,27,3,13,6,5,39,28,11,33,22,11,30,14,16,26,6,20
S01012049,333,23,18,5,42,7,16,8,11,45,4,7,8,1,25,54,41,13,35,1,19,10,5,31,25,6,38,26,12,31,11,20,34,4,30
S01012050,541,40,30,10,61,14,21,16,10,88,16,11,16,5,40,94,77,17,63,3,35,19,6,57,35,22,52,37,15,51,21,30,35,3,32
S01012051,228,20,17,3,42,4,13,10,15,39,6,2,4,5,22,31,23,8,31,3,12,9,7,24,14,10,11,9,2,12,5,7,18,2,16
S01012052,424,23,14,9,39,7,11,11,10,55,7,6,12,2,28,59,50,9,51,1,21,17,12,50,38,12,52,45,7,43,13,30,52,8,44
S01012053,369,22,13,9,30,1,9,8,12,34,6,8,6,2,12,46,41,5,50,4,25,10,11,56,44,12,48,39,9,32,15,17,51,8,43
S01012054,328,15,8,7,20,7,5,3,5,25,2,8,3,2,10,24,17,7,38,4,12,11,11,53,41,12,41,32,9,39,16,23,73,11,62
S01012055,359,18,15,3,32,8,8,8,8,28,2,8,6,2,10,34,27,7,50,6,24,11,9,55,41,14,37,28,9,47,15,32,58,7,51
S01012056,362,27,22,5,67,16,14,21,16,52,2,14,11,3,22,52,41,11,53,2,32,17,2,35,24,11,29,22,7,18,11,7,29,2,27
S01012057,390,46,25,21,71,17,22,11,21,73,15,7,17,2,32,57,50,7,39,1,22,14,2,36,29,7,33,30,3,15,3,12,20,3,17
S01012058,361,37,22,15,72,11,21,23,17,56,12,6,10,3,25,43,34,9,33,1,14,11,7,34,25,9,45,34,11,20,7,13,21,4,17
S01012059,365,19,13,6,30,7,12,8,3,20,5,5,4,1,5,41,29,12,48,3,15,16,14,63,47,16,46,34,12,50,11,39,48,10,38
S01012060,364,29,16,13,46,8,13,11,14,54,6,12,7,3,26,43,34,9,36,1,21,8,6,46,29,17,38,33,5,29,3,26,43,3,40
S01012061,480,53,32,21,110,18,23,30,39,76,10,8,16,5,37,59,43,16,44,1,26,13,4,35,27,8,35,30,5,25,8,17,43,2,41
S01012062,486,53,38,15,68,11,21,14,22,69,14,11,6,6,32,62,46,16,55,1,27,19,8,42,31,11,59,44,15,45,11,34,33,0,33
S01012063,288,22,8,14,40,13,14,4,9,32,5,4,4,2,17,39,32,7,34,2,9,15,8,24,18,6,29,21,8,36,13,23,32,3,29
S01012064,194,10,7,3,21,5,9,3,4,17,3,5,2,2,5,20,16,4,18,0,6,7,5,15,9,6,19,17,2,24,7,17,50,6,44
S01012065,158,5,5,0,7,0,2,4,1,9,3,1,1,1,3,8,7,1,14,1,7,3,3,25,19,6,25,15,10,10,2,8,55,5,50
S01012066,360,26,17,9,14,4,5,5,0,33,3,5,3,4,18,31,28,3,38,4,13,6,15,50,37,13,48,39,9,40,16,24,80,7,73
S01012067,180,6,3,3,6,2,3,1,0,14,2,1,2,2,7,10,8,2,20,3,5,4,8,36,24,12,17,12,5,26,11,15,45,4,41
S01012068,127,5,5,0,2,1,0,1,0,3,0,2,0,0,1,5,5,0,11,0,4,3,4,32,20,12,18,12,6,18,7,11,33,3,30
S01012069,179,17,11,6,19,4,4,7,4,18,3,4,3,1,7,19,17,2,17,0,5,6,6,23,15,8,24,21,3,10,6,4,32,3,29
S01012070,250,16,11,5,18,4,2,6,6,9,2,2,0,1,4,21,20,1,40,7,9,6,18,26,17,9,35,32,3,15,7,8,70,18,52
S01012071,425,26,14,12,31,5,11,6,9,48,9,2,5,7,25,53,49,4,37,0,13,10,14,45,32,13,49,31,18,44,24,20,92,15,77
S01012072,435,22,13,9,57,18,11,10,18,54,7,8,7,6,26,40,32,8,52,2,18,14,18,44,35,9,47,35,12,37,15,22,82,10,72
S01012073,380,29,18,11,75,17,17,16,25,68,12,5,10,1,40,39,35,4,44,1,22,12,9,32,21,11,38,24,14,22,13,9,33,1,32
S01012074,415,52,41,11,76,6,25,20,25,72,8,12,17,7,28,61,48,13,49,0,23,16,10,26,17,9,37,26,11,14,7,7,28,3,25
S01012075,447,52,38,14,65,11,20,19,15,65,10,13,10,0,32,85,74,11,52,0,20,18,14,40,23,17,31,22,9,32,13,19,25,6,19
S01012076,363,24,14,10,49,11,18,10,10,56,11,8,5,4,28,58,49,9,35,1,13,16,5,43,34,9,34,25,9,22,9,13,42,6,36
S01012077,342,13,8,5,34,6,8,15,5,37,3,4,9,2,19,48,43,5,31,1,9,17,4,54,49,5,39,30,9,33,16,17,53,7,46
S01012078,473,38,19,19,64,17,23,18,6,61,12,3,15,3,28,61,53,8,54,2,24,17,11,48,31,17,64,48,16,42,13,29,41,4,37
S01012079,384,26,16,10,36,10,15,3,8,21,4,4,5,1,7,53,44,9,46,4,20,19,3,60,37,23,35,25,10,37,14,23,70,13,57
S01012080,312,14,10,4,24,5,6,7,6,29,8,4,3,3,11,33,26,7,30,0,14,9,7,53,40,13,36,30,6,40,19,21,53,7,46
S01012081,287,10,5,5,21,6,8,3,4,13,4,2,1,0,6,28,26,2,36,1,14,11,10,43,29,14,34,28,6,42,22,20,60,9,51
S01012082,242,11,6,5,14,2,1,5,6,24,3,6,3,2,10,30,25,5,26,0,5,14,7,45,37,8,23,19,4,32,12,20,37,4,33
S01012083,268,19,13,6,20,6,7,3,4,32,6,6,6,3,11,36,24,12,31,0,17,9,5,37,31,6,24,20,4,17,5,12,52,3,49
S01012084,312,21,16,5,41,6,15,13,7,35,8,1,7,6,13,44,33,11,45,0,24,19,2,40,26,14,26,22,4,30,12,18,30,5,25
S01012085,363,26,20,6,47,12,13,8,14,44,6,5,7,5,21,62,51,11,50,2,24,17,7,39,26,13,31,25,6,21,8,13,43,4,39
S01012086,386,23,19,4,25,5,12,4,4,38,8,2,9,2,17,50,37,13,53,1,26,15,11,55,37,18,52,40,12,32,10,22,58,11,47
S01012087,310,27,21,6,32,1,12,8,11,32,4,7,5,2,14,35,31,4,32,1,17,6,8,47,34,13,35,28,7,28,9,19,42,2,40
S01012088,389,44,33,11,76,12,25,19,20,56,5,7,16,1,27,45,31,14,48,4,24,14,6,29,17,12,36,28,8,30,11,19,25,3,22
S01012089,450,39,23,16,91,15,23,29,24,84,15,8,17,10,34,72,59,13,39,1,17,16,5,46,33,13,28,20,8,22,10,12,29,2,27
S01012090,444,47,38,9,112,16,27,40,29,74,8,12,9,13,32,64,55,9,42,1,20,14,7,25,17,8,38,31,7,25,7,18,17,1,16
S01012091,311,23,18,5,46,7,14,16,9,41,10,7,7,1,16,44,33,11,37,0,19,12,6,34,23,11,40,34,6,17,9,8,29,2,27
S01012092,289,29,22,7,42,10,11,11,10,33,6,4,8,2,13,46,34,12,29,2,18,7,2,32,22,10,30,19,11,24,10,14,24,8,16
S01012093,282,28,23,5,60,16,17,16,11,36,8,4,4,4,16,34,28,6,25,0,10,10,5,32,26,6,25,20,5,21,9,12,21,2,19
S01012094,396,47,36,11,115,21,30,38,26,57,12,7,4,2,32,57,37,20,30,1,12,9,8,28,19,9,32,24,8,17,5,12,13,1,12
S01012095,561,46,38,8,80,13,16,34,17,71,10,12,17,3,29,68,57,11,67,4,33,25,5,68,50,18,56,46,10,47,18,29,58,6,52
S01012096,369,14,8,6,21,3,10,5,3,40,3,12,3,2,20,40,32,8,56,3,18,23,12,59,41,18,52,43,9,36,13,23,51,7,44
S01012097,300,17,12,5,24,4,12,2,6,21,2,8,3,3,5,35,29,6,37,0,17,11,9,49,31,18,30,26,4,38,8,30,49,6,43
S01012098,286,16,9,7,13,1,3,7,2,20,4,1,3,1,11,35,27,8,39,5,16,10,8,40,32,8,37,33,4,32,11,21,54,12,42
S01012099,324,17,9,8,18,2,12,0,4,18,2,4,2,1,9,30,26,4,36,5,13,9,9,55,38,17,37,30,7,48,21,27,65,7,58
S01012100,455,33,17,16,41,4,14,14,9,37,7,3,3,3,21,56,47,9,44,3,13,18,10,73,54,19,56,42,14,43,17,26,72,11,61
S01012101,410,35,21,14,99,15,24,27,33,59,7,11,7,8,26,41,28,13,30,1,11,13,5,44,38,6,49,45,4,27,11,16,26,1,25
S01012102,269,14,6,8,35,5,12,9,9,18,2,5,0,1,10,40,35,5,27,3,11,4,9,29,17,12,40,38,2,25,12,13,41,4,37
S01012103,517,30,24,6,93,18,36,22,17,51,15,7,7,3,19,89,70,19,60,4,28,22,6,54,35,19,55,37,18,36,15,21,49,7,42
S01012104,509,89,68,21,120,22,26,44,28,67,8,3,15,8,33,50,45,5,42,1,25,14,2,50,32,18,39,33,6,27,14,13,25,3,22
S01012105,599,60,43,17,127,18,36,42,31,91,11,8,13,13,46,81,66,15,60,2,21,21,16,52,30,22,40,32,8,34,16,18,54,12,42
S01012106,618,75,59,16,139,37,35,38,29,100,17,6,17,7,53,100,85,15,65,1,28,28,8,44,22,22,41,33,8,29,11,18,25,1,24
S01012107,320,41,32,9,93,18,30,25,20,57,4,4,10,11,28,34,29,5,22,1,11,5,5,14,10,4,25,21,4,16,6,10,18,2,16
S01012108,319,21,15,6,47,7,12,19,9,43,6,5,3,3,26,28,24,4,23,3,11,6,3,31,23,8,40,28,12,41,10,31,45,6,39
S01012109,425,18,15,3,65,15,23,17,10,44,7,7,4,6,20,53,43,10,53,4,21,12,16,46,29,17,52,41,11,34,17,17,60,14,46
S01012110,310,20,11,9,50,14,17,8,11,49,7,5,5,7,25,45,38,7,21,1,10,5,5,43,30,13,25,19,6,19,9,10,38,3,35
S01012111,236,13,10,3,28,7,12,5,4,26,2,1,6,4,13,28,23,5,34,4,13,9,8,32,25,7,27,23,4,15,3,12,33,8,25
S01012112,306,22,16,6,45,7,12,13,13,37,4,4,8,4,17,44,34,10,26,1,15,6,4,41,22,19,32,22,10,23,10,13,36,6,30
S01012113,447,31,21,10,63,10,25,14,14,54,7,12,8,2,25,66,52,14,43,1,18,16,8,45,36,9,48,41,7,42,11,31,55,4,51
S01012114,425,56,34,22,109,12,25,40,32,59,8,5,7,9,30,56,38,18,27,2,12,10,3,25,22,3,44,37,7,20,10,10,29,2,27
S01012115,235,10,7,3,20,3,6,4,7,24,3,3,7,4,7,40,31,9,25,2,6,10,7,36,29,7,20,15,5,25,10,15,35,4,31
S01012116,276,14,10,4,23,4,6,6,7,34,5,4,4,2,19,37,27,10,28,0,13,11,4,45,35,10,24,23,1,33,16,17,38,6,32
S01012117,472,57,40,17,97,17,26,30,24,81,16,6,15,6,38,72,56,16,47,0,30,11,6,36,17,19,28,19,9,34,16,18,20,4,16
S01012118,380,39,31,8,72,11,25,27,9,54,10,6,10,7,21,58,46,12,46,0,23,17,6,41,27,14,29,24,5,21,9,12,20,2,18
S01012119,453,33,28,5,79,18,20,22,19,69,14,13,7,4,31,65,52,13,62,1,25,24,12,39,29,10,38,26,12,35,13,22,33,2,31
S01012120,256,12,9,3,28,7,12,3,6,29,1,3,9,3,13,26,18,8,24,2,6,9,7,40,35,5,31,24,7,27,9,18,39,10,29
S01012121,370,14,6,8,33,3,14,11,5,33,6,6,2,5,14,37,31,6,46,3,12,21,10,55,40,15,52,38,14,33,13,20,67,6,61
S01012122,370,12,8,4,35,12,11,5,7,33,5,5,4,2,17,37,32,5,41,2,17,15,7,53,44,9,43,34,9,44,11,33,72,13,59
S01012123,270,23,15,8,37,11,9,13,4,38,5,6,2,6,19,28,21,7,25,2,11,4,8,28,16,12,37,31,6,24,12,12,30,3,27
S01012124,302,14,10,4,43,12,13,13,5,49,15,4,5,4,21,52,43,9,30,0,15,11,4,34,25,9,32,25,7,20,9,11,28,7,21
S01012125,325,11,11,0,33,2,8,11,12,49,4,6,8,9,22,35,29,6,41,4,13,14,10,40,31,9,41,32,9,27,12,15,48,7,41
S01012126,471,45,30,15,96,33,28,11,24,92,13,10,18,8,43,49,42,7,54,3,20,16,15,32,23,9,53,35,18,23,14,9,27,0,27
S01012127,421,23,15,8,63,20,7,14,22,50,13,11,6,8,12,61,47,14,47,1,19,17,10,50,31,19,38,27,11,23,10,13,66,12,54
S01012128,276,23,15,8,36,9,6,9,12,46,9,4,7,4,22,23,22,1,35,2,15,13,5,28,21,7,24,17,7,24,12,12,37,2,35
S01012129,346,19,13,6,52,15,10,12,15,45,6,4,5,2,28,51,36,15,35,2,14,10,9,46,34,12,27,16,11,30,15,15,41,7,34
S01012130,433,34,23,11,66,9,20,19,18,60,7,7,5,7,34,70,60,10,46,4,14,22,6,37,22,15,33,19,14,36,14,22,51,7,44
S01012131,477,29,14,15,61,20,15,17,9,64,10,14,3,7,30,55,46,9,45,2,17,10,16,50,35,15,69,48,21,30,13,17,74,13,61
S01012132,312,29,18,11,53,16,10,16,11,26,5,4,2,5,10,36,32,4,20,0,6,6,8,32,23,9,47,36,11,24,13,11,45,8,37
S01012133,416,34,24,10,81,23,16,26,16,63,14,6,13,6,24,53,50,3,35,1,14,12,8,39,24,15,30,25,5,22,13,9,59,17,42
S01012134,559,46,35,11,137,24,38,36,39,106,11,12,13,14,56,68,51,17,44,7,15,15,7,33,20,13,59,47,12,20,10,10,46,5,41
S01012135,357,13,4,9,30,8,10,3,9,35,3,7,6,5,14,48,40,8,38,2,19,9,8,54,35,19,53,38,15,26,15,11,60,4,56
S01012136,394,13,9,4,45,14,17,9,5,53,5,9,7,5,27,50,43,7,32,1,8,12,11,32,26,6,67,57,10,35,11,24,67,11,56
S01012137,267,19,13,6,37,3,14,8,12,40,4,5,3,6,22,38,34,4,23,2,8,6,7,20,10,10,32,26,6,24,9,15,34,3,31
S01012138,451,33,24,9,106,30,27,28,21,71,8,7,6,7,43,67,52,15,42,3,20,12,7,38,31,7,32,27,5,20,7,13,42,6,36
S01012139,427,33,23,10,64,11,13,19,21,72,12,9,10,8,33,76,61,15,43,5,16,17,5,37,28,9,33,30,3,32,16,16,37,6,31
S01012140,272,22,14,8,86,15,13,41,17,46,6,4,9,3,24,34,26,8,19,1,10,6,2,23,18,5,21,15,6,12,5,7,9,0,9
S01012141,487,44,27,17,115,23,30,42,20,79,10,11,13,6,39,78,61,17,44,1,25,13,5,35,26,9,43,35,8,25,13,12,24,3,21
S01012142,438,54,41,13,100,13,23,40,24,58,6,10,5,4,33,56,46,10,51,4,17,27,3,30,20,10,43,36,7,30,15,15,16,0,16
S01012143,405,53,28,25,118,19,24,46,29,57,10,2,8,2,35,52,39,13,34,3,20,8,3,18,13,5,41,29,12,13,6,7,19,2,17
S01012144,496,49,37,12,106,23,26,30,27,80,10,11,15,8,36,66,55,11,63,2,25,27,9,36,26,10,37,30,7,30,13,17,29,2,27
S01012145,490,37,28,9,166,34,40,56,36,70,6,16,3,11,34,64,48,16,33,1,17,12,3,26,14,12,56,47,9,21,11,10,17,0,17
S01012146,393,22,13,9,44,23,12,5,4,32,4,5,2,2,19,43,37,6,46,2,17,14,13,60,36,24,40,28,12,42,18,24,64,7,57
S01012147,282,15,10,5,19,4,9,2,4,25,3,6,3,1,12,41,35,6,31,0,17,8,6,37,27,10,37,31,6,26,11,15,51,4,47
S01012148,264,13,7,6,20,0,9,3,8,20,3,3,4,2,8,27,20,7,30,0,12,8,10,48,36,12,24,17,7,35,12,23,47,2,45
S01012149,393,35,25,10,54,14,10,13,17,54,3,7,9,8,27,49,39,10,39,1,17,18,3,32,24,8,41,29,12,33,16,17,56,6,50
S01012150,290,18,9,9,24,3,12,5,4,21,6,1,3,6,5,39,28,11,45,1,25,15,4,44,33,11,27,15,12,24,9,15,48,5,43
S01012151,293,15,10,5,25,7,8,3,7,27,4,5,5,1,12,33,22,11,38,1,19,13,5,41,29,12,26,22,4,32,16,16,56,7,49
S01012152,286,14,9,5,24,6,8,4,6,17,4,3,3,0,7,29,24,5,35,2,13,7,13,29,19,10,47,28,19,34,17,17,57,6,51
S01012153,245,16,10,6,26,9,8,2,7,22,5,4,1,3,9,28,21,7,26,3,11,5,7,36,23,13,30,21,9,23,8,15,38,5,33
S01012154,336,13,5,8,34,11,7,6,10,42,5,8,4,4,21,41,37,4,42,1,21,8,12,37,25,12,32,19,13,37,21,16,58,14,44
S01012155,259,17,7,10,25,5,7,7,6,29,9,7,4,4,5,21,15,6,20,3,8,5,4,30,26,4,37,20,17,26,9,17,54,4,50
S01012156,242,15,9,6,21,2,5,7,7,23,5,4,4,2,8,19,14,5,36,2,11,10,13,28,22,6,27,20,7,20,9,11,53,11,42
S01012157,492,35,22,13,60,14,14,14,18,73,11,12,10,4,36,61,48,13,55,5,16,22,12,44,28,16,43,32,11,45,19,26,76,12,64
S01012158,614,47,29,18,100,19,30,28,23,116,6,23,25,8,54,65,55,10,74,2,31,26,15,56,39,17,57,41,16,43,13,30,56,4,52
S01012159,253,8,4,4,38,8,11,10,9,33,5,7,7,1,13,44,27,17,37,1,18,13,5,33,26,7,19,18,1,28,15,13,13,0,13
S01012160,355,23,17,6,55,10,9,15,21,36,11,4,6,4,11,72,51,21,45,0,28,9,8,33,26,7,33,22,11,21,11,10,37,1,36
S01012161,188,11,6,5,15,4,5,2,4,25,3,6,4,2,10,11,8,3,19,1,4,6,8,25,20,5,31,29,2,14,3,11,37,5,32
S01012162,409,29,16,13,46,10,14,11,11,47,8,7,6,6,20,51,47,4,52,2,19,11,20,44,31,13,47,39,8,32,9,23,61,9,52
S01012163,350,17,12,5,50,9,19,9,13,47,8,7,10,7,15,41,32,9,49,3,18,17,11,38,30,8,39,28,11,30,12,18,39,4,35
S01012164,657,58,42,16,91,21,30,15,25,110,19,19,23,7,42,100,80,20,89,2,45,22,20,56,35,21,66,44,22,42,19,23,45,4,41
S01012165,368,15,8,7,25,6,10,4,5,24,8,1,1,2,12,38,23,15,51,1,33,12,5,49,31,18,52,38,14,40,20,20,74,5,69
S01012166,313,21,14,7,16,3,3,7,3,26,4,7,3,2,10,36,23,13,44,7,18,14,5,45,28,17,46,38,8,31,14,17,48,5,43
S01012167,405,14,11,3,43,11,13,7,12,47,8,6,6,4,23,55,41,14,58,1,26,19,12,51,32,19,52,41,11,35,20,15,50,5,45
S01012168,400,32,22,10,57,7,18,19,13,55,8,9,5,6,27,73,57,16,55,1,27,16,11,33,23,10,42,32,10,27,12,15,26,3,23
S01012169,369,26,17,9,41,7,17,8,9,40,13,9,7,3,8,62,54,8,55,4,30,7,14,39,32,7,44,32,12,23,11,12,39,1,38
S01012170,419,31,26,5,32,6,12,8,6,50,12,7,9,2,20,50,38,12,52,0,28,15,9,55,39,16,56,43,13,45,24,21,48,1,47
S01012171,477,20,14,6,34,9,12,6,7,53,13,9,6,2,23,56,43,13,52,1,26,14,11,66,44,22,62,50,12,43,22,21,91,8,83
S01012172,317,11,6,5,20,2,14,2,2,23,6,2,2,3,10,43,36,7,37,3,18,7,9,26,20,6,61,43,18,33,17,16,63,5,58
S01012173,298,19,13,6,68,7,16,22,23,40,4,2,5,6,23,48,36,12,36,2,19,13,2,20,15,5,34,25,9,16,11,5,17,3,14
S01012174,539,49,36,13,84,16,29,15,24,86,12,5,16,8,45,80,66,14,53,5,28,15,5,35,28,7,73,65,8,30,7,23,49,3,46
S01012175,473,33,23,10,85,20,36,12,17,73,10,9,13,2,39,69,54,15,51,1,32,13,5,41,35,6,46,35,11,36,13,23,39,6,33
S01012176,480,30,24,6,58,7,22,16,13,54,10,4,8,3,29,66,47,19,65,0,35,23,7,45,34,11,70,57,13,36,21,15,56,8,48
S01012177,327,20,16,4,55,16,14,15,10,40,8,5,6,1,20,61,43,18,39,0,17,13,9,22,20,2,42,35,7,22,8,14,26,2,24
S01012178,291,25,18,7,40,12,14,8,6,38,4,5,6,6,17,55,43,12,39,0,28,9,2,23,16,7,33,26,7,18,3,15,20,3,17
S01012179,264,17,15,2,35,8,7,11,9,36,6,7,3,5,15,38,29,9,48,3,18,15,12,22,19,3,28,22,6,7,2,5,33,3,30
S01012180,224,21,14,7,37,9,15,8,5,23,9,3,4,0,7,33,21,12,21,1,11,5,4,29,25,4,25,23,2,18,5,13,17,3,14
S01012181,330,30,25,5,57,8,19,17,13,37,5,4,6,5,17,52,41,11,40,0,20,11,9,22,18,4,31,24,7,28,15,13,33,3,30
S01012182,655,60,38,22,124,35,32,27,30,107,16,11,18,6,56,91,78,13,86,2,38,27,19,31,20,11,76,65,11,46,25,21,34,4,30
S01012183,363,28,16,12,51,9,9,11,22,48,9,8,7,6,18,39,30,9,48,0,23,14,11,35,17,18,38,31,7,31,15,16,45,8,37
S01012184,332,31,25,6,77,23,26,14,14,84,12,7,21,3,41,28,23,5,32,0,13,14,5,23,10,13,20,17,3,11,5,6,26,0,26
S01012185,360,23,17,6,39,10,3,14,12,46,12,4,4,2,24,57,46,11,43,0,14,14,15,36,21,15,35,24,11,38,18,20,43,6,37
S01012186,274,24,16,8,26,4,7,10,5,39,4,1,6,3,25,33,26,7,44,2,20,11,11,24,14,10,28,23,5,18,7,11,38,2,36
S01012187,296,15,10,5,19,3,7,6,3,22,7,8,1,1,5,45,36,9,32,1,14,7,10,48,30,18,40,32,8,30,11,19,45,3,42
S01012188,261,22,16,6,36,7,10,13,6,26,8,2,2,4,10,37,29,8,38,2,18,13,5,30,18,12,36,25,11,18,7,11,18,2,16
S01012189,311,31,21,10,52,11,14,18,9,50,9,5,9,4,23,44,37,7,36,2,17,13,4,27,17,10,19,14,5,23,9,14,29,3,26
S01012190,322,33,24,9,64,24,15,9,16,55,6,6,13,2,28,39,34,5,23,0,12,9,2,33,20,13,35,22,13,19,9,10,21,4,17
S01012191,482,54,42,12,76,21,16,19,20,78,13,6,17,5,37,68,48,20,51,3,25,16,7,50,38,12,54,39,15,32,15,17,19,2,17
S01012192,266,31,17,14,43,11,13,13,6,43,9,7,7,2,18,34,30,4,34,4,15,9,6,17,12,5,31,27,4,14,4,10,19,1,18
S01012193,354,50,34,16,66,16,13,25,12,61,6,2,9,5,39,44,29,15,35,0,21,11,3,21,11,10,42,33,9,21,11,10,14,2,12
S01012194,325,36,28,8,63,11,14,24,14,65,12,6,16,5,26,44,36,8,23,0,15,7,1,21,14,7,46,40,6,14,7,7,13,2,11
S01012195,613,45,31,14,98,17,33,28,20,105,12,10,18,8,57,101,82,19,69,1,44,14,10,46,31,15,63,43,20,43,23,20,43,5,38
S01012196,338,34,25,9,69,17,15,20,17,50,9,5,7,2,27,52,37,15,24,0,13,7,4,34,20,14,34,23,11,15,6,9,26,4,22
S01012197,314,20,15,5,40,9,12,8,11,34,4,7,7,0,16,47,35,12,41,2,24,10,5,39,32,7,43,25,18,22,16,6,28,4,24
S01012198,436,33,24,9,54,9,21,11,13,76,9,8,12,3,44,60,50,10,42,0,24,15,3,48,26,22,54,41,13,38,18,20,31,4,27
S01012199,351,18,14,4,35,11,6,9,9,48,10,7,11,3,17,56,39,17,45,2,22,17,4,28,17,11,50,30,20,29,16,13,42,5,37
S01012200,292,16,8,8,42,7,16,7,12,33,8,6,6,1,12,45,37,8,34,1,10,21,2,30,27,3,43,26,17,23,13,10,26,1,25
S01012201,359,24,17,7,33,9,11,8,5,45,6,6,7,4,22,53,42,11,39,4,14,10,11,37,24,13,44,31,13,45,21,24,39,6,33
S01012202,297,21,15,6,53,13,11,18,11,40,4,4,6,5,21,30,25,5,36,2,21,8,5,36,28,8,26,20,6,18,11,7,37,3,34
S01012203,415,51,34,17,75,13,15,25,22,62,10,6,11,3,32,69,49,20,42,2,22,11,7,31,22,9,38,33,5,25,15,10,22,3,19
S01012204,486,31,21,10,91,18,20,36,17,80,20,5,17,6,32,69,53,16,58,2,27,22,7,50,36,14,56,42,14,28,18,10,23,0,23
S01012205,402,34,22,12,93,20,22,27,24,65,10,5,10,6,34,57,41,16,43,2,21,12,8,38,23,15,36,27,9,19,8,11,17,0,17
S01012206,502,26,20,6,85,13,26,24,22,72,12,7,13,7,33,63,50,13,57,0,30,22,5,57,31,26,60,46,14,28,12,16,54,4,50
S01012207,400,30,20,10,32,5,15,6,6,45,11,4,6,6,18,62,49,13,50,5,20,17,8,55,39,16,43,30,13,38,21,17,45,10,35
S01012208,465,21,13,8,41,13,12,8,8,73,20,10,13,9,21,43,32,11,66,5,28,20,13,55,37,18,55,29,26,41,21,20,70,10,60
S01012209,334,20,11,9,41,8,17,5,11,44,5,7,9,3,20,40,33,7,43,3,25,9,6,32,20,12,44,33,11,25,10,15,45,5,40
S01012210,318,21,14,7,31,6,13,7,5,37,7,7,8,2,13,46,34,12,35,0,14,7,14,43,32,11,46,33,13,21,13,8,38,7,31
S01012211,439,36,29,7,73,12,23,17,21,65,14,8,12,7,24,57,49,8,52,3,25,12,12,44,26,18,44,31,13,28,10,18,40,4,36
S01012212,381,37,30,7,89,20,28,27,14,61,13,7,10,7,24,71,48,23,25,2,20,3,0,31,25,6,28,20,8,19,9,10,20,0,20
S01012213,436,38,29,9,82,22,16,24,20,76,13,8,13,8,34,77,48,29,34,0,21,8,5,32,19,13,38,26,12,26,11,15,33,2,31
S01012214,329,40,26,14,80,18,18,22,22,49,6,3,13,4,23,53,43,10,33,1,17,8,7,22,13,9,29,25,4,10,4,6,13,0,13
S01012215,481,39,30,9,119,23,36,39,21,94,13,6,13,7,55,77,60,17,37,2,24,7,4,31,20,11,40,31,9,19,8,11,25,3,22
S01012216,391,46,31,15,109,24,36,21,28,60,9,6,12,7,26,41,31,10,26,1,12,9,4,26,16,10,36,29,7,19,10,9,28,3,25
S01012217,227,8,4,4,9,1,4,3,1,26,4,6,3,4,9,27,23,4,31,0,18,6,7,29,19,10,23,21,2,22,8,14,52,6,46
S01012218,175,8,6,2,6,3,2,0,1,11,2,5,0,0,4,15,11,4,25,4,8,8,5,22,14,8,29,23,6,24,8,16,35,6,29
S01012219,311,14,12,2,23,2,8,4,9,28,8,7,3,0,10,43,36,7,44,0,15,17,12,44,32,12,30,26,4,33,13,20,52,7,45
S01012220,233,8,3,5,15,2,3,6,4,21,6,2,1,7,5,20,18,2,26,1,8,9,8,30,24,6,41,29,12,34,15,19,38,6,32
S01012221,253,9,6,3,24,5,14,3,2,25,1,2,6,1,15,31,23,8,31,2,8,15,6,36,25,11,21,16,5,38,15,23,38,12,26
S01012222,343,20,10,10,22,6,5,6,5,16,3,1,4,4,4,47,38,9,59,2,28,19,10,48,35,13,36,30,6,44,19,25,51,7,44
S01012223,284,14,11,3,21,6,5,6,4,24,3,4,4,2,11,33,23,10,30,1,15,7,7,47,33,14,29,23,6,43,18,25,43,8,35
S01012224,358,16,10,6,30,9,7,7,7,33,6,9,1,3,14,49,42,7,48,2,22,16,8,40,33,7,46,33,13,42,12,30,54,7,47
S01012225,462,31,19,12,27,6,7,9,5,45,7,7,7,2,22,58,48,10,69,1,30,27,11,69,51,18,48,39,9,49,15,34,66,8,58
S01012226,352,17,11,6,38,5,15,7,11,36,5,8,4,4,15,49,42,7,50,1,22,16,11,43,36,7,43,27,16,37,17,20,39,2,37
S01012227,316,14,10,4,29,6,9,8,6,31,5,5,4,3,14,45,38,7,63,2,32,15,14,35,21,14,38,29,9,25,9,16,36,6,30
S01012228,341,20,9,11,35,18,7,5,5,19,7,4,1,3,4,55,44,11,48,3,24,13,8,41,32,9,44,35,9,34,15,19,45,13,32
S01012229,398,43,28,15,93,15,26,25,27,70,9,6,7,9,39,59,48,11,29,0,16,7,6,29,21,8,33,20,13,22,11,11,20,1,19
S01012230,494,56,39,17,111,24,20,30,37,87,12,10,16,7,42,71,54,17,38,0,21,13,4,39,24,15,42,33,9,24,9,15,26,1,25
S01012231,437,51,38,13,123,21,38,31,33,78,9,6,12,11,40,44,32,12,34,5,15,11,3,28,18,10,39,32,7,20,11,9,20,3,17
S01012232,451,48,32,16,123,28,30,37,28,85,12,3,15,6,49,57,45,12,37,1,16,13,7,32,22,10,39,34,5,17,6,11,13,0,13
S01012233,477,55,38,17,121,21,29,37,34,80,14,4,12,4,46,62,49,13,41,2,17,12,10,38,23,15,45,36,9,14,5,9,21,0,21
S01012234,580,82,65,17,150,34,43,34,39,98,10,12,6,12,58,76,58,18,53,4,18,22,9,37,21,16,37,30,7,16,7,9,31,4,27
S01012235,207,32,25,7,55,15,6,16,18,21,6,2,3,1,9,47,38,9,10,0,8,2,0,6,4,2,17,12,5,6,0,6,13,2,11
S01012236,291,27,20,7,60,7,21,14,18,41,2,5,12,3,19,42,31,11,34,3,13,13,5,32,27,5,18,10,8,16,6,10,21,2,19
S01012237,365,68,47,21,124,19,36,29,40,56,8,5,11,5,27,39,28,11,22,2,8,8,4,19,14,5,16,11,5,6,2,4,15,1,14
S01012238,279,27,18,9,50,10,12,15,13,46,3,9,4,6,24,25,24,1,37,2,15,7,13,19,12,7,34,26,8,20,2,18,21,4,17
S01012239,250,17,9,8,34,4,11,10,9,25,0,3,5,3,14,22,15,7,43,2,13,16,12,30,25,5,24,22,2,26,10,16,29,6,23
S01012240,352,36,22,14,57,11,16,14,16,55,5,6,6,6,32,30,22,8,51,3,16,20,12,36,29,7,34,27,7,22,14,8,31,4,27
S01012241,256,36,27,9,111,23,36,19,33,36,2,6,5,5,18,20,16,4,21,1,4,9,7,8,5,3,11,6,5,9,2,7,4,1,3
S01012242,379,49,33,16,127,25,26,41,35,58,5,3,9,9,32,44,31,13,28,0,10,13,5,19,16,3,28,22,6,10,2,8,16,5,11
S01012243,292,35,26,9,79,14,19,21,25,43,6,4,9,5,19,34,25,9,27,2,11,8,6,20,13,7,23,21,2,15,9,6,16,2,14
S01012244,500,88,54,34,150,41,34,34,41,75,9,5,7,12,42,38,29,9,49,24,6,12,7,41,34,7,9,7,2,16,3,13,34,14,20
S01012245,331,41,34,7,103,25,24,26,28,40,2,1,5,6,26,31,25,6,35,5,9,14,7,23,20,3,26,19,7,7,2,5,25,3,22
S01012246,392,64,44,20,126,37,21,32,36,55,5,5,13,7,25,31,25,6,38,6,13,8,11,29,24,5,15,13,2,9,4,5,25,3,22
S01012247,395,55,33,22,120,22,25,31,42,41,4,3,5,8,21,36,25,11,53,20,8,8,17,29,25,4,14,12,2,8,3,5,39,12,27
S01012248,445,48,27,21,101,25,28,24,24,54,2,9,6,12,25,29,17,12,86,44,21,10,11,41,29,12,14,12,2,25,12,13,47,18,29
S01012249,461,56,28,28,106,25,21,28,32,48,2,5,2,15,24,28,17,11,82,49,11,13,9,42,30,12,19,17,2,23,14,9,57,26,31
S01012250,380,65,26,39,63,12,16,18,17,40,4,4,5,4,23,31,21,10,70,39,4,17,10,31,19,12,10,8,2,22,6,16,48,17,31
S01012251,449,23,12,11,66,16,17,19,14,34,3,7,4,5,15,30,21,9,90,14,17,30,29,65,46,19,45,34,11,31,11,20,65,19,46
S01012252,356,33,17,16,58,9,18,17,14,30,1,4,6,1,18,33,27,6,48,5,14,19,10,51,37,14,31,26,5,17,6,11,55,11,44
S01012253,441,32,17,15,80,16,17,24,23,47,6,7,5,9,20,38,33,5,61,7,12,24,18,52,40,12,33,29,4,20,9,11,78,13,65
S01012254,433,36,23,13,87,19,19,28,21,54,9,8,3,9,25,38,30,8,65,12,10,22,21,51,35,16,38,30,8,17,4,13,47,12,35
S01012255,404,55,27,28,96,15,23,24,34,42,2,5,3,7,25,26,20,6,57,3,9,13,32,30,20,10,22,20,2,9,4,5,67,13,54
S01012256,431,46,25,21,93,27,22,25,19,71,12,11,9,10,29,44,33,11,44,8,13,13,10,42,32,10,38,30,8,13,5,8,40,5,35
S01012257,469,37,25,12,78,13,26,21,18,52,5,7,8,11,21,49,40,9,56,6,14,28,8,64,49,15,27,25,2,28,12,16,78,19,59
S01012258,318,41,26,15,117,25,34,26,32,53,5,7,10,9,22,23,19,4,18,1,6,7,4,19,14,5,17,11,6,9,4,5,21,4,17
S01012259,257,34,18,16,79,16,21,28,14,41,3,6,4,6,22,23,19,4,28,5,5,10,8,16,11,5,14,12,2,6,3,3,16,1,15
S01012260,372,49,27,22,71,15,13,17,26,44,5,6,9,5,19,28,18,10,46,5,10,22,9,36,30,6,30,29,1,18,6,12,50,9,41
S01012261,438,77,58,19,114,22,26,36,30,62,7,8,15,4,28,57,46,11,34,4,10,11,9,33,23,10,29,21,8,8,3,5,24,5,19
S01012262,431,75,40,35,82,24,21,13,24,65,7,9,11,16,22,33,23,10,74,42,9,12,11,36,32,4,19,16,3,14,8,6,33,21,12
S01012263,366,36,19,17,33,6,9,11,7,40,15,4,5,5,11,30,21,9,67,12,6,35,14,40,35,5,44,39,5,26,15,11,50,13,37
S01012264,206,24,11,13,53,15,17,9,12,30,7,3,3,3,14,14,6,8,27,3,8,12,4,18,17,1,17,16,1,7,5,2,16,8,8
S01012265,363,21,15,6,27,5,15,3,4,39,7,6,13,5,8,33,24,9,62,9,10,25,18,54,43,11,33,29,4,30,16,14,64,24,40
S01012266,489,41,26,15,105,23,29,32,21,67,9,7,14,8,29,44,30,14,83,14,22,28,19,59,45,14,31,24,7,19,7,12,40,13,27
S01012267,358,53,33,20,82,11,26,20,25,45,6,2,5,11,21,28,20,8,55,6,14,27,8,33,27,6,19,19,0,15,7,8,28,8,20
S01012268,341,58,26,32,63,10,22,10,21,41,2,10,4,8,17,27,20,7,66,40,3,16,7,26,17,9,13,12,1,14,7,7,33,16,17
S01012269,493,46,23,23,76,15,25,24,12,55,8,11,4,6,26,57,43,14,86,8,21,43,14,51,39,12,35,33,2,36,19,17,51,17,34
S01012270,372,21,15,6,50,7,23,16,4,39,5,6,9,7,12,35,23,12,62,8,22,24,8,48,41,7,32,28,4,32,13,19,53,18,35
S01012271,573,77,41,36,111,21,37,27,26,73,7,10,6,17,33,59,47,12,113,63,24,13,13,42,30,12,31,29,2,25,9,16,42,25,17
S01012272,365,42,28,14,94,23,29,17,25,58,5,9,10,14,20,40,29,11,30,7,7,11,5,36,32,4,21,16,5,18,6,12,26,6,20
S01012273,359,43,26,17,82,24,25,19,14,47,7,7,8,4,21,41,28,13,36,13,10,11,2,32,26,6,29,25,4,18,5,13,31,9,22
S01012274,513,41,21,20,85,10,36,26,13,63,6,9,15,5,28,59,45,14,69,2,24,28,15,53,42,11,47,41,6,32,21,11,64,9,55
S01012275,463,37,15,22,46,7,20,11,8,47,13,10,6,9,9,42,35,7,60,5,15,21,19,39,34,5,78,73,5,49,22,27,65,7,58
S01012276,484,37,23,14,76,12,27,20,17,68,10,6,14,9,29,64,55,9,58,2,16,29,11,49,40,9,57,44,13,33,14,19,42,6,36
S01012277,546,49,34,15,66,12,29,14,11,71,14,6,13,9,29,47,40,7,75,5,22,33,15,65,55,10,72,64,8,44,20,24,57,13,44
S01012278,333,28,19,9,56,11,21,18,6,34,7,5,7,4,11,29,27,2,37,4,11,9,13,32,28,4,48,36,12,27,17,10,42,6,36
S01012279,393,36,25,11,42,8,12,5,17,53,8,10,12,7,16,35,31,4,59,4,18,25,12,36,29,7,48,41,7,36,15,21,48,5,43
S01012280,467,26,14,12,48,9,16,12,11,32,9,8,3,3,9,51,34,17,71,4,23,35,9,52,40,12,66,55,11,42,23,19,79,9,70
S01012281,395,30,18,12,41,4,22,10,5,39,5,6,4,9,15,41,32,9,73,1,22,32,18,49,40,9,53,46,7,25,13,12,44,3,41
S01012282,454,46,19,27,91,8,29,36,18,50,4,6,11,5,24,54,41,13,47,4,14,23,6,38,29,9,58,53,5,22,12,10,48,5,43
S01012283,434,62,35,27,75,11,24,19,21,47,6,8,4,4,25,50,38,12,48,4,13,17,14,49,37,12,42,38,4,19,8,11,42,6,36
S01012284,345,30,17,13,42,6,14,10,12,28,3,4,6,8,7,40,36,4,40,4,11,19,6,44,28,16,40,31,9,18,9,9,63,11,52
S01012285,257,18,14,4,59,8,19,24,8,28,2,4,5,6,11,31,23,8,30,2,10,13,5,22,19,3,28,24,4,23,15,8,18,4,14
S01012286,459,24,16,8,45,4,17,11,13,52,13,10,2,11,16,34,21,13,54,9,12,20,13,64,52,12,59,55,4,46,26,20,81,17,64
S01012287,373,15,10,5,21,3,13,1,4,26,5,3,3,7,8,27,23,4,48,6,6,25,11,40,33,7,65,57,8,44,24,20,87,17,70
S01012288,313,19,6,13,15,2,7,3,3,14,3,3,2,5,1,19,16,3,53,4,12,14,23,44,33,11,36,34,2,47,25,22,66,12,54
S01012289,357,52,22,30,126,14,58,31,23,55,4,10,6,11,24,23,18,5,36,3,14,12,7,20,17,3,10,8,2,6,5,1,29,6,23
S01012290,251,23,9,14,48,4,29,13,2,24,3,6,3,3,9,22,15,7,35,7,10,17,1,36,32,4,18,16,2,19,4,15,26,1,25
S01012291,477,51,33,18,138,12,73,26,27,54,7,10,3,7,27,52,40,12,51,5,12,22,12,36,30,6,29,24,5,23,13,10,43,8,35
S01012292,297,57,31,26,86,12,34,20,20,36,2,5,4,8,17,31,19,12,25,6,6,5,8,18,15,3,17,13,4,9,4,5,18,2,16
S01012293,227,23,16,7,50,9,23,14,4,33,4,8,4,1,16,29,24,5,22,2,8,10,2,22,16,6,16,13,3,10,7,3,22,4,18
S01012294,455,24,14,10,54,10,28,11,5,55,11,7,12,5,20,68,46,22,58,8,18,17,15,58,52,6,54,51,3,30,16,14,54,5,49
S01012295,399,34,22,12,76,7,30,23,16,54,5,12,10,8,19,69,55,14,53,3,20,21,9,36,25,11,29,23,6,21,13,8,27,2,25
S01012296,476,66,40,26,115,15,34,32,34,64,5,2,14,7,36,45,37,8,54,7,16,16,15,44,37,7,28,18,10,21,11,10,39,14,25
S01012297,324,54,28,26,73,13,19,16,25,37,7,6,5,6,13,31,24,7,68,39,5,13,11,9,8,1,9,7,2,15,4,11,28,14,14
S01012298,416,41,22,19,91,23,21,25,22,54,3,11,11,5,24,41,33,8,73,10,16,31,16,33,24,9,25,21,4,30,10,20,28,5,23
S01012299,352,38,17,21,85,19,22,22,22,37,6,2,6,6,17,34,25,9,69,39,10,14,6,24,17,7,12,8,4,14,4,10,39,20,19
S01012300,299,40,23,17,30,7,12,5,6,30,0,8,3,8,11,24,12,12,58,14,11,18,15,32,25,7,20,16,4,26,11,15,39,17,22
S01012301,477,52,23,29,81,16,24,27,14,42,7,4,3,10,18,41,29,12,97,41,16,23,17,57,40,17,14,9,5,45,21,24,48,24,24
S01012302,291,32,12,20,46,9,12,11,14,31,1,6,2,10,12,29,22,7,62,38,6,12,6,27,23,4,6,6,0,21,16,5,37,27,10
S01012303,468,58,30,28,92,19,30,25,18,58,5,8,3,14,28,48,36,12,88,49,11,20,8,31,22,9,14,12,2,24,11,13,55,35,20
S01012304,489,47,23,24,75,13,23,14,25,44,4,4,9,7,20,44,31,13,98,33,20,30,15,44,34,10,23,20,3,47,12,35,67,40,27
S01012305,302,35,17,18,46,8,19,15,4,33,6,7,3,7,10,32,22,10,47,12,13,19,3,29,26,3,18,16,2,32,19,13,30,11,19
S01012306,243,28,18,10,25,2,8,11,4,11,1,1,1,4,4,17,10,7,41,4,8,19,10,20,15,5,17,15,2,38,23,15,46,21,25
S01012307,291,27,12,15,38,8,7,8,15,30,4,4,2,8,12,22,17,5,48,8,13,15,12,24,21,3,12,8,4,38,17,21,52,16,36
S01012308,431,25,15,10,48,6,16,15,11,38,7,8,8,2,13,40,27,13,69,9,19,32,9,59,46,13,28,23,5,63,43,20,61,22,39
S01012309,254,22,11,11,36,7,10,7,12,20,6,1,3,2,8,19,17,2,42,8,13,14,7,32,27,5,18,17,1,18,8,10,47,8,39
S01012310,450,54,20,34,69,8,17,17,27,51,8,6,3,9,25,32,18,14,80,37,13,17,13,40,28,12,27,24,3,45,19,26,52,25,27
S01012311,227,31,13,18,34,8,11,8,7,33,3,6,3,4,17,20,13,7,39,11,10,11,7,17,12,5,12,12,0,21,13,8,20,4,16
S01012312,514,45,20,25,70,10,20,16,24,53,10,5,11,11,16,47,30,17,121,66,17,28,10,42,35,7,25,22,3,59,34,25,52,24,28
S01012313,396,45,25,20,60,21,12,12,15,35,4,3,6,4,18,39,33,6,80,29,16,18,17,37,25,12,16,12,4,39,24,15,45,19,26
S01012314,378,29,14,15,24,2,7,10,5,18,4,2,4,1,7,25,18,7,69,7,14,30,18,61,51,10,41,39,2,53,34,19,58,11,47
S01012315,299,31,9,22,26,3,6,11,6,35,5,7,3,5,15,18,14,4,59,7,13,14,25,41,33,8,24,21,3,30,16,14,35,9,26
S01012316,263,17,10,7,19,1,7,5,6,18,3,4,4,1,6,11,5,6,57,8,17,24,8,32,26,6,18,17,1,46,31,15,45,19,26
S01012317,238,29,18,11,26,5,9,8,4,36,7,5,4,5,15,20,12,8,37,3,10,13,11,23,20,3,21,19,2,21,14,7,25,6,19
S01012318,378,21,13,8,27,2,9,13,3,29,2,7,4,3,13,17,13,4,86,12,20,28,26,40,34,6,42,40,2,51,30,21,65,17,48
S01012319,414,35,15,20,64,14,18,13,19,33,7,1,2,9,14,32,26,6,89,50,16,19,4,34,25,9,16,12,4,45,24,21,66,41,25
S01012320,325,20,10,10,21,3,7,5,6,27,11,4,2,3,7,25,19,6,46,5,12,21,8,36,29,7,20,20,0,64,42,22,66,33,33
S01012321,316,28,14,14,36,13,8,6,9,38,4,7,7,9,11,24,19,5,41,8,12,16,5,32,21,11,23,23,0,58,39,19,36,11,25
S01012322,479,67,26,41,75,14,17,21,23,66,10,10,5,9,32,55,42,13,74,36,10,17,11,40,32,8,28,22,6,31,12,19,43,22,21
S01012323,406,54,26,28,69,13,16,23,17,36,4,3,4,7,18,39,24,15,84,32,18,21,13,34,27,7,22,18,4,29,13,16,39,17,22
S01012324,378,55,25,30,42,10,8,11,13,39,3,7,3,10,16,22,12,10,84,38,12,21,13,46,32,14,22,20,2,19,7,12,49,21,28
S01012325,197,17,8,9,17,4,4,6,3,21,1,3,3,3,11,19,14,5,28,3,9,11,5,17,15,2,24,22,2,30,17,13,24,6,18
S01012326,231,17,5,12,24,1,8,5,10,16,3,2,0,8,3,25,17,8,43,3,14,21,5,25,20,5,21,19,2,30,19,11,30,8,22
S01012327,359,25,11,14,29,4,8,7,10,28,8,7,5,1,7,31,20,11,78,11,31,23,13,53,44,9,32,30,2,33,19,14,50,10,40
S01012328,210,20,11,9,30,5,8,10,7,38,6,4,2,7,19,22,14,8,35,11,4,13,7,14,13,1,8,7,1,17,8,9,26,13,13
S01012329,383,36,19,17,52,6,17,13,16,25,1,5,1,6,12,31,25,6,113,67,15,18,13,34,25,9,16,15,1,24,11,13,52,27,25
S01012330,268,37,25,12,45,7,10,19,9,23,3,5,0,1,14,34,24,10,40,7,12,13,8,34,25,9,15,15,0,19,11,8,21,6,15
S01012331,341,37,21,16,70,11,22,25,12,47,6,3,6,7,25,33,23,10,51,8,22,11,10,18,11,7,25,22,3,21,11,10,39,6,33
S01012332,528,64,28,36,73,6,27,21,19,60,9,7,5,20,19,50,34,16,121,56,22,29,14,46,35,11,23,21,2,30,13,17,61,25,36
S01012333,470,54,20,34,65,8,21,19,17,43,3,6,5,12,17,51,37,14,101,41,17,25,18,39,28,11,30,27,3,41,22,19,46,26,20
S01012334,369,25,17,8,20,4,7,8,1,34,7,5,8,4,10,32,24,8,82,9,32,27,14,42,31,11,34,32,2,43,24,19,57,17,40
S01012335,564,44,26,18,60,8,25,17,10,51,7,14,10,2,18,49,37,12,106,10,42,38,16,75,60,15,53,48,5,49,31,18,77,19,58
S01012336,287,11,11,0,17,3,8,3,3,26,7,3,2,4,10,17,14,3,57,3,24,23,7,41,36,5,27,27,0,47,29,18,44,18,26
S01012337,354,18,12,6,27,3,10,8,6,29,4,3,1,5,16,30,24,6,70,7,27,22,14,54,37,17,31,29,2,45,29,16,50,16,34
S01012338,321,33,16,17,50,3,16,20,11,33,8,4,3,4,14,29,21,8,56,8,12,16,20,24,17,7,23,18,5,27,18,9,46,15,31
S01012339,269,30,10,20,51,4,20,14,13,22,2,2,2,7,9,24,16,8,45,4,19,11,11,27,24,3,16,13,3,16,13,3,38,9,29
S01012340,451,40,28,12,60,3,27,15,15,43,7,5,6,3,22,44,36,8,61,6,27,21,7,50,39,11,44,42,2,40,23,17,69,16,53
S01012341,543,73,31,42,66,18,17,19,12,50,2,7,5,8,28,59,44,15,130,73,12,31,14,53,43,10,23,23,0,28,20,8,61,36,25
S01012342,444,41,20,21,65,10,18,21,16,49,2,11,5,9,22,44,33,11,85,30,18,30,7,49,41,8,28,24,4,36,18,18,47,18,29
S01012343,510,68,39,29,73,10,24,19,20,58,3,11,2,14,28,53,42,11,110,47,21,26,16,41,34,7,25,21,4,22,9,13,60,30,30
S01012344,300,18,11,7,35,4,15,10,6,26,5,5,2,4,10,36,30,6,42,5,8,21,8,40,30,10,24,20,4,35,13,22,44,13,31
S01012345,359,38,22,16,48,6,25,9,8,31,2,3,9,2,15,46,35,11,66,10,22,16,18,36,27,9,21,19,2,33,17,16,40,12,28
S01012346,409,52,17,35,75,16,26,19,14,40,6,5,4,8,17,35,30,5,88,39,18,18,13,34,24,10,14,13,1,28,11,17,43,17,26
S01012347,359,37,29,8,54,6,22,14,12,39,8,7,6,4,14,55,42,13,49,10,13,18,8,32,24,8,24,20,4,28,13,15,41,10,31
S01012348,317,35,25,10,74,11,20,23,20,52,3,4,9,8,28,38,27,11,37,6,7,13,11,29,22,7,11,9,2,20,9,11,21,3,18
S01012349,430,28,19,9,22,5,11,4,2,23,6,2,4,2,9,36,24,12,82,9,31,29,13,53,44,9,38,34,4,70,42,28,78,29,49
S01012350,332,36,24,12,28,2,9,9,8,29,5,1,8,3,12,30,21,9,52,1,16,28,7,41,32,9,29,25,4,40,23,17,47,20,27
S01012351,403,28,18,10,31,6,10,10,5,27,3,5,3,5,11,35,22,13,82,8,25,29,20,53,44,9,37,31,6,50,36,14,60,26,34
S01012352,342,43,19,24,46,7,13,12,14,22,2,1,5,3,11,33,26,7,49,4,17,22,6,43,32,11,20,17,3,41,26,15,45,18,27
S01012353,366,36,15,21,52,13,13,16,10,31,5,4,7,3,12,35,29,6,51,3,17,25,6,48,36,12,33,31,2,35,22,13,45,16,29
S01012354,335,32,13,19,30,6,8,11,5,37,7,8,4,2,16,21,18,3,66,7,17,25,17,40,28,12,17,15,2,36,15,21,56,21,35
S01012355,487,48,19,29,64,12,20,18,14,64,3,13,3,28,17,39,26,13,132,88,14,17,13,39,29,10,20,17,3,18,11,7,63,45,18
S01012356,296,29,14,15,40,2,10,20,8,32,1,8,6,8,9,36,24,12,57,7,13,27,10,20,18,2,18,15,3,28,19,9,36,11,25
S01012357,439,50,28,22,74,6,22,31,15,44,5,1,5,11,22,47,34,13,81,42,11,17,11,45,30,15,29,28,1,29,13,16,40,24,16
S01012358,389,48,22,26,52,5,15,17,15,34,5,4,1,10,14,31,21,10,103,63,9,17,14,38,31,7,17,16,1,26,11,15,40,24,16
S01012359,313,15,11,4,15,1,8,3,3,23,4,4,8,2,5,21,17,4,51,3,15,17,16,48,39,9,32,25,7,55,33,22,53,16,37
S01012360,316,22,11,11,17,3,8,4,2,11,2,4,2,1,2,14,14,0,46,7,8,13,18,45,39,6,38,35,3,56,42,14,67,21,46
S01012361,237,9,8,1,14,2,7,4,1,14,1,4,3,5,1,6,6,0,52,7,11,14,20,35,30,5,34,27,7,34,29,5,39,12,27
S01012362,308,13,5,8,16,1,5,5,5,17,3,6,2,2,4,17,13,4,37,1,8,17,11,34,25,9,33,27,6,67,47,20,74,20,54
S01012363,400,32,18,14,43,7,17,9,10,33,4,4,7,8,10,31,25,6,73,6,14,23,30,43,35,8,41,36,5,61,41,20,43,12,31
S01012364,318,29,14,15,27,2,14,7,4,32,4,8,7,5,8,27,24,3,51,5,5,21,20,36,29,7,33,26,7,50,45,5,33,13,20
S01012365,492,37,25,12,68,9,24,22,13,41,8,8,9,2,14,56,43,13,102,11,21,44,26,44,36,8,47,32,15,50,39,11,47,12,35
S01012366,433,49,23,26,46,7,15,15,9,32,1,11,3,4,13,44,34,10,66,3,11,27,25,39,36,3,51,40,11,43,32,11,63,19,44
S01012367,442,36,23,13,43,6,16,13,8,55,9,9,10,9,18,57,42,15,70,4,22,26,18,54,45,9,30,23,7,60,45,15,37,5,32
S01012368,275,37,22,15,40,4,14,12,10,28,4,12,4,1,7,36,26,10,36,3,10,11,12,32,21,11,20,18,2,22,17,5,24,2,22
S01012369,417,42,25,17,60,8,28,17,7,35,8,3,8,3,13,43,30,13,75,10,10,36,19,44,35,9,40,27,13,50,35,15,28,10,18
S01012370,445,23,13,10,52,6,22,13,11,39,8,5,11,1,14,30,20,10,79,1,18,38,22,62,49,13,37,29,8,56,44,12,67,24,43
S01012371,410,27,12,15,37,3,16,10,8,41,4,9,8,6,14,35,24,11,72,6,12,22,32,58,46,12,36,32,4,43,30,13,61,23,38
S01012372,343,17,4,13,25,2,9,5,9,21,3,3,4,5,6,30,21,9,66,1,15,22,28,40,32,8,45,34,11,57,45,12,42,12,30
S01012373,460,32,22,10,45,6,17,12,10,50,4,14,11,3,18,52,45,7,62,3,18,26,15,61,48,13,43,31,12,65,47,18,50,16,34
S01012374,466,27,18,9,38,5,17,8,8,33,4,12,7,2,8,42,35,7,67,7,20,26,14,79,60,19,46,37,9,73,58,15,61,12,49
S01012375,434,26,16,10,32,2,15,10,5,39,7,5,9,9,9,38,27,11,64,1,12,34,17,45,40,5,47,38,9,82,68,14,61,15,46
S01012376,499,57,27,30,104,17,30,35,22,51,7,6,4,17,17,42,30,12,97,48,10,27,12,41,33,8,26,21,5,25,13,12,56,17,39
S01012377,367,33,19,14,84,8,42,16,18,49,4,10,3,12,20,32,27,5,64,38,6,11,9,35,27,8,23,17,6,14,3,11,33,15,18
S01012378,295,36,15,21,38,5,16,10,7,31,2,8,3,8,10,24,17,7,71,38,5,12,16,25,19,6,15,14,1,17,6,11,38,16,22
S01012379,241,31,10,21,36,4,9,15,8,37,3,5,2,13,14,20,15,5,50,28,6,12,4,15,10,5,10,7,3,13,8,5,29,19,10
S01012380,453,33,19,14,61,8,22,20,11,36,4,7,6,6,13,41,35,6,73,5,19,33,16,60,47,13,49,30,19,41,26,15,59,17,42
S01012381,348,26,9,17,42,7,14,13,8,32,3,9,2,6,12,40,33,7,48,4,10,17,17,37,33,4,45,37,8,31,14,17,47,11,36
S01012382,503,40,27,13,101,11,32,37,21,65,7,11,10,12,25,71,54,17,71,8,15,33,15,49,40,9,40,30,10,25,12,13,41,12,29
S01012383,390,32,18,14,51,4,14,19,14,35,4,9,2,2,18,59,46,13,57,5,10,33,9,41,34,7,35,26,9,42,16,26,38,7,31
S01012384,248,23,10,13,42,3,16,13,10,30,6,6,2,5,11,27,17,10,37,3,10,14,10,21,17,4,30,21,9,18,9,9,20,9,11
S01012385,397,34,16,18,85,10,31,22,22,44,3,11,5,6,19,39,28,11,56,5,17,21,13,45,36,9,34,23,11,21,16,5,39,9,30
S01012386,432,24,12,12,42,4,20,12,6,31,6,6,5,1,13,42,33,9,65,11,24,20,10,64,56,8,56,33,23,43,19,24,65,16,49
S01012387,527,37,20,17,66,13,13,24,16,61,2,9,11,8,31,43,36,7,100,21,36,21,22,79,63,16,37,32,5,51,16,35,53,10,43
S01012388,407,33,20,13,87,15,17,40,15,51,6,3,7,15,20,28,26,2,72,10,20,28,14,43,31,12,27,25,2,30,12,18,36,3,33
S01012389,487,42,24,18,65,6,18,28,13,65,8,13,14,6,24,41,30,11,86,11,26,29,20,60,47,13,33,31,2,38,12,26,57,10,47
S01012390,445,30,23,7,71,16,20,19,16,41,9,7,7,3,15,46,38,8,92,11,44,27,10,58,50,8,27,27,0,36,14,22,44,8,36
S01012391,595,58,38,20,102,16,27,31,28,77,15,8,13,8,33,72,61,11,91,13,30,34,14,76,57,19,31,29,2,47,25,22,41,7,34
S01012392,432,44,33,11,65,8,10,27,20,52,10,7,4,9,22,47,35,12,66,4,26,24,12,58,46,12,36,31,5,22,10,12,42,5,37
S01012393,530,48,29,19,57,6,15,20,16,69,9,15,11,6,28,59,44,15,88,2,29,47,10,69,56,13,33,32,1,42,20,22,65,9,56
S01012394,342,20,12,8,29,3,5,13,8,33,8,4,2,3,16,29,21,8,46,6,13,17,10,44,32,12,37,33,4,31,12,19,73,9,64
S01012395,343,20,13,7,46,2,17,16,11,37,6,6,8,4,13,32,23,9,44,5,14,18,7,56,46,10,23,19,4,38,12,26,47,5,42
S01012396,338,25,10,15,49,10,9,19,11,37,8,6,2,3,18,35,32,3,61,6,16,32,7,48,42,6,17,14,3,30,18,12,36,5,31
S01012397,455,34,14,20,71,10,10,30,21,56,8,15,4,5,24,40,27,13,72,13,19,25,15,52,41,11,28,23,5,54,19,35,48,4,44
S01012398,540,46,26,20,84,15,15,24,30,61,15,11,4,5,26,55,47,8,97,4,31,36,26,54,48,6,43,38,5,25,10,15,75,15,60
S01012399,341,16,9,7,32,3,7,15,7,26,7,3,3,3,10,35,30,5,57,2,15,24,16,50,43,7,27,26,1,27,11,16,71,4,67
S01012400,359,18,10,8,19,0,4,6,9,32,7,5,4,1,15,24,19,5,75,5,19,32,19,56,43,13,35,34,1,49,22,27,51,8,43
S01012401,468,29,21,8,43,5,8,18,12,30,3,6,3,3,15,57,47,10,93,7,25,41,20,61,51,10,22,21,1,50,20,30,83,14,69
S01012402,278,26,13,13,32,6,7,13,6,30,7,5,5,2,11,28,21,7,54,12,20,13,9,44,36,8,8,8,0,34,17,17,22,1,21
S01012403,650,40,17,23,103,19,27,38,19,61,7,5,11,7,31,67,54,13,145,52,40,37,16,85,70,15,32,32,0,48,24,24,69,21,48
S01012404,558,41,28,13,65,13,21,17,14,51,12,4,6,5,24,59,51,8,125,22,24,52,27,73,58,15,30,28,2,61,26,35,53,13,40
S01012405,426,45,31,14,64,13,19,19,13,52,13,11,5,3,20,48,35,13,72,9,23,33,7,53,42,11,18,17,1,46,20,26,28,5,23
S01012406,338,21,11,10,50,13,11,12,14,34,11,6,2,3,12,35,32,3,72,23,21,20,8,36,26,10,21,20,1,28,8,20,41,13,28
S01012407,460,34,22,12,68,12,22,28,6,41,13,8,5,5,10,41,32,9,102,25,27,39,11,62,53,9,31,29,2,35,14,21,46,12,34
S01012408,352,29,15,14,44,5,21,10,8,30,7,4,2,4,13,46,28,18,76,26,21,20,9,37,31,6,14,13,1,41,12,29,35,7,28
S01012409,377,22,15,7,47,8,11,17,11,34,15,4,1,6,8,28,19,9,98,33,30,23,12,52,43,9,17,17,0,40,28,12,39,16,23
S01012410,629,54,26,28,80,22,12,32,14,71,15,3,19,3,31,51,39,12,106,14,43,34,15,81,64,17,28,25,3,68,37,31,90,13,77
S01012411,539,23,15,8,48,8,10,16,14,55,16,6,10,2,21,49,42,7,102,14,30,31,27,70,57,13,24,20,4,79,42,37,89,17,72
S01012412,364,14,8,6,46,11,10,20,5,28,6,4,4,2,12,36,24,12,78,35,15,18,10,39,33,6,28,28,0,40,20,20,55,19,36
S01012413,482,32,21,11,60,7,11,29,13,56,14,5,3,3,31,31,17,14,101,27,29,21,24,62,52,10,19,18,1,65,31,34,56,24,32
S01012414,344,20,8,12,43,5,12,22,4,23,2,7,4,3,7,22,15,7,90,34,18,22,16,58,46,12,11,11,0,39,16,23,38,13,25
S01012415,274,11,3,8,28,2,10,11,5,24,2,5,1,2,14,19,14,5,83,49,14,8,12,36,27,9,15,15,0,34,8,26,24,9,15
S01012416,281,10,3,7,36,0,10,22,4,30,4,3,2,4,17,19,11,8,78,43,12,13,10,36,30,6,12,12,0,32,11,21,28,8,20
S01012417,262,17,4,13,24,2,11,5,6,13,1,5,1,2,4,33,19,14,56,30,9,12,5,28,22,6,16,15,1,22,9,13,53,18,35
S01012418,373,38,9,29,28,10,10,5,3,19,2,3,5,5,4,38,30,8,106,68,13,16,9,30,25,5,25,25,0,34,12,22,55,29,26
S01012419,342,28,9,19,44,7,14,11,12,33,1,9,4,7,12,29,19,10,96,57,14,16,9,33,23,10,13,12,1,23,10,13,43,26,17
S01012420,382,22,15,7,27,2,13,2,10,21,2,9,4,1,5,35,25,10,71,20,18,22,11,50,38,12,24,22,2,70,48,22,62,29,33
S01012421,351,38,10,28,39,5,15,11,8,23,0,5,1,10,7,34,26,8,88,42,15,16,15,37,22,15,16,12,4,25,8,17,51,16,35
S01012422,405,51,26,25,50,12,15,15,8,33,3,4,7,3,16,41,25,16,94,34,26,20,14,44,26,18,18,17,1,32,15,17,42,16,26
S01012423,391,34,13,21,50,2,19,19,10,39,8,6,5,3,17,41,35,6,89,33,30,13,13,49,36,13,17,15,2,28,15,13,44,9,35
S01012424,423,18,12,6,34,8,17,6,3,34,5,12,5,4,8,40,32,8,55,7,18,17,13,59,50,9,32,30,2,80,48,32,71,16,55
S01012425,190,6,3,3,11,0,6,2,3,15,3,3,4,3,2,12,11,1,28,10,8,6,4,22,19,3,19,18,1,30,17,13,47,8,39
S01012426,168,2,2,0,6,0,4,2,0,11,3,2,0,1,5,15,15,0,25,4,2,7,12,30,25,5,15,14,1,27,19,8,37,8,29
S01012427,248,11,5,6,14,3,5,3,3,10,2,5,0,0,3,16,15,1,28,7,7,10,4,39,34,5,30,29,1,43,21,22,57,12,45
S01012428,292,13,3,10,21,3,9,4,5,19,4,2,4,0,9,30,18,12,42,5,20,8,9,55,49,6,25,24,1,44,24,20,43,10,33
S01012429,204,15,6,9,22,2,11,5,4,19,1,7,4,3,4,23,19,4,34,6,12,11,5,35,30,5,15,15,0,21,10,11,20,2,18
S01012430,249,17,8,9,36,1,11,14,10,24,5,4,2,2,11,29,20,9,25,2,9,9,5,30,22,8,20,20,0,26,13,13,42,10,32
S01012431,376,40,17,23,61,6,17,26,12,41,8,8,4,8,13,28,21,7,47,9,15,13,10,61,42,19,26,25,1,33,15,18,39,9,30
S01012432,252,17,4,13,32,3,13,10,6,22,7,6,1,3,5,29,21,8,36,3,15,6,12,33,19,14,23,22,1,27,16,11,33,7,26
S01012433,235,12,3,9,19,5,5,5,4,20,4,4,2,3,7,24,23,1,34,9,10,6,9,36,28,8,16,16,0,35,22,13,39,12,27
S01012434,309,24,15,9,25,4,10,7,4,33,5,11,6,2,9,26,24,2,55,4,17,25,9,54,45,9,25,23,2,29,14,15,38,10,28
S01012435,285,21,9,12,23,4,12,2,5,20,4,5,1,2,8,28,25,3,41,5,11,14,11,51,34,17,33,28,5,27,7,20,41,17,24
S01012436,299,15,7,8,24,4,8,8,4,26,6,3,6,4,7,24,17,7,59,9,28,10,12,46,32,14,21,18,3,31,15,16,53,10,43
S01012437,335,19,11,8,22,5,9,4,4,31,3,5,3,5,15,33,24,9,59,8,30,14,7,52,38,14,29,28,1,43,21,22,47,11,36
S01012438,310,28,15,13,43,2,19,10,12,32,4,3,10,1,14,32,25,7,57,20,20,10,7,31,24,7,17,16,1,26,13,13,44,14,30
S01012439,299,13,8,5,33,5,11,11,6,37,7,7,5,3,15,39,31,8,56,13,25,9,9,28,21,7,32,27,5,26,8,18,35,4,31
S01012440,267,26,16,10,46,7,13,18,8,38,7,6,2,11,12,28,19,9,46,2,24,15,5,22,19,3,16,14,2,17,7,10,28,6,22
S01012441,458,40,19,21,85,13,29,25,18,49,6,8,5,8,22,45,28,17,97,46,19,18,14,51,30,21,18,18,0,26,8,18,47,17,30
S01012442,484,62,34,28,99,18,36,24,21,69,8,10,15,13,23,46,28,18,72,33,8,12,19,36,29,7,38,35,3,27,13,14,35,9,26
S01012443,398,50,29,21,57,6,25,14,12,51,8,9,3,5,26,38,27,11,69,26,18,14,11,41,30,11,19,19,0,25,8,17,48,22,26
S01012444,329,45,26,19,83,12,43,14,14,45,6,2,4,5,28,37,25,12,27,10,9,7,1,36,26,10,14,13,1,13,3,10,29,0,29
S01012445,262,37,27,10,78,16,29,14,19,36,3,4,2,3,24,25,21,4,26,3,12,8,3,17,11,6,13,13,0,12,4,8,18,2,16
S01012446,232,14,13,1,32,5,14,11,2,22,4,5,5,3,5,28,22,6,37,0,18,14,5,24,19,5,25,21,4,18,7,11,32,3,29
S01012447,446,46,31,15,83,9,29,26,19,63,9,8,13,6,27,64,52,12,54,8,20,17,9,40,33,7,36,34,2,22,5,17,38,6,32
S01012448,440,55,33,22,90,12,31,32,15,71,4,8,24,6,29,56,47,9,64,17,27,11,9,34,27,7,41,37,4,12,6,6,17,1,16
S01012449,309,19,11,8,45,7,17,12,9,34,7,3,3,4,17,35,28,7,36,0,16,14,6,46,36,10,32,26,6,29,8,21,33,8,25
S01012450,426,55,26,29,80,8,29,21,22,63,10,5,8,6,34,33,25,8,64,21,16,19,8,40,34,6,28,27,1,33,14,19,30,5,25
S01012451,311,44,29,15,80,15,20,18,27,66,3,5,15,7,36,37,24,13,16,1,4,8,3,17,12,5,26,22,4,6,2,4,19,0,19
S01012452,256,25,17,8,58,6,24,13,15,35,1,3,9,3,19,38,33,5,33,3,17,7,6,18,15,3,18,16,2,6,4,2,25,4,21
S01012453,371,89,62,27,105,11,35,29,30,65,1,5,9,6,44,34,21,13,20,3,6,7,4,14,10,4,19,15,4,7,2,5,18,3,15
S01012454,269,36,24,12,70,13,17,23,17,42,7,3,8,4,20,40,31,9,15,3,4,3,5,28,18,10,18,15,3,9,4,5,11,1,10
S01012455,242,38,27,11,71,9,35,14,13,38,4,1,0,5,28,26,14,12,19,5,5,4,5,12,6,6,14,11,3,4,2,2,20,3,17
S01012456,297,44,32,12,87,16,28,31,12,47,1,6,5,5,30,31,26,5,26,8,9,7,2,18,14,4,21,19,2,7,5,2,16,0,16
S01012457,315,44,31,13,101,18,27,29,27,59,2,5,6,9,37,39,28,11,16,4,5,5,2,19,10,9,16,13,3,8,5,3,13,1,12
S01012458,332,48,31,17,109,14,32,41,22,61,3,7,7,4,40,32,29,3,25,5,3,12,5,24,15,9,18,15,3,3,1,2,12,1,11
S01012459,387,36,25,11,85,14,21,29,21,56,3,3,7,4,39,57,41,16,46,1,26,15,4,34,25,9,30,28,2,22,10,12,21,1,20
S01012460,233,23,12,11,50,10,16,12,12,34,5,4,5,4,16,39,31,8,22,0,11,7,4,23,14,9,17,16,1,11,3,8,14,1,13
S01012461,259,11,9,2,46,4,21,9,12,31,7,6,4,1,13,28,22,6,40,0,16,14,10,29,22,7,32,29,3,17,3,14,25,2,23
S01012462,314,24,11,13,39,2,22,9,6,26,4,6,2,2,12,25,20,5,39,4,9,12,14,41,27,14,34,32,2,29,10,19,57,1,56
S01012463,255,14,8,6,25,4,15,3,3,27,5,1,6,4,11,22,19,3,33,6,8,10,9,43,31,12,41,37,4,18,3,15,32,0,32
S01012464,290,16,11,5,22,4,9,6,3,23,3,6,2,4,8,26,22,4,37,2,11,15,9,45,36,9,45,39,6,22,5,17,54,6,48
S01012465,313,18,10,8,21,2,10,4,5,26,2,9,1,2,12,28,21,7,46,3,16,16,11,50,35,15,39,36,3,32,10,22,53,5,48
S01012466,332,27,19,8,53,6,10,25,12,52,8,8,2,12,22,33,25,8,33,1,11,15,6,31,23,8,31,28,3,23,6,17,49,5,44
S01012467,304,24,17,7,43,4,20,12,7,43,3,6,10,8,16,34,32,2,41,3,24,8,6,41,29,12,38,35,3,11,6,5,29,7,22
S01012468,349,26,17,9,43,6,21,8,8,42,5,11,5,8,13,46,42,4,62,6,21,25,10,37,22,15,33,32,1,20,6,14,40,1,39
S01012469,344,58,39,19,111,8,35,40,28,55,6,6,5,6,32,46,37,9,24,2,5,14,3,16,11,5,15,13,2,6,0,6,13,0,13
S01012470,407,25,16,9,67,12,25,18,12,43,7,11,3,6,16,49,38,11,54,3,22,15,14,64,43,21,40,39,1,28,8,20,37,3,34
S01012471,373,65,37,28,95,8,21,40,26,63,6,9,6,7,35,41,33,8,28,2,12,12,2,21,11,10,26,23,3,8,5,3,26,2,24
S01012472,281,18,14,4,81,11,16,33,21,47,6,6,9,5,21,31,29,2,29,0,14,10,5,25,16,9,22,20,2,14,5,9,14,2,12
S01012473,272,25,16,9,61,11,14,21,15,40,6,5,2,2,25,39,34,5,32,3,9,7,13,22,15,7,21,20,1,16,5,11,16,3,13
S01012474,295,20,10,10,60,6,22,17,15,40,0,7,6,5,22,36,24,12,30,5,14,6,5,33,20,13,25,24,1,16,8,8,35,5,30
S01012475,270,15,10,5,65,11,20,26,8,33,5,5,4,7,12,44,34,10,32,0,22,5,5,23,16,7,19,11,8,17,5,12,22,5,17
S01012476,405,21,17,4,43,8,13,13,9,39,3,5,12,4,15,59,47,12,58,7,17,17,17,51,35,16,56,50,6,32,12,20,46,10,36
S01012477,353,28,21,7,65,11,25,19,10,51,6,5,7,2,31,48,30,18,35,1,18,13,3,41,28,13,43,36,7,20,8,12,22,5,17
S01012478,409,28,13,15,51,7,23,12,9,36,3,6,3,5,19,53,45,8,50,2,16,25,7,51,41,10,53,49,4,28,4,24,59,7,52
S01012479,392,39,23,16,66,15,19,17,15,62,7,8,9,13,25,47,38,9,52,3,23,15,11,32,24,8,38,36,2,20,10,10,36,3,33
S01012480,284,34,24,10,55,8,17,13,17,51,7,5,4,7,28,21,17,4,27,3,13,6,5,20,11,9,28,20,8,13,4,9,35,9,26
S01012481,411,44,22,22,66,13,16,23,14,58,6,9,3,9,31,50,38,12,48,7,13,16,12,37,21,16,47,41,6,15,6,9,46,2,44
S01012482,310,53,26,27,63,10,25,11,17,35,3,6,3,8,15,29,23,6,22,1,4,4,13,28,22,6,25,24,1,19,9,10,36,4,32
S01012483,377,42,24,18,46,7,13,19,7,37,5,7,4,2,19,34,25,9,48,6,16,7,19,47,33,14,48,45,3,19,5,14,56,4,52
S01012484,348,62,34,28,96,15,35,26,20,52,6,9,2,5,30,39,31,8,29,0,16,8,5,19,14,5,20,18,2,8,2,6,23,2,21
S01012485,363,62,37,25,108,15,37,31,25,57,3,5,3,4,42,44,28,16,36,0,12,13,11,13,10,3,21,20,1,4,0,4,18,1,17
S01012486,195,30,18,12,59,7,17,18,17,25,0,3,3,1,18,23,18,5,10,1,2,4,3,15,9,6,13,8,5,8,3,5,12,2,10
S01012487,303,28,14,14,46,7,14,9,16,35,3,8,3,3,18,29,21,8,33,2,11,15,5,38,26,12,24,20,4,19,6,13,51,8,43
S01012488,435,35,21,14,57,10,20,14,13,53,7,11,10,4,21,56,48,8,54,3,27,12,12,54,34,20,45,38,7,31,14,17,50,4,46
S01012489,417,18,8,10,39,7,18,4,10,39,6,7,8,3,15,31,26,5,53,7,9,15,22,59,33,26,48,41,7,27,9,18,103,8,95
S01012490,416,33,14,19,43,8,18,10,7,46,2,7,4,6,27,37,31,6,68,4,22,17,25,64,47,17,38,31,7,26,15,11,61,4,57
S01012491,169,10,5,5,11,2,4,2,3,8,0,2,0,1,5,13,13,0,24,1,14,3,6,28,19,9,20,19,1,15,6,9,40,5,35
S01012492,252,16,9,7,18,2,8,7,1,18,0,2,3,5,8,19,18,1,45,2,18,9,16,26,15,11,41,34,7,16,9,7,53,6,47
S01012493,210,16,9,7,45,10,11,15,9,40,8,2,6,2,22,22,19,3,17,1,10,2,4,21,12,9,14,13,1,13,2,11,22,2,20
S01012494,410,24,12,12,28,5,10,8,5,40,7,6,5,4,18,40,31,9,48,4,21,16,7,68,47,21,58,49,9,32,9,23,72,3,69
S01012495,428,24,15,9,21,2,9,8,2,28,6,4,4,2,12,57,48,9,55,3,25,15,12,78,51,27,66,63,3,32,9,23,67,6,61
S01012496,321,17,11,6,17,4,5,7,1,25,4,6,6,1,8,19,14,5,43,7,9,14,13,55,38,17,44,37,7,29,11,18,72,10,62
S01012497,190,7,4,3,6,1,3,1,1,10,1,1,2,1,5,18,13,5,30,3,15,7,5,35,27,8,27,25,2,16,8,8,41,4,37
S01012498,275,18,6,12,12,3,4,2,3,13,4,0,2,1,6,19,14,5,36,6,14,7,9,48,37,11,39,36,3,33,7,26,57,6,51
S01012499,277,17,13,4,20,5,10,2,3,16,1,3,6,1,5,17,13,4,38,2,17,5,14,62,45,17,32,26,6,23,8,15,52,12,40
S01012500,183,5,1,4,6,0,5,0,1,16,4,0,8,0,4,17,14,3,27,1,11,6,9,28,16,12,24,18,6,11,3,8,49,7,42
S01012501,200,9,5,4,7,1,3,3,0,7,0,3,1,1,2,9,7,2,32,4,13,6,9,33,23,10,25,23,2,24,9,15,54,8,46
S01012502,258,15,5,10,12,2,5,2,3,19,5,6,4,0,4,11,7,4,37,1,12,12,12,47,34,13,34,34,0,24,8,16,59,7,52
S01012503,239,7,7,0,16,4,7,1,4,14,3,2,2,1,6,22,17,5,40,4,14,13,9,29,17,12,32,32,0,19,7,12,60,8,52
S01012504,240,12,10,2,12,3,8,1,0,22,2,8,5,3,4,25,22,3,34,1,12,13,8,41,26,15,32,29,3,26,10,16,36,1,35
S01012505,431,35,19,16,30,4,9,8,9,38,5,7,7,8,11,49,44,5,68,6,22,24,16,63,46,17,57,52,5,31,11,20,60,9,51
S01012506,214,20,12,8,38,9,13,7,9,31,3,5,2,2,19,19,16,3,22,1,11,7,3,26,16,10,28,25,3,12,5,7,18,0,18
S01012507,424,25,17,8,56,6,22,14,14,55,8,8,10,9,20,54,47,7,56,3,24,17,12,65,49,16,42,38,4,23,6,17,48,4,44
S01012508,369,33,18,15,57,9,21,14,13,37,7,6,5,5,14,39,33,6,47,3,21,12,11,47,33,14,43,37,6,25,5,20,41,5,36
S01012509,269,27,12,15,47,4,15,12,16,31,6,6,6,3,10,30,27,3,36,1,13,11,11,24,16,8,29,28,1,16,2,14,29,0,29
S01012510,454,28,19,9,65,10,20,23,12,62,8,9,12,6,27,57,47,10,60,1,34,19,6,75,56,19,43,36,7,36,12,24,28,2,26
S01012511,343,17,13,4,42,9,11,13,9,48,7,9,6,3,23,48,40,8,37,6,12,10,9,46,30,16,35,33,2,27,11,16,43,3,40
S01012512,285,36,23,13,46,10,13,13,10,21,1,6,4,2,8,38,29,9,32,4,13,8,7,27,16,11,29,23,6,20,5,15,36,3,33
S01012513,313,24,18,6,64,8,23,19,14,37,4,6,6,2,19,45,36,9,34,1,18,5,10,33,24,9,42,37,5,12,2,10,22,3,19
S01012514,590,48,39,9,119,18,48,29,24,91,9,11,17,13,41,85,69,16,59,9,30,13,7,56,37,19,53,48,5,39,18,21,40,2,38
S01012515,249,19,12,7,27,7,14,3,3,26,1,5,5,3,12,24,16,8,36,3,12,16,5,33,26,7,32,27,5,10,6,4,42,5,37
S01012516,270,21,14,7,40,6,18,6,10,32,2,6,3,2,19,34,27,7,43,3,15,13,12,37,30,7,22,19,3,12,2,10,29,3,26
S01012517,411,36,21,15,51,10,22,12,7,53,12,3,7,6,25,51,32,19,47,4,18,11,14,41,29,12,56,51,5,32,13,19,44,5,39
S01012518,268,36,17,19,57,10,22,14,11,42,2,3,10,4,23,36,23,13,25,1,13,2,9,18,13,5,22,20,2,9,1,8,23,1,22
S01012519,243,28,13,15,42,4,13,18,7,26,2,2,3,5,14,39,34,5,32,4,11,11,6,13,8,5,20,16,4,14,5,9,29,1,28
S01012520,364,48,31,17,106,17,28,36,25,48,4,3,8,6,27,39,33,6,39,2,22,9,6,27,19,8,28,25,3,14,3,11,15,1,14
S01012521,246,32,18,14,63,15,19,11,18,26,3,3,1,5,14,27,22,5,28,0,13,10,5,26,9,17,21,17,4,8,6,2,15,3,12
S01012522,400,63,39,24,84,15,20,25,24,72,9,5,11,7,40,40,27,13,49,1,15,16,17,26,17,9,30,29,1,14,5,9,22,0,22
S01012523,423,42,24,18,88,15,29,20,24,73,11,9,17,5,31,45,36,9,41,3,18,10,10,53,38,15,32,28,4,20,9,11,29,0,29
S01012524,383,39,23,16,78,13,17,25,23,71,13,3,10,7,38,54,47,7,35,1,21,7,6,26,17,9,32,26,6,25,10,15,23,2,21
S01012525,383,37,24,13,79,11,19,32,17,64,9,10,11,4,30,55,45,10,46,0,20,15,11,30,19,11,33,26,7,9,4,5,30,2,28
S01012526,350,38,26,12,106,13,24,35,34,61,6,7,9,5,34,44,35,9,25,1,17,6,1,25,13,12,22,18,4,10,4,6,19,3,16
S01012527,279,28,17,11,54,7,12,23,12,35,6,4,5,4,16,29,22,7,40,3,16,16,5,21,18,3,27,25,2,17,3,14,28,2,26
S01012528,404,23,13,10,44,6,15,13,10,41,8,5,3,4,21,42,33,9,56,10,14,17,15,45,33,12,45,40,5,42,14,28,66,7,59
S01012529,343,26,19,7,58,14,22,15,7,49,7,5,7,5,25,28,23,5,48,5,18,14,11,34,23,11,43,39,4,15,5,10,42,3,39
S01012530,385,30,21,9,62,10,21,18,13,63,10,5,15,4,29,57,37,20,56,1,31,18,6,28,19,9,27,25,2,36,12,24,26,7,19
S01012531,378,48,28,20,74,21,32,13,8,53,9,4,7,10,23,41,33,8,47,4,19,13,11,32,24,8,28,22,6,23,11,12,32,2,30
S01012532,383,32,16,16,52,5,19,16,12,46,6,3,10,7,20,38,28,10,67,17,22,17,11,55,42,13,21,18,3,31,11,20,41,5,36
S01012533,273,28,16,12,37,13,11,5,8,46,4,3,11,7,21,31,25,6,36,2,15,14,5,27,22,5,22,18,4,11,5,6,35,4,31
S01012534,266,19,12,7,34,10,13,5,6,31,5,2,11,1,12,34,29,5,43,0,19,15,9,25,16,9,34,28,6,19,8,11,27,0,27
S01012535,400,22,13,9,33,6,15,9,3,32,2,6,10,4,10,35,29,6,73,7,32,23,11,55,40,15,41,37,4,38,17,21,71,7,64
S01012536,358,28,12,16,30,4,11,7,8,26,7,1,5,0,13,40,35,5,45,7,12,19,7,52,36,16,35,32,3,37,11,26,65,8,57
S01012537,329,22,13,9,17,4,7,0,6,20,2,6,0,3,9,39,32,7,49,5,8,20,16,44,27,17,43,38,5,32,13,19,63,22,41
S01012538,466,42,22,20,34,2,15,12,5,43,5,6,13,1,18,55,41,14,72,7,27,23,15,76,58,18,51,47,4,36,14,22,57,9,48
S01012539,340,27,13,14,27,7,8,8,4,29,5,5,4,2,13,39,33,6,72,23,30,15,4,31,22,9,40,36,4,23,6,17,52,14,38
S01012540,286,11,5,6,20,6,8,1,5,18,1,0,3,4,10,25,19,6,50,6,16,22,6,41,28,13,29,27,2,35,11,24,57,12,45
S01012541,557,39,25,14,74,13,30,20,11,46,4,10,3,7,22,53,40,13,132,67,29,25,11,61,51,10,47,40,7,41,14,27,64,24,40
S01012542,390,40,24,16,86,16,28,21,21,56,9,6,9,4,28,30,22,8,47,6,16,16,9,40,33,7,34,27,7,21,12,9,36,7,29
S01012543,352,41,23,18,67,12,29,16,10,52,5,5,9,4,29,38,30,8,56,21,17,13,5,26,18,8,23,17,6,19,7,12,30,9,21
S01012544,373,32,23,9,74,13,21,17,23,48,6,8,4,4,26,29,21,8,60,19,18,13,10,34,24,10,35,29,6,23,13,10,38,6,32
S01012545,213,19,11,8,23,4,9,6,4,27,6,3,3,1,14,10,7,3,26,3,9,7,7,28,18,10,17,15,2,22,12,10,41,5,36
S01012546,375,28,15,13,48,6,20,10,12,49,8,10,5,4,22,44,34,10,71,11,32,17,11,38,22,16,33,32,1,30,19,11,34,9,25
S01012547,301,32,18,14,73,10,25,24,14,38,8,2,7,4,17,30,24,6,33,6,18,8,1,24,18,6,27,24,3,9,4,5,35,4,31
S01012548,371,41,26,15,78,14,24,20,20,54,12,5,8,5,24,45,31,14,52,10,18,16,8,23,16,7,26,22,4,21,4,17,31,6,25
S01012549,243,16,12,4,21,4,7,6,4,26,3,3,6,4,10,24,21,3,38,4,12,12,10,36,29,7,29,25,4,19,6,13,34,4,30
S01012550,377,23,16,7,61,9,19,25,8,46,3,5,8,8,22,33,21,12,40,5,15,12,8,44,32,12,54,46,8,31,8,23,45,7,38
S01012551,452,31,22,9,88,15,22,30,21,70,10,9,14,12,25,74,59,15,51,4,28,13,6,41,26,15,39,37,2,18,6,12,40,1,39
S01012552,460,53,34,19,113,25,27,33,28,94,9,8,11,7,59,51,41,10,36,3,20,7,6,32,24,8,36,33,3,17,5,12,28,2,26
S01012553,464,45,31,14,94,20,22,28,24,88,4,8,21,6,49,60,49,11,49,8,23,7,11,40,33,7,46,36,10,12,6,6,30,1,29
S01012554,234,18,13,5,38,8,12,10,8,36,6,3,6,3,18,30,24,6,25,1,13,7,4,28,15,13,26,26,0,14,8,6,19,1,18
S01012555,277,23,13,10,55,10,22,17,6,42,6,3,7,3,23,42,32,10,32,3,21,4,4,19,11,8,21,19,2,18,14,4,25,2,23
S01012556,280,31,23,8,64,7,16,22,19,50,1,9,10,5,25,27,20,7,28,2,16,4,6,23,13,10,32,24,8,8,6,2,17,0,17
S01012557,262,32,17,15,75,17,18,20,20,38,1,3,7,6,21,25,18,7,27,4,9,6,8,20,14,6,17,15,2,12,7,5,16,3,13
S01012558,277,18,12,6,30,8,7,9,6,35,4,6,7,7,11,23,19,4,41,6,15,8,12,31,23,8,43,35,8,13,4,9,43,5,38
S01012559,292,32,12,20,26,5,11,6,4,36,3,1,5,5,22,26,18,8,46,2,21,8,15,33,22,11,27,18,9,21,13,8,45,7,38
S01012560,214,15,9,6,38,9,12,12,5,35,4,3,11,0,17,24,16,8,23,1,10,5,7,24,16,8,21,20,1,15,4,11,19,4,15
S01012561,317,25,15,10,57,16,23,9,9,56,4,5,20,5,22,34,24,10,31,0,16,10,5,32,21,11,29,27,2,21,4,17,32,1,31
S01012562,336,27,7,20,50,12,19,5,14,41,8,2,6,7,18,38,31,7,40,5,21,7,7,33,21,12,38,29,9,23,13,10,46,9,37
S01012563,247,37,26,11,72,8,24,22,18,36,3,0,4,4,25,36,26,10,16,0,9,5,2,11,9,2,18,15,3,7,3,4,14,0,14
S01012564,354,50,27,23,94,9,28,24,33,60,6,8,5,4,37,33,21,12,29,1,12,11,5,25,19,6,23,17,6,12,5,7,28,4,24
S01012565,320,46,30,16,95,18,19,29,29,41,3,2,3,7,26,31,23,8,32,1,7,14,10,23,16,7,21,18,3,8,7,1,23,1,22
S01012566,349,46,27,19,71,10,27,21,13,49,6,4,5,8,26,24,22,2,38,2,12,16,8,37,23,14,27,24,3,20,9,11,37,5,32
S01012567,471,44,28,16,84,13,19,30,22,59,9,4,8,12,26,38,30,8,75,7,26,17,25,51,39,12,45,37,8,35,17,18,40,3,37
S01012568,233,39,29,10,81,9,25,32,15,36,1,2,3,8,22,19,14,5,15,2,5,3,5,13,8,5,12,11,1,7,4,3,11,1,10
S01012569,323,63,35,28,96,14,26,24,32,57,1,5,9,11,31,25,17,8,13,1,3,5,4,22,15,7,16,14,2,7,4,3,24,2,22
S01012570,240,23,9,14,34,11,7,8,8,26,3,0,5,5,13,17,12,5,60,19,15,16,10,18,13,5,15,12,3,23,11,12,24,10,14
S01012571,403,35,11,24,60,14,14,20,12,31,5,5,4,3,14,44,34,10,90,36,13,27,14,34,28,6,21,17,4,45,12,33,43,19,24
S01012572,264,23,13,10,40,7,9,14,10,24,1,4,4,6,9,24,19,5,59,25,11,18,5,24,17,7,15,13,2,20,7,13,35,15,20
S01012573,442,58,33,25,99,20,25,29,25,44,4,4,2,9,25,46,33,13,80,42,13,15,10,40,26,14,26,24,2,23,9,14,26,10,16
S01012574,449,65,40,25,92,18,31,29,14,46,3,6,5,4,28,49,39,10,85,23,32,20,10,32,21,11,22,19,3,26,4,22,32,5,27
S01012575,330,37,19,18,64,16,20,16,12,35,5,6,2,7,15,32,23,9,58,15,11,19,13,38,27,11,19,14,5,17,8,9,30,13,17
S01012576,383,51,33,18,81,15,28,14,24,55,3,5,7,11,29,30,27,3,56,11,7,22,16,34,24,10,26,22,4,21,11,10,29,5,24
S01012577,404,35,23,12,75,13,22,27,13,39,10,8,4,2,15,27,24,3,82,33,16,16,17,42,33,9,26,22,4,32,11,21,46,19,27
S01012578,411,53,31,22,81,17,20,24,20,43,4,7,7,6,19,32,24,8,75,17,12,31,15,27,20,7,38,35,3,27,11,16,35,7,28
S01012579,342,30,20,10,71,16,13,27,15,39,8,3,8,8,12,33,23,10,57,21,18,11,7,25,19,6,19,16,3,26,7,19,42,11,31
S01012580,418,56,35,21,96,17,31,22,26,54,2,5,7,10,30,28,19,9,76,35,10,18,13,34,27,7,14,12,2,23,5,18,37,19,18
S01012581,321,8,6,2,34,6,18,7,3,29,5,4,8,2,10,35,28,7,56,12,20,17,7,57,45,12,17,13,4,42,11,31,43,9,34
S01012582,494,63,43,20,85,19,35,17,14,71,10,11,11,10,29,51,36,15,82,29,29,16,8,51,45,6,31,25,6,27,6,21,33,6,27
S01012583,348,22,16,6,45,1,26,8,10,36,7,4,4,2,19,32,27,5,55,4,22,23,6,41,31,10,38,31,7,48,14,34,31,6,25
S01012584,368,27,18,9,63,15,21,13,14,44,8,3,11,2,20,35,22,13,59,10,24,19,6,29,19,10,35,31,4,41,10,31,35,6,29
S01012585,390,28,17,11,36,5,19,3,9,41,9,8,4,1,19,31,27,4,70,13,21,17,19,55,40,15,21,18,3,56,15,41,52,14,38
S01012586,458,48,37,11,88,21,41,10,16,60,3,8,15,7,27,39,28,11,73,21,27,14,11,43,33,10,29,17,12,39,10,29,39,10,29
S01012587,461,60,40,20,82,20,30,17,15,50,10,7,3,4,26,48,34,14,88,36,21,23,8,32,25,7,28,23,5,43,18,25,30,9,21
S01012588,338,41,29,12,60,13,18,11,18,38,7,4,6,2,19,28,23,5,61,16,19,18,8,36,30,6,15,10,5,33,8,25,26,10,16
S01012589,337,18,13,5,26,8,13,0,5,31,4,2,7,2,16,43,33,10,58,3,30,19,6,30,20,10,41,26,15,41,19,22,49,14,35
S01012590,342,23,16,7,36,17,6,6,7,32,7,0,7,1,17,30,25,5,42,1,18,13,10,35,26,9,33,26,7,54,22,32,57,11,46
S01012591,273,15,12,3,17,4,7,3,3,31,3,6,5,2,15,25,22,3,42,2,15,12,13,31,24,7,33,24,9,45,11,34,34,16,18
S01012592,298,48,35,13,67,15,20,12,20,42,5,1,10,7,19,32,26,6,40,9,17,9,5,20,18,2,24,17,7,12,3,9,13,4,9
S01012593,471,38,32,6,108,19,46,28,15,76,13,8,12,2,41,62,48,14,56,4,24,16,12,36,28,8,28,19,9,38,13,25,29,5,24
S01012594,212,14,9,5,36,4,12,13,7,32,5,5,7,1,14,28,23,5,33,1,18,6,8,18,14,4,12,11,1,20,7,13,19,1,18
S01012595,297,18,12,6,42,9,18,7,8,33,7,5,10,2,9,37,29,8,34,3,16,12,3,34,28,6,34,23,11,31,12,19,34,7,27
S01012596,336,24,21,3,32,6,16,6,4,33,4,5,10,3,11,42,36,6,45,3,16,17,9,44,32,12,27,21,6,42,5,37,47,7,40
S01012597,250,22,13,9,48,12,20,8,8,44,5,7,11,5,16,25,23,2,35,2,15,10,8,25,17,8,17,13,4,21,10,11,13,3,10
S01012598,388,33,23,10,109,16,30,37,26,66,9,7,13,9,28,42,38,4,35,0,22,10,3,31,19,12,31,24,7,21,11,10,20,3,17
S01012599,317,31,22,9,68,11,19,20,18,55,3,7,11,2,32,37,31,6,35,4,16,9,6,23,18,5,26,21,5,23,10,13,19,3,16
S01012600,398,33,24,9,86,8,33,30,15,65,8,5,18,2,32,67,55,12,42,4,23,13,2,30,24,6,32,26,6,25,5,20,18,1,17
S01012601,520,46,28,18,112,25,36,22,29,85,14,6,18,7,40,68,52,16,45,3,19,13,10,52,37,15,45,32,13,37,13,24,30,5,25
S01012602,244,23,8,15,41,6,16,8,11,28,7,5,3,1,12,25,18,7,38,1,15,11,11,21,15,6,22,17,5,24,11,13,22,2,20
S01012603,300,22,15,7,38,6,17,8,7,31,7,7,9,2,6,37,26,11,32,5,11,10,6,44,38,6,21,17,4,38,10,28,37,11,26
S01012604,296,25,14,11,40,9,15,9,7,27,5,5,7,1,9,32,19,13,29,2,11,8,8,32,28,4,31,28,3,41,12,29,39,7,32
S01012605,211,11,8,3,33,4,14,9,6,23,5,3,6,0,9,23,18,5,24,2,14,4,4,27,21,6,19,17,2,22,8,14,29,3,26
S01012606,485,56,43,13,140,26,39,30,45,93,5,13,21,3,51,51,45,6,47,1,29,11,6,30,22,8,31,26,5,20,10,10,17,4,13
S01012607,386,34,23,11,67,12,26,8,21,52,9,10,9,3,21,34,24,10,61,0,28,20,13,39,28,11,40,32,8,37,11,26,22,5,17
S01012608,390,20,10,10,45,6,20,7,12,49,3,9,10,4,23,45,35,10,57,8,27,14,8,37,30,7,36,27,9,45,15,30,56,9,47
S01012609,360,12,8,4,34,7,12,10,5,22,3,2,8,0,9,39,34,5,53,3,24,17,9,55,44,11,36,26,10,46,17,29,63,10,53
S01012610,385,25,17,8,45,11,20,9,5,36,6,5,10,2,13,33,27,6,51,4,16,22,9,53,44,9,42,34,8,47,18,29,53,7,46
S01012611,405,23,9,14,81,10,30,26,15,59,6,9,10,2,32,41,35,6,44,3,29,8,4,51,37,14,38,35,3,35,13,22,33,7,26
S01012612,296,21,18,3,32,5,9,11,7,36,7,6,7,0,16,39,31,8,36,4,9,13,10,34,27,7,33,26,7,32,10,22,33,6,27
S01012613,322,24,18,6,44,7,16,8,13,27,5,2,6,1,13,34,29,5,50,6,22,10,12,42,30,12,26,23,3,32,7,25,43,13,30
S01012614,494,35,24,11,88,11,36,24,17,69,12,8,13,7,29,66,51,15,45,0,22,17,6,59,49,10,49,35,14,42,12,30,41,5,36
S01012615,333,56,34,22,71,15,19,13,24,51,3,13,3,8,24,35,26,9,42,5,17,13,7,23,16,7,20,16,4,16,2,14,19,4,15
S01012616,452,54,41,13,90,24,34,17,15,61,7,5,15,5,29,40,23,17,62,14,16,24,8,41,25,16,41,33,8,25,4,21,38,12,26
S01012617,227,31,19,12,52,5,16,17,14,21,2,1,5,1,12,34,30,4,34,9,9,15,1,10,9,1,18,15,3,14,2,12,13,2,11
S01012618,292,27,16,11,58,13,21,16,8,29,3,4,5,3,14,27,21,6,51,10,19,14,8,25,24,1,26,20,6,27,13,14,22,8,14
S01012619,225,22,14,8,31,5,13,8,5,26,3,6,3,3,11,27,21,6,26,4,10,7,5,22,17,5,23,19,4,11,6,5,37,5,32
S01012620,369,38,26,12,111,16,37,34,24,49,3,13,8,9,16,43,36,7,35,2,12,15,6,34,21,13,25,22,3,14,6,8,20,3,17
S01012621,257,31,22,9,60,12,15,17,16,33,2,1,7,5,18,30,26,4,25,2,6,12,5,19,16,3,23,20,3,20,9,11,16,0,16
S01012622,345,20,13,7,57,10,21,17,9,41,6,6,5,4,20,45,31,14,53,4,17,22,10,38,27,11,29,25,4,34,12,22,28,1,27
S01012623,301,15,8,7,35,6,18,5,6,25,4,7,3,2,9,30,24,6,46,4,11,21,10,62,49,13,24,19,5,21,8,13,43,9,34
S01012624,331,23,15,8,30,7,18,4,1,46,12,5,7,5,17,34,27,7,61,5,20,26,10,39,32,7,35,31,4,27,8,19,36,3,33
S01012625,259,13,13,0,36,7,12,11,6,24,3,10,5,2,4,30,23,7,42,3,16,16,7,28,18,10,35,28,7,28,8,20,23,3,20
S01012626,249,11,5,6,50,6,19,11,14,37,5,4,10,7,11,29,23,6,41,2,20,14,5,24,19,5,24,21,3,7,3,4,26,6,20
S01012627,238,24,14,10,42,8,7,15,12,26,5,5,2,1,13,21,18,3,28,8,9,7,4,29,22,7,26,20,6,16,5,11,26,2,24
S01012628,480,68,44,24,132,29,52,31,20,83,10,8,16,10,39,42,35,7,49,4,18,18,9,37,24,13,28,24,4,18,7,11,23,2,21
S01012629,250,37,26,11,77,6,23,24,24,42,5,5,7,5,20,27,18,9,16,0,7,7,2,16,11,5,10,7,3,10,3,7,15,2,13
S01012630,354,39,25,14,60,11,20,12,17,43,5,7,2,10,19,34,27,7,39,1,12,16,10,36,22,14,33,25,8,29,8,21,41,7,34
S01012631,426,31,22,9,67,11,25,19,12,45,3,6,11,7,18,39,35,4,59,4,14,16,25,52,42,10,42,36,6,34,11,23,57,5,52
S01012632,375,45,29,16,64,12,17,19,16,46,5,7,9,6,19,39,33,6,66,27,13,16,10,46,37,9,14,13,1,29,8,21,26,12,14
S01012633,336,48,28,20,67,18,11,23,15,36,5,6,4,3,18,33,22,11,50,27,10,9,4,37,32,5,23,18,5,15,6,9,27,11,16
S01012634,299,26,11,15,33,7,12,8,6,24,1,3,4,4,12,35,30,5,58,13,23,17,5,37,27,10,34,29,5,26,13,13,26,6,20
S01012635,537,70,49,21,106,22,30,20,34,83,6,11,14,15,37,46,33,13,62,9,28,17,8,63,45,18,30,22,8,33,11,22,44,12,32
S01012636,346,40,22,18,68,13,20,17,18,41,6,3,5,9,18,36,24,12,61,22,15,16,8,30,20,10,23,20,3,25,8,17,22,7,15
S01012637,339,12,6,6,23,6,8,3,6,23,4,10,1,1,7,32,24,8,53,2,26,13,12,48,41,7,28,22,6,71,15,56,49,7,42
S01012638,373,24,16,8,46,9,11,7,19,43,4,8,6,8,17,48,38,10,43,6,14,14,9,34,26,8,26,22,4,67,21,46,42,7,35
S01012639,385,16,13,3,25,6,10,3,6,39,7,4,6,6,16,32,24,8,65,4,20,37,4,71,59,12,35,29,6,49,26,23,53,10,43
S01012640,331,22,11,11,19,3,8,5,3,17,5,2,1,3,6,27,19,8,64,10,29,20,5,52,42,10,29,24,5,45,17,28,56,12,44
S01012641,398,27,20,7,52,5,18,16,13,28,5,7,2,4,10,28,20,8,64,13,16,24,11,63,51,12,38,30,8,46,21,25,52,19,33
S01012642,294,6,5,1,16,2,10,1,3,15,4,5,0,2,4,24,19,5,45,6,14,17,8,69,61,8,26,21,5,42,19,23,51,21,30
S01012643,203,9,7,2,15,1,5,6,3,8,0,2,2,1,3,21,19,2,27,3,9,12,3,32,24,8,22,21,1,37,12,25,32,6,26
S01012644,291,13,9,4,37,10,14,6,7,26,2,6,3,1,14,23,21,2,45,5,14,19,7,50,37,13,32,28,4,35,16,19,30,10,20
S01012645,380,43,24,19,55,13,15,17,10,54,10,9,9,5,21,39,33,6,62,9,15,34,4,37,33,4,22,18,4,42,11,31,26,6,20
S01012646,497,41,31,10,83,13,28,22,20,69,7,11,14,4,33,56,45,11,74,5,31,34,4,44,36,8,42,34,8,44,16,28,44,13,31
S01012647,422,42,34,8,83,20,29,18,16,75,15,2,18,4,36,52,46,6,55,6,14,25,10,27,21,6,36,25,11,30,2,28,22,3,19
S01012648,231,19,11,8,12,3,5,0,4,21,5,5,1,3,7,19,15,4,38,5,11,16,6,39,34,5,32,27,5,22,7,15,29,11,18
S01012649,306,29,18,11,43,8,9,15,11,30,5,5,7,2,11,33,28,5,35,1,10,21,3,38,31,7,35,32,3,30,12,18,33,6,27
S01012650,303,35,23,12,56,17,16,11,12,38,7,6,3,3,19,34,28,6,44,3,15,19,7,24,19,5,27,19,8,19,9,10,26,1,25
S01012651,262,5,3,2,19,3,10,3,3,21,0,6,4,2,9,27,22,5,46,3,12,22,9,37,33,4,30,26,4,37,20,17,40,16,24
S01012652,577,56,42,14,94,21,28,33,12,100,11,7,18,15,49,72,62,10,77,2,34,25,16,48,36,12,54,38,16,45,15,30,31,5,26
S01012653,407,33,22,11,48,5,16,18,9,35,7,4,6,2,16,42,33,9,75,19,21,30,5,40,26,14,44,35,9,43,21,22,47,14,33
S01012654,404,46,28,18,67,11,20,19,17,53,6,3,7,7,30,65,50,15,58,13,16,23,6,26,18,8,43,25,18,25,11,14,21,7,14
S01012655,493,54,35,19,47,10,10,20,7,47,4,9,7,6,21,64,53,11,69,3,25,33,8,56,37,19,47,38,9,51,25,26,58,18,40
S01012656,346,16,10,6,31,8,10,4,9,32,4,9,7,0,12,46,36,10,53,1,20,25,7,40,34,6,44,34,10,45,21,24,39,7,32
S01012657,235,9,6,3,22,3,9,5,5,25,5,6,5,0,9,44,34,10,31,2,8,18,3,25,19,6,25,18,7,26,5,21,28,2,26
S01012658,485,41,28,13,76,13,27,18,18,65,11,11,10,6,27,70,54,16,75,1,31,36,7,49,32,17,51,40,11,24,8,16,34,6,28
S01012659,590,62,43,19,129,21,37,36,35,101,10,8,23,8,52,73,68,5,59,1,29,20,9,49,39,10,55,39,16,38,14,24,24,3,21
S01012660,329,23,17,6,53,9,21,10,13,39,4,6,8,3,18,35,29,6,48,0,18,24,6,29,26,3,30,22,8,33,12,21,39,6,33
S01012661,407,42,31,11,54,18,12,11,13,53,4,9,11,1,28,54,50,4,73,2,22,39,10,40,24,16,39,26,13,23,7,16,29,7,22
S01012662,312,21,16,5,25,7,4,7,7,33,2,10,7,3,11,40,36,4,44,2,14,21,7,42,35,7,31,23,8,36,19,17,40,9,31
S01012663,335,28,20,8,38,4,11,6,17,52,6,11,8,4,23,40,31,9,47,2,18,20,7,36,26,10,34,25,9,31,12,19,29,7,22
S01012664,474,32,21,11,56,12,14,22,8,49,4,9,10,2,24,54,43,11,79,2,31,34,12,50,34,16,55,43,12,62,21,41,37,5,32
S01012665,262,18,8,10,11,2,2,5,2,24,4,3,3,0,14,24,22,2,39,1,17,15,6,40,31,9,29,21,8,38,21,17,39,7,32
S01012666,253,17,10,7,16,1,8,4,3,15,2,5,0,0,8,33,27,6,34,3,8,18,5,31,25,6,23,20,3,33,16,17,51,5,46
S01012667,222,10,3,7,14,3,2,3,6,21,6,2,4,0,9,29,26,3,46,1,18,14,13,31,25,6,21,18,3,24,12,12,26,4,22
S01012668,315,23,11,12,21,1,13,2,5,27,7,5,7,2,6,50,44,6,47,3,20,17,7,35,30,5,30,18,12,49,18,31,33,5,28
S01012669,364,34,23,11,46,7,16,13,10,49,12,8,4,2,23,70,58,12,41,1,24,11,5,37,29,8,35,27,8,29,14,15,23,3,20
S01012670,342,18,13,5,58,9,19,19,11,43,2,7,9,3,22,50,41,9,44,1,23,16,4,39,29,10,37,30,7,26,11,15,27,3,24
S01012671,438,30,20,10,25,4,12,3,6,38,5,6,7,6,14,49,40,9,66,6,27,29,4,59,44,15,48,38,10,61,29,32,62,11,51
S01012672,247,8,6,2,17,2,5,8,2,15,3,4,2,1,5,28,26,2,47,1,17,21,8,27,22,5,32,24,8,42,23,19,31,5,26
S01012673,248,8,4,4,9,3,3,1,2,15,2,4,5,1,3,27,20,7,42,3,14,22,3,35,27,8,23,16,7,35,20,15,54,9,45
S01012674,190,10,8,2,9,1,4,3,1,17,1,5,5,1,5,17,13,4,24,2,4,11,7,26,22,4,23,21,2,23,10,13,41,9,32
S01012675,330,17,12,5,27,5,9,10,3,21,3,5,5,1,7,38,34,4,53,2,13,28,10,44,39,5,33,28,5,45,19,26,52,9,43
S01012676,395,18,11,7,33,4,12,7,10,36,6,4,5,3,18,46,42,4,54,3,15,30,6,62,47,15,44,30,14,53,21,32,49,8,41
S01012677,243,12,6,6,14,3,7,1,3,27,3,1,5,5,13,19,16,3,47,2,13,29,3,36,29,7,27,25,2,23,8,15,38,5,33
S01012678,416,33,21,12,69,9,35,19,6,54,10,6,5,7,26,53,42,11,64,5,27,25,7,43,34,9,36,25,11,32,10,22,32,4,28
S01012679,370,35,23,12,56,6,22,12,16,37,5,3,11,5,13,35,28,7,47,3,24,17,3,37,26,11,33,21,12,45,18,27,45,15,30
S01012680,309,28,25,3,62,19,17,11,15,48,4,6,5,3,30,33,28,5,38,2,17,16,3,32,20,12,28,18,10,26,8,18,14,5,9
S01012681,329,29,18,11,43,9,14,10,10,44,6,10,9,3,16,46,35,11,61,22,13,23,3,33,23,10,21,17,4,24,10,14,28,6,22
S01012682,337,34,22,12,58,16,18,12,12,48,8,6,10,6,18,48,38,10,49,3,15,26,5,32,23,9,29,23,6,19,5,14,20,6,14
S01012683,356,23,19,4,45,15,15,11,4,43,4,10,10,1,18,39,31,8,47,2,14,24,7,42,36,6,43,38,5,36,20,16,38,6,32
S01012684,270,31,21,10,60,11,18,15,16,38,3,3,6,5,21,36,31,5,32,2,13,12,5,25,18,7,17,11,6,14,4,10,17,3,14
S01012685,371,32,23,9,42,3,16,13,10,39,3,7,10,3,16,43,37,6,66,4,25,29,8,51,40,11,28,22,6,29,8,21,41,7,34
S01012686,497,56,36,20,133,21,29,37,46,69,6,10,9,12,32,62,53,9,63,4,19,30,10,31,21,10,38,27,11,19,6,13,26,3,23
S01012687,211,35,22,13,54,7,12,20,15,38,1,3,6,6,22,31,22,9,12,6,2,2,2,15,14,1,5,3,2,6,1,5,15,2,13
S01012688,374,35,20,15,94,18,18,29,29,60,5,6,3,8,38,47,43,4,38,3,10,20,5,29,19,10,31,22,9,23,10,13,17,8,9
S01012689,233,38,24,14,63,13,16,24,10,29,3,4,2,2,18,17,12,5,31,1,15,9,6,20,19,1,13,11,2,10,3,7,12,1,11
S01012690,261,13,10,3,66,12,11,26,17,31,3,4,4,4,16,34,27,7,32,1,13,14,4,28,20,8,21,16,5,15,4,11,21,7,14
S01012691,360,51,37,14,121,30,26,31,34,67,5,11,7,6,38,34,26,8,20,2,10,7,1,13,11,2,25,20,5,11,8,3,18,0,18
S01012692,339,29,20,9,72,12,25,20,15,46,4,6,7,4,25,42,34,8,48,4,16,19,9,39,29,10,23,17,6,14,7,7,26,1,25
S01012693,473,82,60,22,132,26,36,33,37,74,2,4,6,8,54,56,38,18,33,2,17,9,5,35,29,6,29,25,4,10,4,6,22,0,22
S01012694,228,18,12,6,43,7,20,8,8,34,4,5,5,0,20,31,25,6,22,1,7,11,3,23,20,3,25,20,5,11,8,3,21,2,19
S01012695,412,57,29,28,66,15,21,10,20,37,5,4,7,10,11,43,33,10,71,35,10,20,6,39,33,6,28,20,8,36,12,24,35,8,27
S01012696,415,52,37,15,74,13,25,13,23,54,10,4,10,9,21,49,38,11,80,49,13,17,1,25,20,5,26,22,4,22,6,16,33,12,21
S01012697,265,26,15,11,65,9,14,22,20,27,1,3,4,4,15,22,17,5,54,30,11,4,9,19,15,4,13,9,4,17,6,11,22,14,8
S01012698,397,45,33,12,79,20,21,20,18,50,9,6,4,6,25,43,35,8,64,17,17,15,15,36,27,9,29,24,5,22,14,8,29,6,23
S01012699,548,63,40,23,105,27,26,21,31,67,9,10,9,7,32,66,55,11,103,42,29,21,11,47,38,9,42,34,8,22,11,11,33,10,23
S01012700,403,55,38,17,72,15,27,19,11,49,3,5,8,4,29,41,36,5,62,11,25,19,7,37,27,10,39,32,7,29,13,16,19,9,10
S01012701,264,25,16,9,55,6,16,19,14,37,8,3,4,4,18,40,28,12,34,7,14,10,3,14,11,3,26,21,5,12,4,8,21,4,17
S01012702,315,50,33,17,79,12,23,21,23,36,3,3,4,2,24,31,27,4,36,1,19,15,1,29,21,8,27,18,9,14,4,10,13,1,12
S01012703,361,32,24,8,49,13,8,9,19,67,6,10,15,4,32,52,40,12,38,1,17,15,5,29,21,8,45,34,11,17,12,5,32,6,26
S01012704,338,19,11,8,21,1,11,4,5,18,4,1,3,0,10,46,39,7,47,4,17,23,3,46,37,9,34,24,10,49,24,25,58,11,47
S01012705,458,56,37,19,90,16,27,32,15,77,8,11,20,2,36,70,61,9,54,4,27,14,9,29,18,11,46,35,11,17,8,9,19,3,16
S01012706,308,14,9,5,26,6,8,8,4,22,7,4,2,2,7,27,23,4,50,5,17,24,4,30,24,6,36,24,12,39,18,21,64,16,48
S01012707,514,42,27,15,138,24,28,54,32,70,14,6,12,6,32,77,66,11,45,1,28,10,6,35,27,8,54,45,9,26,8,18,27,2,25
S01012708,299,18,12,6,28,3,5,12,8,30,4,2,6,3,15,34,31,3,39,0,18,16,5,26,20,6,43,32,11,35,15,20,46,5,41
S01012709,217,8,6,2,39,10,12,10,7,26,2,1,7,3,13,33,27,6,23,0,10,8,5,12,10,2,26,16,10,21,8,13,29,4,25
S01012710,336,31,18,13,41,10,6,14,11,40,7,5,8,1,19,38,32,6,45,0,15,23,7,29,25,4,46,34,12,24,12,12,42,9,33
S01012711,332,20,14,6,42,10,15,9,8,37,9,4,7,4,13,38,32,6,43,3,13,22,5,36,24,12,29,23,6,32,16,16,55,9,46
S01012712,367,26,21,5,107,19,23,37,28,58,8,3,11,5,31,50,42,8,43,1,16,18,8,26,20,6,32,25,7,12,6,6,13,3,10
S01012713,327,38,27,11,71,14,17,21,19,49,3,6,6,6,28,43,40,3,33,4,15,11,3,18,14,4,26,20,6,17,9,8,32,4,28
S01012714,267,30,19,11,60,9,13,15,23,41,9,4,3,1,24,42,32,10,25,1,15,8,1,23,19,4,20,12,8,14,8,6,12,0,12
S01012715,333,22,19,3,68,11,15,20,22,42,9,7,5,2,19,43,38,5,48,1,16,15,16,30,21,9,27,15,12,24,10,14,29,7,22
S01012716,371,56,34,22,121,20,25,32,44,47,7,2,4,4,30,44,28,16,23,2,9,8,4,17,15,2,25,20,5,18,9,9,20,2,18
S01012717,433,42,28,14,82,11,24,26,21,54,6,3,5,5,35,70,63,7,45,0,17,21,7,31,24,7,40,32,8,34,15,19,35,10,25
S01012718,469,75,53,22,108,21,27,26,34,77,6,11,10,6,44,66,51,15,40,2,12,12,14,25,15,10,28,22,6,30,22,8,20,3,17
S01012719,407,42,27,15,82,12,33,23,14,62,5,9,8,8,32,62,54,8,52,0,23,20,9,16,15,1,45,33,12,17,7,10,29,5,24
S01012720,318,28,19,9,72,15,15,24,18,46,11,2,4,5,24,40,32,8,28,0,9,16,3,28,21,7,32,18,14,21,13,8,23,5,18
S01012721,306,19,12,7,38,4,9,14,11,36,8,7,4,6,11,55,49,6,34,1,16,13,4,28,19,9,33,25,8,33,16,17,30,6,24
S01012722,275,13,9,4,27,6,10,4,7,22,5,5,1,2,9,35,34,1,44,1,13,24,6,43,31,12,29,19,10,28,16,12,34,9,25
S01012723,290,19,12,7,21,5,6,4,6,28,5,2,1,5,15,38,27,11,33,2,10,16,5,22,18,4,38,29,9,38,19,19,53,7,46
S01012724,359,24,17,7,71,14,15,19,23,48,9,5,7,3,24,41,36,5,45,0,14,21,10,29,16,13,35,27,8,31,15,16,35,3,32
S01012725,473,46,36,10,96,24,14,29,29,66,10,9,12,9,26,66,55,11,46,0,18,15,13,39,28,11,42,30,12,29,14,15,43,6,37
S01012726,249,16,11,5,24,5,7,5,7,20,1,1,4,4,10,37,32,5,31,2,8,14,7,23,18,5,33,24,9,36,12,24,29,4,25
S01012727,272,20,12,8,23,5,5,9,4,21,4,5,2,1,9,24,20,4,49,1,19,20,9,27,16,11,42,36,6,29,9,20,37,7,30
S01012728,285,13,8,5,12,1,6,2,3,24,2,4,4,3,11,32,28,4,36,2,10,15,9,44,31,13,28,20,8,40,17,23,56,10,46
S01012729,433,31,22,9,72,20,16,19,17,53,10,18,8,3,14,54,46,8,62,0,28,18,16,36,30,6,55,37,18,42,23,19,28,3,25
S01012730,256,10,9,1,16,2,5,4,5,19,4,1,2,0,12,37,32,5,30,2,10,13,5,30,21,9,32,28,4,38,16,22,44,7,37
S01012731,348,11,8,3,31,8,12,1,10,34,3,7,6,2,16,42,34,8,43,5,18,15,5,42,36,6,41,27,14,46,21,25,58,8,50
S01012732,310,16,8,8,28,7,11,6,4,25,2,2,1,4,16,28,19,9,42,3,14,23,2,43,34,9,42,35,7,43,19,24,43,5,38
S01012733,631,99,71,28,138,30,37,42,29,109,8,8,21,5,67,77,66,11,62,9,27,22,4,37,17,20,56,38,18,33,17,16,20,6,14
S01012734,343,54,39,15,90,27,16,23,24,68,3,6,7,9,43,43,35,8,36,0,18,15,3,10,6,4,24,17,7,15,12,3,3,0,3
S01012735,208,12,12,0,20,4,10,3,3,18,3,2,1,0,12,32,27,5,35,0,18,12,5,18,10,8,21,15,6,27,12,15,25,4,21
S01012736,485,31,20,11,62,11,22,15,14,63,13,7,12,9,22,65,56,9,55,3,27,16,9,58,43,15,55,41,14,49,23,26,47,9,38
S01012737,449,33,19,14,72,11,16,23,22,67,8,6,14,4,35,68,60,8,46,0,16,19,11,47,31,16,45,33,12,28,11,17,43,8,35
S01012738,296,19,10,9,23,8,4,3,8,34,5,5,2,1,21,35,32,3,34,2,8,10,14,24,19,5,37,26,11,47,23,24,43,5,38
S01012739,501,77,46,31,119,30,39,15,35,93,13,6,17,3,54,70,60,10,45,1,19,16,9,26,17,9,35,23,12,19,8,11,17,1,16
S01012740,501,75,53,22,96,23,18,28,27,92,6,9,10,11,56,55,52,3,50,1,18,15,16,30,22,8,46,28,18,34,11,23,23,3,20
S01012741,370,47,33,14,65,14,14,15,22,62,7,5,8,4,38,68,57,11,43,3,18,15,7,22,15,7,27,15,12,20,8,12,16,3,13
S01012742,387,35,27,8,85,15,11,35,24,57,6,7,7,4,33,77,64,13,38,2,15,17,4,30,20,10,36,23,13,20,7,13,9,1,8
S01012743,321,28,16,12,56,13,10,23,10,46,7,10,8,2,19,57,49,8,39,3,22,9,5,21,16,5,38,26,12,19,7,12,17,1,16
S01012744,428,30,24,6,78,22,24,23,9,78,13,6,7,6,46,79,70,9,53,3,33,12,5,23,12,11,38,25,13,27,9,18,22,4,18
S01012745,356,33,27,6,66,12,12,23,19,62,4,6,14,4,34,48,45,3,34,0,17,10,7,24,21,3,35,26,9,26,5,21,28,4,24
S01012746,450,51,33,18,57,12,12,14,19,74,8,9,17,6,34,64,54,10,49,2,25,14,8,32,22,10,40,25,15,48,23,25,35,4,31
S01012747,379,22,17,5,47,14,7,13,13,48,8,5,9,3,23,48,42,6,29,2,11,11,5,40,25,15,41,33,8,50,27,23,54,9,45
S01012748,313,13,9,4,10,3,3,2,2,30,4,6,0,4,16,35,33,2,35,5,3,9,18,27,19,8,39,33,6,53,27,26,71,13,58
S01012749,345,13,9,4,21,3,9,6,3,34,11,3,4,3,13,29,22,7,57,2,18,21,16,38,26,12,40,34,6,56,31,25,57,11,46
S01012750,338,17,12,5,10,0,5,2,3,24,6,0,7,0,11,30,24,6,43,2,15,16,10,38,25,13,53,42,11,52,37,15,71,14,57
S01012751,332,17,12,5,23,4,8,5,6,31,6,5,5,5,10,43,38,5,51,2,16,23,10,34,26,8,48,33,15,45,25,20,40,8,32
S01012752,404,36,30,6,46,8,11,10,17,57,11,5,5,10,26,47,35,12,47,2,15,20,10,45,32,13,47,32,15,40,15,25,39,5,34
S01012753,196,16,13,3,14,1,7,1,5,11,1,5,0,3,2,26,21,5,22,3,11,5,3,24,18,6,22,15,7,18,9,9,43,5,38
S01012754,243,16,10,6,24,5,8,4,7,25,4,9,0,4,8,27,23,4,32,2,11,14,5,16,15,1,30,19,11,44,22,22,29,7,22
S01012755,172,13,6,7,14,5,4,3,2,18,5,5,2,0,6,22,22,0,15,0,6,2,7,20,14,6,32,24,8,17,11,6,21,3,18
S01012756,202,10,8,2,20,4,5,6,5,22,4,2,4,3,9,35,29,6,27,1,13,6,7,19,14,5,22,19,3,26,13,13,21,7,14
S01012757,210,9,6,3,17,3,4,7,3,16,3,5,2,1,5,24,19,5,30,3,9,13,5,24,18,6,23,19,4,30,15,15,37,7,30
S01012758,265,23,13,10,34,9,8,9,8,27,1,1,9,2,14,39,33,6,26,1,10,11,4,39,30,9,23,11,12,30,16,14,24,1,23
S01012759,302,15,8,7,13,2,5,2,4,35,4,9,6,2,14,36,34,2,38,2,16,12,8,35,25,10,34,27,7,46,22,24,50,6,44
S01012760,364,19,14,5,30,5,9,10,6,40,6,7,7,4,16,46,41,5,44,2,26,8,8,41,34,7,52,38,14,43,18,25,49,17,32
S01012761,375,21,17,4,44,10,16,9,9,40,5,4,3,4,24,62,53,9,58,0,24,27,7,36,26,10,38,28,10,37,12,25,39,5,34
S01012762,353,20,15,5,35,6,15,6,8,27,7,4,2,3,11,64,51,13,50,2,23,15,10,37,22,15,45,36,9,41,15,26,34,7,27
S01012763,194,8,6,2,16,1,7,5,3,12,3,1,3,1,4,27,25,2,27,3,11,7,6,21,15,6,27,24,3,29,18,11,27,2,25
S01012764,330,16,9,7,35,8,12,6,9,35,7,4,5,8,11,45,41,4,48,1,18,23,6,37,30,7,38,30,8,37,14,23,39,9,30
S01012765,345,29,21,8,34,11,11,6,6,43,6,7,3,1,26,44,31,13,40,0,17,18,5,47,39,8,37,26,11,33,9,24,38,4,34
S01012766,430,24,17,7,45,7,15,14,9,50,3,8,8,2,29,48,39,9,66,2,35,17,12,43,33,10,56,45,11,42,15,27,56,9,47
S01012767,309,18,10,8,30,8,9,5,8,44,2,6,3,4,29,49,39,10,50,0,22,24,4,33,29,4,37,27,10,29,10,19,19,3,16
S01012768,415,21,15,6,56,11,9,23,13,56,4,7,17,0,28,70,59,11,60,0,27,25,8,36,30,6,58,46,12,35,15,20,23,2,21
S01012769,245,36,26,10,41,8,8,9,16,32,1,3,3,3,22,38,31,7,35,1,14,19,1,19,11,8,21,15,6,12,6,6,11,1,10
S01012770,393,16,12,4,46,8,17,6,15,45,11,10,7,1,16,65,56,9,46,1,18,20,7,43,33,10,48,33,15,41,17,24,43,9,34
S01012771,335,24,14,10,59,9,20,20,10,36,5,7,1,3,20,43,31,12,25,0,12,7,6,33,25,8,42,26,16,36,12,24,37,8,29
S01012772,293,16,13,3,13,2,6,3,2,14,1,2,4,3,4,28,28,0,33,3,12,9,9,46,37,9,46,36,10,43,17,26,54,9,45
S01012773,394,29,18,11,41,9,16,12,4,44,5,7,6,6,20,48,39,9,64,4,33,20,7,42,33,9,43,30,13,41,15,26,42,10,32
S01012774,459,34,18,16,48,14,15,10,9,52,10,8,3,4,27,54,46,8,60,2,22,20,16,58,40,18,53,30,23,59,33,26,41,7,34
S01012775,201,14,7,7,23,7,5,8,3,26,6,2,4,2,12,20,15,5,31,0,10,17,4,18,15,3,23,16,7,21,6,15,25,4,21
S01012776,348,14,8,6,21,6,10,3,2,28,6,4,4,1,13,44,37,7,49,2,17,19,11,38,29,9,49,36,13,47,28,19,58,10,48
S01012777,536,58,39,19,70,20,18,17,15,70,7,10,7,3,43,69,57,12,58,1,26,25,6,56,35,21,73,57,16,51,27,24,31,7,24
S01012778,335,23,16,7,40,10,11,10,9,53,8,7,11,6,21,53,49,4,30,0,18,8,4,40,33,7,25,21,4,35,12,23,36,7,29
S01012779,209,18,15,3,19,7,6,1,5,14,4,2,1,3,4,29,24,5,21,2,5,11,3,20,19,1,29,25,4,29,9,20,30,8,22
S01012780,286,14,10,4,25,5,10,5,5,23,4,6,1,2,10,36,32,4,27,4,8,11,4,33,25,8,42,30,12,36,24,12,50,4,46
S01012781,337,19,13,6,47,7,13,17,10,59,7,6,11,8,27,51,40,11,46,1,18,17,10,24,18,6,38,31,7,30,11,19,23,3,20
S01012782,247,8,4,4,5,0,2,2,1,16,2,4,2,0,8,30,26,4,35,2,14,8,11,29,19,10,40,35,5,35,19,16,49,8,41
S01012783,290,10,7,3,16,3,4,4,5,21,1,5,1,3,11,37,31,6,40,1,13,16,10,30,21,9,43,34,9,42,23,19,51,5,46
S01012784,361,17,12,5,26,7,5,10,4,46,5,4,12,2,23,50,45,5,43,2,17,15,9,48,35,13,37,27,10,45,27,18,49,13,36
S01012785,280,16,10,6,15,5,3,2,5,21,5,4,1,1,10,37,27,10,35,6,14,5,10,31,18,13,26,21,5,47,26,21,52,8,44
S01012786,257,8,5,3,13,3,2,5,3,28,4,2,4,0,18,28,24,4,32,2,6,15,9,25,19,6,28,20,8,44,32,12,51,8,43
S01012787,317,28,23,5,61,12,13,13,23,44,7,8,9,4,16,37,32,5,32,1,15,9,7,24,18,6,39,26,13,29,18,11,23,1,22
S01012788,247,11,8,3,18,5,4,3,6,23,7,1,3,0,12,22,21,1,34,3,12,11,8,25,16,9,24,17,7,42,12,30,48,21,27
S01012789,354,24,13,11,54,10,16,5,23,53,6,7,5,4,31,58,45,13,44,0,20,18,6,26,19,7,42,31,11,29,7,22,24,1,23
S01012790,356,29,19,10,105,24,26,26,29,66,5,3,12,6,40,49,40,9,18,1,9,7,1,18,9,9,36,24,12,22,4,18,13,1,12
S01012791,317,32,22,10,83,16,13,33,21,44,5,5,8,3,23,44,38,6,31,2,8,13,8,20,15,5,31,24,7,14,6,8,18,0,18
S01012792,424,27,13,14,63,17,15,19,12,68,7,11,12,9,29,63,55,8,47,0,16,20,11,56,44,12,31,18,13,29,14,15,40,7,33
S01012793,287,22,10,12,28,7,5,10,6,28,5,6,1,3,13,27,23,4,26,4,12,6,4,27,20,7,38,33,5,41,27,14,50,11,39
S01012794,337,56,31,25,74,17,19,14,24,65,9,6,6,8,36,41,36,5,27,5,10,7,5,18,12,6,17,10,7,15,3,12,24,4,20
S01012795,418,30,18,12,25,7,6,6,6,24,3,7,5,2,7,34,31,3,51,4,16,22,9,62,46,16,60,46,14,63,35,28,69,10,59
S01012796,402,33,23,10,45,12,13,9,11,44,9,4,4,2,25,54,45,9,51,3,19,22,7,35,27,8,39,26,13,47,23,24,54,19,35
S01012797,334,25,14,11,30,4,12,7,7,45,7,7,7,3,21,27,23,4,37,3,11,13,10,34,32,2,44,29,15,38,21,17,54,5,49
S01012798,340,88,53,35,79,18,20,17,24,45,1,2,2,7,33,36,31,5,17,0,6,6,5,14,9,5,26,19,7,19,9,10,16,2,14
S01012799,373,80,49,31,113,13,33,31,36,60,5,2,5,5,43,40,33,7,21,0,3,11,7,10,8,2,28,16,12,8,3,5,13,2,11
S01012800,449,93,56,37,127,16,29,34,48,69,2,4,3,6,54,42,33,9,29,0,8,12,9,19,11,8,36,32,4,14,8,6,20,0,20
S01012801,185,42,24,18,55,6,16,11,22,33,1,3,3,5,21,16,11,5,6,0,4,0,2,2,1,1,15,11,4,9,3,6,7,0,7
S01012802,314,80,47,33,90,14,37,16,23,32,2,3,2,8,17,35,22,13,20,0,10,4,6,14,10,4,17,11,6,9,4,5,17,0,17
S01012803,366,35,28,7,89,15,26,32,16,56,4,5,9,4,34,47,35,12,37,0,18,13,6,25,20,5,43,26,17,17,9,8,17,0,17
S01012804,354,18,11,7,54,2,20,17,15,43,11,5,5,2,20,39,30,9,48,1,24,11,12,36,31,5,40,32,8,32,11,21,44,7,37
S01012805,426,25,16,9,49,10,13,9,17,55,11,11,8,3,22,51,40,11,48,2,15,25,6,40,34,6,64,46,18,39,21,18,55,7,48
S01012806,349,32,24,8,77,15,16,23,23,48,7,6,9,6,20,38,29,9,36,2,14,12,8,26,19,7,38,25,13,26,10,16,28,5,23
S01012807,319,79,41,38,89,13,20,29,27,41,3,5,1,3,29,33,28,5,17,0,10,7,0,16,9,7,28,23,5,9,5,4,7,0,7
S01012808,506,75,53,22,133,28,26,39,40,74,8,5,11,3,47,50,45,5,49,2,15,26,6,19,14,5,47,31,16,28,15,13,31,4,27
S01012809,322,38,24,14,84,19,20,21,24,50,5,5,6,6,28,32,26,6,29,0,14,7,8,23,17,6,32,23,9,12,4,8,22,4,18
S01012810,374,33,25,8,46,6,10,14,16,41,5,10,6,3,17,37,31,6,39,1,20,13,5,33,24,9,45,29,16,54,25,29,46,5,41
S01012811,354,34,25,9,71,9,17,19,26,52,9,11,7,3,22,40,34,6,34,1,9,15,9,23,16,7,37,26,11,27,16,11,36,9,27
S01012812,382,30,16,14,67,10,22,18,17,57,9,6,6,6,30,46,38,8,39,3,11,21,4,37,23,14,34,23,11,45,21,24,27,4,23
S01012813,437,69,49,20,127,28,28,39,32,56,4,5,5,9,33,62,44,18,25,0,11,10,4,20,13,7,41,28,13,20,10,10,17,0,17
S01012814,487,42,28,14,78,21,25,17,15,86,13,16,11,9,37,74,66,8,57,0,29,19,9,42,33,9,43,32,11,40,15,25,25,4,21
S01012815,515,56,39,17,100,20,23,32,25,89,10,10,12,9,48,69,54,15,57,2,24,23,8,39,24,15,42,25,17,35,17,18,28,6,22
S01012816,315,31,18,13,50,10,12,14,14,59,14,6,10,6,23,37,30,7,41,1,14,18,8,27,16,11,36,26,10,18,9,9,16,5,11
S01012817,324,20,16,4,70,17,26,9,18,64,4,5,24,6,25,48,41,7,30,1,16,12,1,27,18,9,33,24,9,18,4,14,14,4,10
S01012818,446,47,31,16,81,12,19,26,24,79,8,7,16,3,45,61,50,11,51,1,26,19,5,35,27,8,38,33,5,27,6,21,27,3,24
S01012819,274,16,9,7,22,4,5,8,5,28,4,4,1,4,15,38,31,7,35,0,17,16,2,34,25,9,35,25,10,25,14,11,41,9,32
S01012820,620,60,36,24,93,25,19,22,27,105,6,17,13,3,66,79,59,20,60,3,22,24,11,63,46,17,61,47,14,54,21,33,45,4,41
S01012821,423,39,26,13,78,19,23,18,18,61,7,7,9,4,34,50,41,9,46,1,24,19,2,38,25,13,47,29,18,42,17,25,22,6,16
S01012822,169,5,3,2,15,8,2,2,3,13,2,1,1,2,7,23,23,0,13,0,3,3,7,20,15,5,24,16,8,28,12,16,28,1,27
S01012823,493,34,25,9,62,10,19,17,16,66,5,8,11,8,34,77,68,9,60,0,26,27,7,48,40,8,56,42,14,46,15,31,44,6,38
S01012824,346,25,14,11,45,9,15,12,9,42,5,7,5,3,22,56,46,10,47,3,19,15,10,27,18,9,34,23,11,36,15,21,34,3,31
S01012825,212,10,6,4,19,6,3,5,5,34,5,6,2,0,21,25,19,6,35,0,9,14,12,22,17,5,20,11,9,19,7,12,28,6,22
S01012826,222,11,7,4,16,5,5,3,3,18,0,3,3,1,11,24,21,3,23,1,9,9,4,26,22,4,30,26,4,28,18,10,46,9,37
S01012827,384,49,37,12,45,13,11,11,10,69,9,5,10,2,43,47,41,6,51,1,20,18,12,32,25,7,38,25,13,26,13,13,27,6,21
S01012828,388,27,20,7,55,11,28,8,8,82,7,10,10,8,47,66,54,12,50,0,22,23,5,31,26,5,28,18,10,28,13,15,21,3,18
S01012829,336,13,6,7,17,7,3,3,4,31,5,8,5,1,12,33,27,6,48,5,16,16,11,41,32,9,44,31,13,46,13,33,63,13,50
S01012830,301,21,11,10,29,6,7,11,5,44,4,5,6,7,22,42,36,6,47,1,21,17,8,20,17,3,37,27,10,35,17,18,26,4,22
S01012831,234,20,12,8,17,4,3,8,2,29,3,9,1,3,13,31,20,11,28,0,14,12,2,27,20,7,22,18,4,24,8,16,36,7,29
S01012832,259,21,13,8,31,6,4,9,12,28,5,4,5,4,10,35,29,6,22,3,8,8,3,29,23,6,24,17,7,29,15,14,40,9,31
S01012833,260,6,4,2,31,8,13,3,7,22,4,3,2,2,11,26,21,5,27,0,11,7,9,38,26,12,39,31,8,32,17,15,39,4,35
S01012834,284,21,13,8,34,7,10,10,7,35,3,7,1,4,20,38,32,6,38,4,15,16,3,31,21,10,21,17,4,33,10,23,33,6,27
S01012835,394,30,20,10,76,14,24,20,18,56,6,7,7,7,29,59,54,5,31,0,11,17,3,34,29,5,32,21,11,43,21,22,33,10,23
S01012836,393,49,27,22,71,14,11,22,24,64,4,6,4,4,46,53,44,9,45,4,21,12,8,35,27,8,32,22,10,18,7,11,26,4,22
S01012837,256,6,4,2,9,3,2,2,2,22,2,3,2,5,10,31,27,4,35,2,14,11,8,29,22,7,45,39,6,31,13,18,48,5,43
S01012838,301,11,6,5,25,5,8,6,6,22,2,10,0,2,8,25,22,3,39,1,12,19,7,34,27,7,45,39,6,34,19,15,66,11,55
S01012839,408,41,24,17,60,12,14,18,16,42,11,9,2,0,20,67,56,11,44,0,26,13,5,30,25,5,45,39,6,32,11,21,47,5,42
S01012840,461,66,49,17,99,22,27,21,29,65,2,10,9,4,40,71,60,11,45,1,18,21,5,31,22,9,40,29,11,17,7,10,27,3,24
S01012841,338,21,15,6,70,13,20,16,21,40,3,3,3,3,28,51,41,10,49,1,24,18,6,27,21,6,27,17,10,30,8,22,23,2,21
S01012842,300,27,19,8,57,7,12,21,17,37,5,3,8,1,20,38,31,7,32,1,18,10,3,21,19,2,36,28,8,22,11,11,30,2,28
S01012843,491,55,38,17,152,32,31,55,34,75,9,8,10,9,39,56,49,7,36,2,18,9,7,36,19,17,36,24,12,22,10,12,23,1,22
S01012844,371,53,37,16,117,24,39,23,31,64,4,7,3,11,39,38,30,8,25,3,8,9,5,19,16,3,24,17,7,11,5,6,20,2,18
S01012845,331,39,27,12,103,19,26,22,36,47,3,2,6,6,30,32,27,5,27,0,13,10,4,27,17,10,31,23,8,9,2,7,16,2,14
S01012846,359,29,16,13,41,14,8,10,9,49,5,11,9,5,19,57,49,8,35,0,17,9,9,35,22,13,31,23,8,45,18,27,37,5,32
S01012847,265,15,14,1,32,4,9,9,10,39,3,8,2,5,21,45,39,6,47,0,18,16,13,23,18,5,25,20,5,19,8,11,20,4,16
S01012848,383,47,33,14,69,12,26,11,20,65,8,6,7,4,40,43,37,6,43,1,18,18,6,26,24,2,37,28,9,28,9,19,25,5,20
S01012849,351,23,16,7,43,11,12,11,9,38,4,2,6,1,25,52,47,5,54,2,22,20,10,41,32,9,39,28,11,31,15,16,30,2,28
S01012850,305,14,6,8,19,3,3,4,9,33,3,8,10,1,11,48,43,5,33,2,8,19,4,34,28,6,35,22,13,38,14,24,51,9,42
S01012851,366,25,18,7,61,14,19,13,15,43,8,4,5,5,21,51,32,19,49,3,15,19,12,37,33,4,39,27,12,26,8,18,35,4,31
S01012852,360,30,22,8,94,20,17,31,26,51,9,3,2,6,31,60,46,14,37,0,22,9,6,21,18,3,30,26,4,24,5,19,13,2,11
S01012853,382,41,26,15,70,12,22,22,14,50,7,8,3,5,27,54,46,8,45,0,22,19,4,29,26,3,36,25,11,30,10,20,27,5,22
S01012854,489,32,21,11,127,36,18,38,35,75,6,11,10,8,40,68,52,16,41,3,15,14,9,44,28,16,59,35,24,16,8,8,27,3,24
S01012855,396,33,18,15,89,16,16,26,31,79,13,12,5,11,38,42,34,8,38,0,23,10,5,38,31,7,39,28,11,13,8,5,25,4,21
S01012856,296,20,12,8,33,9,9,3,12,43,8,4,9,3,19,32,26,6,31,1,11,15,4,35,24,11,38,24,14,37,15,22,27,8,19
S01012857,306,24,17,7,30,6,3,9,12,26,8,4,4,2,8,56,48,8,38,2,17,11,8,34,28,6,34,24,10,36,14,22,28,3,25
S01012858,335,19,10,9,41,10,7,9,15,40,7,7,7,3,16,45,40,5,34,1,17,12,4,47,30,17,38,24,14,26,8,18,45,3,42
S01012859,501,26,11,15,51,12,19,9,11,68,5,13,3,14,33,69,56,13,69,5,21,31,12,59,38,21,53,26,27,43,16,27,63,4,59
S01012860,380,39,31,8,74,14,23,24,13,41,3,6,8,8,16,64,50,14,39,1,10,24,4,36,25,11,38,29,9,19,5,14,30,5,25
S01012861,375,33,22,11,69,10,20,22,17,58,7,8,3,6,34,44,38,6,40,0,13,18,9,39,31,8,37,26,11,26,6,20,29,2,27
S01012862,241,10,6,4,12,0,6,3,3,28,5,6,2,3,12,31,24,7,30,0,8,18,4,31,26,5,32,27,5,29,9,20,38,8,30
S01012863,290,18,16,2,37,6,16,8,7,31,4,5,3,5,14,37,31,6,30,5,9,7,9,30,21,9,31,17,14,24,8,16,52,10,42
S01012864,347,18,12,6,33,9,6,7,11,37,7,5,3,4,18,62,52,10,43,1,9,25,8,34,23,11,39,26,13,25,11,14,56,8,48
S01012865,325,18,10,8,39,7,10,10,12,38,5,10,3,2,18,58,48,10,34,2,13,15,4,36,31,5,38,33,5,31,9,22,33,5,28
S01012866,367,23,13,10,42,9,8,14,11,40,5,9,3,4,19,56,49,7,44,2,17,15,10,43,33,10,37,26,11,31,14,17,51,7,44
S01012867,260,17,14,3,14,0,7,5,2,14,3,6,1,1,3,29,26,3,38,1,15,15,7,41,33,8,28,22,6,21,6,15,58,6,52
S01012868,251,7,2,5,15,5,5,2,3,29,3,5,3,3,15,35,26,9,36,2,7,9,18,37,27,10,34,28,6,16,3,13,42,8,34
S01012869,195,8,5,3,5,2,1,1,1,9,1,2,0,2,4,16,15,1,27,1,7,11,8,26,22,4,29,23,6,14,6,8,61,6,55
S01012870,444,29,19,10,49,9,16,16,8,60,6,17,2,8,27,75,64,11,56,0,23,26,7,41,33,8,51,33,18,39,9,30,44,4,40
S01012871,394,27,17,10,61,10,14,20,17,50,4,7,4,10,25,62,56,6,54,1,19,25,9,44,32,12,34,25,9,31,5,26,31,5,26
S01012872,380,25,17,8,44,8,16,7,13,30,5,6,4,1,14,67,60,7,46,1,18,20,7,46,38,8,50,36,14,26,11,15,46,4,42
S01012873,434,29,15,14,52,12,17,14,9,48,9,6,4,2,27,84,75,9,53,3,20,25,5,48,35,13,52,37,15,26,2,24,42,9,33
S01012874,327,16,8,8,31,4,7,10,10,33,3,4,3,2,21,41,32,9,29,2,10,14,3,54,44,10,46,39,7,36,16,20,41,3,38
S01012875,270,17,8,9,32,11,6,9,6,24,3,8,3,1,9,39,35,4,40,1,18,12,9,26,16,10,27,21,6,24,9,15,41,4,37
S01012876,316,16,7,9,21,6,9,3,3,27,3,8,1,4,11,44,39,5,39,2,14,20,3,51,41,10,41,34,7,33,15,18,44,8,36
S01012877,318,13,9,4,12,2,1,8,1,31,4,10,4,1,12,54,46,8,40,6,14,14,6,44,36,8,39,32,7,33,14,19,52,6,46
S01012878,522,57,44,13,83,20,27,19,17,92,8,9,11,9,55,90,73,17,62,2,30,21,9,34,26,8,50,34,16,25,6,19,29,3,26
S01012879,354,26,17,9,92,17,20,30,25,62,9,10,4,7,32,47,41,6,29,1,16,7,5,28,21,7,26,21,5,20,8,12,24,3,21
S01012880,443,53,39,14,139,28,24,43,44,67,9,7,6,7,38,56,46,10,34,1,19,10,4,24,17,7,41,36,5,14,9,5,15,1,14
S01012881,380,37,24,13,110,17,37,36,20,54,5,9,7,8,25,46,40,6,34,0,13,14,7,26,18,8,36,28,8,16,7,9,21,1,20
S01012882,252,13,9,4,16,6,6,3,1,26,2,7,2,7,8,30,24,6,27,1,9,10,7,33,22,11,44,33,11,21,7,14,42,7,35
S01012883,185,6,4,2,17,4,5,5,3,24,4,4,0,2,14,21,15,6,14,1,3,9,1,26,15,11,17,13,4,20,5,15,40,2,38
S01012884,199,24,17,7,54,12,15,15,12,21,2,3,3,4,9,20,19,1,16,0,5,8,3,18,7,11,20,15,5,12,4,8,14,1,13
S01012885,195,2,2,0,9,0,2,3,4,16,3,6,1,0,6,23,18,5,22,3,8,8,3,32,24,8,31,27,4,30,12,18,30,4,26
S01012886,390,44,27,17,98,19,24,30,25,55,9,9,6,11,20,52,42,10,24,0,12,6,6,31,18,13,35,24,11,21,7,14,30,6,24
S01012887,358,35,25,10,90,16,19,33,22,61,5,9,7,2,38,55,40,15,30,2,9,12,7,14,8,6,32,21,11,18,9,9,23,2,21
S01012888,374,36,25,11,131,23,28,40,40,58,8,8,3,3,36,37,33,4,38,1,18,14,5,21,17,4,20,16,4,13,9,4,20,1,19
S01012889,487,58,34,24,96,12,27,26,31,85,8,12,8,9,48,58,39,19,55,3,24,18,10,37,29,8,30,23,7,31,14,17,37,4,33
S01012890,278,23,15,8,29,7,8,9,5,28,5,5,3,4,11,24,14,10,34,2,12,13,7,37,28,9,37,29,8,30,9,21,36,7,29
S01012891,243,9,5,4,24,4,10,6,4,26,3,8,1,4,10,32,26,6,39,2,11,18,8,26,19,7,29,24,5,25,10,15,33,4,29
S01012892,440,16,10,6,37,9,12,8,8,31,5,7,8,1,10,60,48,12,54,7,20,14,13,51,35,16,58,46,12,52,20,32,81,13,68
S01012893,287,9,5,4,11,3,2,3,3,20,6,4,2,1,7,42,34,8,41,3,18,12,8,47,38,9,37,29,8,29,11,18,51,5,46
S01012894,418,62,39,23,84,26,21,17,20,70,9,4,13,3,41,39,35,4,40,5,12,16,7,28,17,11,43,31,12,15,7,8,37,7,30
S01012895,305,47,30,17,51,14,16,11,10,45,6,1,3,3,32,32,26,6,50,19,9,15,7,24,20,4,22,16,6,19,4,15,15,3,12
S01012896,367,13,9,4,42,6,14,13,9,55,9,8,3,9,26,60,49,11,34,2,14,10,8,39,29,10,37,24,13,35,7,28,52,3,49
S01012897,337,26,16,10,67,12,19,15,21,55,7,5,5,9,29,46,43,3,37,0,21,10,6,28,17,11,39,31,8,23,9,14,16,1,15
S01012898,333,46,37,9,74,21,16,15,22,52,2,4,12,4,30,34,23,11,34,1,20,11,2,27,17,10,35,29,6,13,7,6,18,2,16
S01012899,242,14,11,3,16,3,8,4,1,23,5,2,1,0,15,20,16,4,29,3,10,10,6,34,27,7,39,25,14,32,11,21,35,5,30
S01012900,303,40,27,13,60,15,14,13,18,44,2,5,3,12,22,48,39,9,42,8,19,11,4,17,12,5,21,13,8,14,7,7,17,3,14
S01012901,341,29,18,11,39,6,15,10,8,44,9,4,7,2,22,55,40,15,28,3,16,5,4,35,25,10,40,32,8,31,11,20,40,4,36
S01012902,380,23,16,7,61,10,20,15,16,59,7,13,6,7,26,57,53,4,31,3,18,7,3,25,17,8,45,32,13,35,18,17,44,4,40
S01012903,399,21,12,9,38,6,13,12,7,39,3,4,4,2,26,69,60,9,50,4,22,13,11,46,36,10,58,43,15,36,6,30,42,4,38
S01012904,373,20,13,7,35,9,9,10,7,42,6,5,8,3,20,67,58,9,41,1,18,14,8,44,30,14,45,28,17,37,18,19,42,3,39
S01012905,291,16,11,5,21,3,11,3,4,33,7,4,5,3,14,36,34,2,36,1,17,8,10,37,28,9,46,37,9,29,11,18,37,5,32
S01012906,496,36,23,13,67,12,11,27,17,96,23,8,11,4,50,70,58,12,64,2,28,16,18,37,27,10,57,35,22,34,19,15,35,5,30
S01012907,392,24,18,6,39,10,14,6,9,46,10,3,8,4,21,77,64,13,41,1,21,12,7,41,31,10,43,40,3,39,18,21,42,4,38
S01012908,298,18,15,3,31,5,10,10,6,41,12,5,9,2,13,55,49,6,34,0,17,11,6,24,18,6,33,28,5,27,11,16,35,0,35
S01012909,262,19,17,2,34,9,8,11,6,35,6,3,7,3,16,33,32,1,22,0,11,7,4,27,19,8,39,25,14,24,5,19,29,5,24
S01012910,364,20,16,4,40,6,13,11,10,44,11,6,7,5,15,55,47,8,37,6,14,8,9,40,23,17,38,31,7,39,12,27,51,7,44
S01012911,342,24,13,11,52,13,10,17,12,35,9,4,1,5,16,51,40,11,46,0,20,12,14,46,36,10,34,24,10,24,7,17,30,2,28
S01012912,288,22,18,4,34,5,13,6,10,38,6,6,9,4,13,42,33,9,29,1,15,9,4,31,26,5,34,25,9,28,9,19,30,7,23
S01012913,405,11,8,3,63,17,18,15,13,59,5,10,10,4,30,63,52,11,53,1,23,23,6,44,29,15,49,38,11,28,13,15,35,7,28
S01012914,417,33,18,15,78,18,21,21,18,59,6,6,6,4,37,48,42,6,46,1,24,11,10,39,26,13,33,24,9,37,19,18,44,10,34
S01012915,556,58,43,15,87,23,15,29,20,93,11,16,17,8,41,82,71,11,59,7,24,20,8,39,28,11,52,38,14,35,17,18,51,10,41
S01012916,300,28,18,10,51,12,16,13,10,43,2,8,8,4,21,42,36,6,32,2,12,16,2,22,14,8,33,22,11,22,10,12,27,2,25
S01012917,374,27,20,7,66,10,16,19,21,58,2,4,8,7,37,62,52,10,41,1,17,18,5,33,23,10,45,32,13,18,9,9,24,0,24
S01012918,259,12,7,5,37,7,12,13,5,30,6,4,4,2,14,35,33,2,31,1,16,10,4,36,26,10,29,27,2,25,6,19,24,8,16
S01012919,202,8,4,4,20,1,4,8,7,34,7,5,5,2,15,35,33,2,25,0,13,7,5,14,9,5,13,12,1,29,14,15,24,2,22
S01012920,263,28,15,13,74,13,14,42,5,37,2,5,6,5,19,36,28,8,25,0,15,4,6,18,14,4,24,17,7,8,1,7,13,0,13
S01012921,336,19,13,6,31,11,7,9,4,40,7,3,6,2,22,58,53,5,30,2,12,12,4,45,31,14,36,25,11,37,17,20,40,6,34
S01012922,499,39,28,11,88,24,18,27,19,68,8,6,7,6,41,78,65,13,52,1,23,23,5,47,37,10,46,38,8,30,16,14,51,8,43
S01012923,368,24,17,7,53,13,14,11,15,49,9,5,7,7,21,54,48,6,38,1,18,11,8,41,32,9,43,30,13,31,15,16,35,3,32
S01012924,268,26,13,13,20,6,2,7,5,47,3,11,2,4,27,48,44,4,39,1,23,10,5,23,18,5,16,13,3,17,7,10,32,3,29
S01012925,258,24,18,6,46,10,7,17,12,37,4,6,3,1,23,44,41,3,28,1,11,9,7,21,16,5,24,20,4,16,7,9,18,1,17
S01012926,387,25,13,12,58,9,14,18,17,52,6,5,3,7,31,65,54,11,46,1,19,16,10,35,23,12,39,29,10,35,14,21,32,5,27
S01012927,376,21,16,5,56,9,24,13,10,50,10,5,6,3,26,62,50,12,39,1,21,14,3,32,24,8,36,28,8,29,13,16,51,5,46
S01012928,408,37,27,10,59,15,15,19,10,52,9,9,4,5,25,76,59,17,32,1,18,7,6,39,26,13,40,27,13,29,8,21,44,3,41
S01012929,347,26,19,7,49,8,23,12,6,41,5,5,4,4,23,65,57,8,33,4,12,11,6,26,20,6,38,30,8,42,16,26,27,1,26
S01012930,376,33,19,14,76,19,19,27,11,57,13,5,10,7,22,53,45,8,39,1,18,12,8,25,17,8,37,30,7,28,11,17,28,4,24
S01012931,416,29,15,14,60,12,15,15,18,58,9,6,8,8,27,80,65,15,41,2,19,16,4,41,29,12,48,35,13,28,8,20,31,2,29
S01012932,263,32,23,9,58,15,14,11,18,39,3,7,6,4,19,33,26,7,35,1,16,13,5,14,10,4,19,15,4,20,9,11,13,0,13
S01012933,397,24,15,9,51,13,9,12,17,62,9,5,8,8,32,61,48,13,48,1,21,18,8,46,33,13,38,32,6,39,16,23,28,3,25
S01012934,295,13,6,7,44,13,10,11,10,43,9,6,3,7,18,49,43,6,33,4,16,7,6,29,23,6,35,26,9,25,6,19,24,2,22
S01012935,425,29,22,7,69,16,17,21,15,51,11,7,6,5,22,78,64,14,38,3,15,8,12,30,24,6,49,41,8,48,23,25,33,1,32
S01012936,356,24,15,9,62,17,17,15,13,52,11,3,9,3,26,47,42,5,49,3,18,17,11,22,15,7,34,27,7,36,19,17,30,2,28
S01012937,346,32,20,12,60,17,16,17,10,51,7,1,10,3,30,56,47,9,44,0,21,11,12,22,18,4,36,25,11,20,9,11,25,7,18
S01012938,319,31,20,11,101,18,20,29,34,57,7,2,6,10,32,36,31,5,15,0,7,6,2,18,13,5,32,25,7,10,3,7,19,3,16
S01012939,341,30,26,4,59,10,12,12,25,77,6,9,15,5,42,47,37,10,29,1,13,13,2,22,18,4,42,33,9,11,7,4,24,1,23
S01012940,421,40,24,16,108,21,30,31,26,62,6,1,10,11,34,67,57,10,38,1,23,10,4,29,22,7,38,31,7,21,12,9,18,1,17
S01012941,440,61,46,15,122,26,18,42,36,65,5,5,5,8,42,63,48,15,21,1,8,4,8,29,18,11,53,35,18,18,6,12,8,0,8
S01012942,346,14,10,4,41,10,14,6,11,40,6,3,6,3,22,52,46,6,35,1,18,7,9,39,29,10,40,33,7,35,24,11,50,5,45
S01012943,391,38,22,16,80,15,20,29,16,55,11,3,9,4,28,47,39,8,42,1,26,10,5,29,22,7,46,33,13,27,14,13,27,3,24
S01012944,250,25,18,7,74,17,16,24,17,40,0,5,2,4,29,46,38,8,20,1,8,5,6,12,7,5,19,14,5,6,3,3,8,1,7
S01012945,402,63,55,8,103,22,20,30,31,69,5,6,8,4,46,54,41,13,35,2,19,4,10,15,13,2,35,26,9,13,7,6,15,2,13
S01012946,501,49,31,18,90,19,25,27,19,98,10,5,9,9,65,97,80,17,52,2,23,13,14,37,25,12,32,27,5,28,11,17,18,2,16
S01012947,261,48,28,20,72,16,21,13,22,32,5,0,3,2,22,36,29,7,18,1,9,6,2,5,3,2,19,16,3,12,3,9,19,2,17
S01012948,402,40,26,14,66,15,20,15,16,57,7,6,12,5,27,72,54,18,32,0,15,13,4,33,24,9,45,36,9,34,12,22,23,2,21
S01012949,408,29,18,11,77,20,18,26,13,61,3,6,10,3,39,75,59,16,49,1,32,11,5,23,18,5,35,30,5,29,12,17,30,1,29
S01012950,517,65,53,12,116,32,29,28,27,95,12,8,10,4,61,87,72,15,35,1,16,13,5,25,20,5,47,33,14,29,10,19,18,0,18
S01012951,543,112,85,27,146,24,42,35,45,106,6,5,19,15,61,54,41,13,30,0,14,8,8,21,11,10,42,29,13,17,9,8,15,0,15
S01012952,290,91,63,28,66,13,22,4,27,44,1,4,3,9,27,24,15,9,25,10,4,8,3,4,3,1,17,16,1,7,3,4,12,5,7
S01012953,401,42,32,10,69,17,16,17,19,54,6,4,11,5,28,78,65,13,39,1,20,15,3,29,22,7,45,32,13,19,6,13,26,3,23
S01012954,285,13,12,1,46,11,18,10,7,44,7,3,6,3,25,49,42,7,26,0,15,9,2,22,16,6,36,27,9,28,10,18,21,5,16
S01012955,502,79,53,26,131,37,34,31,29,77,7,3,16,5,46,68,57,11,42,0,19,21,2,21,14,7,37,24,13,17,10,7,30,0,30
S01012956,390,29,18,11,50,15,17,5,13,41,3,6,3,6,23,61,53,8,53,3,23,14,13,31,20,11,49,42,7,30,14,16,46,3,43
S01012957,306,15,12,3,36,4,18,8,6,33,5,4,2,3,19,50,41,9,35,1,14,10,10,30,21,9,36,27,9,25,7,18,46,7,39
S01012958,294,13,9,4,45,10,12,13,10,40,9,5,2,5,19,55,46,9,38,1,16,15,6,26,22,4,20,19,1,28,9,19,29,3,26
S01012959,353,27,20,7,53,9,16,18,10,58,11,5,11,5,26,51,44,7,32,1,17,12,2,33,22,11,37,31,6,32,11,21,30,3,27
S01012960,310,32,19,13,52,12,14,15,11,41,6,5,3,4,23,51,41,10,27,5,12,6,4,30,25,5,30,23,7,18,9,9,29,4,25
S01012961,300,46,35,11,46,13,13,16,4,47,0,9,8,4,26,49,40,9,24,1,12,9,2,12,9,3,35,26,9,21,4,17,20,1,19
S01012962,375,33,25,8,78,19,24,20,15,53,7,6,5,5,30,79,64,15,51,1,24,16,10,19,12,7,35,28,7,12,6,6,15,0,15
S01012963,464,58,41,17,91,22,22,21,26,86,8,11,7,9,51,64,57,7,45,4,25,12,4,32,24,8,48,35,13,15,3,12,25,4,21
S01012964,365,46,37,9,79,21,22,21,15,69,5,3,17,3,41,37,29,8,43,0,16,15,12,20,13,7,34,26,8,15,5,10,22,2,20
S01012965,324,32,24,8,65,14,8,14,29,60,6,4,9,3,38,38,28,10,37,0,17,10,10,21,18,3,28,21,7,18,6,12,25,6,19
S01012966,395,34,24,10,66,20,24,12,10,54,11,3,5,4,31,50,43,7,43,3,18,17,5,37,32,5,40,31,9,26,10,16,45,8,37
S01012967,263,14,9,5,21,2,5,5,9,28,5,0,9,2,12,37,35,2,28,2,13,3,10,32,24,8,29,25,4,27,11,16,47,8,39
S01012968,332,16,13,3,22,5,5,3,9,31,5,4,2,7,13,43,40,3,42,5,17,7,13,38,31,7,54,37,17,37,13,24,49,4,45
S01012969,322,18,12,6,30,9,10,6,5,36,5,5,4,1,21,53,48,5,28,2,20,4,2,34,26,8,33,28,5,41,10,31,49,6,43
S01012970,309,28,19,9,28,7,11,4,6,28,4,5,1,3,15,36,29,7,40,3,14,15,8,34,26,8,38,28,10,39,17,22,38,3,35
S01012971,376,19,14,5,38,13,10,8,7,33,5,5,4,1,18,41,37,4,50,1,21,14,14,47,29,18,59,41,18,41,14,27,48,5,43
S01012972,364,19,11,8,23,7,7,4,5,24,4,2,2,1,15,50,47,3,50,4,18,21,7,53,42,11,49,38,11,47,19,28,49,4,45
S01012973,389,23,17,6,33,9,12,6,6,42,9,3,8,3,19,59,52,7,46,5,17,10,14,45,38,7,46,35,11,49,19,30,46,5,41
S01012974,403,25,17,8,43,16,10,9,8,49,7,7,7,2,26,51,47,4,52,3,20,17,12,45,36,9,32,25,7,40,15,25,66,6,60
S01012975,268,16,13,3,19,3,9,3,4,19,3,2,2,4,8,43,40,3,36,0,12,8,16,28,20,8,34,25,9,32,12,20,41,7,34
S01012976,238,17,12,5,23,8,9,3,3,23,5,3,2,2,11,30,26,4,26,4,10,5,7,28,24,4,32,24,8,27,9,18,32,6,26
S01012977,349,13,9,4,34,4,14,11,5,28,2,7,5,3,11,33,31,2,47,4,20,10,13,54,47,7,45,34,11,42,20,22,53,4,49
S01012978,372,25,23,2,32,9,9,12,2,30,3,4,9,5,9,42,30,12,49,2,17,14,16,57,45,12,42,36,6,37,11,26,58,7,51
S01012979,332,30,16,14,34,5,12,8,9,40,9,6,4,4,17,33,29,4,44,0,20,15,9,32,25,7,40,34,6,36,9,27,43,4,39
S01012980,329,16,10,6,28,11,10,5,2,47,7,7,11,0,22,43,41,2,35,0,18,7,10,31,25,6,44,31,13,35,14,21,50,4,46
S01012981,406,26,17,9,44,7,16,6,15,43,10,4,8,8,13,58,49,9,54,2,20,21,11,52,32,20,43,33,10,29,10,19,57,6,51
S01012982,421,18,14,4,39,6,12,11,10,42,9,3,2,9,19,72,64,8,45,1,18,12,14,47,36,11,65,46,19,38,18,20,55,4,51
S01012983,367,29,19,10,51,11,12,14,14,49,8,10,4,3,24,72,61,11,35,1,15,14,5,32,23,9,45,36,9,26,12,14,28,5,23
S01012984,342,24,16,8,39,14,14,3,8,47,5,7,8,4,23,61,49,12,38,2,14,15,7,35,26,9,38,26,12,24,11,13,36,5,31
S01012985,394,20,11,9,43,9,17,8,9,40,8,2,7,4,19,62,50,12,65,3,26,22,14,37,30,7,38,31,7,40,14,26,49,2,47
S01012986,369,16,13,3,45,9,13,12,11,39,4,6,8,2,19,67,55,12,49,2,26,13,8,42,28,14,39,32,7,28,7,21,44,7,37
S01012987,352,22,10,12,29,6,9,6,8,42,4,6,3,3,26,52,44,8,45,0,21,11,13,54,45,9,35,29,6,34,11,23,39,7,32
S01012988,388,26,17,9,42,10,19,7,6,46,2,14,0,4,26,60,58,2,48,2,24,13,9,52,41,11,36,27,9,42,20,22,36,2,34
S01012989,445,25,16,9,45,15,14,10,6,69,15,8,7,5,34,72,61,11,64,5,26,21,12,36,29,7,56,42,14,31,18,13,47,3,44
S01012990,279,18,15,3,22,5,14,1,2,22,3,3,2,4,10,51,42,9,33,3,14,10,6,29,23,6,33,28,5,27,15,12,44,6,38
S01012991,365,22,13,9,50,15,13,12,10,37,5,7,5,4,16,52,48,4,39,3,13,18,5,34,25,9,42,34,8,25,8,17,64,6,58
S01012992,358,22,19,3,50,5,21,12,12,37,8,7,5,2,15,58,55,3,33,2,14,9,8,39,28,11,41,30,11,33,14,19,45,3,42
S01012993,302,19,13,6,30,7,10,8,5,45,5,9,4,3,24,50,46,4,30,1,15,8,6,30,21,9,31,28,3,30,12,18,37,6,31
S01012994,417,24,13,11,50,12,19,9,10,46,14,4,4,4,20,64,54,10,43,2,18,11,12,37,26,11,46,31,15,37,16,21,70,6,64
S01012995,471,28,22,6,62,22,12,15,13,73,8,14,9,7,35,81,70,11,63,0,33,17,13,45,38,7,35,28,7,31,13,18,53,9,44
S01012996,388,17,10,7,28,6,8,11,3,52,3,5,10,5,29,52,43,9,63,0,34,19,10,46,34,12,44,38,6,33,23,10,53,10,43
S01012997,207,11,6,5,30,9,7,8,6,28,5,2,5,1,15,33,32,1,25,2,12,3,8,21,20,1,22,20,2,16,12,4,21,7,14
S01012998,561,61,37,24,82,21,23,20,18,71,8,4,8,8,43,79,66,13,55,2,25,19,9,43,29,14,53,38,15,45,17,28,72,10,62
S01012999,237,16,7,9,21,6,8,5,2,24,1,2,5,1,15,24,21,3,30,1,10,15,4,31,22,9,25,16,9,24,10,14,42,5,37
S01013000,313,9,4,5,34,9,12,5,8,32,4,4,2,2,20,49,42,7,43,3,23,13,4,28,23,5,35,30,5,33,14,19,50,10,40
S01013001,196,41,24,17,52,9,15,15,13,19,0,1,0,7,11,19,7,12,26,10,6,7,3,8,2,6,6,5,1,4,2,2,21,4,17
S01013002,252,42,24,18,72,16,17,14,25,32,3,1,2,13,13,18,15,3,38,16,7,7,8,16,10,6,5,4,1,5,2,3,24,10,14
S01013003,287,41,27,14,103,16,39,23,25,46,5,2,1,8,30,30,27,3,17,2,6,3,6,13,10,3,22,20,2,2,2,0,13,1,12
S01013004,322,45,26,19,104,17,30,31,26,50,6,6,9,9,20,21,17,4,28,8,8,7,5,25,19,6,14,12,2,13,6,7,22,3,19
S01013005,336,51,26,25,107,12,24,31,40,57,2,4,6,19,26,29,22,7,39,17,8,10,4,17,11,6,8,6,2,9,5,4,19,2,17
S01013006,307,68,45,23,101,20,25,25,31,56,5,5,2,14,30,21,15,6,19,5,7,4,3,13,4,9,9,9,0,9,5,4,11,0,11
S01013007,399,48,31,17,135,31,28,52,24,68,8,6,8,14,32,34,21,13,29,9,10,8,2,23,14,9,19,16,3,17,8,9,26,3,23
S01013008,339,57,32,25,99,19,33,23,24,43,2,5,5,9,22,23,17,6,37,3,14,12,8,29,21,8,14,13,1,10,3,7,27,8,19
S01013009,272,30,12,18,49,14,11,12,12,41,5,7,4,9,16,30,21,9,37,7,16,6,8,31,23,8,21,17,4,11,3,8,22,3,19
S01013010,312,63,39,24,75,8,19,24,24,45,2,8,3,8,24,23,14,9,42,15,11,10,6,20,11,9,12,10,2,18,8,10,14,4,10
S01013011,344,42,26,16,99,17,31,30,21,52,6,3,7,9,27,24,16,8,37,6,11,10,10,30,23,7,15,14,1,15,6,9,30,4,26
S01013012,305,21,11,10,60,8,14,20,18,32,1,2,2,11,16,26,19,7,49,16,10,14,9,43,34,9,15,15,0,22,5,17,37,5,32
S01013013,360,38,21,17,95,15,14,33,33,48,2,6,4,14,22,24,16,8,46,14,11,15,6,39,28,11,22,17,5,13,5,8,35,5,30
S01013014,336,36,18,18,52,8,14,17,13,49,2,2,12,9,24,27,15,12,74,25,15,22,12,29,19,10,15,12,3,24,8,16,30,6,24
S01013015,392,51,24,27,88,14,26,33,15,46,6,8,4,11,17,35,27,8,76,31,11,16,18,24,16,8,12,10,2,22,7,15,38,8,30
S01013016,324,46,29,17,99,17,27,21,34,35,6,6,0,5,18,26,18,8,55,33,9,7,6,17,12,5,11,11,0,12,5,7,23,8,15
S01013017,377,54,33,21,91,17,24,25,25,55,2,6,5,7,35,37,24,13,35,4,12,10,9,36,26,10,25,20,5,20,8,12,24,1,23
S01013018,468,63,42,21,134,27,29,40,38,61,3,3,6,19,30,43,33,10,57,18,11,17,11,29,18,11,29,24,5,17,5,12,35,10,25
S01013019,460,71,51,20,126,19,47,15,45,112,12,8,17,22,53,44,34,10,37,19,7,8,3,20,13,7,28,18,10,6,4,2,16,3,13
S01013020,238,17,9,8,42,8,7,13,14,19,3,4,4,1,7,31,26,5,23,3,8,9,3,25,17,8,22,16,6,28,15,13,31,6,25
S01013021,243,14,13,1,35,6,11,11,7,22,7,2,5,2,6,29,22,7,34,1,10,14,9,27,20,7,23,17,6,30,12,18,29,4,25
S01013022,210,17,11,6,40,5,13,10,12,39,6,5,11,0,17,24,16,8,18,2,11,3,2,21,18,3,16,15,1,11,6,5,24,4,20
S01013023,401,58,38,20,135,28,37,36,34,68,11,7,3,7,40,43,29,14,19,2,8,5,4,14,10,4,27,20,7,15,7,8,22,3,19
S01013024,241,30,19,11,58,12,20,15,11,43,5,2,7,4,25,28,25,3,19,0,5,9,5,25,18,7,17,15,2,7,4,3,14,3,11
S01013025,282,44,19,25,61,14,14,12,21,28,2,5,5,4,12,18,12,6,64,31,14,11,8,16,11,5,15,9,6,17,3,14,19,6,13
S01013026,506,32,20,12,82,19,27,24,12,65,8,6,13,0,38,59,48,11,57,2,26,21,8,71,52,19,41,27,14,48,21,27,51,13,38
S01013027,390,26,18,8,19,2,9,4,4,19,1,3,2,3,10,36,27,9,61,5,23,22,11,60,53,7,34,23,11,56,25,31,79,7,72
S01013028,266,26,17,9,46,10,16,8,12,25,2,7,4,5,7,26,20,6,48,20,14,11,3,13,9,4,13,11,2,25,15,10,44,15,29
S01013029,251,15,8,7,16,6,3,6,1,19,1,1,4,2,11,19,13,6,22,1,15,4,2,37,27,10,25,20,5,33,15,18,65,17,48
S01013030,273,8,1,7,20,2,11,4,3,17,4,4,5,0,4,19,14,5,55,1,21,27,6,33,23,10,22,16,6,38,19,19,61,10,51
S01013031,300,9,2,7,11,1,7,1,2,14,2,3,2,0,7,25,16,9,53,0,21,19,13,43,33,10,26,24,2,42,19,23,77,16,61
S01013032,461,48,27,21,57,12,10,9,26,55,13,2,11,5,24,44,37,7,77,6,24,26,21,39,33,6,45,31,14,54,23,31,42,5,37
S01013033,373,30,14,16,26,7,4,9,6,54,6,5,13,6,24,45,39,6,52,2,22,21,7,39,33,6,40,35,5,45,19,26,42,9,33
S01013034,335,10,8,2,20,4,2,6,8,29,4,8,5,3,9,28,24,4,52,3,18,21,10,44,34,10,41,35,6,48,30,18,63,10,53
S01013035,293,11,8,3,11,4,5,1,1,21,2,3,8,3,5,20,14,6,43,3,16,20,4,28,20,8,38,36,2,50,22,28,71,14,57
S01013036,344,16,6,10,11,2,5,2,2,18,3,4,0,6,5,22,19,3,45,6,11,18,10,42,30,12,37,32,5,46,18,28,107,22,85
S01013037,397,40,21,19,50,10,18,14,8,59,7,6,13,3,30,65,45,20,48,4,15,20,9,32,28,4,43,26,17,24,8,16,36,7,29
S01013038,460,26,19,7,66,9,24,19,14,38,5,5,10,4,14,36,29,7,63,3,31,19,10,58,35,23,54,42,12,37,16,21,82,14,68
S01013039,324,27,22,5,61,16,11,15,19,46,3,1,14,1,27,47,33,14,33,2,11,15,5,24,21,3,45,36,9,19,8,11,22,0,22
S01013040,287,21,10,11,35,12,6,4,13,37,2,5,9,4,17,30,22,8,43,1,23,16,3,31,25,6,35,26,9,23,11,12,32,4,28
S01013041,326,31,23,8,43,8,17,8,10,37,4,4,10,2,17,41,36,5,48,2,22,19,5,35,25,10,33,30,3,24,14,10,34,5,29
S01013042,448,54,41,13,65,7,18,19,21,65,5,4,18,4,34,51,39,12,68,5,25,30,8,32,21,11,36,29,7,22,8,14,55,8,47
S01013043,295,19,8,11,15,1,6,4,4,33,3,9,9,5,7,20,17,3,33,2,13,7,11,50,31,19,31,25,6,44,22,22,50,12,38
S01013044,362,18,10,8,23,3,7,7,6,39,4,8,10,4,13,31,25,6,62,7,18,27,10,49,41,8,40,35,5,35,14,21,65,10,55
S01013045,346,29,17,12,47,15,12,7,13,46,7,5,9,5,20,42,28,14,49,1,17,26,5,31,17,14,37,22,15,31,15,16,34,4,30
S01013046,234,17,10,7,14,3,6,3,2,16,5,2,4,3,2,27,22,5,26,4,4,15,3,39,29,10,30,20,10,26,11,15,39,6,33
S01013047,538,65,49,16,105,34,27,19,25,82,11,7,19,9,36,80,61,19,66,1,26,21,18,30,25,5,50,41,9,32,16,16,28,3,25
S01013048,510,62,45,17,74,18,19,17,20,71,8,8,15,7,33,82,60,22,59,5,34,11,9,42,30,12,44,32,12,31,15,16,45,2,43
S01013049,440,38,30,8,93,28,21,20,24,57,4,6,17,7,23,66,51,15,55,2,18,21,14,36,23,13,40,29,11,20,11,9,35,4,31
S01013050,328,24,14,10,43,11,12,10,10,38,9,3,7,3,16,41,31,10,44,1,26,7,10,38,30,8,34,29,5,32,12,20,34,7,27
S01013051,416,17,9,8,31,6,9,5,11,39,8,7,7,1,16,56,43,13,64,3,25,28,8,57,41,16,44,36,8,48,26,22,60,10,50
S01013052,320,16,8,8,39,7,12,11,9,35,5,3,6,1,20,36,27,9,49,4,18,21,6,35,25,10,43,35,8,24,13,11,43,8,35
S01013053,261,17,12,5,29,10,10,5,4,22,2,5,8,5,2,30,25,5,29,2,9,5,13,34,26,8,27,20,7,29,11,18,44,9,35
S01013054,332,28,20,8,47,14,7,15,11,42,7,2,7,3,23,41,32,9,39,5,13,11,10,40,29,11,20,18,2,35,21,14,40,7,33
S01013055,306,18,9,9,30,6,9,7,8,25,4,3,3,2,13,28,23,5,48,0,21,19,8,40,29,11,36,28,8,34,15,19,47,4,43
S01013056,421,31,14,17,46,6,11,15,14,33,3,6,5,4,15,46,39,7,66,3,18,24,21,45,30,15,46,40,6,35,16,19,73,10,63
S01013057,313,10,9,1,25,2,12,7,4,27,2,7,2,6,10,30,26,4,48,3,16,18,11,48,39,9,49,40,9,19,11,8,57,6,51
S01013058,338,47,30,17,82,18,15,33,16,67,8,8,10,5,36,32,25,7,32,1,13,14,4,23,14,9,19,15,4,17,9,8,19,3,16
S01013059,307,40,29,11,98,23,24,34,17,46,6,6,8,7,19,35,22,13,19,0,5,10,4,20,8,12,21,14,7,12,6,6,16,2,14
S01013060,236,32,23,9,77,9,24,22,22,38,5,5,2,7,19,23,19,4,13,0,5,2,6,17,10,7,16,12,4,8,3,5,12,1,11
S01013061,339,37,31,6,114,22,29,37,26,51,2,6,8,5,30,46,36,10,27,2,11,11,3,19,16,3,23,19,4,10,4,6,12,0,12
S01013062,374,64,44,20,131,21,33,35,42,72,11,6,11,11,33,30,23,7,21,2,4,7,8,15,10,5,14,9,5,9,8,1,18,0,18
S01013063,367,64,41,23,159,25,52,32,50,48,4,4,5,8,27,27,24,3,13,1,3,5,4,7,5,2,20,13,7,5,4,1,24,5,19
S01013064,379,31,22,9,38,10,14,8,6,38,6,6,6,2,18,36,33,3,63,3,28,27,5,48,37,11,54,40,14,32,8,24,39,5,34
S01013065,391,22,13,9,46,13,8,17,8,51,2,10,12,6,21,46,37,9,29,0,12,9,8,43,31,12,56,44,12,36,14,22,62,10,52
S01013066,365,41,22,19,65,14,14,14,23,41,7,7,4,3,20,44,38,6,42,4,18,14,6,30,20,10,45,33,12,25,12,13,32,2,30
S01013067,424,33,15,18,61,14,15,14,18,49,8,5,5,10,21,24,22,2,41,3,8,9,21,34,20,14,67,58,9,17,8,9,98,6,92
S01013068,338,19,7,12,59,14,8,22,15,27,4,4,0,11,8,31,28,3,39,2,4,12,21,33,23,10,54,43,11,12,9,3,64,6,58
S01013069,356,29,15,14,58,15,11,13,19,36,3,7,2,12,12,19,12,7,32,4,3,8,17,34,23,11,64,59,5,12,5,7,72,4,68
S01013070,264,15,9,6,28,5,5,8,10,28,3,3,3,9,10,21,17,4,20,0,3,6,11,39,21,18,43,40,3,18,8,10,52,3,49
S01013071,468,21,12,9,62,8,12,25,17,42,6,5,0,15,16,30,26,4,41,1,5,8,27,55,41,14,96,83,13,16,9,7,105,11,94
S01013072,204,8,5,3,7,0,4,2,1,8,2,2,1,1,2,13,9,4,28,2,7,14,5,32,21,11,29,27,2,27,15,12,52,11,41
S01013073,344,19,11,8,46,6,12,15,13,56,2,4,14,10,26,19,17,2,29,1,6,11,11,33,23,10,42,34,8,30,16,14,70,10,60
S01013074,248,7,2,5,11,4,1,1,5,14,0,2,3,3,6,11,9,2,44,3,10,20,11,25,15,10,33,32,1,25,17,8,78,16,62
S01013075,294,17,8,9,31,8,10,9,4,19,2,7,0,2,8,25,20,5,35,0,12,16,7,29,21,8,47,40,7,36,12,24,55,7,48
S01013076,321,26,17,9,58,12,13,19,14,35,2,2,5,11,15,26,19,7,34,5,12,11,6,26,11,15,56,51,5,14,4,10,46,4,42
S01013077,260,12,7,5,21,5,4,5,7,23,2,5,5,1,10,32,25,7,28,2,11,7,8,31,20,11,28,22,6,23,12,11,62,9,53
S01013078,221,8,3,5,10,4,5,1,0,15,0,2,5,1,7,17,15,2,32,6,11,10,5,27,20,7,34,28,6,20,7,13,58,11,47
S01013079,599,64,44,20,144,46,32,30,36,118,7,5,22,13,71,57,44,13,47,4,20,15,8,50,31,19,48,43,5,22,13,9,49,7,42
S01013080,407,60,42,18,112,27,24,38,23,58,5,11,3,6,33,33,24,9,34,3,9,13,9,24,12,12,37,30,7,15,7,8,34,1,33
S01013081,326,34,18,16,91,25,22,25,19,51,2,6,8,6,29,37,25,12,30,2,18,6,4,24,20,4,25,19,6,12,2,10,22,2,20
S01013082,434,40,26,14,94,24,16,30,24,58,4,10,13,11,20,68,50,18,57,5,28,19,5,34,23,11,37,31,6,16,6,10,30,5,25
S01013083,725,34,20,14,78,14,15,28,21,87,2,13,13,36,23,52,45,7,24,1,7,6,10,44,24,20,221,205,16,15,5,10,170,7,163
S01013084,352,40,27,13,85,16,16,27,26,60,7,5,15,4,29,64,47,17,27,1,11,12,3,22,15,7,22,20,2,8,3,5,24,1,23
S01013085,204,21,13,8,42,12,6,14,10,18,4,1,3,1,9,20,14,6,20,1,5,6,8,16,9,7,26,19,7,17,6,11,24,2,22
S01013086,444,54,31,23,141,27,31,46,37,61,6,4,7,16,28,41,30,11,31,2,9,11,9,28,17,11,33,21,12,21,10,11,34,5,29
S01013087,349,71,46,25,132,22,33,34,43,49,5,3,3,11,27,32,20,12,19,4,10,3,2,18,15,3,13,12,1,0,0,0,15,3,12
S01013088,425,95,63,32,135,28,26,31,50,77,6,3,8,10,50,40,29,11,20,5,5,8,2,18,10,8,13,12,1,11,9,2,16,4,12
S01013089,338,30,24,6,67,16,14,25,12,34,5,3,2,5,19,55,44,11,39,1,10,14,14,24,16,8,33,26,7,21,13,8,35,6,29
S01013090,426,35,26,9,103,32,12,33,26,58,6,4,7,9,32,43,31,12,36,2,10,8,16,45,28,17,44,31,13,12,6,6,50,3,47
S01013091,285,27,20,7,71,16,13,25,17,46,9,7,0,10,20,20,17,3,29,3,6,6,14,14,9,5,40,30,10,10,6,4,28,1,27
S01013092,441,43,31,12,104,21,31,20,32,70,5,13,10,8,34,35,23,12,51,3,11,15,22,31,22,9,39,30,9,30,14,16,38,2,36
S01013093,229,43,23,20,66,16,13,22,15,37,2,3,4,7,21,22,15,7,26,4,8,7,7,7,5,2,8,6,2,6,3,3,14,4,10
S01013094,274,37,33,4,98,24,25,25,24,46,7,4,2,5,28,34,25,9,12,3,5,1,3,17,13,4,10,10,0,8,4,4,12,3,9
S01013095,415,88,73,15,157,33,42,41,41,52,3,4,4,2,39,33,26,7,20,2,10,3,5,23,19,4,9,5,4,10,3,7,23,1,22
S01013096,240,20,14,6,50,3,9,31,7,25,2,5,4,5,9,25,18,7,24,3,13,5,3,34,22,12,10,9,1,13,7,6,39,4,35
S01013097,342,55,34,21,105,31,17,32,25,48,6,7,2,9,24,30,25,5,40,21,6,3,10,18,14,4,10,7,3,17,8,9,19,4,15
S01013098,323,79,62,17,113,28,25,21,39,55,4,7,2,11,31,22,19,3,13,1,6,2,4,13,10,3,13,7,6,3,1,2,12,1,11
S01013099,419,46,26,20,122,30,24,39,29,76,7,10,9,16,34,35,28,7,45,3,11,4,27,25,17,8,30,24,6,7,3,4,33,2,31
S01013100,235,43,36,7,100,14,29,29,28,39,5,0,2,10,22,19,11,8,11,1,2,4,4,7,4,3,8,5,3,3,2,1,5,0,5
S01013101,427,25,12,13,74,12,12,29,21,56,9,8,7,5,27,40,33,7,56,7,11,22,16,45,28,17,47,33,14,27,4,23,57,4,53
S01013102,255,30,26,4,85,23,17,32,13,39,5,4,5,4,21,27,20,7,17,3,5,2,7,20,16,4,11,9,2,10,7,3,16,1,15
S01013103,432,63,40,23,130,25,35,41,29,62,8,7,4,6,37,47,34,13,37,1,19,12,5,33,24,9,28,25,3,11,8,3,21,0,21
S01013104,474,73,48,25,125,20,31,34,40,92,13,7,17,9,46,46,37,9,30,5,13,8,4,40,29,11,23,20,3,20,10,10,25,2,23
S01013105,418,83,53,30,141,34,27,31,49,60,8,4,5,10,33,40,34,6,18,4,5,7,2,29,20,9,18,14,4,13,4,9,16,0,16
S01013106,406,38,20,18,86,15,24,27,20,45,6,8,10,4,17,32,21,11,75,6,19,36,14,30,18,12,35,31,4,20,7,13,45,6,39
S01013107,337,56,32,24,99,21,18,29,31,45,2,4,4,11,24,38,31,7,34,8,12,7,7,10,9,1,26,20,6,10,2,8,19,7,12
S01013108,256,35,17,18,53,12,15,15,11,20,2,3,1,2,12,21,17,4,36,11,6,8,11,26,20,6,20,19,1,16,10,6,29,7,22
S01013109,572,63,40,23,129,24,43,31,31,59,4,10,8,11,26,45,31,14,110,48,21,29,12,47,39,8,35,29,6,31,5,26,53,28,25
S01013110,299,38,21,17,59,11,15,14,19,34,2,5,2,9,16,29,14,15,64,28,13,16,7,17,9,8,16,13,3,20,11,9,22,3,19
S01013111,225,25,11,14,56,11,11,23,11,43,1,5,1,23,13,20,14,6,30,10,5,7,8,21,11,10,5,5,0,7,5,2,18,4,14
S01013112,310,40,22,18,50,15,9,18,8,35,2,5,3,2,23,39,25,14,41,8,12,14,7,32,26,6,20,18,2,24,9,15,29,9,20
S01013113,348,39,20,19,34,4,20,6,4,22,3,2,3,1,13,28,19,9,61,5,15,22,19,40,33,7,34,32,2,30,11,19,60,15,45
S01013114,417,60,18,42,79,22,23,17,17,52,7,5,9,9,22,25,20,5,64,19,10,20,15,38,30,8,22,22,0,17,7,10,60,12,48
S01013115,306,42,13,29,43,8,10,15,10,25,4,2,7,3,9,27,21,6,54,6,12,14,22,32,26,6,30,27,3,14,6,8,39,10,29
S01013116,339,59,29,30,84,19,18,28,19,47,4,4,4,9,26,36,25,11,26,4,4,13,5,20,13,7,23,20,3,15,10,5,29,3,26
S01013117,358,44,21,23,37,9,8,7,13,56,3,3,8,17,25,27,18,9,65,8,15,20,22,33,17,16,24,23,1,19,10,9,53,5,48
S01013118,313,46,18,28,54,13,10,16,15,47,1,4,6,10,26,19,8,11,37,6,6,11,14,25,9,16,10,7,3,14,5,9,61,6,55
S01013119,393,87,32,55,55,11,15,12,17,40,3,6,5,11,15,29,21,8,60,20,9,15,16,30,15,15,17,15,2,25,11,14,50,13,37
S01013120,531,92,25,67,62,14,16,12,20,51,3,7,5,17,19,33,27,6,105,33,21,22,29,53,36,17,40,37,3,32,19,13,63,12,51
S01013121,226,53,8,45,15,4,5,3,3,15,2,4,6,0,3,19,12,7,35,9,1,9,16,12,3,9,15,15,0,11,6,5,51,4,47
S01013122,218,8,5,3,18,3,7,5,3,18,3,1,4,2,8,23,18,5,21,0,9,8,4,28,16,12,32,30,2,27,10,17,43,11,32
S01013123,331,18,13,5,30,7,9,7,7,48,6,12,7,6,17,58,45,13,41,0,23,12,6,41,30,11,34,23,11,25,11,14,36,1,35
S01013124,332,26,18,8,34,8,9,11,6,28,6,5,4,3,10,62,44,18,34,0,15,12,7,65,50,15,31,22,9,29,8,21,23,5,18
S01013125,321,25,14,11,37,8,9,11,9,42,3,13,6,5,15,58,50,8,46,3,23,17,3,39,30,9,26,22,4,19,5,14,29,3,26
S01013126,264,14,7,7,19,6,2,5,6,18,5,2,0,3,8,36,32,4,29,1,8,14,6,43,32,11,40,34,6,26,10,16,39,2,37
S01013127,270,12,5,7,17,2,4,6,5,21,1,7,1,2,10,32,24,8,41,3,19,9,10,40,29,11,35,29,6,26,9,17,46,4,42
S01013128,321,23,13,10,29,5,10,11,3,40,7,4,7,3,19,50,33,17,18,1,3,11,3,50,38,12,39,29,10,31,13,18,41,8,33
S01013129,514,32,21,11,72,9,20,27,16,62,12,11,6,5,28,80,66,14,66,2,30,25,9,58,40,18,62,50,12,33,16,17,49,3,46
S01013130,269,20,11,9,35,9,13,9,4,35,7,3,2,1,22,41,33,8,27,1,10,10,6,29,21,8,29,28,1,15,5,10,38,4,34
S01013131,304,19,13,6,19,4,7,4,4,35,4,6,7,0,18,50,43,7,41,0,24,9,8,38,29,9,46,38,8,21,6,15,35,8,27
S01013132,239,9,3,6,24,1,10,5,8,16,3,5,2,2,4,29,23,6,36,1,13,10,12,23,15,8,36,29,7,24,7,17,42,4,38
S01013133,329,20,14,6,40,10,10,12,8,43,6,9,2,4,22,51,41,10,32,1,13,11,7,50,35,15,36,26,10,24,8,16,33,3,30
S01013134,382,36,20,16,56,6,21,15,14,46,5,5,4,6,26,47,38,9,40,1,17,18,4,52,37,15,29,26,3,28,13,15,48,2,46
S01013135,289,12,8,4,15,3,6,1,5,21,4,3,3,3,8,45,37,8,31,1,8,11,11,54,43,11,36,29,7,25,5,20,50,5,45
S01013136,389,23,13,10,23,3,14,4,2,37,6,10,4,7,10,48,46,2,72,1,34,21,16,48,37,11,53,48,5,32,15,17,53,11,42
S01013137,303,13,7,6,21,5,7,2,7,34,6,6,2,8,12,40,31,9,48,0,21,19,8,37,29,8,35,29,6,36,14,22,39,6,33
S01013138,250,7,2,5,20,1,8,7,4,17,3,7,0,0,7,34,27,7,33,1,16,8,8,35,28,7,41,29,12,24,7,17,39,7,32
S01013139,300,10,8,2,28,5,7,7,9,25,2,4,2,3,14,38,31,7,39,3,15,15,6,54,43,11,42,25,17,20,7,13,44,6,38
S01013140,300,12,8,4,28,5,10,9,4,27,2,10,3,2,10,35,27,8,30,3,9,8,10,55,37,18,44,34,10,30,3,27,39,5,34
S01013141,249,12,8,4,22,2,6,6,8,22,5,6,3,3,5,37,34,3,29,0,5,22,2,28,23,5,35,27,8,26,9,17,38,5,33
S01013142,256,15,6,9,10,3,4,2,1,31,1,8,5,4,13,31,24,7,29,4,9,13,3,31,23,8,42,35,7,26,4,22,41,2,39
S01013143,384,22,15,7,38,7,17,8,6,53,10,16,4,4,19,62,51,11,47,2,25,14,6,54,42,12,37,31,6,23,12,11,48,5,43
S01013144,377,10,6,4,32,6,11,8,7,57,13,12,6,4,22,66,48,18,47,3,18,21,5,51,35,16,41,36,5,31,10,21,42,8,34
S01013145,297,24,13,11,36,7,4,16,9,40,8,8,6,3,15,36,31,5,31,2,15,10,4,37,26,11,40,31,9,19,9,10,34,4,30
S01013146,190,10,7,3,25,8,8,5,4,21,6,4,1,1,9,26,20,6,26,0,9,15,2,24,21,3,19,15,4,16,10,6,23,2,21
S01013147,337,12,9,3,46,12,18,9,7,36,6,6,5,3,16,59,46,13,50,3,22,19,6,39,29,10,30,24,6,33,13,20,32,3,29
S01013148,384,23,17,6,50,9,12,18,11,58,7,3,15,5,28,66,50,16,48,3,27,14,4,50,38,12,29,19,10,30,14,16,30,3,27
S01013149,414,30,23,7,48,7,19,10,12,64,10,11,16,4,23,65,47,18,54,4,27,11,12,56,46,10,34,23,11,29,11,18,34,8,26
S01013150,377,17,12,5,50,9,10,20,11,42,7,6,9,3,17,65,52,13,56,2,26,20,8,49,39,10,37,26,11,26,9,17,35,2,33
S01013151,299,30,19,11,49,5,13,15,16,42,4,7,9,2,20,53,45,8,44,1,25,13,5,17,10,7,28,17,11,17,7,10,19,1,18
S01013152,424,26,23,3,50,9,9,13,19,54,11,10,9,9,15,66,57,9,60,1,23,25,11,59,45,14,32,26,6,30,11,19,47,8,39
S01013153,311,13,7,6,24,6,7,4,7,19,4,5,2,3,5,46,36,10,46,3,20,16,7,49,38,11,48,35,13,21,5,16,45,5,40
S01013154,428,24,12,12,37,7,10,7,13,35,10,11,3,1,10,51,41,10,47,4,18,18,7,60,47,13,73,59,14,30,14,16,71,11,60
S01013155,362,17,9,8,25,7,11,3,4,35,5,8,3,10,9,44,34,10,34,2,11,12,9,62,51,11,49,40,9,27,10,17,69,9,60
S01013156,336,16,8,8,15,1,8,1,5,37,4,13,3,3,14,36,26,10,49,3,11,19,16,54,35,19,47,40,7,31,11,20,51,3,48
S01013157,372,12,7,5,21,3,9,5,4,32,6,9,1,5,11,52,41,11,45,3,18,15,9,66,52,14,52,41,11,33,11,22,59,10,49
S01013158,293,23,13,10,49,13,17,12,7,53,8,7,8,9,21,51,40,11,40,2,17,16,5,23,16,7,28,24,4,8,3,5,18,6,12
S01013159,367,28,17,11,54,9,22,15,8,53,11,9,4,3,26,61,51,10,46,1,24,14,7,28,18,10,37,28,9,26,9,17,34,5,29
S01013160,396,32,23,9,60,13,16,20,11,59,11,6,8,4,30,84,60,24,48,0,24,18,6,30,22,8,37,33,4,21,4,17,25,2,23
S01013161,506,28,20,8,61,12,20,16,13,67,14,10,10,4,29,74,60,14,74,1,38,28,7,65,41,24,47,31,16,42,14,28,48,6,42
S01013162,339,17,16,1,32,2,7,14,9,44,10,15,3,5,11,47,40,7,53,6,12,23,12,50,36,14,30,22,8,25,11,14,41,8,33
S01013163,401,26,20,6,60,11,18,19,12,51,12,1,14,2,22,67,46,21,63,2,35,21,5,39,31,8,40,30,10,26,13,13,29,3,26
S01013164,448,37,27,10,72,15,16,21,20,57,9,2,11,10,25,63,46,17,51,3,23,18,7,47,32,15,41,32,9,37,14,23,43,4,39
S01013165,405,24,9,15,64,19,15,16,14,58,14,9,7,8,20,68,57,11,64,1,24,30,9,47,33,14,44,39,5,14,3,11,22,3,19
S01013166,246,9,8,1,13,1,6,2,4,16,2,3,2,1,8,37,29,8,34,3,12,14,5,37,28,9,25,21,4,25,11,14,50,7,43
S01013167,253,9,3,6,18,3,5,4,6,22,2,3,1,4,12,26,23,3,40,2,12,19,7,34,24,10,35,25,10,27,17,10,42,6,36
S01013168,344,11,5,6,13,1,5,1,6,36,10,4,6,5,11,42,34,8,48,1,29,10,8,50,36,14,50,34,16,22,13,9,72,7,65
S01013169,321,12,10,2,26,1,10,9,6,37,12,3,1,6,15,47,36,11,50,3,23,16,8,45,35,10,39,29,10,31,13,18,34,7,27
S01013170,199,8,2,6,10,0,2,3,5,19,4,4,3,2,6,36,29,7,34,1,16,13,4,25,18,7,17,13,4,23,9,14,27,2,25
S01013171,334,19,16,3,60,12,18,14,16,55,5,6,15,4,25,59,44,15,40,1,24,8,7,26,17,9,29,22,7,24,9,15,22,2,20
S01013172,348,24,15,9,32,12,9,7,4,45,4,8,8,8,17,68,54,14,43,2,27,10,4,43,36,7,47,35,12,23,10,13,23,7,16
S01013173,436,37,25,12,58,17,21,12,8,54,16,5,6,5,22,71,57,14,44,0,22,17,5,61,48,13,39,30,9,40,12,28,32,4,28
S01013174,458,36,29,7,101,22,28,35,16,69,7,13,17,7,25,60,42,18,65,2,33,24,6,43,33,10,40,24,16,24,9,15,20,1,19
S01013175,452,45,30,15,99,23,32,25,19,65,6,5,13,5,36,62,41,21,53,0,36,12,5,49,35,14,35,27,8,25,10,15,19,0,19
S01013176,371,37,27,10,52,7,17,11,17,56,7,5,8,8,28,65,49,16,40,0,22,10,8,40,30,10,31,21,10,21,8,13,29,6,23
S01013177,336,26,19,7,61,12,16,19,14,52,6,5,9,2,30,57,45,12,42,5,16,20,1,22,17,5,27,14,13,27,15,12,22,2,20
S01013178,380,27,19,8,63,10,13,22,18,54,7,8,12,2,25,56,44,12,53,3,28,18,4,49,38,11,33,26,7,16,7,9,29,3,26
S01013179,409,40,23,17,48,6,20,13,9,46,9,6,8,1,22,57,46,11,50,5,20,15,10,50,40,10,42,28,14,34,16,18,42,6,36
S01013180,253,20,8,12,36,6,9,12,9,36,4,6,6,0,20,48,40,8,31,2,15,8,6,13,11,2,25,16,9,15,7,8,29,1,28
S01013181,363,25,20,5,48,10,10,15,13,45,8,10,6,5,16,61,50,11,46,2,18,19,7,37,28,9,27,20,7,36,13,23,38,8,30
S01013182,310,16,10,6,35,10,10,10,5,31,8,3,9,3,8,35,30,5,36,2,8,16,10,44,33,11,29,22,7,34,13,21,50,6,44
S01013183,458,26,18,8,82,21,13,28,20,88,17,10,27,4,30,72,59,13,55,3,27,18,7,44,31,13,29,23,6,27,13,14,35,4,31
S01013184,213,4,3,1,8,1,3,2,2,14,4,2,2,1,5,27,25,2,24,2,6,7,9,52,41,11,21,16,5,19,7,12,44,11,33
S01013185,323,19,9,10,27,9,7,4,7,29,9,8,4,2,6,42,35,7,39,5,13,15,6,55,29,26,42,33,9,26,11,15,44,5,39
S01013186,293,12,7,5,7,2,4,1,0,21,4,3,3,3,8,42,35,7,42,7,15,10,10,45,33,12,39,31,8,33,16,17,52,9,43
S01013187,352,18,10,8,38,3,13,16,6,47,5,6,14,4,18,45,41,4,44,3,17,13,11,49,33,16,31,27,4,33,16,17,47,6,41
S01013188,469,22,15,7,62,16,16,17,13,77,10,12,26,5,24,55,40,15,53,4,15,18,16,53,37,16,53,40,13,40,19,21,54,6,48
S01013189,318,18,14,4,56,8,13,25,10,35,3,7,8,1,16,38,35,3,40,1,20,13,6,30,23,7,45,36,9,16,9,7,40,2,38
S01013190,378,27,17,10,52,5,16,17,14,55,8,5,14,10,18,44,36,8,39,0,14,19,6,44,31,13,32,19,13,35,15,20,50,4,46
S01013191,587,53,31,22,122,34,28,30,30,108,21,18,26,2,41,85,71,14,62,0,27,26,9,34,22,12,39,29,10,35,13,22,49,4,45
S01013192,447,32,16,16,87,17,14,35,21,78,13,13,21,6,25,65,55,10,43,3,16,19,5,40,28,12,41,27,14,27,11,16,34,3,31
S01013193,362,22,11,11,47,13,3,18,13,66,7,13,15,4,27,62,52,10,47,4,14,19,10,41,31,10,22,14,8,25,13,12,30,7,23
S01013194,328,23,16,7,41,11,6,15,9,43,3,7,8,6,19,45,37,8,44,5,18,13,8,40,28,12,39,30,9,23,11,12,30,2,28
S01013195,525,33,16,17,82,23,15,21,23,75,16,6,13,10,30,71,56,15,63,2,31,15,15,50,30,20,57,39,18,39,24,15,55,9,46
S01013196,389,26,15,11,61,11,16,25,9,63,13,8,10,10,22,49,41,8,48,1,21,17,9,43,25,18,34,24,10,30,17,13,35,2,33
S01013197,255,24,16,8,45,8,8,19,10,40,8,8,8,1,15,42,38,4,25,1,13,7,4,30,20,10,15,12,3,14,7,7,20,1,19
S01013198,340,24,22,2,32,4,6,11,11,37,6,6,8,2,15,52,39,13,44,1,16,23,4,50,31,19,29,26,3,32,13,19,40,5,35
S01013199,403,32,21,11,97,16,26,25,30,70,12,7,19,7,25,50,43,7,34,2,10,19,3,41,29,12,23,18,5,23,11,12,33,3,30
S01013200,306,18,15,3,46,8,10,21,7,59,3,11,19,6,20,36,31,5,28,2,13,8,5,31,21,10,41,29,12,17,9,8,30,1,29
S01013201,262,6,4,2,27,9,6,7,5,42,4,8,16,3,11,28,26,2,21,2,7,7,5,35,28,7,21,16,5,25,10,15,57,9,48
S01013202,205,7,3,4,25,3,8,7,7,22,4,10,1,0,7,19,18,1,17,0,7,6,4,34,28,6,24,19,5,16,6,10,41,4,37
S01013203,299,10,9,1,39,6,12,8,13,30,7,5,5,1,12,38,34,4,35,2,13,15,5,38,24,14,30,24,6,30,14,16,49,7,42
S01013204,422,19,12,7,63,17,15,18,13,74,10,18,26,5,15,57,51,6,37,2,13,12,10,51,36,15,30,20,10,39,19,20,52,7,45
S01013205,216,7,4,3,14,3,8,1,2,22,4,9,6,0,3,22,19,3,30,2,4,12,12,28,21,7,26,23,3,27,11,16,40,5,35
S01013206,255,14,9,5,25,3,10,4,8,15,1,1,4,4,5,25,20,5,34,5,10,11,8,40,30,10,17,12,5,34,14,20,51,6,45
S01013207,350,16,9,7,37,5,16,7,9,39,4,10,7,5,13,59,47,12,46,6,15,15,10,38,25,13,30,23,7,34,15,19,51,9,42
S01013208,389,21,9,12,34,6,10,9,9,49,5,9,16,5,14,37,26,11,43,4,11,15,13,60,47,13,37,33,4,47,20,27,61,8,53
S01013209,384,18,8,10,42,8,11,13,10,51,9,14,12,4,12,65,47,18,58,2,22,18,16,48,29,19,38,32,6,29,14,15,35,5,30
S01013210,317,23,12,11,45,10,10,13,12,46,4,7,12,7,16,48,43,5,48,2,21,16,9,28,22,6,31,25,6,19,9,10,29,3,26
S01013211,461,28,17,11,44,12,10,11,11,50,4,8,10,10,18,70,55,15,56,3,20,18,15,56,35,21,52,43,9,43,25,18,62,11,51
S01013212,380,20,12,8,61,9,19,18,15,47,9,5,15,3,15,59,47,12,54,1,29,18,6,40,31,9,32,25,7,27,7,20,40,4,36
S01013213,338,24,19,5,41,14,13,5,9,59,8,8,23,3,17,49,37,12,51,2,23,18,8,34,25,9,25,20,5,17,7,10,38,2,36
S01013214,273,16,15,1,32,8,7,10,7,53,8,5,18,3,19,37,32,5,36,1,16,14,5,23,16,7,23,13,10,27,11,16,26,4,22
S01013215,439,25,14,11,41,4,13,8,16,48,11,10,13,2,12,64,49,15,59,1,34,12,12,62,46,16,40,29,11,41,17,24,59,8,51
S01013216,265,16,7,9,7,1,4,0,2,25,3,3,4,5,10,34,26,8,34,0,17,11,6,39,28,11,29,23,6,25,14,11,56,7,49
S01013217,333,15,12,3,23,8,7,4,4,32,6,6,10,2,8,47,43,4,34,3,11,13,7,44,31,13,43,35,8,42,14,28,53,3,50
S01013218,239,11,7,4,9,1,3,4,1,20,2,5,5,1,7,24,20,4,17,2,8,4,3,41,29,12,32,28,4,40,21,19,45,4,41
S01013219,230,6,5,1,15,2,6,5,2,24,4,5,7,0,8,18,15,3,20,1,10,3,6,35,26,9,34,32,2,29,8,21,49,3,46
S01013220,248,8,3,5,11,1,3,5,2,24,2,6,3,2,11,32,25,7,43,5,18,14,6,37,32,5,26,22,4,24,11,13,43,4,39
S01013221,395,14,6,8,24,8,3,6,7,35,8,8,4,4,11,61,47,14,57,9,22,18,8,55,39,16,45,38,7,42,19,23,62,7,55
S01013222,216,15,6,9,20,5,5,5,5,18,2,3,4,1,8,20,19,1,24,1,6,12,5,33,23,10,27,24,3,19,9,10,40,6,34
S01013223,443,39,19,20,53,15,19,9,10,70,7,9,18,4,32,58,48,10,70,1,38,19,12,37,28,9,36,26,10,34,20,14,46,6,40
S01013224,415,24,17,7,39,9,11,8,11,53,6,9,12,2,24,43,34,9,53,6,15,24,8,68,54,14,45,33,12,37,24,13,53,4,49
S01013225,328,16,11,5,35,6,13,11,5,38,4,4,14,4,12,30,24,6,38,3,12,14,9,42,28,14,31,25,6,30,10,20,68,8,60
S01013226,287,29,17,12,33,9,9,8,7,40,7,6,9,1,17,43,34,9,25,0,14,8,3,35,24,11,20,16,4,28,8,20,34,5,29
S01013227,258,17,7,10,15,4,8,1,2,35,7,4,6,3,15,34,29,5,38,0,17,13,8,29,18,11,19,15,4,26,13,13,45,6,39
S01013228,357,21,11,10,38,14,12,5,7,44,9,8,5,4,18,45,40,5,48,3,23,15,7,43,29,14,32,24,8,32,10,22,54,4,50
S01013229,337,16,10,6,34,10,13,2,9,36,1,6,6,2,21,46,41,5,42,2,12,16,12,49,36,13,28,23,5,27,11,16,59,11,48
S01013230,282,8,6,2,29,3,13,9,4,31,4,5,10,0,12,42,32,10,46,1,13,22,10,35,29,6,20,14,6,25,12,13,46,9,37
S01013231,350,15,6,9,36,9,19,4,4,40,7,5,10,7,11,46,40,6,36,2,20,8,6,57,41,16,35,23,12,35,13,22,50,2,48
S01013232,295,14,11,3,23,5,9,5,4,41,6,10,7,4,14,40,34,6,37,7,12,14,4,34,22,12,24,18,6,30,15,15,52,5,47
S01013233,292,21,9,12,35,7,13,4,11,43,3,11,10,2,17,41,34,7,44,2,24,9,9,31,21,10,25,20,5,19,7,12,33,2,31
S01013234,235,32,23,9,46,3,18,13,12,48,6,11,14,3,14,33,26,7,20,1,11,5,3,13,10,3,24,21,3,8,6,2,11,1,10
S01013235,396,24,16,8,47,12,13,6,16,59,12,10,10,6,21,60,45,15,60,5,32,17,6,48,31,17,29,17,12,38,22,16,31,5,26
S01013236,396,37,15,22,55,11,16,9,19,57,6,7,13,10,21,55,42,13,49,7,23,11,8,51,28,23,30,26,4,29,8,21,33,3,30
S01013237,429,36,22,14,63,13,20,14,16,67,10,4,27,6,20,63,52,11,61,4,23,25,9,32,19,13,40,29,11,30,17,13,37,3,34
S01013238,258,11,5,6,23,6,9,5,3,25,4,5,6,2,8,28,19,9,41,4,15,9,13,36,25,11,25,23,2,15,8,7,54,8,46
S01013239,336,15,8,7,20,4,7,6,3,44,5,9,14,4,12,31,24,7,34,7,10,8,9,54,38,16,30,22,8,41,15,26,67,8,59
S01013240,204,15,10,5,15,1,10,3,1,14,2,2,6,2,2,11,8,3,19,3,5,4,7,32,23,9,23,18,5,23,8,15,52,4,48
S01013241,455,46,32,14,85,19,22,28,16,85,14,12,23,13,23,57,47,10,58,6,33,11,8,35,26,9,36,30,6,25,10,15,28,1,27
S01013242,299,45,14,31,56,8,20,12,16,29,3,2,8,4,12,30,24,6,49,16,14,13,6,25,17,8,17,15,2,23,7,16,25,4,21
S01013243,329,14,11,3,31,7,7,8,9,34,4,2,2,2,24,34,29,5,44,4,15,14,11,33,22,11,41,32,9,57,31,26,41,11,30
S01013244,284,20,11,9,26,7,6,5,8,19,4,0,6,1,8,29,23,6,34,3,16,11,4,40,27,13,40,22,18,44,24,20,32,6,26
S01013245,505,44,30,14,51,16,11,8,16,60,12,6,7,4,31,66,57,9,81,5,38,23,15,45,33,12,49,37,12,63,30,33,46,9,37
S01013246,240,22,16,6,26,11,5,6,4,22,4,1,5,0,12,29,27,2,36,2,14,13,7,19,15,4,23,16,7,39,23,16,24,7,17
S01013247,318,16,8,8,23,3,8,7,5,25,3,5,3,1,13,31,27,4,62,5,24,27,6,36,28,8,35,25,10,41,22,19,49,11,38
S01013248,265,8,3,5,11,0,4,4,3,26,6,3,4,1,12,30,26,4,31,3,9,13,6,29,26,3,39,29,10,41,25,16,50,8,42
S01013249,225,11,9,2,14,2,7,2,3,28,6,2,4,1,15,27,22,5,24,1,13,7,3,21,11,10,27,14,13,39,22,17,34,4,30
S01013250,471,53,33,20,89,20,24,29,16,59,9,8,3,12,27,33,30,3,82,39,19,14,10,30,24,6,41,32,9,38,13,25,46,9,37
S01013251,291,15,9,6,23,1,9,2,11,29,6,3,7,3,10,21,18,3,44,6,15,17,6,25,20,5,34,22,12,36,19,17,64,15,49
S01013252,314,25,20,5,28,9,6,9,4,32,5,6,6,0,15,22,21,1,48,6,18,20,4,22,19,3,41,30,11,49,18,31,47,7,40
S01013253,342,14,9,5,40,11,17,6,6,36,4,5,6,0,21,34,26,8,47,2,15,25,5,30,22,8,39,21,18,39,21,18,63,13,50
S01013254,263,16,12,4,18,6,3,3,6,18,4,3,2,0,9,23,21,2,41,2,22,12,5,21,11,10,35,26,9,34,15,19,57,12,45
S01013255,453,32,15,17,39,10,13,9,7,41,9,5,6,6,15,42,34,8,80,7,27,32,14,35,25,10,48,37,11,62,32,30,74,18,56
S01013256,349,38,24,14,59,13,16,15,15,35,4,1,4,1,25,48,41,7,47,1,18,16,12,28,18,10,34,19,15,36,21,15,24,2,22
S01013257,362,24,15,9,46,4,15,13,14,50,12,5,3,7,23,39,32,7,64,5,18,30,11,31,19,12,44,29,15,32,11,21,32,3,29
S01013258,391,34,28,6,66,16,13,24,13,42,5,11,4,1,21,62,46,16,46,2,19,15,10,32,23,9,49,37,12,28,14,14,32,3,29
S01013259,398,30,18,12,36,10,15,5,6,49,12,6,10,3,18,47,39,8,60,8,21,16,15,34,27,7,49,33,16,49,20,29,44,3,41
S01013260,385,21,12,9,27,8,9,6,4,39,11,6,8,2,12,49,43,6,46,7,15,13,11,37,27,10,33,23,10,55,29,26,78,14,64
S01013261,355,11,7,4,21,7,3,5,6,21,4,0,7,1,9,47,35,12,60,2,22,21,15,37,31,6,42,30,12,61,30,31,55,15,40
S01013262,289,10,7,3,20,7,6,1,6,22,5,3,1,5,8,38,34,4,52,7,21,17,7,31,26,5,34,27,7,35,17,18,47,11,36
S01013263,283,54,34,20,76,24,12,18,22,41,1,4,2,7,27,28,24,4,19,0,5,11,3,22,19,3,15,11,4,13,6,7,15,4,11
S01013264,292,33,27,6,73,24,15,14,20,48,4,3,6,3,32,46,37,9,22,0,8,10,4,13,9,4,34,26,8,9,2,7,14,0,14
S01013265,381,76,56,20,100,43,16,16,25,66,6,8,5,6,41,41,32,9,22,1,10,8,3,17,13,4,29,21,8,14,4,10,16,2,14
S01013266,333,34,25,9,83,30,16,17,20,51,11,4,6,3,27,53,42,11,26,0,11,8,7,18,14,4,37,26,11,16,6,10,15,3,12
S01013267,245,19,12,7,33,8,8,9,8,31,6,7,2,2,14,34,25,9,27,2,16,0,9,13,10,3,39,32,7,23,11,12,26,2,24
S01013268,423,30,24,6,38,13,11,5,9,55,11,7,5,7,25,54,45,9,57,7,23,20,7,41,32,9,66,42,24,35,11,24,47,4,43
S01013269,570,67,43,24,122,59,21,22,20,99,15,9,19,9,47,81,68,13,44,4,20,10,10,28,19,9,59,44,15,35,9,26,35,3,32
S01013270,468,74,54,20,117,27,25,27,38,80,15,3,2,6,54,70,50,20,32,1,12,17,2,30,26,4,35,26,9,14,5,9,16,1,15
S01013271,293,48,35,13,97,37,17,17,26,51,8,7,6,3,27,41,29,12,14,0,8,3,3,15,6,9,11,8,3,7,2,5,9,0,9
S01013272,421,79,60,19,115,35,21,23,36,66,13,3,8,1,41,52,38,14,25,1,12,9,3,19,14,5,31,21,10,16,6,10,18,4,14
S01013273,536,86,58,28,131,44,27,24,36,87,14,5,12,7,49,72,59,13,39,1,21,13,4,24,19,5,44,31,13,35,17,18,18,1,17
S01013274,449,56,37,19,68,22,19,12,15,72,11,9,9,5,38,63,43,20,47,0,25,13,9,35,26,9,42,28,14,29,10,19,37,2,35
S01013275,369,33,23,10,63,19,12,12,20,41,7,3,3,4,24,55,45,10,38,3,13,9,13,27,23,4,50,37,13,34,12,22,28,2,26
S01013276,378,38,23,15,45,17,9,12,7,47,9,4,9,1,24,71,54,17,41,1,19,17,4,20,15,5,62,40,22,28,8,20,26,1,25
S01013277,451,27,15,12,38,13,9,6,10,42,8,6,7,2,19,46,37,9,67,3,18,25,21,44,32,12,67,51,16,41,21,20,79,9,70
S01013278,352,14,12,2,21,6,8,0,7,28,5,5,3,3,12,53,42,11,32,0,7,19,6,36,34,2,58,50,8,43,16,27,67,10,57
S01013279,311,18,14,4,18,4,9,2,3,29,7,3,4,2,13,36,22,14,26,1,9,10,6,32,24,8,48,34,14,35,13,22,69,14,55
S01013280,272,17,13,4,33,8,10,8,7,29,6,4,4,4,11,37,30,7,30,1,13,12,4,24,17,7,41,23,18,26,12,14,35,7,28
S01013281,417,13,7,6,34,11,13,4,6,49,14,5,5,4,21,51,43,8,53,4,21,18,10,35,28,7,64,49,15,43,17,26,75,12,63
S01013282,384,18,9,9,17,6,8,2,1,35,12,3,2,1,17,54,50,4,44,0,13,13,18,39,32,7,65,49,16,40,12,28,72,8,64
S01013283,386,15,11,4,71,45,2,12,12,46,9,3,6,5,23,38,31,7,44,0,9,12,23,25,18,7,49,32,17,36,11,25,62,6,56
S01013284,419,23,17,6,69,17,16,19,17,61,10,6,12,5,28,74,62,12,39,4,21,5,9,36,27,9,56,35,21,31,6,25,30,5,25
S01013285,395,29,20,9,66,17,16,15,18,56,10,4,12,4,26,65,55,10,38,0,23,8,7,24,21,3,52,38,14,28,11,17,37,6,31
S01013286,408,24,13,11,71,18,21,16,16,61,11,6,13,3,28,65,46,19,48,1,26,14,7,27,21,6,52,35,17,28,17,11,32,7,25
S01013287,492,44,35,9,116,38,27,23,28,89,15,8,13,5,48,75,59,16,35,3,16,10,6,26,21,5,44,28,16,26,10,16,37,2,35
S01013288,309,30,24,6,68,19,8,18,23,36,4,6,4,4,18,48,38,10,24,0,13,8,3,26,17,9,31,17,14,20,8,12,26,1,25
S01013289,395,65,34,31,86,15,24,25,22,53,6,3,5,8,31,48,31,17,48,14,14,17,3,31,26,5,20,16,4,15,5,10,29,7,22
S01013290,491,37,23,14,89,23,25,21,20,69,5,12,8,5,39,50,35,15,52,4,26,13,9,50,34,16,56,40,16,37,13,24,51,7,44
S01013291,419,33,22,11,51,14,16,6,15,64,9,5,13,8,29,55,44,11,46,2,17,17,10,40,25,15,38,28,10,37,10,27,55,7,48
S01013292,438,44,27,17,56,13,20,15,8,50,9,5,6,3,27,68,50,18,53,2,26,15,10,38,30,8,48,35,13,40,9,31,41,2,39
S01013293,411,33,26,7,74,24,14,14,22,58,8,9,6,6,29,63,44,19,46,3,22,15,6,41,31,10,38,30,8,29,9,20,29,3,26
S01013294,418,28,12,16,61,24,17,9,11,53,8,4,9,5,27,74,59,15,48,4,19,15,10,51,44,7,42,30,12,25,12,13,36,3,33
S01013295,460,29,22,7,64,16,19,12,17,49,13,2,5,7,22,82,66,16,62,3,27,19,13,48,35,13,57,38,19,33,8,25,36,2,34
S01013296,318,17,10,7,27,9,7,4,7,16,5,2,2,1,6,39,32,7,39,3,15,16,5,37,25,12,41,32,9,37,12,25,65,10,55
S01013297,348,17,11,6,31,5,7,2,17,35,11,6,1,1,16,60,46,14,43,3,13,20,7,35,26,9,42,26,16,41,14,27,44,5,39
S01013298,323,32,19,13,40,10,10,8,12,37,6,3,5,4,19,51,35,16,41,5,17,12,7,24,16,8,35,21,14,25,9,16,38,7,31
S01013299,520,37,22,15,58,14,14,15,15,71,6,8,13,4,40,82,68,14,54,2,28,15,9,44,32,12,56,35,21,53,27,26,65,13,52
S01013300,269,21,12,9,30,6,9,8,7,28,4,2,3,5,14,23,18,5,42,5,12,13,12,31,20,11,28,23,5,25,10,15,41,8,33
S01013301,235,16,13,3,19,5,5,6,3,17,2,0,1,3,11,32,28,4,30,2,10,7,11,33,23,10,17,16,1,32,12,20,39,5,34
S01013302,333,30,18,12,50,12,7,11,20,42,8,5,8,2,19,50,39,11,47,7,23,11,6,21,14,7,33,22,11,31,12,19,29,8,21
S01013303,428,31,22,9,55,15,18,10,12,53,9,6,7,1,30,43,35,8,35,1,11,15,8,33,28,5,55,35,20,48,15,33,75,10,65
S01013304,434,15,6,9,18,3,3,5,7,39,9,5,7,4,14,41,38,3,54,6,22,9,17,37,28,9,59,37,22,76,40,36,95,19,76
S01013305,474,24,16,8,25,9,7,4,5,46,4,5,3,4,30,50,45,5,49,1,13,14,21,40,33,7,62,43,19,80,48,32,98,21,77
S01013306,377,20,14,6,9,5,2,1,1,28,5,4,4,3,12,34,30,4,35,1,15,12,7,34,24,10,49,28,21,55,21,34,113,14,99
S01013307,460,22,10,12,23,7,8,2,6,35,7,5,3,3,17,35,33,2,43,4,15,14,10,31,23,8,54,34,20,92,53,39,125,18,107
S01013308,367,15,10,5,18,7,8,1,2,19,5,2,1,2,9,36,32,4,35,2,15,11,7,39,33,6,69,52,17,62,31,31,74,4,70
S01013309,349,32,19,13,72,23,17,12,20,52,7,3,10,2,30,51,43,8,22,0,10,6,6,28,15,13,39,26,13,11,6,5,42,8,34
S01013310,317,16,11,5,25,7,6,4,8,38,2,7,7,3,19,38,36,2,44,1,20,13,10,26,22,4,37,21,16,35,24,11,58,7,51
S01013311,372,14,7,7,24,8,7,3,6,31,7,7,2,3,12,41,35,6,36,0,17,10,9,40,29,11,62,41,21,48,24,24,76,9,67
S01013312,471,22,10,12,30,6,13,6,5,53,12,6,9,1,25,49,39,10,54,1,18,22,13,43,36,7,60,42,18,58,22,36,102,21,81
S01013313,307,22,15,7,16,2,5,4,5,29,9,2,9,4,5,31,27,4,27,1,12,5,9,30,24,6,38,24,14,41,30,11,73,13,60
S01013314,307,11,6,5,28,8,11,6,3,33,7,6,2,1,17,34,30,4,46,1,21,10,14,20,14,6,52,39,13,30,16,14,53,2,51
S01013315,309,52,42,10,78,25,11,16,26,56,9,3,8,2,34,30,19,11,20,1,7,10,2,15,12,3,22,16,6,22,8,14,14,0,14
S01013316,319,36,27,9,64,14,8,22,20,50,7,5,5,5,28,48,42,6,23,1,9,10,3,19,14,5,38,26,12,24,13,11,17,1,16
S01013317,298,20,13,7,41,10,14,8,9,36,5,7,7,2,15,47,41,6,31,2,17,7,5,27,19,8,37,23,14,29,9,20,30,5,25
S01013318,356,35,24,11,70,24,18,11,17,63,10,7,3,4,39,39,28,11,29,1,11,11,6,23,9,14,28,17,11,32,16,16,37,4,33
S01013319,310,35,24,11,57,22,9,12,14,54,9,4,9,4,28,38,32,6,26,1,16,4,5,29,24,5,30,23,7,17,8,9,24,2,22
S01013320,604,61,41,20,131,50,18,28,35,110,15,4,20,8,63,70,60,10,36,0,12,17,7,46,36,10,56,30,26,51,25,26,43,6,37
S01013321,203,11,8,3,18,5,5,3,5,25,7,3,3,1,11,45,41,4,17,1,4,6,6,12,12,0,24,16,8,23,7,16,28,5,23
S01013322,388,25,17,8,37,15,12,3,7,42,9,6,7,5,15,58,45,13,30,1,17,6,6,42,33,9,59,41,18,39,16,23,56,7,49
S01013323,457,35,21,14,41,16,10,3,12,53,14,2,6,3,28,54,48,6,36,1,17,11,7,44,37,7,61,40,21,55,27,28,78,14,64
S01013324,280,17,10,7,18,3,9,2,4,24,4,3,2,3,12,28,25,3,25,1,14,6,4,24,20,4,43,32,11,39,25,14,62,9,53
S01013325,344,22,17,5,31,10,10,2,9,49,12,5,8,2,22,33,25,8,34,2,11,10,11,32,28,4,49,34,15,32,17,15,62,6,56
S01013326,240,8,6,2,14,6,5,2,1,14,3,2,2,1,6,24,22,2,22,1,9,6,6,27,20,7,31,19,12,32,15,17,68,8,60
S01013327,329,8,6,2,9,2,3,2,2,21,3,1,2,4,11,38,33,5,37,1,14,7,15,38,30,8,57,41,16,50,23,27,71,10,61
S01013328,287,12,5,7,16,6,6,0,4,21,8,2,8,0,3,18,15,3,31,4,13,6,8,34,25,9,50,33,17,34,13,21,71,5,66
S01013329,243,15,5,10,18,6,8,1,3,22,6,2,3,4,7,30,25,5,18,0,8,5,5,24,22,2,32,24,8,38,18,20,46,0,46
S01013330,664,59,40,19,102,36,22,16,28,114,18,8,21,5,62,81,65,16,64,2,28,18,16,39,32,7,83,51,32,58,31,27,64,10,54
S01013331,374,33,24,9,53,20,13,8,12,48,10,3,8,1,26,64,51,13,25,0,11,6,8,23,14,9,49,28,21,39,12,27,40,0,40
S01013332,328,16,8,8,29,4,7,9,9,28,8,3,4,4,9,43,32,11,43,1,17,15,10,33,28,5,51,38,13,34,11,23,51,5,46
S01013333,445,33,20,13,59,21,18,7,13,70,20,6,7,3,34,64,51,13,39,3,14,15,7,28,20,8,60,34,26,56,16,40,36,4,32
S01013334,350,14,9,5,22,4,5,5,8,41,8,4,8,6,15,36,34,2,43,1,15,13,14,33,26,7,48,31,17,44,22,22,69,6,63
S01013335,318,16,9,7,16,4,10,1,1,21,5,2,2,3,9,32,27,5,37,3,9,16,9,31,23,8,60,37,23,35,14,21,70,8,62
S01013336,372,14,8,6,24,7,6,5,6,27,5,4,4,1,13,32,27,5,40,5,12,14,9,34,25,9,50,37,13,56,27,29,95,11,84
S01013337,495,42,33,9,67,17,17,18,15,52,10,7,8,5,22,63,48,15,57,4,23,22,8,34,23,11,52,33,19,62,24,38,66,10,56
S01013338,298,52,32,20,69,26,21,9,13,46,6,5,6,5,24,35,30,5,20,1,10,6,3,19,18,1,31,22,9,10,5,5,16,3,13
S01013339,330,30,22,8,58,24,13,7,14,53,7,9,5,5,27,51,40,11,32,4,11,12,5,24,18,6,38,23,15,20,12,8,24,2,22
S01013340,450,53,35,18,80,25,13,20,22,65,13,2,7,6,37,67,49,18,43,1,23,9,10,26,19,7,55,35,20,23,12,11,38,5,33
S01013341,516,117,87,30,103,29,23,15,36,102,11,4,5,6,76,55,40,15,26,1,8,10,7,29,22,7,37,28,9,25,10,15,22,1,21
S01013342,294,21,17,4,12,3,5,2,2,23,7,5,2,0,9,34,29,5,28,1,13,9,5,33,30,3,42,34,8,40,20,20,61,10,51
S01013343,348,28,18,10,26,10,8,1,7,36,9,7,3,5,12,51,43,8,33,1,9,16,7,37,33,4,55,36,19,45,18,27,37,5,32
S01013344,311,15,9,6,21,9,5,1,6,32,7,6,6,2,11,31,27,4,41,3,18,13,7,35,26,9,46,35,11,41,14,27,49,5,44
S01013345,365,11,10,1,28,9,11,7,1,32,11,3,3,4,11,40,32,8,38,1,11,15,11,24,18,6,46,29,17,56,24,32,90,8,82
S01013346,471,55,40,15,91,30,15,19,27,53,12,8,4,5,24,68,54,14,37,2,13,12,10,42,34,8,60,42,18,30,13,17,35,0,35
S01013347,421,36,29,7,60,16,18,13,13,59,9,7,9,1,33,68,54,14,42,2,19,11,10,28,20,8,45,31,14,43,17,26,40,6,34
S01013348,274,30,13,17,52,21,5,11,15,44,6,1,7,6,24,43,34,9,23,3,9,9,2,21,18,3,29,17,12,22,10,12,10,1,9
S01013349,475,39,28,11,83,36,11,8,28,52,8,3,5,5,31,52,49,3,38,1,13,15,9,34,22,12,68,41,27,24,14,10,85,9,76
S01013350,355,29,22,7,19,6,1,6,6,27,4,3,4,1,15,51,45,6,55,4,19,17,15,30,25,5,49,32,17,36,23,13,59,7,52
S01013351,415,34,24,10,36,10,12,6,8,31,4,6,6,2,13,61,49,12,47,4,23,10,10,37,32,5,56,32,24,42,22,20,71,5,66
S01013352,466,19,11,8,36,9,13,7,7,46,9,5,6,4,22,69,61,8,59,2,27,13,17,37,30,7,67,37,30,58,23,35,75,9,66
S01013353,311,12,7,5,13,7,4,0,2,36,7,4,2,5,18,43,31,12,36,0,11,18,7,40,28,12,37,28,9,38,17,21,56,3,53
S01013354,400,45,38,7,54,9,21,9,15,39,6,5,5,4,19,51,44,7,52,2,23,19,8,42,31,11,38,18,20,45,15,30,34,8,26
S01013355,319,22,14,8,46,20,13,6,7,39,6,3,7,4,19,50,40,10,43,1,20,15,7,19,15,4,21,18,3,33,14,19,46,14,32
S01013356,326,24,14,10,22,4,11,4,3,31,3,0,7,1,20,30,25,5,34,2,10,10,12,25,18,7,41,30,11,64,32,32,55,12,43
S01013357,426,34,26,8,56,15,17,12,12,57,10,5,6,5,31,57,49,8,61,9,28,20,4,37,30,7,40,25,15,36,14,22,48,6,42
S01013358,397,34,27,7,38,9,10,8,11,41,12,3,2,4,20,47,37,10,55,6,22,19,8,39,31,8,41,25,16,55,29,26,47,14,33
S01013359,267,20,13,7,14,2,3,4,5,25,2,5,1,1,16,21,20,1,34,4,13,9,8,19,13,6,38,30,8,39,16,23,57,9,48
S01013360,294,22,13,9,20,3,7,4,6,21,4,5,3,1,8,35,31,4,37,2,14,17,4,24,20,4,42,34,8,37,15,22,56,8,48
S01013361,255,20,15,5,7,4,2,0,1,20,6,1,4,2,7,35,32,3,33,3,6,18,6,25,21,4,37,28,9,37,18,19,41,11,30
S01013362,199,11,5,6,6,1,3,1,1,25,8,4,1,3,9,28,24,4,21,1,6,10,4,17,15,2,20,16,4,38,20,18,33,6,27
S01013363,297,12,8,4,10,4,2,0,4,23,7,2,4,1,9,32,30,2,40,3,13,18,6,24,19,5,44,27,17,49,19,30,63,7,56
S01013364,460,42,30,12,59,23,9,10,17,62,9,5,13,1,34,37,32,5,58,3,27,17,11,47,33,14,44,29,15,62,33,29,49,9,40
S01013365,449,43,27,16,57,12,14,14,17,50,10,5,7,4,24,63,46,17,71,6,28,25,12,26,24,2,46,30,16,46,17,29,47,15,32
S01013366,507,43,33,10,55,14,16,12,13,77,12,10,14,1,40,85,67,18,68,0,29,27,12,43,31,12,52,37,15,41,22,19,43,9,34
S01013367,348,48,26,22,57,14,11,14,18,49,7,2,12,1,27,45,39,6,38,0,16,18,4,22,11,11,31,20,11,29,21,8,29,4,25
S01013368,368,39,24,15,26,7,7,6,6,42,10,4,8,3,17,40,30,10,51,4,21,22,4,33,24,9,44,32,12,52,27,25,41,2,39
S01013369,346,17,8,9,19,7,2,6,4,35,4,6,7,1,17,34,28,6,49,1,16,16,16,29,26,3,37,19,18,52,24,28,74,11,63
S01013370,231,13,8,5,20,7,7,2,4,26,6,2,4,0,14,16,11,5,32,9,6,13,4,27,19,8,24,17,7,30,16,14,43,4,39
S01013371,246,13,9,4,16,8,2,3,3,21,7,1,2,2,9,32,29,3,32,1,14,13,4,29,23,6,34,22,12,29,13,16,40,9,31
S01013372,416,16,7,9,13,1,5,3,4,32,10,5,4,2,11,44,41,3,49,2,16,17,14,41,36,5,65,53,12,72,34,38,84,14,70
S01013373,379,24,16,8,29,7,10,9,3,31,3,2,4,5,17,40,27,13,56,4,23,18,11,41,33,8,42,26,16,48,20,28,68,17,51
S01013374,332,13,9,4,16,4,6,2,4,17,1,2,1,1,12,38,35,3,52,1,23,14,14,35,29,6,46,30,16,44,20,24,71,20,51
S01013375,263,13,6,7,13,4,2,2,5,19,5,1,3,1,9,35,32,3,34,2,13,9,10,20,14,6,31,20,11,56,32,24,42,10,32
S01013376,248,9,8,1,15,7,3,1,4,22,10,2,1,0,9,31,25,6,34,0,10,17,7,29,25,4,24,17,7,31,13,18,53,4,49
S01013377,308,15,11,4,26,7,7,6,6,19,3,2,1,3,10,32,30,2,46,2,17,17,10,29,22,7,33,22,11,58,28,30,50,8,42
S01013378,461,39,26,13,49,10,21,10,8,42,9,3,5,3,22,58,50,8,54,3,26,17,8,36,26,10,57,37,20,58,25,33,68,10,58
S01013379,433,22,13,9,45,8,16,12,9,46,13,3,10,4,16,57,46,11,51,1,24,14,12,36,30,6,58,37,21,59,29,30,59,14,45
S01013380,53,5,4,1,6,1,1,3,1,3,1,0,0,0,2,7,7,0,15,9,6,0,0,2,2,0,5,3,2,4,3,1,6,1,5
S01013381,226,15,7,8,20,6,6,1,7,19,5,4,3,2,5,21,19,2,35,2,17,12,4,22,16,6,16,9,7,36,16,20,42,12,30
S01013382,304,30,21,9,17,6,3,3,5,33,8,2,2,3,18,32,29,3,45,0,24,10,11,21,16,5,33,23,10,52,27,25,41,7,34
S01013383,282,15,8,7,15,2,3,4,6,38,5,7,5,6,15,41,31,10,35,1,13,13,8,26,21,5,23,15,8,43,26,17,46,4,42
S01013384,330,24,19,5,28,8,4,10,6,31,5,6,3,2,15,42,31,11,49,2,21,19,7,24,18,6,40,26,14,43,16,27,49,6,43
S01013385,260,25,18,7,30,5,11,7,7,34,4,3,4,4,19,31,24,7,38,4,11,20,3,31,25,6,24,11,13,26,11,15,21,4,17
S01013386,464,34,18,16,61,16,13,15,17,93,21,15,10,3,44,63,52,11,58,2,27,21,8,39,29,10,47,32,15,41,16,25,28,9,19
S01013387,234,15,12,3,18,5,5,1,7,21,5,3,4,0,9,20,19,1,39,4,11,13,11,26,20,6,31,22,9,33,11,22,31,5,26
S01013388,319,19,12,7,23,5,5,5,8,43,13,8,4,4,14,47,37,10,38,0,12,19,7,27,22,5,38,27,11,44,11,33,40,5,35
S01013389,411,16,12,4,35,12,8,5,10,52,17,4,6,3,22,51,43,8,58,2,24,22,10,41,29,12,51,28,23,49,24,25,58,12,46
S01013390,228,8,4,4,21,7,6,5,3,14,6,1,1,0,6,30,28,2,31,1,11,14,5,19,13,6,28,23,5,40,21,19,37,6,31
S01013391,212,19,13,6,20,6,1,5,8,28,3,5,6,4,10,24,23,1,32,5,10,12,5,17,12,5,22,15,7,22,10,12,28,3,25
S01013392,475,43,32,11,77,19,20,12,26,66,14,6,13,1,32,79,60,19,63,3,31,20,9,28,13,15,50,27,23,45,21,24,24,3,21
S01013393,306,19,15,4,33,10,3,9,11,40,7,6,5,6,16,35,27,8,50,1,22,20,7,23,17,6,36,24,12,30,10,20,40,3,37
S01013394,278,18,13,5,20,5,7,5,3,22,6,1,6,3,6,28,19,9,34,0,9,16,9,41,30,11,28,22,6,44,24,20,43,9,34
S01013395,238,14,10,4,11,3,2,2,4,25,2,6,3,2,12,11,11,0,31,2,9,14,6,21,18,3,28,18,10,32,17,15,65,11,54
S01013396,439,49,38,11,77,23,16,15,23,57,9,6,7,3,32,80,63,17,56,3,21,23,9,36,29,7,29,16,13,26,10,16,29,5,24
S01013397,443,33,17,16,46,14,12,8,12,52,8,5,13,4,22,49,37,12,76,3,39,26,8,50,43,7,34,16,18,49,24,25,54,12,42
S01013398,350,33,24,9,70,24,17,12,17,47,8,1,13,3,22,42,38,4,42,0,23,16,3,32,24,8,30,16,14,28,16,12,26,5,21
S01013399,598,57,47,10,88,25,26,18,19,89,13,6,15,5,50,72,57,15,68,0,32,20,16,44,35,9,72,47,25,60,29,31,48,9,39
S01013400,345,27,15,12,29,9,3,10,7,39,8,7,7,2,15,48,40,8,56,1,23,28,4,28,21,7,27,20,7,50,26,24,41,4,37
S01013401,504,64,43,21,103,36,21,20,26,90,9,3,26,2,50,55,47,8,52,3,26,14,9,28,20,8,42,23,19,37,17,20,33,7,26
S01013402,668,70,63,7,174,57,24,37,56,122,15,6,25,8,68,81,71,10,58,1,23,21,13,37,28,9,46,21,25,35,18,17,45,7,38
S01013403,525,65,43,22,99,33,13,19,34,101,15,5,24,3,54,73,60,13,37,2,19,12,4,33,16,17,47,29,18,29,14,15,41,9,32
S01013404,317,34,26,8,64,23,9,13,19,64,13,4,11,1,35,32,23,9,16,0,8,5,3,18,14,4,46,35,11,14,5,9,29,7,22
S01013405,301,23,13,10,30,11,13,1,5,29,5,4,7,1,12,33,32,1,39,3,17,12,7,31,25,6,35,20,15,36,20,16,45,5,40
S01013406,267,18,10,8,13,2,3,4,4,22,7,2,2,0,11,30,25,5,27,4,10,7,6,31,21,10,26,20,6,39,21,18,61,6,55
S01013407,241,15,12,3,16,5,7,2,2,16,3,2,1,0,10,28,25,3,36,0,15,11,10,12,10,2,24,15,9,40,20,20,54,6,48
S01013408,259,6,3,3,15,4,3,0,8,22,5,3,0,3,11,34,30,4,29,1,8,10,10,17,13,4,38,28,10,32,17,15,66,6,60
S01013409,553,49,27,22,53,7,13,20,13,72,13,10,8,6,35,68,53,15,56,2,23,14,17,31,21,10,83,52,31,61,22,39,80,8,72
S01013410,275,9,6,3,10,3,4,1,2,20,7,0,4,2,7,36,31,5,24,2,10,8,4,23,14,9,49,34,15,35,18,17,69,11,58
S01013411,392,27,18,9,70,21,11,13,25,46,8,7,10,3,18,49,44,5,36,0,13,16,7,32,27,5,44,28,16,32,14,18,56,9,47
S01013412,395,32,23,9,54,15,17,13,9,47,6,4,11,3,23,69,63,6,45,1,21,14,9,20,15,5,60,40,20,30,12,18,38,0,38
S01013413,390,57,48,9,93,19,19,21,34,58,8,8,5,0,37,39,33,6,41,1,16,15,9,21,13,8,37,18,19,26,16,10,18,3,15
S01013414,376,32,20,12,64,23,15,11,15,41,9,8,2,5,17,41,36,5,49,0,20,20,9,24,20,4,31,22,9,30,18,12,64,15,49
S01013415,247,13,9,4,15,5,0,7,3,23,6,5,1,0,11,35,30,5,27,2,7,14,4,21,13,8,48,33,15,28,12,16,37,5,32
S01013416,268,12,8,4,18,8,5,2,3,27,6,5,2,1,13,27,24,3,35,5,11,13,6,25,18,7,40,30,10,38,19,19,46,16,30
S01013417,430,28,13,15,56,13,13,16,14,57,13,4,9,4,27,52,42,10,39,1,11,17,10,35,26,9,48,33,15,51,24,27,64,14,50
S01013418,313,26,18,8,48,12,12,9,15,45,7,3,6,5,24,31,21,10,40,3,19,13,5,25,19,6,38,31,7,28,10,18,32,2,30
S01013419,255,29,19,10,45,14,15,8,8,39,14,1,10,2,12,42,30,12,27,2,10,8,7,15,13,2,28,23,5,16,7,9,14,7,7
S01013420,311,17,15,2,33,13,3,8,9,34,6,4,8,0,16,67,50,17,35,1,16,8,10,21,13,8,45,29,16,31,14,17,28,3,25
S01013421,463,55,41,14,88,32,13,18,25,70,14,7,11,6,32,65,53,12,54,0,21,21,12,37,28,9,33,19,14,31,20,11,30,0,30
S01013422,367,16,11,5,32,6,9,8,9,34,4,4,2,5,19,59,54,5,47,2,21,19,5,37,27,10,55,42,13,37,15,22,50,8,42
S01013423,422,44,21,23,52,15,13,8,16,57,11,3,3,8,32,61,52,9,43,5,22,11,5,39,30,9,39,25,14,37,21,16,50,7,43
S01013424,274,24,18,6,52,12,16,16,8,37,3,2,6,1,25,45,38,7,34,0,16,14,4,14,11,3,30,22,8,24,12,12,14,3,11
S01013425,217,21,14,7,32,8,7,9,8,36,5,4,4,6,17,29,26,3,20,0,8,9,3,21,15,6,21,16,5,20,11,9,17,2,15
S01013426,363,32,18,14,24,6,9,2,7,29,3,1,4,5,16,55,45,10,42,1,19,19,3,36,28,8,37,27,10,48,24,24,60,13,47
S01013427,273,59,41,18,69,17,13,24,15,36,2,3,3,2,26,29,22,7,25,2,11,10,2,16,11,5,14,11,3,14,5,9,11,2,9
S01013428,428,28,14,14,37,14,10,5,8,39,12,2,8,2,15,36,28,8,57,3,23,26,5,41,29,12,66,43,23,44,19,25,80,11,69
S01013429,351,23,19,4,36,10,7,9,10,44,9,7,2,3,23,40,34,6,46,2,25,13,6,40,29,11,40,24,16,41,18,23,41,10,31
S01013430,370,28,17,11,36,11,10,4,11,43,6,6,5,2,24,43,39,4,56,4,24,20,8,41,34,7,37,21,16,46,17,29,40,6,34
S01013431,314,20,11,9,32,6,12,7,7,36,7,2,2,3,22,26,18,8,43,4,17,16,6,33,27,6,28,18,10,43,16,27,53,8,45
S01013432,365,43,30,13,50,12,16,15,7,44,5,10,4,2,23,32,28,4,45,8,15,17,5,32,22,10,32,17,15,42,14,28,45,7,38
S01013433,375,60,41,19,84,22,23,19,20,50,8,5,8,5,24,45,32,13,36,9,14,7,6,30,22,8,20,17,3,16,5,11,34,9,25
S01013434,297,54,32,22,88,17,26,19,26,51,8,4,6,6,27,18,13,5,33,16,6,8,3,15,12,3,14,11,3,13,9,4,11,4,7
S01013435,368,57,46,11,133,31,30,34,38,56,5,2,5,11,33,36,33,3,23,1,11,7,4,18,15,3,23,12,11,6,3,3,16,2,14
S01013436,432,38,25,13,80,10,19,23,28,45,6,4,9,2,24,54,41,13,44,5,16,14,9,38,28,10,38,32,6,39,13,26,56,4,52
S01013437,373,32,23,9,71,22,14,15,20,42,7,5,6,5,19,55,44,11,41,4,15,12,10,29,22,7,38,27,11,27,12,15,38,9,29
S01013438,260,22,16,6,38,10,11,7,10,31,8,3,3,6,11,28,22,6,41,6,12,7,16,23,17,6,30,24,6,15,4,11,32,5,27
S01013439,416,56,34,22,151,42,24,42,43,62,6,7,6,6,37,63,46,17,17,0,8,3,6,19,15,4,22,14,8,10,6,4,16,6,10
S01013440,486,57,42,15,188,48,33,49,58,71,8,5,1,12,45,63,50,13,23,3,10,8,2,21,18,3,27,16,11,16,8,8,20,1,19
S01013441,389,54,37,17,140,33,27,38,42,62,3,6,4,9,40,37,30,7,20,3,5,7,5,12,10,2,29,14,15,16,8,8,19,2,17
S01013442,438,41,29,12,105,27,17,26,35,68,14,6,4,10,34,55,41,14,40,2,17,14,7,32,22,10,39,27,12,29,18,11,29,7,22
S01013443,323,40,25,15,100,30,23,24,23,50,8,3,1,5,33,32,25,7,19,2,7,4,6,24,13,11,16,13,3,20,14,6,22,4,18
S01013444,469,55,33,22,119,26,26,23,44,76,8,10,3,21,34,41,31,10,47,6,11,10,20,26,20,6,41,36,5,22,7,15,42,3,39
S01013445,288,52,36,16,101,21,19,27,34,35,6,2,4,1,22,38,31,7,18,1,7,8,2,11,9,2,17,12,5,6,4,2,10,1,9
S01013446,330,22,15,7,40,15,5,8,12,46,8,5,9,1,23,48,34,14,47,4,24,14,5,29,24,5,27,23,4,29,9,20,42,3,39
S01013447,340,58,47,11,122,32,31,23,36,51,5,3,3,4,36,45,39,6,20,1,8,3,8,8,6,2,22,17,5,2,1,1,12,0,12
S01013448,368,51,34,17,120,31,16,31,42,60,10,4,8,10,28,41,32,9,24,2,12,6,4,22,14,8,21,13,8,10,5,5,19,0,19
S01013449,373,42,26,16,104,29,30,24,21,53,8,8,5,4,28,56,43,13,21,0,13,4,4,33,25,8,31,23,8,9,2,7,24,3,21
S01013450,347,31,17,14,93,29,21,20,23,51,8,7,8,3,25,56,40,16,24,1,18,2,3,27,16,11,32,23,9,20,6,14,13,0,13
S01013451,499,59,46,13,149,46,36,32,35,104,18,13,9,15,49,50,36,14,30,3,11,9,7,34,25,9,37,30,7,16,4,12,20,2,18
S01013452,417,55,37,18,115,23,23,34,35,79,12,8,9,2,48,41,33,8,33,5,11,15,2,27,21,6,26,20,6,18,11,7,23,2,21
S01013453,318,20,14,6,28,7,10,3,8,23,3,3,3,1,13,27,24,3,47,3,17,20,7,36,22,14,33,27,6,49,20,29,55,6,49
S01013454,410,65,36,29,85,23,16,16,30,66,8,5,6,10,37,48,37,11,47,5,26,10,6,21,13,8,23,19,4,30,8,22,25,7,18
S01013455,286,37,19,18,47,8,15,7,17,40,2,3,4,5,26,35,30,5,45,8,16,14,7,22,17,5,17,10,7,15,4,11,28,3,25
S01013456,365,34,22,12,54,18,9,11,16,32,4,6,3,3,16,52,42,10,47,4,22,15,6,29,22,7,40,32,8,37,12,25,40,5,35
S01013457,404,13,10,3,16,2,4,4,6,35,9,6,1,2,17,40,35,5,57,12,17,15,13,58,40,18,48,31,17,54,24,30,83,11,72
S01013458,380,27,19,8,35,9,8,10,8,53,11,6,3,8,25,54,49,5,45,7,19,10,9,31,25,6,34,26,8,40,15,25,61,11,50
S01013459,393,31,22,9,50,13,15,10,12,31,11,3,0,5,12,62,50,12,51,6,18,15,12,29,19,10,38,30,8,41,17,24,60,7,53
S01013460,375,13,11,2,36,3,14,10,9,27,5,4,5,5,8,52,42,10,50,2,22,20,6,42,37,5,46,29,17,39,14,25,70,11,59
S01013461,571,45,28,17,82,28,19,11,24,64,10,4,10,3,37,70,60,10,63,3,18,24,18,40,32,8,56,38,18,57,26,31,94,19,75
S01013462,515,43,33,10,74,13,28,15,18,75,15,5,8,3,44,68,49,19,67,6,26,21,14,44,32,12,50,34,16,47,18,29,47,9,38
S01013463,273,15,8,7,34,9,8,5,12,26,4,1,5,2,14,39,34,5,30,3,11,5,11,28,23,5,37,30,7,26,16,10,38,10,28
S01013464,362,31,19,12,58,13,20,15,10,47,4,9,8,7,19,47,36,11,40,10,10,10,10,33,26,7,26,21,5,32,10,22,48,7,41
S01013465,316,24,16,8,32,8,9,7,8,38,5,5,7,2,19,51,44,7,44,4,19,9,12,36,25,11,30,20,10,26,13,13,35,9,26
S01013466,174,17,7,10,25,7,5,5,8,21,2,1,2,2,14,18,11,7,31,21,7,1,2,12,9,3,9,9,0,14,6,8,27,18,9
S01013467,505,50,35,15,104,32,23,19,30,83,6,6,13,10,48,72,65,7,48,4,23,14,7,27,20,7,39,25,14,49,18,31,33,5,28
S01013468,308,33,26,7,40,6,13,9,12,43,5,9,3,5,21,42,32,10,36,6,10,19,1,31,22,9,34,21,13,24,12,12,25,6,19
S01013469,387,31,19,12,66,16,16,18,16,46,11,5,2,4,24,55,48,7,40,1,19,16,4,44,30,14,35,27,8,38,15,23,32,2,30
S01013470,342,20,11,9,14,2,3,2,7,15,3,0,1,2,9,31,25,6,51,5,12,18,16,41,33,8,35,21,14,51,23,28,84,12,72
S01013471,455,24,16,8,26,3,12,6,5,28,7,3,1,4,13,59,47,12,65,4,23,23,15,61,53,8,53,38,15,61,30,31,78,16,62
S01013472,356,55,42,13,62,22,13,9,18,66,4,5,12,3,42,41,31,10,38,2,15,11,10,23,14,9,26,16,10,17,8,9,28,5,23
S01013473,381,53,33,20,78,22,10,12,34,83,10,5,16,5,47,55,45,10,29,3,15,7,4,18,12,6,23,20,3,22,6,16,20,3,17
S01013474,349,25,21,4,62,21,16,9,16,66,7,3,14,4,38,57,49,8,34,3,13,11,7,30,21,9,28,23,5,17,7,10,30,5,25
S01013475,323,26,17,9,37,10,12,9,6,54,10,6,12,6,20,40,29,11,35,2,13,11,9,25,22,3,38,31,7,30,12,18,38,4,34
S01013476,318,27,17,10,34,10,11,5,8,30,5,3,7,2,13,50,36,14,36,1,16,12,7,34,22,12,38,29,9,32,21,11,37,10,27
S01013477,286,18,9,9,30,7,10,5,8,30,6,7,5,3,9,32,24,8,51,1,7,18,25,16,11,5,27,22,5,31,15,16,51,16,35
S01013478,459,29,22,7,71,22,20,12,17,68,11,7,9,5,36,63,56,7,50,0,22,18,10,38,28,10,55,42,13,47,20,27,38,6,32
S01013479,364,18,9,9,20,5,4,2,9,39,6,5,5,5,18,46,37,9,60,2,22,10,26,28,16,12,48,35,13,41,25,16,64,21,43
S01013480,294,16,8,8,18,7,3,2,6,10,2,2,0,0,6,27,24,3,41,1,20,11,9,27,18,9,31,18,13,71,45,26,53,16,37
S01013481,222,20,10,10,26,6,3,14,3,36,4,2,4,9,17,26,22,4,40,6,11,9,14,16,12,4,13,9,4,23,14,9,22,7,15
